# certified upper bounds; eps=0.05 panels=40000
# n Vbar_n Vbar_n/n^2
1 1.000569640 1.000569640
2 3.001466507 0.750366627
3 5.968445131 0.663160570
4 9.884810792 0.617800674
5 14.743514003 0.589740560
6 20.540696719 0.570574909
7 27.273791567 0.556607991
8 34.940949467 0.545952335
9 43.541004396 0.537543264
10 53.073222535 0.530732225
11 63.537184910 0.525100702
12 74.932684526 0.520365865
13 87.259640947 0.516329236
14 100.518037232 0.512847129
15 114.707879091 0.509812796
16 129.829172134 0.507145204
17 145.881912036 0.504781703
18 162.866083085 0.502673096
19 180.781661703 0.500780226
20 199.628622378 0.499071556
21 219.406944097 0.497521415
22 240.116615843 0.496108710
23 261.757640295 0.494815955
24 284.330035359 0.493628534
25 307.833833683 0.492534134
26 332.269080591 0.491522309
27 357.635831046 0.490584130
28 383.934146256 0.489711921
29 411.164090451 0.488899037
30 439.325728220 0.488139698
31 468.419122563 0.487428848
32 498.444333566 0.486762044
33 529.401418139 0.486135370
34 561.290430238 0.485545355
35 594.111421509 0.484988916
36 627.864442167 0.484463304
37 662.549541886 0.483966064
38 698.166770584 0.483494993
39 734.716178981 0.483048112
40 772.197818896 0.482623637
41 810.611743296 0.482219954
42 849.958006108 0.481835604
43 890.236661890 0.481469260
44 931.447765426 0.481119714
45 973.591371281 0.480785862
46 1016.667533448 0.480466698
47 1060.676305038 0.480161297
48 1105.617738128 0.479868810
49 1151.491883662 0.479588456
50 1198.298791526 0.479319517
51 1246.038510611 0.479061327
52 1294.711089160 0.478813273
53 1344.316574640 0.478574786
54 1394.855014052 0.478345341
55 1446.326454057 0.478124448
56 1498.730941064 0.477911652
57 1552.068521263 0.477706532
58 1606.339240622 0.477508692
59 1661.543144835 0.477317766
60 1717.680279277 0.477133411
61 1774.750688904 0.476955305
62 1832.754418209 0.476783147
63 1891.691511142 0.476616657
64 1951.562011076 0.476455569
65 2012.365960809 0.476299636
66 2074.103402560 0.476148623
67 2136.774377970 0.476002312
68 2200.378928185 0.475860495
69 2264.917093857 0.475722977
70 2330.388915290 0.475589575
71 2396.794432216 0.475460114
72 2464.133684229 0.475334430
73 2532.406710601 0.475212368
74 2601.613550148 0.475093782
75 2671.754241369 0.474978532
76 2742.828822440 0.474866486
77 2814.837331198 0.474757519
78 2887.779805098 0.474651513
79 2961.656281223 0.474548355
80 3036.466796298 0.474447937
81 3112.211386614 0.474350158
82 3188.890088097 0.474254921
83 3266.502936301 0.474162133
84 3345.049966431 0.474071707
85 3424.531213313 0.473983559
86 3504.946711437 0.473897608
87 3586.296494982 0.473813779
88 3668.580597878 0.473731999
89 3751.799053718 0.473652197
90 3835.951895837 0.473574308
91 3921.039157148 0.473498268
92 4007.060870429 0.473424016
93 4094.017068367 0.473351494
94 4181.907783159 0.473280645
95 4270.733046710 0.473211418
96 4360.492890656 0.473143760
97 4451.187346374 0.473077622
98 4542.816444950 0.473012958
99 4635.380217208 0.472949721
100 4728.878693627 0.472887869
101 4823.311904570 0.472827361
102 4918.679879992 0.472768155
103 5014.982649662 0.472710213
104 5112.220243127 0.472653499
105 5210.392689641 0.472597976
106 5309.500018256 0.472543611
107 5409.542257948 0.472490371
108 5510.519437049 0.472438223
109 5612.431584317 0.472387138
110 5715.278727691 0.472337085
111 5819.060895062 0.472288036
112 5923.778114175 0.472239964
113 6029.430412737 0.472192843
114 6136.017818147 0.472146647
115 6243.540357488 0.472101350
116 6351.998057635 0.472056931
117 6461.390945255 0.472013364
118 6571.719046812 0.471970630
119 6682.982388671 0.471928705
120 6795.180996899 0.471887569
121 6908.314897385 0.471847203
122 7022.384115868 0.471807586
123 7137.388677968 0.471768701
124 7253.328608900 0.471730529
125 7370.203933859 0.471693052
126 7488.014678091 0.471656253
127 7606.760866055 0.471620117
128 7726.442522714 0.471584627
129 7847.059672610 0.471549767
130 7968.612339833 0.471515523
131 8091.100548541 0.471481880
132 8214.524322618 0.471448825
133 8338.883686204 0.471416343
134 8464.178663043 0.471384421
135 8590.409276586 0.471353047
136 8717.575550226 0.471322208
137 8845.677507098 0.471291891
138 8974.715170293 0.471262086
139 9104.688562693 0.471232781
140 9235.597707083 0.471203965
141 9367.442625937 0.471175626
142 9500.223341840 0.471147755
143 9633.939877224 0.471120342
144 9768.592253943 0.471093376
145 9904.180494533 0.471066849
146 10040.704620473 0.471040750
147 10178.164653550 0.471015070
148 10316.560615855 0.470989802
149 10455.892528686 0.470964935
150 10596.160413122 0.470940463
151 10737.364290435 0.470916376
152 10879.504181788 0.470892667
153 11022.580108316 0.470869328
154 11166.592091108 0.470846352
155 11311.540150864 0.470823732
156 11457.424308205 0.470801459
157 11604.244583554 0.470779528
158 11752.000997161 0.470757931
159 11900.693569443 0.470736663
160 12050.322320740 0.470715716
