# certified upper bounds; eps=0 panels=40000
# n Vbar_n Vbar_n/n^2
1 1.000569640 1.000569640
2 3.001466507 0.750366627
3 5.968445126 0.663160570
4 9.884810713 0.617800670
5 14.743512974 0.589740519
6 20.540687890 0.570574664
7 27.273740864 0.556606956
8 34.940741413 0.545949085
9 43.540350674 0.537535194
10 53.071553896 0.530715539
11 63.533559154 0.525070737
12 74.925733580 0.520317594
13 87.247561447 0.516257760
14 100.498615565 0.512748039
15 114.678537139 0.509682387
16 129.787021191 0.506980552
17 145.823805790 0.504580643
18 162.788663912 0.502434148
19 180.681397199 0.500502485
20 199.501831089 0.498754578
21 219.249810971 0.497165104
22 239.925199106 0.495713221
23 261.527872144 0.494381611
24 284.057719084 0.493155762
25 307.514639605 0.492023423
26 331.898542671 0.490974176
27 357.209345370 0.489999102
28 383.446971924 0.489090525
29 410.611352861 0.488241799
30 438.702424302 0.487447138
31 467.720127348 0.486701485
32 497.664407553 0.486000398
33 528.535214469 0.485339958
34 560.332501245 0.484716697
35 593.056224280 0.484127530
36 626.706342916 0.483569709
37 661.282819169 0.483040774
38 696.785617492 0.482538516
39 733.214704559 0.482060950
40 770.570049082 0.481606281
41 808.851621636 0.481172886
42 848.059394514 0.480759294
43 888.193341590 0.480364165
44 929.253438196 0.479986280
45 971.239661009 0.479624524
46 1014.151987960 0.479277877
47 1057.990398135 0.478945404
48 1102.754871696 0.478626246
49 1148.445389810 0.478319613
50 1195.061934573 0.478024774
51 1242.604488957 0.477741057
52 1291.073036744 0.477467839
53 1340.467562480 0.477204543
54 1390.788051425 0.476950635
55 1442.034489508 0.476705616
56 1494.206863287 0.476469025
57 1547.305159910 0.476240431
58 1601.329367084 0.476019431
59 1656.279473037 0.475805652
60 1712.155466495 0.475598741
61 1768.957336648 0.475398371
62 1826.685073127 0.475204233
63 1885.338665982 0.475016041
64 1944.918105655 0.474833522
65 2005.423382965 0.474656422
66 2066.854489083 0.474484502
67 2129.211415518 0.474317535
68 2192.494154098 0.474155310
69 2256.702696954 0.473997626
70 2321.837036507 0.473844293
71 2387.897165451 0.473695133
72 2454.883076743 0.473549976
73 2522.794763590 0.473408663
74 2591.632219435 0.473271041
75 2661.395437948 0.473136967
76 2732.084413017 0.473006304
77 2803.699138737 0.472878924
78 2876.239609398 0.472754702
79 2949.705819482 0.472633523
80 3024.097763651 0.472515276
81 3099.415436740 0.472399853
82 3175.658833751 0.472287156
83 3252.827949844 0.472177087
84 3330.922780331 0.472069555
85 3409.943320673 0.471964473
86 3489.889566468 0.471861759
87 3570.761513452 0.471761331
88 3652.559157488 0.471663114
89 3735.282494566 0.471567036
90 3818.931520792 0.471473027
91 3903.506232391 0.471381021
92 3989.006625698 0.471290953
93 4075.432697152 0.471202763
94 4162.784443298 0.471116392
95 4251.061860778 0.471031785
96 4340.264946330 0.470948887
97 4430.393696784 0.470867648
98 4521.448109058 0.470788016
99 4613.428180157 0.470709946
100 4706.333907168 0.470633391
101 4800.165287257 0.470558307
102 4894.922317667 0.470484652
103 4990.604995715 0.470412385
104 5087.213318793 0.470341468
105 5184.747284359 0.470271863
106 5283.206889938 0.470203532
107 5382.592133124 0.470136443
108 5482.903011569 0.470070560
109 5584.139522988 0.470005852
110 5686.301665157 0.469942286
111 5789.389435905 0.469879834
112 5893.402833119 0.469818466
113 5998.341854738 0.469758153
114 6104.206498755 0.469698869
115 6210.996763211 0.469640587
116 6318.712646197 0.469583282
117 6427.354145851 0.469526930
118 6536.921260357 0.469471507
119 6647.413987942 0.469416989
120 6758.832326880 0.469363356
121 6871.176275483 0.469310585
122 6984.445832105 0.469258656
123 7098.640995141 0.469207548
124 7213.761763022 0.469157243
125 7329.808134218 0.469107721
126 7446.780107235 0.469058964
127 7564.677680614 0.469010954
128 7683.500852930 0.468963675
129 7803.249622792 0.468917110
130 7923.923988842 0.468871242
131 8045.523949751 0.468826056
132 8168.049504223 0.468781537
133 8291.500650991 0.468737670
134 8415.877388818 0.468694441
135 8541.179716494 0.468651836
136 8667.407632837 0.468609842
137 8794.561136693 0.468568445
138 8922.640226932 0.468527632
139 9051.644902451 0.468487392
140 9181.575162171 0.468447712
141 9312.431005038 0.468408581
142 9444.212430021 0.468369988
143 9576.919436112 0.468331920
144 9710.552022325 0.468294368
145 9845.110187697 0.468257322
146 9980.593931286 0.468220770
147 10117.003252170 0.468184703
148 10254.338149447 0.468149112
149 10392.598622237 0.468113987
150 10531.784669676 0.468079319
151 10671.896290922 0.468045099
152 10812.933485149 0.468011318
153 10954.896251551 0.467977968
154 11097.784589338 0.467945041
155 11241.598497737 0.467912529
156 11386.337975993 0.467880423
157 11532.003023367 0.467848717
158 11678.593639135 0.467817403
159 11826.109822589 0.467786473
160 11974.551573038 0.467755921
