# n V_n V_n/n^2 (n+1)/(2n)
1 1.000000000 1.000000000 1.000000000
2 3.000000000 0.750000000 0.750000000
3 5.965537963 0.662837551 0.666666667
4 9.880088727 0.617505545 0.625000000
5 14.736652511 0.589466100 0.600000000
6 20.531127998 0.570309111 0.583333333
7 27.260857216 0.556344025 0.571428571
8 34.923992586 0.545687384 0.562500000
9 43.519183993 0.537273876 0.555555556
10 53.045406912 0.530454069 0.550000000
11 63.501860580 0.524808765 0.545454545
12 74.887904067 0.520054889 0.541666667
13 87.203014234 0.515994167 0.538461538
14 100.446757032 0.512483454 0.535714286
15 114.618767279 0.509416743 0.533333333
16 129.718734027 0.506713805 0.531250000
17 145.746389736 0.504312767 0.529411765
18 162.701502096 0.502165130 0.527777778
19 180.583867746 0.500232321 0.526315789
20 199.393307382 0.498483268 0.525000000
21 219.129661881 0.496892657 0.523809524
22 239.792789202 0.495439647 0.522727273
23 261.382561882 0.494106922 0.521739130
24 283.898864987 0.492879974 0.520833333
25 307.341594421 0.491746551 0.520000000
26 331.710655522 0.490696236 0.519230769
27 357.005961885 0.489720112 0.518518519
28 383.227434373 0.488810503 0.517857143
29 410.375000267 0.487960761 0.517241379
30 438.448592554 0.487165103 0.516666667
31 467.448149303 0.486418470 0.516129032
32 497.373613132 0.485716419 0.515625000
33 528.224930748 0.485055033 0.515151515
34 560.002052539 0.484430841 0.514705882
35 592.704932223 0.483840761 0.514285714
36 626.333526539 0.483282042 0.513888889
37 660.887794968 0.482752224 0.513513514
38 696.367699497 0.482249099 0.513157895
39 732.773204398 0.481770680 0.512820513
40 770.104276042 0.481315173 0.512500000
41 808.360882721 0.480880953 0.512195122
42 847.542994499 0.480466550 0.511904762
43 887.650583074 0.480070624 0.511627907
44 928.683621651 0.479691953 0.511363636
45 970.642084832 0.479329425 0.511111111
46 1013.525948512 0.478982017 0.510869565
47 1057.335189789 0.478648796 0.510638298
48 1102.069786880 0.478328901 0.510416667
49 1147.729719041 0.478021541 0.510204082
50 1194.314966504 0.477725987 0.510000000
51 1241.825510406 0.477441565 0.509803922
52 1290.261332736 0.477167653 0.509615385
53 1339.622416277 0.476903673 0.509433962
54 1389.908744560 0.476649089 0.509259259
55 1441.120301817 0.476403406 0.509090909
56 1493.257072940 0.476166158 0.508928571
57 1546.319043440 0.475936917 0.508771930
58 1600.306199414 0.475715279 0.508620690
59 1655.218527512 0.475500870 0.508474576
60 1711.056014902 0.475293337 0.508333333
61 1767.818649247 0.475092354 0.508196721
62 1825.506418674 0.474897612 0.508064516
63 1884.119311752 0.474708821 0.507936508
64 1943.657317468 0.474525712 0.507812500
65 2004.120425206 0.474348030 0.507692308
66 2065.508624725 0.474175534 0.507575758
67 2127.821906143 0.474007999 0.507462687
68 2191.060259917 0.473845212 0.507352941
69 2255.223676828 0.473686973 0.507246377
70 2320.312147967 0.473533091 0.507142857
71 2386.325664715 0.473383389 0.507042254
72 2453.264218736 0.473237697 0.506944444
73 2521.127801959 0.473095853 0.506849315
74 2589.916406571 0.472957708 0.506756757
75 2659.630024999 0.472823116 0.506666667
76 2730.268649906 0.472691941 0.506578947
77 2801.832274177 0.472564054 0.506493506
78 2874.320890910 0.472439331 0.506410256
79 2947.734493408 0.472317656 0.506329114
80 3022.073075169 0.472198918 0.506250000
81 3097.336629879 0.472083010 0.506172840
82 3173.525151404 0.471969832 0.506097561
83 3250.638633784 0.471859288 0.506024096
84 3328.677071223 0.471751286 0.505952381
85 3407.640458087 0.471645738 0.505882353
86 3487.528788891 0.471542562 0.505813953
87 3568.342058302 0.471441678 0.505747126
88 3650.080261127 0.471343009 0.505681818
89 3732.743392308 0.471246483 0.505617978
90 3816.331446920 0.471152030 0.505555556
91 3900.844420165 0.471059585 0.505494505
92 3986.282307365 0.470969082 0.505434783
93 4072.645103962 0.470880461 0.505376344
94 4159.932805509 0.470793663 0.505319149
95 4248.145407669 0.470708632 0.505263158
96 4337.282906213 0.470625315 0.505208333
97 4427.345297012 0.470543660 0.505154639
98 4518.332576034 0.470463617 0.505102041
99 4610.244739345 0.470385138 0.505050505
100 4703.081783102 0.470308178 0.505000000
101 4796.843703550 0.470232693 0.504950495
102 4891.530497021 0.470158641 0.504901961
103 4987.142159931 0.470085980 0.504854369
104 5083.678688775 0.470014672 0.504807692
105 5181.140080127 0.469944678 0.504761905
106 5279.526330637 0.469875964 0.504716981
107 5378.837437026 0.469808493 0.504672897
108 5479.073396088 0.469742232 0.504629630
109 5580.234204686 0.469677149 0.504587156
110 5682.319859748 0.469613212 0.504545455
111 5785.330358268 0.469550390 0.504504505
112 5889.265697303 0.469488656 0.504464286
113 5994.125873969 0.469427980 0.504424779
114 6099.910885444 0.469368335 0.504385965
115 6206.620728961 0.469309696 0.504347826
116 6314.255401809 0.469252036 0.504310345
117 6422.814901332 0.469195332 0.504273504
118 6532.299224927 0.469139559 0.504237288
119 6642.708370041 0.469084695 0.504201681
120 6754.042334171 0.469030718 0.504166667
121 6866.301114863 0.468977605 0.504132231
122 6979.484709710 0.468925337 0.504098361
123 7093.593116350 0.468873892 0.504065041
124 7208.626332466 0.468823253 0.504032258
125 7324.584355784 0.468773399 0.504000000
126 7441.467184072 0.468724312 0.503968254
127 7559.274815141 0.468675976 0.503937008
128 7678.007246840 0.468628372 0.503906250
129 7797.664477057 0.468581484 0.503875969
130 7918.246503718 0.468535296 0.503846154
131 8039.753324789 0.468489792 0.503816794
132 8162.184938267 0.468444957 0.503787879
133 8285.541342188 0.468400777 0.503759398
134 8409.822534621 0.468357236 0.503731343
135 8535.028513668 0.468314322 0.503703704
136 8661.159277465 0.468272020 0.503676471
137 8788.214824178 0.468230317 0.503649635
138 8916.195152006 0.468189201 0.503623188
139 9045.100259177 0.468148660 0.503597122
140 9174.930143949 0.468108681 0.503571429
141 9305.684804609 0.468069252 0.503546099
142 9437.364239471 0.468030363 0.503521127
143 9569.968446879 0.467992002 0.503496503
144 9703.497425202 0.467954158 0.503472222
145 9837.951172837 0.467916822 0.503448276
146 9973.329688203 0.467879982 0.503424658
147 10109.632969749 0.467843629 0.503401361
148 10246.861015945 0.467807753 0.503378378
149 10385.013825287 0.467772345 0.503355705
150 10524.091396293 0.467737395 0.503333333
151 10664.093727506 0.467702896 0.503311258
152 10805.020817488 0.467668837 0.503289474
153 10946.872664827 0.467635211 0.503267974
154 11089.649268129 0.467602010 0.503246753
155 11233.350626023 0.467569225 0.503225806
156 11377.976737159 0.467536848 0.503205128
157 11523.527600206 0.467504872 0.503184713
158 11670.003213852 0.467473290 0.503164557
159 11817.403576806 0.467442094 0.503144654
160 11965.728687795 0.467411277 0.503125000
161 12114.978545565 0.467380832 0.503105590
162 12265.153148879 0.467350753 0.503086420
163 12416.252496519 0.467321032 0.503067485
164 12568.276587284 0.467291664 0.503048780
165 12721.225419990 0.467262642 0.503030303
166 12875.098993470 0.467233960 0.503012048
167 13029.897306572 0.467205612 0.502994012
168 13185.620358162 0.467177592 0.502976190
169 13342.268147120 0.467149895 0.502958580
170 13499.840672343 0.467122515 0.502941176
171 13658.337932742 0.467095446 0.502923977
172 13817.759927242 0.467068683 0.502906977
173 13978.106654786 0.467042222 0.502890173
174 14139.378114327 0.467016056 0.502873563
175 14301.574304834 0.466990181 0.502857143
176 14464.695225291 0.466964593 0.502840909
177 14628.740874693 0.466939285 0.502824859
178 14793.711252049 0.466914255 0.502808989
179 14959.606356383 0.466889496 0.502793296
180 15126.426186727 0.466865006 0.502777778
181 15294.170742132 0.466840778 0.502762431
182 15462.840021655 0.466816810 0.502747253
183 15632.434024368 0.466793097 0.502732240
184 15802.952749356 0.466769635 0.502717391
185 15974.396195714 0.466746419 0.502702703
186 16146.764362547 0.466723447 0.502688172
187 16320.057248975 0.466700713 0.502673797
188 16494.274854125 0.466678216 0.502659574
189 16669.417177137 0.466655950 0.502645503
190 16845.484217162 0.466633912 0.502631579
191 17022.475973359 0.466612099 0.502617801
192 17200.392444901 0.466590507 0.502604167
193 17379.233630968 0.466569133 0.502590674
194 17558.999530750 0.466547974 0.502577320
195 17739.690143448 0.466527025 0.502564103
196 17921.305468273 0.466506286 0.502551020
197 18103.845504444 0.466485751 0.502538071
198 18287.310251190 0.466465418 0.502525253
199 18471.699707748 0.466445284 0.502512563
200 18657.013873366 0.466425347 0.502500000
201 18843.252747298 0.466405603 0.502487562
202 19030.416328810 0.466386049 0.502475248
203 19218.504617174 0.466366682 0.502463054
204 19407.517611671 0.466347501 0.502450980
205 19597.455311590 0.466328502 0.502439024
206 19788.317716230 0.466309683 0.502427184
207 19980.104824894 0.466291041 0.502415459
208 20172.816636897 0.466272574 0.502403846
209 20366.453151560 0.466254279 0.502392344
210 20561.014368210 0.466236153 0.502380952
211 20756.500286184 0.466218196 0.502369668
212 20952.910904826 0.466200403 0.502358491
213 21150.246223485 0.466182773 0.502347418
214 21348.506241520 0.466165304 0.502336449
215 21547.690958296 0.466147993 0.502325581
216 21747.800373183 0.466130838 0.502314815
217 21948.834485561 0.466113837 0.502304147
218 22150.793294814 0.466096989 0.502293578
219 22353.676800335 0.466080290 0.502283105
220 22557.485001521 0.466063740 0.502272727
221 22762.217897777 0.466047335 0.502262443
222 22967.875488514 0.466031075 0.502252252
223 23174.457773150 0.466014957 0.502242152
224 23381.964751107 0.465998979 0.502232143
225 23590.396421814 0.465983139 0.502222222
226 23799.752784708 0.465967436 0.502212389
227 24010.033839228 0.465951869 0.502202643
228 24221.239584822 0.465936434 0.502192982
229 24433.370020943 0.465921131 0.502183406
230 24646.425147048 0.465905957 0.502173913
231 24860.404962601 0.465890912 0.502164502
232 25075.309467071 0.465875993 0.502155172
233 25291.138659932 0.465861200 0.502145923
234 25507.892540665 0.465846529 0.502136752
235 25725.571108754 0.465831980 0.502127660
236 25944.174363688 0.465817552 0.502118644
237 26163.702304964 0.465803242 0.502109705
238 26384.154932082 0.465789050 0.502100840
239 26605.532244546 0.465774973 0.502092050
240 26827.834241865 0.465761011 0.502083333
241 27051.060923556 0.465747162 0.502074689
242 27275.212289137 0.465733425 0.502066116
243 27500.288338133 0.465719798 0.502057613
244 27726.289070071 0.465706280 0.502049180
245 27953.214484486 0.465692869 0.502040816
246 28181.064580914 0.465679565 0.502032520
247 28409.839358898 0.465666367 0.502024291
248 28639.538817984 0.465653272 0.502016129
249 28870.162957723 0.465640279 0.502008032
250 29101.711777670 0.465627388 0.502000000
251 29334.185277384 0.465614598 0.501992032
252 29567.583456428 0.465601906 0.501984127
253 29801.906314369 0.465589313 0.501976285
254 30037.153850779 0.465576816 0.501968504
255 30273.326065233 0.465564415 0.501960784
256 30510.422957311 0.465552108 0.501953125
257 30748.444526594 0.465539895 0.501945525
258 30987.390772670 0.465527774 0.501937984
259 31227.261695131 0.465515745 0.501930502
260 31468.057293569 0.465503806 0.501923077
261 31709.777567583 0.465491956 0.501915709
262 31952.422516774 0.465480195 0.501908397
263 32195.992140749 0.465468521 0.501901141
264 32440.486439115 0.465456934 0.501893939
265 32685.905411484 0.465445431 0.501886792
266 32932.249057473 0.465434013 0.501879699
267 33179.517376701 0.465422679 0.501872659
268 33427.710368789 0.465411428 0.501865672
269 33676.828033363 0.465400258 0.501858736
270 33926.870370054 0.465389168 0.501851852
271 34177.837378492 0.465378159 0.501845018
272 34429.729058313 0.465367229 0.501838235
273 34682.545409156 0.465356377 0.501831502
274 34936.286430662 0.465345602 0.501824818
275 35190.952122476 0.465334904 0.501818182
276 35446.542484247 0.465324282 0.501811594
277 35703.057515625 0.465313734 0.501805054
278 35960.497216263 0.465303261 0.501798561
279 36218.861585820 0.465292861 0.501792115
280 36478.150623953 0.465282533 0.501785714
281 36738.364330326 0.465272278 0.501779359
282 36999.502704605 0.465262093 0.501773050
283 37261.565746457 0.465251979 0.501766784
284 37524.553455553 0.465241934 0.501760563
285 37788.465831568 0.465231959 0.501754386
286 38053.302874177 0.465222051 0.501748252
287 38319.064583060 0.465212211 0.501742160
288 38585.750957898 0.465202437 0.501736111
289 38853.361998376 0.465192730 0.501730104
290 39121.897704181 0.465183088 0.501724138
291 39391.358075003 0.465173511 0.501718213
292 39661.743110534 0.465163998 0.501712329
293 39933.052810467 0.465154548 0.501706485
294 40205.287174501 0.465145161 0.501700680
295 40478.446202335 0.465135837 0.501694915
296 40752.529893671 0.465126574 0.501689189
297 41027.538248213 0.465117372 0.501683502
298 41303.471265668 0.465108230 0.501677852
299 41580.328945745 0.465099148 0.501672241
300 41858.111288156 0.465090125 0.501666667
301 42136.818292614 0.465081161 0.501661130
302 42416.449958835 0.465072255 0.501655629
303 42697.006286538 0.465063406 0.501650165
304 42978.487275443 0.465054615 0.501644737
305 43260.892925272 0.465045879 0.501639344
306 43544.223235751 0.465037200 0.501633987
307 43828.478206606 0.465028575 0.501628664
308 44113.657837567 0.465020006 0.501623377
309 44399.762128365 0.465011491 0.501618123
310 44686.791078733 0.465003029 0.501612903
311 44974.744688406 0.464994620 0.501607717
312 45263.622957122 0.464986265 0.501602564
313 45553.425884620 0.464977961 0.501597444
314 45844.153470641 0.464969709 0.501592357
315 46135.805714929 0.464961509 0.501587302
316 46428.382617229 0.464953359 0.501582278
317 46721.884177289 0.464945259 0.501577287
318 47016.310394856 0.464937210 0.501572327
319 47311.661269683 0.464929209 0.501567398
320 47607.936801521 0.464921258 0.501562500
321 47905.136990126 0.464913355 0.501557632
322 48203.261835254 0.464905500 0.501552795
323 48502.311336663 0.464897692 0.501547988
324 48802.285494112 0.464889932 0.501543210
325 49103.184307365 0.464882218 0.501538462
326 49405.007776183 0.464874551 0.501533742
327 49707.755900332 0.464866929 0.501529052
328 50011.428679579 0.464859353 0.501524390
329 50316.026113692 0.464851822 0.501519757
330 50621.548202441 0.464844336 0.501515152
331 50927.994945598 0.464836894 0.501510574
332 51235.366342936 0.464829496 0.501506024
333 51543.662394230 0.464822141 0.501501502
334 51852.883099256 0.464814829 0.501497006
335 52163.028457792 0.464807560 0.501492537
336 52474.098469617 0.464800334 0.501488095
337 52786.093134513 0.464793149 0.501483680
338 53099.012452261 0.464786006 0.501479290
339 53412.856422645 0.464778904 0.501474926
340 53727.625045451 0.464771843 0.501470588
341 54043.318320465 0.464764822 0.501466276
342 54359.936247475 0.464757842 0.501461988
343 54677.478826271 0.464750902 0.501457726
344 54995.946056644 0.464744001 0.501453488
345 55315.337938384 0.464737139 0.501449275
346 55635.654471287 0.464730316 0.501445087
347 55956.895655147 0.464723531 0.501440922
348 56279.061489759 0.464716785 0.501436782
349 56602.151974921 0.464710076 0.501432665
350 56926.167110433 0.464703405 0.501428571
351 57251.106896093 0.464696771 0.501424501
352 57576.971331702 0.464690174 0.501420455
353 57903.760417064 0.464683614 0.501416431
354 58231.474151982 0.464677090 0.501412429
355 58560.112536260 0.464670601 0.501408451
356 58889.675569704 0.464664149 0.501404494
357 59220.163252122 0.464657732 0.501400560
358 59551.575583322 0.464651350 0.501396648
359 59883.912563113 0.464645002 0.501392758
360 60217.174191306 0.464638690 0.501388889
361 60551.360467712 0.464632411 0.501385042
362 60886.471392146 0.464626167 0.501381215
363 61222.506964419 0.464619956 0.501377410
364 61559.467184348 0.464613778 0.501373626
365 61897.352051749 0.464607634 0.501369863
366 62236.161566440 0.464601523 0.501366120
367 62575.895728238 0.464595444 0.501362398
368 62916.554536963 0.464589397 0.501358696
369 63258.137992435 0.464583383 0.501355014
370 63600.646094477 0.464577400 0.501351351
371 63944.078842911 0.464571449 0.501347709
372 64288.436237561 0.464565530 0.501344086
373 64633.718278252 0.464559641 0.501340483
374 64979.924964809 0.464553783 0.501336898
375 65327.056297060 0.464547956 0.501333333
376 65675.112274833 0.464542159 0.501329787
377 66024.092897957 0.464536392 0.501326260
378 66373.998166262 0.464530655 0.501322751
379 66724.828079579 0.464524948 0.501319261
380 67076.582637741 0.464519270 0.501315789
381 67429.261840581 0.464513622 0.501312336
382 67782.865687934 0.464508002 0.501308901
383 68137.394179635 0.464502411 0.501305483
384 68492.847315521 0.464496849 0.501302083
385 68849.225095428 0.464491315 0.501298701
386 69206.527519198 0.464485808 0.501295337
387 69564.754586668 0.464480330 0.501291990
388 69923.906297680 0.464474880 0.501288660
389 70283.982652076 0.464469457 0.501285347
390 70644.983649699 0.464464061 0.501282051
391 71006.909290393 0.464458692 0.501278772
392 71369.759574004 0.464453350 0.501275510
393 71733.534500377 0.464448035 0.501272265
394 72098.234069361 0.464442746 0.501269036
395 72463.858280804 0.464437483 0.501265823
396 72830.407134556 0.464432246 0.501262626
397 73197.880630468 0.464427035 0.501259446
398 73566.278768392 0.464421850 0.501256281
399 73935.601548181 0.464416691 0.501253133
400 74305.848969689 0.464411556 0.501250000
401 74677.021032771 0.464406447 0.501246883
402 75049.117737286 0.464401362 0.501243781
403 75422.139083090 0.464396302 0.501240695
404 75796.085070042 0.464391267 0.501237624
405 76170.955698003 0.464386256 0.501234568
406 76546.750966834 0.464381270 0.501231527
407 76923.470876397 0.464376307 0.501228501
408 77301.115426557 0.464371368 0.501225490
409 77679.684617178 0.464366453 0.501222494
410 78059.178448127 0.464361561 0.501219512
411 78439.596919271 0.464356693 0.501216545
412 78820.940030479 0.464351848 0.501213592
413 79203.207781621 0.464347025 0.501210654
414 79586.400172567 0.464342226 0.501207729
415 79970.517203190 0.464337449 0.501204819
416 80355.558873365 0.464332695 0.501201923
417 80741.525182965 0.464327963 0.501199041
418 81128.416131867 0.464323253 0.501196172
419 81516.231719949 0.464318566 0.501193317
420 81904.971947088 0.464313900 0.501190476
421 82294.636813165 0.464309256 0.501187648
422 82685.226318062 0.464304633 0.501184834
423 83076.740461660 0.464300032 0.501182033
424 83469.179243844 0.464295452 0.501179245
425 83862.542664498 0.464290894 0.501176471
426 84256.830723508 0.464286356 0.501173709
427 84652.043420763 0.464281839 0.501170960
428 85048.180756151 0.464277343 0.501168224
429 85445.242729562 0.464272867 0.501165501
430 85843.229340887 0.464268412 0.501162791
431 86242.140590019 0.464263977 0.501160093
432 86641.976476853 0.464259562 0.501157407
433 87042.737001283 0.464255167 0.501154734
434 87444.422163205 0.464250792 0.501152074
435 87847.031962517 0.464246437 0.501149425
436 88250.566399118 0.464242101 0.501146789
437 88655.025472909 0.464237785 0.501144165
438 89060.409183790 0.464233488 0.501141553
439 89466.717531664 0.464229210 0.501138952
440 89873.950516434 0.464224951 0.501136364
441 90282.108138007 0.464220711 0.501133787
442 90691.190396287 0.464216490 0.501131222
443 91101.197291183 0.464212288 0.501128668
444 91512.128822603 0.464208104 0.501126126
445 91923.984990456 0.464203939 0.501123596
446 92336.765794653 0.464199792 0.501121076
447 92750.471235106 0.464195663 0.501118568
448 93165.101311729 0.464191552 0.501116071
449 93580.656024435 0.464187460 0.501113586
450 93997.135373140 0.464183385 0.501111111
451 94414.539357759 0.464179327 0.501108647
452 94832.867978211 0.464175288 0.501106195
453 95252.121234414 0.464171266 0.501103753
454 95672.299126286 0.464167261 0.501101322
455 96093.401653750 0.464163273 0.501098901
456 96515.428816725 0.464159303 0.501096491
457 96938.380615134 0.464155350 0.501094092
458 97362.257048901 0.464151413 0.501091703
459 97787.058117950 0.464147494 0.501089325
460 98212.783822205 0.464143591 0.501086957
461 98639.434161593 0.464139705 0.501084599
462 99067.009136041 0.464135835 0.501082251
463 99495.508745475 0.464131982 0.501079914
464 99924.932989825 0.464128144 0.501077586
465 100355.281869020 0.464124324 0.501075269
466 100786.555382989 0.464120519 0.501072961
467 101218.753531663 0.464116730 0.501070664
468 101651.876314973 0.464112957 0.501068376
469 102085.923732852 0.464109200 0.501066098
470 102520.895785232 0.464105459 0.501063830
471 102956.792472045 0.464101733 0.501061571
472 103393.613793227 0.464098022 0.501059322
473 103831.359748710 0.464094327 0.501057082
474 104270.030338431 0.464090648 0.501054852
475 104709.625562323 0.464086983 0.501052632
476 105150.145420324 0.464083334 0.501050420
477 105591.589912368 0.464079699 0.501048218
478 106033.959038393 0.464076080 0.501046025
479 106477.252798335 0.464072475 0.501043841
480 106921.471192132 0.464068885 0.501041667
481 107366.614219720 0.464065310 0.501039501
482 107812.681881038 0.464061749 0.501037344
483 108259.674176024 0.464058203 0.501035197
484 108707.591104616 0.464054671 0.501033058
485 109156.432666752 0.464051154 0.501030928
486 109606.198862370 0.464047651 0.501028807
487 110056.889691409 0.464044161 0.501026694
488 110508.505153807 0.464040686 0.501024590
489 110961.045249503 0.464037225 0.501022495
490 111414.509978435 0.464033778 0.501020408
491 111868.899340542 0.464030344 0.501018330
492 112324.213335763 0.464026924 0.501016260
493 112780.451964034 0.464023518 0.501014199
494 113237.615225295 0.464020125 0.501012146
495 113695.703119483 0.464016746 0.501010101
496 114154.715646536 0.464013380 0.501008065
497 114614.652806391 0.464010027 0.501006036
498 115075.514598985 0.464006688 0.501004016
499 115537.301024255 0.464003362 0.501002004
500 116000.012082137 0.464000048 0.501000000
501 116463.647772567 0.463996748 0.500998004
502 116928.208095480 0.463993461 0.500996016
503 117393.693050812 0.463990186 0.500994036
504 117860.102638497 0.463986925 0.500992063
505 118327.436858469 0.463983676 0.500990099
506 118795.695710661 0.463980439 0.500988142
507 119264.879195005 0.463977215 0.500986193
508 119734.987311435 0.463974004 0.500984252
509 120206.020059881 0.463970805 0.500982318
510 120677.977440274 0.463967618 0.500980392
511 121150.859452544 0.463964444 0.500978474
512 121624.666096619 0.463961281 0.500976562
513 122099.397372430 0.463958131 0.500974659
514 122575.053279902 0.463954993 0.500972763
515 123051.633818963 0.463951867 0.500970874
516 123529.138989538 0.463948752 0.500968992
517 124007.568791552 0.463945650 0.500967118
518 124486.923224928 0.463942559 0.500965251
519 124967.202289591 0.463939480 0.500963391
520 125448.405985461 0.463936413 0.500961538
521 125930.534312460 0.463933357 0.500959693
522 126413.587270507 0.463930312 0.500957854
523 126897.564859520 0.463927280 0.500956023
524 127382.467079418 0.463924258 0.500954198
525 127868.293930116 0.463921248 0.500952381
526 128355.045411530 0.463918249 0.500950570
527 128842.721523573 0.463915261 0.500948767
528 129331.322266159 0.463912284 0.500946970
529 129820.847639199 0.463909319 0.500945180
530 130311.297642604 0.463906364 0.500943396
531 130802.672276281 0.463903420 0.500941620
532 131294.971540140 0.463900487 0.500939850
533 131788.195434086 0.463897565 0.500938086
534 132282.343958023 0.463894654 0.500936330
535 132777.417111857 0.463891753 0.500934579
536 133273.414895489 0.463888863 0.500932836
537 133770.337308819 0.463885984 0.500931099
538 134268.184351748 0.463883115 0.500929368
539 134766.956024174 0.463880257 0.500927644
540 135266.652325992 0.463877409 0.500925926
541 135767.273257098 0.463874571 0.500924214
542 136268.818817385 0.463871743 0.500922509
543 136771.289006747 0.463868926 0.500920810
544 137274.683825072 0.463866119 0.500919118
545 137779.003272251 0.463863322 0.500917431
546 138284.247348171 0.463860535 0.500915751
547 138790.416052718 0.463857758 0.500914077
548 139297.509385777 0.463854992 0.500912409
549 139805.527347231 0.463852235 0.500910747
550 140314.469936960 0.463849487 0.500909091
551 140824.337154846 0.463846750 0.500907441
552 141335.129000766 0.463844022 0.500905797
553 141846.845474598 0.463841304 0.500904159
554 142359.486576215 0.463838596 0.500902527
555 142873.052305493 0.463835897 0.500900901
556 143387.542662303 0.463833208 0.500899281
557 143902.957646515 0.463830529 0.500897666
558 144419.297257999 0.463827858 0.500896057
559 144936.561496622 0.463825197 0.500894454
560 145454.750362250 0.463822546 0.500892857
561 145973.863854746 0.463819904 0.500891266
562 146493.901973975 0.463817270 0.500889680
563 147014.864719796 0.463814647 0.500888099
564 147536.752092069 0.463812032 0.500886525
565 148059.564090653 0.463809426 0.500884956
566 148583.300715403 0.463806830 0.500883392
567 149107.961966176 0.463804242 0.500881834
568 149633.547842824 0.463801663 0.500880282
569 150160.058345199 0.463799094 0.500878735
570 150687.493473151 0.463796533 0.500877193
571 151215.853226530 0.463793981 0.500875657
572 151745.137605183 0.463791437 0.500874126
573 152275.346608956 0.463788903 0.500872600
574 152806.480237694 0.463786377 0.500871080
575 153338.538491239 0.463783859 0.500869565
576 153871.521369433 0.463781351 0.500868056
577 154405.428872118 0.463778850 0.500866551
578 154940.260999130 0.463776359 0.500865052
579 155476.017750309 0.463773875 0.500863558
580 156012.699125489 0.463771400 0.500862069
581 156550.305124507 0.463768934 0.500860585
582 157088.835747195 0.463766476 0.500859107
583 157628.290993385 0.463764026 0.500857633
584 158168.670862910 0.463761584 0.500856164
585 158709.975355597 0.463759151 0.500854701
586 159252.204471276 0.463756725 0.500853242
587 159795.358209774 0.463754308 0.500851789
588 160339.436570917 0.463751899 0.500850340
589 160884.439554529 0.463749498 0.500848896
590 161430.367160435 0.463747105 0.500847458
591 161977.219388458 0.463744720 0.500846024
592 162524.996238418 0.463742342 0.500844595
593 163073.697710136 0.463739973 0.500843170
594 163623.323803432 0.463737611 0.500841751
595 164173.874518124 0.463735257 0.500840336
596 164725.349854029 0.463732911 0.500838926
597 165277.749810965 0.463730573 0.500837521
598 165831.074388747 0.463728242 0.500836120
599 166385.323587189 0.463725919 0.500834725
600 166940.497406106 0.463723604 0.500833333
601 167496.595845310 0.463721296 0.500831947
602 168053.618904613 0.463718996 0.500830565
603 168611.566583829 0.463716703 0.500829187
604 169170.438882766 0.463714417 0.500827815
605 169730.235801236 0.463712139 0.500826446
606 170290.957339047 0.463709869 0.500825083
607 170852.603496009 0.463707605 0.500823723
608 171415.174271930 0.463705349 0.500822368
609 171978.669666617 0.463703101 0.500821018
610 172543.089679877 0.463700859 0.500819672
611 173108.434311518 0.463698625 0.500818331
612 173674.703561345 0.463696398 0.500816993
613 174241.897429165 0.463694178 0.500815661
614 174810.015914783 0.463691965 0.500814332
615 175379.059018004 0.463689759 0.500813008
616 175949.026738632 0.463687560 0.500811688
617 176519.919076473 0.463685368 0.500810373
618 177091.736031330 0.463683183 0.500809061
619 177664.477603008 0.463681005 0.500807754
620 178238.143791312 0.463678834 0.500806452
621 178812.734596043 0.463676670 0.500805153
622 179388.250017008 0.463674512 0.500803859
623 179964.690054009 0.463672362 0.500802568
624 180542.054706850 0.463670218 0.500801282
625 181120.343975336 0.463668081 0.500800000
626 181699.557859269 0.463665950 0.500798722
627 182279.696358455 0.463663826 0.500797448
628 182860.759472698 0.463661709 0.500796178
629 183442.747201801 0.463659598 0.500794913
630 184025.659545571 0.463657494 0.500793651
631 184609.496503811 0.463655397 0.500792393
632 185194.258076327 0.463653306 0.500791139
633 185779.944262926 0.463651221 0.500789889
634 186366.555063412 0.463649143 0.500788644
635 186954.090477594 0.463647072 0.500787402
636 187542.550505278 0.463645006 0.500786164
637 188131.935146271 0.463642947 0.500784929
638 188722.244400382 0.463640895 0.500783699
639 189313.478267421 0.463638849 0.500782473
640 189905.636747195 0.463636808 0.500781250
641 190498.719839517 0.463634775 0.500780031
642 191092.727544196 0.463632747 0.500778816
643 191687.659861044 0.463630726 0.500777605
644 192283.516789875 0.463628710 0.500776398
645 192880.298330502 0.463626701 0.500775194
646 193478.004482738 0.463624698 0.500773994
647 194076.635246400 0.463622701 0.500772798
648 194676.190621304 0.463620710 0.500771605
649 195276.670607268 0.463618725 0.500770416
650 195878.075204109 0.463616746 0.500769231
651 196480.404411648 0.463614773 0.500768049
652 197083.658229704 0.463612806 0.500766871
653 197687.836658101 0.463610845 0.500765697
654 198292.939696662 0.463608889 0.500764526
655 198898.967345210 0.463606940 0.500763359
656 199505.919603572 0.463604996 0.500762195
657 200113.796471575 0.463603058 0.500761035
658 200722.597949046 0.463601126 0.500759878
659 201332.324035818 0.463599200 0.500758725
660 201942.974731720 0.463597279 0.500757576
661 202554.550036586 0.463595364 0.500756430
662 203167.049950251 0.463593455 0.500755287
663 203780.474472549 0.463591551 0.500754148
664 204394.823603321 0.463589653 0.500753012
665 205010.097342404 0.463587760 0.500751880
666 205626.295689639 0.463585873 0.500750751
667 206243.418644870 0.463583992 0.500749625
668 206861.466207942 0.463582116 0.500748503
669 207480.438378701 0.463580246 0.500747384
670 208100.335156994 0.463578381 0.500746269
671 208721.156542674 0.463576521 0.500745156
672 209342.902535590 0.463574667 0.500744048
673 209965.573135598 0.463572819 0.500742942
674 210589.168342554 0.463570975 0.500741840
675 211213.688156316 0.463569137 0.500740741
676 211839.132576744 0.463567305 0.500739645
677 212465.501603699 0.463565477 0.500738552
678 213092.795237048 0.463563655 0.500737463
679 213721.013476655 0.463561838 0.500736377
680 214350.156322391 0.463560027 0.500735294
681 214980.223774126 0.463558220 0.500734214
682 215611.215831734 0.463556419 0.500733138
683 216243.132495088 0.463554623 0.500732064
684 216875.973764069 0.463552832 0.500730994
685 217509.739638556 0.463551046 0.500729927
686 218144.430118432 0.463549265 0.500728863
687 218780.045203581 0.463547490 0.500727802
688 219416.584893892 0.463545719 0.500726744
689 220054.049189253 0.463543954 0.500725689
690 220692.438089559 0.463542193 0.500724638
691 221331.751594703 0.463540437 0.500723589
692 221971.989704583 0.463538687 0.500722543
693 222613.152419099 0.463536941 0.500721501
694 223255.239738155 0.463535200 0.500720461
695 223898.251661656 0.463533464 0.500719424
696 224542.188189509 0.463531733 0.500718391
697 225187.049321626 0.463530007 0.500717360
698 225832.835057920 0.463528286 0.500716332
699 226479.545398308 0.463526570 0.500715308
700 227127.180342707 0.463524858 0.500714286
701 227775.739891041 0.463523151 0.500713267
702 228425.224043234 0.463521449 0.500712251
703 229075.632799213 0.463519751 0.500711238
704 229726.966158909 0.463518059 0.500710227
705 230379.224122254 0.463516371 0.500709220
706 231032.406689186 0.463514687 0.500708215
707 231686.513859643 0.463513009 0.500707214
708 232341.545633566 0.463511335 0.500706215
709 232997.502010902 0.463509665 0.500705219
710 233654.382991599 0.463508000 0.500704225
711 234312.188575606 0.463506340 0.500703235
712 234970.918762878 0.463504684 0.500702247
713 235630.573553373 0.463503033 0.500701262
714 236291.152947049 0.463501387 0.500700280
715 236952.656943871 0.463499745 0.500699301
716 237615.085543805 0.463498107 0.500698324
717 238278.438746820 0.463496474 0.500697350
718 238942.716552889 0.463494845 0.500696379
719 239607.918961987 0.463493221 0.500695410
720 240274.045974093 0.463491601 0.500694444
721 240941.097589189 0.463489986 0.500693481
722 241609.073807260 0.463488374 0.500692521
723 242277.974628295 0.463486768 0.500691563
724 242947.800052286 0.463485165 0.500690608
725 243618.550079226 0.463483567 0.500689655
726 244290.224709114 0.463481974 0.500688705
727 244962.823941952 0.463480384 0.500687758
728 245636.347777744 0.463478799 0.500686813
729 246310.796216497 0.463477218 0.500685871
730 246986.169258223 0.463475641 0.500684932
731 247662.466902936 0.463474069 0.500683995
732 248339.689150654 0.463472501 0.500683060
733 249017.836001398 0.463470937 0.500682128
734 249696.907455192 0.463469377 0.500681199
735 250376.903512063 0.463467821 0.500680272
736 251057.824172043 0.463466269 0.500679348
737 251739.669435165 0.463464722 0.500678426
738 252422.439301468 0.463463178 0.500677507
739 253106.133770992 0.463461639 0.500676590
740 253790.752843781 0.463460104 0.500675676
741 254476.296519883 0.463458573 0.500674764
742 255162.764799349 0.463457046 0.500673854
743 255850.157682233 0.463455522 0.500672948
744 256538.475168593 0.463454003 0.500672043
745 257227.717258490 0.463452488 0.500671141
746 257917.883951988 0.463450977 0.500670241
747 258608.975249155 0.463449470 0.500669344
748 259300.991150063 0.463447967 0.500668449
749 259993.931654784 0.463446467 0.500667557
750 260687.796763398 0.463444972 0.500666667
751 261382.586475986 0.463443481 0.500665779
752 262078.300792631 0.463441993 0.500664894
753 262774.939713423 0.463440509 0.500664011
754 263472.503238452 0.463439029 0.500663130
755 264170.991367813 0.463437553 0.500662252
756 264870.404101604 0.463436081 0.500661376
757 265570.741439925 0.463434613 0.500660502
758 266272.003382884 0.463433148 0.500659631
759 266974.189930586 0.463431687 0.500658762
760 267677.301083142 0.463430230 0.500657895
761 268381.336840669 0.463428777 0.500657030
762 269086.297203285 0.463427328 0.500656168
763 269792.182171109 0.463425882 0.500655308
764 270498.991744267 0.463424440 0.500654450
765 271206.725922887 0.463423001 0.500653595
766 271915.384707100 0.463421567 0.500652742
767 272624.968097041 0.463420136 0.500651890
768 273335.476092849 0.463418708 0.500651042
769 274046.908694662 0.463417284 0.500650195
770 274759.265902627 0.463415864 0.500649351
771 275472.547716890 0.463414448 0.500648508
772 276186.754137604 0.463413035 0.500647668
773 276901.885164921 0.463411625 0.500646831
774 277617.940798999 0.463410220 0.500645995
775 278334.921040000 0.463408818 0.500645161
776 279052.825888086 0.463407419 0.500644330
777 279771.655343425 0.463406024 0.500643501
778 280491.409406187 0.463404632 0.500642674
779 281212.088076545 0.463403244 0.500641849
780 281933.691354676 0.463401860 0.500641026
781 282656.219240759 0.463400478 0.500640205
782 283379.671734978 0.463399101 0.500639386
783 284104.048837519 0.463397727 0.500638570
784 284829.350548569 0.463396356 0.500637755
785 285555.576868322 0.463394989 0.500636943
786 286282.727796973 0.463393625 0.500636132
787 287010.803334720 0.463392264 0.500635324
788 287739.803481764 0.463390907 0.500634518
789 288469.728238310 0.463389554 0.500633714
790 289200.577604566 0.463388203 0.500632911
791 289932.351580740 0.463386856 0.500632111
792 290665.050167048 0.463385513 0.500631313
793 291398.673363706 0.463384172 0.500630517
794 292133.221170931 0.463382835 0.500629723
795 292868.693588948 0.463381502 0.500628931
796 293605.090617981 0.463380171 0.500628141
797 294342.412258257 0.463378844 0.500627353
798 295080.658510009 0.463377520 0.500626566
799 295819.829373471 0.463376200 0.500625782
800 296559.924848877 0.463374883 0.500625000
801 297300.944936469 0.463373569 0.500624220
802 298042.889636488 0.463372258 0.500623441
803 298785.758949180 0.463370950 0.500622665
804 299529.552874791 0.463369646 0.500621891
805 300274.271413573 0.463368344 0.500621118
806 301019.914565780 0.463367046 0.500620347
807 301766.482331667 0.463365752 0.500619579
808 302513.974711493 0.463364460 0.500618812
809 303262.391705519 0.463363171 0.500618047
810 304011.733314010 0.463361886 0.500617284
811 304761.999537232 0.463360604 0.500616523
812 305513.190375453 0.463359324 0.500615764
813 306265.305828947 0.463358048 0.500615006
814 307018.345897988 0.463356775 0.500614251
815 307772.310582851 0.463355505 0.500613497
816 308527.199883818 0.463354239 0.500612745
817 309283.013801168 0.463352975 0.500611995
818 310039.752335189 0.463351714 0.500611247
819 310797.415486165 0.463350456 0.500610501
820 311556.003254386 0.463349202 0.500609756
821 312315.515640145 0.463347950 0.500609013
822 313075.952643733 0.463346701 0.500608273
823 313837.314265450 0.463345456 0.500607533
824 314599.600505591 0.463344213 0.500606796
825 315362.811364461 0.463342974 0.500606061
826 316126.946842360 0.463341737 0.500605327
827 316892.006939595 0.463340503 0.500604595
828 317657.991656473 0.463339272 0.500603865
829 318424.900993305 0.463338044 0.500603136
830 319192.734950402 0.463336819 0.500602410
831 319961.493528080 0.463335597 0.500601685
832 320731.176726653 0.463334378 0.500600962
833 321501.784546441 0.463333162 0.500600240
834 322273.316987765 0.463331949 0.500599520
835 323045.774050947 0.463330738 0.500598802
836 323819.155736311 0.463329531 0.500598086
837 324593.462044185 0.463328326 0.500597372
838 325368.692974897 0.463327124 0.500596659
839 326144.848528777 0.463325925 0.500595948
840 326921.928706159 0.463324729 0.500595238
841 327699.933507377 0.463323535 0.500594530
842 328478.862932765 0.463322345 0.500593824
843 329258.716982665 0.463321157 0.500593120
844 330039.495657415 0.463319972 0.500592417
845 330821.198957356 0.463318790 0.500591716
846 331603.826882832 0.463317610 0.500591017
847 332387.379434190 0.463316434 0.500590319
848 333171.856611774 0.463315260 0.500589623
849 333957.258415935 0.463314089 0.500588928
850 334743.584847022 0.463312920 0.500588235
851 335530.835905387 0.463311754 0.500587544
852 336319.011591385 0.463310591 0.500586854
853 337108.111905370 0.463309431 0.500586166
854 337898.136847698 0.463308274 0.500585480
855 338689.086418728 0.463307119 0.500584795
856 339480.960618820 0.463305966 0.500584112
857 340273.759448335 0.463304817 0.500583431
858 341067.482907635 0.463303670 0.500582751
859 341862.130997084 0.463302526 0.500582072
860 342657.703717049 0.463301384 0.500581395
861 343454.201067894 0.463300245 0.500580720
862 344251.623049989 0.463299109 0.500580046
863 345049.969663703 0.463297975 0.500579374
864 345849.240909407 0.463296844 0.500578704
865 346649.436787472 0.463295716 0.500578035
866 347450.557298272 0.463294590 0.500577367
867 348252.602442181 0.463293466 0.500576701
868 349055.572219575 0.463292346 0.500576037
869 349859.466630829 0.463291227 0.500575374
870 350664.285676322 0.463290112 0.500574713
871 351470.029356433 0.463288999 0.500574053
872 352276.697671541 0.463287888 0.500573394
873 353084.290622028 0.463286780 0.500572738
874 353892.808208275 0.463285675 0.500572082
875 354702.250430666 0.463284572 0.500571429
876 355512.617289584 0.463283472 0.500570776
877 356323.908785413 0.463282374 0.500570125
878 357136.124918540 0.463281278 0.500569476
879 357949.265689350 0.463280185 0.500568828
880 358763.331098232 0.463279095 0.500568182
881 359578.321145574 0.463278007 0.500567537
882 360394.235831763 0.463276921 0.500566893
883 361211.075157191 0.463275838 0.500566251
884 362028.839122246 0.463274758 0.500565611
885 362847.527727322 0.463273680 0.500564972
886 363667.140972809 0.463272604 0.500564334
887 364487.678859100 0.463271531 0.500563698
888 365309.141386587 0.463270460 0.500563063
889 366131.528555665 0.463269391 0.500562430
890 366954.840366727 0.463268325 0.500561798
891 367779.076820169 0.463267261 0.500561167
892 368604.237916386 0.463266200 0.500560538
893 369430.323655773 0.463265141 0.500559910
894 370257.334038727 0.463264085 0.500559284
895 371085.269065643 0.463263031 0.500558659
896 371914.128736920 0.463261979 0.500558036
897 372743.913052955 0.463260929 0.500557414
898 373574.622014145 0.463259882 0.500556793
899 374406.255620888 0.463258837 0.500556174
900 375238.813873584 0.463257795 0.500555556
901 376072.296772630 0.463256755 0.500554939
902 376906.704318424 0.463255717 0.500554324
903 377742.036511370 0.463254681 0.500553710
904 378578.293351861 0.463253648 0.500553097
905 379415.474840301 0.463252617 0.500552486
906 380253.580977086 0.463251589 0.500551876
907 381092.611762620 0.463250562 0.500551268
908 381932.567197300 0.463249538 0.500550661
909 382773.447281526 0.463248516 0.500550055
910 383615.252015699 0.463247497 0.500549451
911 384457.981400219 0.463246479 0.500548847
912 385301.635435485 0.463245464 0.500548246
913 386146.214121897 0.463244451 0.500547645
914 386991.717459856 0.463243441 0.500547046
915 387838.145449761 0.463242432 0.500546448
916 388685.498092012 0.463241426 0.500545852
917 389533.775387008 0.463240422 0.500545256
918 390382.977335148 0.463239420 0.500544662
919 391233.103936833 0.463238421 0.500544070
920 392084.155192459 0.463237423 0.500543478
921 392936.131102428 0.463236428 0.500542888
922 393789.031667138 0.463235435 0.500542299
923 394642.856886985 0.463234444 0.500541712
924 395497.606762369 0.463233456 0.500541126
925 396353.281293687 0.463232469 0.500540541
926 397209.880481335 0.463231485 0.500539957
927 398067.404325712 0.463230502 0.500539374
928 398925.852827214 0.463229522 0.500538793
929 399785.225986236 0.463228544 0.500538213
930 400645.523803175 0.463227568 0.500537634
931 401506.746278425 0.463226595 0.500537057
932 402368.893412380 0.463225623 0.500536481
933 403231.965205436 0.463224653 0.500535906
934 404095.961657985 0.463223686 0.500535332
935 404960.882770422 0.463222720 0.500534759
936 405826.728543137 0.463221757 0.500534188
937 406693.498976524 0.463220796 0.500533618
938 407561.194070974 0.463219837 0.500533049
939 408429.813826877 0.463218880 0.500532481
940 409299.358244622 0.463217925 0.500531915
941 410169.827324599 0.463216972 0.500531350
942 411041.221067198 0.463216021 0.500530786
943 411913.539472805 0.463215072 0.500530223
944 412786.782541807 0.463214125 0.500529661
945 413660.950274592 0.463213180 0.500529101
946 414536.042671543 0.463212237 0.500528541
947 415412.059733047 0.463211297 0.500527983
948 416289.001459486 0.463210358 0.500527426
949 417166.867851245 0.463209421 0.500526870
950 418045.658908703 0.463208486 0.500526316
951 418925.374632244 0.463207554 0.500525762
952 419806.015022248 0.463206623 0.500525210
953 420687.580079092 0.463205694 0.500524659
954 421570.069803158 0.463204767 0.500524109
955 422453.484194819 0.463203842 0.500523560
956 423337.823254454 0.463202919 0.500523013
957 424223.086982439 0.463201998 0.500522466
958 425109.275379147 0.463201079 0.500521921
959 425996.388444951 0.463200162 0.500521376
960 426884.426180225 0.463199247 0.500520833
961 427773.388585338 0.463198334 0.500520291
962 428663.275660661 0.463197423 0.500519751
963 429554.087406562 0.463196513 0.500519211
964 430445.823823411 0.463195606 0.500518672
965 431338.484911572 0.463194700 0.500518135
966 432232.070671412 0.463193797 0.500517598
967 433126.581103293 0.463192895 0.500517063
968 434022.016207581 0.463191995 0.500516529
969 434918.375984635 0.463191097 0.500515996
970 435815.660434817 0.463190201 0.500515464
971 436713.869558485 0.463189307 0.500514933
972 437613.003355997 0.463188415 0.500514403
973 438513.061827711 0.463187524 0.500513875
974 439414.044973981 0.463186636 0.500513347
975 440315.952795161 0.463185749 0.500512821
976 441218.785291603 0.463184864 0.500512295
977 442122.542463659 0.463183981 0.500511771
978 443027.224311679 0.463183100 0.500511247
979 443932.830836010 0.463182221 0.500510725
980 444839.362037000 0.463181343 0.500510204
981 445746.817914994 0.463180468 0.500509684
982 446655.198470336 0.463179594 0.500509165
983 447564.503703369 0.463178722 0.500508647
984 448474.733614434 0.463177851 0.500508130
985 449385.888203870 0.463176983 0.500507614
986 450297.967472014 0.463176116 0.500507099
987 451210.971419206 0.463175251 0.500506586
988 452124.900045778 0.463174388 0.500506073
989 453039.753352064 0.463173527 0.500505561
990 453955.531338396 0.463172667 0.500505051
991 454872.234005105 0.463171810 0.500504541
992 455789.861352519 0.463170954 0.500504032
993 456708.413380963 0.463170099 0.500503525
994 457627.890090766 0.463169247 0.500503018
995 458548.291482250 0.463168396 0.500502513
996 459469.617555736 0.463167547 0.500502008
997 460391.868311546 0.463166700 0.500501505
998 461315.043749999 0.463165855 0.500501002
999 462239.143871411 0.463165011 0.500500501
1000 463164.168676097 0.463164169 0.500500000
1001 464090.118164372 0.463163328 0.500499500
1002 465016.992336547 0.463162490 0.500499002
1003 465944.791192930 0.463161653 0.500498504
1004 466873.514733833 0.463160818 0.500498008
1005 467803.162959562 0.463159984 0.500497512
1006 468733.735870419 0.463159152 0.500497018
1007 469665.233466711 0.463158322 0.500496524
1008 470597.655748735 0.463157494 0.500496032
1009 471531.002716794 0.463156667 0.500495540
1010 472465.274371183 0.463155842 0.500495050
1011 473400.470712199 0.463155019 0.500494560
1012 474336.591740134 0.463154197 0.500494071
1013 475273.637455284 0.463153377 0.500493583
1014 476211.607857935 0.463152558 0.500493097
1015 477150.502948376 0.463151742 0.500492611
1016 478090.322726895 0.463150926 0.500492126
1017 479031.067193775 0.463150113 0.500491642
1018 479972.736349298 0.463149301 0.500491159
1019 480915.330193747 0.463148491 0.500490677
1020 481858.848727398 0.463147682 0.500490196
1021 482803.291950531 0.463146875 0.500489716
1022 483748.659863417 0.463146070 0.500489237
1023 484694.952466329 0.463145266 0.500488759
1024 485642.169759541 0.463144464 0.500488281
1025 486590.311743319 0.463143664 0.500487805
1026 487539.378417931 0.463142865 0.500487329
1027 488489.369783642 0.463142068 0.500486855
1028 489440.285840713 0.463141272 0.500486381
1029 490392.126589407 0.463140478 0.500485909
1030 491344.892029982 0.463139685 0.500485437
1031 492298.582162694 0.463138894 0.500484966
1032 493253.196987799 0.463138105 0.500484496
1033 494208.736505549 0.463137317 0.500484027
1034 495165.200716194 0.463136531 0.500483559
1035 496122.589619983 0.463135746 0.500483092
1036 497080.903217163 0.463134963 0.500482625
1037 498040.141507977 0.463134181 0.500482160
1038 499000.304492669 0.463133401 0.500481696
1039 499961.392171477 0.463132623 0.500481232
1040 500923.404544641 0.463131846 0.500480769
1041 501886.341612396 0.463131071 0.500480307
1042 502850.203374977 0.463130297 0.500479846
1043 503814.989832613 0.463129524 0.500479386
1044 504780.700985537 0.463128753 0.500478927
1045 505747.336833974 0.463127984 0.500478469
1046 506714.897378151 0.463127216 0.500478011
1047 507683.382618290 0.463126450 0.500477555
1048 508652.792554612 0.463125685 0.500477099
1049 509623.127187337 0.463124922 0.500476644
1050 510594.386516680 0.463124160 0.500476190
1051 511566.570542856 0.463123400 0.500475737
1052 512539.679266078 0.463122641 0.500475285
1053 513513.712686556 0.463121884 0.500474834
1054 514488.670804498 0.463121128 0.500474383
1055 515464.553620110 0.463120373 0.500473934
1056 516441.361133595 0.463119621 0.500473485
1057 517419.093345155 0.463118869 0.500473037
1058 518397.750254989 0.463118119 0.500472590
1059 519377.331863293 0.463117371 0.500472144
1060 520357.838170262 0.463116624 0.500471698
1061 521339.269176090 0.463115878 0.500471254
1062 522321.624880967 0.463115134 0.500470810
1063 523304.905285079 0.463114391 0.500470367
1064 524289.110388614 0.463113650 0.500469925
1065 525274.240191756 0.463112910 0.500469484
1066 526260.294694684 0.463112171 0.500469043
1067 527247.273897580 0.463111434 0.500468604
1068 528235.177800618 0.463110699 0.500468165
1069 529224.006403974 0.463109965 0.500467727
1070 530213.759707822 0.463109232 0.500467290
1071 531204.437712329 0.463108501 0.500466853
1072 532196.040417667 0.463107771 0.500466418
1073 533188.567823997 0.463107042 0.500465983
1074 534182.019931485 0.463106315 0.500465549
1075 535176.396740292 0.463105589 0.500465116
1076 536171.698250576 0.463104865 0.500464684
1077 537167.924462496 0.463104142 0.500464253
1078 538165.075376203 0.463103421 0.500463822
1079 539163.150991851 0.463102700 0.500463392
1080 540162.151309589 0.463101982 0.500462963
1081 541162.076329566 0.463101264 0.500462535
1082 542162.926051925 0.463100548 0.500462107
1083 543164.700476810 0.463099833 0.500461681
1084 544167.399604362 0.463099120 0.500461255
1085 545171.023434718 0.463098408 0.500460829
1086 546175.571968016 0.463097697 0.500460405
1087 547181.045204389 0.463096988 0.500459982
1088 548187.443143968 0.463096280 0.500459559
1089 549194.765786881 0.463095574 0.500459137
1090 550203.013133260 0.463094868 0.500458716
1091 551212.185183223 0.463094164 0.500458295
1092 552222.281936898 0.463093462 0.500457875
1093 553233.303394401 0.463092761 0.500457457
1094 554245.249555852 0.463092061 0.500457038
1095 555258.120421366 0.463091362 0.500456621
1096 556271.915991055 0.463090665 0.500456204
1097 557286.636265032 0.463089969 0.500455789
1098 558302.281243405 0.463089274 0.500455373
1099 559318.850926279 0.463088581 0.500454959
1100 560336.345313761 0.463087889 0.500454545
1101 561354.764405948 0.463087198 0.500454133
1102 562374.108202944 0.463086508 0.500453721
1103 563394.376704844 0.463085820 0.500453309
1104 564415.569911742 0.463085133 0.500452899
1105 565437.687823734 0.463084448 0.500452489
1106 566460.730440909 0.463083763 0.500452080
1107 567484.697763352 0.463083080 0.500451671
1108 568509.589791151 0.463082399 0.500451264
1109 569535.406524391 0.463081718 0.500450857
1110 570562.147963150 0.463081039 0.500450450
1111 571589.814107510 0.463080361 0.500450045
1112 572618.404957545 0.463079684 0.500449640
1113 573647.920513331 0.463079009 0.500449236
1114 574678.360774939 0.463078334 0.500448833
1115 575709.725742440 0.463077662 0.500448430
1116 576742.015415900 0.463076990 0.500448029
1117 577775.229795385 0.463076319 0.500447628
1118 578809.368880957 0.463075650 0.500447227
1119 579844.432672680 0.463074982 0.500446828
1120 580880.421170609 0.463074315 0.500446429
1121 581917.334374803 0.463073650 0.500446030
1122 582955.172285311 0.463072986 0.500445633
1123 583993.934902189 0.463072322 0.500445236
1124 585033.622225486 0.463071661 0.500444840
1125 586074.234255247 0.463071000 0.500444444
1126 587115.770991519 0.463070340 0.500444050
1127 588158.232434343 0.463069682 0.500443656
1128 589201.618583761 0.463069025 0.500443262
1129 590245.929439810 0.463068369 0.500442870
1130 591291.165002526 0.463067715 0.500442478
1131 592337.325271942 0.463067061 0.500442087
1132 593384.410248092 0.463066409 0.500441696
1133 594432.419931003 0.463065758 0.500441306
1134 595481.354320701 0.463065108 0.500440917
1135 596531.213417213 0.463064460 0.500440529
1136 597581.997220562 0.463063812 0.500440141
1137 598633.705730763 0.463063166 0.500439754
1138 599686.338947843 0.463062521 0.500439367
1139 600739.896871809 0.463061877 0.500438982
1140 601794.379502680 0.463061234 0.500438596
1141 602849.786840466 0.463060592 0.500438212
1142 603906.118885176 0.463059952 0.500437828
1143 604963.375636818 0.463059312 0.500437445
1144 606021.557095394 0.463058674 0.500437063
1145 607080.663260910 0.463058037 0.500436681
1146 608140.694133364 0.463057401 0.500436300
1147 609201.649712757 0.463056767 0.500435920
1148 610263.529999083 0.463056133 0.500435540
1149 611326.334992336 0.463055501 0.500435161
1150 612390.064692509 0.463054869 0.500434783
1151 613454.719099592 0.463054239 0.500434405
1152 614520.298213570 0.463053610 0.500434028
1153 615586.802034429 0.463052982 0.500433651
1154 616654.230562153 0.463052355 0.500433276
1155 617722.583796724 0.463051730 0.500432900
1156 618791.861738118 0.463051105 0.500432526
1157 619862.064386314 0.463050482 0.500432152
1158 620933.191741285 0.463049859 0.500431779
1159 622005.243803005 0.463049238 0.500431406
1160 623078.220571445 0.463048618 0.500431034
1161 624152.122046570 0.463047999 0.500430663
1162 625226.948228348 0.463047381 0.500430293
1163 626302.699116744 0.463046764 0.500429923
1164 627379.374711719 0.463046149 0.500429553
1165 628456.975013231 0.463045534 0.500429185
1166 629535.500021238 0.463044921 0.500428816
1167 630614.949735700 0.463044308 0.500428449
1168 631695.324156566 0.463043697 0.500428082
1169 632776.623283788 0.463043086 0.500427716
1170 633858.847117318 0.463042477 0.500427350
1171 634941.995657101 0.463041869 0.500426985
1172 636026.068903083 0.463041262 0.500426621
1173 637111.066855205 0.463040656 0.500426257
1174 638196.989513411 0.463040051 0.500425894
1175 639283.836877638 0.463039447 0.500425532
1176 640371.608947826 0.463038844 0.500425170
1177 641460.305723908 0.463038243 0.500424809
1178 642549.927205818 0.463037642 0.500424448
1179 643640.473393484 0.463037042 0.500424088
1180 644731.944286836 0.463036444 0.500423729
1181 645824.339885803 0.463035846 0.500423370
1182 646917.660190313 0.463035250 0.500423012
1183 648011.905200281 0.463034654 0.500422654
1184 649107.074915632 0.463034060 0.500422297
1185 650203.169336286 0.463033466 0.500421941
1186 651300.188462157 0.463032874 0.500421585
1187 652398.132293165 0.463032283 0.500421230
1188 653497.000829217 0.463031692 0.500420875
1189 654596.794070230 0.463031103 0.500420521
1190 655697.512016107 0.463030515 0.500420168
1191 656799.154666760 0.463029928 0.500419815
1192 657901.722022091 0.463029341 0.500419463
1193 659005.214082008 0.463028756 0.500419111
1194 660109.630846406 0.463028172 0.500418760
1195 661214.972315190 0.463027589 0.500418410
1196 662321.238488253 0.463027006 0.500418060
1197 663428.429365495 0.463026425 0.500417711
1198 664536.544946807 0.463025845 0.500417362
1199 665645.585232081 0.463025266 0.500417014
1200 666755.550221208 0.463024688 0.500416667
1201 667866.439914076 0.463024110 0.500416320
1202 668978.254310569 0.463023534 0.500415973
1203 670090.993410575 0.463022959 0.500415628
1204 671204.657213972 0.463022385 0.500415282
1205 672319.245720646 0.463021811 0.500414938
1206 673434.758930472 0.463021239 0.500414594
1207 674551.196843326 0.463020668 0.500414250
1208 675668.559459089 0.463020097 0.500413907
1209 676786.846777625 0.463019528 0.500413565
1210 677906.058798813 0.463018960 0.500413223
1211 679026.195522521 0.463018392 0.500412882
1212 680147.256948616 0.463017826 0.500412541
1213 681269.243076961 0.463017260 0.500412201
1214 682392.153907427 0.463016696 0.500411862
1215 683515.989439868 0.463016132 0.500411523
1216 684640.749674155 0.463015569 0.500411184
1217 685766.434610137 0.463015008 0.500410846
1218 686893.044247678 0.463014447 0.500410509
1219 688020.578586629 0.463013887 0.500410172
1220 689149.037626845 0.463013328 0.500409836
1221 690278.421368180 0.463012770 0.500409500
1222 691408.729810479 0.463012213 0.500409165
1223 692539.962953597 0.463011657 0.500408831
1224 693672.120797377 0.463011102 0.500408497
1225 694805.203341664 0.463010548 0.500408163
1226 695939.210586301 0.463009995 0.500407830
1227 697074.142531130 0.463009442 0.500407498
1228 698209.999175990 0.463008891 0.500407166
1229 699346.780520723 0.463008340 0.500406835
1230 700484.486565160 0.463007791 0.500406504
1231 701623.117309142 0.463007242 0.500406174
1232 702762.672752498 0.463006694 0.500405844
1233 703903.152895059 0.463006147 0.500405515
1234 705044.557736655 0.463005602 0.500405186
1235 706186.887277119 0.463005056 0.500404858
1236 707330.141516272 0.463004512 0.500404531
1237 708474.320453941 0.463003969 0.500404204
1238 709619.424089950 0.463003427 0.500403877
1239 710765.452424119 0.463002885 0.500403551
1240 711912.405456271 0.463002345 0.500403226
1241 713060.283186223 0.463001805 0.500402901
1242 714209.085613790 0.463001266 0.500402576
1243 715358.812738792 0.463000729 0.500402253
1244 716509.464561039 0.463000192 0.500401929
1245 717661.041080344 0.462999656 0.500401606
1246 718813.542296519 0.462999120 0.500401284
1247 719966.968209372 0.462998586 0.500400962
1248 721121.318818711 0.462998053 0.500400641
1249 722276.594124341 0.462997520 0.500400320
1250 723432.794126069 0.462996988 0.500400000
1251 724589.918823695 0.462996457 0.500399680
1252 725747.968217023 0.462995927 0.500399361
1253 726906.942305855 0.462995398 0.500399042
1254 728066.841089983 0.462994870 0.500398724
1255 729227.664569209 0.462994343 0.500398406
1256 730389.412743327 0.462993816 0.500398089
1257 731552.085612133 0.462993290 0.500397772
1258 732715.683175417 0.462992766 0.500397456
1259 733880.205432971 0.462992242 0.500397141
1260 735045.652384587 0.462991719 0.500396825
1261 736212.024030050 0.462991196 0.500396511
1262 737379.320369148 0.462990675 0.500396197
1263 738547.541401667 0.462990154 0.500395883
1264 739716.687127390 0.462989635 0.500395570
1265 740886.757546100 0.462989116 0.500395257
1266 742057.752657581 0.462988598 0.500394945
1267 743229.672461608 0.462988080 0.500394633
1268 744402.516957963 0.462987564 0.500394322
1269 745576.286146421 0.462987048 0.500394011
1270 746750.980026759 0.462986534 0.500393701
1271 747926.598598751 0.462986020 0.500393391
1272 749103.141862170 0.462985507 0.500393082
1273 750280.609816786 0.462984994 0.500392773
1274 751459.002462372 0.462984483 0.500392465
1275 752638.319798696 0.462983972 0.500392157
1276 753818.561825524 0.462983462 0.500391850
1277 754999.728542623 0.462982953 0.500391543
1278 756181.819949760 0.462982445 0.500391236
1279 757364.836046698 0.462981938 0.500390930
1280 758548.776833197 0.462981431 0.500390625
1281 759733.642309022 0.462980925 0.500390320
1282 760919.432473928 0.462980420 0.500390016
1283 762106.147327676 0.462979916 0.500389712
1284 763293.786870025 0.462979413 0.500389408
1285 764482.351100730 0.462978910 0.500389105
1286 765671.840019546 0.462978408 0.500388802
1287 766862.253626224 0.462977907 0.500388500
1288 768053.591920519 0.462977407 0.500388199
1289 769245.854902182 0.462976908 0.500387898
1290 770439.042570962 0.462976409 0.500387597
1291 771633.154926607 0.462975911 0.500387297
1292 772828.191968866 0.462975414 0.500386997
1293 774024.153697486 0.462974918 0.500386698
1294 775221.040112211 0.462974422 0.500386399
1295 776418.851212785 0.462973928 0.500386100
1296 777617.586998951 0.462973434 0.500385802
1297 778817.247470449 0.462972941 0.500385505
1298 780017.832627022 0.462972448 0.500385208
1299 781219.342468407 0.462971957 0.500384911
1300 782421.776994344 0.462971466 0.500384615
1301 783625.136204568 0.462970976 0.500384320
1302 784829.420098817 0.462970486 0.500384025
1303 786034.628676827 0.462969998 0.500383730
1304 787240.761938328 0.462969510 0.500383436
1305 788447.819883054 0.462969023 0.500383142
1306 789655.802510739 0.462968536 0.500382848
1307 790864.709821110 0.462968051 0.500382555
1308 792074.541813898 0.462967566 0.500382263
1309 793285.298488832 0.462967082 0.500381971
1310 794496.979845639 0.462966599 0.500381679
1311 795709.585884041 0.462966116 0.500381388
1312 796923.116603768 0.462965634 0.500381098
1313 798137.572004545 0.462965153 0.500380807
1314 799352.952086090 0.462964673 0.500380518
1315 800569.256848127 0.462964193 0.500380228
1316 801786.486290379 0.462963714 0.500379939
1317 803004.640412566 0.462963236 0.500379651
1318 804223.719214404 0.462962759 0.500379363
1319 805443.722695615 0.462962282 0.500379075
1320 806664.650855912 0.462961806 0.500378788
1321 807886.503695014 0.462961331 0.500378501
1322 809109.281212633 0.462960856 0.500378215
1323 810332.983408488 0.462960383 0.500377929
1324 811557.610282285 0.462959909 0.500377644
1325 812783.161833745 0.462959437 0.500377358
1326 814009.638062572 0.462958966 0.500377074
1327 815237.038968479 0.462958495 0.500376790
1328 816465.364551176 0.462958024 0.500376506
1329 817694.614810372 0.462957555 0.500376223
1330 818924.789745771 0.462957086 0.500375940
1331 820155.889357085 0.462956618 0.500375657
1332 821387.913644012 0.462956151 0.500375375
1333 822620.862606268 0.462955684 0.500375094
1334 823854.736243548 0.462955218 0.500374813
1335 825089.534555558 0.462954753 0.500374532
1336 826325.257541999 0.462954288 0.500374251
1337 827561.905202575 0.462953825 0.500373972
1338 828799.477536986 0.462953361 0.500373692
1339 830037.974544929 0.462952899 0.500373413
1340 831277.396226105 0.462952437 0.500373134
1341 832517.742580213 0.462951976 0.500372856
1342 833759.013606947 0.462951516 0.500372578
1343 835001.209306006 0.462951056 0.500372301
1344 836244.329677085 0.462950597 0.500372024
1345 837488.374719879 0.462950139 0.500371747
1346 838733.344434081 0.462949681 0.500371471
1347 839979.238819385 0.462949224 0.500371195
1348 841226.057875481 0.462948768 0.500370920
1349 842473.801602065 0.462948312 0.500370645
1350 843722.469998826 0.462947857 0.500370370
1351 844972.063065452 0.462947403 0.500370096
1352 846222.580801635 0.462946950 0.500369822
1353 847474.023207062 0.462946497 0.500369549
1354 848726.390281420 0.462946044 0.500369276
1355 849979.682024401 0.462945593 0.500369004
1356 851233.898435686 0.462945142 0.500368732
1357 852489.039514962 0.462944692 0.500368460
1358 853745.105261914 0.462944242 0.500368189
1359 855002.095676230 0.462943793 0.500367918
1360 856260.010757590 0.462943345 0.500367647
1361 857518.850505673 0.462942897 0.500367377
1362 858778.614920167 0.462942450 0.500367107
1363 860039.304000755 0.462942004 0.500366838
1364 861300.917747112 0.462941558 0.500366569
1365 862563.456158923 0.462941113 0.500366300
1366 863826.919235862 0.462940669 0.500366032
1367 865091.306977613 0.462940225 0.500365764
1368 866356.619383852 0.462939782 0.500365497
1369 867622.856454258 0.462939340 0.500365230
1370 868890.018188507 0.462938898 0.500364964
1371 870158.104586272 0.462938457 0.500364697
1372 871427.115647234 0.462938017 0.500364431
1373 872697.051371068 0.462937577 0.500364166
1374 873967.911757443 0.462937138 0.500363901
1375 875239.696806035 0.462936699 0.500363636
1376 876512.406516521 0.462936261 0.500363372
1377 877786.040888573 0.462935824 0.500363108
1378 879060.599921857 0.462935387 0.500362845
1379 880336.083616051 0.462934951 0.500362582
1380 881612.491970825 0.462934516 0.500362319
1381 882889.824985847 0.462934081 0.500362056
1382 884168.082660786 0.462933647 0.500361795
1383 885447.264995315 0.462933213 0.500361533
1384 886727.371989101 0.462932780 0.500361272
1385 888008.403641814 0.462932348 0.500361011
1386 889290.359953117 0.462931917 0.500360750
1387 890573.240922681 0.462931485 0.500360490
1388 891857.046550175 0.462931055 0.500360231
1389 893141.776835259 0.462930625 0.500359971
1390 894427.431777603 0.462930196 0.500359712
1391 895714.011376867 0.462929767 0.500359454
1392 897001.515632723 0.462929339 0.500359195
1393 898289.944544830 0.462928912 0.500358938
1394 899579.298112857 0.462928485 0.500358680
1395 900869.576336458 0.462928059 0.500358423
1396 902160.779215305 0.462927634 0.500358166
1397 903452.906749054 0.462927209 0.500357910
1398 904745.958937368 0.462926784 0.500357654
1399 906039.935779914 0.462926361 0.500357398
1400 907334.837276346 0.462925937 0.500357143
1401 908630.663426328 0.462925515 0.500356888
1402 909927.414229520 0.462925093 0.500356633
1403 911225.089685581 0.462924671 0.500356379
1404 912523.689794170 0.462924251 0.500356125
1405 913823.214554943 0.462923831 0.500355872
1406 915123.663967565 0.462923411 0.500355619
1407 916425.038031689 0.462922992 0.500355366
1408 917727.336746976 0.462922573 0.500355114
1409 919030.560113078 0.462922156 0.500354862
1410 920334.708129657 0.462921738 0.500354610
1411 921639.780796366 0.462921322 0.500354359
1412 922945.778112863 0.462920906 0.500354108
1413 924252.700078806 0.462920490 0.500353857
1414 925560.546693845 0.462920075 0.500353607
1415 926869.317957639 0.462919661 0.500353357
1416 928179.013869838 0.462919247 0.500353107
1417 929489.634430102 0.462918834 0.500352858
1418 930801.179638084 0.462918421 0.500352609
1419 932113.649493435 0.462918009 0.500352361
1420 933427.043995809 0.462917598 0.500352113
1421 934741.363144861 0.462917187 0.500351865
1422 936056.606940239 0.462916776 0.500351617
1423 937372.775381604 0.462916367 0.500351370
1424 938689.868468596 0.462915957 0.500351124
1425 940007.886200880 0.462915549 0.500350877
1426 941326.828578094 0.462915141 0.500350631
1427 942646.695599903 0.462914733 0.500350385
1428 943967.487265945 0.462914326 0.500350140
1429 945289.203575880 0.462913920 0.500349895
1430 946611.844529353 0.462913514 0.500349650
1431 947935.410126017 0.462913109 0.500349406
1432 949259.900365518 0.462912704 0.500349162
1433 950585.315247512 0.462912300 0.500348918
1434 951911.654771641 0.462911896 0.500348675
1435 953238.918937558 0.462911493 0.500348432
1436 954567.107744914 0.462911090 0.500348189
1437 955896.221193351 0.462910688 0.500347947
1438 957226.259282524 0.462910287 0.500347705
1439 958557.222012076 0.462909886 0.500347464
1440 959889.109381659 0.462909486 0.500347222
1441 961221.921390918 0.462909086 0.500346981
1442 962555.658039500 0.462908687 0.500346741
1443 963890.319327054 0.462908288 0.500346500
1444 965225.905253228 0.462907890 0.500346260
1445 966562.415817668 0.462907492 0.500346021
1446 967899.851020016 0.462907095 0.500345781
1447 969238.210859925 0.462906698 0.500345543
1448 970577.495337037 0.462906302 0.500345304
1449 971917.704451001 0.462905907 0.500345066
1450 973258.838201460 0.462905512 0.500344828
1451 974600.896588063 0.462905117 0.500344590
1452 975943.879610452 0.462904723 0.500344353
1453 977287.787268278 0.462904330 0.500344116
1454 978632.619561179 0.462903937 0.500343879
1455 979978.376488807 0.462903545 0.500343643
1456 981325.058050802 0.462903153 0.500343407
1457 982672.664246809 0.462902761 0.500343171
1458 984021.195076476 0.462902371 0.500342936
1459 985370.650539446 0.462901980 0.500342700
1460 986721.030635365 0.462901591 0.500342466
1461 988072.335363874 0.462901201 0.500342231
1462 989424.564724615 0.462900813 0.500341997
1463 990777.718717243 0.462900425 0.500341763
1464 992131.797341392 0.462900037 0.500341530
1465 993486.800596706 0.462899650 0.500341297
1466 994842.728482835 0.462899263 0.500341064
1467 996199.580999418 0.462898877 0.500340832
1468 997557.358146098 0.462898491 0.500340599
1469 998916.059922523 0.462898106 0.500340368
1470 1000275.686328334 0.462897721 0.500340136
1471 1001636.237363173 0.462897337 0.500339905
1472 1002997.713026684 0.462896954 0.500339674
1473 1004360.113318511 0.462896571 0.500339443
1474 1005723.438238298 0.462896188 0.500339213
1475 1007087.687785687 0.462895806 0.500338983
1476 1008452.861960321 0.462895424 0.500338753
1477 1009818.960761841 0.462895043 0.500338524
1478 1011185.984189890 0.462894663 0.500338295
1479 1012553.932244117 0.462894283 0.500338066
1480 1013922.804924157 0.462893903 0.500337838
1481 1015292.602229661 0.462893524 0.500337610
1482 1016663.324160265 0.462893145 0.500337382
1483 1018034.970715611 0.462892767 0.500337154
1484 1019407.541895347 0.462892389 0.500336927
1485 1020781.037699112 0.462892012 0.500336700
1486 1022155.458126552 0.462891636 0.500336474
1487 1023530.803177306 0.462891259 0.500336247
1488 1024907.072851019 0.462890884 0.500336022
1489 1026284.267147335 0.462890509 0.500335796
1490 1027662.386065891 0.462890134 0.500335570
1491 1029041.429606333 0.462889760 0.500335345
1492 1030421.397768311 0.462889386 0.500335121
1493 1031802.290551454 0.462889013 0.500334896
1494 1033184.107955415 0.462888640 0.500334672
1495 1034566.849979829 0.462888267 0.500334448
1496 1035950.516624346 0.462887896 0.500334225
1497 1037335.107888604 0.462887524 0.500334001
1498 1038720.623772250 0.462887153 0.500333778
1499 1040107.064274928 0.462886783 0.500333556
1500 1041494.429396269 0.462886413 0.500333333
1501 1042882.719135928 0.462886044 0.500333111
1502 1044271.933493543 0.462885675 0.500332889
1503 1045662.072468761 0.462885306 0.500332668
1504 1047053.136061220 0.462884938 0.500332447
1505 1048445.124270563 0.462884570 0.500332226
1506 1049838.037096440 0.462884203 0.500332005
1507 1051231.874538490 0.462883837 0.500331785
1508 1052626.636596355 0.462883471 0.500331565
1509 1054022.323269678 0.462883105 0.500331345
1510 1055418.934558104 0.462882740 0.500331126
1511 1056816.470461277 0.462882375 0.500330907
1512 1058214.930978845 0.462882010 0.500330688
1513 1059614.316110441 0.462881647 0.500330469
1514 1061014.625855718 0.462881283 0.500330251
1515 1062415.860214314 0.462880920 0.500330033
1516 1063818.019185877 0.462880558 0.500329815
1517 1065221.102770054 0.462880196 0.500329598
1518 1066625.110966478 0.462879834 0.500329381
1519 1068030.043774803 0.462879473 0.500329164
1520 1069435.901194672 0.462879112 0.500328947
1521 1070842.683225726 0.462878752 0.500328731
1522 1072250.389867610 0.462878392 0.500328515
1523 1073659.021119973 0.462878033 0.500328299
1524 1075068.576982456 0.462877674 0.500328084
1525 1076479.057454707 0.462877316 0.500327869
1526 1077890.462536369 0.462876958 0.500327654
1527 1079302.792227085 0.462876600 0.500327439
1528 1080716.046526504 0.462876243 0.500327225
1529 1082130.225434271 0.462875887 0.500327011
1530 1083545.328950033 0.462875530 0.500326797
1531 1084961.357073430 0.462875175 0.500326584
1532 1086378.309804111 0.462874819 0.500326371
1533 1087796.187141728 0.462874464 0.500326158
1534 1089214.989085918 0.462874110 0.500325945
1535 1090634.715636334 0.462873756 0.500325733
1536 1092055.366792619 0.462873402 0.500325521
1537 1093476.942554420 0.462873049 0.500325309
1538 1094899.442921386 0.462872697 0.500325098
1539 1096322.867893164 0.462872344 0.500324886
1540 1097747.217469395 0.462871993 0.500324675
1541 1099172.491649734 0.462871641 0.500324465
1542 1100598.690433825 0.462871290 0.500324254
1543 1102025.813821316 0.462870940 0.500324044
1544 1103453.861811853 0.462870590 0.500323834
1545 1104882.834405089 0.462870240 0.500323625
1546 1106312.731600671 0.462869891 0.500323415
1547 1107743.553398245 0.462869542 0.500323206
1548 1109175.299797459 0.462869193 0.500322997
1549 1110607.970797965 0.462868846 0.500322789
1550 1112041.566399409 0.462868498 0.500322581
1551 1113476.086601440 0.462868151 0.500322373
1552 1114911.531403715 0.462867804 0.500322165
1553 1116347.900805873 0.462867458 0.500321958
1554 1117785.194807571 0.462867112 0.500321750
1555 1119223.413408452 0.462866767 0.500321543
1556 1120662.556608177 0.462866422 0.500321337
1557 1122102.624406389 0.462866077 0.500321130
1558 1123543.616802740 0.462865733 0.500320924
1559 1124985.533796877 0.462865389 0.500320718
1560 1126428.375388457 0.462865046 0.500320513
1561 1127872.141577132 0.462864703 0.500320307
1562 1129316.832362548 0.462864360 0.500320102
1563 1130762.447744362 0.462864018 0.500319898
1564 1132208.987722224 0.462863677 0.500319693
1565 1133656.452295781 0.462863335 0.500319489
1566 1135104.841464695 0.462862994 0.500319285
1567 1136554.155228613 0.462862654 0.500319081
1568 1138004.393587190 0.462862314 0.500318878
1569 1139455.556540079 0.462861974 0.500318674
1570 1140907.644086932 0.462861635 0.500318471
1571 1142360.656227403 0.462861296 0.500318269
1572 1143814.592961147 0.462860958 0.500318066
1573 1145269.454287818 0.462860620 0.500317864
1574 1146725.240207071 0.462860282 0.500317662
1575 1148181.950718561 0.462859945 0.500317460
1576 1149639.585821939 0.462859608 0.500317259
1577 1151098.145516864 0.462859272 0.500317058
1578 1152557.629802993 0.462858936 0.500316857
1579 1154018.038679981 0.462858600 0.500316656
1580 1155479.372147478 0.462858265 0.500316456
1581 1156941.630205148 0.462857930 0.500316256
1582 1158404.812852644 0.462857596 0.500316056
1583 1159868.920089622 0.462857261 0.500315856
1584 1161333.951915740 0.462856928 0.500315657
1585 1162799.908330654 0.462856595 0.500315457
1586 1164266.789334030 0.462856262 0.500315259
1587 1165734.594925513 0.462855929 0.500315060
1588 1167203.325104773 0.462855597 0.500314861
1589 1168672.979871459 0.462855266 0.500314663
1590 1170143.559225240 0.462854934 0.500314465
1591 1171615.063165764 0.462854603 0.500314268
1592 1173087.491692697 0.462854273 0.500314070
1593 1174560.844805697 0.462853943 0.500313873
1594 1176035.122504423 0.462853613 0.500313676
1595 1177510.324788540 0.462853284 0.500313480
1596 1178986.451657705 0.462852955 0.500313283
1597 1180463.503111581 0.462852626 0.500313087
1598 1181941.479149823 0.462852298 0.500312891
1599 1183420.379772099 0.462851970 0.500312695
1600 1184900.204978065 0.462851643 0.500312500
1601 1186380.954767393 0.462851316 0.500312305
1602 1187862.629139736 0.462850989 0.500312110
1603 1189345.228094759 0.462850663 0.500311915
1604 1190828.751632129 0.462850337 0.500311721
1605 1192313.199751504 0.462850011 0.500311526
1606 1193798.572452550 0.462849686 0.500311333
1607 1195284.869734930 0.462849361 0.500311139
1608 1196772.091598312 0.462849037 0.500310945
1609 1198260.238042357 0.462848713 0.500310752
1610 1199749.309066732 0.462848389 0.500310559
1611 1201239.304671101 0.462848066 0.500310366
1612 1202730.224855128 0.462847743 0.500310174
1613 1204222.069618484 0.462847420 0.500309981
1614 1205714.838960829 0.462847098 0.500309789
1615 1207208.532881836 0.462846776 0.500309598
1616 1208703.151381166 0.462846455 0.500309406
1617 1210198.694458492 0.462846134 0.500309215
1618 1211695.162113476 0.462845813 0.500309023
1619 1213192.554345789 0.462845493 0.500308833
1620 1214690.871155103 0.462845173 0.500308642
1621 1216190.112541076 0.462844853 0.500308452
1622 1217690.278503385 0.462844534 0.500308261
1623 1219191.369041699 0.462844215 0.500308071
1624 1220693.384155688 0.462843896 0.500307882
1625 1222196.323845022 0.462843578 0.500307692
1626 1223700.188109366 0.462843260 0.500307503
1627 1225204.976948397 0.462842943 0.500307314
1628 1226710.690361782 0.462842626 0.500307125
1629 1228217.328349196 0.462842309 0.500306937
1630 1229724.890910307 0.462841993 0.500306748
1631 1231233.378044790 0.462841677 0.500306560
1632 1232742.789752317 0.462841361 0.500306373
1633 1234253.126032561 0.462841046 0.500306185
1634 1235764.386885194 0.462840731 0.500305998
1635 1237276.572309893 0.462840416 0.500305810
1636 1238789.682306326 0.462840102 0.500305623
1637 1240303.716874169 0.462839788 0.500305437
1638 1241818.676013104 0.462839475 0.500305250
1639 1243334.559722794 0.462839162 0.500305064
1640 1244851.368002925 0.462838849 0.500304878
1641 1246369.100853167 0.462838536 0.500304692
1642 1247887.758273194 0.462838224 0.500304507
1643 1249407.340262693 0.462837913 0.500304321
1644 1250927.846821329 0.462837601 0.500304136
1645 1252449.277948785 0.462837290 0.500303951
1646 1253971.633644738 0.462836979 0.500303767
1647 1255494.913908867 0.462836669 0.500303582
1648 1257019.118740848 0.462836359 0.500303398
1649 1258544.248140362 0.462836049 0.500303214
1650 1260070.302107086 0.462835740 0.500303030
1651 1261597.280640702 0.462835431 0.500302847
1652 1263125.183740888 0.462835122 0.500302663
1653 1264654.011407326 0.462834814 0.500302480
1654 1266183.763639696 0.462834506 0.500302297
1655 1267714.440437677 0.462834198 0.500302115
1656 1269246.041800953 0.462833891 0.500301932
1657 1270778.567729204 0.462833584 0.500301750
1658 1272312.018222114 0.462833278 0.500301568
1659 1273846.393279367 0.462832971 0.500301386
1660 1275381.692900639 0.462832665 0.500301205
1661 1276917.917085624 0.462832360 0.500301023
1662 1278455.065833997 0.462832055 0.500300842
1663 1279993.139145446 0.462831750 0.500300661
1664 1281532.137019655 0.462831445 0.500300481
1665 1283072.059456307 0.462831141 0.500300300
1666 1284612.906455093 0.462830837 0.500300120
1667 1286154.678015692 0.462830533 0.500299940
1668 1287697.374137796 0.462830230 0.500299760
1669 1289240.994821087 0.462829927 0.500299581
1670 1290785.540065256 0.462829625 0.500299401
1671 1292331.009869985 0.462829322 0.500299222
1672 1293877.404234966 0.462829020 0.500299043
1673 1295424.723159887 0.462828719 0.500298864
1674 1296972.966644434 0.462828418 0.500298686
1675 1298522.134688303 0.462828117 0.500298507
1676 1300072.227291174 0.462827816 0.500298329
1677 1301623.244452742 0.462827516 0.500298151
1678 1303175.186172697 0.462827216 0.500297974
1679 1304728.052450728 0.462826916 0.500297796
1680 1306281.843286526 0.462826617 0.500297619
1681 1307836.558679786 0.462826318 0.500297442
1682 1309392.198630195 0.462826019 0.500297265
1683 1310948.763137454 0.462825721 0.500297089
1684 1312506.252201238 0.462825423 0.500296912
1685 1314064.665821262 0.462825125 0.500296736
1686 1315624.003997202 0.462824828 0.500296560
1687 1317184.266728763 0.462824531 0.500296384
1688 1318745.454015632 0.462824234 0.500296209
1689 1320307.565857510 0.462823938 0.500296033
1690 1321870.602254090 0.462823641 0.500295858
1691 1323434.563205065 0.462823346 0.500295683
1692 1324999.448710133 0.462823050 0.500295508
1693 1326565.258768990 0.462822755 0.500295334
1694 1328131.993381336 0.462822460 0.500295159
1695 1329699.652546864 0.462822166 0.500294985
1696 1331268.236265272 0.462821871 0.500294811
1697 1332837.744536259 0.462821578 0.500294638
1698 1334408.177359528 0.462821284 0.500294464
1699 1335979.534734770 0.462820991 0.500294291
1700 1337551.816661689 0.462820698 0.500294118
1701 1339125.023139988 0.462820405 0.500293945
1702 1340699.154169360 0.462820113 0.500293772
1703 1342274.209749513 0.462819821 0.500293600
1704 1343850.189880137 0.462819529 0.500293427
1705 1345427.094560947 0.462819238 0.500293255
1706 1347004.923791641 0.462818947 0.500293083
1707 1348583.677571917 0.462818656 0.500292912
1708 1350163.355901478 0.462818365 0.500292740
1709 1351743.958780031 0.462818075 0.500292569
1710 1353325.486207281 0.462817785 0.500292398
1711 1354907.938182924 0.462817496 0.500292227
1712 1356491.314706669 0.462817207 0.500292056
1713 1358075.615778229 0.462816918 0.500291886
1714 1359660.841397299 0.462816629 0.500291715
1715 1361246.991563586 0.462816341 0.500291545
1716 1362834.066276805 0.462816053 0.500291375
1717 1364422.065536653 0.462815765 0.500291206
1718 1366010.989342840 0.462815477 0.500291036
1719 1367600.837695071 0.462815190 0.500290867
1720 1369191.610593068 0.462814904 0.500290698
1721 1370783.308036517 0.462814617 0.500290529
1722 1372375.930025143 0.462814331 0.500290360
1723 1373969.476558653 0.462814045 0.500290192
1724 1375563.947636753 0.462813759 0.500290023
1725 1377159.343259155 0.462813474 0.500289855
1726 1378755.663425573 0.462813189 0.500289687
1727 1380352.908135710 0.462812904 0.500289519
1728 1381951.077389286 0.462812620 0.500289352
1729 1383550.171186007 0.462812336 0.500289184
1730 1385150.189525589 0.462812052 0.500289017
1731 1386751.132407747 0.462811768 0.500288850
1732 1388352.999832187 0.462811485 0.500288684
1733 1389955.791798630 0.462811202 0.500288517
1734 1391559.508306788 0.462810919 0.500288351
1735 1393164.149356374 0.462810637 0.500288184
1736 1394769.714947101 0.462810355 0.500288018
1737 1396376.205078696 0.462810073 0.500287853
1738 1397983.619750854 0.462809791 0.500287687
1739 1399591.958963316 0.462809510 0.500287522
1740 1401201.222715780 0.462809229 0.500287356
1741 1402811.411007972 0.462808949 0.500287191
1742 1404422.523839614 0.462808668 0.500287026
1743 1406034.561210413 0.462808388 0.500286862
1744 1407647.523120096 0.462808109 0.500286697
1745 1409261.409568380 0.462807829 0.500286533
1746 1410876.220554980 0.462807550 0.500286369
1747 1412491.956079624 0.462807271 0.500286205
1748 1414108.616142028 0.462806992 0.500286041
1749 1415726.200741910 0.462806714 0.500285878
1750 1417344.709878997 0.462806436 0.500285714
1751 1418964.143553010 0.462806158 0.500285551
1752 1420584.501763670 0.462805881 0.500285388
1753 1422205.784510703 0.462805603 0.500285225
1754 1423827.991793817 0.462805326 0.500285063
1755 1425451.123612759 0.462805050 0.500284900
1756 1427075.179967240 0.462804773 0.500284738
1757 1428700.160856985 0.462804497 0.500284576
1758 1430326.066281721 0.462804222 0.500284414
1759 1431952.896241175 0.462803946 0.500284252
1760 1433580.650735065 0.462803671 0.500284091
1761 1435209.329763127 0.462803396 0.500283930
1762 1436838.933325087 0.462803121 0.500283768
1763 1438469.461420663 0.462802847 0.500283607
1764 1440100.914049593 0.462802573 0.500283447
1765 1441733.291211597 0.462802299 0.500283286
1766 1443366.592906411 0.462802025 0.500283126
1767 1445000.819133756 0.462801752 0.500282965
1768 1446635.969893376 0.462801479 0.500282805
1769 1448272.045184981 0.462801206 0.500282646
1770 1449909.045008320 0.462800934 0.500282486
1771 1451546.969363112 0.462800661 0.500282326
1772 1453185.818249090 0.462800390 0.500282167
1773 1454825.591665992 0.462800118 0.500282008
1774 1456466.289613548 0.462799846 0.500281849
1775 1458107.912091486 0.462799575 0.500281690
1776 1459750.459099539 0.462799305 0.500281532
1777 1461393.930637447 0.462799034 0.500281373
1778 1463038.326704949 0.462798764 0.500281215
1779 1464683.647301757 0.462798494 0.500281057
1780 1466329.892427630 0.462798224 0.500280899
1781 1467977.062082289 0.462797954 0.500280741
1782 1469625.156265477 0.462797685 0.500280584
1783 1471274.174976932 0.462797416 0.500280426
1784 1472924.118216383 0.462797147 0.500280269
1785 1474574.985983574 0.462796879 0.500280112
1786 1476226.778278239 0.462796611 0.500279955
1787 1477879.495100120 0.462796343 0.500279799
1788 1479533.136448954 0.462796075 0.500279642
1789 1481187.702324472 0.462795808 0.500279486
1790 1482843.192726429 0.462795541 0.500279330
1791 1484499.607654552 0.462795274 0.500279174
1792 1486156.947108586 0.462795008 0.500279018
1793 1487815.211088277 0.462794741 0.500278862
1794 1489474.399593361 0.462794475 0.500278707
1795 1491134.512623582 0.462794209 0.500278552
1796 1492795.550178679 0.462793944 0.500278396
1797 1494457.512258395 0.462793679 0.500278242
1798 1496120.398862480 0.462793414 0.500278087
1799 1497784.209990672 0.462793149 0.500277932
1800 1499448.945642719 0.462792884 0.500277778
1801 1501114.605818355 0.462792620 0.500277624
1802 1502781.190517345 0.462792356 0.500277469
1803 1504448.699739414 0.462792093 0.500277316
1804 1506117.133484322 0.462791829 0.500277162
1805 1507786.491751810 0.462791566 0.500277008
1806 1509456.774541623 0.462791303 0.500276855
1807 1511127.981853513 0.462791040 0.500276702
1808 1512800.113687225 0.462790778 0.500276549
1809 1514473.170042510 0.462790516 0.500276396
1810 1516147.150919109 0.462790254 0.500276243
1811 1517822.056316784 0.462789992 0.500276091
1812 1519497.886235275 0.462789731 0.500275938
1813 1521174.640674334 0.462789470 0.500275786
1814 1522852.319633715 0.462789209 0.500275634
1815 1524530.923113166 0.462788948 0.500275482
1816 1526210.451112440 0.462788688 0.500275330
1817 1527890.903631291 0.462788428 0.500275179
1818 1529572.280669464 0.462788168 0.500275028
1819 1531254.582226724 0.462787908 0.500274876
1820 1532937.808302813 0.462787649 0.500274725
1821 1534621.958897486 0.462787390 0.500274574
1822 1536307.034010507 0.462787131 0.500274424
1823 1537993.033641622 0.462786872 0.500274273
1824 1539679.957790587 0.462786614 0.500274123
1825 1541367.806457164 0.462786356 0.500273973
1826 1543056.579641104 0.462786098 0.500273823
1827 1544746.277342159 0.462785840 0.500273673
1828 1546436.899560096 0.462785583 0.500273523
1829 1548128.446294672 0.462785326 0.500273373
1830 1549820.917545638 0.462785069 0.500273224
1831 1551514.313312754 0.462784812 0.500273075
1832 1553208.633595785 0.462784556 0.500272926
1833 1554903.878394484 0.462784300 0.500272777
1834 1556600.047708607 0.462784044 0.500272628
1835 1558297.141537925 0.462783788 0.500272480
1836 1559995.159882199 0.462783533 0.500272331
1837 1561694.102741180 0.462783278 0.500272183
1838 1563393.970114641 0.462783023 0.500272035
1839 1565094.762002334 0.462782768 0.500271887
1840 1566796.478404022 0.462782514 0.500271739
1841 1568499.119319476 0.462782260 0.500271592
1842 1570202.684748458 0.462782006 0.500271444
1843 1571907.174690729 0.462781752 0.500271297
1844 1573612.589146059 0.462781498 0.500271150
1845 1575318.928114201 0.462781245 0.500271003
1846 1577026.191594931 0.462780992 0.500270856
1847 1578734.379588016 0.462780739 0.500270709
1848 1580443.492093211 0.462780487 0.500270563
1849 1582153.529110292 0.462780235 0.500270416
1850 1583864.490639025 0.462779983 0.500270270
1851 1585576.376679178 0.462779731 0.500270124
1852 1587289.187230514 0.462779479 0.500269978
1853 1589002.922292812 0.462779228 0.500269833
1854 1590717.581865828 0.462778977 0.500269687
1855 1592433.165949346 0.462778726 0.500269542
1856 1594149.674543124 0.462778475 0.500269397
1857 1595867.107646936 0.462778225 0.500269251
1858 1597585.465260558 0.462777975 0.500269107
1859 1599304.747383754 0.462777725 0.500268962
1860 1601024.954016304 0.462777475 0.500268817
1861 1602746.085157973 0.462777226 0.500268673
1862 1604468.140808537 0.462776977 0.500268528
1863 1606191.120967764 0.462776728 0.500268384
1864 1607915.025635439 0.462776479 0.500268240
1865 1609639.854811325 0.462776231 0.500268097
1866 1611365.608495208 0.462775982 0.500267953
1867 1613092.286686846 0.462775734 0.500267809
1868 1614819.889386034 0.462775487 0.500267666
1869 1616548.416592533 0.462775239 0.500267523
1870 1618277.868306131 0.462774992 0.500267380
1871 1620008.244526600 0.462774745 0.500267237
1872 1621739.545253711 0.462774498 0.500267094
1873 1623471.770487248 0.462774251 0.500266951
1874 1625204.920226994 0.462774005 0.500266809
1875 1626938.994472720 0.462773758 0.500266667
1876 1628673.993224211 0.462773512 0.500266525
1877 1630409.916481238 0.462773267 0.500266383
1878 1632146.764243595 0.462773021 0.500266241
1879 1633884.536511048 0.462772776 0.500266099
1880 1635623.233283383 0.462772531 0.500265957
1881 1637362.854560385 0.462772286 0.500265816
1882 1639103.400341835 0.462772042 0.500265675
1883 1640844.870627518 0.462771797 0.500265534
1884 1642587.265417212 0.462771553 0.500265393
1885 1644330.584710701 0.462771309 0.500265252
1886 1646074.828507769 0.462771065 0.500265111
1887 1647819.996808203 0.462770822 0.500264971
1888 1649566.089611781 0.462770579 0.500264831
1889 1651313.106918296 0.462770336 0.500264690
1890 1653061.048727531 0.462770093 0.500264550
1891 1654809.915039270 0.462769850 0.500264410
1892 1656559.705853303 0.462769608 0.500264271
1893 1658310.421169413 0.462769366 0.500264131
1894 1660062.060987397 0.462769124 0.500263992
1895 1661814.625307024 0.462768882 0.500263852
1896 1663568.114128095 0.462768641 0.500263713
1897 1665322.527450409 0.462768400 0.500263574
1898 1667077.865273731 0.462768159 0.500263435
1899 1668834.127597873 0.462767918 0.500263296
1900 1670591.314422613 0.462767677 0.500263158
1901 1672349.425747747 0.462767437 0.500263019
1902 1674108.461573058 0.462767197 0.500262881
1903 1675868.421898353 0.462766957 0.500262743
1904 1677629.306723403 0.462766717 0.500262605
1905 1679391.116048017 0.462766478 0.500262467
1906 1681153.849871985 0.462766238 0.500262329
1907 1682917.508195096 0.462765999 0.500262192
1908 1684682.091017148 0.462765760 0.500262055
1909 1686447.598337935 0.462765522 0.500261917
1910 1688214.030157246 0.462765283 0.500261780
1911 1689981.386474888 0.462765045 0.500261643
1912 1691749.667290637 0.462764807 0.500261506
1913 1693518.872604307 0.462764569 0.500261370
1914 1695289.002415691 0.462764332 0.500261233
1915 1697060.056724581 0.462764095 0.500261097
1916 1698832.035530780 0.462763857 0.500260960
1917 1700604.938834084 0.462763621 0.500260824
1918 1702378.766634282 0.462763384 0.500260688
1919 1704153.518931191 0.462763147 0.500260552
1920 1705929.195724599 0.462762911 0.500260417
1921 1707705.797014304 0.462762675 0.500260281
1922 1709483.322800115 0.462762439 0.500260146
1923 1711261.773081821 0.462762204 0.500260010
1924 1713041.147859235 0.462761968 0.500259875
1925 1714821.447132148 0.462761733 0.500259740
1926 1716602.670900372 0.462761498 0.500259605
1927 1718384.819163700 0.462761263 0.500259471
1928 1720167.891921937 0.462761029 0.500259336
1929 1721951.889174890 0.462760794 0.500259202
1930 1723736.810922364 0.462760560 0.500259067
1931 1725522.657164162 0.462760326 0.500258933
1932 1727309.427900089 0.462760093 0.500258799
1933 1729097.123129941 0.462759859 0.500258665
1934 1730885.742853538 0.462759626 0.500258532
1935 1732675.287070672 0.462759393 0.500258398
1936 1734465.755781163 0.462759160 0.500258264
1937 1736257.148984811 0.462758927 0.500258131
1938 1738049.466681423 0.462758695 0.500257998
1939 1739842.708870803 0.462758462 0.500257865
1940 1741636.875552771 0.462758230 0.500257732
1941 1743431.966727126 0.462757998 0.500257599
1942 1745227.982393678 0.462757767 0.500257467
1943 1747024.922552239 0.462757535 0.500257334
1944 1748822.787202624 0.462757304 0.500257202
1945 1750621.576344636 0.462757073 0.500257069
1946 1752421.289978084 0.462756842 0.500256937
1947 1754221.928102791 0.462756612 0.500256805
1948 1756023.490718555 0.462756381 0.500256674
1949 1757825.977825193 0.462756151 0.500256542
1950 1759629.389422524 0.462755921 0.500256410
1951 1761433.725510357 0.462755691 0.500256279
1952 1763238.986088511 0.462755462 0.500256148
1953 1765045.171156781 0.462755232 0.500256016
1954 1766852.280715000 0.462755003 0.500255885
1955 1768660.314762989 0.462754774 0.500255754
1956 1770469.273300536 0.462754545 0.500255624
1957 1772279.156327485 0.462754317 0.500255493
1958 1774089.963843633 0.462754088 0.500255363
1959 1775901.695848809 0.462753860 0.500255232
1960 1777714.352342824 0.462753632 0.500255102
1961 1779527.933325498 0.462753404 0.500254972
1962 1781342.438796646 0.462753177 0.500254842
1963 1783157.868756096 0.462752949 0.500254712
1964 1784974.223203652 0.462752722 0.500254582
1965 1786791.502139148 0.462752495 0.500254453
1966 1788609.705562392 0.462752268 0.500254323
1967 1790428.833473209 0.462752041 0.500254194
1968 1792248.885871429 0.462751815 0.500254065
1969 1794069.862756860 0.462751589 0.500253936
1970 1795891.764129322 0.462751363 0.500253807
1971 1797714.589988648 0.462751137 0.500253678
1972 1799538.340334652 0.462750911 0.500253550
1973 1801363.015167166 0.462750686 0.500253421
1974 1803188.614486006 0.462750461 0.500253293
1975 1805015.138290991 0.462750236 0.500253165
1976 1806842.586581962 0.462750011 0.500253036
1977 1808670.959358736 0.462749786 0.500252908
1978 1810500.256621128 0.462749562 0.500252781
1979 1812330.478368972 0.462749338 0.500252653
1980 1814161.624602095 0.462749114 0.500252525
1981 1815993.695320324 0.462748890 0.500252398
1982 1817826.690523481 0.462748666 0.500252270
1983 1819660.610211403 0.462748443 0.500252143
1984 1821495.454383907 0.462748219 0.500252016
1985 1823331.223040824 0.462747996 0.500251889
1986 1825167.916181984 0.462747773 0.500251762
1987 1827005.533807218 0.462747551 0.500251636
1988 1828844.075916353 0.462747328 0.500251509
1989 1830683.542509212 0.462747106 0.500251383
1990 1832523.933585644 0.462746884 0.500251256
1991 1834365.249145468 0.462746662 0.500251130
1992 1836207.489188511 0.462746440 0.500251004
1993 1838050.653714614 0.462746218 0.500250878
1994 1839894.742723604 0.462745997 0.500250752
1995 1841739.756215318 0.462745776 0.500250627
1996 1843585.694189583 0.462745555 0.500250501
1997 1845432.556646231 0.462745334 0.500250376
1998 1847280.343585107 0.462745113 0.500250250
1999 1849129.055006032 0.462744893 0.500250125
2000 1850978.690908848 0.462744673 0.500250000
