1 12 72 100000 96055 3945 0
1 12 108 100000 100000 0 0
1 12 144 100000 100000 0 0
1 12 216 100000 100000 0 0
1 12 288 100000 100000 0 0
1 12 432 100000 100000 0 0
2 6 72 100000 85584 14416 0
2 6 108 100000 99985 15 0
2 6 144 100000 100000 0 0
2 6 216 100000 100000 0 0
2 6 288 100000 100000 0 0
2 6 432 100000 100000 0 0
3 4 72 100000 68397 31603 0
3 4 108 100000 99675 325 0
3 4 144 100000 100000 0 0
3 4 216 100000 100000 0 0
3 4 288 100000 100000 0 0
3 4 432 100000 100000 0 0
1 18 162 100000 99700 300 0
1 18 243 100000 100000 0 0
1 18 324 100000 100000 0 0
1 18 486 100000 100000 0 0
1 18 648 100000 100000 0 0
1 18 972 100000 100000 0 0
2 9 162 100000 98374 1626 0
2 9 243 100000 100000 0 0
2 9 324 100000 100000 0 0
2 9 486 100000 100000 0 0
2 9 648 100000 100000 0 0
2 9 972 100000 100000 0 0
3 6 162 100000 93184 6816 0
3 6 243 100000 100000 0 0
3 6 324 100000 100000 0 0
3 6 486 100000 100000 0 0
3 6 648 100000 100000 0 0
3 6 972 100000 100000 0 0
1 24 288 100000 99992 8 0
1 24 432 100000 100000 0 0
1 24 576 100000 100000 0 0
1 24 864 100000 100000 0 0
1 24 1152 100000 100000 0 0
1 24 1728 100000 100000 0 0
2 12 288 100000 99924 76 0
2 12 432 100000 100000 0 0
2 12 576 100000 100000 0 0
2 12 864 100000 100000 0 0
2 12 1152 100000 100000 0 0
2 12 1728 100000 100000 0 0
3 8 288 100000 99515 485 0
3 8 432 100000 100000 0 0
3 8 576 100000 100000 0 0
3 8 864 100000 100000 0 0
3 8 1152 100000 100000 0 0
3 8 1728 100000 100000 0 0
1 30 450 100000 100000 0 0
1 30 675 100000 100000 0 0
1 30 900 100000 100000 0 0
1 30 1350 100000 100000 0 0
1 30 1800 100000 100000 0 0
1 30 2700 100000 100000 0 0
2 15 450 100000 100000 0 0
2 15 675 100000 100000 0 0
2 15 900 100000 100000 0 0
2 15 1350 100000 100000 0 0
2 15 1800 100000 100000 0 0
2 15 2700 100000 100000 0 0
3 10 450 100000 99989 11 0
3 10 675 100000 100000 0 0
3 10 900 100000 100000 0 0
3 10 1350 100000 100000 0 0
3 10 1800 100000 100000 0 0
3 10 2700 100000 100000 0 0
