2 6 58 200000 97589 102411 0
2 6 72 200000 171176 28824 0
2 6 86 200000 196455 3545 0
2 6 101 200000 199845 155 0
2 6 115 200000 199995 5 0
2 6 144 200000 200000 0 0
2 8 102 200000 125774 74226 0
2 8 128 200000 192484 7516 0
2 8 154 200000 199853 147 0
2 8 179 200000 199999 1 0
2 8 205 200000 200000 0 0
2 8 256 200000 200000 0 0
2 10 160 200000 155446 44554 0
2 10 200 200000 198794 1206 0
2 10 240 200000 199999 1 0
2 10 280 200000 200000 0 0
2 10 320 200000 200000 0 0
2 10 400 200000 200000 0 0
