1 1.000000e+00 0.000000
2 1.000000e+00 0.000000
3 1.000000e+00 0.000000
4 1.000000e+00 0.000000
5 1.000000e+00 0.000000
6 1.000000e+00 0.000000
7 9.997143e-01 -0.000286
8 9.979648e-01 -0.002037
9 9.955253e-01 -0.004485
10 9.887557e-01 -0.011308
11 9.740143e-01 -0.026329
12 9.493393e-01 -0.051989
13 9.176459e-01 -0.085944
14 8.758275e-01 -0.132586
15 8.160377e-01 -0.203295
16 7.573850e-01 -0.277884
17 6.912697e-01 -0.369225
18 6.164590e-01 -0.483764
19 5.421594e-01 -0.612195
20 4.708655e-01 -0.753183
21 3.993388e-01 -0.917945
22 3.327581e-01 -1.100339
23 2.723119e-01 -1.300807
24 2.206407e-01 -1.511220
25 1.761419e-01 -1.736465
26 1.388134e-01 -1.974625
27 1.076780e-01 -2.228610
28 8.207373e-02 -2.500137
29 6.136285e-02 -2.790951
30 4.463943e-02 -3.109138
31 3.183511e-02 -3.447185
32 2.263278e-02 -3.788356
33 1.585666e-02 -4.144166
34 1.080491e-02 -4.527754
35 7.172611e-03 -4.937486
36 4.715195e-03 -5.356965
37 3.043212e-03 -5.794842
38 1.934842e-03 -6.247729
39 1.217859e-03 -6.710661
40 7.497141e-04 -7.195819
41 4.476707e-04 -7.711453
42 2.641684e-04 -8.238924
43 1.513255e-04 -8.796078
44 8.481105e-05 -9.375085
45 4.636337e-05 -9.979001
