1 1.000000e+00 0.000000
2 1.000000e+00 0.000000
3 1.000000e+00 0.000000
4 1.000000e+00 0.000000
5 1.000000e+00 0.000000
6 1.000000e+00 0.000000
7 9.997143e-01 -0.000286
8 9.974649e-01 -0.002538
9 9.941400e-01 -0.005877
10 9.877775e-01 -0.012298
11 9.717935e-01 -0.028612
12 9.444213e-01 -0.057183
13 9.034480e-01 -0.101537
14 8.567268e-01 -0.154636
15 8.030386e-01 -0.219353
16 7.419073e-01 -0.298531
17 6.807218e-01 -0.384602
18 6.186248e-01 -0.480256
19 5.481016e-01 -0.601295
20 4.778350e-01 -0.738490
21 4.057046e-01 -0.902130
22 3.369561e-01 -1.087803
23 2.756301e-01 -1.288695
24 2.187584e-01 -1.519787
25 1.693190e-01 -1.775971
26 1.268330e-01 -2.064884
27 9.325512e-02 -2.372416
28 6.839597e-02 -2.682441
29 4.891963e-02 -3.017577
30 3.399262e-02 -3.381612
31 2.323999e-02 -3.761881
32 1.573492e-02 -4.151873
33 1.035072e-02 -4.570699
34 6.643944e-03 -5.014050
35 4.145821e-03 -5.485654
36 2.579161e-03 -5.960291
37 1.575101e-03 -6.453436
38 9.431537e-04 -6.966281
39 5.588307e-04 -7.489664
40 3.229482e-04 -8.038018
41 1.856401e-04 -8.591701
42 1.037817e-04 -9.173221
43 5.701233e-05 -9.772243
44 3.076593e-05 -10.389103
45 1.628817e-05 -11.025072
