1 1.000000e+00 0.000000
2 1.000000e+00 0.000000
3 1.000000e+00 0.000000
4 1.000000e+00 0.000000
5 1.000000e+00 0.000000
6 1.000000e+00 0.000000
7 9.997143e-01 -0.000286
8 9.984646e-01 -0.001537
9 9.938051e-01 -0.006214
10 9.794943e-01 -0.020719
11 9.606168e-01 -0.040180
12 9.372418e-01 -0.064814
13 9.007615e-01 -0.104515
14 8.567528e-01 -0.154606
15 8.090032e-01 -0.211952
16 7.463054e-01 -0.292620
17 6.764161e-01 -0.390947
18 6.089248e-01 -0.496060
19 5.391228e-01 -0.617812
20 4.669343e-01 -0.761567
21 3.921803e-01 -0.936034
22 3.257949e-01 -1.121487
23 2.649704e-01 -1.328137
24 2.060586e-01 -1.579595
25 1.574947e-01 -1.848363
26 1.183149e-01 -2.134406
27 8.728133e-02 -2.438619
28 6.307947e-02 -2.763360
29 4.535196e-02 -3.093302
30 3.188545e-02 -3.445605
31 2.201331e-02 -3.816108
32 1.483146e-02 -4.211004
33 9.832811e-03 -4.622030
34 6.486764e-03 -5.037992
35 4.239007e-03 -5.463426
36 2.694125e-03 -5.916682
37 1.664678e-03 -6.398124
38 1.017994e-03 -6.889921
39 5.969101e-04 -7.423744
40 3.456706e-04 -7.970024
41 1.965095e-04 -8.534800
42 1.092687e-04 -9.121701
43 5.906606e-05 -9.736854
44 3.142583e-05 -10.367880
45 1.616545e-05 -11.032634
