1 1.000000e+00 0.000000
2 1.000000e+00 0.000000
3 1.000000e+00 0.000000
4 1.000000e+00 0.000000
5 1.000000e+00 0.000000
6 1.000000e+00 0.000000
7 9.994286e-01 -0.000572
8 9.981793e-01 -0.001822
9 9.952957e-01 -0.004715
10 9.885276e-01 -0.011539
11 9.732504e-01 -0.027114
12 9.531366e-01 -0.047997
13 9.246891e-01 -0.078298
14 8.898151e-01 -0.116742
15 8.365448e-01 -0.178475
16 7.648111e-01 -0.268126
17 7.003870e-01 -0.356122
18 6.294145e-01 -0.462965
19 5.603777e-01 -0.579144
20 4.900503e-01 -0.713247
21 4.158426e-01 -0.877448
22 3.460567e-01 -1.061153
23 2.821415e-01 -1.265346
24 2.272415e-01 -1.481742
25 1.797753e-01 -1.716048
26 1.386897e-01 -1.975516
27 1.052706e-01 -2.251221
28 7.834391e-02 -2.546647
29 5.656430e-02 -2.872377
30 4.027001e-02 -3.212148
31 2.806430e-02 -3.573257
32 1.915739e-02 -3.955067
33 1.271587e-02 -4.364905
34 8.193505e-03 -4.804414
35 5.245716e-03 -5.250344
36 3.306258e-03 -5.711938
37 2.065786e-03 -6.182245
38 1.280244e-03 -6.660705
39 7.827213e-04 -7.152734
40 4.704546e-04 -7.661811
41 2.774994e-04 -8.189692
42 1.590336e-04 -8.746395
43 8.922893e-05 -9.324305
44 4.888123e-05 -9.926117
45 2.645669e-05 -10.540001
