1 1.000000e+00 0.000000
2 1.000000e+00 0.000000
3 1.000000e+00 0.000000
4 1.000000e+00 0.000000
5 1.000000e+00 0.000000
6 1.000000e+00 0.000000
7 9.997143e-01 -0.000286
8 9.982147e-01 -0.001787
9 9.935564e-01 -0.006464
10 9.820311e-01 -0.018132
11 9.656044e-01 -0.035001
12 9.432346e-01 -0.058440
13 9.134864e-01 -0.090487
14 8.748590e-01 -0.133693
15 8.235339e-01 -0.194151
16 7.585777e-01 -0.276310
17 6.862005e-01 -0.376585
18 6.088885e-01 -0.496120
19 5.248619e-01 -0.644620
20 4.435608e-01 -0.812920
21 3.748722e-01 -0.981170
22 3.133932e-01 -1.160297
23 2.552656e-01 -1.365451
24 2.028723e-01 -1.595178
25 1.564389e-01 -1.855090
26 1.183761e-01 -2.133888
27 8.903637e-02 -2.418710
28 6.637026e-02 -2.712506
29 4.805207e-02 -3.035470
30 3.345064e-02 -3.397684
31 2.293419e-02 -3.775126
32 1.536448e-02 -4.175697
33 1.012566e-02 -4.592683
34 6.568572e-03 -5.025459
35 4.101417e-03 -5.496423
36 2.469281e-03 -6.003828
37 1.482102e-03 -6.514294
38 8.714761e-04 -7.045322
39 4.991100e-04 -7.602684
40 2.835943e-04 -8.167966
41 1.577614e-04 -8.754427
42 8.639317e-05 -9.356602
43 4.690948e-05 -9.967291
44 2.492599e-05 -10.599599
45 1.319748e-05 -11.235484
