1 1.000000e+00 0.000000
2 1.000000e+00 0.000000
3 1.000000e+00 0.000000
4 1.000000e+00 0.000000
5 1.000000e+00 0.000000
6 1.000000e+00 0.000000
7 9.998571e-01 -0.000143
8 9.988573e-01 -0.001143
9 9.955278e-01 -0.004482
10 9.889573e-01 -0.011104
11 9.757412e-01 -0.024558
12 9.546002e-01 -0.046463
13 9.259621e-01 -0.076922
14 8.805239e-01 -0.127238
15 8.240529e-01 -0.193521
16 7.587982e-01 -0.276019
17 6.862214e-01 -0.376555
18 6.121476e-01 -0.490782
19 5.372079e-01 -0.621370
20 4.623211e-01 -0.771496
21 3.910356e-01 -0.938957
22 3.216090e-01 -1.134419
23 2.601118e-01 -1.346644
24 2.042202e-01 -1.588556
25 1.571352e-01 -1.850649
26 1.188184e-01 -2.130159
27 8.811925e-02 -2.429064
28 6.389590e-02 -2.750500
29 4.557100e-02 -3.088484
30 3.182678e-02 -3.447447
31 2.153955e-02 -3.837865
32 1.433457e-02 -4.245081
33 9.347007e-03 -4.672699
34 5.941947e-03 -5.125718
35 3.703870e-03 -5.598377
36 2.259567e-03 -6.092582
37 1.355374e-03 -6.603678
38 7.987431e-04 -7.132471
39 4.654829e-04 -7.672435
40 2.641732e-04 -8.238906
41 1.453726e-04 -8.836211
42 7.920382e-05 -9.443486
43 4.186014e-05 -10.081177
44 2.189666e-05 -10.729177
45 1.127240e-05 -11.393153
46 5.700894e-06 -12.074888
47 2.828856e-06 -12.775638
48 1.374294e-06 -13.497571
49 6.617925e-07 -14.228314
