1 1.000000e+00 0.000000
2 1.000000e+00 0.000000
3 1.000000e+00 0.000000
4 1.000000e+00 0.000000
5 1.000000e+00 0.000000
6 1.000000e+00 0.000000
7 9.994286e-01 -0.000572
8 9.979294e-01 -0.002073
9 9.937159e-01 -0.006304
10 9.873562e-01 -0.012724
11 9.747898e-01 -0.025533
12 9.572436e-01 -0.043697
13 9.298517e-01 -0.072730
14 8.927905e-01 -0.113403
15 8.412467e-01 -0.172870
16 7.752088e-01 -0.254623
17 7.073553e-01 -0.346222
18 6.363840e-01 -0.451953
19 5.628314e-01 -0.574775
20 4.885939e-01 -0.716224
21 4.161424e-01 -0.876728
22 3.495218e-01 -1.051189
23 2.880971e-01 -1.244458
24 2.324464e-01 -1.459096
25 1.849157e-01 -1.687855
26 1.445472e-01 -1.934149
27 1.102092e-01 -2.205375
28 8.263330e-02 -2.493343
29 6.093208e-02 -2.797995
30 4.362331e-02 -3.132164
31 3.048566e-02 -3.490499
32 2.081408e-02 -3.872125
33 1.397193e-02 -4.270705
34 9.195993e-03 -4.688987
35 5.995787e-03 -5.116698
36 3.796000e-03 -5.573807
37 2.371166e-03 -6.044373
38 1.460389e-03 -6.529053
39 8.881410e-04 -7.026380
40 5.322629e-04 -7.538373
41 3.161642e-04 -8.059249
42 1.877714e-04 -8.580285
43 1.117982e-04 -9.098815
44 6.667239e-05 -9.615720
45 3.941968e-05 -10.141245
