1 1.000000e+00 0.000000
2 1.000000e+00 0.000000
3 1.000000e+00 0.000000
4 1.000000e+00 0.000000
5 1.000000e+00 0.000000
6 1.000000e+00 0.000000
7 9.997143e-01 -0.000286
8 9.984646e-01 -0.001537
9 9.960240e-01 -0.003984
10 9.886534e-01 -0.011411
11 9.744527e-01 -0.025879
12 9.548013e-01 -0.046252
13 9.249821e-01 -0.077981
14 8.893042e-01 -0.117316
15 8.400960e-01 -0.174239
16 7.723633e-01 -0.258300
17 6.981255e-01 -0.359356
18 6.254429e-01 -0.469295
19 5.492047e-01 -0.599284
20 4.739637e-01 -0.746625
21 3.996642e-01 -0.917131
22 3.305586e-01 -1.106971
23 2.682412e-01 -1.315869
24 2.136764e-01 -1.543292
25 1.669753e-01 -1.789909
26 1.285196e-01 -2.051674
27 9.725603e-02 -2.330408
28 7.309485e-02 -2.615997
29 5.337436e-02 -2.930425
30 3.802390e-02 -3.269540
31 2.653823e-02 -3.629169
32 1.815215e-02 -4.008966
33 1.217184e-02 -4.408630
34 8.026254e-03 -4.825037
35 5.214314e-03 -5.256348
36 3.358308e-03 -5.696318
37 2.147865e-03 -6.143281
38 1.335520e-03 -6.618435
39 8.141191e-04 -7.113404
40 4.891634e-04 -7.622814
41 2.921379e-04 -8.138284
42 1.724309e-04 -8.665514
43 1.017102e-04 -9.193383
44 5.911674e-05 -9.735996
45 3.368078e-05 -10.298583
