1 1.000000e+00 0.000000
2 1.000000e+00 0.000000
3 1.000000e+00 0.000000
4 1.000000e+00 0.000000
5 1.000000e+00 0.000000
6 1.000000e+00 0.000000
7 9.997143e-01 -0.000286
8 9.987146e-01 -0.001286
9 9.963842e-01 -0.003622
10 9.896088e-01 -0.010446
11 9.777335e-01 -0.022518
12 9.589121e-01 -0.041956
13 9.336116e-01 -0.068695
14 8.992014e-01 -0.106248
15 8.508243e-01 -0.161550
16 7.918516e-01 -0.233381
17 7.283171e-01 -0.317019
18 6.560114e-01 -0.421577
19 5.796034e-01 -0.545411
20 5.015598e-01 -0.690033
21 4.282365e-01 -0.848080
22 3.552416e-01 -1.034957
23 2.886107e-01 -1.242677
24 2.314177e-01 -1.463531
25 1.818572e-01 -1.704533
26 1.398832e-01 -1.966948
27 1.047414e-01 -2.256261
28 7.657721e-02 -2.569456
29 5.557129e-02 -2.890089
30 3.945006e-02 -3.232720
31 2.765322e-02 -3.588013
32 1.908072e-02 -3.959077
33 1.280201e-02 -4.358153
34 8.396610e-03 -4.779927
35 5.451559e-03 -5.211854
36 3.480972e-03 -5.660444
37 2.172879e-03 -6.131702
38 1.329459e-03 -6.622983
39 8.011183e-04 -7.129502
40 4.779672e-04 -7.645968
41 2.766381e-04 -8.192800
42 1.574203e-04 -8.756592
43 8.910352e-05 -9.325712
44 4.995670e-05 -9.904354
45 2.801350e-05 -10.482824
46 1.545127e-05 -11.077819
47 8.246376e-06 -11.705737
48 4.290864e-06 -12.359022
49 2.225820e-06 -13.015385
