1 1.000000e+00 0.000000
2 1.000000e+00 0.000000
3 1.000000e+00 0.000000
4 1.000000e+00 0.000000
5 1.000000e+00 0.000000
6 1.000000e+00 0.000000
7 9.997143e-01 -0.000286
8 9.982147e-01 -0.001787
9 9.940000e-01 -0.006018
10 9.806804e-01 -0.019509
11 9.621367e-01 -0.038599
12 9.419318e-01 -0.059822
13 9.142535e-01 -0.089647
14 8.701081e-01 -0.139138
15 8.205699e-01 -0.197756
16 7.614889e-01 -0.272480
17 6.942987e-01 -0.364853
18 6.206259e-01 -0.477027
19 5.453668e-01 -0.606297
20 4.692336e-01 -0.756654
21 3.965695e-01 -0.924904
22 3.293329e-01 -1.110686
23 2.666451e-01 -1.321837
24 2.114051e-01 -1.553979
25 1.649298e-01 -1.802235
26 1.269579e-01 -2.063900
27 9.550056e-02 -2.348623
28 7.148899e-02 -2.638212
29 5.230529e-02 -2.950658
30 3.737387e-02 -3.286783
31 2.615207e-02 -3.643827
32 1.789782e-02 -4.023076
33 1.213472e-02 -4.411684
34 8.076014e-03 -4.818857
35 5.193569e-03 -5.260334
36 3.248578e-03 -5.729538
37 2.008675e-03 -6.210280
38 1.214508e-03 -6.713416
39 7.173072e-04 -7.240006
40 4.165761e-04 -7.783441
41 2.328965e-04 -8.364916
42 1.275829e-04 -8.966744
43 6.896600e-05 -9.581897
44 3.744540e-05 -10.192627
45 2.021885e-05 -10.808895
