1 1.000000e+00 0.000000
2 1.000000e+00 0.000000
3 1.000000e+00 0.000000
4 1.000000e+00 0.000000
5 1.000000e+00 0.000000
6 1.000000e+00 0.000000
7 9.997143e-01 -0.000286
8 9.984646e-01 -0.001537
9 9.944708e-01 -0.005545
10 9.817416e-01 -0.018427
11 9.628207e-01 -0.037888
12 9.347384e-01 -0.067489
13 8.986432e-01 -0.106869
14 8.570488e-01 -0.154260
15 8.041403e-01 -0.217981
16 7.436288e-01 -0.296213
17 6.701408e-01 -0.400267
18 5.943404e-01 -0.520303
19 5.177643e-01 -0.658235
20 4.418601e-01 -0.816762
21 3.722987e-01 -0.988059
22 3.095494e-01 -1.172638
23 2.496583e-01 -1.387662
24 1.929859e-01 -1.645138
25 1.478735e-01 -1.911398
26 1.116900e-01 -2.192028
27 8.326283e-02 -2.485753
28 6.031797e-02 -2.808125
29 4.248465e-02 -3.158612
30 2.923794e-02 -3.532288
31 1.992896e-02 -3.915582
32 1.331628e-02 -4.318768
33 8.741935e-03 -4.739624
34 5.621579e-03 -5.181143
35 3.468996e-03 -5.663890
36 2.120520e-03 -6.156094
37 1.261308e-03 -6.675606
38 7.304966e-04 -7.221786
39 4.264602e-04 -7.759992
40 2.510784e-04 -8.289745
41 1.479771e-04 -8.818453
42 8.706688e-05 -9.348834
43 5.103334e-05 -9.883031
44 3.006792e-05 -10.412052
45 1.754496e-05 -10.950744
