1 1.000000e+00 0.000000
2 1.000000e+00 0.000000
3 1.000000e+00 0.000000
4 1.000000e+00 0.000000
5 1.000000e+00 0.000000
6 1.000000e+00 0.000000
7 1.000000e+00 0.000000
8 9.990000e-01 -0.001001
9 9.950040e-01 -0.005009
10 9.864470e-01 -0.013646
11 9.692290e-01 -0.031254
12 9.438675e-01 -0.057769
13 9.075649e-01 -0.096990
14 8.615384e-01 -0.149036
15 8.115692e-01 -0.208786
16 7.456292e-01 -0.293527
17 6.761541e-01 -0.391334
18 6.035802e-01 -0.504876
19 5.285457e-01 -0.637626
20 4.526994e-01 -0.792527
21 3.784567e-01 -0.971654
22 3.093711e-01 -1.173214
23 2.471472e-01 -1.397771
24 1.870904e-01 -1.676163
25 1.386115e-01 -1.976080
26 9.943779e-02 -2.308223
27 7.093965e-02 -2.645926
28 5.007833e-02 -2.994167
29 3.460931e-02 -3.363633
30 2.355971e-02 -3.748217
31 1.581540e-02 -4.146771
32 1.053800e-02 -4.552767
33 6.790305e-03 -4.992259
34 4.317036e-03 -5.445186
35 2.706412e-03 -5.912132
36 1.681584e-03 -6.388019
37 1.039401e-03 -6.869111
38 6.395049e-04 -7.354816
39 3.833094e-04 -7.866668
40 2.278391e-04 -8.386871
41 1.311020e-04 -8.939535
42 7.481551e-05 -9.500485
43 4.185493e-05 -10.081301
44 2.314007e-05 -10.673945
45 1.259745e-05 -11.282016
