1 1.000000e+00 0.000000
2 1.000000e+00 0.000000
3 1.000000e+00 0.000000
4 1.000000e+00 0.000000
5 1.000000e+00 0.000000
6 1.000000e+00 0.000000
7 9.997143e-01 -0.000286
8 9.984646e-01 -0.001537
9 9.938051e-01 -0.006214
10 9.866497e-01 -0.013440
11 9.699664e-01 -0.030494
12 9.468489e-01 -0.054616
13 9.113056e-01 -0.092877
14 8.598819e-01 -0.150960
15 7.967093e-01 -0.227265
16 7.303832e-01 -0.314186
17 6.571731e-01 -0.419808
18 5.848110e-01 -0.536467
19 5.109401e-01 -0.671503
20 4.397662e-01 -0.821512
21 3.702412e-01 -0.993600
22 3.032612e-01 -1.193161
23 2.449032e-01 -1.406892
24 1.929633e-01 -1.645255
25 1.498167e-01 -1.898343
26 1.136878e-01 -2.174299
27 8.425533e-02 -2.473903
28 6.134390e-02 -2.791260
29 4.427760e-02 -3.117276
30 3.094119e-02 -3.475667
31 2.106396e-02 -3.860192
32 1.403650e-02 -4.266094
33 9.140738e-03 -4.695014
34 5.826414e-03 -5.145354
35 3.652995e-03 -5.612208
36 2.258971e-03 -6.092846
37 1.366983e-03 -6.595149
38 8.175997e-04 -7.109138
39 4.749206e-04 -7.652363
40 2.650769e-04 -8.235490
41 1.432838e-04 -8.850683
42 7.746194e-05 -9.465724
43 4.105483e-05 -10.100602
44 2.161164e-05 -10.742279
45 1.111991e-05 -11.406774
