1 1.000000e+00 0.000000
2 1.000000e+00 0.000000
3 1.000000e+00 0.000000
4 1.000000e+00 0.000000
5 1.000000e+00 0.000000
6 1.000000e+00 0.000000
7 9.997143e-01 -0.000286
8 9.979648e-01 -0.002037
9 9.937512e-01 -0.006268
10 9.859999e-01 -0.014099
11 9.687897e-01 -0.031708
12 9.426324e-01 -0.059079
13 9.052171e-01 -0.099580
14 8.604736e-01 -0.150272
15 8.080420e-01 -0.213141
16 7.470349e-01 -0.291643
17 6.791865e-01 -0.386860
18 6.052306e-01 -0.502146
19 5.245757e-01 -0.645166
20 4.503482e-01 -0.797734
21 3.796650e-01 -0.968466
22 3.146733e-01 -1.156220
23 2.579500e-01 -1.354990
24 2.068114e-01 -1.575948
25 1.636954e-01 -1.809748
26 1.250255e-01 -2.079238
27 9.457483e-02 -2.358364
28 7.046500e-02 -2.652639
29 5.140544e-02 -2.968011
30 3.649100e-02 -3.310689
31 2.509404e-02 -3.685125
32 1.690711e-02 -4.080021
33 1.124579e-02 -4.487761
34 7.424206e-03 -4.903010
35 4.771855e-03 -5.345020
36 3.024031e-03 -5.801165
37 1.878495e-03 -6.277284
38 1.135105e-03 -6.781030
39 6.848469e-04 -7.286315
40 4.003615e-04 -7.823143
41 2.273272e-04 -8.389120
42 1.248351e-04 -8.988517
43 6.730065e-05 -9.606341
44 3.560816e-05 -10.242936
45 1.818073e-05 -10.915148
