1 1.000000e+00 0.000000
2 1.000000e+00 0.000000
3 1.000000e+00 0.000000
4 1.000000e+00 0.000000
5 1.000000e+00 0.000000
6 1.000000e+00 0.000000
7 9.994286e-01 -0.000572
8 9.979294e-01 -0.002073
9 9.932724e-01 -0.006750
10 9.841343e-01 -0.015993
11 9.673146e-01 -0.033232
12 9.447439e-01 -0.056841
13 9.092797e-01 -0.095103
14 8.656342e-01 -0.144293
15 8.139270e-01 -0.205885
16 7.530860e-01 -0.283576
17 6.830047e-01 -0.381254
18 6.056734e-01 -0.501414
19 5.301873e-01 -0.634525
20 4.529921e-01 -0.791881
21 3.807290e-01 -0.965667
22 3.110210e-01 -1.167895
23 2.491414e-01 -1.389735
24 1.938320e-01 -1.640764
25 1.474208e-01 -1.914464
26 1.100440e-01 -2.206875
27 8.029951e-02 -2.521992
28 5.735679e-02 -2.858464
29 3.982144e-02 -3.223350
30 2.719273e-02 -3.604806
31 1.816299e-02 -4.008369
32 1.175827e-02 -4.443199
33 7.426236e-03 -4.902736
34 4.638339e-03 -5.373399
35 2.853771e-03 -5.859114
36 1.719239e-03 -6.365874
37 1.029220e-03 -6.878954
38 5.989519e-04 -7.420329
39 3.413718e-04 -7.982538
40 1.906562e-04 -8.565039
41 1.043680e-04 -9.167588
42 5.581202e-05 -9.793521
43 2.902225e-05 -10.447448
44 1.481586e-05 -11.119812
45 7.459291e-06 -11.806050
