1 1.000000e+00 0.000000
2 1.000000e+00 0.000000
3 1.000000e+00 0.000000
4 1.000000e+00 0.000000
5 1.000000e+00 0.000000
6 1.000000e+00 0.000000
7 9.997143e-01 -0.000286
8 9.992144e-01 -0.000786
9 9.956617e-01 -0.004348
10 9.853068e-01 -0.014802
11 9.664964e-01 -0.034078
12 9.433005e-01 -0.058370
13 9.109380e-01 -0.093280
14 8.718978e-01 -0.137083
15 8.209790e-01 -0.197258
16 7.614580e-01 -0.272520
17 6.879997e-01 -0.373967
18 6.110202e-01 -0.492625
19 5.307514e-01 -0.633462
20 4.503426e-01 -0.797747
21 3.739559e-01 -0.983617
22 3.049780e-01 -1.187516
23 2.442476e-01 -1.409573
24 1.919990e-01 -1.650265
25 1.481003e-01 -1.909865
26 1.115879e-01 -2.192943
27 8.384798e-02 -2.478750
28 6.101737e-02 -2.796597
29 4.381047e-02 -3.127882
30 3.103826e-02 -3.472535
31 2.136634e-02 -3.845939
32 1.411914e-02 -4.260224
33 9.112410e-03 -4.698118
34 5.718305e-03 -5.164083
35 3.546003e-03 -5.641934
36 2.139028e-03 -6.147404
37 1.246764e-03 -6.687204
38 7.113773e-04 -7.248308
39 3.982619e-04 -7.828401
40 2.194423e-04 -8.424421
41 1.197513e-04 -9.030094
42 6.501353e-05 -9.640915
43 3.421526e-05 -10.282839
44 1.761308e-05 -10.946869
45 8.907523e-06 -11.628614
