1 1.000000e+00 0.000000
2 1.000000e+00 0.000000
3 1.000000e+00 0.000000
4 1.000000e+00 0.000000
5 1.000000e+00 0.000000
6 1.000000e+00 0.000000
7 9.994286e-01 -0.000572
8 9.976796e-01 -0.002323
9 9.928020e-01 -0.007224
10 9.828740e-01 -0.017274
11 9.667906e-01 -0.033773
12 9.398816e-01 -0.062001
13 9.043107e-01 -0.100582
14 8.557363e-01 -0.155793
15 8.037075e-01 -0.218520
16 7.426258e-01 -0.297563
17 6.669653e-01 -0.405017
18 5.911536e-01 -0.525679
19 5.171660e-01 -0.659391
20 4.474521e-01 -0.804186
21 3.809735e-01 -0.965026
22 3.134026e-01 -1.160267
23 2.505041e-01 -1.384280
24 1.971885e-01 -1.623595
25 1.513776e-01 -1.887978
26 1.131606e-01 -2.178947
27 8.414958e-02 -2.475159
28 6.145324e-02 -2.789479
29 4.428024e-02 -3.117217
30 3.114967e-02 -3.468952
31 2.140284e-02 -3.844232
32 1.447501e-02 -4.235332
33 9.671936e-03 -4.638527
34 6.338532e-03 -5.061108
35 4.085274e-03 -5.500366
36 2.547169e-03 -5.972773
37 1.572911e-03 -6.454827
38 9.421737e-04 -6.967321
39 5.576219e-04 -7.491829
40 3.223891e-04 -8.039751
41 1.844852e-04 -8.597941
42 1.016074e-04 -9.194394
43 5.534060e-05 -9.802004
44 2.930536e-05 -10.437740
45 1.505514e-05 -11.103791
