1 1.000000e+00 0.000000
2 1.000000e+00 0.000000
3 1.000000e+00 0.000000
4 1.000000e+00 0.000000
5 1.000000e+00 0.000000
6 1.000000e+00 0.000000
7 1.000000e+00 0.000000
8 9.982500e-01 -0.001752
9 9.918168e-01 -0.008217
10 9.824938e-01 -0.017661
11 9.642730e-01 -0.036381
12 9.416125e-01 -0.060161
13 9.080042e-01 -0.096506
14 8.661063e-01 -0.143748
15 8.117148e-01 -0.208606
16 7.540831e-01 -0.282253
17 6.815137e-01 -0.383439
18 6.024581e-01 -0.506737
19 5.266118e-01 -0.641292
20 4.466721e-01 -0.805930
21 3.749919e-01 -0.980851
22 3.089251e-01 -1.174656
23 2.471670e-01 -1.397691
24 1.924813e-01 -1.647756
25 1.463936e-01 -1.921457
26 1.089956e-01 -2.216447
27 7.980095e-02 -2.528220
28 5.674418e-02 -2.869202
29 4.033141e-02 -3.210625
30 2.804646e-02 -3.573893
31 1.912045e-02 -3.956997
32 1.288838e-02 -4.351429
33 8.550072e-03 -4.761816
34 5.624439e-03 -5.180634
35 3.653314e-03 -5.612121
36 2.341368e-03 -6.057020
37 1.482529e-03 -6.514006
38 9.132380e-04 -6.998514
39 5.523451e-04 -7.501338
40 3.275959e-04 -8.023730
41 1.950554e-04 -8.542227
42 1.131507e-04 -9.086790
43 6.508533e-05 -9.639811
44 3.674658e-05 -10.211465
45 2.050133e-05 -10.795021
