1 1.000000e+00 0.000000
2 1.000000e+00 0.000000
3 1.000000e+00 0.000000
4 1.000000e+00 0.000000
5 1.000000e+00 0.000000
6 1.000000e+00 0.000000
7 9.997143e-01 -0.000286
8 9.984646e-01 -0.001537
9 9.940270e-01 -0.005991
10 9.888581e-01 -0.011204
11 9.746545e-01 -0.025672
12 9.543492e-01 -0.046726
13 9.195521e-01 -0.083869
14 8.734432e-01 -0.135312
15 8.182416e-01 -0.200598
16 7.549301e-01 -0.281130
17 6.823680e-01 -0.382186
18 6.048813e-01 -0.502723
19 5.260557e-01 -0.642348
20 4.498829e-01 -0.798768
21 3.753737e-01 -0.979833
22 3.043939e-01 -1.189433
23 2.439651e-01 -1.410730
24 1.918989e-01 -1.650787
25 1.488521e-01 -1.904802
26 1.137688e-01 -2.173587
27 8.448390e-02 -2.471194
28 6.253619e-02 -2.772010
29 4.550478e-02 -3.089938
30 3.231446e-02 -3.432240
31 2.239288e-02 -3.799012
32 1.514878e-02 -4.189835
33 1.023874e-02 -4.581577
34 6.956321e-03 -4.968105
35 4.603097e-03 -5.381026
36 2.980250e-03 -5.815748
37 1.905588e-03 -6.262965
38 1.208143e-03 -6.718671
39 7.572886e-04 -7.185766
40 4.635742e-04 -7.676544
41 2.763354e-04 -8.193895
42 1.603404e-04 -8.738212
43 9.062586e-05 -9.308771
44 5.042093e-05 -9.895104
45 2.802283e-05 -10.482491
