1 1.000000e+00 0.000000
2 1.000000e+00 0.000000
3 1.000000e+00 0.000000
4 1.000000e+00 0.000000
5 1.000000e+00 0.000000
6 1.000000e+00 0.000000
7 9.997143e-01 -0.000286
8 9.982147e-01 -0.001787
9 9.926691e-01 -0.007358
10 9.851248e-01 -0.014987
11 9.706166e-01 -0.029824
12 9.495866e-01 -0.051729
13 9.165702e-01 -0.087117
14 8.700870e-01 -0.139162
15 8.120812e-01 -0.208155
16 7.462011e-01 -0.292760
17 6.717566e-01 -0.397859
18 5.945046e-01 -0.520027
19 5.226634e-01 -0.648818
20 4.552921e-01 -0.786816
21 3.873018e-01 -0.948551
22 3.215661e-01 -1.134552
23 2.617828e-01 -1.340240
24 2.052813e-01 -1.583374
25 1.581980e-01 -1.843908
26 1.184660e-01 -2.133130
27 8.707687e-02 -2.440964
28 6.278242e-02 -2.768080
29 4.386543e-02 -3.126629
30 3.008876e-02 -3.503604
31 2.024294e-02 -3.899949
32 1.336161e-02 -4.315370
33 8.663990e-03 -4.748580
34 5.557695e-03 -5.192572
35 3.463555e-03 -5.665460
36 2.137783e-03 -6.147986
37 1.276892e-03 -6.663326
38 7.436217e-04 -7.203978
39 4.265338e-04 -7.759819
40 2.399039e-04 -8.335272
41 1.312801e-04 -8.938177
42 6.946593e-05 -9.574674
43 3.543085e-05 -10.247928
44 1.776374e-05 -10.938351
45 8.674233e-06 -11.655154
