1 1.000000e+00 0.000000
2 1.000000e+00 0.000000
3 1.000000e+00 0.000000
4 1.000000e+00 0.000000
5 1.000000e+00 0.000000
6 1.000000e+00 0.000000
7 9.994286e-01 -0.000572
8 9.976796e-01 -0.002323
9 9.928020e-01 -0.007224
10 9.818812e-01 -0.018285
11 9.640288e-01 -0.036634
12 9.360720e-01 -0.066063
13 9.019414e-01 -0.103206
14 8.600655e-01 -0.150747
15 8.143100e-01 -0.205414
16 7.554761e-01 -0.280407
17 6.872166e-01 -0.375106
18 6.126155e-01 -0.490018
19 5.338138e-01 -0.627708
20 4.584926e-01 -0.779811
21 3.908104e-01 -0.939533
22 3.223475e-01 -1.132125
23 2.561682e-01 -1.361921
24 2.011134e-01 -1.603887
25 1.551308e-01 -1.863487
26 1.161691e-01 -2.152708
27 8.461413e-02 -2.469654
28 6.019691e-02 -2.810134
29 4.174760e-02 -3.176113
30 2.851917e-02 -3.557179
31 1.923296e-02 -3.951130
32 1.287046e-02 -4.352821
33 8.302616e-03 -4.791185
34 5.242369e-03 -5.250982
35 3.271838e-03 -5.722403
36 1.994549e-03 -6.217338
37 1.173118e-03 -6.748090
38 6.855949e-04 -7.285224
39 3.875545e-04 -7.855654
40 2.154803e-04 -8.442641
41 1.162753e-04 -9.059550
42 6.049082e-05 -9.713019
43 3.081374e-05 -10.387550
44 1.554693e-05 -11.071647
45 7.597268e-06 -11.787722
