1 1.000000e+00 0.000000
2 1.000000e+00 0.000000
3 1.000000e+00 0.000000
4 1.000000e+00 0.000000
5 1.000000e+00 0.000000
6 1.000000e+00 0.000000
7 9.997143e-01 -0.000286
8 9.979648e-01 -0.002037
9 9.930858e-01 -0.006938
10 9.859356e-01 -0.014164
11 9.730288e-01 -0.027342
12 9.527574e-01 -0.048395
13 9.203636e-01 -0.082986
14 8.735566e-01 -0.135182
15 8.110099e-01 -0.209475
16 7.376135e-01 -0.304335
17 6.619431e-01 -0.412576
18 5.791266e-01 -0.546234
19 4.996339e-01 -0.693880
20 4.163949e-01 -0.876121
21 3.426335e-01 -1.071094
22 2.750724e-01 -1.290721
23 2.178813e-01 -1.523805
24 1.700019e-01 -1.771946
25 1.293510e-01 -2.045226
26 9.607795e-02 -2.342595
27 6.978106e-02 -2.662393
28 5.050653e-02 -2.985653
29 3.559143e-02 -3.335650
30 2.432081e-02 -3.716423
31 1.596073e-02 -4.137624
32 1.035452e-02 -4.570332
33 6.545314e-03 -5.029006
34 4.101602e-03 -5.496378
35 2.485102e-03 -5.997442
36 1.493822e-03 -6.506417
37 8.624603e-04 -7.055721
38 4.927372e-04 -7.615535
39 2.712834e-04 -8.212346
40 1.452994e-04 -8.836714
41 7.598095e-05 -9.485028
42 3.854405e-05 -10.163709
43 1.906945e-05 -10.867423
44 9.396036e-06 -11.575223
45 4.524713e-06 -12.305956
