1 1.000000e+00 0.000000
2 1.000000e+00 0.000000
3 1.000000e+00 0.000000
4 1.000000e+00 0.000000
5 1.000000e+00 0.000000
6 1.000000e+00 0.000000
7 9.997143e-01 -0.000286
8 9.984646e-01 -0.001537
9 9.953583e-01 -0.004652
10 9.871964e-01 -0.012886
11 9.735551e-01 -0.026801
12 9.495408e-01 -0.051777
13 9.194476e-01 -0.083982
14 8.776784e-01 -0.130475
15 8.257199e-01 -0.191500
16 7.638941e-01 -0.269326
17 6.936158e-01 -0.365837
18 6.180117e-01 -0.481248
19 5.405326e-01 -0.615200
20 4.617770e-01 -0.772673
21 3.914109e-01 -0.937997
22 3.245153e-01 -1.125423
23 2.644376e-01 -1.330150
24 2.102940e-01 -1.559249
25 1.629863e-01 -1.814089
26 1.229919e-01 -2.095636
27 9.082272e-02 -2.398846
28 6.465929e-02 -2.738624
29 4.519461e-02 -3.096777
30 3.057265e-02 -3.487649
31 2.044817e-02 -3.889862
32 1.364915e-02 -4.294078
33 9.005133e-03 -4.709961
34 5.904719e-03 -5.132003
35 3.774296e-03 -5.579541
36 2.394791e-03 -6.034459
37 1.501987e-03 -6.500966
38 9.487024e-04 -6.960415
39 5.886820e-04 -7.437624
40 3.602145e-04 -7.928811
41 2.170951e-04 -8.435175
42 1.276519e-04 -8.966203
43 7.363439e-05 -9.516398
44 4.232639e-05 -10.070100
45 2.357862e-05 -10.655170
