1 1.000000e+00 0.000000
2 1.000000e+00 0.000000
3 1.000000e+00 0.000000
4 1.000000e+00 0.000000
5 1.000000e+00 0.000000
6 1.000000e+00 0.000000
7 9.997143e-01 -0.000286
8 9.979648e-01 -0.002037
9 9.944165e-01 -0.005599
10 9.862623e-01 -0.013833
11 9.722753e-01 -0.028116
12 9.447275e-01 -0.056859
13 9.114440e-01 -0.092725
14 8.653510e-01 -0.144620
15 8.091608e-01 -0.211758
16 7.466532e-01 -0.292155
17 6.798057e-01 -0.385948
18 6.076708e-01 -0.498122
19 5.327034e-01 -0.629790
20 4.633454e-01 -0.769282
21 3.953440e-01 -0.927999
22 3.279917e-01 -1.114767
23 2.681832e-01 -1.316085
24 2.149041e-01 -1.537563
25 1.679003e-01 -1.784385
26 1.287666e-01 -2.049754
27 9.775769e-02 -2.325263
28 7.273871e-02 -2.620882
29 5.342031e-02 -2.929564
30 3.811717e-02 -3.267090
31 2.668448e-02 -3.623673
32 1.838394e-02 -3.996278
33 1.246097e-02 -4.385154
34 8.194919e-03 -4.804241
35 5.310776e-03 -5.238017
36 3.413058e-03 -5.680146
37 2.160005e-03 -6.137645
38 1.323173e-03 -6.627722
39 7.822330e-04 -7.153358
40 4.582712e-04 -7.688049
41 2.733308e-04 -8.204828
42 1.601458e-04 -8.739426
43 9.368159e-05 -9.275609
44 5.525936e-05 -9.803473
45 3.200622e-05 -10.349580
