1 1.000000e+00 0.000000
2 1.000000e+00 0.000000
3 1.000000e+00 0.000000
4 1.000000e+00 0.000000
5 1.000000e+00 0.000000
6 1.000000e+00 0.000000
7 1.000000e+00 0.000000
8 9.985000e-01 -0.001501
9 9.945060e-01 -0.005509
10 9.831686e-01 -0.016975
11 9.681530e-01 -0.032365
12 9.423356e-01 -0.059394
13 9.059469e-01 -0.098775
14 8.556021e-01 -0.155950
15 7.934284e-01 -0.231392
16 7.250944e-01 -0.321453
17 6.541204e-01 -0.424464
18 5.780971e-01 -0.548013
19 4.969809e-01 -0.699204
20 4.231296e-01 -0.860077
21 3.527692e-01 -1.041941
22 2.918684e-01 -1.231452
23 2.337739e-01 -1.453401
24 1.831618e-01 -1.697385
25 1.420164e-01 -1.951813
26 1.079652e-01 -2.225946
27 7.993424e-02 -2.526551
28 5.751269e-02 -2.855750
29 4.041357e-02 -3.208590
30 2.733843e-02 -3.599462
31 1.810863e-02 -4.011367
32 1.170609e-02 -4.447646
33 7.423083e-03 -4.903161
34 4.650780e-03 -5.370720
35 2.808008e-03 -5.875280
36 1.689641e-03 -6.383239
37 1.012597e-03 -6.895237
38 5.995641e-04 -7.419308
39 3.500839e-04 -7.957338
40 1.963796e-04 -8.535461
41 1.073190e-04 -9.139704
42 5.815159e-05 -9.752457
43 3.030374e-05 -10.404239
44 1.526482e-05 -11.089960
45 7.601203e-06 -11.787204
