1 1.000000e+00 0.000000
2 1.000000e+00 0.000000
3 1.000000e+00 0.000000
4 1.000000e+00 0.000000
5 1.000000e+00 0.000000
6 1.000000e+00 0.000000
7 1.000000e+00 0.000000
8 9.985000e-01 -0.001501
9 9.942841e-01 -0.005732
10 9.829493e-01 -0.017198
11 9.679370e-01 -0.032588
12 9.440612e-01 -0.057564
13 9.073154e-01 -0.097265
14 8.575427e-01 -0.153684
15 7.999158e-01 -0.223249
16 7.380223e-01 -0.303781
17 6.754207e-01 -0.392420
18 6.058523e-01 -0.501119
19 5.301527e-01 -0.634590
20 4.551891e-01 -0.787042
21 3.840062e-01 -0.957097
22 3.182713e-01 -1.144851
23 2.592943e-01 -1.349792
24 2.062902e-01 -1.578471
25 1.625072e-01 -1.817033
26 1.259555e-01 -2.071826
27 9.516641e-02 -2.352128
28 6.975698e-02 -2.662738
29 4.967178e-02 -3.002318
30 3.449209e-02 -3.367025
31 2.337006e-02 -3.756300
32 1.555423e-02 -4.163422
33 1.012816e-02 -4.592435
34 6.633351e-03 -5.015645
35 4.252167e-03 -5.460326
36 2.655951e-03 -5.930953
37 1.632477e-03 -6.417657
38 9.692615e-04 -6.938976
39 5.674902e-04 -7.474287
40 3.273284e-04 -8.024547
41 1.844376e-04 -8.598200
42 1.042160e-04 -9.169045
43 5.870027e-05 -9.743066
44 3.245591e-05 -10.335628
45 1.757956e-05 -10.948773
