1 1.000000e+00 0.000000
2 1.000000e+00 0.000000
3 1.000000e+00 0.000000
4 1.000000e+00 0.000000
5 1.000000e+00 0.000000
6 1.000000e+00 0.000000
7 9.997143e-01 -0.000286
8 9.982147e-01 -0.001787
9 9.933346e-01 -0.006688
10 9.808185e-01 -0.019368
11 9.626288e-01 -0.038087
12 9.331082e-01 -0.069234
13 8.919079e-01 -0.114392
14 8.439997e-01 -0.169603
15 7.895336e-01 -0.236313
16 7.343649e-01 -0.308749
17 6.730238e-01 -0.395975
18 6.004120e-01 -0.510139
19 5.231169e-01 -0.647950
20 4.479450e-01 -0.803085
21 3.743540e-01 -0.982553
22 3.039074e-01 -1.191032
23 2.425445e-01 -1.416570
24 1.917719e-01 -1.651449
25 1.494593e-01 -1.900731
26 1.140605e-01 -2.171027
27 8.546931e-02 -2.459598
28 6.256964e-02 -2.771475
29 4.498541e-02 -3.101417
30 3.160375e-02 -3.454479
31 2.162716e-02 -3.833805
32 1.444019e-02 -4.237740
33 9.496391e-03 -4.656843
34 6.105062e-03 -5.098637
35 3.817234e-03 -5.568229
36 2.352900e-03 -6.052106
37 1.444935e-03 -6.539691
38 8.715241e-04 -7.045267
39 5.168808e-04 -7.567698
40 3.002561e-04 -8.110875
41 1.732404e-04 -8.660830
42 9.937401e-05 -9.216620
43 5.602845e-05 -9.789651
44 3.065011e-05 -10.392874
45 1.632221e-05 -11.022984
