1 1.000000e+00 0.000000
2 1.000000e+00 0.000000
3 1.000000e+00 0.000000
4 1.000000e+00 0.000000
5 1.000000e+00 0.000000
6 1.000000e+00 0.000000
7 9.994286e-01 -0.000572
8 9.976796e-01 -0.002323
9 9.919152e-01 -0.008118
10 9.782268e-01 -0.022014
11 9.602630e-01 -0.040548
12 9.375367e-01 -0.064499
13 9.078240e-01 -0.096705
14 8.687876e-01 -0.140657
15 8.233790e-01 -0.194339
16 7.605963e-01 -0.273653
17 6.869527e-01 -0.375490
18 6.117696e-01 -0.491400
19 5.299212e-01 -0.635027
20 4.496382e-01 -0.799312
21 3.733281e-01 -0.985298
22 3.004613e-01 -1.202436
23 2.405519e-01 -1.424819
24 1.886929e-01 -1.667634
25 1.460936e-01 -1.923508
26 1.091095e-01 -2.215404
27 8.002168e-02 -2.525458
28 5.809002e-02 -2.845761
29 4.115578e-02 -3.190391
30 2.875692e-02 -3.548877
31 1.960294e-02 -3.932076
32 1.312294e-02 -4.333393
33 8.654780e-03 -4.749644
34 5.579278e-03 -5.188696
35 3.555754e-03 -5.639188
36 2.214444e-03 -6.112754
37 1.354522e-03 -6.604307
38 8.001659e-04 -7.130691
39 4.622497e-04 -7.679405
40 2.619569e-04 -8.247331
41 1.454308e-04 -8.835810
42 7.849801e-05 -9.452437
43 4.167332e-05 -10.085650
44 2.147502e-05 -10.748620
45 1.071078e-05 -11.444259
