1 1.000000e+00 0.000000
2 1.000000e+00 0.000000
3 1.000000e+00 0.000000
4 1.000000e+00 0.000000
5 1.000000e+00 0.000000
6 1.000000e+00 0.000000
7 1.000000e+00 0.000000
8 9.992500e-01 -0.000750
9 9.948089e-01 -0.005205
10 9.866515e-01 -0.013438
11 9.712238e-01 -0.029198
12 9.487238e-01 -0.052638
13 9.173429e-01 -0.086274
14 8.748831e-01 -0.133665
15 8.227400e-01 -0.195115
16 7.598004e-01 -0.274699
17 6.974968e-01 -0.360257
18 6.250346e-01 -0.469948
19 5.532543e-01 -0.591937
20 4.749135e-01 -0.744623
21 3.984298e-01 -0.920224
22 3.301897e-01 -1.108088
23 2.694635e-01 -1.311322
24 2.157055e-01 -1.533841
25 1.683711e-01 -1.781585
26 1.289464e-01 -2.048359
27 9.709183e-02 -2.332098
28 7.252760e-02 -2.623788
29 5.281510e-02 -2.940958
30 3.813602e-02 -3.266596
31 2.633600e-02 -3.636819
32 1.801711e-02 -4.016433
33 1.210859e-02 -4.413840
34 8.065747e-03 -4.820129
35 5.213238e-03 -5.256554
36 3.347768e-03 -5.699461
37 2.135333e-03 -6.149133
38 1.351891e-03 -6.606251
39 8.376868e-04 -7.084866
40 5.124549e-04 -7.576298
41 3.073230e-04 -8.087611
42 1.804864e-04 -8.619855
43 1.032298e-04 -9.178553
44 5.832485e-05 -9.749482
45 3.236899e-05 -10.338310
