1 1.000000e+00 0.000000
2 1.000000e+00 0.000000
3 1.000000e+00 0.000000
4 1.000000e+00 0.000000
5 1.000000e+00 0.000000
6 1.000000e+00 0.000000
7 9.991429e-01 -0.000858
8 9.968948e-01 -0.003110
9 9.909134e-01 -0.009128
10 9.825897e-01 -0.017564
11 9.674043e-01 -0.033139
12 9.448315e-01 -0.056749
13 9.185216e-01 -0.084990
14 8.809934e-01 -0.126705
15 8.334198e-01 -0.182218
16 7.777890e-01 -0.251300
17 7.090691e-01 -0.343802
18 6.326472e-01 -0.457842
19 5.549315e-01 -0.588911
20 4.794053e-01 -0.735209
21 4.043898e-01 -0.905376
22 3.307541e-01 -1.106380
23 2.654949e-01 -1.326160
24 2.086126e-01 -1.567276
25 1.594468e-01 -1.836045
26 1.213267e-01 -2.109268
27 9.236109e-02 -2.382049
28 6.838679e-02 -2.682576
29 4.992707e-02 -2.997192
30 3.591088e-02 -3.326715
31 2.496154e-02 -3.690419
32 1.680692e-02 -4.085965
33 1.094894e-02 -4.514513
34 6.961594e-03 -4.967347
35 4.259700e-03 -5.458556
36 2.606937e-03 -5.949579
37 1.568812e-03 -6.457437
38 9.290671e-04 -6.981330
39 5.488166e-04 -7.507746
40 3.252013e-04 -8.031066
41 1.901079e-04 -8.567919
42 1.095565e-04 -9.119070
43 6.317077e-05 -9.669669
44 3.582070e-05 -10.236985
45 1.942915e-05 -10.848736
