1 1.000000e+00 0.000000
2 1.000000e+00 0.000000
3 1.000000e+00 0.000000
4 1.000000e+00 0.000000
5 1.000000e+00 0.000000
6 1.000000e+00 0.000000
7 9.997143e-01 -0.000286
8 9.974649e-01 -0.002538
9 9.939184e-01 -0.006100
10 9.829853e-01 -0.017161
11 9.669001e-01 -0.033660
12 9.404715e-01 -0.061374
13 9.053123e-01 -0.099475
14 8.597880e-01 -0.151069
15 8.070544e-01 -0.214364
16 7.474332e-01 -0.291110
17 6.802522e-01 -0.385292
18 6.104129e-01 -0.493620
19 5.383842e-01 -0.619183
20 4.713554e-01 -0.752143
21 4.022233e-01 -0.910748
22 3.370997e-01 -1.087377
23 2.767148e-01 -1.284768
24 2.206801e-01 -1.511041
25 1.763675e-01 -1.735185
26 1.375260e-01 -1.983942
27 1.051208e-01 -2.252645
28 7.803716e-02 -2.550570
29 5.671956e-02 -2.869636
30 3.998351e-02 -3.219288
31 2.764795e-02 -3.588204
32 1.881443e-02 -3.973131
33 1.235709e-02 -4.393525
34 7.965235e-03 -4.832669
35 5.089102e-03 -5.280654
36 3.226491e-03 -5.736360
37 2.012110e-03 -6.208572
38 1.232894e-03 -6.698391
39 7.586406e-04 -7.183982
40 4.681571e-04 -7.666707
41 2.806430e-04 -8.178427
42 1.679582e-04 -8.691796
43 9.938437e-05 -9.216516
44 5.749838e-05 -9.763754
45 3.242397e-05 -10.336612
