1 1.000000e+00 0.000000
2 1.000000e+00 0.000000
3 1.000000e+00 0.000000
4 1.000000e+00 0.000000
5 1.000000e+00 0.000000
6 1.000000e+00 0.000000
7 1.000000e+00 0.000000
8 9.990000e-01 -0.001001
9 9.950040e-01 -0.005009
10 9.822679e-01 -0.017891
11 9.628012e-01 -0.037908
12 9.384102e-01 -0.063568
13 9.086698e-01 -0.095773
14 8.712846e-01 -0.137787
15 8.214471e-01 -0.196688
16 7.656914e-01 -0.266976
17 7.002022e-01 -0.356386
18 6.302598e-01 -0.461623
19 5.531027e-01 -0.592212
20 4.724604e-01 -0.749801
21 3.952918e-01 -0.928131
22 3.252174e-01 -1.123261
23 2.641331e-01 -1.331302
24 2.105581e-01 -1.557994
25 1.640332e-01 -1.807687
26 1.252709e-01 -2.077277
27 9.306233e-02 -2.374486
28 6.848723e-02 -2.681108
29 4.934859e-02 -3.008846
30 3.507369e-02 -3.350304
31 2.457874e-02 -3.705874
32 1.667974e-02 -4.093560
33 1.125327e-02 -4.487097
34 7.547633e-03 -4.886521
35 5.018529e-03 -5.294618
36 3.279888e-03 -5.719946
37 2.107106e-03 -6.162440
38 1.301193e-03 -6.644473
39 7.973313e-04 -7.134240
40 4.731763e-04 -7.656043
41 2.753193e-04 -8.197579
42 1.589117e-04 -8.747162
43 9.016576e-05 -9.313861
44 5.070595e-05 -9.889467
45 2.819025e-05 -10.476534
