1 1.000000e+00 0.000000
2 1.000000e+00 0.000000
3 1.000000e+00 0.000000
4 1.000000e+00 0.000000
5 1.000000e+00 0.000000
6 1.000000e+00 0.000000
7 1.000000e+00 0.000000
8 9.982500e-01 -0.001752
9 9.955880e-01 -0.004422
10 9.854330e-01 -0.014674
11 9.691286e-01 -0.031358
12 9.447388e-01 -0.056847
13 9.118910e-01 -0.092235
14 8.689018e-01 -0.140525
15 8.182738e-01 -0.200558
16 7.630403e-01 -0.270444
17 6.960723e-01 -0.362302
18 6.227527e-01 -0.473606
19 5.452036e-01 -0.606596
20 4.696929e-01 -0.755676
21 3.976286e-01 -0.922237
22 3.297787e-01 -1.109333
23 2.667480e-01 -1.321451
24 2.102418e-01 -1.559497
25 1.624413e-01 -1.817439
26 1.225057e-01 -2.099598
27 8.962880e-02 -2.412079
28 6.469919e-02 -2.738007
29 4.562855e-02 -3.087222
30 3.167534e-02 -3.452217
31 2.167410e-02 -3.831637
32 1.454061e-02 -4.230810
33 9.698149e-03 -4.635820
34 6.318059e-03 -5.064343
35 3.981821e-03 -5.526016
36 2.467181e-03 -6.004679
37 1.491511e-03 -6.507966
38 8.851724e-04 -7.029728
39 5.182117e-04 -7.565127
40 2.973240e-04 -8.120688
41 1.681693e-04 -8.690539
42 9.403869e-05 -9.271804
43 5.158569e-05 -9.872266
44 2.763352e-05 -10.496481
45 1.445908e-05 -11.144188
