1 1.000000e+00 0.000000
2 1.000000e+00 0.000000
3 1.000000e+00 0.000000
4 1.000000e+00 0.000000
5 1.000000e+00 0.000000
6 1.000000e+00 0.000000
7 9.994286e-01 -0.000572
8 9.976796e-01 -0.002323
9 9.928020e-01 -0.007224
10 9.838668e-01 -0.016265
11 9.670516e-01 -0.033503
12 9.456153e-01 -0.055919
13 9.131734e-01 -0.090829
14 8.696020e-01 -0.139720
15 8.105850e-01 -0.209999
16 7.517163e-01 -0.285396
17 6.859190e-01 -0.376996
18 6.104679e-01 -0.493530
19 5.401035e-01 -0.615995
20 4.644890e-01 -0.766817
21 3.843314e-01 -0.956250
22 3.091073e-01 -1.174067
23 2.449205e-01 -1.406822
24 1.895889e-01 -1.662897
25 1.450886e-01 -1.930411
26 1.086267e-01 -2.219838
27 7.967567e-02 -2.529791
28 5.654696e-02 -2.872684
29 3.973887e-02 -3.225426
30 2.770859e-02 -3.586013
31 1.927445e-02 -3.948975
32 1.320059e-02 -4.327494
33 8.857995e-03 -4.726435
34 5.754050e-03 -5.157851
35 3.705279e-03 -5.597997
36 2.323004e-03 -6.064894
37 1.457214e-03 -6.531229
38 8.943461e-04 -7.019418
39 5.283521e-04 -7.545748
40 3.036704e-04 -8.099568
41 1.705591e-04 -8.676429
42 9.401053e-05 -9.272104
43 5.195503e-05 -9.865132
44 2.870752e-05 -10.458352
45 1.553523e-05 -11.072400
