1 1.000000e+00 0.000000
2 1.000000e+00 0.000000
3 1.000000e+00 0.000000
4 1.000000e+00 0.000000
5 1.000000e+00 0.000000
6 1.000000e+00 0.000000
7 9.991429e-01 -0.000858
8 9.966450e-01 -0.003361
9 9.933228e-01 -0.006700
10 9.829923e-01 -0.017154
11 9.661921e-01 -0.034393
12 9.471903e-01 -0.054255
13 9.225633e-01 -0.080599
14 8.821023e-01 -0.125447
15 8.283529e-01 -0.188316
16 7.646733e-01 -0.268307
17 6.921643e-01 -0.367932
18 6.188718e-01 -0.479857
19 5.414802e-01 -0.613449
20 4.639402e-01 -0.768000
21 3.903284e-01 -0.940767
22 3.204241e-01 -1.138110
23 2.570916e-01 -1.358323
24 2.028667e-01 -1.595206
25 1.567916e-01 -1.852838
26 1.181485e-01 -2.135813
27 8.675601e-02 -2.444656
28 6.238377e-02 -2.774450
29 4.373317e-02 -3.129648
30 3.003886e-02 -3.505263
31 2.025976e-02 -3.899119
32 1.332839e-02 -4.317859
33 8.827432e-03 -4.729891
34 5.768986e-03 -5.155259
35 3.758742e-03 -5.583671
36 2.406848e-03 -6.029437
37 1.496409e-03 -6.504687
38 9.135969e-04 -6.998121
39 5.529370e-04 -7.500267
40 3.357710e-04 -7.999081
41 1.995954e-04 -8.519218
42 1.184171e-04 -9.041298
43 6.982752e-05 -9.569482
44 4.001117e-05 -10.126352
45 2.263565e-05 -10.695984
