1 1.000000e+00 0.000000
2 1.000000e+00 0.000000
3 1.000000e+00 0.000000
4 1.000000e+00 0.000000
5 1.000000e+00 0.000000
6 1.000000e+00 0.000000
7 1.000000e+00 0.000000
8 9.992500e-01 -0.000750
9 9.963633e-01 -0.003643
10 9.901858e-01 -0.009863
11 9.786637e-01 -0.021567
12 9.569700e-01 -0.043983
13 9.238441e-01 -0.079212
14 8.801594e-01 -0.127652
15 8.225383e-01 -0.195360
16 7.526226e-01 -0.284191
17 6.779801e-01 -0.388637
18 5.971498e-01 -0.515587
19 5.182003e-01 -0.657393
20 4.396412e-01 -0.821796
21 3.668701e-01 -1.002747
22 3.001331e-01 -1.203529
23 2.407850e-01 -1.423851
24 1.845818e-01 -1.689663
25 1.389089e-01 -1.973937
26 1.018416e-01 -2.284337
27 7.233769e-02 -2.626410
28 5.035220e-02 -2.988713
29 3.443049e-02 -3.368813
30 2.320385e-02 -3.763437
31 1.528460e-02 -4.180909
32 1.005727e-02 -4.599460
33 6.533567e-03 -5.030802
34 4.164188e-03 -5.481234
35 2.646758e-03 -5.934420
36 1.645695e-03 -6.409592
37 1.005120e-03 -6.902649
38 6.063516e-04 -7.408051
39 3.585248e-04 -7.933513
40 2.089662e-04 -8.473338
41 1.214654e-04 -9.015881
42 6.858748e-05 -9.587401
43 3.823672e-05 -10.171714
44 2.134999e-05 -10.754459
45 1.179469e-05 -11.347861
