1 1.000000e+00 0.000000
2 1.000000e+00 0.000000
3 1.000000e+00 0.000000
4 1.000000e+00 0.000000
5 1.000000e+00 0.000000
6 1.000000e+00 0.000000
7 9.991429e-01 -0.000858
8 9.966450e-01 -0.003361
9 9.931014e-01 -0.006923
10 9.841635e-01 -0.015963
11 9.702062e-01 -0.030247
12 9.493468e-01 -0.051981
13 9.177993e-01 -0.085777
14 8.753183e-01 -0.133168
15 8.232660e-01 -0.194476
16 7.571989e-01 -0.278129
17 6.865567e-01 -0.376066
18 6.115695e-01 -0.491727
19 5.310354e-01 -0.632927
20 4.483532e-01 -0.802174
21 3.682047e-01 -0.999116
22 2.957019e-01 -1.218404
23 2.346330e-01 -1.449733
24 1.814886e-01 -1.706562
25 1.355212e-01 -1.998627
26 9.784630e-02 -2.324357
27 7.056530e-02 -2.651217
28 4.995015e-02 -2.996730
29 3.421413e-02 -3.375116
30 2.242622e-02 -3.797524
31 1.442513e-02 -4.238784
32 9.203230e-03 -4.688201
33 5.732776e-03 -5.161555
34 3.497330e-03 -5.655755
35 2.149359e-03 -6.142585
36 1.277197e-03 -6.663087
37 7.302115e-04 -7.222176
38 4.099561e-04 -7.799460
39 2.229951e-04 -8.408361
40 1.178975e-04 -9.045695
41 6.292277e-05 -9.673602
42 3.269587e-05 -10.328262
43 1.647111e-05 -11.013902
44 8.180154e-06 -11.713800
45 3.935200e-06 -12.445549
