1 1.000000e+00 0.000000
2 1.000000e+00 0.000000
3 1.000000e+00 0.000000
4 1.000000e+00 0.000000
5 1.000000e+00 0.000000
6 1.000000e+00 0.000000
7 9.991429e-01 -0.000858
8 9.973944e-01 -0.002609
9 9.942914e-01 -0.005725
10 9.859393e-01 -0.014160
11 9.724947e-01 -0.027891
12 9.480202e-01 -0.053379
13 9.153500e-01 -0.088449
14 8.627828e-01 -0.147592
15 8.074496e-01 -0.213875
16 7.433583e-01 -0.296577
17 6.768059e-01 -0.390371
18 6.030340e-01 -0.505782
19 5.307969e-01 -0.633376
20 4.593516e-01 -0.777939
21 3.887427e-01 -0.944838
22 3.184863e-01 -1.144176
23 2.573092e-01 -1.357477
24 2.041534e-01 -1.588883
25 1.572961e-01 -1.849625
26 1.194241e-01 -2.125074
27 8.966537e-02 -2.411671
28 6.559662e-02 -2.724231
29 4.677718e-02 -3.062360
30 3.306834e-02 -3.409179
31 2.274462e-02 -3.783427
32 1.527443e-02 -4.181575
33 1.014037e-02 -4.591231
34 6.651488e-03 -5.012915
35 4.226546e-03 -5.466370
36 2.617171e-03 -5.945661
37 1.576103e-03 -6.452800
38 9.299007e-04 -6.980433
39 5.368150e-04 -7.529857
40 3.036225e-04 -8.099725
41 1.702360e-04 -8.678325
42 9.505653e-05 -9.261039
43 5.248889e-05 -9.854909
44 2.928403e-05 -10.438468
45 1.601641e-05 -11.041897
