1 1.000000e+00 0.000000
2 1.000000e+00 0.000000
3 1.000000e+00 0.000000
4 1.000000e+00 0.000000
5 1.000000e+00 0.000000
6 1.000000e+00 0.000000
7 9.997143e-01 -0.000286
8 9.989645e-01 -0.001036
9 9.947466e-01 -0.005267
10 9.855950e-01 -0.014510
11 9.673167e-01 -0.033229
12 9.432950e-01 -0.058376
13 9.163022e-01 -0.087409
14 8.767703e-01 -0.131510
15 8.259177e-01 -0.191260
16 7.633544e-01 -0.270033
17 6.942933e-01 -0.364861
18 6.183839e-01 -0.480646
19 5.441127e-01 -0.608599
20 4.701678e-01 -0.754666
21 4.019263e-01 -0.911487
22 3.339642e-01 -1.096721
23 2.699302e-01 -1.309592
24 2.130424e-01 -1.546264
25 1.655254e-01 -1.798630
26 1.257739e-01 -2.073270
27 9.501051e-02 -2.353768
28 7.047065e-02 -2.652559
29 5.151648e-02 -2.965854
30 3.721550e-02 -3.291030
31 2.663189e-02 -3.625646
32 1.856576e-02 -3.986436
33 1.277437e-02 -4.360315
34 8.611427e-03 -4.754665
35 5.669763e-03 -5.172608
36 3.668652e-03 -5.607931
37 2.344169e-03 -6.055824
38 1.472632e-03 -6.520704
39 8.961909e-04 -7.017357
40 5.395517e-04 -7.524772
41 3.221255e-04 -8.040569
42 1.883054e-04 -8.577446
43 1.088405e-04 -9.125627
44 6.217267e-05 -9.685595
45 3.543290e-05 -10.247870
