1 1.000000e+00 0.000000
2 1.000000e+00 0.000000
3 1.000000e+00 0.000000
4 1.000000e+00 0.000000
5 1.000000e+00 0.000000
6 1.000000e+00 0.000000
7 9.991429e-01 -0.000858
8 9.973944e-01 -0.002609
9 9.945130e-01 -0.005502
10 9.855624e-01 -0.014543
11 9.685390e-01 -0.031966
12 9.438413e-01 -0.057797
13 9.129123e-01 -0.091115
14 8.706575e-01 -0.138507
15 8.120333e-01 -0.208214
16 7.517398e-01 -0.285365
17 6.847023e-01 -0.378771
18 6.109827e-01 -0.492687
19 5.298184e-01 -0.635221
20 4.511934e-01 -0.795859
21 3.782719e-01 -0.972142
22 3.093577e-01 -1.173257
23 2.488850e-01 -1.390764
24 1.952295e-01 -1.633579
25 1.477809e-01 -1.912024
26 1.085963e-01 -2.220118
27 7.952464e-02 -2.531688
28 5.674083e-02 -2.869261
29 3.964032e-02 -3.227909
30 2.752359e-02 -3.592712
31 1.857221e-02 -3.986089
32 1.244106e-02 -4.386753
33 8.042956e-03 -4.822959
34 5.124309e-03 -5.273760
35 3.212210e-03 -5.740796
36 1.962839e-03 -6.233364
37 1.163486e-03 -6.756335
38 6.728623e-04 -7.303970
39 3.847392e-04 -7.862945
40 2.181087e-04 -8.430517
41 1.209173e-04 -9.020404
42 6.594024e-05 -9.626762
43 3.511394e-05 -10.256912
44 1.839651e-05 -10.903349
45 9.472979e-06 -11.567067
