1 1.000000e+00 0.000000
2 1.000000e+00 0.000000
3 1.000000e+00 0.000000
4 1.000000e+00 0.000000
5 1.000000e+00 0.000000
6 1.000000e+00 0.000000
7 9.997143e-01 -0.000286
8 9.987146e-01 -0.001286
9 9.936100e-01 -0.006410
10 9.834752e-01 -0.016663
11 9.645210e-01 -0.036124
12 9.392827e-01 -0.062639
13 9.098036e-01 -0.094526
14 8.656132e-01 -0.144317
15 8.089444e-01 -0.212025
16 7.469590e-01 -0.291745
17 6.763933e-01 -0.390980
18 6.016895e-01 -0.508014
19 5.273966e-01 -0.639802
20 4.495002e-01 -0.799619
21 3.783935e-01 -0.971821
22 3.110739e-01 -1.167725
23 2.466681e-01 -1.399712
24 1.902633e-01 -1.659346
25 1.427584e-01 -1.946602
26 1.048615e-01 -2.255115
27 7.653336e-02 -2.570029
28 5.375375e-02 -2.923342
29 3.770177e-02 -3.278048
30 2.582069e-02 -3.656579
31 1.727321e-02 -4.058599
32 1.133122e-02 -4.480193
33 7.352934e-03 -4.912656
34 4.688576e-03 -5.362626
35 2.970950e-03 -5.818874
36 1.852387e-03 -6.291280
37 1.104323e-03 -6.808523
38 6.303942e-04 -7.369165
39 3.631717e-04 -7.920635
40 2.051012e-04 -8.492007
41 1.111749e-04 -9.104406
42 5.885386e-05 -9.740453
43 3.125277e-05 -10.373403
44 1.663500e-05 -11.004002
45 8.714520e-06 -11.650520
