1 1.000000e+00 0.000000
2 1.000000e+00 0.000000
3 1.000000e+00 0.000000
4 1.000000e+00 0.000000
5 1.000000e+00 0.000000
6 1.000000e+00 0.000000
7 1.000000e+00 0.000000
8 9.995000e-01 -0.000500
9 9.975010e-01 -0.002502
10 9.901195e-01 -0.009930
11 9.755377e-01 -0.024766
12 9.522874e-01 -0.048888
13 9.168330e-01 -0.086830
14 8.734799e-01 -0.135270
15 8.146656e-01 -0.204978
16 7.539730e-01 -0.282399
17 6.921472e-01 -0.367957
18 6.200101e-01 -0.478019
19 5.461963e-01 -0.604777
20 4.671617e-01 -0.761080
21 3.889455e-01 -0.944316
22 3.191121e-01 -1.142213
23 2.573986e-01 -1.357130
24 2.022295e-01 -1.598352
25 1.576096e-01 -1.847634
26 1.170554e-01 -2.145108
27 8.456603e-02 -2.470223
28 6.044055e-02 -2.806095
29 4.090783e-02 -3.196434
30 2.729371e-02 -3.601099
31 1.789587e-02 -4.023186
32 1.165133e-02 -4.452335
33 7.360814e-03 -4.911585
34 4.507416e-03 -5.402031
35 2.725055e-03 -5.905267
36 1.610356e-03 -6.431300
37 9.341807e-04 -6.975841
38 5.310080e-04 -7.540734
39 2.948047e-04 -8.129197
40 1.611403e-04 -8.733235
41 8.602532e-05 -9.360869
42 4.532306e-05 -10.001695
43 2.315903e-05 -10.673126
44 1.170373e-05 -11.355603
45 5.854466e-06 -12.048306
