1 1.000000e+00 0.000000
2 1.000000e+00 0.000000
3 1.000000e+00 0.000000
4 1.000000e+00 0.000000
5 1.000000e+00 0.000000
6 1.000000e+00 0.000000
7 1.000000e+00 0.000000
8 9.987500e-01 -0.001251
9 9.949769e-01 -0.005036
10 9.860222e-01 -0.014076
11 9.695287e-01 -0.030945
12 9.431898e-01 -0.058488
13 9.069133e-01 -0.097708
14 8.638997e-01 -0.146299
15 8.187465e-01 -0.199981
16 7.605132e-01 -0.273762
17 6.886671e-01 -0.372997
18 6.103886e-01 -0.493660
19 5.317448e-01 -0.631592
20 4.519831e-01 -0.794110
21 3.813446e-01 -0.964052
22 3.137426e-01 -1.159182
23 2.533403e-01 -1.373022
24 1.981332e-01 -1.618815
25 1.514531e-01 -1.887480
26 1.125879e-01 -2.184021
27 8.188891e-02 -2.502392
28 5.769074e-02 -2.852659
29 4.035567e-02 -3.210023
30 2.788577e-02 -3.579639
31 1.892274e-02 -3.967391
32 1.256707e-02 -4.376676
33 8.183064e-03 -4.805689
34 5.286740e-03 -5.242553
35 3.314937e-03 -5.709317
36 2.019902e-03 -6.204706
37 1.208993e-03 -6.717967
38 7.114606e-04 -7.248190
39 4.164051e-04 -7.783852
40 2.402033e-04 -8.334025
41 1.389898e-04 -8.881110
42 7.791373e-05 -9.459908
43 4.289966e-05 -10.056647
44 2.302542e-05 -10.678912
45 1.232934e-05 -11.303528
