1 1.000000e+00 0.000000
2 1.000000e+00 0.000000
3 1.000000e+00 0.000000
4 1.000000e+00 0.000000
5 1.000000e+00 0.000000
6 1.000000e+00 0.000000
7 9.997143e-01 -0.000286
8 9.982147e-01 -0.001787
9 9.928909e-01 -0.007134
10 9.859407e-01 -0.014159
11 9.696278e-01 -0.030843
12 9.419934e-01 -0.059757
13 9.090961e-01 -0.095304
14 8.693556e-01 -0.140003
15 8.184694e-01 -0.200319
16 7.605626e-01 -0.273697
17 6.905014e-01 -0.370337
18 6.148531e-01 -0.486372
19 5.398411e-01 -0.616481
20 4.587029e-01 -0.779352
21 3.842183e-01 -0.956544
22 3.139413e-01 -1.158549
23 2.484231e-01 -1.392622
24 1.913479e-01 -1.653662
25 1.433885e-01 -1.942198
26 1.054788e-01 -2.249246
27 7.645257e-02 -2.571085
28 5.459260e-02 -2.907857
29 3.767266e-02 -3.278821
30 2.582837e-02 -3.656282
31 1.733334e-02 -4.055124
32 1.144434e-02 -4.470260
33 7.430495e-03 -4.902163
34 4.707437e-03 -5.358612
35 2.953581e-03 -5.824737
36 1.819570e-03 -6.309155
37 1.114757e-03 -6.799119
38 6.537756e-04 -7.332746
39 3.803968e-04 -7.874296
40 2.173207e-04 -8.434136
41 1.220812e-04 -9.010824
42 6.693540e-05 -9.611783
43 3.535746e-05 -10.250001
44 1.844856e-05 -10.900524
45 9.485838e-06 -11.565711
