1 1.000000e+00 0.000000
2 1.000000e+00 0.000000
3 1.000000e+00 0.000000
4 1.000000e+00 0.000000
5 1.000000e+00 0.000000
6 1.000000e+00 0.000000
7 9.997143e-01 -0.000286
8 9.982147e-01 -0.001787
9 9.924473e-01 -0.007581
10 9.833167e-01 -0.016824
11 9.657958e-01 -0.034803
12 9.413290e-01 -0.060463
13 9.085997e-01 -0.095851
14 8.671935e-01 -0.142493
15 8.173588e-01 -0.201677
16 7.552395e-01 -0.280720
17 6.882453e-01 -0.373610
18 6.178149e-01 -0.481566
19 5.398402e-01 -0.616482
20 4.599978e-01 -0.776534
21 3.886324e-01 -0.945121
22 3.163468e-01 -1.150916
23 2.525273e-01 -1.376236
24 1.963189e-01 -1.628015
25 1.494851e-01 -1.900559
26 1.110099e-01 -2.198136
27 7.972156e-02 -2.529215
28 5.573676e-02 -2.887115
29 3.752814e-02 -3.282664
30 2.521140e-02 -3.680459
31 1.653705e-02 -4.102152
32 1.039767e-02 -4.566173
33 6.436474e-03 -5.045774
34 3.921327e-03 -5.541325
35 2.348315e-03 -6.054057
36 1.376504e-03 -6.588208
37 8.031342e-04 -7.126989
38 4.598155e-04 -7.684685
39 2.587700e-04 -8.259571
40 1.433715e-04 -8.850071
41 7.856759e-05 -9.451551
42 4.223944e-05 -10.072156
43 2.223562e-05 -10.713815
44 1.127649e-05 -11.392790
45 5.607675e-06 -12.091374
