1 1.000000e+00 0.000000
2 1.000000e+00 0.000000
3 1.000000e+00 0.000000
4 1.000000e+00 0.000000
5 1.000000e+00 0.000000
6 1.000000e+00 0.000000
7 9.997143e-01 -0.000286
8 9.989645e-01 -0.001036
9 9.940807e-01 -0.005937
10 9.869233e-01 -0.013163
11 9.736447e-01 -0.026709
12 9.559568e-01 -0.045043
13 9.240426e-01 -0.078997
14 8.806126e-01 -0.127138
15 8.250753e-01 -0.192281
16 7.621633e-01 -0.271594
17 6.889059e-01 -0.372651
18 6.092990e-01 -0.495446
19 5.288716e-01 -0.637010
20 4.500697e-01 -0.798353
21 3.757010e-01 -0.978962
22 3.029517e-01 -1.194182
23 2.394372e-01 -1.429464
24 1.812739e-01 -1.707746
25 1.344327e-01 -2.006691
26 9.827032e-02 -2.320033
27 7.059449e-02 -2.650803
28 4.968339e-02 -3.002085
29 3.440832e-02 -3.369457
30 2.340913e-02 -3.754629
31 1.558595e-02 -4.161386
32 1.035589e-02 -4.570200
33 6.885096e-03 -4.978396
34 4.553479e-03 -5.391864
35 2.937904e-03 -5.830059
36 1.908495e-03 -6.261440
37 1.239387e-03 -6.693138
38 7.977087e-04 -7.133767
39 5.089382e-04 -7.583184
40 3.158725e-04 -8.060172
41 1.964573e-04 -8.535066
42 1.186789e-04 -9.039089
43 6.955688e-05 -9.573366
44 3.994462e-05 -10.128017
45 2.241869e-05 -10.705615
