1 1.000000e+00 0.000000
2 1.000000e+00 0.000000
3 1.000000e+00 0.000000
4 1.000000e+00 0.000000
5 1.000000e+00 0.000000
6 1.000000e+00 0.000000
7 1.000000e+00 0.000000
8 9.995000e-01 -0.000500
9 9.963904e-01 -0.003616
10 9.880208e-01 -0.012052
11 9.725717e-01 -0.027811
12 9.513372e-01 -0.049887
13 9.178209e-01 -0.085753
14 8.779612e-01 -0.130153
15 8.282101e-01 -0.188488
16 7.649556e-01 -0.267938
17 6.886400e-01 -0.373037
18 6.086047e-01 -0.496586
19 5.245532e-01 -0.645208
20 4.366381e-01 -0.828651
21 3.581680e-01 -1.026753
22 2.879996e-01 -1.244796
23 2.282710e-01 -1.477222
24 1.766627e-01 -1.733513
25 1.335288e-01 -2.013438
26 9.826690e-02 -2.320068
27 7.117435e-02 -2.642623
28 5.064563e-02 -2.982902
29 3.443205e-02 -3.368768
30 2.340231e-02 -3.754920
31 1.543647e-02 -4.171023
32 1.016684e-02 -4.588623
33 6.615226e-03 -5.018381
34 4.230243e-03 -5.465496
35 2.647407e-03 -5.934175
36 1.634774e-03 -6.416251
37 9.644281e-04 -6.943975
38 5.663223e-04 -7.476347
39 3.277990e-04 -8.023110
40 1.871240e-04 -8.583739
41 1.054558e-04 -9.157219
42 5.681557e-05 -9.775700
43 2.994049e-05 -10.416299
44 1.534178e-05 -11.084931
45 7.581565e-06 -11.789791
