1 1.000000e+00 0.000000
2 1.000000e+00 0.000000
3 1.000000e+00 0.000000
4 1.000000e+00 0.000000
5 1.000000e+00 0.000000
6 1.000000e+00 0.000000
7 1.000000e+00 0.000000
8 9.987500e-01 -0.001251
9 9.940892e-01 -0.005928
10 9.805696e-01 -0.019622
11 9.591753e-01 -0.041681
12 9.334374e-01 -0.068881
13 9.017006e-01 -0.103473
14 8.586766e-01 -0.152363
15 8.045227e-01 -0.217506
16 7.426750e-01 -0.297497
17 6.733878e-01 -0.395434
18 5.965468e-01 -0.516598
19 5.208795e-01 -0.652237
20 4.442061e-01 -0.811467
21 3.718639e-01 -0.989227
22 3.022240e-01 -1.196587
23 2.415426e-01 -1.420709
24 1.878397e-01 -1.672167
25 1.432991e-01 -1.942821
26 1.082680e-01 -2.223146
27 8.019050e-02 -2.523350
28 5.698108e-02 -2.865036
29 4.002036e-02 -3.218367
30 2.724853e-02 -3.602756
31 1.846923e-02 -3.991649
32 1.209965e-02 -4.414578
33 7.759179e-03 -4.858879
34 4.964505e-03 -5.305442
35 3.127922e-03 -5.767386
36 1.924541e-03 -6.253068
37 1.146818e-03 -6.770764
38 6.760192e-04 -7.299289
39 3.913284e-04 -7.845963
40 2.216680e-04 -8.414330
41 1.227716e-04 -9.005185
42 6.561851e-05 -9.631653
43 3.456722e-05 -10.272605
44 1.742816e-05 -10.957423
45 8.501072e-06 -11.675318
