1 1.000000e+00 0.000000
2 1.000000e+00 0.000000
3 1.000000e+00 0.000000
4 1.000000e+00 0.000000
5 1.000000e+00 0.000000
6 1.000000e+00 0.000000
7 9.997143e-01 -0.000286
8 9.979648e-01 -0.002037
9 9.926423e-01 -0.007385
10 9.837085e-01 -0.016426
11 9.681480e-01 -0.032370
12 9.441057e-01 -0.057517
13 9.108441e-01 -0.093383
14 8.695959e-01 -0.139727
15 8.192753e-01 -0.199335
16 7.622332e-01 -0.271503
17 6.944393e-01 -0.364650
18 6.269244e-01 -0.466929
19 5.532113e-01 -0.592015
20 4.748212e-01 -0.744817
21 3.989855e-01 -0.918830
22 3.287278e-01 -1.112525
23 2.652404e-01 -1.327119
24 2.120155e-01 -1.551096
25 1.660675e-01 -1.795361
26 1.238736e-01 -2.088494
27 8.940003e-02 -2.414634
28 6.258641e-02 -2.771207
29 4.267530e-02 -3.154135
30 2.849856e-02 -3.557902
31 1.861968e-02 -3.983536
32 1.189215e-02 -4.431876
33 7.448092e-03 -4.899797
34 4.655934e-03 -5.369613
35 2.789303e-03 -5.881963
36 1.641505e-03 -6.412142
37 9.486125e-04 -6.960510
38 5.346679e-04 -7.533865
39 2.957673e-04 -8.125937
40 1.594925e-04 -8.743513
41 8.274161e-05 -9.399788
42 4.144173e-05 -10.091222
43 2.025826e-05 -10.806948
44 9.687131e-06 -11.544712
45 4.604186e-06 -12.288545
