1 1.000000e+00 0.000000
2 1.000000e+00 0.000000
3 1.000000e+00 0.000000
4 1.000000e+00 0.000000
5 1.000000e+00 0.000000
6 1.000000e+00 0.000000
7 1.000000e+00 0.000000
8 9.972500e-01 -0.002754
9 9.923746e-01 -0.007655
10 9.858249e-01 -0.014277
11 9.754289e-01 -0.024878
12 9.536443e-01 -0.047464
13 9.248883e-01 -0.078082
14 8.831362e-01 -0.124276
15 8.310900e-01 -0.185017
16 7.736409e-01 -0.256647
17 7.066527e-01 -0.347216
18 6.322186e-01 -0.458520
19 5.544225e-01 -0.589828
20 4.694295e-01 -0.756237
21 3.932478e-01 -0.933315
22 3.214622e-01 -1.134875
23 2.522220e-01 -1.377445
24 1.951568e-01 -1.633952
25 1.476166e-01 -1.913137
26 1.093158e-01 -2.213515
27 8.012441e-02 -2.524175
28 5.761518e-02 -2.853969
29 4.028692e-02 -3.211729
30 2.728767e-02 -3.601320
31 1.814366e-02 -4.009434
32 1.183307e-02 -4.436857
33 7.510771e-03 -4.891417
34 4.782594e-03 -5.342772
35 3.040090e-03 -5.795868
36 1.922181e-03 -6.254295
37 1.173570e-03 -6.747705
38 7.004976e-04 -7.263720
39 4.130062e-04 -7.792048
40 2.356200e-04 -8.353290
41 1.305105e-04 -8.944057
42 7.108472e-05 -9.551638
43 3.744677e-05 -10.192590
44 1.931573e-05 -10.854591
45 9.751437e-06 -11.538096
