1 1.000000e+00 0.000000
2 1.000000e+00 0.000000
3 1.000000e+00 0.000000
4 1.000000e+00 0.000000
5 1.000000e+00 0.000000
6 1.000000e+00 0.000000
7 1.000000e+00 0.000000
8 9.995000e-01 -0.000500
9 9.955020e-01 -0.004508
10 9.875380e-01 -0.012540
11 9.749693e-01 -0.025349
12 9.544950e-01 -0.046573
13 9.205737e-01 -0.082758
14 8.752025e-01 -0.133300
15 8.229238e-01 -0.194892
16 7.605873e-01 -0.273664
17 6.925819e-01 -0.367329
18 6.143971e-01 -0.487114
19 5.336200e-01 -0.628071
20 4.542174e-01 -0.789179
21 3.807207e-01 -0.965689
22 3.136100e-01 -1.159605
23 2.527969e-01 -1.375169
24 1.997728e-01 -1.610575
25 1.548958e-01 -1.865003
26 1.180187e-01 -2.136912
27 8.768352e-02 -2.434021
28 6.311334e-02 -2.762823
29 4.494541e-02 -3.102307
30 3.106926e-02 -3.471536
31 2.087854e-02 -3.869033
32 1.393512e-02 -4.273343
33 9.009690e-03 -4.709455
34 5.671865e-03 -5.172237
35 3.514612e-03 -5.650826
36 2.137274e-03 -6.148224
37 1.285831e-03 -6.656350
38 7.616854e-04 -7.179977
39 4.405666e-04 -7.727449
40 2.506163e-04 -8.291587
41 1.403818e-04 -8.871145
42 7.789186e-05 -9.460189
43 4.271010e-05 -10.061075
44 2.323623e-05 -10.669798
45 1.234825e-05 -11.301996
