1 1.000000e+00 0.000000
2 1.000000e+00 0.000000
3 1.000000e+00 0.000000
4 1.000000e+00 0.000000
5 1.000000e+00 0.000000
6 1.000000e+00 0.000000
7 9.994286e-01 -0.000572
8 9.976796e-01 -0.002323
9 9.932454e-01 -0.006777
10 9.849022e-01 -0.015213
11 9.678902e-01 -0.032637
12 9.438543e-01 -0.057783
13 9.098755e-01 -0.094447
14 8.630819e-01 -0.147246
15 8.074995e-01 -0.213813
16 7.454229e-01 -0.293804
17 6.813166e-01 -0.383728
18 6.066746e-01 -0.499763
19 5.300420e-01 -0.634799
20 4.576382e-01 -0.781676
21 3.821061e-01 -0.962057
22 3.138828e-01 -1.158736
23 2.500964e-01 -1.385909
24 1.945541e-01 -1.637045
25 1.462269e-01 -1.922596
26 1.093552e-01 -2.213154
27 8.046924e-02 -2.519880
28 5.781715e-02 -2.850470
29 4.075910e-02 -3.200076
30 2.840909e-02 -3.561046
31 1.939516e-02 -3.942732
32 1.290990e-02 -4.349761
33 8.479068e-03 -4.770155
34 5.441567e-03 -5.213688
35 3.479182e-03 -5.660958
36 2.130806e-03 -6.151255
37 1.279405e-03 -6.661360
38 7.494620e-04 -7.196155
39 4.330737e-04 -7.744603
40 2.486060e-04 -8.299641
41 1.409899e-04 -8.866822
42 7.800770e-05 -9.458703
43 4.271556e-05 -10.060947
44 2.293243e-05 -10.682958
45 1.214909e-05 -11.318256
