1 1.000000e+00 0.000000
2 1.000000e+00 0.000000
3 1.000000e+00 0.000000
4 1.000000e+00 0.000000
5 1.000000e+00 0.000000
6 1.000000e+00 0.000000
7 1.000000e+00 0.000000
8 9.987500e-01 -0.001251
9 9.945331e-01 -0.005482
10 9.843888e-01 -0.015734
11 9.688176e-01 -0.031679
12 9.442742e-01 -0.057339
13 9.152196e-01 -0.088591
14 8.733810e-01 -0.135383
15 8.234236e-01 -0.194285
16 7.649605e-01 -0.267931
17 7.000739e-01 -0.356569
18 6.221323e-01 -0.474602
19 5.440056e-01 -0.608796
20 4.609903e-01 -0.774378
21 3.840269e-01 -0.957043
22 3.151115e-01 -1.154829
23 2.494861e-01 -1.388352
24 1.907321e-01 -1.656885
25 1.422404e-01 -1.950237
26 1.037042e-01 -2.266213
27 7.471311e-02 -2.594100
28 5.293958e-02 -2.938604
29 3.692262e-02 -3.298931
30 2.557260e-02 -3.666234
31 1.716994e-02 -4.064595
32 1.125812e-02 -4.486666
33 7.255003e-03 -4.926064
34 4.566384e-03 -5.389034
35 2.830897e-03 -5.867162
36 1.680138e-03 -6.388880
37 9.820177e-04 -6.925901
38 5.672444e-04 -7.474720
39 3.254238e-04 -8.030382
40 1.842061e-04 -8.599455
41 1.029398e-04 -9.181366
42 5.638649e-05 -9.783281
43 3.012612e-05 -10.410118
44 1.573131e-05 -11.059857
45 8.275369e-06 -11.702227
