1 1.000000e+00 0.000000
2 1.000000e+00 0.000000
3 1.000000e+00 0.000000
4 1.000000e+00 0.000000
5 1.000000e+00 0.000000
6 1.000000e+00 0.000000
7 9.994286e-01 -0.000572
8 9.969300e-01 -0.003075
9 9.936069e-01 -0.006414
10 9.878440e-01 -0.012231
11 9.759899e-01 -0.024303
12 9.546807e-01 -0.046378
13 9.194310e-01 -0.084000
14 8.739848e-01 -0.134692
15 8.175837e-01 -0.201402
16 7.544253e-01 -0.281799
17 6.802254e-01 -0.385331
18 6.013192e-01 -0.508629
19 5.237174e-01 -0.646803
20 4.457883e-01 -0.807911
21 3.718723e-01 -0.989205
22 3.016899e-01 -1.198356
23 2.385973e-01 -1.432978
24 1.842966e-01 -1.691209
25 1.394019e-01 -1.970394
26 1.032218e-01 -2.270876
27 7.496194e-02 -2.590775
28 5.339432e-02 -2.930051
29 3.790260e-02 -3.272736
30 2.658488e-02 -3.627413
31 1.818578e-02 -4.007116
32 1.210150e-02 -4.414426
33 7.956184e-03 -4.833806
34 5.124251e-03 -5.273771
35 3.273664e-03 -5.721845
36 2.033673e-03 -6.197912
37 1.245927e-03 -6.687876
38 7.413265e-04 -7.207069
39 4.309198e-04 -7.749589
40 2.459690e-04 -8.310305
41 1.375147e-04 -8.891780
42 7.472941e-05 -9.501637
43 3.914778e-05 -10.148167
44 2.005078e-05 -10.817242
45 1.001737e-05 -11.511190
