1 1.000000e+00 0.000000
2 1.000000e+00 0.000000
3 1.000000e+00 0.000000
4 1.000000e+00 0.000000
5 1.000000e+00 0.000000
6 1.000000e+00 0.000000
7 1.000000e+00 0.000000
8 9.995000e-01 -0.000500
9 9.955020e-01 -0.004508
10 9.903254e-01 -0.009722
11 9.775412e-01 -0.022715
12 9.571757e-01 -0.043768
13 9.243373e-01 -0.078678
14 8.789127e-01 -0.129070
15 8.313342e-01 -0.184723
16 7.744917e-01 -0.255548
17 7.079766e-01 -0.345344
18 6.342683e-01 -0.455283
19 5.515464e-01 -0.595029
20 4.679320e-01 -0.759432
21 3.870020e-01 -0.949325
22 3.187137e-01 -1.143462
23 2.540564e-01 -1.370199
24 1.982064e-01 -1.618447
25 1.484328e-01 -1.907623
26 1.095320e-01 -2.211539
27 7.844923e-02 -2.545304
28 5.525067e-02 -2.895875
29 3.805438e-02 -3.268739
30 2.559791e-02 -3.665245
31 1.666341e-02 -4.094540
32 1.050524e-02 -4.555881
33 6.483962e-03 -5.038423
34 3.931188e-03 -5.538814
35 2.343213e-03 -6.056232
36 1.387052e-03 -6.580575
37 8.064394e-04 -7.122882
38 4.671831e-04 -7.668789
39 2.618142e-04 -8.247875
40 1.432255e-04 -8.851091
41 7.577675e-05 -9.487719
42 3.915493e-05 -10.147984
43 2.001454e-05 -10.819051
44 9.955415e-06 -11.517394
45 4.890985e-06 -12.228117
