1 1.000000e+00 0.000000
2 1.000000e+00 0.000000
3 1.000000e+00 0.000000
4 1.000000e+00 0.000000
5 1.000000e+00 0.000000
6 1.000000e+00 0.000000
7 1.000000e+00 0.000000
8 9.990000e-01 -0.001001
9 9.956700e-01 -0.004339
10 9.873064e-01 -0.012775
11 9.736636e-01 -0.026689
12 9.493220e-01 -0.052007
13 9.182135e-01 -0.085325
14 8.750574e-01 -0.133466
15 8.226706e-01 -0.195199
16 7.601477e-01 -0.274243
17 6.877101e-01 -0.374388
18 6.096932e-01 -0.494799
19 5.294062e-01 -0.635999
20 4.540717e-01 -0.789500
21 3.818094e-01 -0.962834
22 3.138474e-01 -1.158849
23 2.529064e-01 -1.374736
24 1.982365e-01 -1.618295
25 1.522932e-01 -1.881948
26 1.148173e-01 -2.164413
27 8.394423e-02 -2.477603
28 5.929461e-02 -2.825237
29 4.081923e-02 -3.198602
30 2.717472e-02 -3.605468
31 1.786869e-02 -4.024705
32 1.156440e-02 -4.459824
33 7.399811e-03 -4.906301
34 4.617047e-03 -5.378000
35 2.794237e-03 -5.880196
36 1.666452e-03 -6.397059
37 9.784324e-04 -6.929559
38 5.760907e-04 -7.459245
39 3.345462e-04 -8.002736
40 1.937357e-04 -8.549016
41 1.107129e-04 -9.108570
42 6.239988e-05 -9.681947
43 3.430542e-05 -10.280207
44 1.862940e-05 -10.890769
45 1.004829e-05 -11.508108
