1 1.000000e+00 0.000000
2 1.000000e+00 0.000000
3 1.000000e+00 0.000000
4 1.000000e+00 0.000000
5 1.000000e+00 0.000000
6 1.000000e+00 0.000000
7 9.997143e-01 -0.000286
8 9.972150e-01 -0.002789
9 9.914533e-01 -0.008583
10 9.787627e-01 -0.021466
11 9.629246e-01 -0.037780
12 9.398144e-01 -0.062073
13 9.051135e-01 -0.099695
14 8.646420e-01 -0.145440
15 8.170291e-01 -0.202081
16 7.602455e-01 -0.274114
17 6.887825e-01 -0.372830
18 6.061286e-01 -0.500663
19 5.242693e-01 -0.645750
20 4.463629e-01 -0.806623
21 3.717140e-01 -0.989631
22 3.063937e-01 -1.182884
23 2.485253e-01 -1.392211
24 1.960864e-01 -1.629200
25 1.484767e-01 -1.907328
26 1.112775e-01 -2.195728
27 7.989727e-02 -2.527014
28 5.546012e-02 -2.892091
29 3.825983e-02 -3.263355
30 2.590446e-02 -3.653340
31 1.731922e-02 -4.055938
32 1.138739e-02 -4.475249
33 7.347970e-03 -4.913331
34 4.637866e-03 -5.373501
35 2.906219e-03 -5.840902
36 1.764559e-03 -6.339854
37 1.048434e-03 -6.860457
38 6.125065e-04 -7.397951
39 3.493171e-04 -7.959530
40 1.963861e-04 -8.535428
41 1.083189e-04 -9.130431
42 5.776493e-05 -9.759129
43 3.028763e-05 -10.404771
44 1.523605e-05 -11.091846
45 7.503587e-06 -11.800129
