1 1.000000e+00 0.000000
2 1.000000e+00 0.000000
3 1.000000e+00 0.000000
4 1.000000e+00 0.000000
5 1.000000e+00 0.000000
6 1.000000e+00 0.000000
7 9.994286e-01 -0.000572
8 9.984291e-01 -0.001572
9 9.933261e-01 -0.006696
10 9.841875e-01 -0.015939
11 9.661142e-01 -0.034473
12 9.416393e-01 -0.060133
13 9.104928e-01 -0.093769
14 8.692605e-01 -0.140112
15 8.151345e-01 -0.204402
16 7.529805e-01 -0.283716
17 6.847693e-01 -0.378673
18 6.150750e-01 -0.486011
19 5.435321e-01 -0.609667
20 4.679268e-01 -0.759443
21 3.902509e-01 -0.940965
22 3.194026e-01 -1.141303
23 2.555221e-01 -1.364446
24 1.988601e-01 -1.615154
25 1.511973e-01 -1.889170
26 1.137934e-01 -2.173371
27 8.360023e-02 -2.481709
28 6.006079e-02 -2.812398
29 4.261003e-02 -3.155666
30 2.987815e-02 -3.510628
31 2.031136e-02 -3.896575
32 1.306401e-02 -4.337894
33 8.216076e-03 -4.801663
34 5.101217e-03 -5.278276
35 3.093378e-03 -5.778492
36 1.864791e-03 -6.284606
37 1.111214e-03 -6.802302
38 6.620496e-04 -7.320170
39 3.898963e-04 -7.849630
40 2.149693e-04 -8.445015
41 1.165553e-04 -9.057145
42 6.356705e-05 -9.663415
43 3.496188e-05 -10.261252
44 1.882379e-05 -10.880389
45 1.001258e-05 -11.511668
