1 1.000000e+00 0.000000
2 1.000000e+00 0.000000
3 1.000000e+00 0.000000
4 1.000000e+00 0.000000
5 1.000000e+00 0.000000
6 1.000000e+00 0.000000
7 1.000000e+00 0.000000
8 9.995000e-01 -0.000500
9 9.966126e-01 -0.003393
10 9.900349e-01 -0.010015
11 9.797746e-01 -0.020433
12 9.634450e-01 -0.037240
13 9.367650e-01 -0.065323
14 8.994282e-01 -0.105996
15 8.445031e-01 -0.169007
16 7.810598e-01 -0.247104
17 7.165535e-01 -0.333302
18 6.471274e-01 -0.435212
19 5.715157e-01 -0.559463
20 4.918464e-01 -0.709589
21 4.136194e-01 -0.882809
22 3.419880e-01 -1.072980
23 2.712114e-01 -1.304857
24 2.076575e-01 -1.571865
25 1.563578e-01 -1.855608
26 1.145261e-01 -2.166953
27 8.225517e-02 -2.497929
28 5.725547e-02 -2.860232
29 3.819532e-02 -3.265042
30 2.496192e-02 -3.690404
