1 1.000000e+00 0.000000
2 1.000000e+00 0.000000
3 1.000000e+00 0.000000
4 1.000000e+00 0.000000
5 1.000000e+00 0.000000
6 1.000000e+00 0.000000
7 9.997143e-01 -0.000286
8 9.977149e-01 -0.002288
9 9.917286e-01 -0.008306
10 9.833980e-01 -0.016741
11 9.690941e-01 -0.031394
12 9.426055e-01 -0.059107
13 9.066415e-01 -0.098008
14 8.626046e-01 -0.147799
15 8.102733e-01 -0.210384
16 7.486925e-01 -0.289427
17 6.827195e-01 -0.381671
18 6.097443e-01 -0.494716
19 5.337509e-01 -0.627826
20 4.588657e-01 -0.778998
21 3.871952e-01 -0.948826
22 3.167257e-01 -1.149719
23 2.524992e-01 -1.376347
24 1.964865e-01 -1.627162
25 1.471448e-01 -1.916338
26 1.092041e-01 -2.214537
27 8.022860e-02 -2.522875
28 5.755256e-02 -2.855057
29 4.031854e-02 -3.210944
30 2.725534e-02 -3.602506
31 1.775465e-02 -4.031108
32 1.145064e-02 -4.469710
33 7.200719e-03 -4.933574
34 4.440726e-03 -5.416937
35 2.709604e-03 -5.910953
36 1.615827e-03 -6.427908
37 9.468747e-04 -6.962344
38 5.309974e-04 -7.540754
39 2.968684e-04 -8.122222
40 1.577113e-04 -8.754744
41 8.084051e-05 -9.423032
42 4.074747e-05 -10.108117
43 2.008376e-05 -10.815599
44 9.699545e-06 -11.543432
45 4.646298e-06 -12.279440
