1 1.000000e+00 0.000000
2 1.000000e+00 0.000000
3 1.000000e+00 0.000000
4 1.000000e+00 0.000000
5 1.000000e+00 0.000000
6 1.000000e+00 0.000000
7 9.997143e-01 -0.000286
8 9.992144e-01 -0.000786
9 9.949955e-01 -0.005017
10 9.864386e-01 -0.013654
11 9.747807e-01 -0.025543
12 9.547976e-01 -0.046256
13 9.273289e-01 -0.075447
14 8.898383e-01 -0.116716
15 8.332446e-01 -0.182428
16 7.697097e-01 -0.261742
17 6.908371e-01 -0.369851
18 6.036381e-01 -0.504780
19 5.219245e-01 -0.650232
20 4.457236e-01 -0.808056
21 3.761058e-01 -0.977885
22 3.109369e-01 -1.168165
23 2.485062e-01 -1.392288
24 1.903350e-01 -1.658969
25 1.409850e-01 -1.959102
26 9.932933e-02 -2.309314
27 6.911850e-02 -2.671933
28 4.777076e-02 -3.041342
29 3.218761e-02 -3.436174
30 2.134682e-02 -3.846852
31 1.366059e-02 -4.293240
32 8.595071e-03 -4.756566
33 5.344571e-03 -5.231674
34 3.217118e-03 -5.739269
35 1.890011e-03 -6.271173
36 1.072896e-03 -6.837394
37 5.903248e-04 -7.434838
38 3.229077e-04 -8.038144
39 1.748835e-04 -8.651391
40 9.134164e-05 -9.300904
41 4.736398e-05 -9.957648
42 2.439245e-05 -10.621237
43 1.211567e-05 -11.321011
44 5.978534e-06 -12.027335
45 2.901582e-06 -12.750254
