1 1.000000e+00 0.000000
2 1.000000e+00 0.000000
3 1.000000e+00 0.000000
4 1.000000e+00 0.000000
5 1.000000e+00 0.000000
6 1.000000e+00 0.000000
7 1.000000e+00 0.000000
8 9.992500e-01 -0.000750
9 9.965853e-01 -0.003421
10 9.888120e-01 -0.011251
11 9.755080e-01 -0.024797
12 9.555100e-01 -0.045510
13 9.280208e-01 -0.074701
14 8.885136e-01 -0.118205
15 8.327149e-01 -0.183064
16 7.687000e-01 -0.263055
17 6.927343e-01 -0.367109
18 6.183039e-01 -0.480775
19 5.410484e-01 -0.614246
20 4.565367e-01 -0.784086
21 3.790124e-01 -0.970186
22 3.092397e-01 -1.173639
23 2.440842e-01 -1.410242
24 1.910366e-01 -1.655290
25 1.478317e-01 -1.911681
26 1.119655e-01 -2.189565
27 8.236513e-02 -2.496593
28 5.893225e-02 -2.831367
29 4.073641e-02 -3.200633
30 2.782568e-02 -3.581796
31 1.866296e-02 -3.981215
32 1.235488e-02 -4.393704
33 7.819514e-03 -4.851133
34 4.807621e-03 -5.337553
35 2.991439e-03 -5.812001
36 1.818296e-03 -6.309855
37 1.085670e-03 -6.825558
38 6.436311e-04 -7.348385
39 3.759466e-04 -7.886063
40 2.157745e-04 -8.441276
41 1.210127e-04 -9.019615
42 6.607292e-05 -9.624752
43 3.526757e-05 -10.252547
44 1.888258e-05 -10.877271
45 9.705646e-06 -11.542803
