1 1.000000e+00 0.000000
2 1.000000e+00 0.000000
3 1.000000e+00 0.000000
4 1.000000e+00 0.000000
5 1.000000e+00 0.000000
6 1.000000e+00 0.000000
7 1.000000e+00 0.000000
8 9.992500e-01 -0.000750
9 9.965853e-01 -0.003421
10 9.896092e-01 -0.010445
11 9.779139e-01 -0.022334
12 9.594965e-01 -0.041347
13 9.323353e-01 -0.070063
14 8.943760e-01 -0.111629
15 8.382092e-01 -0.176488
16 7.703142e-01 -0.260957
17 6.975422e-01 -0.360192
18 6.197275e-01 -0.478475
19 5.394891e-01 -0.617133
20 4.550590e-01 -0.787328
21 3.786958e-01 -0.971022
22 3.056075e-01 -1.185454
23 2.388256e-01 -1.432022
24 1.863636e-01 -1.680056
25 1.432167e-01 -1.943396
26 1.065863e-01 -2.238801
27 7.652894e-02 -2.570086
28 5.393651e-02 -2.919948
29 3.744681e-02 -3.284834
30 2.496704e-02 -3.690199
31 1.617381e-02 -4.124362
32 1.051702e-02 -4.554760
33 6.636558e-03 -5.015162
34 4.125206e-03 -5.490639
35 2.497518e-03 -5.992458
36 1.468263e-03 -6.523675
37 8.327829e-04 -7.090738
38 4.553569e-04 -7.694429
39 2.476675e-04 -8.303424
40 1.336290e-04 -8.920443
41 7.215965e-05 -9.536630
42 3.793536e-05 -10.179627
43 1.960288e-05 -10.839834
44 9.988556e-06 -11.514071
45 5.068859e-06 -12.192395
