1 1.000000e+00 0.000000
2 1.000000e+00 0.000000
3 1.000000e+00 0.000000
4 1.000000e+00 0.000000
5 1.000000e+00 0.000000
6 1.000000e+00 0.000000
7 9.997143e-01 -0.000286
8 9.982147e-01 -0.001787
9 9.955528e-01 -0.004457
10 9.899777e-01 -0.010073
11 9.793580e-01 -0.020858
12 9.553637e-01 -0.045663
13 9.219994e-01 -0.081211
14 8.761629e-01 -0.132203
15 8.248782e-01 -0.192520
16 7.609501e-01 -0.273187
17 6.837808e-01 -0.380118
18 6.021070e-01 -0.507320
19 5.171148e-01 -0.659490
20 4.328251e-01 -0.837422
21 3.550815e-01 -1.035408
22 2.850659e-01 -1.255035
23 2.249542e-01 -1.491859
24 1.728210e-01 -1.755499
25 1.305559e-01 -2.035954
26 9.712356e-02 -2.331771
27 7.082826e-02 -2.647497
28 5.070291e-02 -2.981772
29 3.545707e-02 -3.339433
30 2.442756e-02 -3.712043
31 1.667063e-02 -4.094107
32 1.118391e-02 -4.493279
33 7.501351e-03 -4.892672
34 4.998989e-03 -5.298520
35 3.284478e-03 -5.718547
36 2.145677e-03 -6.144300
37 1.369406e-03 -6.593378
38 8.503289e-04 -7.069887
39 5.185262e-04 -7.564520
40 3.114009e-04 -8.074429
41 1.835898e-04 -8.602807
42 1.046724e-04 -9.164675
43 5.947828e-05 -9.729899
44 3.337813e-05 -10.307610
45 1.845885e-05 -10.899967
