1 1.000000e+00 0.000000
2 1.000000e+00 0.000000
3 1.000000e+00 0.000000
4 1.000000e+00 0.000000
5 1.000000e+00 0.000000
6 1.000000e+00 0.000000
7 9.982857e-01 -0.001716
8 9.962891e-01 -0.003718
9 9.907542e-01 -0.009289
10 9.820356e-01 -0.018128
11 9.666801e-01 -0.033888
12 9.441242e-01 -0.057498
13 9.173983e-01 -0.086214
14 8.792607e-01 -0.128674
15 8.284980e-01 -0.188141
16 7.715388e-01 -0.259368
17 7.028265e-01 -0.352645
18 6.282488e-01 -0.464819
19 5.479652e-01 -0.601544
20 4.707021e-01 -0.753530
21 3.952553e-01 -0.928223
22 3.277026e-01 -1.115649
23 2.651256e-01 -1.327552
24 2.073061e-01 -1.573559
25 1.593438e-01 -1.836691
26 1.204026e-01 -2.116914
27 8.874119e-02 -2.422031
28 6.418523e-02 -2.745982
29 4.613812e-02 -3.076116
30 3.211521e-02 -3.438426
31 2.173889e-02 -3.828653
32 1.450255e-02 -4.233430
33 9.440723e-03 -4.662723
34 5.979310e-03 -5.119450
35 3.752957e-03 -5.585211
36 2.307026e-03 -6.071796
37 1.419382e-03 -6.557534
38 8.555139e-04 -7.063808
39 5.044022e-04 -7.592137
40 2.900565e-04 -8.145435
41 1.617949e-04 -8.729181
42 8.821675e-05 -9.335714
43 4.765756e-05 -9.951469
44 2.544481e-05 -10.578999
45 1.329124e-05 -11.228406
