1 1.000000e+00 0.000000
2 1.000000e+00 0.000000
3 1.000000e+00 0.000000
4 1.000000e+00 0.000000
5 1.000000e+00 0.000000
6 1.000000e+00 0.000000
7 9.997143e-01 -0.000286
8 9.987146e-01 -0.001286
9 9.962733e-01 -0.003734
10 9.883031e-01 -0.011766
11 9.721309e-01 -0.028265
12 9.479896e-01 -0.053412
13 9.125494e-01 -0.091513
14 8.684863e-01 -0.141003
15 8.127874e-01 -0.207286
16 7.510155e-01 -0.286329
17 6.826289e-01 -0.381804
18 6.077673e-01 -0.497963
19 5.271582e-01 -0.640255
20 4.465557e-01 -0.806191
21 3.680469e-01 -0.999545
22 2.985864e-01 -1.208696
23 2.372334e-01 -1.438711
24 1.862282e-01 -1.680782
25 1.430829e-01 -1.944331
26 1.075213e-01 -2.230067
27 7.922327e-02 -2.535485
28 5.658239e-02 -2.872057
29 3.975206e-02 -3.225094
30 2.742892e-02 -3.596157
31 1.857911e-02 -3.985717
32 1.227499e-02 -4.400192
33 7.759279e-03 -4.858866
34 4.779716e-03 -5.343374
35 2.972437e-03 -5.818373
36 1.818801e-03 -6.309578
37 1.061393e-03 -6.848173
38 5.982348e-04 -7.421527
39 3.258999e-04 -8.028920
40 1.781043e-04 -8.633141
41 9.227541e-05 -9.290733
42 4.707804e-05 -9.963704
43 2.338574e-05 -10.663384
44 1.154830e-05 -11.368972
45 5.526248e-06 -12.106001
