1 1.000000e+00 0.000000
2 1.000000e+00 0.000000
3 1.000000e+00 0.000000
4 1.000000e+00 0.000000
5 1.000000e+00 0.000000
6 1.000000e+00 0.000000
7 9.997143e-01 -0.000286
8 9.992144e-01 -0.000786
9 9.954396e-01 -0.004571
10 9.874761e-01 -0.012603
11 9.693424e-01 -0.031137
12 9.486631e-01 -0.052702
13 9.142194e-01 -0.089685
14 8.777812e-01 -0.130358
15 8.280403e-01 -0.188693
16 7.694564e-01 -0.262071
17 6.996622e-01 -0.357158
18 6.218442e-01 -0.475066
19 5.414627e-01 -0.613481
20 4.594852e-01 -0.777649
21 3.794473e-01 -0.969040
22 3.093185e-01 -1.173384
23 2.478314e-01 -1.395007
24 1.964270e-01 -1.627464
25 1.514688e-01 -1.887376
26 1.150114e-01 -2.162724
27 8.544923e-02 -2.459833
28 6.249390e-02 -2.772686
29 4.487924e-02 -3.103780
30 3.140350e-02 -3.460836
31 2.134830e-02 -3.846783
32 1.428335e-02 -4.248661
33 9.417488e-03 -4.665187
34 6.176210e-03 -5.087050
35 3.909718e-03 -5.544290
36 2.437275e-03 -6.016875
37 1.483444e-03 -6.513389
38 8.828052e-04 -7.032406
39 5.164637e-04 -7.568506
40 2.970183e-04 -8.121717
41 1.653595e-04 -8.707389
42 9.017604e-05 -9.313747
43 4.811206e-05 -9.941978
44 2.503140e-05 -10.595380
45 1.277269e-05 -11.268202
