1 1.000000e+00 0.000000
2 1.000000e+00 0.000000
3 1.000000e+00 0.000000
4 1.000000e+00 0.000000
5 1.000000e+00 0.000000
6 1.000000e+00 0.000000
7 9.994286e-01 -0.000572
8 9.979294e-01 -0.002073
9 9.934942e-01 -0.006527
10 9.833605e-01 -0.016779
11 9.640509e-01 -0.036611
12 9.399496e-01 -0.061929
13 9.137757e-01 -0.090170
14 8.740917e-01 -0.134570
15 8.224620e-01 -0.195453
16 7.537864e-01 -0.282646
17 6.839060e-01 -0.379935
18 6.098162e-01 -0.494598
19 5.346483e-01 -0.626146
20 4.566966e-01 -0.783736
21 3.801455e-01 -0.967201
22 3.115466e-01 -1.166207
23 2.478285e-01 -1.395018
24 1.928106e-01 -1.646047
25 1.482328e-01 -1.908971
26 1.118245e-01 -2.190824
27 8.254307e-02 -2.494435
28 5.981424e-02 -2.816511
29 4.265374e-02 -3.154640
30 2.960170e-02 -3.519924
31 2.030676e-02 -3.896801
32 1.373245e-02 -4.287994
33 9.119179e-03 -4.697376
34 5.919956e-03 -5.129426
35 3.759680e-03 -5.583422
36 2.355022e-03 -6.051205
37 1.473480e-03 -6.520129
38 9.174350e-04 -6.993929
39 5.670219e-04 -7.475113
40 3.479246e-04 -7.963525
41 2.095525e-04 -8.470536
42 1.246139e-04 -8.990291
43 7.233400e-05 -9.534216
44 4.118435e-05 -10.097452
45 2.321882e-05 -10.670547
