1 1.000000e+00 0.000000
2 1.000000e+00 0.000000
3 1.000000e+00 0.000000
4 1.000000e+00 0.000000
5 1.000000e+00 0.000000
6 1.000000e+00 0.000000
7 9.997143e-01 -0.000286
8 9.992144e-01 -0.000786
9 9.963278e-01 -0.003679
10 9.889550e-01 -0.011106
11 9.733115e-01 -0.027051
12 9.510876e-01 -0.050149
13 9.169947e-01 -0.086654
14 8.738960e-01 -0.134794
15 8.193649e-01 -0.199226
16 7.564786e-01 -0.279081
17 6.882175e-01 -0.373650
18 6.097607e-01 -0.494689
19 5.265124e-01 -0.641480
20 4.477988e-01 -0.803411
21 3.721847e-01 -0.988365
22 2.988643e-01 -1.207765
23 2.348554e-01 -1.448785
24 1.799188e-01 -1.715250
25 1.365224e-01 -1.991267
26 1.007010e-01 -2.295599
27 7.169166e-02 -2.635381
28 4.965672e-02 -3.002622
29 3.382136e-02 -3.386663
30 2.242807e-02 -3.797442
31 1.461587e-02 -4.225647
32 9.427235e-03 -4.664152
33 5.883166e-03 -5.135660
34 3.650332e-03 -5.612937
35 2.212310e-03 -6.113718
36 1.324805e-03 -6.626490
37 7.828522e-04 -7.152567
38 4.508404e-04 -7.704397
39 2.538347e-04 -8.278827
40 1.388349e-04 -8.882225
41 7.356895e-05 -9.517287
42 3.782495e-05 -10.182542
43 1.915702e-05 -10.862841
44 9.602020e-06 -11.553537
45 4.767723e-06 -12.253642
