1 1.000000e+00 0.000000
2 1.000000e+00 0.000000
3 1.000000e+00 0.000000
4 1.000000e+00 0.000000
5 1.000000e+00 0.000000
6 1.000000e+00 0.000000
7 9.994286e-01 -0.000572
8 9.979294e-01 -0.002073
9 9.928289e-01 -0.007197
10 9.846877e-01 -0.015431
11 9.705440e-01 -0.029899
12 9.512949e-01 -0.049931
13 9.170483e-01 -0.086595
14 8.746020e-01 -0.133986
15 8.237585e-01 -0.193878
16 7.559014e-01 -0.279844
17 6.820898e-01 -0.382594
18 6.019064e-01 -0.507653
19 5.207441e-01 -0.652497
20 4.396642e-01 -0.821744
21 3.625346e-01 -1.014635
22 2.922688e-01 -1.230081
23 2.324172e-01 -1.459221
24 1.827380e-01 -1.699702
25 1.416000e-01 -1.954749
26 1.054049e-01 -2.249946
27 7.785127e-02 -2.552955
28 5.664792e-02 -2.870900
29 4.091152e-02 -3.196344
30 2.897354e-02 -3.541372
31 2.037681e-02 -3.893358
32 1.356841e-02 -4.300011
33 8.936236e-03 -4.717641
34 5.663997e-03 -5.173626
35 3.569936e-03 -5.635208
36 2.207212e-03 -6.116025
37 1.336258e-03 -6.617882
38 7.981681e-04 -7.133191
39 4.700187e-04 -7.662738
40 2.640565e-04 -8.239347
41 1.473435e-04 -8.822744
42 8.016891e-05 -9.431375
43 4.359697e-05 -10.040523
44 2.314405e-05 -10.673773
45 1.183329e-05 -11.344593
