1 1.000000e+00 0.000000
2 1.000000e+00 0.000000
3 1.000000e+00 0.000000
4 1.000000e+00 0.000000
5 1.000000e+00 0.000000
6 1.000000e+00 0.000000
7 9.994286e-01 -0.000572
8 9.974297e-01 -0.002574
9 9.938833e-01 -0.006135
10 9.841432e-01 -0.015984
11 9.667865e-01 -0.033778
12 9.413278e-01 -0.060464
13 9.084538e-01 -0.096011
14 8.705583e-01 -0.138621
15 8.218070e-01 -0.196250
16 7.664377e-01 -0.266002
17 7.053031e-01 -0.349128
18 6.333622e-01 -0.456713
19 5.514918e-01 -0.595128
20 4.670032e-01 -0.761419
21 3.904592e-01 -0.940432
22 3.203185e-01 -1.138439
23 2.570626e-01 -1.358436
24 2.010015e-01 -1.604443
25 1.534847e-01 -1.874154
26 1.153497e-01 -2.159787
27 8.511098e-02 -2.463799
28 6.084827e-02 -2.799372
29 4.290013e-02 -3.148880
30 2.967831e-02 -3.517339
31 1.994957e-02 -3.914548
32 1.331758e-02 -4.318670
33 8.857404e-03 -4.726502
34 5.737514e-03 -5.160729
35 3.681189e-03 -5.604520
36 2.318126e-03 -6.066996
37 1.411802e-03 -6.562889
38 8.468581e-04 -7.073977
39 4.983000e-04 -7.604308
40 2.882915e-04 -8.151539
41 1.643683e-04 -8.713401
42 9.187406e-05 -9.295092
43 5.061192e-05 -9.891323
44 2.704977e-05 -10.517832
45 1.410556e-05 -11.168942
