1 1.000000e+00 0.000000
2 1.000000e+00 0.000000
3 1.000000e+00 0.000000
4 1.000000e+00 0.000000
5 1.000000e+00 0.000000
6 1.000000e+00 0.000000
7 9.997143e-01 -0.000286
8 9.989645e-01 -0.001036
9 9.963006e-01 -0.003706
10 9.903228e-01 -0.009724
11 9.768184e-01 -0.023455
12 9.571192e-01 -0.043827
13 9.269332e-01 -0.075874
14 8.840294e-01 -0.123265
15 8.324021e-01 -0.183440
16 7.728853e-01 -0.257625
17 7.043258e-01 -0.350514
18 6.313890e-01 -0.459833
19 5.489761e-01 -0.599700
20 4.693746e-01 -0.756354
21 3.953922e-01 -0.927877
22 3.223525e-01 -1.132110
23 2.590312e-01 -1.350807
24 2.042893e-01 -1.588218
25 1.597869e-01 -1.833914
26 1.212414e-01 -2.109972
27 9.042812e-02 -2.403200
28 6.624506e-02 -2.714394
29 4.730811e-02 -3.051074
30 3.327968e-02 -3.402808
31 2.288998e-02 -3.777056
32 1.548650e-02 -4.167787
33 1.032058e-02 -4.573615
34 6.712626e-03 -5.003765
35 4.237010e-03 -5.463898
36 2.636832e-03 -5.938177
37 1.615737e-03 -6.427964
38 9.554107e-04 -6.953369
39 5.589398e-04 -7.489469
40 3.239615e-04 -8.034886
41 1.806283e-04 -8.619069
42 9.995625e-05 -9.210778
43 5.395313e-05 -9.827395
44 2.827634e-05 -10.473485
45 1.454409e-05 -11.138325
