1 1.000000e+00 0.000000
2 1.000000e+00 0.000000
3 1.000000e+00 0.000000
4 1.000000e+00 0.000000
5 1.000000e+00 0.000000
6 1.000000e+00 0.000000
7 9.997143e-01 -0.000286
8 9.992144e-01 -0.000786
9 9.963278e-01 -0.003679
10 9.877594e-01 -0.012316
11 9.705185e-01 -0.029925
12 9.494906e-01 -0.051830
13 9.207137e-01 -0.082606
14 8.820438e-01 -0.125514
15 8.241817e-01 -0.193364
16 7.545383e-01 -0.281649
17 6.785519e-01 -0.387794
18 5.996891e-01 -0.511344
19 5.192676e-01 -0.655336
20 4.437661e-01 -0.812458
21 3.692979e-01 -0.996152
22 2.978220e-01 -1.211259
23 2.343471e-01 -1.450952
24 1.812089e-01 -1.708105
25 1.363560e-01 -1.992486
26 1.003895e-01 -2.298697
27 7.259277e-02 -2.622890
28 5.112605e-02 -2.973461
29 3.525582e-02 -3.345125
30 2.371542e-02 -3.741630
31 1.549764e-02 -4.167067
32 9.878778e-03 -4.617366
33 6.223032e-03 -5.079498
34 3.817647e-03 -5.568121
35 2.288188e-03 -6.079995
36 1.339607e-03 -6.615379
37 7.776963e-04 -7.159174
38 4.398486e-04 -7.729080
39 2.428190e-04 -8.323194
40 1.333805e-04 -8.922305
41 7.144639e-05 -9.546563
42 3.718615e-05 -10.199574
43 1.885770e-05 -10.878589
44 9.292560e-06 -11.586296
45 4.483970e-06 -12.315002
