1 1.000000e+00 0.000000
2 1.000000e+00 0.000000
3 1.000000e+00 0.000000
4 1.000000e+00 0.000000
5 1.000000e+00 0.000000
6 1.000000e+00 0.000000
7 1.000000e+00 0.000000
8 9.985000e-01 -0.001501
9 9.956154e-01 -0.004394
10 9.866549e-01 -0.013435
11 9.726623e-01 -0.027718
12 9.502911e-01 -0.050987
13 9.176888e-01 -0.085897
14 8.786215e-01 -0.129401
15 8.282472e-01 -0.188444
16 7.648863e-01 -0.268028
17 6.949667e-01 -0.363891
18 6.179798e-01 -0.481299
19 5.470748e-01 -0.603170
20 4.731650e-01 -0.748311
21 3.970079e-01 -0.923799
22 3.310685e-01 -1.105430
23 2.657473e-01 -1.325210
24 2.091652e-01 -1.564631
25 1.600030e-01 -1.832562
26 1.179222e-01 -2.137730
27 8.448474e-02 -2.471184
28 6.062383e-02 -2.803067
29 4.283387e-02 -3.150426
30 2.983808e-02 -3.511970
31 1.979901e-02 -3.922123
32 1.272952e-02 -4.363831
33 8.038888e-03 -4.823465
34 5.084833e-03 -5.281493
35 3.156955e-03 -5.758147
36 1.920305e-03 -6.255271
37 1.108276e-03 -6.804950
38 6.283923e-04 -7.372346
39 3.561534e-04 -7.940149
40 1.985199e-04 -8.524621
41 1.106676e-04 -9.108979
42 6.021371e-05 -9.717610
43 3.219613e-05 -10.343664
44 1.728932e-05 -10.965421
45 9.227888e-06 -11.593280
