1 1.000000e+00 0.000000
2 1.000000e+00 0.000000
3 1.000000e+00 0.000000
4 1.000000e+00 0.000000
5 1.000000e+00 0.000000
6 1.000000e+00 0.000000
7 9.997143e-01 -0.000286
8 9.989645e-01 -0.001036
9 9.965226e-01 -0.003483
10 9.897462e-01 -0.010307
11 9.784091e-01 -0.021827
12 9.603086e-01 -0.040501
13 9.266239e-01 -0.076208
14 8.899561e-01 -0.116583
15 8.418984e-01 -0.172096
16 7.773880e-01 -0.251816
17 7.044964e-01 -0.350272
18 6.316985e-01 -0.459343
19 5.518385e-01 -0.594500
20 4.744155e-01 -0.745672
21 4.009489e-01 -0.913921
22 3.288145e-01 -1.112261
23 2.651961e-01 -1.327286
24 2.071402e-01 -1.574359
25 1.574763e-01 -1.848480
26 1.165930e-01 -2.149066
27 8.442199e-02 -2.471927
28 6.031951e-02 -2.808100
29 4.150398e-02 -3.181966
30 2.834999e-02 -3.563129
31 1.889024e-02 -3.969110
32 1.249471e-02 -4.382450
33 8.204103e-03 -4.803121
34 5.263173e-03 -5.247021
35 3.329032e-03 -5.705074
36 2.055308e-03 -6.187330
37 1.257959e-03 -6.678264
38 7.429243e-04 -7.204916
39 4.332201e-04 -7.744265
40 2.456575e-04 -8.311572
41 1.360942e-04 -8.902163
42 7.387325e-05 -9.513160
43 3.958919e-05 -10.136954
44 2.096607e-05 -10.772605
45 1.089304e-05 -11.427386
