1 1.000000e+00 0.000000
2 1.000000e+00 0.000000
3 1.000000e+00 0.000000
4 1.000000e+00 0.000000
5 1.000000e+00 0.000000
6 1.000000e+00 0.000000
7 1.000000e+00 0.000000
8 9.990000e-01 -0.001001
9 9.952260e-01 -0.004785
10 9.844776e-01 -0.015644
11 9.660410e-01 -0.034549
12 9.417289e-01 -0.060038
13 9.063779e-01 -0.098299
14 8.666267e-01 -0.143147
15 8.155535e-01 -0.203888
16 7.577512e-01 -0.277400
17 6.854528e-01 -0.377676
18 6.080728e-01 -0.497461
19 5.230706e-01 -0.648039
20 4.427793e-01 -0.814684
21 3.703322e-01 -0.993355
22 3.015514e-01 -1.198815
23 2.422638e-01 -1.417728
24 1.909240e-01 -1.655880
25 1.470115e-01 -1.917244
26 1.114460e-01 -2.194215
27 8.281678e-02 -2.491125
28 5.930273e-02 -2.825100
29 4.135241e-02 -3.185625
30 2.802315e-02 -3.574724
31 1.870319e-02 -3.979061
32 1.249724e-02 -4.382248
33 8.223183e-03 -4.800798
34 5.359580e-03 -5.228870
35 3.425844e-03 -5.676407
36 2.159233e-03 -6.138002
37 1.345261e-03 -6.611167
38 8.148740e-04 -7.112477
39 4.822382e-04 -7.637072
40 2.861361e-04 -8.159043
41 1.679828e-04 -8.691649
42 9.600617e-05 -9.251098
43 5.423679e-05 -9.822151
44 3.018524e-05 -10.408158
45 1.646772e-05 -11.014108
