1 1.000000e+00 0.000000
2 1.000000e+00 0.000000
3 1.000000e+00 0.000000
4 1.000000e+00 0.000000
5 1.000000e+00 0.000000
6 1.000000e+00 0.000000
7 1.000000e+00 0.000000
8 9.985000e-01 -0.001501
9 9.947279e-01 -0.005286
10 9.841838e-01 -0.015943
11 9.670053e-01 -0.033551
12 9.463758e-01 -0.055115
13 9.131799e-01 -0.090822
14 8.746959e-01 -0.133879
15 8.268792e-01 -0.190097
16 7.614524e-01 -0.272528
17 6.889800e-01 -0.372543
18 6.140343e-01 -0.487704
19 5.391221e-01 -0.617813
20 4.677963e-01 -0.759722
21 3.967803e-01 -0.924372
22 3.254681e-01 -1.122491
23 2.612518e-01 -1.342271
24 2.033845e-01 -1.592657
25 1.548814e-01 -1.865096
26 1.166019e-01 -2.148990
27 8.575851e-02 -2.456220
28 6.186251e-02 -2.782841
29 4.310751e-02 -3.144058
30 2.897974e-02 -3.541158
31 1.924442e-02 -3.950534
32 1.273138e-02 -4.363685
33 8.349473e-03 -4.785557
34 5.276376e-03 -5.244516
35 3.248740e-03 -5.729488
36 1.935888e-03 -6.247189
37 1.125222e-03 -6.789775
38 6.510889e-04 -7.336864
39 3.759621e-04 -7.886022
40 2.145052e-04 -8.447177
41 1.222575e-04 -9.009381
42 6.889501e-05 -9.582927
43 3.816783e-05 -10.173517
44 2.051001e-05 -10.794598
45 1.098425e-05 -11.419048
