1 1.000000e+00 0.000000
2 1.000000e+00 0.000000
3 1.000000e+00 0.000000
4 1.000000e+00 0.000000
5 1.000000e+00 0.000000
6 1.000000e+00 0.000000
7 1.000000e+00 0.000000
8 9.967500e-01 -0.003255
9 9.929845e-01 -0.007040
10 9.836504e-01 -0.016485
11 9.686274e-01 -0.031875
12 9.423130e-01 -0.059418
13 9.076649e-01 -0.096880
14 8.637080e-01 -0.146521
15 8.098126e-01 -0.210952
16 7.468497e-01 -0.291891
17 6.786667e-01 -0.387625
18 5.979054e-01 -0.514323
19 5.189819e-01 -0.655886
20 4.405637e-01 -0.819700
21 3.663812e-01 -1.004081
22 2.965023e-01 -1.215700
23 2.352166e-01 -1.447249
24 1.825476e-01 -1.700744
25 1.386778e-01 -1.975602
26 1.023442e-01 -2.279414
27 7.369541e-02 -2.607815
28 5.212898e-02 -2.954034
29 3.617032e-02 -3.319516
30 2.506362e-02 -3.686338
31 1.687186e-02 -4.082108
32 1.103947e-02 -4.506278
33 7.122799e-03 -4.944455
34 4.446302e-03 -5.415682
35 2.727489e-03 -5.904374
36 1.636796e-03 -6.415014
37 9.687181e-04 -6.939537
38 5.596131e-04 -7.488265
39 3.163680e-04 -8.058605
40 1.758689e-04 -8.645771
41 9.469470e-05 -9.264852
42 5.013408e-05 -9.900810
43 2.561968e-05 -10.572150
44 1.328264e-05 -11.229053
45 6.773556e-06 -11.902484
