1 1.000000e+00 0.000000
2 1.000000e+00 0.000000
3 1.000000e+00 0.000000
4 1.000000e+00 0.000000
5 1.000000e+00 0.000000
6 1.000000e+00 0.000000
7 1.000000e+00 0.000000
8 9.967500e-01 -0.003255
9 9.927630e-01 -0.007263
10 9.826368e-01 -0.017516
11 9.683439e-01 -0.032168
12 9.446195e-01 -0.056973
13 9.127931e-01 -0.091246
14 8.731518e-01 -0.135646
15 8.229747e-01 -0.194830
16 7.606343e-01 -0.273603
17 6.913719e-01 -0.369077
18 6.129396e-01 -0.489489
19 5.303540e-01 -0.634211
20 4.544604e-01 -0.788645
21 3.803184e-01 -0.966746
22 3.069169e-01 -1.181178
23 2.431049e-01 -1.414262
24 1.875757e-01 -1.673573
25 1.414171e-01 -1.956042
26 1.038110e-01 -2.265183
27 7.505920e-02 -2.589478
28 5.305613e-02 -2.936405
29 3.727102e-02 -3.289539
30 2.527969e-02 -3.677754
31 1.677919e-02 -4.087616
32 1.075966e-02 -4.531952
33 6.833360e-03 -4.985939
34 4.183222e-03 -5.476674
35 2.519973e-03 -5.983507
36 1.492104e-03 -6.507568
37 8.819544e-04 -7.033370
38 5.083771e-04 -7.584287
39 2.888885e-04 -8.149470
40 1.615609e-04 -8.730628
41 8.782609e-05 -9.340152
42 4.712915e-05 -9.962619
43 2.464964e-05 -10.610748
44 1.281781e-05 -11.264675
45 6.546770e-06 -11.936539
