1 1.000000e+00 0.000000
2 1.000000e+00 0.000000
3 1.000000e+00 0.000000
4 1.000000e+00 0.000000
5 1.000000e+00 0.000000
6 1.000000e+00 0.000000
7 1.000000e+00 0.000000
8 9.995000e-01 -0.000500
9 9.968347e-01 -0.003170
10 9.882619e-01 -0.011808
11 9.702935e-01 -0.030157
12 9.440956e-01 -0.057528
13 9.079294e-01 -0.096589
14 8.640894e-01 -0.146079
15 8.057922e-01 -0.215929
16 7.419332e-01 -0.298496
17 6.716677e-01 -0.397992
18 5.998739e-01 -0.511036
19 5.229006e-01 -0.648364
20 4.457205e-01 -0.808063
21 3.723252e-01 -0.987988
22 3.038850e-01 -1.191106
23 2.442443e-01 -1.409586
24 1.898999e-01 -1.661258
25 1.454330e-01 -1.928040
26 1.097795e-01 -2.209281
27 8.093597e-02 -2.514097
28 5.841842e-02 -2.840124
29 4.152543e-02 -3.181449
30 2.922283e-02 -3.532805
31 2.012039e-02 -3.906022
32 1.347186e-02 -4.307152
33 8.860400e-03 -4.726163
34 5.692025e-03 -5.168689
35 3.498156e-03 -5.655519
36 2.067605e-03 -6.181365
37 1.212063e-03 -6.715431
38 6.958519e-04 -7.270374
39 3.958862e-04 -7.834384
40 2.206472e-04 -8.418946
41 1.195154e-04 -9.032065
42 6.374156e-05 -9.660674
43 3.347470e-05 -10.304721
44 1.712839e-05 -10.974773
45 8.555062e-06 -11.668987
