1 1.000000e+00 0.000000
2 1.000000e+00 0.000000
3 1.000000e+00 0.000000
4 1.000000e+00 0.000000
5 1.000000e+00 0.000000
6 1.000000e+00 0.000000
7 1.000000e+00 0.000000
8 9.972500e-01 -0.002754
9 9.937042e-01 -0.006316
10 9.839659e-01 -0.016164
11 9.684014e-01 -0.032109
12 9.427387e-01 -0.058966
13 9.112658e-01 -0.092921
14 8.660930e-01 -0.143763
15 8.114714e-01 -0.208906
16 7.479738e-01 -0.290387
17 6.800402e-01 -0.385603
18 5.994176e-01 -0.511797
19 5.234493e-01 -0.647315
20 4.537259e-01 -0.790262
21 3.836360e-01 -0.958061
22 3.163602e-01 -1.150874
23 2.575447e-01 -1.356562
24 2.042115e-01 -1.588599
25 1.580107e-01 -1.845093
26 1.212064e-01 -2.110261
27 9.121003e-02 -2.394590
28 6.567774e-02 -2.722995
29 4.562111e-02 -3.087385
30 3.121397e-02 -3.466890
31 2.096572e-02 -3.864867
32 1.367358e-02 -4.292290
33 8.698882e-03 -4.744561
34 5.448059e-03 -5.212496
35 3.327674e-03 -5.705482
36 1.972202e-03 -6.228605
37 1.146222e-03 -6.771284
38 6.576902e-04 -7.326776
39 3.727249e-04 -7.894670
40 2.093968e-04 -8.471279
41 1.154951e-04 -9.066282
42 6.364331e-05 -9.662216
43 3.507486e-05 -10.258026
44 1.907435e-05 -10.867166
45 1.022131e-05 -11.491036
