1 1.000000e+00 0.000000
2 1.000000e+00 0.000000
3 1.000000e+00 0.000000
4 1.000000e+00 0.000000
5 1.000000e+00 0.000000
6 1.000000e+00 0.000000
7 1.000000e+00 0.000000
8 9.995000e-01 -0.000500
9 9.968347e-01 -0.003170
10 9.872651e-01 -0.012817
11 9.693148e-01 -0.031166
12 9.441126e-01 -0.057510
13 9.124485e-01 -0.091624
14 8.734739e-01 -0.135277
15 8.245594e-01 -0.192906
16 7.684893e-01 -0.263329
17 6.936294e-01 -0.365817
18 6.170990e-01 -0.482726
19 5.416180e-01 -0.613194
20 4.661165e-01 -0.763320
21 3.930028e-01 -0.933939
22 3.189396e-01 -1.142753
23 2.578419e-01 -1.355409
24 2.023199e-01 -1.597905
25 1.544753e-01 -1.867721
26 1.138602e-01 -2.172784
27 8.119497e-02 -2.510902
28 5.768322e-02 -2.852789
29 4.058910e-02 -3.204256
30 2.809036e-02 -3.572329
31 1.869187e-02 -3.979667
32 1.214621e-02 -4.410738
33 7.708059e-03 -4.865489
34 4.795320e-03 -5.340115
35 2.916376e-03 -5.837413
36 1.786119e-03 -6.327710
37 1.058637e-03 -6.850773
38 6.185228e-04 -7.388177
39 3.500839e-04 -7.957338
40 1.961695e-04 -8.536531
41 1.071755e-04 -9.141043
42 5.689490e-05 -9.774305
43 2.978911e-05 -10.421368
44 1.506381e-05 -11.103215
45 7.579440e-06 -11.790071
