1 1.000000e+00 0.000000
2 1.000000e+00 0.000000
3 1.000000e+00 0.000000
4 1.000000e+00 0.000000
5 1.000000e+00 0.000000
6 1.000000e+00 0.000000
7 9.997143e-01 -0.000286
8 9.987146e-01 -0.001286
9 9.947197e-01 -0.005294
10 9.873588e-01 -0.012722
11 9.740743e-01 -0.026268
12 9.528070e-01 -0.048343
13 9.221706e-01 -0.081025
14 8.811999e-01 -0.126471
15 8.307953e-01 -0.185372
16 7.737819e-01 -0.256465
17 6.975872e-01 -0.360128
18 6.193799e-01 -0.479036
19 5.328623e-01 -0.629492
20 4.480839e-01 -0.802775
21 3.705014e-01 -0.992898
22 3.008134e-01 -1.201265
23 2.395260e-01 -1.429093
24 1.868901e-01 -1.677234
25 1.431578e-01 -1.943807
26 1.083815e-01 -2.222098
27 7.976076e-02 -2.528724
28 5.760436e-02 -2.854157
29 4.075608e-02 -3.200150
30 2.807279e-02 -3.572955
31 1.867836e-02 -3.980389
32 1.210475e-02 -4.414158
33 7.658270e-03 -4.871969
34 4.762543e-03 -5.346974
35 2.916854e-03 -5.837250
36 1.720295e-03 -6.365259
37 9.950746e-04 -6.912693
38 5.627409e-04 -7.482691
39 3.107195e-04 -8.076620
40 1.679750e-04 -8.691695
41 9.006737e-05 -9.314953
42 4.807453e-05 -9.942758
43 2.495627e-05 -10.598385
44 1.279236e-05 -11.266663
45 6.471227e-06 -11.948145
