1 1.000000e+00 0.000000
2 1.000000e+00 0.000000
3 1.000000e+00 0.000000
4 1.000000e+00 0.000000
5 1.000000e+00 0.000000
6 1.000000e+00 0.000000
7 9.994286e-01 -0.000572
8 9.974297e-01 -0.002574
9 9.918884e-01 -0.008145
10 9.819696e-01 -0.018195
11 9.673293e-01 -0.033216
12 9.436297e-01 -0.058021
13 9.108204e-01 -0.093410
14 8.660601e-01 -0.143801
15 8.151358e-01 -0.204401
16 7.542044e-01 -0.282092
17 6.787839e-01 -0.387452
18 5.974807e-01 -0.515033
19 5.137705e-01 -0.665979
20 4.279708e-01 -0.848700
21 3.464933e-01 -1.059892
22 2.755567e-01 -1.288962
23 2.145988e-01 -1.538985
24 1.645973e-01 -1.804254
25 1.240273e-01 -2.087253
26 9.107422e-02 -2.396081
27 6.526311e-02 -2.729328
28 4.534388e-02 -3.093480
29 3.109965e-02 -3.470559
30 2.034124e-02 -3.895105
31 1.313782e-02 -4.332260
32 8.317059e-03 -4.789447
33 5.206983e-03 -5.257755
34 3.235681e-03 -5.733516
35 1.993549e-03 -6.217839
36 1.226365e-03 -6.703701
37 7.366144e-04 -7.213446
38 4.358819e-04 -7.738139
39 2.549350e-04 -8.274502
40 1.483849e-04 -8.815701
41 8.438398e-05 -9.380133
42 4.634690e-05 -9.979356
43 2.539810e-05 -10.580836
44 1.369535e-05 -11.198454
45 7.037583e-06 -11.864246
