1 1.000000e+00 0.000000
2 1.000000e+00 0.000000
3 1.000000e+00 0.000000
4 1.000000e+00 0.000000
5 1.000000e+00 0.000000
6 1.000000e+00 0.000000
7 9.997143e-01 -0.000286
8 9.982147e-01 -0.001787
9 9.931127e-01 -0.006911
10 9.853664e-01 -0.014742
11 9.672715e-01 -0.033276
12 9.384146e-01 -0.063563
13 9.031880e-01 -0.101825
14 8.609962e-01 -0.149665
15 8.102548e-01 -0.210407
16 7.442190e-01 -0.295420
17 6.725989e-01 -0.396606
18 5.902429e-01 -0.527221
19 5.044402e-01 -0.684306
20 4.236289e-01 -0.858897
21 3.470933e-01 -1.058162
22 2.763809e-01 -1.285975
23 2.132219e-01 -1.545422
24 1.616932e-01 -1.822054
25 1.191744e-01 -2.127167
26 8.675896e-02 -2.444622
27 6.215155e-02 -2.778180
28 4.391451e-02 -3.125511
29 3.036158e-02 -3.494577
30 2.047585e-02 -3.888509
31 1.349821e-02 -4.305198
32 8.547741e-03 -4.762088
33 5.368499e-03 -5.227207
34 3.242889e-03 -5.731291
35 1.888288e-03 -6.272085
36 1.079786e-03 -6.830992
37 5.922481e-04 -7.431585
38 3.248948e-04 -8.032009
39 1.788254e-04 -8.629100
40 9.650315e-05 -9.245935
41 5.066651e-05 -9.890245
42 2.637554e-05 -10.543074
43 1.338405e-05 -11.221447
44 6.535067e-06 -11.938328
45 3.103431e-06 -12.683002
