1 1.000000e+00 0.000000
2 1.000000e+00 0.000000
3 1.000000e+00 0.000000
4 1.000000e+00 0.000000
5 1.000000e+00 0.000000
6 1.000000e+00 0.000000
7 1.000000e+00 0.000000
8 9.990000e-01 -0.001001
9 9.950040e-01 -0.005009
10 9.872430e-01 -0.012839
11 9.743191e-01 -0.026016
12 9.536960e-01 -0.047410
13 9.288999e-01 -0.073754
14 8.884264e-01 -0.118303
15 8.270657e-01 -0.189871
16 7.553178e-01 -0.280617
17 6.794306e-01 -0.386500
18 5.987293e-01 -0.512946
19 5.147181e-01 -0.664136
20 4.305102e-01 -0.842784
21 3.534284e-01 -1.040074
22 2.803651e-01 -1.271663
23 2.157105e-01 -1.533818
24 1.635445e-01 -1.810670
25 1.199632e-01 -2.120571
26 8.611509e-02 -2.452071
27 6.168392e-02 -2.785732
28 4.265003e-02 -3.154727
29 2.938734e-02 -3.527191
30 1.959744e-02 -3.932356
31 1.312270e-02 -4.333412
32 8.608489e-03 -4.755006
33 5.585083e-03 -5.187656
34 3.600736e-03 -5.626617
35 2.296035e-03 -6.076572
36 1.427624e-03 -6.551744
37 8.639824e-04 -7.053958
38 5.095677e-04 -7.581948
39 3.013244e-04 -8.107323
40 1.733218e-04 -8.660361
41 9.703483e-05 -9.240441
42 5.245426e-05 -9.855569
43 2.754458e-05 -10.499705
44 1.430315e-05 -11.155031
45 7.224045e-06 -11.838096
