1 1.000000e+00 0.000000
2 1.000000e+00 0.000000
3 1.000000e+00 0.000000
4 1.000000e+00 0.000000
5 1.000000e+00 0.000000
6 1.000000e+00 0.000000
7 9.994286e-01 -0.000572
8 9.971799e-01 -0.002824
9 9.929695e-01 -0.007055
10 9.832384e-01 -0.016904
11 9.673279e-01 -0.033218
12 9.439508e-01 -0.057681
13 9.095329e-01 -0.094824
14 8.666549e-01 -0.143114
15 8.137312e-01 -0.206125
16 7.546339e-01 -0.281522
17 6.828993e-01 -0.381408
18 6.059593e-01 -0.500942
19 5.247608e-01 -0.644813
20 4.411139e-01 -0.818452
21 3.624276e-01 -1.014931
22 2.929403e-01 -1.227786
23 2.347089e-01 -1.449409
24 1.837966e-01 -1.693925
25 1.409941e-01 -1.959037
26 1.052033e-01 -2.251861
27 7.672045e-02 -2.567587
28 5.432904e-02 -2.912696
29 3.756198e-02 -3.281763
30 2.535183e-02 -3.674904
31 1.681235e-02 -4.085641
32 1.105517e-02 -4.504857
33 7.166432e-03 -4.938347
34 4.469324e-03 -5.410518
35 2.716072e-03 -5.908569
36 1.618175e-03 -6.426456
37 9.360926e-04 -6.973796
38 5.386474e-04 -7.526449
39 2.999299e-04 -8.111962
40 1.649764e-04 -8.709708
41 9.022200e-05 -9.313237
42 4.878862e-05 -9.928013
43 2.583074e-05 -10.563945
44 1.346368e-05 -11.215515
45 6.912555e-06 -11.882171
