1 1.000000e+00 0.000000
2 1.000000e+00 0.000000
3 1.000000e+00 0.000000
4 1.000000e+00 0.000000
5 1.000000e+00 0.000000
6 1.000000e+00 0.000000
7 9.991429e-01 -0.000858
8 9.976441e-01 -0.002359
9 9.956489e-01 -0.004361
10 9.886793e-01 -0.011385
11 9.728604e-01 -0.027515
12 9.535654e-01 -0.047547
13 9.202639e-01 -0.083095
14 8.741193e-01 -0.134538
15 8.167771e-01 -0.202389
16 7.552125e-01 -0.280756
17 6.851110e-01 -0.378174
18 6.073890e-01 -0.498586
19 5.284284e-01 -0.637848
20 4.465220e-01 -0.806267
21 3.666583e-01 -1.003325
22 2.980266e-01 -1.210573
23 2.377215e-01 -1.436655
24 1.854624e-01 -1.684903
25 1.424055e-01 -1.949077
26 1.058511e-01 -2.245722
27 7.771821e-02 -2.554666
28 5.590715e-02 -2.884063
29 3.879571e-02 -3.249446
30 2.616641e-02 -3.643279
31 1.753994e-02 -4.043275
32 1.154128e-02 -4.461825
33 7.527711e-03 -4.889164
34 4.869544e-03 -5.324755
35 3.040265e-03 -5.795811
36 1.807606e-03 -6.315752
37 1.029163e-03 -6.879009
38 5.714564e-04 -7.467322
39 3.156490e-04 -8.060880
40 1.719814e-04 -8.668124
41 9.125919e-05 -9.301807
42 4.750693e-05 -9.954635
43 2.386837e-05 -10.642957
44 1.188862e-05 -11.339929
45 5.721859e-06 -12.071217
