1 1.000000e+00 0.000000
2 1.000000e+00 0.000000
3 1.000000e+00 0.000000
4 1.000000e+00 0.000000
5 1.000000e+00 0.000000
6 1.000000e+00 0.000000
7 1.000000e+00 0.000000
8 9.987500e-01 -0.001251
9 9.965306e-01 -0.003475
10 9.899535e-01 -0.010097
11 9.787940e-01 -0.021434
12 9.564448e-01 -0.044532
13 9.239257e-01 -0.079124
14 8.806332e-01 -0.127114
15 8.263862e-01 -0.190693
16 7.615149e-01 -0.272446
17 6.923514e-01 -0.367662
18 6.196545e-01 -0.478593
19 5.382515e-01 -0.619429
20 4.537998e-01 -0.790099
21 3.719862e-01 -0.988899
22 2.961010e-01 -1.217055
23 2.315510e-01 -1.462955
24 1.785644e-01 -1.722806
25 1.360375e-01 -1.994825
26 9.907716e-02 -2.311856
27 7.102732e-02 -2.644691
28 5.023661e-02 -2.991011
29 3.439995e-02 -3.369700
30 2.310759e-02 -3.767594
31 1.527039e-02 -4.181839
32 9.757780e-03 -4.629690
33 6.087081e-03 -5.101587
34 3.762532e-03 -5.582663
35 2.272354e-03 -6.086939
36 1.322510e-03 -6.628224
37 7.483263e-04 -7.197671
38 4.207563e-04 -7.773457
39 2.332069e-04 -8.363585
40 1.294298e-04 -8.952372
41 7.037826e-05 -9.561626
42 3.715637e-05 -10.200375
43 1.897049e-05 -10.872626
44 9.757728e-06 -11.537451
45 5.015472e-06 -12.202983
