1 1.000000e+00 0.000000
2 1.000000e+00 0.000000
3 1.000000e+00 0.000000
4 1.000000e+00 0.000000
5 1.000000e+00 0.000000
6 1.000000e+00 0.000000
7 1.000000e+00 0.000000
8 9.972500e-01 -0.002754
9 9.923746e-01 -0.007655
10 9.828478e-01 -0.017301
11 9.692666e-01 -0.031216
12 9.487504e-01 -0.052609
13 9.172227e-01 -0.086405
14 8.695272e-01 -0.139806
15 8.136455e-01 -0.206230
16 7.532324e-01 -0.283382
17 6.835805e-01 -0.380411
18 6.099817e-01 -0.494326
19 5.320324e-01 -0.631051
20 4.585588e-01 -0.779667
21 3.854077e-01 -0.953453
22 3.142124e-01 -1.157686
23 2.495393e-01 -1.388139
24 1.967617e-01 -1.625762
25 1.491297e-01 -1.902939
26 1.097480e-01 -2.209569
27 7.954694e-02 -2.531408
28 5.631924e-02 -2.876719
29 3.986237e-02 -3.222323
30 2.744923e-02 -3.595417
31 1.844057e-02 -3.993202
32 1.223877e-02 -4.403146
33 7.920341e-03 -4.838321
34 4.980497e-03 -5.302226
35 3.078516e-03 -5.783308
36 1.873106e-03 -6.280157
37 1.119409e-03 -6.794955
38 6.627489e-04 -7.319114
39 3.875551e-04 -7.855652
40 2.208677e-04 -8.417947
41 1.229964e-04 -9.003356
42 6.879596e-05 -9.584365
43 3.770339e-05 -10.185761
44 2.035983e-05 -10.801947
45 1.087577e-05 -11.428973
