1 1.000000e+00 0.000000
2 1.000000e+00 0.000000
3 1.000000e+00 0.000000
4 1.000000e+00 0.000000
5 1.000000e+00 0.000000
6 1.000000e+00 0.000000
7 1.000000e+00 0.000000
8 9.992500e-01 -0.000750
9 9.970294e-01 -0.002975
10 9.878568e-01 -0.012218
11 9.716918e-01 -0.028717
12 9.506385e-01 -0.050621
13 9.197793e-01 -0.083621
14 8.779951e-01 -0.130114
15 8.216863e-01 -0.196397
16 7.569785e-01 -0.278420
17 6.850210e-01 -0.378306
18 6.105060e-01 -0.493467
19 5.369239e-01 -0.621899
20 4.614861e-01 -0.773303
21 3.950761e-01 -0.928677
22 3.291343e-01 -1.111289
23 2.643091e-01 -1.330636
24 2.076369e-01 -1.571965
25 1.577542e-01 -1.846717
26 1.168837e-01 -2.146576
27 8.497879e-02 -2.465354
28 6.071734e-02 -2.801526
29 4.260264e-02 -3.155839
30 2.891867e-02 -3.543268
31 1.918521e-02 -3.953616
32 1.246079e-02 -4.385168
33 7.880506e-03 -4.843363
34 4.903066e-03 -5.317895
35 2.992831e-03 -5.811535
36 1.802183e-03 -6.318756
37 1.092902e-03 -6.818918
38 6.466531e-04 -7.343701
39 3.787397e-04 -7.878661
40 2.213166e-04 -8.415916
41 1.288062e-04 -8.957201
42 7.481189e-05 -9.500534
43 4.259058e-05 -10.063877
44 2.393978e-05 -10.639969
45 1.341372e-05 -11.219232
