1 1.000000e+00 0.000000
2 1.000000e+00 0.000000
3 1.000000e+00 0.000000
4 1.000000e+00 0.000000
5 1.000000e+00 0.000000
6 1.000000e+00 0.000000
7 1.000000e+00 0.000000
8 9.992500e-01 -0.000750
9 9.952530e-01 -0.004758
10 9.872910e-01 -0.012790
11 9.711353e-01 -0.029289
12 9.463714e-01 -0.055120
13 9.101181e-01 -0.094181
14 8.631820e-01 -0.147130
15 8.079383e-01 -0.213270
16 7.464340e-01 -0.292448
17 6.721419e-01 -0.397286
18 5.926051e-01 -0.523227
19 5.087671e-01 -0.675765
20 4.346906e-01 -0.833121
21 3.637325e-01 -1.011337
22 2.998479e-01 -1.204480
23 2.392525e-01 -1.430236
24 1.860587e-01 -1.681693
25 1.421489e-01 -1.950881
26 1.079019e-01 -2.226533
27 8.010318e-02 -2.524440
28 5.832084e-02 -2.841796
29 4.111016e-02 -3.191500
30 2.851949e-02 -3.557168
31 1.913750e-02 -3.956106
32 1.271447e-02 -4.365014
33 8.359959e-03 -4.784302
34 5.350374e-03 -5.230589
35 3.379296e-03 -5.690088
36 2.096290e-03 -6.167586
37 1.261740e-03 -6.675264
38 7.407742e-04 -7.207815
39 4.142637e-04 -7.789008
40 2.266230e-04 -8.392223
41 1.207735e-04 -9.021594
42 6.356135e-05 -9.663505
43 3.305190e-05 -10.317432
44 1.699168e-05 -10.982787
45 8.684637e-06 -11.653955
