1 1.000000e+00 0.000000
2 1.000000e+00 0.000000
3 1.000000e+00 0.000000
4 1.000000e+00 0.000000
5 1.000000e+00 0.000000
6 1.000000e+00 0.000000
7 9.997143e-01 -0.000286
8 9.989645e-01 -0.001036
9 9.969666e-01 -0.003038
10 9.895890e-01 -0.010466
11 9.773541e-01 -0.022906
12 9.550378e-01 -0.046004
13 9.190403e-01 -0.084425
14 8.757141e-01 -0.132716
15 8.224707e-01 -0.195442
16 7.563646e-01 -0.279232
17 6.919401e-01 -0.368256
18 6.182869e-01 -0.480803
19 5.376493e-01 -0.620549
20 4.578621e-01 -0.781187
21 3.868281e-01 -0.949775
22 3.195552e-01 -1.140825
23 2.598123e-01 -1.347796
24 2.073085e-01 -1.573547
25 1.597105e-01 -1.834393
26 1.187018e-01 -2.131141
27 8.663469e-02 -2.446055
28 6.169628e-02 -2.785532
29 4.291083e-02 -3.148631
30 2.878458e-02 -3.547915
31 1.877498e-02 -3.975230
32 1.222486e-02 -4.404284
33 7.897998e-03 -4.841146
34 5.058435e-03 -5.286698
35 3.219766e-03 -5.738446
36 2.026843e-03 -6.201276
37 1.258943e-03 -6.677483
38 7.627209e-04 -7.178618
39 4.552466e-04 -7.694671
40 2.653405e-04 -8.234497
41 1.526808e-04 -8.787161
42 8.498504e-05 -9.373035
43 4.593145e-05 -9.988361
44 2.412236e-05 -10.632371
45 1.256614e-05 -11.284505
