1 1.000000e+00 0.000000
2 1.000000e+00 0.000000
3 1.000000e+00 0.000000
4 1.000000e+00 0.000000
5 1.000000e+00 0.000000
6 1.000000e+00 0.000000
7 1.000000e+00 0.000000
8 9.990000e-01 -0.001001
9 9.952260e-01 -0.004785
10 9.864680e-01 -0.013624
11 9.726575e-01 -0.027723
12 9.519074e-01 -0.049287
13 9.192497e-01 -0.084198
14 8.686910e-01 -0.140768
15 8.099674e-01 -0.210761
16 7.434489e-01 -0.296455
17 6.697162e-01 -0.400901
18 5.893503e-01 -0.528735
19 5.080199e-01 -0.677235
20 4.281084e-01 -0.848379
21 3.531691e-01 -1.040808
22 2.806410e-01 -1.270679
23 2.200225e-01 -1.514025
24 1.688673e-01 -1.778642
25 1.254211e-01 -2.076078
26 9.304317e-02 -2.374692
27 6.727366e-02 -2.698987
28 4.802859e-02 -3.035959
29 3.288136e-02 -3.414849
30 2.214450e-02 -3.810166
31 1.451108e-02 -4.232843
32 9.409527e-03 -4.666033
33 5.965640e-03 -5.121739
34 3.745720e-03 -5.587141
35 2.264127e-03 -6.090566
36 1.338854e-03 -6.615941
37 7.962924e-04 -7.135544
38 4.678847e-04 -7.667289
39 2.642229e-04 -8.238718
40 1.491670e-04 -8.810444
41 8.493789e-05 -9.373590
42 4.541346e-05 -9.999702
43 2.361711e-05 -10.653539
44 1.240006e-05 -11.297810
45 6.273877e-06 -11.979116
