1 1.000000e+00 0.000000
2 1.000000e+00 0.000000
3 1.000000e+00 0.000000
4 1.000000e+00 0.000000
5 1.000000e+00 0.000000
6 1.000000e+00 0.000000
7 9.997143e-01 -0.000286
8 9.987146e-01 -0.001286
9 9.962733e-01 -0.003734
10 9.875061e-01 -0.012573
11 9.713469e-01 -0.029072
12 9.481964e-01 -0.053194
13 9.198964e-01 -0.083494
14 8.767927e-01 -0.131485
15 8.207949e-01 -0.197482
16 7.591327e-01 -0.275579
17 6.947404e-01 -0.364217
18 6.242628e-01 -0.471184
19 5.523740e-01 -0.593530
20 4.769197e-01 -0.740407
21 4.009759e-01 -0.913854
22 3.301490e-01 -1.108211
23 2.640905e-01 -1.331463
24 2.077072e-01 -1.571626
25 1.599179e-01 -1.833095
26 1.198523e-01 -2.121495
27 8.988924e-02 -2.409177
28 6.597228e-02 -2.718521
29 4.748639e-02 -3.047312
30 3.318349e-02 -3.405703
31 2.301008e-02 -3.771823
32 1.563535e-02 -4.158221
33 1.041977e-02 -4.564050
34 6.720141e-03 -5.002646
35 4.322011e-03 -5.444035
36 2.787697e-03 -5.882539
37 1.767098e-03 -6.338416
38 1.110668e-03 -6.802794
39 6.969299e-04 -7.268826
40 4.216077e-04 -7.771435
41 2.497974e-04 -8.294860
42 1.462386e-04 -8.830271
43 8.497480e-05 -9.373156
44 4.892231e-05 -9.925277
45 2.765959e-05 -10.495538
