1 1.000000e+00 0.000000
2 1.000000e+00 0.000000
3 1.000000e+00 0.000000
4 1.000000e+00 0.000000
5 1.000000e+00 0.000000
6 1.000000e+00 0.000000
7 1.000000e+00 0.000000
8 9.982500e-01 -0.001752
9 9.918168e-01 -0.008217
10 9.838823e-01 -0.016249
11 9.672457e-01 -0.033303
12 9.430646e-01 -0.058620
13 9.099848e-01 -0.094327
14 8.669555e-01 -0.142768
15 8.175968e-01 -0.201386
16 7.578101e-01 -0.277322
17 6.898746e-01 -0.371245
18 6.169779e-01 -0.482922
19 5.415117e-01 -0.613391
20 4.680828e-01 -0.759110
21 3.924762e-01 -0.935279
22 3.253271e-01 -1.122924
23 2.633169e-01 -1.334397
24 2.092492e-01 -1.564229
25 1.622267e-01 -1.818760
26 1.223813e-01 -2.100613
27 9.009986e-02 -2.406837
28 6.541894e-02 -2.726944
29 4.667303e-02 -3.064589
30 3.255599e-02 -3.424794
31 2.223469e-02 -3.806101
32 1.496951e-02 -4.201740
33 9.892576e-03 -4.615971
34 6.414463e-03 -5.049200
35 4.088395e-03 -5.499603
36 2.570011e-03 -5.963845
37 1.582571e-03 -6.448705
38 9.667842e-04 -6.941535
39 5.730304e-04 -7.464572
40 3.312975e-04 -8.012494
41 1.869003e-04 -8.584935
42 1.034449e-04 -9.176472
43 5.621626e-05 -9.786304
44 3.022646e-05 -10.406793
45 1.566537e-05 -11.064058
