1 1.000000e+00 0.000000
2 1.000000e+00 0.000000
3 1.000000e+00 0.000000
4 1.000000e+00 0.000000
5 1.000000e+00 0.000000
6 1.000000e+00 0.000000
7 1.000000e+00 0.000000
8 1.000000e+00 0.000000
9 9.980000e-01 -0.002002
10 9.912136e-01 -0.008825
11 9.802201e-01 -0.019978
12 9.648634e-01 -0.035769
13 9.345815e-01 -0.067656
14 8.926588e-01 -0.113551
15 8.405276e-01 -0.173726
16 7.781184e-01 -0.250877
17 7.038767e-01 -0.351152
18 6.198808e-01 -0.478228
19 5.378608e-01 -0.620156
20 4.627216e-01 -0.770630
21 3.900082e-01 -0.941587
22 3.251959e-01 -1.123327
23 2.655296e-01 -1.326029
24 2.118041e-01 -1.552094
25 1.652241e-01 -1.800452
26 1.252907e-01 -2.077118
27 9.356897e-02 -2.369056
28 6.710900e-02 -2.701437
29 4.697167e-02 -3.058211
30 3.248874e-02 -3.426862
31 2.168571e-02 -3.831102
32 1.431257e-02 -4.246617
33 9.367359e-03 -4.670524
34 5.880498e-03 -5.136114
35 3.589120e-03 -5.629848
36 2.140711e-03 -6.146617
37 1.253531e-03 -6.681791
38 7.214399e-04 -7.234262
39 4.070771e-04 -7.806508
40 2.270269e-04 -8.390442
41 1.228382e-04 -9.004643
42 6.430285e-05 -9.651907
43 3.306363e-05 -10.317077
44 1.708638e-05 -10.977229
45 8.700385e-06 -11.652143
