1 1.000000e+00 0.000000
2 1.000000e+00 0.000000
3 1.000000e+00 0.000000
4 1.000000e+00 0.000000
5 1.000000e+00 0.000000
6 1.000000e+00 0.000000
7 9.997143e-01 -0.000286
8 9.992144e-01 -0.000786
9 9.963278e-01 -0.003679
10 9.901506e-01 -0.009898
11 9.775487e-01 -0.022707
12 9.555538e-01 -0.045464
13 9.217419e-01 -0.081490
14 8.738113e-01 -0.134891
15 8.145087e-01 -0.205170
16 7.504679e-01 -0.287058
17 6.703886e-01 -0.399898
18 5.889736e-01 -0.529374
19 5.086872e-01 -0.675922
20 4.322315e-01 -0.838794
21 3.589168e-01 -1.024665
22 2.907226e-01 -1.235386
23 2.316427e-01 -1.462559
24 1.825924e-01 -1.700499
25 1.413265e-01 -1.956682
26 1.066906e-01 -2.237822
27 7.947267e-02 -2.532342
28 5.754389e-02 -2.855207
29 4.173321e-02 -3.176458
30 2.965840e-02 -3.518010
31 2.050257e-02 -3.887205
32 1.375722e-02 -4.286191
33 9.077265e-03 -4.701982
34 5.812120e-03 -5.147810
35 3.667613e-03 -5.608214
36 2.293481e-03 -6.077685
37 1.383899e-03 -6.582851
38 8.218902e-04 -7.103904
39 4.796467e-04 -7.642461
40 2.706407e-04 -8.214719
41 1.491428e-04 -8.810606
42 7.947891e-05 -9.440019
43 4.101112e-05 -10.101667
44 2.084110e-05 -10.778583
45 1.038257e-05 -11.475382
