1 1.000000e+00 0.000000
2 1.000000e+00 0.000000
3 1.000000e+00 0.000000
4 1.000000e+00 0.000000
5 1.000000e+00 0.000000
6 1.000000e+00 0.000000
7 9.997143e-01 -0.000286
8 9.992144e-01 -0.000786
9 9.961058e-01 -0.003902
10 9.887346e-01 -0.011329
11 9.759709e-01 -0.024322
12 9.551502e-01 -0.045887
13 9.181198e-01 -0.085427
14 8.682790e-01 -0.141242
15 8.079625e-01 -0.213240
16 7.452444e-01 -0.294043
17 6.761559e-01 -0.391332
18 6.028305e-01 -0.506119
19 5.251606e-01 -0.644051
20 4.492749e-01 -0.800120
21 3.824827e-01 -0.961072
22 3.213550e-01 -1.135209
23 2.638185e-01 -1.332494
24 2.118243e-01 -1.551998
25 1.656974e-01 -1.797592
26 1.270007e-01 -2.063563
27 9.470488e-02 -2.356990
28 7.056190e-02 -2.651265
29 5.123281e-02 -2.971375
30 3.594835e-02 -3.325672
31 2.460955e-02 -3.704621
32 1.667143e-02 -4.094059
33 1.091019e-02 -4.518058
34 6.904224e-03 -4.975622
35 4.252607e-03 -5.460223
36 2.548493e-03 -5.972253
37 1.484463e-03 -6.512702
38 8.463782e-04 -7.074544
39 4.803522e-04 -7.640991
40 2.684448e-04 -8.222865
41 1.455887e-04 -8.834725
42 7.533178e-05 -9.493609
43 3.806883e-05 -10.176115
44 1.877831e-05 -10.882808
45 8.975199e-06 -11.621045
