1 1.000000e+00 0.000000
2 1.000000e+00 0.000000
3 1.000000e+00 0.000000
4 1.000000e+00 0.000000
5 1.000000e+00 0.000000
6 1.000000e+00 0.000000
7 1.000000e+00 0.000000
8 9.995000e-01 -0.000500
9 9.957241e-01 -0.004285
10 9.859660e-01 -0.014133
11 9.718040e-01 -0.028601
12 9.517200e-01 -0.049484
13 9.252183e-01 -0.077726
14 8.839800e-01 -0.123321
15 8.290553e-01 -0.187468
16 7.553731e-01 -0.280544
17 6.777029e-01 -0.389046
18 6.008966e-01 -0.509332
19 5.261324e-01 -0.642202
20 4.511585e-01 -0.795936
21 3.779420e-01 -0.973015
22 3.154785e-01 -1.153665
23 2.548243e-01 -1.367181
24 1.988691e-01 -1.615108
25 1.517928e-01 -1.885239
26 1.126303e-01 -2.183645
27 8.186135e-02 -2.502728
28 5.905127e-02 -2.829349
29 4.124630e-02 -3.188194
30 2.798699e-02 -3.576016
31 1.859419e-02 -3.984906
32 1.213271e-02 -4.411850
33 7.628901e-03 -4.875811
34 4.657669e-03 -5.369240
35 2.728595e-03 -5.903968
36 1.541050e-03 -6.475291
37 8.457449e-04 -7.075293
38 4.685427e-04 -7.665883
39 2.523403e-04 -8.284732
40 1.339801e-04 -8.917820
41 6.970885e-05 -9.571183
42 3.534903e-05 -10.250240
43 1.750352e-05 -10.953108
44 8.377822e-06 -11.689923
45 3.964013e-06 -12.438254
