1 1.000000e+00 0.000000
2 1.000000e+00 0.000000
3 1.000000e+00 0.000000
4 1.000000e+00 0.000000
5 1.000000e+00 0.000000
6 1.000000e+00 0.000000
7 1.000000e+00 0.000000
8 9.995000e-01 -0.000500
9 9.968347e-01 -0.003170
10 9.886606e-01 -0.011404
11 9.753586e-01 -0.024950
12 9.566643e-01 -0.044303
13 9.253151e-01 -0.077621
14 8.765378e-01 -0.131775
15 8.156476e-01 -0.203773
16 7.458078e-01 -0.293287
17 6.685948e-01 -0.402577
18 5.838318e-01 -0.538142
19 5.046765e-01 -0.683838
20 4.336181e-01 -0.835591
21 3.654781e-01 -1.006549
22 2.996256e-01 -1.205222
23 2.417848e-01 -1.419707
24 1.885317e-01 -1.668489
25 1.437969e-01 -1.939353
26 1.075380e-01 -2.229911
27 7.766630e-02 -2.555334
28 5.472146e-02 -2.905499
29 3.761817e-02 -3.280268
30 2.565810e-02 -3.662896
31 1.693766e-02 -4.078216
32 1.092902e-02 -4.516333
33 6.930326e-03 -4.971848
34 4.263373e-03 -5.457695
35 2.605287e-03 -5.950213
36 1.573014e-03 -6.454762
37 9.180450e-04 -6.993264
38 5.262331e-04 -7.549766
39 3.011672e-04 -8.107845
40 1.665756e-04 -8.700061
41 8.998333e-05 -9.315886
42 4.824820e-05 -9.939152
43 2.573312e-05 -10.567732
44 1.348182e-05 -11.214169
45 6.855953e-06 -11.890393
