1 1.000000e+00 0.000000
2 1.000000e+00 0.000000
3 1.000000e+00 0.000000
4 1.000000e+00 0.000000
5 1.000000e+00 0.000000
6 1.000000e+00 0.000000
7 1.000000e+00 0.000000
8 9.992500e-01 -0.000750
9 9.961412e-01 -0.003866
10 9.873752e-01 -0.012705
11 9.757062e-01 -0.024594
12 9.524519e-01 -0.048716
13 9.222665e-01 -0.080921
14 8.785247e-01 -0.129511
15 8.289759e-01 -0.187564
16 7.640049e-01 -0.269181
17 6.889527e-01 -0.372583
18 6.079625e-01 -0.497642
19 5.286074e-01 -0.637509
20 4.511135e-01 -0.796036
21 3.786776e-01 -0.971070
22 3.128565e-01 -1.162011
23 2.504757e-01 -1.384394
24 1.966860e-01 -1.626147
25 1.510863e-01 -1.889904
26 1.126872e-01 -2.183140
27 8.181087e-02 -2.503345
28 5.923692e-02 -2.826210
29 4.207455e-02 -3.168312
30 2.882948e-02 -3.546357
31 1.959475e-02 -3.932494
32 1.295090e-02 -4.346590
33 8.379627e-03 -4.781952
34 5.371834e-03 -5.226586
35 3.363996e-03 -5.694626
36 2.060821e-03 -6.184651
37 1.214436e-03 -6.713475
38 7.114680e-04 -7.248180
39 4.090394e-04 -7.801699
40 2.273850e-04 -8.388866
41 1.215900e-04 -9.014856
42 6.308782e-05 -9.670983
43 3.184614e-05 -10.354594
44 1.614455e-05 -11.033928
45 7.984735e-06 -11.737979
