1 1.000000e+00 0.000000
2 1.000000e+00 0.000000
3 1.000000e+00 0.000000
4 1.000000e+00 0.000000
5 1.000000e+00 0.000000
6 1.000000e+00 0.000000
7 1.000000e+00 0.000000
8 9.997500e-01 -0.000250
9 9.977505e-01 -0.002252
10 9.893694e-01 -0.010688
11 9.719205e-01 -0.028481
12 9.460026e-01 -0.055510
13 9.071438e-01 -0.097454
14 8.501233e-01 -0.162374
15 7.838137e-01 -0.243584
16 7.135644e-01 -0.337483
17 6.396895e-01 -0.446772
18 5.680443e-01 -0.565556
19 4.953346e-01 -0.702522
20 4.246008e-01 -0.856606
21 3.597380e-01 -1.022379
22 2.988442e-01 -1.207833
23 2.396990e-01 -1.428371
24 1.875045e-01 -1.673952
25 1.446485e-01 -1.933449
26 1.101554e-01 -2.205863
27 8.104173e-02 -2.512791
28 5.867422e-02 -2.835755
29 4.168702e-02 -3.177566
30 2.874459e-02 -3.549306
31 1.956487e-02 -3.934020
32 1.279909e-02 -4.358381
33 8.397755e-03 -4.779791
34 5.425937e-03 -5.216565
35 3.435084e-03 -5.673714
36 2.117920e-03 -6.157321
37 1.272240e-03 -6.666976
38 7.601970e-04 -7.181933
39 4.450856e-04 -7.717244
40 2.561913e-04 -8.269586
41 1.426673e-04 -8.854995
42 7.687049e-05 -9.473388
43 4.120616e-05 -10.096923
44 2.179806e-05 -10.733690
45 1.134274e-05 -11.386933
