1 1.000000e+00 0.000000
2 1.000000e+00 0.000000
3 1.000000e+00 0.000000
4 1.000000e+00 0.000000
5 1.000000e+00 0.000000
6 1.000000e+00 0.000000
7 1.000000e+00 0.000000
8 9.997500e-01 -0.000250
9 9.973062e-01 -0.002697
10 9.897266e-01 -0.010326
11 9.794695e-01 -0.020744
12 9.598801e-01 -0.040947
13 9.244384e-01 -0.078569
14 8.804615e-01 -0.127309
15 8.176552e-01 -0.201314
16 7.491766e-01 -0.288781
17 6.784015e-01 -0.388016
18 5.984255e-01 -0.513453
19 5.154648e-01 -0.662686
20 4.369595e-01 -0.827915
21 3.646323e-01 -1.008866
22 2.996283e-01 -1.205213
23 2.452783e-01 -1.405362
24 1.989821e-01 -1.614541
25 1.588832e-01 -1.839586
26 1.234400e-01 -2.092000
27 9.396071e-02 -2.364879
28 6.960475e-02 -2.664922
29 4.993301e-02 -2.997073
30 3.470677e-02 -3.360820
31 2.345954e-02 -3.752478
32 1.538066e-02 -4.174644
33 9.931245e-03 -4.612069
34 6.264863e-03 -5.072799
35 3.867390e-03 -5.555176
36 2.339556e-03 -6.057794
37 1.387926e-03 -6.579945
38 8.097451e-04 -7.118791
39 4.668284e-04 -7.669549
40 2.622175e-04 -8.246336
41 1.431324e-04 -8.851741
42 7.667125e-05 -9.475984
43 4.011155e-05 -10.123846
44 2.052070e-05 -10.794076
45 1.028498e-05 -11.484826
