1 1.000000e+00 0.000000
2 1.000000e+00 0.000000
3 1.000000e+00 0.000000
4 1.000000e+00 0.000000
5 1.000000e+00 0.000000
6 1.000000e+00 0.000000
7 1.000000e+00 0.000000
8 9.992500e-01 -0.000750
9 9.959192e-01 -0.004089
10 9.863583e-01 -0.013736
11 9.711146e-01 -0.029311
12 9.520160e-01 -0.049173
13 9.241879e-01 -0.078840
14 8.828635e-01 -0.124585
15 8.314220e-01 -0.184618
16 7.697928e-01 -0.261634
17 6.986096e-01 -0.358663
18 6.227717e-01 -0.473575
19 5.473180e-01 -0.602725
20 4.745794e-01 -0.745326
21 4.019010e-01 -0.911550
22 3.344912e-01 -1.095145
23 2.676802e-01 -1.317962
24 2.105974e-01 -1.557807
25 1.624464e-01 -1.817407
26 1.218973e-01 -2.104576
27 8.888570e-02 -2.420404
28 6.321043e-02 -2.761286
29 4.417755e-02 -3.119538
30 3.015265e-02 -3.501482
31 2.016726e-02 -3.903695
32 1.331291e-02 -4.319021
33 8.594494e-03 -4.756634
34 5.420092e-03 -5.217642
35 3.340016e-03 -5.701780
36 2.036296e-03 -6.196623
37 1.239499e-03 -6.693048
38 7.505493e-04 -7.194705
39 4.474813e-04 -7.711876
40 2.639021e-04 -8.239932
41 1.547882e-04 -8.773453
42 8.855362e-05 -9.331902
43 5.033141e-05 -9.896881
44 2.797054e-05 -10.484359
45 1.498102e-05 -11.108727
