1 1.000000e+00 0.000000
2 1.000000e+00 0.000000
3 1.000000e+00 0.000000
4 1.000000e+00 0.000000
5 1.000000e+00 0.000000
6 1.000000e+00 0.000000
7 9.994286e-01 -0.000572
8 9.984291e-01 -0.001572
9 9.946573e-01 -0.005357
10 9.855065e-01 -0.014600
11 9.695592e-01 -0.030914
12 9.445122e-01 -0.057087
13 9.110910e-01 -0.093112
14 8.720443e-01 -0.136915
15 8.205355e-01 -0.197798
16 7.537644e-01 -0.282675
17 6.829106e-01 -0.381391
18 6.054382e-01 -0.501803
19 5.293441e-01 -0.636116
20 4.554477e-01 -0.786474
21 3.850051e-01 -0.954499
22 3.133592e-01 -1.160405
23 2.509598e-01 -1.382462
24 1.945984e-01 -1.636817
25 1.476924e-01 -1.912623
26 1.096219e-01 -2.210718
27 7.967479e-02 -2.529802
28 5.692195e-02 -2.866074
29 4.024186e-02 -3.212848
30 2.798687e-02 -3.576020
31 1.911593e-02 -3.957233
32 1.290923e-02 -4.349813
33 8.585811e-03 -4.757644
34 5.595424e-03 -5.185806
35 3.544941e-03 -5.642234
36 2.213618e-03 -6.113127
37 1.345880e-03 -6.610707
38 8.056863e-04 -7.123816
39 4.745699e-04 -7.653102
40 2.756539e-04 -8.196364
41 1.582522e-04 -8.751320
42 8.972149e-05 -9.318800
43 5.023151e-05 -9.898868
44 2.706794e-05 -10.517161
45 1.446270e-05 -11.143938
