1 1.000000e+00 0.000000
2 1.000000e+00 0.000000
3 1.000000e+00 0.000000
4 1.000000e+00 0.000000
5 1.000000e+00 0.000000
6 1.000000e+00 0.000000
7 1.000000e+00 0.000000
8 9.992500e-01 -0.000750
9 9.956971e-01 -0.004312
10 9.857401e-01 -0.014363
11 9.705060e-01 -0.029938
12 9.441406e-01 -0.057480
13 9.055034e-01 -0.099264
14 8.581585e-01 -0.152966
15 8.025499e-01 -0.219961
16 7.399510e-01 -0.301171
17 6.663041e-01 -0.406009
18 5.907156e-01 -0.526421
19 5.162854e-01 -0.661096
20 4.397719e-01 -0.821499
21 3.711675e-01 -0.991102
22 3.083052e-01 -1.176665
23 2.483063e-01 -1.393092
24 1.959965e-01 -1.629659
25 1.507448e-01 -1.892167
26 1.142298e-01 -2.169543
27 8.550311e-02 -2.459203
28 6.228290e-02 -2.776068
29 4.421657e-02 -3.118656
30 3.088380e-02 -3.477524
31 2.134369e-02 -3.846999
32 1.451238e-02 -4.232753
33 9.762872e-03 -4.629169
34 6.538827e-03 -5.029997
35 4.319736e-03 -5.444561
36 2.863265e-03 -5.855793
37 1.899351e-03 -6.266243
38 1.255071e-03 -6.680563
39 8.191430e-04 -7.107252
40 5.307637e-04 -7.541194
41 3.377987e-04 -7.993060
42 2.144218e-04 -8.447566
43 1.332407e-04 -8.923353
44 8.067724e-05 -9.425054
45 4.810873e-05 -9.942047
