1 1.000000e+00 0.000000
2 1.000000e+00 0.000000
3 1.000000e+00 0.000000
4 1.000000e+00 0.000000
5 1.000000e+00 0.000000
6 1.000000e+00 0.000000
7 1.000000e+00 0.000000
8 9.992500e-01 -0.000750
9 9.939207e-01 -0.006098
10 9.845778e-01 -0.015542
11 9.656023e-01 -0.035003
12 9.419451e-01 -0.059808
13 9.058613e-01 -0.098869
14 8.590153e-01 -0.151968
15 7.975098e-01 -0.226261
16 7.224442e-01 -0.325115
17 6.473950e-01 -0.434799
18 5.698515e-01 -0.562380
19 4.920518e-01 -0.709171
20 4.200154e-01 -0.867464
21 3.483328e-01 -1.054597
22 2.826245e-01 -1.263636
23 2.243793e-01 -1.494417
24 1.728282e-01 -1.755457
25 1.308378e-01 -2.033797
26 9.823908e-02 -2.320351
27 7.279880e-02 -2.620056
28 5.304952e-02 -2.936529
29 3.811883e-02 -3.267047
30 2.672384e-02 -3.622199
31 1.813256e-02 -4.010046
32 1.202188e-02 -4.421027
33 7.800381e-03 -4.853583
34 4.972973e-03 -5.303738
35 3.086369e-03 -5.780760
36 1.882514e-03 -6.275147
37 1.115262e-03 -6.798666
38 6.494347e-04 -7.339408
39 3.658482e-04 -7.913292
40 2.071799e-04 -8.481923
41 1.134941e-04 -9.083759
42 6.026538e-05 -9.716753
43 3.120345e-05 -10.374982
44 1.573789e-05 -11.059440
45 7.648613e-06 -11.780986
