1 1.000000e+00 0.000000
2 1.000000e+00 0.000000
3 1.000000e+00 0.000000
4 1.000000e+00 0.000000
5 1.000000e+00 0.000000
6 1.000000e+00 0.000000
7 1.000000e+00 0.000000
8 9.990000e-01 -0.001001
9 9.947820e-01 -0.005232
10 9.848342e-01 -0.015282
11 9.697931e-01 -0.030673
12 9.536299e-01 -0.047480
13 9.222334e-01 -0.080957
14 8.787567e-01 -0.129247
15 8.247425e-01 -0.192684
16 7.576290e-01 -0.277561
17 6.865902e-01 -0.376018
18 6.007664e-01 -0.509549
19 5.109044e-01 -0.671573
20 4.255834e-01 -0.854294
21 3.474382e-01 -1.057169
22 2.783295e-01 -1.278949
23 2.207274e-01 -1.510827
24 1.690956e-01 -1.777291
25 1.266864e-01 -2.066040
26 9.218874e-02 -2.383917
27 6.703146e-02 -2.702593
28 4.785088e-02 -3.039666
29 3.353852e-02 -3.395061
30 2.276148e-02 -3.782686
31 1.498146e-02 -4.200942
32 9.542251e-03 -4.652026
33 5.991956e-03 -5.117337
34 3.688225e-03 -5.602610
35 2.247077e-03 -6.098125
36 1.341755e-03 -6.613777
37 7.863409e-04 -7.148120
38 4.520632e-04 -7.701689
39 2.527381e-04 -8.283157
40 1.399916e-04 -8.873928
41 7.579352e-05 -9.487498
42 3.987461e-05 -10.129771
43 2.107791e-05 -10.767285
44 1.074590e-05 -11.440986
45 5.445067e-06 -12.120801
