1 1.000000e+00 0.000000
2 1.000000e+00 0.000000
3 1.000000e+00 0.000000
4 1.000000e+00 0.000000
5 1.000000e+00 0.000000
6 1.000000e+00 0.000000
7 9.994286e-01 -0.000572
8 9.986790e-01 -0.001322
9 9.942404e-01 -0.005776
10 9.864854e-01 -0.013607
11 9.690873e-01 -0.031401
12 9.466368e-01 -0.054840
13 9.144512e-01 -0.089431
14 8.658546e-01 -0.144038
15 8.118253e-01 -0.208470
16 7.522576e-01 -0.284676
17 6.795984e-01 -0.386253
18 5.995568e-01 -0.511565
19 5.192793e-01 -0.655313
20 4.433087e-01 -0.813489
21 3.713661e-01 -0.990567
22 3.024945e-01 -1.195692
23 2.399702e-01 -1.427240
24 1.856170e-01 -1.684070
25 1.411728e-01 -1.957770
26 1.041856e-01 -2.261582
27 7.604774e-02 -2.576394
28 5.405365e-02 -2.917778
29 3.757660e-02 -3.281374
30 2.551702e-02 -3.668410
31 1.731536e-02 -4.056162
32 1.156882e-02 -4.459442
33 7.664870e-03 -4.871108
34 4.951055e-03 -5.308155
35 3.104170e-03 -5.775009
36 1.908030e-03 -6.261684
37 1.152656e-03 -6.765686
38 6.859519e-04 -7.284703
39 4.020030e-04 -7.819051
40 2.329205e-04 -8.364813
41 1.340372e-04 -8.917393
42 7.606294e-05 -9.483949
43 4.187353e-05 -10.080857
44 2.218346e-05 -10.716164
45 1.163991e-05 -11.361071
