1 1.000000e+00 0.000000
2 1.000000e+00 0.000000
3 1.000000e+00 0.000000
4 1.000000e+00 0.000000
5 1.000000e+00 0.000000
6 1.000000e+00 0.000000
7 1.000000e+00 0.000000
8 9.977500e-01 -0.002253
9 9.924287e-01 -0.007600
10 9.844892e-01 -0.015632
11 9.644415e-01 -0.036206
12 9.420986e-01 -0.059645
13 9.131109e-01 -0.090898
14 8.691511e-01 -0.140238
15 8.136414e-01 -0.206236
16 7.493637e-01 -0.288531
17 6.777774e-01 -0.388936
18 6.006614e-01 -0.509724
19 5.225122e-01 -0.649107
20 4.434561e-01 -0.813156
21 3.666326e-01 -1.003395
22 3.010720e-01 -1.200406
23 2.404126e-01 -1.425399
24 1.896855e-01 -1.662388
25 1.461337e-01 -1.923233
26 1.088696e-01 -2.217604
27 7.931354e-02 -2.534346
28 5.593870e-02 -2.883499
29 3.846268e-02 -3.258067
30 2.583410e-02 -3.656060
31 1.707884e-02 -4.069915
32 1.120372e-02 -4.491509
33 7.101800e-03 -4.947407
34 4.388912e-03 -5.428674
35 2.654414e-03 -5.931531
36 1.587340e-03 -6.445696
37 9.373027e-04 -6.972504
38 5.374197e-04 -7.528731
39 3.023882e-04 -8.103799
40 1.684907e-04 -8.688630
41 9.262057e-05 -9.286999
42 5.023122e-05 -9.898874
43 2.668329e-05 -10.531473
44 1.364972e-05 -11.201792
45 6.838811e-06 -11.892897
