1 1.000000e+00 0.000000
2 1.000000e+00 0.000000
3 1.000000e+00 0.000000
4 1.000000e+00 0.000000
5 1.000000e+00 0.000000
6 1.000000e+00 0.000000
7 1.000000e+00 0.000000
8 1.000000e+00 0.000000
9 9.975556e-01 -0.002447
10 9.911712e-01 -0.008868
11 9.798178e-01 -0.020389
12 9.618545e-01 -0.038892
13 9.303352e-01 -0.072210
14 8.864766e-01 -0.120501
15 8.339972e-01 -0.181525
16 7.707176e-01 -0.260433
17 6.968194e-01 -0.361229
18 6.186982e-01 -0.480138
19 5.366393e-01 -0.622429
20 4.565190e-01 -0.784125
21 3.819543e-01 -0.962454
22 3.128553e-01 -1.162015
23 2.509099e-01 -1.382661
24 1.971734e-01 -1.623672
25 1.515238e-01 -1.887013
26 1.137011e-01 -2.174182
27 8.436624e-02 -2.472588
28 6.146080e-02 -2.789356
29 4.417548e-02 -3.119585
30 3.081093e-02 -3.479886
31 2.108461e-02 -3.859212
32 1.437839e-02 -4.242029
33 9.443551e-03 -4.662423
34 6.028874e-03 -5.111195
35 3.791301e-03 -5.575046
36 2.312272e-03 -6.069525
37 1.390363e-03 -6.578190
38 8.186311e-04 -7.107877
39 4.694324e-04 -7.663986
40 2.648303e-04 -8.236421
41 1.460184e-04 -8.831778
42 7.930189e-05 -9.442249
43 4.226606e-05 -10.071526
44 2.192840e-05 -10.727728
45 1.113183e-05 -11.405702
