1 1.000000e+00 0.000000
2 1.000000e+00 0.000000
3 1.000000e+00 0.000000
4 1.000000e+00 0.000000
5 1.000000e+00 0.000000
6 1.000000e+00 0.000000
7 9.994286e-01 -0.000572
8 9.976796e-01 -0.002323
9 9.947974e-01 -0.005216
10 9.854463e-01 -0.014661
11 9.680666e-01 -0.032454
12 9.475759e-01 -0.053848
13 9.152125e-01 -0.088599
14 8.698441e-01 -0.139441
15 8.135942e-01 -0.206294
16 7.510491e-01 -0.286284
17 6.786833e-01 -0.387601
18 6.038774e-01 -0.504384
19 5.237841e-01 -0.646676
20 4.460022e-01 -0.807431
21 3.710314e-01 -0.991469
22 3.056286e-01 -1.185384
23 2.443169e-01 -1.409289
24 1.922570e-01 -1.648922
25 1.483917e-01 -1.907900
26 1.110997e-01 -2.197327
27 8.058431e-02 -2.518451
28 5.829699e-02 -2.842205
29 4.085212e-02 -3.197797
30 2.788293e-02 -3.579740
31 1.873553e-02 -3.977333
32 1.226358e-02 -4.401122
33 7.705986e-03 -4.865758
34 4.818508e-03 -5.335291
35 3.022719e-03 -5.801599
36 1.859980e-03 -6.287190
37 1.110961e-03 -6.802530
38 6.462284e-04 -7.344358
39 3.673560e-04 -7.909179
40 2.041764e-04 -8.496526
41 1.113309e-04 -9.103003
42 5.898950e-05 -9.738151
43 3.135497e-05 -10.370138
44 1.636587e-05 -11.020312
45 8.345140e-06 -11.693831
