1 1.000000e+00 0.000000
2 1.000000e+00 0.000000
3 1.000000e+00 0.000000
4 1.000000e+00 0.000000
5 1.000000e+00 0.000000
6 1.000000e+00 0.000000
7 1.000000e+00 0.000000
8 9.995000e-01 -0.000500
9 9.968347e-01 -0.003170
10 9.896575e-01 -0.010396
11 9.781414e-01 -0.022101
12 9.579265e-01 -0.042984
13 9.280097e-01 -0.074713
14 8.881053e-01 -0.118665
15 8.293720e-01 -0.187087
16 7.666507e-01 -0.265724
17 6.985541e-01 -0.358743
18 6.215579e-01 -0.475526
19 5.429799e-01 -0.610683
20 4.675600e-01 -0.760228
21 3.900786e-01 -0.941407
22 3.193325e-01 -1.141522
23 2.561880e-01 -1.361844
24 1.996985e-01 -1.610946
25 1.532567e-01 -1.875641
26 1.168995e-01 -2.146441
27 8.629778e-02 -2.449951
28 6.196181e-02 -2.781237
29 4.318524e-02 -3.142256
30 2.888805e-02 -3.544327
31 1.882010e-02 -3.972830
32 1.203310e-02 -4.420094
33 7.548035e-03 -4.886468
34 4.674898e-03 -5.365548
35 2.838064e-03 -5.864633
36 1.689121e-03 -6.383547
37 9.853510e-04 -6.922513
38 5.708812e-04 -7.468329
39 3.242605e-04 -8.033963
40 1.827532e-04 -8.607374
41 1.022794e-04 -9.187802
42 5.690632e-05 -9.774104
43 3.111584e-05 -10.377793
44 1.695531e-05 -10.984930
45 8.847656e-06 -11.635358
