1 1.000000e+00 0.000000
2 1.000000e+00 0.000000
3 1.000000e+00 0.000000
4 1.000000e+00 0.000000
5 1.000000e+00 0.000000
6 1.000000e+00 0.000000
7 1.000000e+00 0.000000
8 9.995000e-01 -0.000500
9 9.961683e-01 -0.003839
10 9.881990e-01 -0.011871
11 9.731065e-01 -0.027262
12 9.484545e-01 -0.052922
13 9.115377e-01 -0.092622
14 8.616636e-01 -0.148890
15 8.020364e-01 -0.220601
16 7.291514e-01 -0.315874
17 6.542632e-01 -0.424245
18 5.773510e-01 -0.549305
19 5.017484e-01 -0.689657
20 4.288443e-01 -0.846661
21 3.587998e-01 -1.024991
22 2.946398e-01 -1.222002
23 2.366855e-01 -1.441023
24 1.839835e-01 -1.692909
25 1.415495e-01 -1.955105
26 1.070659e-01 -2.234311
27 7.933187e-02 -2.534115
28 5.799159e-02 -2.847457
29 4.141800e-02 -3.184040
30 2.868887e-02 -3.551246
31 1.944180e-02 -3.940330
32 1.279878e-02 -4.358406
33 8.300589e-03 -4.791429
34 5.240601e-03 -5.251319
35 3.185986e-03 -5.748993
36 1.894777e-03 -6.268654
37 1.127341e-03 -6.787894
38 6.454324e-04 -7.345590
39 3.605484e-04 -7.927884
40 2.004649e-04 -8.514871
41 1.101090e-04 -9.114039
42 5.801697e-05 -9.754775
43 3.015803e-05 -10.409059
44 1.519691e-05 -11.094419
45 7.533613e-06 -11.796136
