1 1.000000e+00 0.000000
2 1.000000e+00 0.000000
3 1.000000e+00 0.000000
4 1.000000e+00 0.000000
5 1.000000e+00 0.000000
6 1.000000e+00 0.000000
7 9.994286e-01 -0.000572
8 9.986790e-01 -0.001322
9 9.946843e-01 -0.005330
10 9.869257e-01 -0.013160
11 9.720321e-01 -0.028366
12 9.504854e-01 -0.050782
13 9.167066e-01 -0.086968
14 8.679902e-01 -0.141575
15 8.027174e-01 -0.219753
16 7.343860e-01 -0.308720
17 6.677729e-01 -0.403807
18 5.948373e-01 -0.519467
19 5.135011e-01 -0.666503
20 4.349868e-01 -0.832440
21 3.655960e-01 -1.006226
22 2.981269e-01 -1.210236
23 2.346129e-01 -1.449818
24 1.824311e-01 -1.701383
25 1.390125e-01 -1.973191
26 1.027730e-01 -2.275232
27 7.450663e-02 -2.596867
28 5.236752e-02 -2.949469
29 3.654530e-02 -3.309203
30 2.527230e-02 -3.678046
31 1.726995e-02 -4.058788
32 1.176515e-02 -4.442613
33 7.912599e-03 -4.839299
34 5.300510e-03 -5.239952
35 3.432308e-03 -5.674522
36 2.192100e-03 -6.122895
37 1.367515e-03 -6.594760
38 8.324569e-04 -7.091129
39 4.930706e-04 -7.614858
40 2.854632e-04 -8.161397
41 1.617393e-04 -8.729525
42 8.894891e-05 -9.327448
43 4.897154e-05 -9.924271
44 2.659155e-05 -10.534917
45 1.398715e-05 -11.177371
