1 1.000000e+00 0.000000
2 1.000000e+00 0.000000
3 1.000000e+00 0.000000
4 1.000000e+00 0.000000
5 1.000000e+00 0.000000
6 1.000000e+00 0.000000
7 9.997143e-01 -0.000286
8 9.984646e-01 -0.001537
9 9.960240e-01 -0.003984
10 9.870597e-01 -0.013025
11 9.701900e-01 -0.030263
12 9.443183e-01 -0.057292
13 9.098870e-01 -0.094435
14 8.702419e-01 -0.138984
15 8.194198e-01 -0.199159
16 7.560172e-01 -0.279691
17 6.819275e-01 -0.382832
18 6.060820e-01 -0.500740
19 5.242928e-01 -0.645705
20 4.417691e-01 -0.816968
21 3.622507e-01 -1.015419
22 2.937524e-01 -1.225018
23 2.334948e-01 -1.454595
24 1.798105e-01 -1.715852
25 1.363539e-01 -1.992502
26 1.014683e-01 -2.288009
27 7.302708e-02 -2.616925
28 5.168753e-02 -2.962539
29 3.573925e-02 -3.331506
30 2.409302e-02 -3.725833
31 1.618118e-02 -4.123906
32 1.062497e-02 -4.544548
33 6.846988e-03 -4.983946
34 4.310380e-03 -5.446729
35 2.618494e-03 -5.945156
36 1.566733e-03 -6.458763
37 9.020145e-04 -7.010880
38 5.075018e-04 -7.586010
39 2.779028e-04 -8.188239
40 1.474552e-04 -8.821986
41 7.661198e-05 -9.476757
42 3.847016e-05 -10.165628
43 1.874839e-05 -10.884403
44 8.836456e-06 -11.636625
45 4.170807e-06 -12.387401
