1 1.000000e+00 0.000000
2 1.000000e+00 0.000000
3 1.000000e+00 0.000000
4 1.000000e+00 0.000000
5 1.000000e+00 0.000000
6 1.000000e+00 0.000000
7 9.997143e-01 -0.000286
8 9.984646e-01 -0.001537
9 9.953583e-01 -0.004652
10 9.871964e-01 -0.012886
11 9.728372e-01 -0.027539
12 9.452734e-01 -0.056281
13 9.140067e-01 -0.089917
14 8.736598e-01 -0.135064
15 8.233370e-01 -0.194390
16 7.619984e-01 -0.271811
17 6.866950e-01 -0.375865
18 6.094800e-01 -0.495149
19 5.362141e-01 -0.623222
20 4.637179e-01 -0.768479
21 3.938511e-01 -0.931782
22 3.269680e-01 -1.117893
23 2.625127e-01 -1.337456
24 2.075163e-01 -1.572546
25 1.612318e-01 -1.824912
26 1.228959e-01 -2.096418
27 9.126156e-02 -2.394026
28 6.604078e-02 -2.717483
29 4.696183e-02 -3.058420
30 3.271674e-02 -3.419868
31 2.253233e-02 -3.792804
32 1.515159e-02 -4.189650
33 9.977090e-03 -4.607464
34 6.458112e-03 -5.042418
35 4.167143e-03 -5.480525
36 2.637338e-03 -5.937985
37 1.669792e-03 -6.395056
38 1.057242e-03 -6.852092
39 6.607490e-04 -7.322137
40 4.056338e-04 -7.810060
41 2.482875e-04 -8.300923
42 1.501430e-04 -8.803923
43 8.993215e-05 -9.316455
44 5.320304e-05 -9.841395
45 3.049835e-05 -10.397838
