1 1.000000e+00 0.000000
2 1.000000e+00 0.000000
3 1.000000e+00 0.000000
4 1.000000e+00 0.000000
5 1.000000e+00 0.000000
6 1.000000e+00 0.000000
7 1.000000e+00 0.000000
8 9.992500e-01 -0.000750
9 9.956971e-01 -0.004312
10 9.901212e-01 -0.009928
11 9.776997e-01 -0.022553
12 9.511388e-01 -0.050095
13 9.108984e-01 -0.093324
14 8.613195e-01 -0.149290
15 8.041278e-01 -0.217997
16 7.409033e-01 -0.299885
17 6.702996e-01 -0.400031
18 5.952260e-01 -0.518814
19 5.226711e-01 -0.648803
20 4.450544e-01 -0.809559
21 3.681660e-01 -0.999221
22 2.985491e-01 -1.208821
23 2.365288e-01 -1.441685
24 1.804123e-01 -1.712510
25 1.359443e-01 -1.995510
26 1.012367e-01 -2.290294
27 7.332535e-02 -2.612849
28 5.215004e-02 -2.953630
29 3.677477e-02 -3.302943
30 2.550453e-02 -3.668899
31 1.742206e-02 -4.050018
32 1.182740e-02 -4.437336
33 7.949448e-03 -4.834653
34 5.158724e-03 -5.267066
35 3.224350e-03 -5.737024
36 2.005546e-03 -6.211839
37 1.227285e-03 -6.702950
38 7.355316e-04 -7.214917
39 4.338505e-04 -7.742811
40 2.544967e-04 -8.276223
41 1.494206e-04 -8.808745
42 8.692009e-05 -9.350521
43 4.982745e-05 -9.906945
44 2.806871e-05 -10.480855
45 1.563614e-05 -11.065926
