1 1.000000e+00 0.000000
2 1.000000e+00 0.000000
3 1.000000e+00 0.000000
4 1.000000e+00 0.000000
5 1.000000e+00 0.000000
6 1.000000e+00 0.000000
7 9.994286e-01 -0.000572
8 9.971799e-01 -0.002824
9 9.934127e-01 -0.006609
10 9.854654e-01 -0.014641
11 9.707730e-01 -0.029663
12 9.453711e-01 -0.056178
13 9.062473e-01 -0.098443
14 8.556269e-01 -0.155921
15 7.974443e-01 -0.226343
16 7.302596e-01 -0.314355
17 6.495015e-01 -0.431550
18 5.704788e-01 -0.561279
19 4.976377e-01 -0.697883
20 4.248333e-01 -0.856058
21 3.564958e-01 -1.031433
22 2.932016e-01 -1.226895
23 2.388956e-01 -1.431729
24 1.902206e-01 -1.659571
25 1.480677e-01 -1.910086
26 1.119278e-01 -2.189901
27 8.263588e-02 -2.493311
28 5.910827e-02 -2.828385
29 4.182419e-02 -3.174280
30 2.917098e-02 -3.534581
31 1.987579e-02 -3.918253
32 1.305467e-02 -4.338610
33 8.231561e-03 -4.799780
34 5.096304e-03 -5.279240
35 3.072635e-03 -5.785220
36 1.799540e-03 -6.320224
37 1.049278e-03 -6.859653
38 5.948299e-04 -7.427235
39 3.300239e-04 -8.016346
40 1.809026e-04 -8.617552
41 9.799625e-05 -9.230581
42 5.240466e-05 -9.856515
43 2.798653e-05 -10.483787
44 1.454918e-05 -11.137976
45 7.412967e-06 -11.812280
