1 1.000000e+00 0.000000
2 1.000000e+00 0.000000
3 1.000000e+00 0.000000
4 1.000000e+00 0.000000
5 1.000000e+00 0.000000
6 1.000000e+00 0.000000
7 9.994286e-01 -0.000572
8 9.971799e-01 -0.002824
9 9.929695e-01 -0.007055
10 9.836356e-01 -0.016500
11 9.662879e-01 -0.034293
12 9.397150e-01 -0.062179
13 8.996686e-01 -0.105729
14 8.500583e-01 -0.162450
15 7.941812e-01 -0.230444
16 7.270729e-01 -0.318729
17 6.522271e-01 -0.427362
18 5.772210e-01 -0.549530
19 4.942835e-01 -0.704646
20 4.176201e-01 -0.873183
21 3.416132e-01 -1.074076
22 2.739428e-01 -1.294836
23 2.157001e-01 -1.533866
24 1.652982e-01 -1.800004
25 1.242910e-01 -2.085129
26 9.209010e-02 -2.384988
27 6.664594e-02 -2.708361
28 4.798032e-02 -3.036964
29 3.393698e-02 -3.383250
30 2.345271e-02 -3.752769
31 1.567852e-02 -4.155464
32 1.033704e-02 -4.572022
33 6.799894e-03 -4.990848
34 4.386332e-03 -5.429262
35 2.765144e-03 -5.890663
36 1.725603e-03 -6.362179
37 1.037134e-03 -6.871294
38 6.149660e-04 -7.393944
39 3.584148e-04 -7.933820
40 2.008556e-04 -8.512924
41 1.123224e-04 -9.094137
42 6.172918e-05 -9.692754
43 3.314426e-05 -10.314641
44 1.749866e-05 -10.953386
45 8.966315e-06 -11.622036
