1 1.000000e+00 0.000000
2 1.000000e+00 0.000000
3 1.000000e+00 0.000000
4 1.000000e+00 0.000000
5 1.000000e+00 0.000000
6 1.000000e+00 0.000000
7 9.991429e-01 -0.000858
8 9.973944e-01 -0.002609
9 9.931831e-01 -0.006840
10 9.844431e-01 -0.015679
11 9.695870e-01 -0.030885
12 9.482561e-01 -0.053131
13 9.144106e-01 -0.089476
14 8.756135e-01 -0.132831
15 8.230767e-01 -0.194706
16 7.581565e-01 -0.276865
17 6.827868e-01 -0.381573
18 6.034318e-01 -0.505122
19 5.247951e-01 -0.644747
20 4.506941e-01 -0.796967
21 3.758359e-01 -0.978603
22 3.071604e-01 -1.180385
23 2.483459e-01 -1.392933
24 1.937512e-01 -1.641180
25 1.501804e-01 -1.895918
26 1.142758e-01 -2.169141
27 8.507195e-02 -2.464258
28 6.205999e-02 -2.779654
29 4.397699e-02 -3.124089
30 3.008612e-02 -3.503691
31 2.016741e-02 -3.903687
32 1.345922e-02 -4.308091
33 8.762363e-03 -4.737290
34 5.641415e-03 -5.177620
35 3.611795e-03 -5.623550
36 2.254162e-03 -6.094977
37 1.372845e-03 -6.590870
38 8.308605e-04 -7.093049
39 4.947241e-04 -7.611510
40 2.922830e-04 -8.137788
41 1.698521e-04 -8.680583
42 9.550540e-05 -9.256328
43 5.220814e-05 -9.860272
44 2.853175e-05 -10.464493
45 1.556819e-05 -11.070281
