1 1.000000e+00 0.000000
2 1.000000e+00 0.000000
3 1.000000e+00 0.000000
4 1.000000e+00 0.000000
5 1.000000e+00 0.000000
6 1.000000e+00 0.000000
7 1.000000e+00 0.000000
8 9.995000e-01 -0.000500
9 9.963904e-01 -0.003616
10 9.866258e-01 -0.013464
11 9.692253e-01 -0.031258
12 9.412793e-01 -0.060515
13 9.029041e-01 -0.102139
14 8.555661e-01 -0.155992
15 8.008099e-01 -0.222132
16 7.391475e-01 -0.302258
17 6.679285e-01 -0.403574
18 5.901519e-01 -0.527375
19 5.118170e-01 -0.669788
20 4.392414e-01 -0.822706
21 3.654070e-01 -1.006744
22 2.993015e-01 -1.206304
23 2.380098e-01 -1.435443
24 1.857468e-01 -1.683371
25 1.436789e-01 -1.940175
26 1.089638e-01 -2.216739
27 7.856697e-02 -2.543804
28 5.566470e-02 -2.888409
29 3.880021e-02 -3.249330
30 2.636604e-02 -3.635679
31 1.782684e-02 -4.027050
32 1.187936e-02 -4.432953
33 7.722306e-03 -4.863642
34 4.897759e-03 -5.318978
35 3.078871e-03 -5.783192
36 1.928913e-03 -6.250799
37 1.182997e-03 -6.739704
38 7.150906e-04 -7.243101
39 4.235903e-04 -7.766744
40 2.489864e-04 -8.298112
41 1.416550e-04 -8.862116
42 7.903677e-05 -9.445597
43 4.363565e-05 -10.039636
44 2.410869e-05 -10.632938
45 1.306156e-05 -11.245837
