1 1.000000e+00 0.000000
2 1.000000e+00 0.000000
3 1.000000e+00 0.000000
4 1.000000e+00 0.000000
5 1.000000e+00 0.000000
6 1.000000e+00 0.000000
7 1.000000e+00 0.000000
8 9.995000e-01 -0.000500
9 9.959462e-01 -0.004062
10 9.867835e-01 -0.013305
11 9.724303e-01 -0.027957
12 9.502265e-01 -0.051055
13 9.155798e-01 -0.088198
14 8.665308e-01 -0.143258
15 8.081844e-01 -0.212965
16 7.466614e-01 -0.292143
17 6.719074e-01 -0.397635
18 5.958326e-01 -0.517796
19 5.183116e-01 -0.657179
20 4.443485e-01 -0.811146
21 3.707983e-01 -0.992097
22 3.040546e-01 -1.190548
23 2.429793e-01 -1.414779
24 1.923991e-01 -1.648183
25 1.492093e-01 -1.902405
26 1.139385e-01 -2.172096
27 8.482092e-02 -2.467213
28 6.096807e-02 -2.797405
29 4.362791e-02 -3.132058
30 3.069369e-02 -3.483698
31 2.109547e-02 -3.858697
32 1.424472e-02 -4.251369
33 9.416191e-03 -4.665325
34 6.124401e-03 -5.095474
35 3.903518e-03 -5.545877
36 2.500420e-03 -5.991296
37 1.594187e-03 -6.441391
38 1.005764e-03 -6.902008
39 6.282673e-04 -7.372545
40 3.852535e-04 -7.861609
41 2.334824e-04 -8.362404
42 1.381660e-04 -8.887055
43 8.047688e-05 -9.427541
44 4.592669e-05 -9.988464
45 2.607003e-05 -10.554724
