1 1.000000e+00 0.000000
2 1.000000e+00 0.000000
3 1.000000e+00 0.000000
4 1.000000e+00 0.000000
5 1.000000e+00 0.000000
6 1.000000e+00 0.000000
7 1.000000e+00 0.000000
8 9.992500e-01 -0.000750
9 9.956971e-01 -0.004312
10 9.863376e-01 -0.013757
11 9.698388e-01 -0.030625
12 9.412286e-01 -0.060569
13 9.066203e-01 -0.098032
14 8.549430e-01 -0.156721
15 7.956669e-01 -0.228575
16 7.297260e-01 -0.315086
17 6.643082e-01 -0.409009
18 5.922677e-01 -0.523797
19 5.158340e-01 -0.661970
20 4.440299e-01 -0.811863
21 3.766642e-01 -0.976401
22 3.130765e-01 -1.161308
23 2.588734e-01 -1.351416
24 2.091697e-01 -1.564609
25 1.646584e-01 -1.803882
26 1.288389e-01 -2.049193
27 9.791753e-02 -2.323630
28 7.231210e-02 -2.626764
29 5.226419e-02 -2.951444
30 3.689155e-02 -3.299773
31 2.580742e-02 -3.657093
32 1.796519e-02 -4.019319
33 1.242974e-02 -4.387664
34 8.559701e-03 -4.760690
35 5.807390e-03 -5.148624
36 3.917085e-03 -5.542408
37 2.587393e-03 -5.957104
38 1.681261e-03 -6.388211
39 1.050141e-03 -6.858830
40 6.489874e-04 -7.340097
41 3.917668e-04 -7.844844
42 2.341273e-04 -8.359646
43 1.379282e-04 -8.888777
44 8.112686e-05 -9.419496
45 4.655961e-05 -9.974777
