1 1.000000e+00 0.000000
2 1.000000e+00 0.000000
3 1.000000e+00 0.000000
4 1.000000e+00 0.000000
5 1.000000e+00 0.000000
6 1.000000e+00 0.000000
7 1.000000e+00 0.000000
8 9.990000e-01 -0.001001
9 9.941160e-01 -0.005901
10 9.847713e-01 -0.015346
11 9.704474e-01 -0.029998
12 9.479653e-01 -0.053437
13 9.161720e-01 -0.087551
14 8.721958e-01 -0.136741
15 8.107932e-01 -0.209742
16 7.469432e-01 -0.291766
17 6.794547e-01 -0.386465
18 6.075835e-01 -0.498266
19 5.352491e-01 -0.625023
20 4.608495e-01 -0.774684
21 3.837779e-01 -0.957691
22 3.124650e-01 -1.163263
23 2.517653e-01 -1.379258
24 2.014332e-01 -1.602298
25 1.566022e-01 -1.854046
26 1.184876e-01 -2.132947
27 8.826891e-02 -2.427367
28 6.435434e-02 -2.743351
29 4.637063e-02 -3.071089
30 3.214721e-02 -3.437430
31 2.178129e-02 -3.826704
32 1.438518e-02 -4.241557
33 9.392216e-03 -4.667874
34 6.009361e-03 -5.114437
35 3.762203e-03 -5.582751
36 2.308739e-03 -6.071054
37 1.382747e-03 -6.583683
38 8.011929e-04 -7.129409
39 4.464493e-04 -7.714185
40 2.420871e-04 -8.326213
41 1.261451e-04 -8.978078
42 6.423790e-05 -9.652917
43 3.223846e-05 -10.342350
44 1.596537e-05 -11.045089
45 7.785422e-06 -11.763258
