1 1.000000e+00 0.000000
2 1.000000e+00 0.000000
3 1.000000e+00 0.000000
4 1.000000e+00 0.000000
5 1.000000e+00 0.000000
6 1.000000e+00 0.000000
7 1.000000e+00 0.000000
8 9.992500e-01 -0.000750
9 9.945868e-01 -0.005428
10 9.852377e-01 -0.014872
11 9.700113e-01 -0.030448
12 9.483477e-01 -0.053034
13 9.150826e-01 -0.088741
14 8.664525e-01 -0.143348
15 8.097287e-01 -0.211056
16 7.450517e-01 -0.294302
17 6.757180e-01 -0.391979
18 6.065696e-01 -0.499936
19 5.330150e-01 -0.629206
20 4.542887e-01 -0.789022
21 3.769731e-01 -0.975581
22 3.096663e-01 -1.172260
23 2.493756e-01 -1.388795
24 1.971937e-01 -1.623569
25 1.517445e-01 -1.885557
26 1.154075e-01 -2.159286
27 8.494851e-02 -2.465710
28 6.166048e-02 -2.786112
29 4.380446e-02 -3.128020
30 3.061639e-02 -3.486220
31 2.100285e-02 -3.863097
32 1.410210e-02 -4.261432
33 9.192859e-03 -4.689328
34 5.863422e-03 -5.139022
35 3.708363e-03 -5.597165
36 2.272402e-03 -6.086918
37 1.353246e-03 -6.605249
38 7.836721e-04 -7.151520
39 4.400218e-04 -7.728686
40 2.412200e-04 -8.329801
41 1.309883e-04 -8.940402
42 7.014113e-05 -9.565001
43 3.666913e-05 -10.213575
44 1.866292e-05 -10.888972
45 9.258467e-06 -11.589972
