1 1.000000e+00 0.000000
2 1.000000e+00 0.000000
3 1.000000e+00 0.000000
4 1.000000e+00 0.000000
5 1.000000e+00 0.000000
6 1.000000e+00 0.000000
7 9.994286e-01 -0.000572
8 9.981793e-01 -0.001822
9 9.935211e-01 -0.006500
10 9.853742e-01 -0.014734
11 9.705040e-01 -0.029940
12 9.470502e-01 -0.054403
13 9.091682e-01 -0.095225
14 8.587743e-01 -0.152249
15 8.038127e-01 -0.218389
16 7.431249e-01 -0.296891
17 6.780796e-01 -0.388491
18 6.095936e-01 -0.494963
19 5.411907e-01 -0.613983
20 4.702406e-01 -0.754511
21 4.001076e-01 -0.916022
22 3.257240e-01 -1.121705
23 2.612873e-01 -1.342135
24 2.029767e-01 -1.594664
25 1.560809e-01 -1.857381
26 1.179492e-01 -2.137502
27 8.743964e-02 -2.436807
28 6.356238e-02 -2.755734
29 4.594464e-02 -3.080318
30 3.277078e-02 -3.418218
31 2.267315e-02 -3.786574
32 1.541349e-02 -4.172512
33 1.031770e-02 -4.573895
34 6.782976e-03 -4.993339
35 4.344593e-03 -5.438823
36 2.695337e-03 -5.916232
37 1.643281e-03 -6.411060
38 1.001104e-03 -6.906652
39 6.014840e-04 -7.416111
40 3.588153e-04 -7.932703
41 2.145891e-04 -8.446786
42 1.258207e-04 -8.980653
43 7.287653e-05 -9.526744
44 4.170856e-05 -10.084804
45 2.330675e-05 -10.666768
