1 1.000000e+00 0.000000
2 1.000000e+00 0.000000
3 1.000000e+00 0.000000
4 1.000000e+00 0.000000
5 1.000000e+00 0.000000
6 1.000000e+00 0.000000
7 1.000000e+00 0.000000
8 9.992500e-01 -0.000750
9 9.956971e-01 -0.004312
10 9.857401e-01 -0.014363
11 9.685345e-01 -0.031971
12 9.406084e-01 -0.061228
13 9.000899e-01 -0.105261
14 8.449272e-01 -0.168505
15 7.793609e-01 -0.249281
16 7.102900e-01 -0.342082
17 6.419351e-01 -0.443268
18 5.675419e-01 -0.566441
19 4.981226e-01 -0.696909
20 4.332670e-01 -0.836401
21 3.677818e-01 -1.000265
22 3.066966e-01 -1.181896
23 2.492510e-01 -1.389295
24 1.960567e-01 -1.629352
25 1.518106e-01 -1.885122
26 1.158432e-01 -2.155518
27 8.727710e-02 -2.438667
28 6.401152e-02 -2.748692
29 4.653858e-02 -3.067474
30 3.326578e-02 -3.403226
31 2.346847e-02 -3.752097
32 1.602456e-02 -4.133632
33 1.063157e-02 -4.543927
34 6.929908e-03 -4.971909
35 4.410193e-03 -5.423837
36 2.766661e-03 -5.890114
37 1.683326e-03 -6.386983
38 9.968836e-04 -6.910877
39 5.691439e-04 -7.471377
40 3.216801e-04 -8.041953
41 1.794504e-04 -8.625612
42 9.762958e-05 -9.234330
43 5.255196e-05 -9.853708
44 2.732702e-05 -10.507635
45 1.389427e-05 -11.184034
