1 1.000000e+00 0.000000
2 1.000000e+00 0.000000
3 1.000000e+00 0.000000
4 1.000000e+00 0.000000
5 1.000000e+00 0.000000
6 1.000000e+00 0.000000
7 9.997143e-01 -0.000286
8 9.972150e-01 -0.002789
9 9.910101e-01 -0.009031
10 9.834784e-01 -0.016660
11 9.638089e-01 -0.036862
12 9.356978e-01 -0.066463
13 8.971182e-01 -0.108568
14 8.468796e-01 -0.166197
15 7.913243e-01 -0.234047
16 7.303923e-01 -0.314173
17 6.615636e-01 -0.413149
18 5.829110e-01 -0.539721
19 4.976833e-01 -0.697791
20 4.155158e-01 -0.878235
21 3.448385e-01 -1.064679
22 2.814196e-01 -1.267909
23 2.240345e-01 -1.495955
24 1.772859e-01 -1.729991
25 1.353897e-01 -1.999598
26 1.004175e-01 -2.298419
27 7.402631e-02 -2.603335
28 5.392817e-02 -2.920102
29 3.843405e-02 -3.258812
30 2.651949e-02 -3.629875
31 1.811196e-02 -4.011183
32 1.215878e-02 -4.409703
33 7.985742e-03 -4.830098
34 5.062960e-03 -5.285804
35 3.134696e-03 -5.765223
36 1.902064e-03 -6.264816
37 1.134452e-03 -6.781605
38 6.531461e-04 -7.333710
39 3.660298e-04 -7.912796
40 2.012249e-04 -8.511088
41 1.070713e-04 -9.142016
42 5.587080e-05 -9.792469
43 2.908920e-05 -10.445144
44 1.459088e-05 -11.135114
45 7.176766e-06 -11.844662
