1 1.000000e+00 0.000000
2 1.000000e+00 0.000000
3 1.000000e+00 0.000000
4 1.000000e+00 0.000000
5 1.000000e+00 0.000000
6 1.000000e+00 0.000000
7 9.994286e-01 -0.000572
8 9.969300e-01 -0.003075
9 9.920561e-01 -0.007976
10 9.817387e-01 -0.018430
11 9.644244e-01 -0.036224
12 9.388672e-01 -0.063081
13 9.023236e-01 -0.102782
14 8.568207e-01 -0.154527
15 8.024411e-01 -0.220097
16 7.373431e-01 -0.304702
17 6.661244e-01 -0.406279
18 5.911484e-01 -0.525688
19 5.126813e-01 -0.668101
20 4.361379e-01 -0.829797
21 3.660236e-01 -1.005058
22 2.995071e-01 -1.205617
23 2.399964e-01 -1.427132
24 1.889571e-01 -1.666235
25 1.453912e-01 -1.928327
26 1.108552e-01 -2.199531
27 8.353553e-02 -2.482483
28 6.186403e-02 -2.782816
29 4.421358e-02 -3.118723
30 3.141522e-02 -3.460463
31 2.195620e-02 -3.818706
32 1.510312e-02 -4.192854
33 1.015479e-02 -4.589810
34 6.647206e-03 -5.013559
35 4.163430e-03 -5.481416
36 2.547788e-03 -5.972530
37 1.528397e-03 -6.483536
38 8.941929e-04 -7.019589
39 5.256937e-04 -7.550792
40 3.048235e-04 -8.095778
41 1.766192e-04 -8.641515
42 9.970574e-05 -9.213287
43 5.399413e-05 -9.826635
44 2.855063e-05 -10.463832
45 1.495038e-05 -11.110774
