1 1.000000e+00 0.000000
2 1.000000e+00 0.000000
3 1.000000e+00 0.000000
4 1.000000e+00 0.000000
5 1.000000e+00 0.000000
6 1.000000e+00 0.000000
7 1.000000e+00 0.000000
8 9.972500e-01 -0.002754
9 9.912665e-01 -0.008772
10 9.813538e-01 -0.018822
11 9.688639e-01 -0.031631
12 9.443193e-01 -0.057291
13 9.062560e-01 -0.098433
14 8.627557e-01 -0.147624
15 8.065040e-01 -0.215046
16 7.420845e-01 -0.298292
17 6.758207e-01 -0.391827
18 6.074878e-01 -0.498423
19 5.363158e-01 -0.623032
20 4.627332e-01 -0.770605
21 3.871094e-01 -0.949048
22 3.161980e-01 -1.151387
23 2.546356e-01 -1.367922
24 2.007165e-01 -1.605862
25 1.564465e-01 -1.855041
26 1.189715e-01 -2.128871
27 8.883209e-02 -2.421007
28 6.522179e-02 -2.729962
29 4.687422e-02 -3.060287
30 3.292758e-02 -3.413445
31 2.292184e-02 -3.775665
32 1.552812e-02 -4.165103
33 1.023915e-02 -4.581537
34 6.553656e-03 -5.027732
35 4.110453e-03 -5.494222
36 2.515826e-03 -5.985154
37 1.483521e-03 -6.513337
38 8.569286e-04 -7.062156
39 4.843185e-04 -7.632768
40 2.707098e-04 -8.214463
41 1.503298e-04 -8.802679
42 8.145011e-05 -9.415520
43 4.314962e-05 -10.050837
44 2.252998e-05 -10.700664
45 1.140918e-05 -11.381092
