1 1.000000e+00 0.000000
2 1.000000e+00 0.000000
3 1.000000e+00 0.000000
4 1.000000e+00 0.000000
5 1.000000e+00 0.000000
6 1.000000e+00 0.000000
7 1.000000e+00 0.000000
8 9.980000e-01 -0.002002
9 9.924556e-01 -0.007573
10 9.831265e-01 -0.017018
11 9.636427e-01 -0.037035
12 9.369819e-01 -0.065091
13 9.000792e-01 -0.105272
14 8.567469e-01 -0.154613
15 8.021435e-01 -0.220468
16 7.396766e-01 -0.301542
17 6.649257e-01 -0.408080
18 5.858735e-01 -0.534651
19 5.082915e-01 -0.676700
20 4.280831e-01 -0.848438
21 3.592229e-01 -1.023812
22 2.967834e-01 -1.214753
23 2.436463e-01 -1.412038
24 1.949373e-01 -1.635077
25 1.522694e-01 -1.882104
26 1.155491e-01 -2.158060
27 8.489006e-02 -2.466398
28 6.097531e-02 -2.797286
29 4.250190e-02 -3.158207
30 2.931781e-02 -3.529560
31 1.981695e-02 -3.921218
32 1.338759e-02 -4.313427
33 8.717347e-03 -4.742440
34 5.492954e-03 -5.204289
35 3.459306e-03 -5.666687
36 2.155916e-03 -6.139540
37 1.305436e-03 -6.641218
38 7.592830e-04 -7.183136
39 4.219667e-04 -7.770584
40 2.341704e-04 -8.359462
41 1.261093e-04 -8.978361
42 6.596118e-05 -9.626444
43 3.371997e-05 -10.297420
44 1.694888e-05 -10.985309
45 8.343370e-06 -11.694043
