1 1.000000e+00 0.000000
2 1.000000e+00 0.000000
3 1.000000e+00 0.000000
4 1.000000e+00 0.000000
5 1.000000e+00 0.000000
6 1.000000e+00 0.000000
7 1.000000e+00 0.000000
8 9.997500e-01 -0.000250
9 9.975283e-01 -0.002475
10 9.913437e-01 -0.008694
11 9.745809e-01 -0.025748
12 9.481048e-01 -0.053290
13 9.165986e-01 -0.087086
14 8.733875e-01 -0.135376
15 8.166755e-01 -0.202513
16 7.501165e-01 -0.287527
17 6.813705e-01 -0.383649
18 6.011202e-01 -0.508960
19 5.201272e-01 -0.653682
20 4.409638e-01 -0.818792
21 3.698216e-01 -0.994734
22 3.056408e-01 -1.185345
23 2.513430e-01 -1.380937
24 2.005299e-01 -1.606792
25 1.573919e-01 -1.849017
26 1.213491e-01 -2.109084
27 9.280062e-02 -2.377302
28 6.804937e-02 -2.687522
29 4.943200e-02 -3.007157
30 3.492536e-02 -3.354542
31 2.475194e-02 -3.698851
32 1.720414e-02 -4.062605
33 1.172697e-02 -4.445864
34 7.828788e-03 -4.849948
35 5.153579e-03 -5.268064
36 3.333793e-03 -5.703645
37 2.128582e-03 -6.152299
38 1.347616e-03 -6.609418
39 8.441607e-04 -7.077168
40 5.212270e-04 -7.559325
41 3.142363e-04 -8.065365
42 1.840677e-04 -8.600207
43 1.064168e-04 -9.148147
44 5.951117e-05 -9.729346
45 3.253807e-05 -10.333100
