1 1.000000e+00 0.000000
2 1.000000e+00 0.000000
3 1.000000e+00 0.000000
4 1.000000e+00 0.000000
5 1.000000e+00 0.000000
6 1.000000e+00 0.000000
7 9.997143e-01 -0.000286
8 9.989645e-01 -0.001036
9 9.951906e-01 -0.004821
10 9.866320e-01 -0.013458
11 9.706665e-01 -0.029772
12 9.473705e-01 -0.054065
13 9.141397e-01 -0.089772
14 8.650373e-01 -0.144983
15 8.064454e-01 -0.215119
16 7.479781e-01 -0.290382
17 6.864679e-01 -0.376196
18 6.243807e-01 -0.470995
19 5.574077e-01 -0.584458
20 4.839413e-01 -0.725792
21 4.092761e-01 -0.893365
22 3.416711e-01 -1.073907
23 2.808240e-01 -1.270027
24 2.253144e-01 -1.490258
25 1.764302e-01 -1.734830
26 1.366113e-01 -1.990616
27 1.033692e-01 -2.269448
28 7.668517e-02 -2.568047
29 5.502822e-02 -2.899909
30 3.846473e-02 -3.258014
31 2.633469e-02 -3.636868
32 1.776933e-02 -4.030281
33 1.177730e-02 -4.441582
34 7.660786e-03 -4.871641
35 4.936610e-03 -5.311076
36 3.120212e-03 -5.769854
37 1.954602e-03 -6.237569
38 1.199714e-03 -6.725672
39 7.280112e-04 -7.225194
40 4.317834e-04 -7.747586
41 2.544573e-04 -8.276377
42 1.493786e-04 -8.809027
43 8.857107e-05 -9.331705
44 5.214421e-05 -9.861497
45 3.022973e-05 -10.406685
