1 1.000000e+00 0.000000
2 1.000000e+00 0.000000
3 1.000000e+00 0.000000
4 1.000000e+00 0.000000
5 1.000000e+00 0.000000
6 1.000000e+00 0.000000
7 9.997143e-01 -0.000286
8 9.989645e-01 -0.001036
9 9.974106e-01 -0.002593
10 9.910271e-01 -0.009013
11 9.775131e-01 -0.022744
12 9.524236e-01 -0.048745
13 9.209204e-01 -0.082382
14 8.790843e-01 -0.128875
15 8.268081e-01 -0.190183
16 7.637640e-01 -0.269497
17 6.990687e-01 -0.358006
18 6.350650e-01 -0.454028
19 5.689514e-01 -0.563960
20 5.009048e-01 -0.691339
21 4.336882e-01 -0.835429
22 3.666242e-01 -1.003418
23 3.024809e-01 -1.195737
24 2.464211e-01 -1.400713
25 1.975115e-01 -1.621959
26 1.562164e-01 -1.856513
27 1.200899e-01 -2.119515
28 9.046200e-02 -2.402825
29 6.694188e-02 -2.703931
30 4.790807e-02 -3.038471
31 3.388182e-02 -3.384877
32 2.353093e-02 -3.749440
33 1.599105e-02 -4.135726
34 1.067920e-02 -4.539458
35 6.882285e-03 -4.978805
36 4.423015e-03 -5.420934
37 2.774785e-03 -5.887182
38 1.706346e-03 -6.373401
39 1.053910e-03 -6.855249
40 6.305014e-04 -7.368995
41 3.776550e-04 -7.881530
42 2.195974e-04 -8.423715
43 1.240368e-04 -8.994933
44 6.885168e-05 -9.583556
45 3.776132e-05 -10.184225
