1 1.000000e+00 0.000000
2 1.000000e+00 0.000000
3 1.000000e+00 0.000000
4 1.000000e+00 0.000000
5 1.000000e+00 0.000000
6 1.000000e+00 0.000000
7 9.997143e-01 -0.000286
8 9.987146e-01 -0.001286
9 9.953855e-01 -0.004625
10 9.872234e-01 -0.012859
11 9.705303e-01 -0.029913
12 9.462671e-01 -0.055230
13 9.171511e-01 -0.086483
14 8.711626e-01 -0.137927
15 8.234229e-01 -0.194285
16 7.645481e-01 -0.268470
17 7.000562e-01 -0.356595
18 6.314507e-01 -0.459735
19 5.575378e-01 -0.584225
20 4.802073e-01 -0.733537
21 4.000355e-01 -0.916202
22 3.337751e-01 -1.097288
23 2.704159e-01 -1.307794
24 2.154764e-01 -1.534904
25 1.673993e-01 -1.787373
26 1.265539e-01 -2.067087
27 9.463417e-02 -2.357737
28 6.979270e-02 -2.662226
29 5.035664e-02 -2.988625
30 3.606878e-02 -3.322328
31 2.504337e-02 -3.687146
32 1.716723e-02 -4.064753
33 1.159776e-02 -4.456943
34 7.561742e-03 -4.884654
35 4.835626e-03 -5.331745
36 3.059877e-03 -5.789381
37 1.889019e-03 -6.271698
38 1.137289e-03 -6.779108
39 6.721085e-04 -7.305091
40 3.932843e-04 -7.840978
41 2.260521e-04 -8.394745
42 1.267399e-04 -8.973374
43 7.023749e-05 -9.563628
44 3.757067e-05 -10.189287
45 1.966866e-05 -10.836484
