1 1.000000e+00 0.000000
2 1.000000e+00 0.000000
3 1.000000e+00 0.000000
4 1.000000e+00 0.000000
5 1.000000e+00 0.000000
6 1.000000e+00 0.000000
7 9.997143e-01 -0.000286
8 9.987146e-01 -0.001286
9 9.960513e-01 -0.003956
10 9.886806e-01 -0.011384
11 9.755581e-01 -0.024746
12 9.523073e-01 -0.048868
13 9.209544e-01 -0.082345
14 8.808271e-01 -0.126894
15 8.316182e-01 -0.184382
16 7.760037e-01 -0.253598
17 7.089022e-01 -0.344038
18 6.391148e-01 -0.447671
19 5.676685e-01 -0.566218
20 4.913738e-01 -0.710550
21 4.213647e-01 -0.864256
22 3.558234e-01 -1.033321
23 2.922393e-01 -1.230182
24 2.347169e-01 -1.449375
25 1.843560e-01 -1.690887
26 1.414436e-01 -1.955854
27 1.066799e-01 -2.237922
28 7.818875e-02 -2.548629
29 5.688906e-02 -2.866652
30 4.055810e-02 -3.205020
31 2.797201e-02 -3.576551
32 1.876048e-02 -3.976003
33 1.233302e-02 -4.395475
34 8.035328e-03 -4.823908
35 5.107713e-03 -5.277003
36 3.199699e-03 -5.744699
37 1.997304e-03 -6.215957
38 1.205951e-03 -6.720487
39 7.149125e-04 -7.243350
40 4.108602e-04 -7.797258
41 2.341502e-04 -8.359548
42 1.334656e-04 -8.921667
43 7.366062e-05 -9.516042
44 3.957584e-05 -10.137292
45 2.085383e-05 -10.777973
