1 1.000000e+00 0.000000
2 1.000000e+00 0.000000
3 1.000000e+00 0.000000
4 1.000000e+00 0.000000
5 1.000000e+00 0.000000
6 1.000000e+00 0.000000
7 9.997143e-01 -0.000286
8 9.994644e-01 -0.000536
9 9.961328e-01 -0.003875
10 9.891599e-01 -0.010899
11 9.738729e-01 -0.026475
12 9.517984e-01 -0.049402
13 9.201694e-01 -0.083197
14 8.800763e-01 -0.127747
15 8.282105e-01 -0.188488
16 7.707534e-01 -0.260387
17 7.052847e-01 -0.349154
18 6.378125e-01 -0.449711
19 5.642962e-01 -0.572176
20 4.863104e-01 -0.720908
21 4.095197e-01 -0.892770
22 3.372953e-01 -1.086796
23 2.712441e-01 -1.304736
24 2.126102e-01 -1.548295
25 1.651046e-01 -1.801176
26 1.242856e-01 -2.085173
27 9.150184e-02 -2.391396
28 6.675059e-02 -2.706792
29 4.821234e-02 -3.032140
30 3.415041e-02 -3.376981
31 2.330380e-02 -3.759139
32 1.585969e-02 -4.143975
33 1.067309e-02 -4.540030
34 7.108907e-03 -4.946407
35 4.669536e-03 -5.366696
36 3.019633e-03 -5.802620
37 1.937299e-03 -6.246461
38 1.214890e-03 -6.713101
39 7.437621e-04 -7.203789
40 4.489720e-04 -7.708550
41 2.534830e-04 -8.280214
42 1.415401e-04 -8.862928
43 7.793921e-05 -9.459581
44 4.172228e-05 -10.084475
45 2.173267e-05 -10.736694
