1 1.000000e+00 0.000000
2 1.000000e+00 0.000000
3 1.000000e+00 0.000000
4 1.000000e+00 0.000000
5 1.000000e+00 0.000000
6 1.000000e+00 0.000000
7 9.997143e-01 -0.000286
8 9.984646e-01 -0.001537
9 9.949145e-01 -0.005098
10 9.835725e-01 -0.016564
11 9.671200e-01 -0.033433
12 9.442315e-01 -0.057384
13 9.111108e-01 -0.093091
14 8.693299e-01 -0.140033
15 8.198360e-01 -0.198651
16 7.666491e-01 -0.265726
17 7.087446e-01 -0.344260
18 6.433038e-01 -0.441138
19 5.768743e-01 -0.550131
20 5.087454e-01 -0.675808
21 4.415910e-01 -0.817371
22 3.753122e-01 -0.979997
23 3.090288e-01 -1.174321
24 2.489742e-01 -1.390406
25 1.962315e-01 -1.628460
26 1.520341e-01 -1.883650
27 1.157824e-01 -2.156042
28 8.598501e-02 -2.453582
29 6.191513e-02 -2.781991
30 4.318374e-02 -3.142291
31 2.945688e-02 -3.524828
32 1.950782e-02 -3.936940
33 1.270018e-02 -4.366139
34 8.144553e-03 -4.810406
35 5.222753e-03 -5.254731
36 3.248842e-03 -5.729457
37 1.999004e-03 -6.215106
38 1.193405e-03 -6.730944
39 7.052107e-04 -7.257014
40 4.088812e-04 -7.802086
41 2.321847e-04 -8.367977
42 1.296033e-04 -8.951033
43 7.007619e-05 -9.565927
44 3.672311e-05 -10.212104
45 1.878591e-05 -10.882403
