1 1.000000e+00 0.000000
2 1.000000e+00 0.000000
3 1.000000e+00 0.000000
4 1.000000e+00 0.000000
5 1.000000e+00 0.000000
6 1.000000e+00 0.000000
7 9.997143e-01 -0.000286
8 9.982147e-01 -0.001787
9 9.946655e-01 -0.005349
10 9.831274e-01 -0.017017
11 9.629286e-01 -0.037776
12 9.348432e-01 -0.067376
13 9.060788e-01 -0.098629
14 8.690590e-01 -0.140344
15 8.227092e-01 -0.195153
16 7.677933e-01 -0.264235
17 7.056472e-01 -0.348640
18 6.367290e-01 -0.451411
19 5.672250e-01 -0.566999
20 4.985908e-01 -0.695970
21 4.310199e-01 -0.841601
22 3.661318e-01 -1.004762
23 3.039531e-01 -1.190882
24 2.467339e-01 -1.399445
25 1.957488e-01 -1.630923
26 1.496876e-01 -1.899205
27 1.123211e-01 -2.186393
28 8.209873e-02 -2.499833
29 5.795604e-02 -2.848070
30 3.961489e-02 -3.228550
31 2.662376e-02 -3.625951
32 1.766986e-02 -4.035895
33 1.159357e-02 -4.457305
34 7.554232e-03 -4.885647
35 4.788088e-03 -5.341624
36 2.948132e-03 -5.826583
37 1.813022e-03 -6.312760
38 1.099359e-03 -6.813028
39 6.587134e-04 -7.325222
40 3.885751e-04 -7.853024
41 2.287665e-04 -8.382809
42 1.317259e-04 -8.934787
43 7.489384e-05 -9.499439
44 4.243417e-05 -10.067557
45 2.347647e-05 -10.659512
