1 1.000000e+00 0.000000
2 1.000000e+00 0.000000
3 1.000000e+00 0.000000
4 1.000000e+00 0.000000
5 1.000000e+00 0.000000
6 1.000000e+00 0.000000
7 9.997143e-01 -0.000286
8 9.984646e-01 -0.001537
9 9.949145e-01 -0.005098
10 9.835725e-01 -0.016564
11 9.692660e-01 -0.031216
12 9.463267e-01 -0.055167
13 9.176457e-01 -0.085944
14 8.796290e-01 -0.128255
15 8.333019e-01 -0.182359
16 7.792414e-01 -0.249434
17 7.196524e-01 -0.328987
18 6.495262e-01 -0.431512
19 5.761640e-01 -0.551363
20 4.989004e-01 -0.695349
21 4.219272e-01 -0.862923
22 3.492023e-01 -1.052104
23 2.853742e-01 -1.253954
24 2.298451e-01 -1.470350
25 1.819822e-01 -1.703847
26 1.404202e-01 -1.963116
27 1.050135e-01 -2.253666
28 7.681740e-02 -2.566324
29 5.477346e-02 -2.904550
30 3.831951e-02 -3.261796
31 2.628718e-02 -3.638674
32 1.764691e-02 -4.037194
33 1.156461e-02 -4.459806
34 7.365977e-03 -4.910884
35 4.610260e-03 -5.379471
36 2.834285e-03 -5.865965
37 1.679276e-03 -6.389393
38 9.758360e-04 -6.932216
39 5.608305e-04 -7.486092
40 3.228140e-04 -8.038434
41 1.822876e-04 -8.609925
42 1.021592e-04 -9.188979
43 5.680999e-05 -9.775798
44 3.121451e-05 -10.374628
45 1.665884e-05 -11.002570
