1 1.000000e+00 0.000000
2 1.000000e+00 0.000000
3 1.000000e+00 0.000000
4 1.000000e+00 0.000000
5 1.000000e+00 0.000000
6 1.000000e+00 0.000000
7 1.000000e+00 0.000000
8 9.987500e-01 -0.001251
9 9.943111e-01 -0.005705
10 9.859589e-01 -0.014141
11 9.698250e-01 -0.030640
12 9.507518e-01 -0.050502
13 9.210591e-01 -0.082231
14 8.759272e-01 -0.132472
15 8.234884e-01 -0.194206
16 7.606974e-01 -0.273520
17 6.925031e-01 -0.367443
18 6.177897e-01 -0.481607
19 5.443052e-01 -0.608245
20 4.696266e-01 -0.755817
21 3.970357e-01 -0.923729
22 3.333656e-01 -1.098515
23 2.719974e-01 -1.301963
24 2.172352e-01 -1.526775
25 1.707816e-01 -1.767369
26 1.319091e-01 -2.025642
27 9.963535e-02 -2.306238
28 7.415717e-02 -2.601569
29 5.468196e-02 -2.906221
30 3.967359e-02 -3.227070
31 2.823224e-02 -3.567291
32 1.941143e-02 -3.941893
33 1.314801e-02 -4.331485
34 8.809938e-03 -4.731875
35 5.886549e-03 -5.135085
36 3.936793e-03 -5.537389
37 2.618925e-03 -5.944991
38 1.715947e-03 -6.367790
39 1.116510e-03 -6.797548
40 7.114957e-04 -7.248141
41 4.409885e-04 -7.726492
42 2.704520e-04 -8.215416
43 1.618309e-04 -8.728959
44 9.498003e-05 -9.261844
45 5.450587e-05 -9.817202
