1 1.000000e+00 0.000000
2 1.000000e+00 0.000000
3 1.000000e+00 0.000000
4 1.000000e+00 0.000000
5 1.000000e+00 0.000000
6 1.000000e+00 0.000000
7 9.997143e-01 -0.000286
8 9.982147e-01 -0.001787
9 9.946655e-01 -0.005349
10 9.847189e-01 -0.015399
11 9.687843e-01 -0.031713
12 9.423042e-01 -0.059427
13 9.089611e-01 -0.095453
14 8.685773e-01 -0.140899
15 8.154204e-01 -0.204052
16 7.598698e-01 -0.274608
17 7.005106e-01 -0.355946
18 6.319384e-01 -0.458963
19 5.602965e-01 -0.579289
20 4.874020e-01 -0.718666
21 4.159163e-01 -0.877271
22 3.466852e-01 -1.059338
23 2.812973e-01 -1.268343
24 2.203261e-01 -1.512646
25 1.682410e-01 -1.782358
26 1.259608e-01 -2.071785
27 9.127024e-02 -2.393930
28 6.555159e-02 -2.724918
29 4.612120e-02 -3.076483
30 3.144851e-02 -3.459404
31 2.096905e-02 -3.864708
32 1.351455e-02 -4.303988
33 8.489597e-03 -4.768914
34 5.249567e-03 -5.249610
35 3.216935e-03 -5.739326
36 1.959471e-03 -6.235081
37 1.176212e-03 -6.745456
38 6.884555e-04 -7.281060
39 4.017050e-04 -7.819793
40 2.239907e-04 -8.403906
41 1.218291e-04 -9.012891
42 6.606037e-05 -9.624942
43 3.531003e-05 -10.251343
44 1.865172e-05 -10.889572
45 9.833188e-06 -11.529747
