1 1.000000e+00 0.000000
2 1.000000e+00 0.000000
3 1.000000e+00 0.000000
4 1.000000e+00 0.000000
5 1.000000e+00 0.000000
6 1.000000e+00 0.000000
7 1.000000e+00 0.000000
8 9.985000e-01 -0.001501
9 9.940622e-01 -0.005955
10 9.847180e-01 -0.015400
11 9.686045e-01 -0.031899
12 9.513310e-01 -0.049893
13 9.263037e-01 -0.076553
14 8.884576e-01 -0.118268
15 8.368086e-01 -0.178160
16 7.799056e-01 -0.248582
17 7.107234e-01 -0.341472
18 6.379137e-01 -0.449552
19 5.623042e-01 -0.575712
20 4.844813e-01 -0.724677
21 4.072872e-01 -0.898237
22 3.296435e-01 -1.109744
23 2.592718e-01 -1.349878
24 2.007844e-01 -1.605524
25 1.545076e-01 -1.867512
26 1.168553e-01 -2.146819
27 8.753759e-02 -2.435687
28 6.449019e-02 -2.741242
29 4.689104e-02 -3.059929
30 3.289250e-02 -3.414511
31 2.290804e-02 -3.776267
32 1.553165e-02 -4.164875
33 1.029136e-02 -4.576450
34 6.527147e-03 -5.031785
35 4.069956e-03 -5.504123
36 2.506867e-03 -5.988722
37 1.531357e-03 -6.481601
38 9.246977e-04 -6.986044
39 5.460933e-04 -7.512721
40 3.139763e-04 -8.066193
41 1.762403e-04 -8.643662
42 9.622719e-05 -9.248799
43 5.100041e-05 -9.883677
44 2.664771e-05 -10.532807
45 1.381773e-05 -11.189558
