1 1.000000e+00 0.000000
2 1.000000e+00 0.000000
3 1.000000e+00 0.000000
4 1.000000e+00 0.000000
5 1.000000e+00 0.000000
6 1.000000e+00 0.000000
7 9.997143e-01 -0.000286
8 9.984646e-01 -0.001537
9 9.953583e-01 -0.004652
10 9.865992e-01 -0.013491
11 9.745806e-01 -0.025748
12 9.531398e-01 -0.047994
13 9.277716e-01 -0.074970
14 8.899981e-01 -0.116536
15 8.478715e-01 -0.165026
16 7.873547e-01 -0.239076
17 7.201979e-01 -0.328229
18 6.538597e-01 -0.424862
19 5.694086e-01 -0.563157
20 4.877554e-01 -0.717941
21 4.132914e-01 -0.883602
22 3.429567e-01 -1.070151
23 2.760354e-01 -1.287226
24 2.188271e-01 -1.519473
25 1.690921e-01 -1.777312
26 1.287831e-01 -2.049626
27 9.737911e-02 -2.329144
28 7.215097e-02 -2.628995
29 5.220247e-02 -2.952625
30 3.692803e-02 -3.298784
31 2.550178e-02 -3.669007
32 1.736990e-02 -4.053016
33 1.158730e-02 -4.457845
34 7.593091e-03 -4.880517
35 4.884744e-03 -5.321638
36 3.117009e-03 -5.770881
37 1.961189e-03 -6.234205
38 1.216350e-03 -6.711901
39 7.448427e-04 -7.202337
40 4.492519e-04 -7.707927
41 2.626918e-04 -8.244529
42 1.500721e-04 -8.804395
43 8.519209e-05 -9.370602
44 4.772693e-05 -9.950015
45 2.557527e-05 -10.573885
