1 1.000000e+00 0.000000
2 1.000000e+00 0.000000
3 1.000000e+00 0.000000
4 1.000000e+00 0.000000
5 1.000000e+00 0.000000
6 1.000000e+00 0.000000
7 9.997143e-01 -0.000286
8 9.984646e-01 -0.001537
9 9.958021e-01 -0.004207
10 9.886323e-01 -0.011433
11 9.719154e-01 -0.028486
12 9.492374e-01 -0.052096
13 9.203222e-01 -0.083031
14 8.771985e-01 -0.131022
15 8.212917e-01 -0.196877
16 7.596948e-01 -0.274838
17 6.939142e-01 -0.365407
18 6.277610e-01 -0.465596
19 5.567249e-01 -0.585684
20 4.868559e-01 -0.719787
21 4.135494e-01 -0.882978
22 3.487725e-01 -1.053335
23 2.872975e-01 -1.247237
24 2.301493e-01 -1.469027
25 1.825728e-01 -1.700606
26 1.403564e-01 -1.963571
27 1.051945e-01 -2.251944
28 7.655905e-02 -2.569693
29 5.478988e-02 -2.904250
30 3.868166e-02 -3.252390
31 2.678767e-02 -3.619814
32 1.846340e-02 -3.991965
33 1.272856e-02 -4.363907
34 8.525887e-03 -4.764648
35 5.579828e-03 -5.188597
36 3.623168e-03 -5.620406
37 2.302377e-03 -6.073813
38 1.443105e-03 -6.540958
39 8.861407e-04 -7.028635
40 5.291589e-04 -7.544222
41 3.161789e-04 -8.059202
42 1.846485e-04 -8.597057
43 1.080408e-04 -9.133001
44 6.145068e-05 -9.697276
45 3.388254e-05 -10.292611
