1 1.000000e+00 0.000000
2 1.000000e+00 0.000000
3 1.000000e+00 0.000000
4 1.000000e+00 0.000000
5 1.000000e+00 0.000000
6 1.000000e+00 0.000000
7 9.994286e-01 -0.000572
8 9.974297e-01 -0.002574
9 9.905585e-01 -0.009486
10 9.798605e-01 -0.020345
11 9.664988e-01 -0.034075
12 9.507126e-01 -0.050543
13 9.224838e-01 -0.080685
14 8.828170e-01 -0.124637
15 8.327907e-01 -0.182973
16 7.690822e-01 -0.262557
17 6.954313e-01 -0.363223
18 6.163839e-01 -0.483885
19 5.357349e-01 -0.624116
20 4.598749e-01 -0.776801
21 3.876526e-01 -0.947646
22 3.220336e-01 -1.133099
23 2.602312e-01 -1.346185
24 2.070139e-01 -1.574969
25 1.618517e-01 -1.821075
26 1.250740e-01 -2.078849
27 9.484318e-02 -2.355530
28 6.988588e-02 -2.660892
29 5.037567e-02 -2.988247
30 3.563910e-02 -3.334312
31 2.476573e-02 -3.698294
32 1.672151e-02 -4.091059
33 1.092067e-02 -4.517098
34 7.017492e-03 -4.959349
35 4.372098e-03 -5.432512
36 2.674509e-03 -5.923989
37 1.609332e-03 -6.431936
38 9.588230e-04 -6.949804
39 5.635421e-04 -7.481269
40 3.232195e-04 -8.037179
41 1.809556e-04 -8.617259
42 1.010594e-04 -9.199802
43 5.521605e-05 -9.804257
44 2.940505e-05 -10.434344
45 1.528409e-05 -11.088698
