1 1.000000e+00 0.000000
2 1.000000e+00 0.000000
3 1.000000e+00 0.000000
4 1.000000e+00 0.000000
5 1.000000e+00 0.000000
6 1.000000e+00 0.000000
7 9.994286e-01 -0.000572
8 9.986790e-01 -0.001322
9 9.953501e-01 -0.004661
10 9.851975e-01 -0.014913
11 9.687178e-01 -0.031782
12 9.516038e-01 -0.049606
13 9.233485e-01 -0.079749
14 8.795554e-01 -0.128339
15 8.264303e-01 -0.190640
16 7.651711e-01 -0.267656
17 6.972959e-01 -0.360545
18 6.244672e-01 -0.470856
19 5.507144e-01 -0.596539
20 4.742202e-01 -0.746084
21 3.970352e-01 -0.923730
22 3.237641e-01 -1.127740
23 2.588424e-01 -1.351536
24 2.040972e-01 -1.589159
25 1.570079e-01 -1.851459
26 1.172728e-01 -2.143252
27 8.644311e-02 -2.448269
28 6.282562e-02 -2.767392
29 4.494848e-02 -3.102238
30 3.116728e-02 -3.468387
31 2.092631e-02 -3.866748
32 1.362695e-02 -4.295706
33 8.674175e-03 -4.747405
34 5.363191e-03 -5.228196
35 3.263885e-03 -5.724837
36 1.958694e-03 -6.235478
37 1.161664e-03 -6.757902
38 6.737041e-04 -7.302720
39 3.852551e-04 -7.861605
40 2.193450e-04 -8.424865
41 1.212924e-04 -9.017306
42 6.662997e-05 -9.616356
43 3.573536e-05 -10.239370
44 1.889101e-05 -10.876824
45 9.628538e-06 -11.550779
