1 1.000000e+00 0.000000
2 1.000000e+00 0.000000
3 1.000000e+00 0.000000
4 1.000000e+00 0.000000
5 1.000000e+00 0.000000
6 1.000000e+00 0.000000
7 9.997143e-01 -0.000286
8 9.987146e-01 -0.001286
9 9.958294e-01 -0.004179
10 9.884603e-01 -0.011607
11 9.724652e-01 -0.027921
12 9.515572e-01 -0.049656
13 9.249136e-01 -0.078055
14 8.823675e-01 -0.125147
15 8.307196e-01 -0.185463
16 7.755806e-01 -0.254143
17 7.119830e-01 -0.339701
18 6.411011e-01 -0.444568
19 5.708500e-01 -0.560629
20 4.947557e-01 -0.703691
21 4.129561e-01 -0.884414
22 3.418150e-01 -1.073486
23 2.808530e-01 -1.269924
24 2.263207e-01 -1.485802
25 1.780692e-01 -1.725583
26 1.368256e-01 -1.989048
27 1.014131e-01 -2.288553
28 7.439376e-02 -2.598383
29 5.283496e-02 -2.940582
30 3.701265e-02 -3.296496
31 2.558649e-02 -3.665691
32 1.747877e-02 -4.046768
33 1.158366e-02 -4.458160
34 7.500758e-03 -4.892751
35 4.802200e-03 -5.338681
36 2.984300e-03 -5.814390
37 1.802356e-03 -6.318661
38 1.047833e-03 -6.861031
39 5.978021e-04 -7.422251
40 3.386549e-04 -7.990529
41 1.908857e-04 -8.563836
42 1.022784e-04 -9.187812
43 5.321331e-05 -9.841202
44 2.750160e-05 -10.501266
45 1.412605e-05 -11.167490
