1 1.000000e+00 0.000000
2 1.000000e+00 0.000000
3 1.000000e+00 0.000000
4 1.000000e+00 0.000000
5 1.000000e+00 0.000000
6 1.000000e+00 0.000000
7 9.997143e-01 -0.000286
8 9.984646e-01 -0.001537
9 9.951364e-01 -0.004875
10 9.873744e-01 -0.012706
11 9.731921e-01 -0.027174
12 9.504843e-01 -0.050784
13 9.183140e-01 -0.085216
14 8.752845e-01 -0.133206
15 8.237010e-01 -0.193948
16 7.628501e-01 -0.270694
17 6.961680e-01 -0.362164
18 6.230704e-01 -0.473096
19 5.451538e-01 -0.606687
20 4.668152e-01 -0.761822
21 3.907021e-01 -0.939810
22 3.194522e-01 -1.141148
23 2.563118e-01 -1.361361
24 2.013543e-01 -1.602689
25 1.556710e-01 -1.860010
26 1.173041e-01 -2.142986
27 8.652698e-02 -2.447299
28 6.260227e-02 -2.770954
29 4.469802e-02 -3.107826
30 3.107407e-02 -3.471382
31 2.114841e-02 -3.856191
32 1.399364e-02 -4.269153
33 9.050915e-03 -4.704889
34 5.708998e-03 -5.165712
35 3.481836e-03 -5.660196
36 2.059699e-03 -6.185195
37 1.188391e-03 -6.735155
38 6.685012e-04 -7.310472
39 3.707267e-04 -7.900045
40 2.014158e-04 -8.510139
41 1.079687e-04 -9.133669
42 5.679669e-05 -9.776033
43 2.905877e-05 -10.446190
44 1.455976e-05 -11.137249
45 7.076693e-06 -11.858704
