1 1.000000e+00 0.000000
2 1.000000e+00 0.000000
3 1.000000e+00 0.000000
4 1.000000e+00 0.000000
5 1.000000e+00 0.000000
6 1.000000e+00 0.000000
7 1.000000e+00 0.000000
8 9.992500e-01 -0.000750
9 9.941427e-01 -0.005874
10 9.840025e-01 -0.016127
11 9.700475e-01 -0.030410
12 9.454730e-01 -0.056070
13 9.139087e-01 -0.090025
14 8.710856e-01 -0.138015
15 8.174267e-01 -0.201594
16 7.581633e-01 -0.276857
17 6.943884e-01 -0.364724
18 6.220948e-01 -0.474663
19 5.482292e-01 -0.601062
20 4.755889e-01 -0.743202
21 4.057905e-01 -0.901918
22 3.376177e-01 -1.085841
23 2.791658e-01 -1.275949
24 2.274038e-01 -1.481028
25 1.812499e-01 -1.707878
26 1.411798e-01 -1.957721
27 1.077149e-01 -2.228267
28 7.992448e-02 -2.526673
29 5.814093e-02 -2.844885
30 4.176069e-02 -3.175800
31 2.943994e-02 -3.525403
32 2.005780e-02 -3.909137
33 1.341684e-02 -4.311244
34 8.646761e-03 -4.750570
35 5.478094e-03 -5.206998
36 3.414070e-03 -5.679850
37 2.094209e-03 -6.168579
38 1.260163e-03 -6.676515
39 7.460809e-04 -7.200677
40 4.294815e-04 -7.752932
41 2.411172e-04 -8.330228
42 1.317648e-04 -8.934492
43 7.065657e-05 -9.557679
44 3.716536e-05 -10.200133
45 1.912282e-05 -10.864628
