1 1.000000e+00 0.000000
2 1.000000e+00 0.000000
3 1.000000e+00 0.000000
4 1.000000e+00 0.000000
5 1.000000e+00 0.000000
6 1.000000e+00 0.000000
7 9.997143e-01 -0.000286
8 9.984646e-01 -0.001537
9 9.951364e-01 -0.004875
10 9.869763e-01 -0.013109
11 9.708258e-01 -0.029608
12 9.476878e-01 -0.053730
13 9.167786e-01 -0.086889
14 8.749997e-01 -0.133532
15 8.270497e-01 -0.189891
16 7.725678e-01 -0.258036
17 7.114895e-01 -0.340395
18 6.415264e-01 -0.443905
19 5.660288e-01 -0.569110
20 4.895583e-01 -0.714252
21 4.157982e-01 -0.877555
22 3.479097e-01 -1.055812
23 2.867684e-01 -1.249081
24 2.342420e-01 -1.451401
25 1.870937e-01 -1.676146
26 1.445803e-01 -1.933920
27 1.094633e-01 -2.212166
28 8.144072e-02 -2.507880
29 5.983927e-02 -2.816093
30 4.247790e-02 -3.158771
31 2.933716e-02 -3.528900
32 1.990710e-02 -3.916679
33 1.318694e-02 -4.328528
34 8.538934e-03 -4.763119
35 5.390751e-03 -5.223071
36 3.395873e-03 -5.685194
37 2.113885e-03 -6.159228
38 1.302265e-03 -6.643651
39 7.830283e-04 -7.152342
40 4.579933e-04 -7.688656
41 2.634020e-04 -8.241829
42 1.508165e-04 -8.799447
43 8.519376e-05 -9.370582
44 4.739871e-05 -9.956916
45 2.586706e-05 -10.562540
