1 1.000000e+00 0.000000
2 1.000000e+00 0.000000
3 1.000000e+00 0.000000
4 1.000000e+00 0.000000
5 1.000000e+00 0.000000
6 1.000000e+00 0.000000
7 9.997143e-01 -0.000286
8 9.982147e-01 -0.001787
9 9.940000e-01 -0.006018
10 9.828672e-01 -0.017281
11 9.621377e-01 -0.038598
12 9.343960e-01 -0.067855
13 9.039203e-01 -0.101014
14 8.649226e-01 -0.145115
15 8.077224e-01 -0.213537
16 7.412873e-01 -0.299367
17 6.722167e-01 -0.397174
18 6.014846e-01 -0.508354
19 5.267739e-01 -0.640984
20 4.546585e-01 -0.788209
21 3.866329e-01 -0.950279
22 3.174257e-01 -1.147512
23 2.561487e-01 -1.361997
24 2.028484e-01 -1.595296
25 1.583029e-01 -1.843245
26 1.216375e-01 -2.106710
27 8.975047e-02 -2.410722
28 6.509473e-02 -2.731912
29 4.661232e-02 -3.065890
30 3.253540e-02 -3.425427
31 2.238435e-02 -3.799393
32 1.478347e-02 -4.214246
33 9.667491e-03 -4.638986
34 6.156486e-03 -5.090249
35 3.871198e-03 -5.554191
36 2.414768e-03 -6.026152
37 1.484234e-03 -6.512857
38 9.103039e-04 -7.001732
39 5.447819e-04 -7.515125
40 3.177713e-04 -8.054179
41 1.850979e-04 -8.594626
42 1.056116e-04 -9.155743
43 5.866108e-05 -9.743734
44 3.205562e-05 -10.348038
45 1.694389e-05 -10.985603
