1 1.000000e+00 0.000000
2 1.000000e+00 0.000000
3 1.000000e+00 0.000000
4 1.000000e+00 0.000000
5 1.000000e+00 0.000000
6 1.000000e+00 0.000000
7 9.994286e-01 -0.000572
8 9.969300e-01 -0.003075
9 9.891761e-01 -0.010883
10 9.790865e-01 -0.021135
11 9.664474e-01 -0.034128
12 9.469574e-01 -0.054501
13 9.185486e-01 -0.084960
14 8.773452e-01 -0.130855
15 8.247045e-01 -0.192730
16 7.655319e-01 -0.267184
17 6.938421e-01 -0.365511
18 6.168256e-01 -0.483169
19 5.359890e-01 -0.623642
20 4.603610e-01 -0.775744
21 3.947705e-01 -0.929451
22 3.287361e-01 -1.112500
23 2.700210e-01 -1.309255
24 2.173894e-01 -1.526065
25 1.711811e-01 -1.765033
26 1.308087e-01 -2.034019
27 9.771895e-02 -2.325660
28 7.159309e-02 -2.636757
29 5.183834e-02 -2.959625
30 3.693654e-02 -3.298554
31 2.614154e-02 -3.644230
32 1.801806e-02 -4.016381
33 1.228831e-02 -4.399106
34 8.174621e-03 -4.806721
35 5.399454e-03 -5.221457
36 3.473649e-03 -5.662550
37 2.186521e-03 -6.125444
38 1.347357e-03 -6.609610
39 8.091053e-04 -7.119581
40 4.759157e-04 -7.650270
41 2.756829e-04 -8.196259
42 1.553801e-04 -8.769636
43 8.573370e-05 -9.364265
44 4.642869e-05 -9.977593
45 2.464848e-05 -10.610795
