1 1.000000e+00 0.000000
2 1.000000e+00 0.000000
3 1.000000e+00 0.000000
4 1.000000e+00 0.000000
5 1.000000e+00 0.000000
6 1.000000e+00 0.000000
7 1.000000e+00 0.000000
8 9.982500e-01 -0.001752
9 9.951443e-01 -0.004867
10 9.907657e-01 -0.009277
11 9.810382e-01 -0.019144
12 9.627255e-01 -0.037987
13 9.351767e-01 -0.067020
14 8.985712e-01 -0.106949
15 8.523248e-01 -0.159788
16 7.880808e-01 -0.238155
17 7.180807e-01 -0.331173
18 6.409269e-01 -0.444840
19 5.638807e-01 -0.572913
20 4.856705e-01 -0.722225
21 4.107385e-01 -0.889799
22 3.382618e-01 -1.083935
23 2.752863e-01 -1.289944
24 2.243812e-01 -1.494409
25 1.794870e-01 -1.717652
26 1.391991e-01 -1.971850
27 1.054304e-01 -2.249704
28 7.848543e-02 -2.544842
29 5.775445e-02 -2.851555
30 4.172181e-02 -3.176731
31 2.951751e-02 -3.522772
32 2.059584e-02 -3.882666
33 1.425232e-02 -4.250835
34 9.580077e-03 -4.648070
35 6.300953e-03 -5.067054
36 4.069016e-03 -5.504354
37 2.592953e-03 -5.954958
38 1.642431e-03 -6.411578
39 1.040964e-03 -6.867608
40 6.570566e-04 -7.327740
41 4.102918e-04 -7.798642
42 2.548498e-04 -8.274836
43 1.560866e-04 -8.765099
44 9.269417e-05 -9.286205
45 5.399744e-05 -9.826574
