1 1.000000e+00 0.000000
2 1.000000e+00 0.000000
3 1.000000e+00 0.000000
4 1.000000e+00 0.000000
5 1.000000e+00 0.000000
6 1.000000e+00 0.000000
7 9.991429e-01 -0.000858
8 9.973944e-01 -0.002609
9 9.951779e-01 -0.004834
10 9.890078e-01 -0.011053
11 9.758810e-01 -0.024415
12 9.550622e-01 -0.045979
13 9.265573e-01 -0.076279
14 8.845975e-01 -0.122623
15 8.305780e-01 -0.185633
16 7.684923e-01 -0.263325
17 7.036677e-01 -0.351449
18 6.248570e-01 -0.470233
19 5.407315e-01 -0.614832
20 4.620550e-01 -0.772071
21 3.829776e-01 -0.959779
22 3.126838e-01 -1.162563
23 2.524038e-01 -1.376725
24 2.009134e-01 -1.604881
25 1.544623e-01 -1.867806
26 1.156685e-01 -2.157027
27 8.556039e-02 -2.458533
28 6.201295e-02 -2.780412
29 4.469209e-02 -3.107959
30 3.157943e-02 -3.455249
31 2.159829e-02 -3.835141
32 1.443846e-02 -4.237860
33 9.533759e-03 -4.652916
34 6.148153e-03 -5.091604
35 3.797450e-03 -5.573425
36 2.319187e-03 -6.066538
37 1.394270e-03 -6.575384
38 8.359018e-04 -7.086999
39 5.034701e-04 -7.593986
40 2.945300e-04 -8.130130
41 1.733273e-04 -8.660329
42 1.021641e-04 -9.188931
43 6.100858e-05 -9.704496
44 3.551531e-05 -10.245547
45 2.025951e-05 -10.806886
