1 1.000000e+00 0.000000
2 1.000000e+00 0.000000
3 1.000000e+00 0.000000
4 1.000000e+00 0.000000
5 1.000000e+00 0.000000
6 1.000000e+00 0.000000
7 9.991429e-01 -0.000858
8 9.973944e-01 -0.002609
9 9.951779e-01 -0.004834
10 9.884107e-01 -0.011657
11 9.734947e-01 -0.026863
12 9.486706e-01 -0.052694
13 9.164158e-01 -0.087285
14 8.787118e-01 -0.129298
15 8.331360e-01 -0.182558
16 7.751289e-01 -0.254726
17 7.082854e-01 -0.344908
18 6.346237e-01 -0.454723
19 5.592705e-01 -0.581122
20 4.848316e-01 -0.723954
21 4.094749e-01 -0.892880
22 3.372212e-01 -1.087016
23 2.727386e-01 -1.299241
24 2.126907e-01 -1.547916
25 1.635336e-01 -1.810737
26 1.232163e-01 -2.093814
27 9.053203e-02 -2.402052
28 6.427774e-02 -2.744542
29 4.432061e-02 -3.116305
30 3.005528e-02 -3.504717
31 1.997610e-02 -3.913219
32 1.311556e-02 -4.333956
33 8.548164e-03 -4.762039
34 5.573906e-03 -5.189659
35 3.624631e-03 -5.620003
36 2.296808e-03 -6.076235
37 1.447982e-03 -6.537584
38 8.933288e-04 -7.020556
39 5.501989e-04 -7.505231
40 3.312748e-04 -8.012562
41 1.955491e-04 -8.539699
42 1.137537e-04 -9.081475
43 6.489251e-05 -9.642778
44 3.677341e-05 -10.210736
45 2.042477e-05 -10.798762
