1 1.000000e+00 0.000000
2 1.000000e+00 0.000000
3 1.000000e+00 0.000000
4 1.000000e+00 0.000000
5 1.000000e+00 0.000000
6 1.000000e+00 0.000000
7 9.991429e-01 -0.000858
8 9.976441e-01 -0.002359
9 9.947621e-01 -0.005252
10 9.866050e-01 -0.013486
11 9.706399e-01 -0.029800
12 9.494476e-01 -0.051875
13 9.189192e-01 -0.084557
14 8.799308e-01 -0.127912
15 8.374595e-01 -0.177382
16 7.849089e-01 -0.242188
17 7.188842e-01 -0.330055
18 6.430819e-01 -0.441483
19 5.606997e-01 -0.578570
20 4.819775e-01 -0.729858
21 4.059168e-01 -0.901607
22 3.344017e-01 -1.095412
23 2.694987e-01 -1.311192
24 2.136001e-01 -1.543649
25 1.648993e-01 -1.802420
26 1.224060e-01 -2.100412
27 8.947427e-02 -2.413804
28 6.405719e-02 -2.747979
29 4.428782e-02 -3.117046
30 2.995923e-02 -3.507918
31 1.951796e-02 -3.936420
32 1.247319e-02 -4.384173
33 7.957897e-03 -4.833590
34 4.970409e-03 -5.304253
35 3.071429e-03 -5.785612
36 1.885857e-03 -6.273373
37 1.124481e-03 -6.790434
38 6.517845e-04 -7.335797
39 3.690437e-04 -7.904595
40 2.059079e-04 -8.488081
41 1.138420e-04 -9.080699
42 6.135541e-05 -9.698827
43 3.256688e-05 -10.332215
44 1.699103e-05 -10.982825
45 8.861010e-06 -11.633850
