1 1.000000e+00 0.000000
2 1.000000e+00 0.000000
3 1.000000e+00 0.000000
4 1.000000e+00 0.000000
5 1.000000e+00 0.000000
6 1.000000e+00 0.000000
7 1.000000e+00 0.000000
8 9.997500e-01 -0.000250
9 9.979727e-01 -0.002029
10 9.919848e-01 -0.008047
11 9.800810e-01 -0.020120
12 9.616228e-01 -0.039133
13 9.369165e-01 -0.065161
14 9.045260e-01 -0.100344
15 8.590585e-01 -0.151918
16 8.017163e-01 -0.221000
17 7.324857e-01 -0.311311
18 6.531331e-01 -0.425974
19 5.712509e-01 -0.559927
20 4.892764e-01 -0.714828
21 4.119241e-01 -0.886916
22 3.356432e-01 -1.091706
23 2.725423e-01 -1.299961
24 2.162623e-01 -1.531263
25 1.691690e-01 -1.776857
26 1.288157e-01 -2.049372
27 9.675492e-02 -2.335574
28 7.049978e-02 -2.652146
29 4.863026e-02 -3.023509
30 3.318853e-02 -3.405551
31 2.235622e-02 -3.800651
32 1.463075e-02 -4.224630
33 9.291857e-03 -4.678617
34 5.747833e-03 -5.158932
35 3.471691e-03 -5.663113
36 2.009916e-03 -6.209662
37 1.154127e-03 -6.764411
38 6.484369e-04 -7.340946
39 3.636235e-04 -7.919392
40 1.995566e-04 -8.519413
41 1.073614e-04 -9.139310
42 5.642099e-05 -9.782669
43 2.928118e-05 -10.438566
44 1.475106e-05 -11.124196
45 7.162459e-06 -11.846657
