1 1.000000e+00 0.000000
2 1.000000e+00 0.000000
3 1.000000e+00 0.000000
4 1.000000e+00 0.000000
5 1.000000e+00 0.000000
6 1.000000e+00 0.000000
7 1.000000e+00 0.000000
8 9.995000e-01 -0.000500
9 9.959462e-01 -0.004062
10 9.875803e-01 -0.012497
11 9.762680e-01 -0.024018
12 9.541392e-01 -0.046946
13 9.243407e-01 -0.078675
14 8.881594e-01 -0.118604
15 8.444620e-01 -0.169056
16 7.912609e-01 -0.234128
17 7.293563e-01 -0.315593
18 6.580415e-01 -0.418487
19 5.735351e-01 -0.555936
20 4.928387e-01 -0.707573
21 4.167069e-01 -0.875372
22 3.415860e-01 -1.074156
23 2.741302e-01 -1.294152
24 2.126793e-01 -1.547970
25 1.610918e-01 -1.825781
26 1.194310e-01 -2.125016
27 8.789237e-02 -2.431642
28 6.311928e-02 -2.762729
29 4.420526e-02 -3.118911
30 3.015388e-02 -3.501442
31 2.032761e-02 -3.895775
32 1.356360e-02 -4.300366
33 8.792499e-03 -4.733856
34 5.646336e-03 -5.176748
35 3.573001e-03 -5.634349
36 2.199182e-03 -6.119670
37 1.329495e-03 -6.622956
38 7.976269e-04 -7.133870
39 4.703954e-04 -7.661937
40 2.722178e-04 -8.208908
41 1.528934e-04 -8.785769
42 8.382201e-05 -9.386815
43 4.568105e-05 -9.993827
44 2.470514e-05 -10.608499
45 1.310910e-05 -11.242204
