1 1.000000e+00 0.000000
2 1.000000e+00 0.000000
3 1.000000e+00 0.000000
4 1.000000e+00 0.000000
5 1.000000e+00 0.000000
6 1.000000e+00 0.000000
7 1.000000e+00 0.000000
8 9.992500e-01 -0.000750
9 9.948089e-01 -0.005205
10 9.864525e-01 -0.013640
11 9.746151e-01 -0.025713
12 9.543106e-01 -0.046766
13 9.270026e-01 -0.075799
14 8.859496e-01 -0.121095
15 8.285401e-01 -0.188090
16 7.661925e-01 -0.266322
17 7.051675e-01 -0.349320
18 6.339456e-01 -0.455792
19 5.576719e-01 -0.583984
20 4.819958e-01 -0.729820
21 4.063454e-01 -0.900552
22 3.342007e-01 -1.096014
23 2.711675e-01 -1.305019
24 2.158267e-01 -1.533279
25 1.663765e-01 -1.793502
26 1.255887e-01 -2.074743
27 9.271235e-02 -2.378254
28 6.635555e-02 -2.712728
29 4.623380e-02 -3.074044
30 3.167940e-02 -3.452089
31 2.124973e-02 -3.851411
32 1.376982e-02 -4.285276
33 8.952053e-03 -4.715872
34 5.675075e-03 -5.171671
35 3.490982e-03 -5.657572
36 2.137257e-03 -6.148232
37 1.269531e-03 -6.669108
38 7.424749e-04 -7.205521
39 4.294551e-04 -7.752993
40 2.438446e-04 -8.318979
41 1.352802e-04 -8.908162
42 7.388877e-05 -9.512950
43 4.000647e-05 -10.126469
44 2.168896e-05 -10.738707
45 1.135345e-05 -11.385989
