1 1.000000e+00 0.000000
2 1.000000e+00 0.000000
3 1.000000e+00 0.000000
4 1.000000e+00 0.000000
5 1.000000e+00 0.000000
6 1.000000e+00 0.000000
7 9.997143e-01 -0.000286
8 9.994644e-01 -0.000536
9 9.981317e-01 -0.001870
10 9.911448e-01 -0.008895
11 9.778094e-01 -0.022441
12 9.584162e-01 -0.042473
13 9.340872e-01 -0.068186
14 8.949889e-01 -0.110944
15 8.445116e-01 -0.168997
16 7.901461e-01 -0.235537
17 7.253542e-01 -0.321095
18 6.558008e-01 -0.421898
19 5.805562e-01 -0.543769
20 5.004395e-01 -0.692269
21 4.194636e-01 -0.868779
22 3.444940e-01 -1.065679
23 2.732586e-01 -1.297337
24 2.120259e-01 -1.551047
25 1.608853e-01 -1.827064
26 1.197605e-01 -2.122261
27 8.850747e-02 -2.424668
28 6.415527e-02 -2.746449
29 4.501930e-02 -3.100664
30 3.078720e-02 -3.480656
31 2.042880e-02 -3.890810
32 1.331319e-02 -4.319000
33 8.489782e-03 -4.768892
34 5.368039e-03 -5.227293
35 3.353031e-03 -5.697891
36 2.011632e-03 -6.208809
37 1.187733e-03 -6.735709
38 6.862595e-04 -7.284255
39 3.896898e-04 -7.850159
40 2.161609e-04 -8.439487
41 1.186038e-04 -9.039722
42 6.355470e-05 -9.663610
43 3.311939e-05 -10.315392
44 1.689240e-05 -10.988647
45 8.377877e-06 -11.689916
