1 1.000000e+00 0.000000
2 1.000000e+00 0.000000
3 1.000000e+00 0.000000
4 1.000000e+00 0.000000
5 1.000000e+00 0.000000
6 1.000000e+00 0.000000
7 1.000000e+00 0.000000
8 9.997500e-01 -0.000250
9 9.966397e-01 -0.003366
10 9.904605e-01 -0.009585
11 9.780347e-01 -0.022210
12 9.552139e-01 -0.045820
13 9.240592e-01 -0.078979
14 8.826086e-01 -0.124873
15 8.316527e-01 -0.184340
16 7.740607e-01 -0.256105
17 7.102235e-01 -0.342176
18 6.439359e-01 -0.440156
19 5.737130e-01 -0.555626
20 5.002778e-01 -0.692592
21 4.248549e-01 -0.856007
22 3.531317e-01 -1.040914
23 2.878484e-01 -1.245321
24 2.291753e-01 -1.473268
25 1.765383e-01 -1.734217
26 1.315889e-01 -2.028072
27 9.671300e-02 -2.336007
28 6.914289e-02 -2.671580
29 4.884349e-02 -3.019134
30 3.379318e-02 -3.387496
31 2.294230e-02 -3.774773
32 1.526380e-02 -4.182271
33 9.910368e-03 -4.614174
34 6.240617e-03 -5.076676
35 3.844577e-03 -5.561092
36 2.307600e-03 -6.071547
37 1.357617e-03 -6.602024
38 7.915624e-04 -7.141502
39 4.559400e-04 -7.693149
40 2.519524e-04 -8.286270
41 1.372833e-04 -8.893464
42 7.345967e-05 -9.518774
43 3.916254e-05 -10.147790
44 2.049269e-05 -10.795442
45 1.038296e-05 -11.475344
