1 1.000000e+00 0.000000
2 1.000000e+00 0.000000
3 1.000000e+00 0.000000
4 1.000000e+00 0.000000
5 1.000000e+00 0.000000
6 1.000000e+00 0.000000
7 9.997143e-01 -0.000286
8 9.982147e-01 -0.001787
9 9.946655e-01 -0.005349
10 9.873050e-01 -0.012776
11 9.758163e-01 -0.024481
12 9.551616e-01 -0.045875
13 9.319438e-01 -0.070483
14 8.890744e-01 -0.117574
15 8.455690e-01 -0.167746
16 7.919811e-01 -0.233218
17 7.180939e-01 -0.331155
18 6.442100e-01 -0.439731
19 5.686679e-01 -0.564459
20 4.904192e-01 -0.712495
21 4.114384e-01 -0.888096
22 3.365940e-01 -1.088878
23 2.688654e-01 -1.313544
24 2.091549e-01 -1.564680
25 1.571339e-01 -1.850657
26 1.137408e-01 -2.173833
27 8.136256e-02 -2.508840
28 5.781391e-02 -2.850526
29 4.058138e-02 -3.204446
30 2.787941e-02 -3.579867
31 1.904253e-02 -3.961080
32 1.242049e-02 -4.388408
33 8.043962e-03 -4.822833
34 5.099399e-03 -5.278633
35 3.125786e-03 -5.768070
36 1.899089e-03 -6.266381
37 1.119744e-03 -6.794655
38 6.500407e-04 -7.338476
39 3.757902e-04 -7.886480
40 2.162109e-04 -8.439256
41 1.217636e-04 -9.013429
42 6.698740e-05 -9.611006
43 3.630094e-05 -10.223667
44 1.963056e-05 -10.838423
45 1.044956e-05 -11.468950
