1 1.000000e+00 0.000000
2 1.000000e+00 0.000000
3 1.000000e+00 0.000000
4 1.000000e+00 0.000000
5 1.000000e+00 0.000000
6 1.000000e+00 0.000000
7 9.997143e-01 -0.000286
8 9.982147e-01 -0.001787
9 9.944437e-01 -0.005572
10 9.902670e-01 -0.009781
11 9.773035e-01 -0.022958
12 9.561286e-01 -0.044863
13 9.280331e-01 -0.074688
14 8.837527e-01 -0.123578
15 8.273104e-01 -0.189575
16 7.658826e-01 -0.266726
17 6.974938e-01 -0.360262
18 6.216219e-01 -0.475423
19 5.472890e-01 -0.602778
20 4.682058e-01 -0.758847
21 3.932929e-01 -0.933201
22 3.223571e-01 -1.132095
23 2.570728e-01 -1.358396
24 1.988030e-01 -1.615441
25 1.505336e-01 -1.893569
26 1.107001e-01 -2.200931
27 7.914647e-02 -2.536455
28 5.507464e-02 -2.899066
29 3.800150e-02 -3.270130
30 2.560794e-02 -3.664853
31 1.692272e-02 -4.079098
32 1.099342e-02 -4.510458
33 6.947176e-03 -4.969420
34 4.266384e-03 -5.456989
35 2.564462e-03 -5.966006
36 1.522578e-03 -6.487350
37 8.746183e-04 -7.041723
38 4.879910e-04 -7.625214
39 2.615632e-04 -8.248835
40 1.390339e-04 -8.880793
41 7.122605e-05 -9.549652
42 3.643382e-05 -10.220013
43 1.849482e-05 -10.898020
44 9.289446e-06 -11.586632
45 4.636879e-06 -12.281469
