1 1.000000e+00 0.000000
2 1.000000e+00 0.000000
3 1.000000e+00 0.000000
4 1.000000e+00 0.000000
5 1.000000e+00 0.000000
6 1.000000e+00 0.000000
7 9.997143e-01 -0.000286
8 9.987146e-01 -0.001286
9 9.956075e-01 -0.004402
10 9.916250e-01 -0.008410
11 9.790043e-01 -0.021219
12 9.574663e-01 -0.043465
13 9.291842e-01 -0.073448
14 8.954681e-01 -0.110409
15 8.526050e-01 -0.159459
16 7.976120e-01 -0.226133
17 7.338968e-01 -0.309387
18 6.631981e-01 -0.410682
19 5.787974e-01 -0.546803
20 4.987497e-01 -0.695651
21 4.175723e-01 -0.873298
22 3.405871e-01 -1.077084
23 2.724105e-01 -1.300445
24 2.127526e-01 -1.547625
25 1.608069e-01 -1.827551
26 1.190466e-01 -2.128240
27 8.514036e-02 -2.463454
28 5.973813e-02 -2.817785
29 4.042005e-02 -3.208429
30 2.710299e-02 -3.608111
31 1.804884e-02 -4.014674
32 1.194382e-02 -4.427541
33 7.795335e-03 -4.854230
34 4.987180e-03 -5.300885
35 3.124825e-03 -5.768377
36 1.929753e-03 -6.250363
37 1.180383e-03 -6.741916
38 6.881011e-04 -7.281575
39 3.840663e-04 -7.864695
40 2.078951e-04 -8.478477
41 1.082576e-04 -9.130997
42 5.519589e-05 -9.804622
43 2.727704e-05 -10.509465
44 1.342154e-05 -11.218650
45 6.449498e-06 -11.951508
