1 1.000000e+00 0.000000
2 1.000000e+00 0.000000
3 1.000000e+00 0.000000
4 1.000000e+00 0.000000
5 1.000000e+00 0.000000
6 1.000000e+00 0.000000
7 9.997143e-01 -0.000286
8 9.979648e-01 -0.002037
9 9.950818e-01 -0.004930
10 9.875192e-01 -0.012559
11 9.772849e-01 -0.022977
12 9.616483e-01 -0.039106
13 9.357578e-01 -0.066399
14 8.948518e-01 -0.111097
15 8.473650e-01 -0.165624
16 7.879435e-01 -0.238329
17 7.157308e-01 -0.334451
18 6.416129e-01 -0.443770
19 5.648220e-01 -0.571245
20 4.831487e-01 -0.727431
21 4.071333e-01 -0.898615
22 3.357369e-01 -1.091427
23 2.649694e-01 -1.328141
24 2.045122e-01 -1.587127
25 1.568200e-01 -1.852657
26 1.177477e-01 -2.139211
27 8.674952e-02 -2.444730
28 6.197014e-02 -2.781103
29 4.319105e-02 -3.142122
30 2.971544e-02 -3.516088
31 2.004163e-02 -3.909944
32 1.316109e-02 -4.330491
33 8.435857e-03 -4.775264
34 5.268937e-03 -5.245927
35 3.237536e-03 -5.732943
36 1.961048e-03 -6.234276
37 1.164756e-03 -6.755243
38 6.775816e-04 -7.296981
39 3.826425e-04 -7.868409
40 2.131127e-04 -8.453689
41 1.171496e-04 -9.052059
42 6.292051e-05 -9.673638
43 3.255185e-05 -10.332676
44 1.644017e-05 -11.015783
45 8.236158e-06 -11.706977
