1 1.000000e+00 0.000000
2 1.000000e+00 0.000000
3 1.000000e+00 0.000000
4 1.000000e+00 0.000000
5 1.000000e+00 0.000000
6 1.000000e+00 0.000000
7 9.991429e-01 -0.000858
8 9.976441e-01 -0.002359
9 9.945404e-01 -0.005475
10 9.877775e-01 -0.012298
11 9.734098e-01 -0.026950
12 9.519948e-01 -0.049196
13 9.193341e-01 -0.084106
14 8.777014e-01 -0.130449
15 8.305395e-01 -0.185680
16 7.665880e-01 -0.265806
17 6.938974e-01 -0.365431
18 6.152557e-01 -0.485717
19 5.341067e-01 -0.627160
20 4.592250e-01 -0.778215
21 3.786200e-01 -0.971222
22 3.077148e-01 -1.178582
23 2.468676e-01 -1.398903
24 1.938116e-01 -1.640869
25 1.458394e-01 -1.925250
26 1.080894e-01 -2.224797
27 7.800852e-02 -2.550937
28 5.496815e-02 -2.901001
29 3.770815e-02 -3.277879
30 2.505832e-02 -3.686549
31 1.621839e-02 -4.121609
32 1.033416e-02 -4.572301
33 6.467930e-03 -5.040899
34 3.977396e-03 -5.527128
35 2.403029e-03 -6.031025
36 1.414316e-03 -6.561109
37 8.247375e-04 -7.100445
38 4.650651e-04 -7.673333
39 2.530670e-04 -8.281856
40 1.374913e-04 -8.891950
41 7.220640e-05 -9.535982
42 3.685277e-05 -10.208580
43 1.826526e-05 -10.910510
44 9.048777e-06 -11.612881
45 4.383630e-06 -12.337633
