1 1.000000e+00 0.000000
2 1.000000e+00 0.000000
3 1.000000e+00 0.000000
4 1.000000e+00 0.000000
5 1.000000e+00 0.000000
6 1.000000e+00 0.000000
7 1.000000e+00 0.000000
8 9.990000e-01 -0.001001
9 9.952260e-01 -0.004785
10 9.884585e-01 -0.011609
11 9.780347e-01 -0.022210
12 9.588000e-01 -0.042073
13 9.309211e-01 -0.071581
14 8.944822e-01 -0.111510
15 8.460609e-01 -0.167164
16 7.842984e-01 -0.242966
17 7.116816e-01 -0.340125
18 6.382993e-01 -0.448948
19 5.531032e-01 -0.592211
20 4.711886e-01 -0.752497
21 3.900095e-01 -0.941584
22 3.214742e-01 -1.134838
23 2.583255e-01 -1.353535
24 2.027855e-01 -1.595606
25 1.555933e-01 -1.860510
26 1.159768e-01 -2.154365
27 8.479195e-02 -2.467555
28 6.094724e-02 -2.797747
29 4.304136e-02 -3.145594
30 2.980758e-02 -3.512993
31 1.992300e-02 -3.915880
32 1.284909e-02 -4.354482
33 8.270921e-03 -4.795009
34 5.244250e-03 -5.250623
35 3.252634e-03 -5.728290
36 1.974891e-03 -6.227242
37 1.138284e-03 -6.778233
38 6.522369e-04 -7.335103
39 3.667244e-04 -7.910900
40 2.044855e-04 -8.495013
41 1.127463e-04 -9.090370
42 5.987904e-05 -9.723184
43 3.036007e-05 -10.402382
44 1.490403e-05 -11.113879
45 7.295027e-06 -11.828318
