1 1.000000e+00 0.000000
2 1.000000e+00 0.000000
3 1.000000e+00 0.000000
4 1.000000e+00 0.000000
5 1.000000e+00 0.000000
6 1.000000e+00 0.000000
7 1.000000e+00 0.000000
8 9.997500e-01 -0.000250
9 9.979727e-01 -0.002029
10 9.915856e-01 -0.008450
11 9.787852e-01 -0.021443
12 9.575782e-01 -0.043348
13 9.294401e-01 -0.073173
14 8.974408e-01 -0.108208
15 8.536457e-01 -0.158239
16 7.996526e-01 -0.223578
17 7.317292e-01 -0.312345
18 6.645727e-01 -0.408611
19 5.894410e-01 -0.528581
20 5.117527e-01 -0.669914
21 4.307983e-01 -0.842115
22 3.562310e-01 -1.032176
23 2.847060e-01 -1.256298
24 2.226401e-01 -1.502199
25 1.731784e-01 -1.753433
26 1.331609e-01 -2.016197
27 9.890399e-02 -2.313606
28 7.126739e-02 -2.641316
29 5.047697e-02 -2.986238
30 3.523293e-02 -3.345774
31 2.401294e-02 -3.729162
32 1.579902e-02 -4.147808
33 1.020808e-02 -4.584576
34 6.419081e-03 -5.048480
35 3.943883e-03 -5.535589
36 2.310239e-03 -6.070404
37 1.338315e-03 -6.616344
38 7.671364e-04 -7.172846
39 4.299505e-04 -7.751841
40 2.341295e-04 -8.359636
41 1.254249e-04 -8.983803
42 6.795640e-05 -9.596644
43 3.681025e-05 -10.209734
44 1.973698e-05 -10.833016
45 1.044744e-05 -11.469153
