1 1.000000e+00 0.000000
2 1.000000e+00 0.000000
3 1.000000e+00 0.000000
4 1.000000e+00 0.000000
5 1.000000e+00 0.000000
6 1.000000e+00 0.000000
7 9.997143e-01 -0.000286
8 9.992144e-01 -0.000786
9 9.972160e-01 -0.002788
10 9.894377e-01 -0.010618
11 9.770248e-01 -0.023243
12 9.586241e-01 -0.042256
13 9.288330e-01 -0.073826
14 8.890259e-01 -0.117629
15 8.369883e-01 -0.177945
16 7.807008e-01 -0.247563
17 7.124584e-01 -0.339034
18 6.398668e-01 -0.446495
19 5.629481e-01 -0.574568
20 4.844731e-01 -0.724693
21 4.056655e-01 -0.902226
22 3.302855e-01 -1.107798
23 2.626487e-01 -1.336938
24 2.005980e-01 -1.606453
25 1.530803e-01 -1.876792
26 1.141155e-01 -2.170544
27 8.334658e-02 -2.484748
28 5.843786e-02 -2.839791
29 3.964505e-02 -3.227789
30 2.612344e-02 -3.644922
31 1.669541e-02 -4.092622
32 1.046593e-02 -4.559630
33 6.435598e-03 -5.045911
34 3.883694e-03 -5.550968
35 2.251433e-03 -6.096188
36 1.291822e-03 -6.651701
37 7.070806e-04 -7.254366
38 3.811537e-04 -7.872308
39 2.041615e-04 -8.496599
40 1.057557e-04 -9.154379
41 5.526121e-05 -9.803439
42 2.852531e-05 -10.464719
43 1.433961e-05 -11.152485
44 7.215430e-06 -11.839289
45 3.525940e-06 -12.555363
