1 1.000000e+00 0.000000
2 1.000000e+00 0.000000
3 1.000000e+00 0.000000
4 1.000000e+00 0.000000
5 1.000000e+00 0.000000
6 1.000000e+00 0.000000
7 9.997143e-01 -0.000286
8 9.984646e-01 -0.001537
9 9.951364e-01 -0.004875
10 9.877724e-01 -0.012303
11 9.748416e-01 -0.025480
12 9.572944e-01 -0.043644
13 9.271028e-01 -0.075691
14 8.810126e-01 -0.126683
15 8.341427e-01 -0.181351
16 7.722076e-01 -0.258502
17 7.008011e-01 -0.355531
18 6.216885e-01 -0.475316
19 5.396910e-01 -0.616758
20 4.628390e-01 -0.770376
21 3.930165e-01 -0.933904
22 3.243100e-01 -1.126055
23 2.612247e-01 -1.342374
24 2.021008e-01 -1.598989
25 1.532086e-01 -1.875955
26 1.147297e-01 -2.165177
27 8.344671e-02 -2.483547
28 5.933657e-02 -2.824529
29 4.097497e-02 -3.194794
30 2.770728e-02 -3.586060
31 1.770406e-02 -4.033962
32 1.105618e-02 -4.504765
33 6.757003e-03 -4.997176
34 4.054599e-03 -5.507903
35 2.414224e-03 -6.026377
36 1.424258e-03 -6.554104
37 8.419290e-04 -7.079815
38 4.994855e-04 -7.601932
39 2.915458e-04 -8.140313
40 1.667351e-04 -8.699104
41 9.304630e-05 -9.282413
42 5.129066e-05 -9.878002
43 2.793313e-05 -10.485697
44 1.490360e-05 -11.113908
45 7.692243e-06 -11.775298
