1 1.000000e+00 0.000000
2 1.000000e+00 0.000000
3 1.000000e+00 0.000000
4 1.000000e+00 0.000000
5 1.000000e+00 0.000000
6 1.000000e+00 0.000000
7 1.000000e+00 0.000000
8 9.982500e-01 -0.001752
9 9.955880e-01 -0.004422
10 9.900127e-01 -0.010038
11 9.784926e-01 -0.021742
12 9.603904e-01 -0.040415
13 9.330563e-01 -0.069290
14 8.966671e-01 -0.109071
15 8.490839e-01 -0.163597
16 7.971837e-01 -0.226670
17 7.370666e-01 -0.305077
18 6.648341e-01 -0.408218
19 5.899528e-01 -0.527713
20 5.150878e-01 -0.663418
21 4.434170e-01 -0.813245
22 3.719462e-01 -0.989006
23 3.046401e-01 -1.188624
24 2.419097e-01 -1.419191
25 1.859221e-01 -1.682428
26 1.394130e-01 -1.970315
27 1.008111e-01 -2.294507
28 7.153985e-02 -2.637501
29 4.943157e-02 -3.007166
30 3.350142e-02 -3.396167
31 2.233788e-02 -3.801471
32 1.471787e-02 -4.218693
33 9.552346e-03 -4.650969
34 6.023597e-03 -5.112071
35 3.731876e-03 -5.590844
36 2.251358e-03 -6.096222
37 1.341931e-03 -6.613646
38 7.711866e-04 -7.167580
39 4.398137e-04 -7.729159
40 2.441846e-04 -8.317586
41 1.328245e-04 -8.926482
42 7.137102e-05 -9.547619
43 3.722580e-05 -10.198509
44 1.875165e-05 -10.884229
45 9.144971e-06 -11.602306
