1 1.000000e+00 0.000000
2 1.000000e+00 0.000000
3 1.000000e+00 0.000000
4 1.000000e+00 0.000000
5 1.000000e+00 0.000000
6 1.000000e+00 0.000000
7 1.000000e+00 0.000000
8 9.997500e-01 -0.000250
9 9.979727e-01 -0.002029
10 9.913860e-01 -0.008651
11 9.798499e-01 -0.020356
12 9.599263e-01 -0.040899
13 9.296517e-01 -0.072945
14 8.839660e-01 -0.123337
15 8.298672e-01 -0.186490
16 7.663824e-01 -0.266074
17 6.987604e-01 -0.358447
18 6.291173e-01 -0.463438
19 5.506432e-01 -0.596668
20 4.715158e-01 -0.751803
21 3.971061e-01 -0.923552
22 3.244357e-01 -1.125668
23 2.603385e-01 -1.345773
24 2.041921e-01 -1.588694
25 1.555781e-01 -1.860608
26 1.160732e-01 -2.153534
27 8.483662e-02 -2.467028
28 6.045821e-02 -2.805803
29 4.221234e-02 -3.165043
30 2.861434e-02 -3.553847
31 1.893531e-02 -3.966727
32 1.224641e-02 -4.402522
33 7.709301e-03 -4.865328
34 4.780220e-03 -5.343269
35 2.920305e-03 -5.836067
36 1.733201e-03 -6.357785
37 1.017529e-03 -6.890378
38 5.701914e-04 -7.469539
39 3.076986e-04 -8.086390
40 1.618495e-04 -8.728844
41 8.161951e-05 -9.413442
42 4.015680e-05 -10.122719
43 1.909783e-05 -10.865936
44 9.060183e-06 -11.611621
45 4.262715e-06 -12.365604
