1 1.000000e+00 0.000000
2 1.000000e+00 0.000000
3 1.000000e+00 0.000000
4 1.000000e+00 0.000000
5 1.000000e+00 0.000000
6 1.000000e+00 0.000000
7 1.000000e+00 0.000000
8 9.997500e-01 -0.000250
9 9.995278e-01 -0.000472
10 9.959295e-01 -0.004079
11 9.874189e-01 -0.012661
12 9.686579e-01 -0.031844
13 9.394491e-01 -0.062462
14 9.045553e-01 -0.100312
15 8.595688e-01 -0.151324
16 8.006883e-01 -0.222284
17 7.346551e-01 -0.308354
18 6.681280e-01 -0.403276
19 5.967438e-01 -0.516267
20 5.228669e-01 -0.648428
21 4.503129e-01 -0.797813
22 3.757247e-01 -0.978899
23 3.056112e-01 -1.185442
24 2.410763e-01 -1.422642
25 1.858602e-01 -1.682761
26 1.403530e-01 -1.963594
27 1.044642e-01 -2.258910
28 7.575150e-02 -2.580297
29 5.338652e-02 -2.930197
30 3.708228e-02 -3.294616
31 2.531165e-02 -3.676491
32 1.662817e-02 -4.096657
33 1.068637e-02 -4.538786
34 6.858135e-03 -4.982320
35 4.385679e-03 -5.429411
36 2.755181e-03 -5.894272
37 1.686916e-03 -6.384854
38 1.017210e-03 -6.890692
39 6.020319e-04 -7.415200
40 3.526402e-04 -7.950062
41 2.050302e-04 -8.492353
42 1.146607e-04 -9.073533
43 6.285005e-05 -9.674759
44 3.374191e-05 -10.296770
45 1.777374e-05 -10.937789
