1 1.000000e+00 0.000000
2 1.000000e+00 0.000000
3 1.000000e+00 0.000000
4 1.000000e+00 0.000000
5 1.000000e+00 0.000000
6 1.000000e+00 0.000000
7 9.994286e-01 -0.000572
8 9.976796e-01 -0.002323
9 9.947974e-01 -0.005216
10 9.864411e-01 -0.013652
11 9.737070e-01 -0.026645
12 9.540706e-01 -0.047018
13 9.239807e-01 -0.079064
14 8.812136e-01 -0.126455
15 8.277533e-01 -0.189040
16 7.661891e-01 -0.266326
17 6.957899e-01 -0.362708
18 6.145371e-01 -0.486886
19 5.294075e-01 -0.635997
20 4.467670e-01 -0.805718
21 3.703060e-01 -0.993426
22 3.026074e-01 -1.195319
23 2.373494e-01 -1.438222
24 1.835304e-01 -1.695375
25 1.395565e-01 -1.969285
26 1.023057e-01 -2.279790
27 7.239453e-02 -2.625625
28 4.955406e-02 -3.004691
29 3.307819e-02 -3.408881
30 2.154493e-02 -3.837615
31 1.358720e-02 -4.298627
32 8.398590e-03 -4.779691
33 4.989272e-03 -5.300465
34 2.867070e-03 -5.854465
35 1.612440e-03 -6.430007
36 9.086997e-04 -7.003496
37 4.980165e-04 -7.604877
38 2.662292e-04 -8.231153
39 1.375381e-04 -8.891610
40 6.951862e-05 -9.573916
41 3.493904e-05 -10.261906
42 1.751444e-05 -10.952485
43 8.741744e-06 -11.647401
44 4.262395e-06 -12.365679
45 2.041024e-06 -13.102059
