1 1.000000e+00 0.000000
2 1.000000e+00 0.000000
3 1.000000e+00 0.000000
4 1.000000e+00 0.000000
5 1.000000e+00 0.000000
6 1.000000e+00 0.000000
7 1.000000e+00 0.000000
8 9.985000e-01 -0.001501
9 9.960592e-01 -0.003949
10 9.890868e-01 -0.010973
11 9.745203e-01 -0.025810
12 9.563292e-01 -0.044653
13 9.241083e-01 -0.078926
14 8.779029e-01 -0.130219
15 8.240582e-01 -0.193514
16 7.629748e-01 -0.270530
17 6.955638e-01 -0.363033
18 6.236888e-01 -0.472104
19 5.383420e-01 -0.619261
20 4.572138e-01 -0.782604
21 3.827968e-01 -0.960251
22 3.102742e-01 -1.170299
23 2.459261e-01 -1.402724
24 1.933184e-01 -1.643417
25 1.473550e-01 -1.914911
26 1.103689e-01 -2.203927
27 8.026680e-02 -2.522399
28 5.729903e-02 -2.859472
29 3.984456e-02 -3.222769
30 2.705445e-02 -3.609904
31 1.763427e-02 -4.037911
32 1.109967e-02 -4.500840
33 6.936284e-03 -4.970989
34 4.287032e-03 -5.452161
35 2.615334e-03 -5.946363
36 1.555107e-03 -6.466211
37 9.178493e-04 -6.993477
38 5.240920e-04 -7.553843
39 2.918789e-04 -8.139172
40 1.611026e-04 -8.733469
41 8.613093e-05 -9.359642
42 4.529667e-05 -10.002277
43 2.313712e-05 -10.674072
44 1.165690e-05 -11.359612
45 5.849691e-06 -12.049122
