1 1.000000e+00 0.000000
2 1.000000e+00 0.000000
3 1.000000e+00 0.000000
4 1.000000e+00 0.000000
5 1.000000e+00 0.000000
6 1.000000e+00 0.000000
7 1.000000e+00 0.000000
8 9.997500e-01 -0.000250
9 9.986392e-01 -0.001362
10 9.938457e-01 -0.006173
11 9.813775e-01 -0.018798
12 9.648576e-01 -0.035775
13 9.359119e-01 -0.066234
14 8.939295e-01 -0.112128
15 8.457765e-01 -0.167500
16 7.897438e-01 -0.236047
17 7.255423e-01 -0.320836
18 6.519401e-01 -0.427803
19 5.662957e-01 -0.568639
20 4.857119e-01 -0.722140
21 4.035109e-01 -0.907552
22 3.293383e-01 -1.110670
23 2.641006e-01 -1.331425
24 2.068788e-01 -1.575622
25 1.576251e-01 -1.847536
26 1.156483e-01 -2.157201
27 8.131364e-02 -2.509442
28 5.532812e-02 -2.894474
29 3.705839e-02 -3.295260
30 2.440913e-02 -3.712798
31 1.582341e-02 -4.146265
32 1.005380e-02 -4.599804
33 6.297945e-03 -5.067532
34 3.882498e-03 -5.551277
35 2.327058e-03 -6.063150
36 1.361846e-03 -6.598914
37 7.764732e-04 -7.160748
38 4.409142e-04 -7.726660
39 2.448996e-04 -8.314662
40 1.342295e-04 -8.915960
41 7.210413e-05 -9.537399
42 3.804008e-05 -10.176870
43 1.942698e-05 -10.848848
44 9.664040e-06 -11.547099
45 4.798088e-06 -12.247293
