1 1.000000e+00 0.000000
2 1.000000e+00 0.000000
3 1.000000e+00 0.000000
4 1.000000e+00 0.000000
5 1.000000e+00 0.000000
6 1.000000e+00 0.000000
7 1.000000e+00 0.000000
8 9.987500e-01 -0.001251
9 9.967525e-01 -0.003253
10 9.903733e-01 -0.009673
11 9.759679e-01 -0.024326
12 9.605150e-01 -0.040286
13 9.356894e-01 -0.066472
14 8.911773e-01 -0.115212
15 8.429349e-01 -0.170866
16 7.866690e-01 -0.239948
17 7.166092e-01 -0.333225
18 6.398524e-01 -0.446518
19 5.567389e-01 -0.585659
20 4.767912e-01 -0.740677
21 3.990061e-01 -0.918778
22 3.251175e-01 -1.123569
23 2.581998e-01 -1.354022
24 2.002555e-01 -1.608161
25 1.528029e-01 -1.878606
26 1.138264e-01 -2.173081
27 8.188758e-02 -2.502408
28 5.815773e-02 -2.844597
29 4.032938e-02 -3.210675
30 2.755034e-02 -3.591740
31 1.844629e-02 -3.992892
32 1.219991e-02 -4.406327
33 7.898149e-03 -4.841127
34 4.958644e-03 -5.306623
35 3.042624e-03 -5.795035
36 1.828955e-03 -6.304010
37 1.070087e-03 -6.840015
38 6.178344e-04 -7.389290
39 3.478883e-04 -7.963629
40 1.911820e-04 -8.562285
41 1.033968e-04 -9.176936
42 5.494311e-05 -9.809212
43 2.880041e-05 -10.455121
44 1.514116e-05 -11.098094
45 7.798035e-06 -11.761639
