1 1.000000e+00 0.000000
2 1.000000e+00 0.000000
3 1.000000e+00 0.000000
4 1.000000e+00 0.000000
5 1.000000e+00 0.000000
6 1.000000e+00 0.000000
7 1.000000e+00 0.000000
8 9.995000e-01 -0.000500
9 9.977231e-01 -0.002279
10 9.947299e-01 -0.005284
11 9.864104e-01 -0.013683
12 9.681618e-01 -0.032356
13 9.379254e-01 -0.064085
14 8.950488e-01 -0.110877
15 8.496996e-01 -0.162872
16 7.955313e-01 -0.228745
17 7.274900e-01 -0.318155
18 6.488402e-01 -0.432569
19 5.683840e-01 -0.564958
20 4.888671e-01 -0.715665
21 4.058062e-01 -0.901879
22 3.302156e-01 -1.108009
23 2.627942e-01 -1.336384
24 2.034246e-01 -1.592460
25 1.536588e-01 -1.873021
26 1.139321e-01 -2.172153
27 8.243620e-02 -2.495731
28 5.811164e-02 -2.845389
29 4.050982e-02 -3.206211
30 2.720640e-02 -3.604303
31 1.802819e-02 -4.015819
32 1.178705e-02 -4.440753
33 7.529427e-03 -4.888936
34 4.663373e-03 -5.368016
35 2.843592e-03 -5.862687
36 1.704891e-03 -6.374254
37 1.000264e-03 -6.907491
38 5.706244e-04 -7.468779
39 3.175013e-04 -8.055029
40 1.708474e-04 -8.674740
41 9.091584e-05 -9.305576
42 4.812911e-05 -9.941623
43 2.481671e-05 -10.603993
44 1.264637e-05 -11.278140
45 6.171991e-06 -11.995489
