1 1.000000e+00 0.000000
2 1.000000e+00 0.000000
3 1.000000e+00 0.000000
4 1.000000e+00 0.000000
5 1.000000e+00 0.000000
6 1.000000e+00 0.000000
7 1.000000e+00 0.000000
8 9.995000e-01 -0.000500
9 9.968347e-01 -0.003170
10 9.928473e-01 -0.007178
11 9.823773e-01 -0.017780
12 9.642033e-01 -0.036453
13 9.345355e-01 -0.067706
14 8.891438e-01 -0.117496
15 8.363879e-01 -0.178663
16 7.672814e-01 -0.264902
17 6.924489e-01 -0.367521
18 6.162026e-01 -0.484180
19 5.415448e-01 -0.613330
20 4.599881e-01 -0.776555
21 3.827977e-01 -0.960249
22 3.086742e-01 -1.175469
23 2.434500e-01 -1.412844
24 1.881463e-01 -1.670536
25 1.394841e-01 -1.969805
26 1.018234e-01 -2.284515
27 7.306395e-02 -2.616420
28 5.106648e-02 -2.974627
29 3.473225e-02 -3.360087
30 2.325903e-02 -3.761062
31 1.526993e-02 -4.181870
32 9.801385e-03 -4.625232
33 6.108342e-03 -5.098100
34 3.774596e-03 -5.579462
35 2.276836e-03 -6.084968
36 1.338527e-03 -6.616186
37 7.647691e-04 -7.175937
38 4.124923e-04 -7.793293
39 2.173306e-04 -8.434091
40 1.116970e-04 -9.099720
41 5.685652e-05 -9.774980
42 2.831725e-05 -10.472039
43 1.379906e-05 -11.190910
44 6.553928e-06 -11.935446
45 3.042188e-06 -12.702934
