1 1.000000e+00 0.000000
2 1.000000e+00 0.000000
3 1.000000e+00 0.000000
4 1.000000e+00 0.000000
5 1.000000e+00 0.000000
6 1.000000e+00 0.000000
7 1.000000e+00 0.000000
8 9.997500e-01 -0.000250
9 9.986392e-01 -0.001362
10 9.918484e-01 -0.008185
11 9.786839e-01 -0.021547
12 9.576422e-01 -0.043281
13 9.255243e-01 -0.077395
14 8.752816e-01 -0.133210
15 8.176297e-01 -0.201346
16 7.468025e-01 -0.291954
17 6.744945e-01 -0.393792
18 5.967028e-01 -0.516336
19 5.097726e-01 -0.673791
20 4.263228e-01 -0.852558
21 3.420733e-01 -1.072730
22 2.708599e-01 -1.306154
23 2.073845e-01 -1.573181
24 1.565061e-01 -1.854660
25 1.160775e-01 -2.153497
26 8.529015e-02 -2.461696
27 6.122569e-02 -2.793188
28 4.271367e-02 -3.153236
29 2.955491e-02 -3.521505
30 2.026285e-02 -3.898966
31 1.344799e-02 -4.308925
32 8.903413e-03 -4.721321
33 5.696565e-03 -5.167892
34 3.573422e-03 -5.634232
35 2.171211e-03 -6.132470
36 1.295248e-03 -6.649053
37 7.516640e-04 -7.193221
38 4.165405e-04 -7.783527
39 2.266835e-04 -8.391956
40 1.164360e-04 -9.058169
41 5.843382e-05 -9.747616
42 2.880787e-05 -10.454862
43 1.375274e-05 -11.194272
44 6.522552e-06 -11.940245
45 3.053424e-06 -12.699247
