1 1.000000e+00 0.000000
2 1.000000e+00 0.000000
3 1.000000e+00 0.000000
4 1.000000e+00 0.000000
5 1.000000e+00 0.000000
6 1.000000e+00 0.000000
7 1.000000e+00 0.000000
8 1.000000e+00 0.000000
9 9.984444e-01 -0.001557
10 9.918547e-01 -0.008179
11 9.813952e-01 -0.018780
12 9.650386e-01 -0.035587
13 9.378690e-01 -0.064145
14 8.968707e-01 -0.108844
15 8.442543e-01 -0.169301
16 7.851565e-01 -0.241872
17 7.198500e-01 -0.328712
18 6.461053e-01 -0.436793
19 5.694568e-01 -0.563072
20 4.926371e-01 -0.707982
21 4.145659e-01 -0.880523
22 3.411500e-01 -1.075433
23 2.741066e-01 -1.294238
24 2.129580e-01 -1.546660
25 1.626658e-01 -1.816057
26 1.210860e-01 -2.111255
27 8.850935e-02 -2.424647
28 6.223471e-02 -2.776842
29 4.205350e-02 -3.168813
30 2.818145e-02 -3.569091
31 1.826340e-02 -4.002856
32 1.133929e-02 -4.479482
33 6.847555e-03 -4.983864
34 4.055364e-03 -5.507715
35 2.336353e-03 -6.059164
36 1.330293e-03 -6.622356
37 7.522989e-04 -7.192377
38 4.231879e-04 -7.767694
39 2.348585e-04 -8.356528
40 1.292426e-04 -8.953819
41 7.057277e-05 -9.558866
42 3.773963e-05 -10.184800
43 1.938237e-05 -10.851147
44 9.887652e-06 -11.524224
45 4.980740e-06 -12.209932
