1 1.000000e+00 0.000000
2 1.000000e+00 0.000000
3 1.000000e+00 0.000000
4 1.000000e+00 0.000000
5 1.000000e+00 0.000000
6 1.000000e+00 0.000000
7 1.000000e+00 0.000000
8 9.995000e-01 -0.000500
9 9.975010e-01 -0.002502
10 9.921145e-01 -0.007917
11 9.769622e-01 -0.023307
12 9.610052e-01 -0.039776
13 9.370539e-01 -0.065014
14 9.013120e-01 -0.103904
15 8.503579e-01 -0.162098
16 7.900887e-01 -0.235610
17 7.195385e-01 -0.329145
18 6.411088e-01 -0.444556
19 5.645131e-01 -0.571792
20 4.877394e-01 -0.717974
21 4.091436e-01 -0.893689
22 3.355350e-01 -1.092029
23 2.661814e-01 -1.323577
24 2.054476e-01 -1.582564
25 1.557622e-01 -1.859425
26 1.144732e-01 -2.167414
27 8.172540e-02 -2.504390
28 5.733037e-02 -2.858925
29 3.852996e-02 -3.256319
30 2.511897e-02 -3.684132
31 1.596918e-02 -4.137095
32 9.832025e-03 -4.622110
33 5.952248e-03 -5.123986
34 3.518129e-03 -5.649826
35 2.056598e-03 -6.186702
36 1.170547e-03 -6.750284
37 6.488626e-04 -7.340290
38 3.581721e-04 -7.934497
39 1.940926e-04 -8.547175
40 1.013745e-04 -9.196689
41 5.255652e-05 -9.853621
42 2.680383e-05 -10.526966
43 1.360762e-05 -11.204881
44 6.826075e-06 -11.894761
45 3.382093e-06 -12.597016
