1 1.000000e+00 0.000000
2 1.000000e+00 0.000000
3 1.000000e+00 0.000000
4 1.000000e+00 0.000000
5 1.000000e+00 0.000000
6 1.000000e+00 0.000000
7 1.000000e+00 0.000000
8 9.997500e-01 -0.000250
9 9.975283e-01 -0.002475
10 9.937377e-01 -0.006282
11 9.830776e-01 -0.017067
12 9.668568e-01 -0.033705
13 9.424623e-01 -0.059259
14 9.003208e-01 -0.105004
15 8.493026e-01 -0.163340
16 7.922932e-01 -0.232824
17 7.273251e-01 -0.318382
18 6.496630e-01 -0.431302
19 5.652068e-01 -0.570564
20 4.831388e-01 -0.727451
21 3.975082e-01 -0.922540
22 3.216925e-01 -1.134159
23 2.512558e-01 -1.381284
24 1.923573e-01 -1.648401
25 1.448220e-01 -1.932250
26 1.058091e-01 -2.246118
27 7.572016e-02 -2.580711
28 5.257683e-02 -2.945480
29 3.577038e-02 -3.330635
30 2.358699e-02 -3.747060
31 1.511850e-02 -4.191836
32 9.416934e-03 -4.665246
33 5.678126e-03 -5.171134
34 3.355104e-03 -5.697272
35 1.924871e-03 -6.252896
36 1.090333e-03 -6.821272
37 6.008028e-04 -7.417244
38 3.339831e-04 -8.004420
39 1.839476e-04 -8.600860
40 1.011252e-04 -9.199151
41 5.441522e-05 -9.818867
42 2.900072e-05 -10.448190
43 1.545266e-05 -11.077729
44 7.889990e-06 -11.749916
45 3.842951e-06 -12.469270
