1 1.000000e+00 0.000000
2 1.000000e+00 0.000000
3 1.000000e+00 0.000000
4 1.000000e+00 0.000000
5 1.000000e+00 0.000000
6 1.000000e+00 0.000000
7 1.000000e+00 0.000000
8 9.997500e-01 -0.000250
9 9.973062e-01 -0.002697
10 9.935164e-01 -0.006505
11 9.830393e-01 -0.017106
12 9.635424e-01 -0.037139
13 9.380456e-01 -0.063957
14 8.928854e-01 -0.113297
15 8.396694e-01 -0.174747
16 7.769041e-01 -0.252438
17 7.046063e-01 -0.350116
18 6.255338e-01 -0.469150
19 5.454655e-01 -0.606116
20 4.698640e-01 -0.755312
21 3.895396e-01 -0.942790
22 3.228221e-01 -1.130654
23 2.621316e-01 -1.338909
24 2.059917e-01 -1.579919
25 1.576743e-01 -1.847224
26 1.177827e-01 -2.138914
27 8.445456e-02 -2.471542
28 5.920868e-02 -2.826687
29 4.115207e-02 -3.190481
30 2.835926e-02 -3.562802
31 1.894948e-02 -3.965979
32 1.212530e-02 -4.412461
33 7.724182e-03 -4.863399
34 4.712660e-03 -5.357503
35 2.811169e-03 -5.874155
36 1.628760e-03 -6.419936
37 9.130740e-04 -6.998694
38 4.986345e-04 -7.603637
39 2.627932e-04 -8.244143
40 1.361926e-04 -8.901441
41 6.819594e-05 -9.593126
42 3.360761e-05 -10.300758
43 1.625358e-05 -11.027198
44 7.625144e-06 -11.784059
45 3.455037e-06 -12.575677
