1 1.000000e+00 0.000000
2 1.000000e+00 0.000000
3 1.000000e+00 0.000000
4 1.000000e+00 0.000000
5 1.000000e+00 0.000000
6 1.000000e+00 0.000000
7 9.994286e-01 -0.000572
8 9.981793e-01 -0.001822
9 9.957393e-01 -0.004270
10 9.893666e-01 -0.010690
11 9.785735e-01 -0.021659
12 9.563925e-01 -0.044587
13 9.244637e-01 -0.078542
14 8.824666e-01 -0.125034
15 8.283420e-01 -0.188329
16 7.639384e-01 -0.269268
17 6.888028e-01 -0.372800
18 6.087486e-01 -0.496350
19 5.312133e-01 -0.632592
20 4.536030e-01 -0.790533
21 3.751081e-01 -0.980541
22 3.019620e-01 -1.197454
23 2.447730e-01 -1.407424
24 1.921672e-01 -1.649389
25 1.455090e-01 -1.927517
26 1.069715e-01 -2.235193
27 7.677386e-02 -2.566891
28 5.386783e-02 -2.921222
29 3.727654e-02 -3.289391
30 2.524864e-02 -3.678983
31 1.701758e-02 -4.073508
32 1.113375e-02 -4.497774
33 7.154618e-03 -4.939997
34 4.474582e-03 -5.409342
35 2.782167e-03 -5.884525
36 1.688466e-03 -6.383935
37 1.011893e-03 -6.895932
38 5.881764e-04 -7.438484
39 3.392119e-04 -7.988886
40 1.918582e-04 -8.558754
41 1.049043e-04 -9.162462
42 5.537450e-05 -9.801391
43 2.834402e-05 -10.471095
44 1.406636e-05 -11.171724
45 7.035057e-06 -11.864605
