1 1.000000e+00 0.000000
2 1.000000e+00 0.000000
3 1.000000e+00 0.000000
4 1.000000e+00 0.000000
5 1.000000e+00 0.000000
6 1.000000e+00 0.000000
7 1.000000e+00 0.000000
8 9.995000e-01 -0.000500
9 9.977231e-01 -0.002279
10 9.909386e-01 -0.009103
11 9.788672e-01 -0.021359
12 9.602687e-01 -0.040542
13 9.358926e-01 -0.066255
14 9.004624e-01 -0.104847
15 8.537584e-01 -0.158107
16 7.900467e-01 -0.235663
17 7.212662e-01 -0.326747
18 6.446517e-01 -0.439045
19 5.645791e-01 -0.571675
20 4.864414e-01 -0.720639
21 4.110198e-01 -0.889114
22 3.390540e-01 -1.081596
23 2.706535e-01 -1.306916
24 2.114030e-01 -1.553989
25 1.622391e-01 -1.818684
26 1.206060e-01 -2.115226
27 8.803348e-02 -2.430038
28 6.269241e-02 -2.769515
29 4.361230e-02 -3.132416
30 2.972033e-02 -3.515924
31 1.961733e-02 -3.931342
32 1.266912e-02 -4.368588
33 8.143557e-03 -4.810528
34 5.081579e-03 -5.282133
35 3.080308e-03 -5.782726
36 1.813959e-03 -6.312243
37 1.058568e-03 -6.850838
38 6.160307e-04 -7.392214
39 3.539176e-04 -7.946447
40 2.000342e-04 -8.517022
41 1.089259e-04 -9.124842
42 5.964992e-05 -9.727018
43 3.221373e-05 -10.343118
44 1.679653e-05 -10.994338
45 8.641629e-06 -11.658919
