1 1.000000e+00 0.000000
2 1.000000e+00 0.000000
3 1.000000e+00 0.000000
4 1.000000e+00 0.000000
5 1.000000e+00 0.000000
6 1.000000e+00 0.000000
7 1.000000e+00 0.000000
8 9.995000e-01 -0.000500
9 9.977231e-01 -0.002279
10 9.909386e-01 -0.009103
11 9.776060e-01 -0.022649
12 9.591944e-01 -0.041662
13 9.338126e-01 -0.068479
14 8.959265e-01 -0.109897
15 8.461130e-01 -0.167102
16 7.862505e-01 -0.240480
17 7.210380e-01 -0.327063
18 6.443676e-01 -0.439486
19 5.663652e-01 -0.568516
20 4.857714e-01 -0.722017
21 4.012009e-01 -0.913293
22 3.258846e-01 -1.121212
23 2.620962e-01 -1.339044
24 2.050903e-01 -1.584305
25 1.555241e-01 -1.860955
26 1.145973e-01 -2.166331
27 8.356266e-02 -2.482158
28 5.899524e-02 -2.830299
29 4.090201e-02 -3.196576
30 2.794698e-02 -3.577446
31 1.851352e-02 -3.989254
32 1.182204e-02 -4.437790
33 7.377670e-03 -4.909297
34 4.552890e-03 -5.391993
35 2.773361e-03 -5.887695
36 1.632893e-03 -6.417402
37 9.390459e-04 -6.970646
38 5.307586e-04 -7.541203
39 2.931149e-04 -8.134946
40 1.576225e-04 -8.755308
41 8.054126e-05 -9.426741
42 3.994080e-05 -10.128112
43 1.979577e-05 -10.830042
44 9.591052e-06 -11.554680
45 4.523140e-06 -12.306304
