1 1.000000e+00 0.000000
2 1.000000e+00 0.000000
3 1.000000e+00 0.000000
4 1.000000e+00 0.000000
5 1.000000e+00 0.000000
6 1.000000e+00 0.000000
7 1.000000e+00 0.000000
8 9.990000e-01 -0.001001
9 9.965580e-01 -0.003448
10 9.905787e-01 -0.009466
11 9.792320e-01 -0.020987
12 9.630747e-01 -0.037624
13 9.392201e-01 -0.062705
14 9.046031e-01 -0.100259
15 8.549102e-01 -0.156759
16 7.968832e-01 -0.227047
17 7.337888e-01 -0.309534
18 6.615514e-01 -0.413168
19 5.847418e-01 -0.536585
20 5.043983e-01 -0.684389
21 4.235985e-01 -0.858969
22 3.527035e-01 -1.042128
23 2.862725e-01 -1.250811
24 2.277298e-01 -1.479595
25 1.762082e-01 -1.736089
26 1.318715e-01 -2.025927
27 9.675462e-02 -2.335577
28 6.861285e-02 -2.679275
29 4.704949e-02 -3.056555
30 3.114990e-02 -3.468944
31 2.024542e-02 -3.899827
32 1.306842e-02 -4.337557
33 8.204592e-03 -4.803061
34 5.023624e-03 -5.293604
35 2.981449e-03 -5.815346
36 1.740172e-03 -6.353771
37 9.913338e-04 -6.916459
38 5.562948e-04 -7.494212
39 3.065042e-04 -8.090279
40 1.657268e-04 -8.705170
41 8.724506e-05 -9.346790
42 4.486058e-05 -10.011951
43 2.268067e-05 -10.693997
44 1.160529e-05 -11.364050
45 5.912508e-06 -12.038441
