1 1.000000e+00 0.000000
2 1.000000e+00 0.000000
3 1.000000e+00 0.000000
4 1.000000e+00 0.000000
5 1.000000e+00 0.000000
6 1.000000e+00 0.000000
7 1.000000e+00 0.000000
8 9.997500e-01 -0.000250
9 9.981948e-01 -0.001807
10 9.946013e-01 -0.005413
11 9.841128e-01 -0.016015
12 9.680390e-01 -0.032483
13 9.439125e-01 -0.057722
14 9.029197e-01 -0.102122
15 8.529581e-01 -0.159045
16 7.979423e-01 -0.225719
17 7.348579e-01 -0.308078
18 6.510025e-01 -0.429242
19 5.613012e-01 -0.577498
20 4.758150e-01 -0.742726
21 3.925247e-01 -0.935156
22 3.179450e-01 -1.145877
23 2.501536e-01 -1.385680
24 1.936606e-01 -1.641648
25 1.469806e-01 -1.917454
26 1.101224e-01 -2.206163
27 8.045463e-02 -2.520062
28 5.739863e-02 -2.857735
29 4.025821e-02 -3.212441
30 2.765202e-02 -3.588056
31 1.831813e-02 -3.999864
32 1.203272e-02 -4.420126
33 7.725006e-03 -4.863293
34 4.856303e-03 -5.327478
35 2.943197e-03 -5.828259
36 1.763956e-03 -6.340196
37 1.036253e-03 -6.872144
38 6.021173e-04 -7.415058
39 3.447508e-04 -7.972689
40 1.952324e-04 -8.541320
41 1.089587e-04 -9.124542
42 5.909712e-05 -9.736328
43 3.183548e-05 -10.354929
44 1.675704e-05 -10.996692
45 8.585563e-06 -11.665429
