1 1.000000e+00 0.000000
2 1.000000e+00 0.000000
3 1.000000e+00 0.000000
4 1.000000e+00 0.000000
5 1.000000e+00 0.000000
6 1.000000e+00 0.000000
7 9.997143e-01 -0.000286
8 9.987146e-01 -0.001286
9 9.953855e-01 -0.004625
10 9.890151e-01 -0.011046
11 9.793047e-01 -0.020912
12 9.579232e-01 -0.042988
13 9.250591e-01 -0.077898
14 8.867352e-01 -0.120209
15 8.382604e-01 -0.176427
16 7.765434e-01 -0.252903
17 7.047360e-01 -0.349932
18 6.306604e-01 -0.460988
19 5.581677e-01 -0.583096
20 4.774566e-01 -0.739282
21 4.014728e-01 -0.912615
22 3.291712e-01 -1.111177
23 2.644247e-01 -1.330199
24 2.095786e-01 -1.562657
25 1.646785e-01 -1.803760
26 1.248896e-01 -2.080325
27 9.192801e-02 -2.386750
28 6.591895e-02 -2.719329
29 4.581140e-02 -3.083222
30 3.172286e-02 -3.450718
31 2.150606e-02 -3.839421
32 1.411873e-02 -4.260253
33 9.278998e-03 -4.680002
34 5.938013e-03 -5.126381
35 3.724661e-03 -5.592779
36 2.331431e-03 -6.061273
37 1.429482e-03 -6.550443
38 8.452753e-04 -7.075848
39 4.928605e-04 -7.615284
40 2.817191e-04 -8.174600
41 1.571168e-04 -8.758521
42 8.649654e-05 -9.355406
43 4.680468e-05 -9.969527
44 2.434269e-05 -10.623279
45 1.220921e-05 -11.313320
