1 1.000000e+00 0.000000
2 1.000000e+00 0.000000
3 1.000000e+00 0.000000
4 1.000000e+00 0.000000
5 1.000000e+00 0.000000
6 1.000000e+00 0.000000
7 1.000000e+00 0.000000
8 1.000000e+00 0.000000
9 9.988889e-01 -0.001112
10 9.932951e-01 -0.006727
11 9.842652e-01 -0.015860
12 9.698293e-01 -0.030635
13 9.461058e-01 -0.055401
14 9.102889e-01 -0.093993
15 8.591913e-01 -0.151764
16 8.009811e-01 -0.221918
17 7.331333e-01 -0.310428
18 6.613677e-01 -0.413445
19 5.851364e-01 -0.535910
20 5.033928e-01 -0.686384
21 4.258224e-01 -0.853733
22 3.524261e-01 -1.042914
23 2.826151e-01 -1.263669
24 2.186970e-01 -1.520068
25 1.675569e-01 -1.786432
26 1.261059e-01 -2.070633
27 9.189849e-02 -2.387071
28 6.579276e-02 -2.721246
29 4.663118e-02 -3.065486
30 3.218795e-02 -3.436163
31 2.143095e-02 -3.842919
32 1.367026e-02 -4.292532
33 8.527759e-03 -4.764429
34 5.225008e-03 -5.254299
35 3.133811e-03 -5.765506
36 1.839025e-03 -6.298520
37 1.074289e-03 -6.836097
38 6.038633e-04 -7.412163
39 3.307313e-04 -8.014204
40 1.764451e-04 -8.642501
41 9.212157e-05 -9.292401
42 4.667493e-05 -9.972303
43 2.292282e-05 -10.683378
44 1.125510e-05 -11.394689
45 5.432964e-06 -12.123026
