1 1.000000e+00 0.000000
2 1.000000e+00 0.000000
3 1.000000e+00 0.000000
4 1.000000e+00 0.000000
5 1.000000e+00 0.000000
6 1.000000e+00 0.000000
7 9.994286e-01 -0.000572
8 9.984291e-01 -0.001572
9 9.955448e-01 -0.004465
10 9.903680e-01 -0.009679
11 9.793839e-01 -0.020832
12 9.597962e-01 -0.041034
13 9.330696e-01 -0.069276
14 8.950803e-01 -0.110842
15 8.450752e-01 -0.168330
16 7.844410e-01 -0.242784
17 7.147642e-01 -0.335803
18 6.373314e-01 -0.450466
19 5.581010e-01 -0.583215
20 4.749998e-01 -0.744441
21 3.977332e-01 -0.921974
22 3.224531e-01 -1.131797
23 2.548782e-01 -1.366970
24 1.951942e-01 -1.633760
25 1.445062e-01 -1.934433
26 1.047892e-01 -2.255805
27 7.456334e-02 -2.596106
28 5.177891e-02 -2.960772
29 3.484542e-02 -3.356833
30 2.274477e-02 -3.783420
31 1.453317e-02 -4.231321
32 9.051442e-03 -4.704831
33 5.613540e-03 -5.182574
34 3.373738e-03 -5.691734
35 1.991855e-03 -6.218689
36 1.141775e-03 -6.775171
37 6.374809e-04 -7.357986
38 3.461186e-04 -7.968729
39 1.816146e-04 -8.613623
40 9.198782e-05 -9.293854
41 4.509647e-05 -10.006707
42 2.160980e-05 -10.742364
43 1.001689e-05 -11.511237
44 4.457063e-06 -12.321021
45 1.978936e-06 -13.132951
