1 1.000000e+00 0.000000
2 1.000000e+00 0.000000
3 1.000000e+00 0.000000
4 1.000000e+00 0.000000
5 1.000000e+00 0.000000
6 1.000000e+00 0.000000
7 1.000000e+00 0.000000
8 9.995000e-01 -0.000500
9 9.972789e-01 -0.002725
10 9.908963e-01 -0.009145
11 9.800865e-01 -0.020114
12 9.640784e-01 -0.036583
13 9.342662e-01 -0.067994
14 8.967621e-01 -0.108965
15 8.460651e-01 -0.167159
16 7.844081e-01 -0.242826
17 7.137191e-01 -0.337266
18 6.363995e-01 -0.451929
19 5.569501e-01 -0.585280
20 4.786986e-01 -0.736684
21 4.029730e-01 -0.908886
22 3.284230e-01 -1.113453
23 2.639664e-01 -1.331933
24 2.056958e-01 -1.581357
25 1.564440e-01 -1.855057
26 1.177903e-01 -2.138849
27 8.517549e-02 -2.463042
28 6.065103e-02 -2.802619
29 4.252265e-02 -3.157718
30 2.884736e-02 -3.545737
31 1.910626e-02 -3.957739
32 1.224950e-02 -4.402270
33 7.752078e-03 -4.859794
34 4.829545e-03 -5.333003
35 3.000665e-03 -5.808921
36 1.769726e-03 -6.336931
37 1.013144e-03 -6.894697
38 5.616551e-04 -7.484623
39 3.063468e-04 -8.090793
40 1.656724e-04 -8.705498
41 8.710326e-05 -9.348416
42 4.502824e-05 -10.008221
43 2.256019e-05 -10.699324
44 1.110269e-05 -11.408323
45 5.401336e-06 -12.128864
