1 1.000000e+00 0.000000
2 1.000000e+00 0.000000
3 1.000000e+00 0.000000
4 1.000000e+00 0.000000
5 1.000000e+00 0.000000
6 1.000000e+00 0.000000
7 9.994286e-01 -0.000572
8 9.984291e-01 -0.001572
9 9.970979e-01 -0.002906
10 9.921124e-01 -0.007919
11 9.769602e-01 -0.023309
12 9.561183e-01 -0.044874
13 9.265522e-01 -0.076285
14 8.856516e-01 -0.121432
15 8.373540e-01 -0.177508
16 7.726684e-01 -0.257905
17 6.954925e-01 -0.363135
18 6.140426e-01 -0.487691
19 5.282059e-01 -0.638269
20 4.522499e-01 -0.793520
21 3.798468e-01 -0.967987
22 3.100931e-01 -1.170883
23 2.482093e-01 -1.393483
24 1.925691e-01 -1.647300
25 1.471690e-01 -1.916174
26 1.096296e-01 -2.210648
27 8.018389e-02 -2.523433
28 5.707374e-02 -2.863411
29 3.936908e-02 -3.234775
30 2.654001e-02 -3.629102
31 1.738627e-02 -4.052074
32 1.132390e-02 -4.480840
33 7.316610e-03 -4.917608
34 4.548349e-03 -5.392991
35 2.797105e-03 -5.879170
36 1.713227e-03 -6.369377
37 1.008303e-03 -6.899486
38 5.745206e-04 -7.461975
39 3.282428e-04 -8.021757
40 1.803038e-04 -8.620868
41 9.708258e-05 -9.239949
42 5.161095e-05 -9.871777
43 2.671527e-05 -10.530275
44 1.338921e-05 -11.221062
45 6.497633e-06 -11.944073
