1 1.000000e+00 0.000000
2 1.000000e+00 0.000000
3 1.000000e+00 0.000000
4 1.000000e+00 0.000000
5 1.000000e+00 0.000000
6 1.000000e+00 0.000000
7 1.000000e+00 0.000000
8 9.990000e-01 -0.001001
9 9.965580e-01 -0.003448
10 9.893828e-01 -0.010674
11 9.773303e-01 -0.022931
12 9.579466e-01 -0.042963
13 9.296503e-01 -0.072947
14 8.875504e-01 -0.119290
15 8.351258e-01 -0.180173
16 7.711343e-01 -0.259893
17 7.004621e-01 -0.356015
18 6.175741e-01 -0.481956
19 5.311787e-01 -0.632657
20 4.491116e-01 -0.800484
21 3.751151e-01 -0.980522
22 3.079695e-01 -1.177754
23 2.484912e-01 -1.392348
24 1.936575e-01 -1.641664
25 1.454445e-01 -1.927961
26 1.061186e-01 -2.243198
27 7.609880e-02 -2.575723
28 5.274734e-02 -2.942242
29 3.628289e-02 -3.316409
30 2.457803e-02 -3.705902
31 1.632774e-02 -4.114890
32 1.065181e-02 -4.542025
33 6.850083e-03 -4.983495
34 4.341341e-03 -5.439572
35 2.631349e-03 -5.940259
36 1.543871e-03 -6.473463
37 8.804236e-04 -7.035107
38 4.908593e-04 -7.619353
39 2.619678e-04 -8.247289
40 1.339442e-04 -8.918088
41 6.687407e-05 -9.612699
42 3.266957e-05 -10.329066
43 1.566620e-05 -11.064005
44 7.326797e-06 -11.823972
45 3.435454e-06 -12.581362
