1 1.000000e+00 0.000000
2 1.000000e+00 0.000000
3 1.000000e+00 0.000000
4 1.000000e+00 0.000000
5 1.000000e+00 0.000000
6 1.000000e+00 0.000000
7 1.000000e+00 0.000000
8 9.992500e-01 -0.000750
9 9.976956e-01 -0.002307
10 9.923081e-01 -0.007722
11 9.789570e-01 -0.021268
12 9.637832e-01 -0.036889
13 9.313111e-01 -0.071162
14 8.874064e-01 -0.119452
15 8.359369e-01 -0.179202
16 7.732416e-01 -0.257164
17 7.060151e-01 -0.348119
18 6.331386e-01 -0.457066
19 5.510972e-01 -0.595844
20 4.697552e-01 -0.755544
21 3.913732e-01 -0.938094
22 3.203923e-01 -1.138209
23 2.571775e-01 -1.357989
24 2.016486e-01 -1.601229
25 1.553824e-01 -1.861866
26 1.181384e-01 -2.135898
27 8.898010e-02 -2.419343
28 6.543215e-02 -2.726742
29 4.628535e-02 -3.072930
30 3.156044e-02 -3.455851
31 2.077491e-02 -3.874009
32 1.342838e-02 -4.310385
33 8.555915e-03 -4.761132
34 5.296111e-03 -5.240782
35 3.220338e-03 -5.738269
36 1.908229e-03 -6.261579
37 1.122245e-03 -6.792424
38 6.436372e-04 -7.348375
39 3.587204e-04 -7.932967
40 1.987311e-04 -8.523558
41 1.070143e-04 -9.142548
42 5.702842e-05 -9.771961
43 2.967069e-05 -10.425351
44 1.495133e-05 -11.110710
45 7.305553e-06 -11.826876
