1 1.000000e+00 0.000000
2 1.000000e+00 0.000000
3 1.000000e+00 0.000000
4 1.000000e+00 0.000000
5 1.000000e+00 0.000000
6 1.000000e+00 0.000000
7 9.994286e-01 -0.000572
8 9.981793e-01 -0.001822
9 9.959611e-01 -0.004047
10 9.899853e-01 -0.010065
11 9.795455e-01 -0.020667
12 9.619137e-01 -0.038831
13 9.318724e-01 -0.070559
14 8.919350e-01 -0.114362
15 8.432948e-01 -0.170439
16 7.798369e-01 -0.248671
17 7.127709e-01 -0.338595
18 6.361084e-01 -0.452386
19 5.514056e-01 -0.595285
20 4.697975e-01 -0.755453
21 3.894398e-01 -0.943046
22 3.130742e-01 -1.161315
23 2.454502e-01 -1.404661
24 1.884239e-01 -1.669061
25 1.414536e-01 -1.955784
26 1.038161e-01 -2.265135
27 7.393241e-02 -2.604604
28 5.208539e-02 -2.954871
29 3.636638e-02 -3.314111
30 2.438972e-02 -3.713594
31 1.593514e-02 -4.139229
32 1.023833e-02 -4.581617
33 6.322942e-03 -5.063571
34 3.801576e-03 -5.572340
35 2.209476e-03 -6.115000
36 1.270694e-03 -6.668192
37 7.220978e-04 -7.233350
38 4.008783e-04 -7.821853
39 2.134317e-04 -8.452194
40 1.093837e-04 -9.120648
41 5.420632e-05 -9.822713
42 2.664628e-05 -10.532861
43 1.288316e-05 -11.259589
44 6.050988e-06 -12.015289
45 2.789102e-06 -12.789791
