1 1.000000e+00 0.000000
2 1.000000e+00 0.000000
3 1.000000e+00 0.000000
4 1.000000e+00 0.000000
5 1.000000e+00 0.000000
6 1.000000e+00 0.000000
7 1.000000e+00 0.000000
8 9.992500e-01 -0.000750
9 9.965853e-01 -0.003421
10 9.904065e-01 -0.009640
11 9.828434e-01 -0.017305
12 9.656436e-01 -0.034960
13 9.380114e-01 -0.063993
14 8.987489e-01 -0.106752
15 8.477000e-01 -0.165229
16 7.812615e-01 -0.246845
17 7.074552e-01 -0.346081
18 6.266481e-01 -0.467370
19 5.457116e-01 -0.605665
20 4.628726e-01 -0.770304
21 3.844487e-01 -0.955945
22 3.168557e-01 -1.149309
23 2.538703e-01 -1.370932
24 1.982938e-01 -1.618005
25 1.511634e-01 -1.889394
26 1.137911e-01 -2.173391
27 8.356483e-02 -2.482133
28 5.970110e-02 -2.818405
29 4.127610e-02 -3.187472
30 2.779808e-02 -3.582788
31 1.825348e-02 -4.003400
32 1.172215e-02 -4.446275
33 7.382115e-03 -4.908695
34 4.563884e-03 -5.389581
35 2.736766e-03 -5.900978
36 1.613627e-03 -6.429271
37 9.377356e-04 -6.972043
38 5.323871e-04 -7.538140
39 3.006758e-04 -8.109478
40 1.654619e-04 -8.706770
41 8.812259e-05 -9.336782
42 4.573143e-05 -9.992725
43 2.315074e-05 -10.673484
44 1.147540e-05 -11.375305
45 5.606625e-06 -12.091562
