1 1.000000e+00 0.000000
2 1.000000e+00 0.000000
3 1.000000e+00 0.000000
4 1.000000e+00 0.000000
5 1.000000e+00 0.000000
6 1.000000e+00 0.000000
7 9.994286e-01 -0.000572
8 9.986790e-01 -0.001322
9 9.973474e-01 -0.002656
10 9.913633e-01 -0.008674
11 9.801880e-01 -0.020011
12 9.599308e-01 -0.040894
13 9.326097e-01 -0.069769
14 8.934400e-01 -0.112676
15 8.385233e-01 -0.176113
16 7.732233e-01 -0.257187
17 7.038151e-01 -0.351240
18 6.263172e-01 -0.467898
19 5.518844e-01 -0.594417
20 4.783182e-01 -0.737479
21 4.048394e-01 -0.904265
22 3.302385e-01 -1.107940
23 2.620945e-01 -1.339050
24 2.023370e-01 -1.597821
25 1.519470e-01 -1.884224
26 1.115525e-01 -2.193260
27 8.002856e-02 -2.525372
28 5.601999e-02 -2.882047
29 3.842972e-02 -3.258924
30 2.610915e-02 -3.645469
31 1.744933e-02 -4.048454
32 1.134207e-02 -4.479237
33 7.280232e-03 -4.922593
34 4.589972e-03 -5.383881
35 2.791752e-03 -5.881086
36 1.656905e-03 -6.402804
37 9.599301e-04 -6.948650
38 5.465539e-04 -7.511878
39 3.034075e-04 -8.100434
40 1.627478e-04 -8.723309
41 8.734395e-05 -9.345657
42 4.628814e-05 -9.980625
43 2.434971e-05 -10.622991
44 1.281680e-05 -11.264754
45 6.604926e-06 -11.927695
