1 1.000000e+00 0.000000
2 1.000000e+00 0.000000
3 1.000000e+00 0.000000
4 1.000000e+00 0.000000
5 1.000000e+00 0.000000
6 1.000000e+00 0.000000
7 9.994286e-01 -0.000572
8 9.976796e-01 -0.002323
9 9.952408e-01 -0.004771
10 9.876770e-01 -0.012400
11 9.729516e-01 -0.027421
12 9.546277e-01 -0.046434
13 9.248139e-01 -0.078163
14 8.863681e-01 -0.120623
15 8.314133e-01 -0.184628
16 7.703044e-01 -0.260970
17 7.004333e-01 -0.356056
18 6.293782e-01 -0.463023
19 5.517328e-01 -0.594691
20 4.770833e-01 -0.740064
21 4.033399e-01 -0.907976
22 3.363855e-01 -1.089498
23 2.752218e-01 -1.290178
24 2.209343e-01 -1.509890
25 1.710385e-01 -1.765867
26 1.287394e-01 -2.049965
27 9.410371e-02 -2.363358
28 6.739842e-02 -2.697134
29 4.695578e-02 -3.058549
30 3.224923e-02 -3.434261
31 2.168605e-02 -3.831086
32 1.434125e-02 -4.244615
33 9.266189e-03 -4.681383
34 5.807720e-03 -5.148567
35 3.585520e-03 -5.630852
36 2.171829e-03 -6.132185
37 1.312137e-03 -6.636098
38 7.894232e-04 -7.144208
39 4.684720e-04 -7.666034
40 2.732129e-04 -8.205259
41 1.589433e-04 -8.746963
42 9.021166e-05 -9.313352
43 5.062762e-05 -9.891013
44 2.838599e-05 -10.469615
45 1.557949e-05 -11.069555
