1 1.000000e+00 0.000000
2 1.000000e+00 0.000000
3 1.000000e+00 0.000000
4 1.000000e+00 0.000000
5 1.000000e+00 0.000000
6 1.000000e+00 0.000000
7 1.000000e+00 0.000000
8 1.000000e+00 0.000000
9 9.973333e-01 -0.002670
10 9.911499e-01 -0.008890
11 9.805175e-01 -0.019675
12 9.635219e-01 -0.037160
13 9.360986e-01 -0.066034
14 9.009280e-01 -0.104330
15 8.463918e-01 -0.166773
16 7.796327e-01 -0.248932
17 7.047879e-01 -0.349858
18 6.267914e-01 -0.467141
19 5.488713e-01 -0.599891
20 4.680775e-01 -0.759121
21 3.874344e-01 -0.948209
22 3.123074e-01 -1.163767
23 2.449033e-01 -1.406892
24 1.866775e-01 -1.678373
25 1.389329e-01 -1.973764
26 1.017951e-01 -2.284794
27 7.337538e-02 -2.612167
28 5.153048e-02 -2.965582
29 3.511891e-02 -3.349015
30 2.355777e-02 -3.748300
31 1.548733e-02 -4.167733
32 9.884790e-03 -4.616758
33 6.120782e-03 -5.096065
34 3.694792e-03 -5.600831
35 2.163670e-03 -6.135949
36 1.231729e-03 -6.699336
37 6.992893e-04 -7.265446
38 3.902403e-04 -7.848748
39 2.125108e-04 -8.456518
40 1.147771e-04 -9.072519
41 6.089905e-05 -9.706293
42 3.157761e-05 -10.363062
43 1.631167e-05 -11.023630
44 8.162508e-06 -11.715959
45 3.958998e-06 -12.439520
