1 1.000000e+00 0.000000
2 1.000000e+00 0.000000
3 1.000000e+00 0.000000
4 1.000000e+00 0.000000
5 1.000000e+00 0.000000
6 1.000000e+00 0.000000
7 1.000000e+00 0.000000
8 1.000000e+00 0.000000
9 9.973333e-01 -0.002670
10 9.915488e-01 -0.008487
11 9.825347e-01 -0.017620
12 9.646853e-01 -0.035953
13 9.407908e-01 -0.061034
14 9.054440e-01 -0.099330
15 8.564293e-01 -0.154984
16 7.995838e-01 -0.223664
17 7.282797e-01 -0.317070
18 6.531860e-01 -0.425893
19 5.719159e-01 -0.558763
20 4.943069e-01 -0.704599
21 4.187956e-01 -0.870372
22 3.495040e-01 -1.051240
23 2.848913e-01 -1.255647
24 2.257052e-01 -1.488526
25 1.731791e-01 -1.753429
26 1.289784e-01 -2.048110
27 9.321797e-02 -2.372815
28 6.661090e-02 -2.708887
29 4.663682e-02 -3.065365
30 3.180009e-02 -3.448286
31 2.110090e-02 -3.858440
32 1.353755e-02 -4.302288
33 8.458094e-03 -4.772631
34 5.250984e-03 -5.249340
35 3.218103e-03 -5.738963
36 1.944449e-03 -6.242776
37 1.144177e-03 -6.773070
38 6.524218e-04 -7.334819
39 3.582298e-04 -7.934336
40 1.905603e-04 -8.565542
41 9.907278e-05 -9.219656
42 5.078659e-05 -9.887878
43 2.512637e-05 -10.591593
44 1.208350e-05 -11.323670
45 5.730801e-06 -12.069655
