1 1.000000e+00 0.000000
2 1.000000e+00 0.000000
3 1.000000e+00 0.000000
4 1.000000e+00 0.000000
5 1.000000e+00 0.000000
6 1.000000e+00 0.000000
7 1.000000e+00 0.000000
8 9.990000e-01 -0.001001
9 9.950040e-01 -0.005009
10 9.858500e-01 -0.014251
11 9.727650e-01 -0.027613
12 9.536340e-01 -0.047475
13 9.269322e-01 -0.075875
14 8.864121e-01 -0.120573
15 8.346456e-01 -0.180748
16 7.731948e-01 -0.257224
17 7.081555e-01 -0.345092
18 6.286847e-01 -0.464125
19 5.461616e-01 -0.604840
20 4.664220e-01 -0.762665
21 3.912614e-01 -0.938379
22 3.153567e-01 -1.154051
23 2.494334e-01 -1.388563
24 1.899020e-01 -1.661247
25 1.411807e-01 -1.957714
26 1.000211e-01 -2.302374
27 7.033337e-02 -2.654509
28 4.813314e-02 -3.033784
29 3.246166e-02 -3.427696
30 2.136626e-02 -3.845942
31 1.359859e-02 -4.297789
32 8.486371e-03 -4.769294
33 5.260522e-03 -5.247525
34 3.242029e-03 -5.731556
35 1.952813e-03 -6.238485
36 1.145867e-03 -6.771594
37 6.564889e-04 -7.328605
38 3.645587e-04 -7.916823
39 1.985256e-04 -8.524593
40 1.087722e-04 -9.126255
41 5.767047e-05 -9.760765
42 2.992548e-05 -10.416800
43 1.507409e-05 -11.102533
44 7.467156e-06 -11.804996
45 3.565318e-06 -12.544257
