1 1.000000e+00 0.000000
2 1.000000e+00 0.000000
3 1.000000e+00 0.000000
4 1.000000e+00 0.000000
5 1.000000e+00 0.000000
6 1.000000e+00 0.000000
7 1.000000e+00 0.000000
8 1.000000e+00 0.000000
9 9.968889e-01 -0.003116
10 9.901100e-01 -0.009939
11 9.794889e-01 -0.020724
12 9.626743e-01 -0.038040
13 9.435689e-01 -0.058086
14 9.153967e-01 -0.088398
15 8.754854e-01 -0.132977
16 8.192354e-01 -0.199384
17 7.544676e-01 -0.281743
18 6.755839e-01 -0.392178
19 5.930915e-01 -0.522407
20 5.136172e-01 -0.666277
21 4.296775e-01 -0.844720
22 3.536246e-01 -1.039519
23 2.832379e-01 -1.261468
24 2.203827e-01 -1.512390
25 1.674732e-01 -1.786932
26 1.239946e-01 -2.087517
27 9.119573e-02 -2.394747
28 6.521798e-02 -2.730020
29 4.641721e-02 -3.070085
30 3.258488e-02 -3.423907
31 2.240368e-02 -3.798530
32 1.491525e-02 -4.205371
33 9.825083e-03 -4.622817
34 6.328509e-03 -5.062691
35 4.034696e-03 -5.512824
36 2.513616e-03 -5.986033
37 1.549746e-03 -6.469664
38 9.417561e-04 -6.967764
39 5.517725e-04 -7.502375
40 3.182900e-04 -8.052548
41 1.815495e-04 -8.613982
42 9.974847e-05 -9.212859
43 5.394305e-05 -9.827582
44 2.859472e-05 -10.462289
45 1.489594e-05 -11.114422
