1 1.000000e+00 0.000000
2 1.000000e+00 0.000000
3 1.000000e+00 0.000000
4 1.000000e+00 0.000000
5 1.000000e+00 0.000000
6 1.000000e+00 0.000000
7 9.994286e-01 -0.000572
8 9.984291e-01 -0.001572
9 9.964323e-01 -0.003574
10 9.902544e-01 -0.009793
11 9.787314e-01 -0.021498
12 9.622561e-01 -0.038475
13 9.387179e-01 -0.063240
14 9.055945e-01 -0.099164
15 8.620053e-01 -0.148494
16 8.073757e-01 -0.213966
17 7.343319e-01 -0.308794
18 6.510260e-01 -0.429206
19 5.609789e-01 -0.578072
20 4.750930e-01 -0.744245
21 3.944177e-01 -0.930345
22 3.169684e-01 -1.148953
23 2.482276e-01 -1.393409
24 1.872050e-01 -1.675551
25 1.385167e-01 -1.976764
26 1.007869e-01 -2.294747
27 7.111075e-02 -2.643517
28 5.008736e-02 -2.993987
29 3.397650e-02 -3.382086
30 2.294773e-02 -3.774536
31 1.507148e-02 -4.194951
32 9.612777e-03 -4.644662
33 6.068284e-03 -5.104679
34 3.790179e-03 -5.575342
35 2.241837e-03 -6.100460
36 1.280960e-03 -6.660145
37 7.162992e-04 -7.241413
38 3.970937e-04 -7.831338
39 2.185848e-04 -8.428337
40 1.165931e-04 -9.056820
41 6.103793e-05 -9.704015
42 3.185017e-05 -10.354468
43 1.638728e-05 -11.019005
44 8.364218e-06 -11.691548
45 4.161292e-06 -12.389685
