1 1.000000e+00 0.000000
2 1.000000e+00 0.000000
3 1.000000e+00 0.000000
4 1.000000e+00 0.000000
5 1.000000e+00 0.000000
6 1.000000e+00 0.000000
7 1.000000e+00 0.000000
8 9.990000e-01 -0.001001
9 9.967800e-01 -0.003225
10 9.909987e-01 -0.009042
11 9.771247e-01 -0.023141
12 9.596993e-01 -0.041135
13 9.317942e-01 -0.070643
14 8.946555e-01 -0.111316
15 8.393062e-01 -0.175180
16 7.724764e-01 -0.258154
17 6.984096e-01 -0.358950
18 6.204981e-01 -0.477233
19 5.412050e-01 -0.613957
20 4.646786e-01 -0.766409
21 3.903743e-01 -0.940649
22 3.217394e-01 -1.134013
23 2.626512e-01 -1.336928
24 2.081511e-01 -1.569491
25 1.593605e-01 -1.836586
26 1.174119e-01 -2.142067
27 8.536280e-02 -2.460845
28 6.027224e-02 -2.808884
29 4.083964e-02 -3.198102
30 2.658116e-02 -3.627553
31 1.713027e-02 -4.066908
32 1.064860e-02 -4.542326
33 6.510492e-03 -5.034340
34 3.829701e-03 -5.564968
35 2.164547e-03 -6.135544
36 1.197355e-03 -6.727640
37 6.406822e-04 -7.352977
38 3.334582e-04 -8.005993
39 1.691574e-04 -8.684681
40 8.365678e-05 -9.388788
41 4.101222e-05 -10.101640
42 1.975617e-05 -10.832044
43 9.212809e-06 -11.594916
44 4.227005e-06 -12.374017
45 1.911733e-06 -13.167500
