1 1.000000e+00 0.000000
2 1.000000e+00 0.000000
3 1.000000e+00 0.000000
4 1.000000e+00 0.000000
5 1.000000e+00 0.000000
6 1.000000e+00 0.000000
7 9.997143e-01 -0.000286
8 9.994644e-01 -0.000536
9 9.983538e-01 -0.001648
10 9.923637e-01 -0.007666
11 9.799141e-01 -0.020290
12 9.599891e-01 -0.040833
13 9.295649e-01 -0.073039
14 8.889296e-01 -0.117737
15 8.297862e-01 -0.186587
16 7.641293e-01 -0.269018
17 6.967961e-01 -0.361263
18 6.223163e-01 -0.474307
19 5.469178e-01 -0.603457
20 4.651536e-01 -0.765388
21 3.892671e-01 -0.943490
22 3.154833e-01 -1.153650
23 2.515636e-01 -1.380059
24 1.952134e-01 -1.633662
25 1.502206e-01 -1.895650
26 1.091295e-01 -2.215220
27 7.621280e-02 -2.574226
28 5.196624e-02 -2.957161
29 3.434789e-02 -3.371215
30 2.222309e-02 -3.806624
31 1.428013e-02 -4.248887
32 8.953638e-03 -4.715695
33 5.383036e-03 -5.224503
34 3.204173e-03 -5.743301
35 1.898152e-03 -6.266874
36 1.093019e-03 -6.818811
37 6.106728e-04 -7.400949
38 3.328488e-04 -8.007822
39 1.829132e-04 -8.606499
40 9.666050e-05 -9.244306
41 5.069254e-05 -9.889732
42 2.581698e-05 -10.564478
43 1.317747e-05 -11.237002
44 6.639049e-06 -11.922542
45 3.220971e-06 -12.645828
