1 1.000000e+00 0.000000
2 1.000000e+00 0.000000
3 1.000000e+00 0.000000
4 1.000000e+00 0.000000
5 1.000000e+00 0.000000
6 1.000000e+00 0.000000
7 1.000000e+00 0.000000
8 9.992500e-01 -0.000750
9 9.968074e-01 -0.003198
10 9.910259e-01 -0.009015
11 9.814760e-01 -0.018698
12 9.659360e-01 -0.034658
13 9.356205e-01 -0.066545
14 8.963244e-01 -0.109453
15 8.399157e-01 -0.174454
16 7.758721e-01 -0.253768
17 7.094210e-01 -0.343306
18 6.334341e-01 -0.456599
19 5.529546e-01 -0.592479
20 4.723891e-01 -0.749952
21 3.917231e-01 -0.937200
22 3.196104e-01 -1.140652
23 2.554938e-01 -1.364557
24 1.989232e-01 -1.614836
25 1.509111e-01 -1.891064
26 1.105018e-01 -2.202724
27 7.916018e-02 -2.536282
28 5.622069e-02 -2.878470
29 3.903655e-02 -3.243257
30 2.618311e-02 -3.642641
31 1.743795e-02 -4.049106
32 1.130851e-02 -4.482200
33 7.275143e-03 -4.923292
34 4.587620e-03 -5.384394
35 2.843538e-03 -5.862706
36 1.704543e-03 -6.374458
37 9.892798e-04 -6.918533
38 5.667011e-04 -7.475678
39 3.203169e-04 -8.046200
40 1.780161e-04 -8.633636
41 9.635449e-05 -9.247477
42 5.007680e-05 -9.901953
43 2.477288e-05 -10.605761
44 1.206327e-05 -11.325346
45 5.634349e-06 -12.086629
