1 1.000000e+00 0.000000
2 1.000000e+00 0.000000
3 1.000000e+00 0.000000
4 1.000000e+00 0.000000
5 1.000000e+00 0.000000
6 1.000000e+00 0.000000
7 9.994286e-01 -0.000572
8 9.979294e-01 -0.002073
9 9.959336e-01 -0.004075
10 9.889620e-01 -0.011099
11 9.747569e-01 -0.025567
12 9.518502e-01 -0.049348
13 9.212445e-01 -0.082030
14 8.808414e-01 -0.126878
15 8.214139e-01 -0.196728
16 7.530312e-01 -0.283649
17 6.871188e-01 -0.375248
18 6.145133e-01 -0.486925
19 5.352087e-01 -0.625098
20 4.572823e-01 -0.782454
21 3.830719e-01 -0.959532
22 3.135270e-01 -1.159870
23 2.503308e-01 -1.384972
24 1.946740e-01 -1.636429
25 1.476407e-01 -1.912973
26 1.085614e-01 -2.220440
27 7.752889e-02 -2.557105
28 5.410409e-02 -2.916845
29 3.698481e-02 -3.297248
30 2.502639e-02 -3.687824
31 1.695659e-02 -4.077099
32 1.127401e-02 -4.485255
33 7.203069e-03 -4.933248
34 4.479885e-03 -5.408158
35 2.735034e-03 -5.901611
36 1.611239e-03 -6.430752
37 9.230222e-04 -6.987857
38 5.266084e-04 -7.549053
39 3.027863e-04 -8.102483
40 1.692121e-04 -8.684357
41 9.596392e-05 -9.251538
42 5.264764e-05 -9.851889
43 2.769021e-05 -10.494432
44 1.416606e-05 -11.164662
45 7.077993e-06 -11.858520
