1 1.000000e+00 0.000000
2 1.000000e+00 0.000000
3 1.000000e+00 0.000000
4 1.000000e+00 0.000000
5 1.000000e+00 0.000000
6 1.000000e+00 0.000000
7 9.994286e-01 -0.000572
8 9.986790e-01 -0.001322
9 9.971255e-01 -0.002879
10 9.921399e-01 -0.007891
11 9.804146e-01 -0.019780
12 9.604795e-01 -0.040323
13 9.306307e-01 -0.071893
14 8.900818e-01 -0.116442
15 8.411867e-01 -0.172942
16 7.773616e-01 -0.251850
17 7.095025e-01 -0.343191
18 6.298806e-01 -0.462225
19 5.471342e-01 -0.603061
20 4.615624e-01 -0.773138
21 3.822616e-01 -0.961650
22 3.115779e-01 -1.166106
23 2.445480e-01 -1.408344
24 1.861011e-01 -1.681465
25 1.389952e-01 -1.973316
26 1.021721e-01 -2.281096
27 7.256492e-02 -2.623274
28 5.061921e-02 -2.983424
29 3.429539e-02 -3.372744
30 2.240861e-02 -3.798310
31 1.453813e-02 -4.230981
32 9.248066e-03 -4.683341
33 5.727635e-03 -5.162453
34 3.434897e-03 -5.673768
35 1.981641e-03 -6.223830
36 1.115554e-03 -6.798404
37 6.180168e-04 -7.388995
38 3.347699e-04 -8.002067
39 1.749731e-04 -8.650878
40 9.003240e-05 -9.315341
41 4.470438e-05 -10.015439
42 2.157944e-05 -10.743769
43 1.017145e-05 -11.495926
44 4.742205e-06 -12.259008
45 2.188159e-06 -13.032450
