1 1.000000e+00 0.000000
2 1.000000e+00 0.000000
3 1.000000e+00 0.000000
4 1.000000e+00 0.000000
5 1.000000e+00 0.000000
6 1.000000e+00 0.000000
7 1.000000e+00 0.000000
8 9.995000e-01 -0.000500
9 9.968347e-01 -0.003170
10 9.904549e-01 -0.009591
11 9.776691e-01 -0.022584
12 9.589304e-01 -0.041937
13 9.275070e-01 -0.075255
14 8.856367e-01 -0.121448
15 8.376942e-01 -0.177102
16 7.802074e-01 -0.248195
17 7.140275e-01 -0.336834
18 6.401653e-01 -0.446029
19 5.570786e-01 -0.585049
20 4.768036e-01 -0.740651
21 4.028309e-01 -0.909238
22 3.318594e-01 -1.103044
23 2.656607e-01 -1.325535
24 2.087872e-01 -1.566440
25 1.609331e-01 -1.826766
26 1.213064e-01 -2.109435
27 8.852675e-02 -2.424451
28 6.267694e-02 -2.769762
29 4.349780e-02 -3.135045
30 3.014397e-02 -3.501770
31 2.047262e-02 -3.888667
32 1.362325e-02 -4.295977
33 8.940154e-03 -4.717202
34 5.659117e-03 -5.174487
35 3.517384e-03 -5.650038
36 2.134075e-03 -6.149722
37 1.276984e-03 -6.663254
38 7.395756e-04 -7.209434
39 4.112419e-04 -7.796329
40 2.263887e-04 -8.393257
41 1.216425e-04 -9.014424
42 6.429096e-05 -9.652092
43 3.225911e-05 -10.341710
44 1.617061e-05 -11.032315
45 7.841669e-06 -11.756059
