1 1.000000e+00 0.000000
2 1.000000e+00 0.000000
3 1.000000e+00 0.000000
4 1.000000e+00 0.000000
5 1.000000e+00 0.000000
6 1.000000e+00 0.000000
7 1.000000e+00 0.000000
8 9.987500e-01 -0.001251
9 9.956428e-01 -0.004367
10 9.892707e-01 -0.010787
11 9.777592e-01 -0.022492
12 9.538041e-01 -0.047297
13 9.194671e-01 -0.083961
14 8.736251e-01 -0.135104
15 8.200428e-01 -0.198399
16 7.600771e-01 -0.274335
17 6.885405e-01 -0.373181
18 6.202219e-01 -0.477678
19 5.454036e-01 -0.606229
20 4.723741e-01 -0.749984
21 3.987737e-01 -0.919361
22 3.313084e-01 -1.104706
23 2.715865e-01 -1.303475
24 2.181745e-01 -1.522460
25 1.698619e-01 -1.772769
26 1.290297e-01 -2.047712
27 9.595033e-02 -2.343925
28 6.992723e-02 -2.660300
29 4.948436e-02 -3.006099
30 3.434875e-02 -3.371190
31 2.319759e-02 -3.763707
32 1.520022e-02 -4.186445
33 9.792628e-03 -4.626125
34 6.184909e-03 -5.085643
35 3.867512e-03 -5.555144
36 2.368206e-03 -6.045622
37 1.436669e-03 -6.545428
38 8.483153e-04 -7.072258
39 4.834092e-04 -7.634647
40 2.705400e-04 -8.215091
41 1.492061e-04 -8.810182
42 8.173652e-05 -9.412010
43 4.426698e-05 -10.025272
44 2.362448e-05 -10.653227
45 1.220178e-05 -11.313929
