1 1.000000e+00 0.000000
2 1.000000e+00 0.000000
3 1.000000e+00 0.000000
4 1.000000e+00 0.000000
5 1.000000e+00 0.000000
6 1.000000e+00 0.000000
7 9.997143e-01 -0.000286
8 9.987146e-01 -0.001286
9 9.942758e-01 -0.005741
10 9.855262e-01 -0.014580
11 9.742375e-01 -0.026100
12 9.528042e-01 -0.048346
13 9.170374e-01 -0.086607
14 8.730196e-01 -0.135797
15 8.185432e-01 -0.200229
16 7.551061e-01 -0.280897
17 6.779076e-01 -0.388744
18 5.938471e-01 -0.521133
19 5.122712e-01 -0.668901
20 4.334839e-01 -0.835901
21 3.579751e-01 -1.027292
22 2.915545e-01 -1.232528
23 2.314436e-01 -1.463419
24 1.807574e-01 -1.710599
25 1.369274e-01 -1.988305
26 1.023479e-01 -2.279377
27 7.425911e-02 -2.600195
28 5.240041e-02 -2.948841
29 3.610208e-02 -3.321405
30 2.388995e-02 -3.734297
31 1.551922e-02 -4.165676
32 9.780017e-03 -4.627414
33 5.877494e-03 -5.136625
34 3.442829e-03 -5.671462
35 1.957691e-03 -6.235990
36 1.096524e-03 -6.815610
37 5.995321e-04 -7.419361
38 3.205288e-04 -8.045538
39 1.678585e-04 -8.692389
40 8.587639e-05 -9.362602
41 4.406925e-05 -10.029748
42 2.237669e-05 -10.707491
43 1.104367e-05 -11.413653
44 5.386803e-06 -12.131558
45 2.595721e-06 -12.861646
