1 1.000000e+00 0.000000
2 1.000000e+00 0.000000
3 1.000000e+00 0.000000
4 1.000000e+00 0.000000
5 1.000000e+00 0.000000
6 1.000000e+00 0.000000
7 1.000000e+00 0.000000
8 9.990000e-01 -0.001001
9 9.952260e-01 -0.004785
10 9.884585e-01 -0.011609
11 9.764172e-01 -0.023865
12 9.559125e-01 -0.045089
13 9.264998e-01 -0.076341
14 8.859985e-01 -0.121040
15 8.409898e-01 -0.173176
16 7.819103e-01 -0.246015
17 7.078588e-01 -0.345511
18 6.251179e-01 -0.469815
19 5.399703e-01 -0.616241
20 4.612966e-01 -0.773714
21 3.829641e-01 -0.959814
22 3.164328e-01 -1.150645
23 2.544945e-01 -1.368476
24 1.980391e-01 -1.619291
25 1.516346e-01 -1.886282
26 1.128395e-01 -2.181789
27 8.204683e-02 -2.500465
28 5.738004e-02 -2.858059
29 3.901843e-02 -3.243721
30 2.579118e-02 -3.657723
31 1.682250e-02 -4.085038
32 1.068544e-02 -4.538873
33 6.589358e-03 -5.022299
34 3.955553e-03 -5.532635
35 2.310947e-03 -6.070098
36 1.349721e-03 -6.607857
37 7.758344e-04 -7.161571
38 4.378156e-04 -7.733713
39 2.436275e-04 -8.319870
40 1.337150e-04 -8.919800
41 7.264963e-05 -9.529862
42 3.840398e-05 -10.167349
43 1.931631e-05 -10.854561
44 9.412310e-06 -11.573492
45 4.523347e-06 -12.306258
