1 1.000000e+00 0.000000
2 1.000000e+00 0.000000
3 1.000000e+00 0.000000
4 1.000000e+00 0.000000
5 1.000000e+00 0.000000
6 1.000000e+00 0.000000
7 9.994286e-01 -0.000572
8 9.971799e-01 -0.002824
9 9.918616e-01 -0.008172
10 9.857120e-01 -0.014391
11 9.746004e-01 -0.025728
12 9.560830e-01 -0.044911
13 9.222523e-01 -0.080936
14 8.781160e-01 -0.129977
15 8.262486e-01 -0.190860
16 7.657259e-01 -0.266931
17 6.953692e-01 -0.363312
18 6.201148e-01 -0.477851
19 5.361055e-01 -0.623424
20 4.555289e-01 -0.786296
21 3.776551e-01 -0.973774
22 3.024674e-01 -1.195782
23 2.410797e-01 -1.422628
24 1.874997e-01 -1.673978
25 1.412998e-01 -1.956871
26 1.046814e-01 -2.256834
27 7.485109e-02 -2.592255
28 5.179695e-02 -2.960424
29 3.512905e-02 -3.348727
30 2.356691e-02 -3.747912
31 1.558609e-02 -4.161376
32 1.026831e-02 -4.578693
33 6.534379e-03 -5.030678
34 4.058618e-03 -5.506913
35 2.458363e-03 -6.008260
36 1.461087e-03 -6.528575
37 8.409544e-04 -7.080973
38 4.769539e-04 -7.648091
39 2.555250e-04 -8.272190
40 1.329113e-04 -8.925828
41 6.780423e-05 -9.598886
42 3.482877e-05 -10.265067
43 1.732691e-05 -10.963250
44 8.476796e-06 -11.678178
45 4.079411e-06 -12.409558
