1 1.000000e+00 0.000000
2 1.000000e+00 0.000000
3 1.000000e+00 0.000000
4 1.000000e+00 0.000000
5 1.000000e+00 0.000000
6 1.000000e+00 0.000000
7 9.994286e-01 -0.000572
8 9.971799e-01 -0.002824
9 9.923048e-01 -0.007725
10 9.865494e-01 -0.013542
11 9.745314e-01 -0.025799
12 9.568274e-01 -0.044132
13 9.262090e-01 -0.076655
14 8.804278e-01 -0.127347
15 8.243152e-01 -0.193202
16 7.583700e-01 -0.276584
17 6.851203e-01 -0.378161
18 6.077779e-01 -0.497946
19 5.311339e-01 -0.632741
20 4.591652e-01 -0.778345
21 3.846493e-01 -0.955423
22 3.156922e-01 -1.152988
23 2.503851e-01 -1.384755
24 1.946535e-01 -1.636534
25 1.481858e-01 -1.909288
26 1.095777e-01 -2.211121
27 7.786512e-02 -2.552777
28 5.260901e-02 -2.944868
29 3.450425e-02 -3.366673
30 2.215863e-02 -3.809528
31 1.403571e-02 -4.266151
32 8.805651e-03 -4.732362
33 5.390660e-03 -5.223088
34 3.187148e-03 -5.748629
35 1.841443e-03 -6.297206
36 1.048497e-03 -6.860397
37 5.835312e-04 -7.446413
38 3.167960e-04 -8.057252
39 1.684868e-04 -8.688653
40 8.866616e-05 -9.330632
41 4.628373e-05 -9.980720
42 2.406534e-05 -10.634738
43 1.220057e-05 -11.314028
44 6.111929e-06 -12.005268
45 3.002723e-06 -12.715991
