1 1.000000e+00 0.000000
2 1.000000e+00 0.000000
3 1.000000e+00 0.000000
4 1.000000e+00 0.000000
5 1.000000e+00 0.000000
6 1.000000e+00 0.000000
7 1.000000e+00 0.000000
8 9.995000e-01 -0.000500
9 9.957241e-01 -0.004285
10 9.903472e-01 -0.009700
11 9.772026e-01 -0.023061
12 9.558670e-01 -0.045136
13 9.271910e-01 -0.075596
14 8.924876e-01 -0.113743
15 8.469112e-01 -0.166159
16 7.903799e-01 -0.235242
17 7.190597e-01 -0.329811
18 6.402827e-01 -0.445845
19 5.539457e-01 -0.590689
20 4.722941e-01 -0.750153
21 3.900699e-01 -0.941429
22 3.183325e-01 -1.144659
23 2.556072e-01 -1.364114
24 1.987133e-01 -1.615892
25 1.509426e-01 -1.890856
26 1.112331e-01 -2.196127
27 7.918972e-02 -2.535909
28 5.460131e-02 -2.907697
29 3.655652e-02 -3.308896
30 2.442707e-02 -3.712064
31 1.603519e-02 -4.132970
32 1.030561e-02 -4.575066
33 6.414464e-03 -5.049200
34 3.936217e-03 -5.537535
35 2.373201e-03 -6.043515
36 1.415087e-03 -6.560564
37 8.295471e-04 -7.094631
38 4.722743e-04 -7.657951
39 2.646189e-04 -8.237220
40 1.434631e-04 -8.849432
41 7.690324e-05 -9.472963
42 3.981757e-05 -10.131202
43 2.016251e-05 -10.811686
44 1.019948e-05 -11.493174
45 5.105179e-06 -12.185255
