1 1.000000e+00 0.000000
2 1.000000e+00 0.000000
3 1.000000e+00 0.000000
4 1.000000e+00 0.000000
5 1.000000e+00 0.000000
6 1.000000e+00 0.000000
7 1.000000e+00 0.000000
8 9.997500e-01 -0.000250
9 9.984170e-01 -0.001584
10 9.924265e-01 -0.007602
11 9.805174e-01 -0.019675
12 9.604168e-01 -0.040388
13 9.327863e-01 -0.069579
14 8.909442e-01 -0.115473
15 8.315479e-01 -0.184466
16 7.677266e-01 -0.264322
17 6.921281e-01 -0.367984
18 6.119182e-01 -0.491157
19 5.226425e-01 -0.648858
20 4.429918e-01 -0.814204
21 3.677254e-01 -1.000419
22 3.017020e-01 -1.198316
23 2.398924e-01 -1.427565
24 1.861165e-01 -1.681382
25 1.417612e-01 -1.953611
26 1.062119e-01 -2.242319
27 7.655123e-02 -2.569795
28 5.307734e-02 -2.936005
29 3.659042e-02 -3.307969
30 2.406674e-02 -3.726924
31 1.551917e-02 -4.165680
32 9.957485e-03 -4.609431
33 6.102429e-03 -5.099068
34 3.658586e-03 -5.610679
35 2.113826e-03 -6.159256
36 1.230130e-03 -6.700636
37 6.942585e-04 -7.272666
38 3.775305e-04 -7.881859
39 1.989876e-04 -8.522268
40 1.030457e-04 -9.180338
41 5.268401e-05 -9.851199
42 2.615134e-05 -10.551610
43 1.262319e-05 -11.279975
44 5.921424e-06 -12.036934
45 2.719908e-06 -12.814913
