1 1.000000e+00 0.000000
2 1.000000e+00 0.000000
3 1.000000e+00 0.000000
4 1.000000e+00 0.000000
5 1.000000e+00 0.000000
6 1.000000e+00 0.000000
7 1.000000e+00 0.000000
8 9.987500e-01 -0.001251
9 9.943111e-01 -0.005705
10 9.879475e-01 -0.012126
11 9.751940e-01 -0.025119
12 9.579656e-01 -0.042943
13 9.337954e-01 -0.068498
14 8.939090e-01 -0.112151
15 8.470681e-01 -0.165974
16 7.907381e-01 -0.234788
17 7.185484e-01 -0.330522
18 6.397476e-01 -0.446682
19 5.598801e-01 -0.580033
20 4.824487e-01 -0.728881
21 4.039704e-01 -0.906414
22 3.298235e-01 -1.109198
23 2.653215e-01 -1.326813
24 2.085427e-01 -1.567612
25 1.587760e-01 -1.840261
26 1.179584e-01 -2.137423
27 8.627564e-02 -2.450208
28 6.104002e-02 -2.796226
29 4.222706e-02 -3.164694
30 2.800499e-02 -3.575373
31 1.799546e-02 -4.017636
32 1.148448e-02 -4.466759
33 7.144042e-03 -4.941477
34 4.446956e-03 -5.415535
35 2.695872e-03 -5.916034
36 1.593710e-03 -6.441691
37 9.397718e-04 -6.969873
38 5.473429e-04 -7.510435
39 3.097399e-04 -8.079778
40 1.729433e-04 -8.662547
41 9.423300e-05 -9.269740
42 4.916719e-05 -9.920284
43 2.505697e-05 -10.594358
44 1.224261e-05 -11.310588
45 5.917805e-06 -12.037545
