1 1.000000e+00 0.000000
2 1.000000e+00 0.000000
3 1.000000e+00 0.000000
4 1.000000e+00 0.000000
5 1.000000e+00 0.000000
6 1.000000e+00 0.000000
7 9.997143e-01 -0.000286
8 9.982147e-01 -0.001787
9 9.946655e-01 -0.005349
10 9.871060e-01 -0.012978
11 9.741839e-01 -0.026155
12 9.527519e-01 -0.048401
13 9.265146e-01 -0.076326
14 8.893216e-01 -0.117296
15 8.444998e-01 -0.169011
16 7.916130e-01 -0.233683
17 7.264214e-01 -0.319625
18 6.520842e-01 -0.427582
19 5.695784e-01 -0.562859
20 4.846543e-01 -0.724319
21 4.048017e-01 -0.904358
22 3.316430e-01 -1.103696
23 2.685155e-01 -1.314847
24 2.127090e-01 -1.547830
25 1.664916e-01 -1.792810
26 1.262647e-01 -2.069375
27 9.187391e-02 -2.387338
28 6.509267e-02 -2.731943
29 4.508004e-02 -3.099316
30 3.051919e-02 -3.489400
31 2.014463e-02 -3.904817
32 1.280443e-02 -4.357964
33 7.837088e-03 -4.848888
34 4.672288e-03 -5.366106
35 2.681359e-03 -5.921431
36 1.514521e-03 -6.492656
37 8.257005e-04 -7.099278
38 4.411848e-04 -7.726047
39 2.302758e-04 -8.376233
40 1.171298e-04 -9.052228
41 5.829636e-05 -9.749971
42 2.885670e-05 -10.453168
43 1.378545e-05 -11.191897
44 6.412114e-06 -11.957322
45 2.936748e-06 -12.738208
