1 1.000000e+00 0.000000
2 1.000000e+00 0.000000
3 1.000000e+00 0.000000
4 1.000000e+00 0.000000
5 1.000000e+00 0.000000
6 1.000000e+00 0.000000
7 1.000000e+00 0.000000
8 9.997500e-01 -0.000250
9 9.979727e-01 -0.002029
10 9.909869e-01 -0.009054
11 9.808968e-01 -0.019288
12 9.602980e-01 -0.040512
13 9.285343e-01 -0.074148
14 8.928520e-01 -0.113334
15 8.455904e-01 -0.167720
16 7.910498e-01 -0.234394
17 7.322329e-01 -0.311657
18 6.678778e-01 -0.403650
19 5.960985e-01 -0.517349
20 5.197979e-01 -0.654315
21 4.405411e-01 -0.819752
22 3.639670e-01 -1.010692
23 2.924396e-01 -1.229497
24 2.272499e-01 -1.481705
25 1.729281e-01 -1.754879
26 1.288714e-01 -2.048941
27 9.419064e-02 -2.362434
28 6.728576e-02 -2.698807
29 4.696546e-02 -3.058343
30 3.187702e-02 -3.445870
31 2.076737e-02 -3.874372
32 1.325218e-02 -4.323594
33 8.311122e-03 -4.790161
34 5.092762e-03 -5.279935
35 3.030921e-03 -5.798889
36 1.786560e-03 -6.327464
37 1.026258e-03 -6.881836
38 5.780532e-04 -7.455845
39 3.141052e-04 -8.065783
40 1.693498e-04 -8.683544
41 8.887148e-05 -9.328319
42 4.567148e-05 -9.994037
43 2.347514e-05 -10.659569
44 1.186348e-05 -11.342046
45 5.959686e-06 -12.030493
