1 1.000000e+00 0.000000
2 1.000000e+00 0.000000
3 1.000000e+00 0.000000
4 1.000000e+00 0.000000
5 1.000000e+00 0.000000
6 1.000000e+00 0.000000
7 1.000000e+00 0.000000
8 9.990000e-01 -0.001001
9 9.945600e-01 -0.005455
10 9.868024e-01 -0.013285
11 9.751402e-01 -0.025174
12 9.551498e-01 -0.045887
13 9.259076e-01 -0.076981
14 8.905908e-01 -0.115870
15 8.476050e-01 -0.165341
16 7.882726e-01 -0.237911
17 7.190901e-01 -0.329769
18 6.475806e-01 -0.434512
19 5.746426e-01 -0.554007
20 4.984450e-01 -0.696262
21 4.219693e-01 -0.862823
22 3.491604e-01 -1.052224
23 2.791158e-01 -1.276129
24 2.195711e-01 -1.516079
25 1.690697e-01 -1.777444
26 1.253977e-01 -2.076265
27 8.953397e-02 -2.413137
28 6.198309e-02 -2.780894
29 4.203308e-02 -3.169298
30 2.746722e-02 -3.594762
31 1.787318e-02 -4.024454
32 1.131261e-02 -4.481837
33 6.932230e-03 -4.971574
34 4.178096e-03 -5.477900
35 2.491816e-03 -5.994743
36 1.436670e-03 -6.545427
37 8.335795e-04 -7.089781
38 4.776849e-04 -7.646559
39 2.700512e-04 -8.216899
40 1.550364e-04 -8.771851
41 8.924047e-05 -9.324176
42 5.184021e-05 -9.867344
43 2.988890e-05 -10.418024
44 1.710052e-05 -10.976401
45 9.577054e-06 -11.556141
