1 1.000000e+00 0.000000
2 1.000000e+00 0.000000
3 1.000000e+00 0.000000
4 1.000000e+00 0.000000
5 1.000000e+00 0.000000
6 1.000000e+00 0.000000
7 1.000000e+00 0.000000
8 9.997500e-01 -0.000250
9 9.986392e-01 -0.001362
10 9.940454e-01 -0.005972
11 9.828398e-01 -0.017309
12 9.623640e-01 -0.038363
13 9.308281e-01 -0.071681
14 8.929301e-01 -0.113247
15 8.460215e-01 -0.167211
16 7.902898e-01 -0.235356
17 7.245563e-01 -0.322196
18 6.534693e-01 -0.425460
19 5.732645e-01 -0.556408
20 4.923196e-01 -0.708627
21 4.095630e-01 -0.892665
22 3.321184e-01 -1.102264
23 2.642507e-01 -1.330857
24 2.061155e-01 -1.579318
25 1.570930e-01 -1.850917
26 1.168410e-01 -2.146942
27 8.408221e-02 -2.475960
28 5.992659e-02 -2.814635
29 4.187422e-02 -3.173085
30 2.892113e-02 -3.543183
31 1.947418e-02 -3.938666
32 1.285661e-02 -4.353897
33 8.315501e-03 -4.789634
34 5.320942e-03 -5.236105
35 3.334863e-03 -5.703324
36 2.054090e-03 -6.187922
37 1.232787e-03 -6.698478
38 7.330542e-04 -7.218291
39 4.296825e-04 -7.752464
40 2.518154e-04 -8.286814
41 1.448492e-04 -8.839818
42 8.024643e-05 -9.430408
43 4.408328e-05 -10.029430
44 2.353446e-05 -10.657045
45 1.233415e-05 -11.303139
