1 1.000000e+00 0.000000
2 1.000000e+00 0.000000
3 1.000000e+00 0.000000
4 1.000000e+00 0.000000
5 1.000000e+00 0.000000
6 1.000000e+00 0.000000
7 9.997143e-01 -0.000286
8 9.992144e-01 -0.000786
9 9.969940e-01 -0.003011
10 9.912114e-01 -0.008827
11 9.778751e-01 -0.022373
12 9.604363e-01 -0.040368
13 9.344307e-01 -0.067818
14 8.990558e-01 -0.106410
15 8.555415e-01 -0.156021
16 7.974716e-01 -0.226309
17 7.287952e-01 -0.316362
18 6.559157e-01 -0.421723
19 5.785176e-01 -0.547286
20 4.971781e-01 -0.698807
21 4.115214e-01 -0.887894
22 3.331453e-01 -1.099177
23 2.659368e-01 -1.324496
24 2.054584e-01 -1.582512
25 1.572989e-01 -1.849607
26 1.161834e-01 -2.152585
27 8.433194e-02 -2.472995
28 6.086357e-02 -2.799121
29 4.401905e-02 -3.123133
30 3.061085e-02 -3.486401
31 2.064159e-02 -3.880448
32 1.366473e-02 -4.292937
33 8.908575e-03 -4.720741
34 5.762276e-03 -5.156423
35 3.632210e-03 -5.617914
36 2.252777e-03 -6.095592
37 1.393069e-03 -6.576246
38 8.581303e-04 -7.060755
39 5.110056e-04 -7.579130
40 2.990916e-04 -8.114761
41 1.734731e-04 -8.659488
42 9.911923e-05 -9.219187
43 5.416981e-05 -9.823387
44 2.977370e-05 -10.421885
45 1.593621e-05 -11.046917
