1 1.000000e+00 0.000000
2 1.000000e+00 0.000000
3 1.000000e+00 0.000000
4 1.000000e+00 0.000000
5 1.000000e+00 0.000000
6 1.000000e+00 0.000000
7 1.000000e+00 0.000000
8 9.995000e-01 -0.000500
9 9.979452e-01 -0.002057
10 9.917580e-01 -0.008276
11 9.796765e-01 -0.020533
12 9.579604e-01 -0.042949
13 9.271583e-01 -0.075631
14 8.849063e-01 -0.122273
15 8.273284e-01 -0.189554
16 7.614524e-01 -0.272528
17 6.911300e-01 -0.369427
18 6.185614e-01 -0.480359
19 5.422504e-01 -0.612027
20 4.634072e-01 -0.769149
21 3.888649e-01 -0.944523
22 3.149805e-01 -1.155244
23 2.453561e-01 -1.405044
24 1.856119e-01 -1.684097
25 1.387486e-01 -1.975091
26 1.012865e-01 -2.289802
27 7.109562e-02 -2.643730
28 4.844151e-02 -3.027398
29 3.183108e-02 -3.447312
30 2.059471e-02 -3.882721
31 1.251893e-02 -4.380514
32 7.510573e-03 -4.891443
33 4.414396e-03 -5.422884
34 2.547886e-03 -5.972491
35 1.479230e-03 -6.516234
36 8.517897e-04 -7.068171
37 4.670570e-04 -7.669059
38 2.495314e-04 -8.295926
39 1.296539e-04 -8.950642
40 6.683660e-05 -9.613260
41 3.371499e-05 -10.297568
42 1.661025e-05 -11.005490
43 8.197739e-06 -11.711652
44 3.927462e-06 -12.447517
45 1.871567e-06 -13.188735
