1 1.000000e+00 0.000000
2 1.000000e+00 0.000000
3 1.000000e+00 0.000000
4 1.000000e+00 0.000000
5 1.000000e+00 0.000000
6 1.000000e+00 0.000000
7 1.000000e+00 0.000000
8 9.995000e-01 -0.000500
9 9.979452e-01 -0.002057
10 9.937539e-01 -0.006266
11 9.827322e-01 -0.017419
12 9.632414e-01 -0.037451
13 9.318249e-01 -0.070610
14 8.901590e-01 -0.116355
15 8.429212e-01 -0.170882
16 7.847597e-01 -0.242378
17 7.213326e-01 -0.326655
18 6.548097e-01 -0.423411
19 5.853310e-01 -0.535578
20 5.097062e-01 -0.673921
21 4.354347e-01 -0.831410
22 3.630338e-01 -1.013259
23 2.976877e-01 -1.211710
24 2.395394e-01 -1.429037
25 1.883354e-01 -1.669531
26 1.462063e-01 -1.922737
27 1.119723e-01 -2.189503
28 8.444313e-02 -2.471677
29 6.180655e-02 -2.783746
30 4.411340e-02 -3.120992
31 3.102452e-02 -3.472977
32 2.138365e-02 -3.845129
33 1.453311e-02 -4.231326
34 9.483281e-03 -4.658225
35 6.048165e-03 -5.108000
36 3.890314e-03 -5.549265
37 2.457838e-03 -6.008473
38 1.501221e-03 -6.501476
39 8.973454e-04 -7.016070
40 5.210436e-04 -7.559677
41 2.975286e-04 -8.120000
42 1.708664e-04 -8.674628
43 9.655145e-05 -9.245434
44 5.373088e-05 -9.831523
45 2.962363e-05 -10.426938
