1 1.000000e+00 0.000000
2 1.000000e+00 0.000000
3 1.000000e+00 0.000000
4 1.000000e+00 0.000000
5 1.000000e+00 0.000000
6 1.000000e+00 0.000000
7 1.000000e+00 0.000000
8 9.995000e-01 -0.000500
9 9.963904e-01 -0.003616
10 9.882200e-01 -0.011850
11 9.709711e-01 -0.029459
12 9.444312e-01 -0.057172
13 9.150812e-01 -0.088742
14 8.745562e-01 -0.134039
15 8.219662e-01 -0.196056
16 7.581611e-01 -0.276859
17 6.921565e-01 -0.367943
18 6.189417e-01 -0.479744
19 5.398475e-01 -0.616469
20 4.637830e-01 -0.768339
21 3.921837e-01 -0.936025
22 3.225889e-01 -1.131376
23 2.560515e-01 -1.362377
24 2.002109e-01 -1.608384
25 1.548031e-01 -1.865602
26 1.164000e-01 -2.150723
27 8.561866e-02 -2.457852
28 6.115619e-02 -2.794324
29 4.252675e-02 -3.157622
30 2.919320e-02 -3.533820
31 1.977415e-02 -3.923380
32 1.311521e-02 -4.333983
33 8.619473e-03 -4.753731
34 5.538772e-03 -5.195983
35 3.466322e-03 -5.664661
36 2.147386e-03 -6.143504
37 1.303405e-03 -6.642775
38 7.765552e-04 -7.160643
39 4.490082e-04 -7.708469
40 2.551938e-04 -8.273487
41 1.425973e-04 -8.855486
42 7.815691e-05 -9.456792
43 4.193936e-05 -10.079286
44 2.168837e-05 -10.738734
45 1.119698e-05 -11.399866
