1 1.000000e+00 0.000000
2 1.000000e+00 0.000000
3 1.000000e+00 0.000000
4 1.000000e+00 0.000000
5 1.000000e+00 0.000000
6 1.000000e+00 0.000000
7 9.997143e-01 -0.000286
8 9.989645e-01 -0.001036
9 9.954126e-01 -0.004598
10 9.884447e-01 -0.011623
11 9.717310e-01 -0.028676
12 9.511627e-01 -0.050070
13 9.208719e-01 -0.082434
14 8.802219e-01 -0.127581
15 8.302253e-01 -0.186058
16 7.742889e-01 -0.255810
17 7.077911e-01 -0.345606
18 6.426744e-01 -0.442117
19 5.660270e-01 -0.569114
20 4.938585e-01 -0.705506
21 4.231662e-01 -0.859990
22 3.558443e-01 -1.033262
23 2.922255e-01 -1.230229
24 2.367270e-01 -1.440848
25 1.849312e-01 -1.687772
26 1.408749e-01 -1.959883
27 1.066788e-01 -2.237933
28 7.886611e-02 -2.540004
29 5.689782e-02 -2.866498
30 4.034435e-02 -3.210304
31 2.814474e-02 -3.570395
32 1.909093e-02 -3.958542
33 1.284183e-02 -4.355047
34 8.524710e-03 -4.764786
35 5.580031e-03 -5.188561
36 3.604700e-03 -5.625517
37 2.245241e-03 -6.098942
38 1.342300e-03 -6.613371
39 7.827328e-04 -7.152719
40 4.539850e-04 -7.697446
41 2.626248e-04 -8.244784
42 1.514220e-04 -8.795440
43 8.650067e-05 -9.355358
44 4.906161e-05 -9.922434
45 2.750721e-05 -10.501062
