1 1.000000e+00 0.000000
2 1.000000e+00 0.000000
3 1.000000e+00 0.000000
4 1.000000e+00 0.000000
5 1.000000e+00 0.000000
6 1.000000e+00 0.000000
7 9.994286e-01 -0.000572
8 9.979294e-01 -0.002073
9 9.957118e-01 -0.004297
10 9.877461e-01 -0.012330
11 9.757136e-01 -0.024586
12 9.579881e-01 -0.042920
13 9.288063e-01 -0.073855
14 8.886023e-01 -0.118106
15 8.426319e-01 -0.171225
16 7.904941e-01 -0.235097
17 7.253016e-01 -0.321168
18 6.523685e-01 -0.427146
19 5.787538e-01 -0.546878
20 5.040367e-01 -0.685106
21 4.330395e-01 -0.836926
22 3.630840e-01 -1.013121
23 2.982340e-01 -1.209877
24 2.408488e-01 -1.423586
25 1.927754e-01 -1.646230
26 1.509431e-01 -1.890852
27 1.148062e-01 -2.164510
28 8.530103e-02 -2.461569
29 6.274038e-02 -2.768750
30 4.558298e-02 -3.088221
31 3.216099e-02 -3.437001
32 2.203028e-02 -3.815337
33 1.493653e-02 -4.203945
34 9.937186e-03 -4.611471
35 6.500055e-03 -5.035945
36 4.230092e-03 -5.465532
37 2.713661e-03 -5.909457
38 1.716176e-03 -6.367657
39 1.071774e-03 -6.838440
40 6.575334e-04 -7.327015
41 3.891636e-04 -7.851511
42 2.255481e-04 -8.396977
43 1.291079e-04 -8.954862
44 7.291663e-05 -9.526194
45 4.059674e-05 -10.111823
