1 1.000000e+00 0.000000
2 1.000000e+00 0.000000
3 1.000000e+00 0.000000
4 1.000000e+00 0.000000
5 1.000000e+00 0.000000
6 1.000000e+00 0.000000
7 1.000000e+00 0.000000
8 9.992500e-01 -0.000750
9 9.965853e-01 -0.003421
10 9.910045e-01 -0.009036
11 9.787520e-01 -0.021477
12 9.568932e-01 -0.044063
13 9.284809e-01 -0.074205
14 8.906784e-01 -0.115772
15 8.378315e-01 -0.176938
16 7.748894e-01 -0.255035
17 7.042377e-01 -0.350639
18 6.284931e-01 -0.464430
19 5.528093e-01 -0.592742
20 4.766874e-01 -0.740894
21 3.982837e-01 -0.920591
22 3.317703e-01 -1.103312
23 2.699456e-01 -1.309535
24 2.136845e-01 -1.543255
25 1.652379e-01 -1.800369
26 1.263562e-01 -2.068651
27 9.436466e-02 -2.360589
28 6.863007e-02 -2.679025
29 4.891667e-02 -3.017637
30 3.384056e-02 -3.386095
31 2.281508e-02 -3.780333
32 1.495101e-02 -4.202976
33 9.740809e-03 -4.631431
34 6.258756e-03 -5.073774
35 3.930857e-03 -5.538898
36 2.360479e-03 -6.048891
37 1.357977e-03 -6.601759
38 7.635407e-04 -7.177544
39 4.202998e-04 -7.774542
40 2.281808e-04 -8.385372
41 1.200119e-04 -9.027919
42 6.195474e-05 -9.689106
43 3.108687e-05 -10.378725
44 1.518876e-05 -11.094955
45 7.295331e-06 -11.828276
