1 1.000000e+00 0.000000
2 1.000000e+00 0.000000
3 1.000000e+00 0.000000
4 1.000000e+00 0.000000
5 1.000000e+00 0.000000
6 1.000000e+00 0.000000
7 9.997143e-01 -0.000286
8 9.979648e-01 -0.002037
9 9.935294e-01 -0.006492
10 9.861773e-01 -0.013919
11 9.748811e-01 -0.025440
12 9.548960e-01 -0.046153
13 9.265429e-01 -0.076295
14 8.857750e-01 -0.121292
15 8.345182e-01 -0.180901
16 7.805875e-01 -0.247708
17 7.132733e-01 -0.337891
18 6.308506e-01 -0.460686
19 5.462502e-01 -0.604678
20 4.696659e-01 -0.755734
21 3.938484e-01 -0.931789
22 3.241372e-01 -1.126588
23 2.582669e-01 -1.353762
24 2.008671e-01 -1.605112
25 1.516466e-01 -1.886202
26 1.135950e-01 -2.175116
27 8.352177e-02 -2.482648
28 5.989107e-02 -2.815228
29 4.217984e-02 -3.165813
30 2.933186e-02 -3.529081
31 2.000811e-02 -3.911617
32 1.330665e-02 -4.319492
33 8.798515e-03 -4.733172
34 5.683323e-03 -5.170219
35 3.538599e-03 -5.644024
36 2.148323e-03 -6.143068
37 1.308503e-03 -6.638872
38 7.855838e-04 -7.149083
39 4.643002e-04 -7.674979
40 2.658119e-04 -8.232722
41 1.500605e-04 -8.804472
42 8.374091e-05 -9.387783
43 4.614709e-05 -9.983677
44 2.481035e-05 -10.604250
45 1.312412e-05 -11.241058
