1 1.000000e+00 0.000000
2 1.000000e+00 0.000000
3 1.000000e+00 0.000000
4 1.000000e+00 0.000000
5 1.000000e+00 0.000000
6 1.000000e+00 0.000000
7 9.997143e-01 -0.000286
8 9.982147e-01 -0.001787
9 9.946655e-01 -0.005349
10 9.857135e-01 -0.014390
11 9.720927e-01 -0.028304
12 9.537850e-01 -0.047317
13 9.257584e-01 -0.077142
14 8.878023e-01 -0.119006
15 8.416366e-01 -0.172407
16 7.865094e-01 -0.240151
17 7.217380e-01 -0.326093
18 6.516492e-01 -0.428249
19 5.782530e-01 -0.547744
20 5.055087e-01 -0.682190
21 4.278530e-01 -0.848976
22 3.546901e-01 -1.036511
23 2.876691e-01 -1.245944
24 2.283373e-01 -1.476931
25 1.740113e-01 -1.748635
26 1.287015e-01 -2.050260
27 9.147337e-02 -2.391707
28 6.484808e-02 -2.735708
29 4.464679e-02 -3.108973
30 3.002645e-02 -3.505677
31 1.948232e-02 -3.938248
32 1.235910e-02 -4.393363
33 7.762264e-03 -4.858481
34 4.762377e-03 -5.347008
35 2.824498e-03 -5.869425
36 1.624400e-03 -6.422617
37 9.307373e-04 -6.979533
38 5.213109e-04 -7.559164
39 2.858120e-04 -8.160176
40 1.492368e-04 -8.809977
41 7.811270e-05 -9.457358
42 4.018712e-05 -10.121964
43 2.052721e-05 -10.793759
44 1.009939e-05 -11.503036
45 4.844564e-06 -12.237653
