1 1.000000e+00 0.000000
2 1.000000e+00 0.000000
3 1.000000e+00 0.000000
4 1.000000e+00 0.000000
5 1.000000e+00 0.000000
6 1.000000e+00 0.000000
7 9.994286e-01 -0.000572
8 9.981793e-01 -0.001822
9 9.959611e-01 -0.004047
10 9.869975e-01 -0.013088
11 9.731795e-01 -0.027187
12 9.542025e-01 -0.046879
13 9.246956e-01 -0.078291
14 8.846695e-01 -0.122541
15 8.393744e-01 -0.175098
16 7.843954e-01 -0.242842
17 7.199827e-01 -0.328528
18 6.507044e-01 -0.429700
19 5.734418e-01 -0.556099
20 4.964286e-01 -0.700316
21 4.229571e-01 -0.860484
22 3.482475e-01 -1.054842
23 2.801121e-01 -1.272565
24 2.159665e-01 -1.532632
25 1.650848e-01 -1.801296
26 1.230008e-01 -2.095564
27 8.919839e-02 -2.416892
28 6.382145e-02 -2.751666
29 4.491709e-02 -3.102937
30 3.082211e-02 -3.479523
31 2.089540e-02 -3.868226
32 1.363686e-02 -4.294979
33 8.701971e-03 -4.744206
34 5.501693e-03 -5.202699
35 3.455063e-03 -5.667915
36 2.113923e-03 -6.159210
37 1.258755e-03 -6.677632
38 7.419369e-04 -7.206246
39 4.361067e-04 -7.737624
40 2.526584e-04 -8.283472
41 1.430786e-04 -8.852116
42 8.160932e-05 -9.413567
43 4.526470e-05 -10.002983
44 2.439973e-05 -10.620938
45 1.287547e-05 -11.260187
