1 1.000000e+00 0.000000
2 1.000000e+00 0.000000
3 1.000000e+00 0.000000
4 1.000000e+00 0.000000
5 1.000000e+00 0.000000
6 1.000000e+00 0.000000
7 1.000000e+00 0.000000
8 9.995000e-01 -0.000500
9 9.948357e-01 -0.005178
10 9.854842e-01 -0.014622
11 9.720458e-01 -0.028352
12 9.438565e-01 -0.057781
13 9.136531e-01 -0.090304
14 8.747575e-01 -0.133809
15 8.284537e-01 -0.188194
16 7.719117e-01 -0.258885
17 7.044376e-01 -0.350356
18 6.333677e-01 -0.456704
19 5.532300e-01 -0.591981
20 4.711306e-01 -0.752620
21 3.936409e-01 -0.932316
22 3.240738e-01 -1.126784
23 2.584700e-01 -1.352976
24 1.990004e-01 -1.614449
25 1.490592e-01 -1.903412
26 1.091457e-01 -2.215071
27 7.831005e-02 -2.547079
28 5.593016e-02 -2.883652
29 3.893896e-02 -3.245760
30 2.667838e-02 -3.623902
31 1.763527e-02 -4.037854
32 1.139569e-02 -4.474520
33 7.145444e-03 -4.941280
34 4.377635e-03 -5.431247
35 2.621328e-03 -5.944074
36 1.527943e-03 -6.483833
37 8.891802e-04 -7.025211
38 5.136654e-04 -7.573939
39 2.908136e-04 -8.142828
40 1.617796e-04 -8.729276
41 8.792919e-05 -9.338979
42 4.758226e-05 -9.953051
43 2.486892e-05 -10.601892
44 1.284819e-05 -11.262308
45 6.541727e-06 -11.937309
