1 1.000000e+00 0.000000
2 1.000000e+00 0.000000
3 1.000000e+00 0.000000
4 1.000000e+00 0.000000
5 1.000000e+00 0.000000
6 1.000000e+00 0.000000
7 1.000000e+00 0.000000
8 9.992500e-01 -0.000750
9 9.963633e-01 -0.003643
10 9.891895e-01 -0.010869
11 9.753408e-01 -0.024968
12 9.558340e-01 -0.045171
13 9.258355e-01 -0.077059
14 8.836439e-01 -0.123701
15 8.299183e-01 -0.186428
16 7.679857e-01 -0.263984
17 6.986863e-01 -0.358553
18 6.247808e-01 -0.470354
19 5.457296e-01 -0.605632
20 4.680177e-01 -0.759249
21 3.927783e-01 -0.934510
22 3.214712e-01 -1.134847
23 2.600003e-01 -1.347073
24 2.033636e-01 -1.592760
25 1.553372e-01 -1.862157
26 1.151049e-01 -2.161912
27 8.361730e-02 -2.481505
28 5.908159e-02 -2.828836
29 4.136934e-02 -3.185215
30 2.857242e-02 -3.555313
31 1.904951e-02 -3.960714
32 1.237742e-02 -4.391881
33 8.084331e-03 -4.817828
34 5.219624e-03 -5.255330
35 3.319383e-03 -5.707976
36 2.044187e-03 -6.192755
37 1.242534e-03 -6.690602
38 7.492480e-04 -7.196441
39 4.439774e-04 -7.719737
40 2.532225e-04 -8.281242
41 1.398900e-04 -8.874654
42 7.604021e-05 -9.484248
43 4.048522e-05 -10.114573
44 2.159335e-05 -10.743125
45 1.133891e-05 -11.387271
