1 1.000000e+00 0.000000
2 1.000000e+00 0.000000
3 1.000000e+00 0.000000
4 1.000000e+00 0.000000
5 1.000000e+00 0.000000
6 1.000000e+00 0.000000
7 9.997143e-01 -0.000286
8 9.982147e-01 -0.001787
9 9.942219e-01 -0.005795
10 9.862681e-01 -0.013827
11 9.746122e-01 -0.025716
12 9.554448e-01 -0.045578
13 9.283984e-01 -0.074294
14 8.870183e-01 -0.119890
15 8.347434e-01 -0.180631
16 7.694247e-01 -0.262112
17 7.001765e-01 -0.356423
18 6.210565e-01 -0.476333
19 5.423458e-01 -0.611851
20 4.658750e-01 -0.763838
21 3.939528e-01 -0.931524
22 3.236501e-01 -1.128092
23 2.612842e-01 -1.342147
24 2.028218e-01 -1.595427
25 1.561241e-01 -1.857104
26 1.156520e-01 -2.157170
27 8.224996e-02 -2.497992
28 5.745747e-02 -2.856710
29 3.918203e-02 -3.239537
30 2.615270e-02 -3.643803
31 1.718486e-02 -4.063727
32 1.101442e-02 -4.508550
33 6.943089e-03 -4.970009
34 4.381089e-03 -5.430458
35 2.706261e-03 -5.912187
36 1.642701e-03 -6.411414
37 9.811806e-04 -6.926754
38 5.781219e-04 -7.455726
39 3.351625e-04 -8.000895
40 1.872888e-04 -8.582859
41 1.008801e-04 -9.201577
42 5.331756e-05 -9.839245
43 2.806983e-05 -10.480815
44 1.465118e-05 -11.130990
45 7.610147e-06 -11.786028
