1 1.000000e+00 0.000000
2 1.000000e+00 0.000000
3 1.000000e+00 0.000000
4 1.000000e+00 0.000000
5 1.000000e+00 0.000000
6 1.000000e+00 0.000000
7 1.000000e+00 0.000000
8 9.992500e-01 -0.000750
9 9.979177e-01 -0.002085
10 9.937264e-01 -0.006293
11 9.814403e-01 -0.018734
12 9.626294e-01 -0.038087
13 9.352315e-01 -0.066961
14 8.972878e-01 -0.108379
15 8.476379e-01 -0.165302
16 7.850186e-01 -0.242048
17 7.156599e-01 -0.334550
18 6.386072e-01 -0.448466
19 5.612349e-01 -0.577616
20 4.861417e-01 -0.721255
21 4.081738e-01 -0.896062
22 3.315113e-01 -1.104093
23 2.634506e-01 -1.333889
24 2.028350e-01 -1.595362
25 1.508119e-01 -1.891722
26 1.084686e-01 -2.221295
27 7.702071e-02 -2.563681
28 5.352389e-02 -2.927627
29 3.659189e-02 -3.307929
30 2.394085e-02 -3.732169
31 1.535458e-02 -4.176341
32 9.716571e-03 -4.633923
33 6.028396e-03 -5.111274
34 3.774840e-03 -5.579397
35 2.355716e-03 -6.050911
36 1.408587e-03 -6.565168
37 8.241377e-04 -7.101173
38 4.642064e-04 -7.675181
39 2.578607e-04 -8.263091
40 1.384583e-04 -8.884941
41 7.346395e-05 -9.518716
42 3.781644e-05 -10.182767
43 1.896275e-05 -10.873034
44 9.464135e-06 -11.568001
45 4.641212e-06 -12.280535
