1 1.000000e+00 0.000000
2 1.000000e+00 0.000000
3 1.000000e+00 0.000000
4 1.000000e+00 0.000000
5 1.000000e+00 0.000000
6 1.000000e+00 0.000000
7 1.000000e+00 0.000000
8 9.995000e-01 -0.000500
9 9.939472e-01 -0.006071
10 9.850017e-01 -0.015112
11 9.719280e-01 -0.028474
12 9.515175e-01 -0.049697
13 9.257534e-01 -0.077147
14 8.868717e-01 -0.120055
15 8.355514e-01 -0.179663
16 7.800917e-01 -0.248344
17 7.115354e-01 -0.340330
18 6.426746e-01 -0.442117
19 5.661625e-01 -0.568874
20 4.910893e-01 -0.711129
21 4.129828e-01 -0.884349
22 3.382329e-01 -1.084021
23 2.671451e-01 -1.319963
24 2.037427e-01 -1.590897
25 1.541762e-01 -1.869659
26 1.150866e-01 -2.162071
27 8.255544e-02 -2.494285
28 5.748807e-02 -2.856178
29 3.946457e-02 -3.232352
30 2.687800e-02 -3.616447
31 1.823369e-02 -4.004484
32 1.202968e-02 -4.420379
33 7.812729e-03 -4.852001
34 4.909151e-03 -5.316654
35 2.962322e-03 -5.821782
36 1.738718e-03 -6.354607
37 9.971785e-04 -6.910581
38 5.551660e-04 -7.496243
39 2.997327e-04 -8.112619
40 1.576144e-04 -8.755359
41 8.160584e-05 -9.413610
42 4.138193e-05 -10.092666
43 2.024058e-05 -10.807821
44 9.548952e-06 -11.559079
45 4.456602e-06 -12.321124
