k=100 m=800 -logPfail=258.05
== random pi: max_D L_D = 22
  #Delta with logratio>1: 99;  max logratio 152.99 at D=1; mean 137.661
  D,logratio,L_D for logratio>1: (1,153.0,22) (2,149.4,17) (3,147.3,18) (4,145.4,13) (5,148.4,15) (6,143.2,14) (7,146.0,14) (8,147.9,16) (9,145.2,15) (10,142.9,15) (11,147.8,18) (12,146.0,15) (13,145.4,14) (14,142.5,15) (15,143.3,14) (16,145.6,14) (17,141.4,14) (18,144.5,15) (19,146.7,16) (20,145.6,16) (21,143.2,14) (22,140.2,13) (23,141.1,16) (24,147.1,15) (25,143.1,13) (26,143.3,15) (27,143.5,13) (28,138.5,12) (29,142.2,12) (30,148.7,12) (31,139.4,11) (32,143.9,13) (33,142.4,13) (34,142.0,12) (35,140.3,13) (36,140.7,10) (37,140.6,13) (38,140.5,15) (39,146.2,14) (40,142.0,13) (41,139.2,12) (42,140.5,12) (43,142.0,15) (44,138.8,11) (45,137.9,14) (46,140.8,11) (47,145.4,13) (48,145.0,14) (49,140.7,12) (50,141.4,13) (51,139.5,10) (52,134.8,11) (53,138.2,10) (54,139.0,9) (55,136.3,8) (56,139.2,9) (57,137.9,11) (58,139.9,12) (59,139.4,10) (60,138.5,10)
== random pi #2: max_D L_D = 20
  #Delta with logratio>1: 99;  max logratio 151.95 at D=1; mean 137.926
  D,logratio,L_D for logratio>1: (1,152.0,20) (2,146.7,15) (3,148.0,17) (4,145.0,17) (5,147.2,16) (6,144.9,17) (7,145.7,17) (8,146.3,20) (9,147.7,17) (10,146.2,17) (11,148.8,16) (12,147.9,16) (13,148.8,18) (14,146.8,15) (15,142.3,17) (16,147.2,15) (17,141.6,16) (18,144.5,14) (19,146.3,16) (20,144.1,12) (21,144.4,14) (22,144.1,13) (23,145.6,15) (24,146.0,15) (25,142.9,15) (26,142.0,14) (27,143.8,13) (28,138.4,16) (29,142.5,12) (30,142.0,11) (31,139.5,12) (32,146.0,14) (33,149.1,15) (34,141.0,12) (35,146.2,14) (36,147.2,15) (37,141.7,11) (38,142.6,13) (39,138.1,11) (40,141.3,14) (41,137.7,12) (42,134.9,12) (43,143.8,12) (44,138.3,11) (45,140.2,11) (46,143.6,13) (47,140.1,10) (48,138.9,10) (49,136.4,8) (50,138.5,11) (51,142.5,11) (52,134.3,9) (53,139.6,9) (54,134.8,10) (55,139.9,10) (56,138.0,10) (57,137.5,9) (58,140.1,11) (59,140.3,11) (60,141.1,11)
== F(10,10,0.2): max_D L_D = 80
  #Delta with logratio>1: 97;  max logratio 232.92 at D=10; mean 150.444
  D,logratio,L_D for logratio>1: (1,221.2,76) (2,201.6,66) (3,185.0,61) (4,160.9,53) (5,132.3,42) (6,155.3,47) (7,178.2,54) (8,194.3,58) (9,213.4,67) (10,232.9,80) (11,209.3,67) (12,190.2,58) (13,174.0,52) (14,150.2,46) (15,127.5,37) (16,153.5,42) (17,175.6,50) (18,190.7,52) (19,208.8,60) (20,223.2,69) (21,201.5,60) (22,182.1,52) (23,166.2,46) (24,144.5,42) (25,126.4,33) (26,150.0,37) (27,171.0,44) (28,186.4,47) (29,203.3,54) (30,212.2,59) (31,193.8,55) (32,174.0,47) (33,158.1,41) (34,137.8,38) (35,124.8,29) (36,146.6,31) (37,167.3,36) (38,181.3,39) (39,196.9,45) (40,203.4,51) (41,186.3,48) (42,165.3,40) (43,150.0,35) (44,133.9,34) (45,122.8,25) (46,143.2,27) (47,163.3,32) (48,175.2,34) (49,189.6,39) (50,192.8,45) (51,177.0,42) (52,156.9,35) (53,141.2,30) (54,124.2,29) (55,119.1,22) (56,138.0,22) (57,156.9,26) (58,168.5,27) (59,181.1,31) (60,182.9,36)
== F(10,10,0.4): max_D L_D = 66
  #Delta with logratio>1: 97;  max logratio 218.41 at D=10; mean 141.530
  D,logratio,L_D for logratio>1: (1,199.7,61) (2,178.1,53) (3,156.8,46) (4,142.7,35) (5,127.1,34) (6,140.3,32) (7,156.9,43) (8,176.7,48) (9,194.4,55) (10,218.4,66) (11,189.4,52) (12,168.9,46) (13,151.3,40) (14,138.5,32) (15,124.9,29) (16,137.8,28) (17,152.5,37) (18,173.5,42) (19,193.9,49) (20,210.0,59) (21,184.0,48) (22,162.9,40) (23,147.9,36) (24,135.2,29) (25,120.1,27) (26,136.3,27) (27,153.1,34) (28,170.8,39) (29,190.0,45) (30,201.1,54) (31,179.1,46) (32,157.5,38) (33,146.8,36) (34,131.5,28) (35,116.0,27) (36,135.1,27) (37,150.3,30) (38,171.1,38) (39,186.5,40) (40,190.7,44) (41,173.2,42) (42,152.8,34) (43,144.5,33) (44,128.7,25) (45,113.7,23) (46,136.7,22) (47,148.1,25) (48,167.5,32) (49,177.1,31) (50,180.0,38) (51,162.9,32) (52,147.1,27) (53,137.1,25) (54,122.5,22) (55,110.6,18) (56,129.6,17) (57,143.6,20) (58,159.6,24) (59,169.2,24) (60,172.1,30)
