3 123 132
3 132 132
3 213 132
3 231 132
3 312 132
3 321 132
4 1234 513
4 1243 513
4 1324 513
4 1342 512
4 1423 512
4 1432 513
4 2134 513
4 2143 513
4 2314 512
4 2341 513
4 2413 512
4 2431 512
4 3124 512
4 3142 512
4 3214 513
4 3241 512
4 3412 513
4 3421 513
4 4123 513
4 4132 512
4 4213 512
4 4231 513
4 4312 513
4 4321 513
5 12345 694
5 12354 694
5 12435 694
5 12453 694
5 12534 694
5 12543 694
5 13245 694
5 13254 694
5 13425 694
5 13452 694
5 13524 694
5 13542 694
5 14235 694
5 14253 694
5 14325 694
5 14352 694
5 14523 694
5 14532 694
5 15234 694
5 15243 694
5 15324 694
5 15342 694
5 15423 694
5 15432 694
5 21345 694
5 21354 694
5 21435 694
5 21453 694
5 21534 694
5 21543 694
5 23145 694
5 23154 694
5 23415 694
5 23451 694
5 23514 694
5 23541 694
5 24135 694
5 24153 694
5 24315 694
5 24351 694
5 24513 694
5 24531 694
5 25134 694
5 25143 694
5 25314 694
5 25341 694
5 25413 694
5 25431 694
5 31245 694
5 31254 694
5 31425 694
5 31452 694
5 31524 694
5 31542 694
5 32145 694
5 32154 694
5 32415 694
5 32451 694
5 32514 694
5 32541 694
5 34125 694
5 34152 694
5 34215 694
5 34251 694
5 34512 694
5 34521 694
5 35124 694
5 35142 694
5 35214 694
5 35241 694
5 35412 694
5 35421 694
5 41235 694
5 41253 694
5 41325 694
5 41352 694
5 41523 694
5 41532 694
5 42135 694
5 42153 694
5 42315 694
5 42351 694
5 42513 694
5 42531 694
5 43125 694
5 43152 694
5 43215 694
5 43251 694
5 43512 694
5 43521 694
5 45123 694
5 45132 694
5 45213 694
5 45231 694
5 45312 694
5 45321 694
5 51234 694
5 51243 694
5 51324 694
5 51342 694
5 51423 694
5 51432 694
5 52134 694
5 52143 694
5 52314 694
5 52341 694
5 52413 694
5 52431 694
5 53124 694
5 53142 694
5 53214 694
5 53241 694
5 53412 694
5 53421 694
5 54123 694
5 54132 694
5 54213 694
5 54231 694
5 54312 694
5 54321 694
6 123456 719
6 123465 719
6 123546 719
6 123564 719
6 123645 719
6 123654 719
6 124356 719
6 124365 719
6 124536 719
6 124563 719
6 124635 719
6 124653 719
6 125346 719
6 125364 719
6 125436 719
6 125463 719
6 125634 719
6 125643 719
6 126345 719
6 126354 719
6 126435 719
6 126453 719
6 126534 719
6 126543 719
6 132456 719
6 132465 719
6 132546 719
6 132564 719
6 132645 719
6 132654 719
6 134256 719
6 134265 719
6 134526 719
6 134562 719
6 134625 719
6 134652 719
6 135246 719
6 135264 719
6 135426 719
6 135462 719
6 135624 719
6 135642 719
6 136245 719
6 136254 719
6 136425 719
6 136452 719
6 136524 719
6 136542 719
6 142356 719
6 142365 719
6 142536 719
6 142563 719
6 142635 719
6 142653 719
6 143256 719
6 143265 719
6 143526 719
6 143562 719
6 143625 719
6 143652 719
6 145236 719
6 145263 719
6 145326 719
6 145362 719
6 145623 719
6 145632 719
6 146235 719
6 146253 719
6 146325 719
6 146352 719
6 146523 719
6 146532 719
6 152346 719
6 152364 719
6 152436 719
6 152463 719
6 152634 719
6 152643 719
6 153246 719
6 153264 719
6 153426 719
6 153462 719
6 153624 719
6 153642 719
6 154236 719
6 154263 719
6 154326 719
6 154362 719
6 154623 719
6 154632 719
6 156234 719
6 156243 719
6 156324 719
6 156342 719
6 156423 719
6 156432 719
6 162345 719
6 162354 719
6 162435 719
6 162453 719
6 162534 719
6 162543 719
6 163245 719
6 163254 719
6 163425 719
6 163452 719
6 163524 719
6 163542 719
6 164235 719
6 164253 719
6 164325 719
6 164352 719
6 164523 719
6 164532 719
6 165234 719
6 165243 719
6 165324 719
6 165342 719
6 165423 719
6 165432 719
6 213456 719
6 213465 719
6 213546 719
6 213564 719
6 213645 719
6 213654 719
6 214356 719
6 214365 719
6 214536 719
6 214563 719
6 214635 719
6 214653 719
6 215346 719
6 215364 719
6 215436 719
6 215463 719
6 215634 719
6 215643 719
6 216345 719
6 216354 719
6 216435 719
6 216453 719
6 216534 719
6 216543 719
6 231456 719
6 231465 719
6 231546 719
6 231564 719
6 231645 719
6 231654 719
6 234156 719
6 234165 719
6 234516 719
6 234561 719
6 234615 719
6 234651 719
6 235146 719
6 235164 719
6 235416 719
6 235461 719
6 235614 719
6 235641 719
6 236145 719
6 236154 719
6 236415 719
6 236451 719
6 236514 719
6 236541 719
6 241356 719
6 241365 719
6 241536 719
6 241563 719
6 241635 719
6 241653 719
6 243156 719
6 243165 719
6 243516 719
6 243561 719
6 243615 719
6 243651 719
6 245136 719
6 245163 719
6 245316 719
6 245361 719
6 245613 719
6 245631 719
6 246135 719
6 246153 719
6 246315 719
6 246351 719
6 246513 719
6 246531 719
6 251346 719
6 251364 719
6 251436 719
6 251463 719
6 251634 719
6 251643 719
6 253146 719
6 253164 719
6 253416 719
6 253461 719
6 253614 719
6 253641 719
6 254136 719
6 254163 719
6 254316 719
6 254361 719
6 254613 719
6 254631 719
6 256134 719
6 256143 719
6 256314 719
6 256341 719
6 256413 719
6 256431 719
6 261345 719
6 261354 719
6 261435 719
6 261453 719
6 261534 719
6 261543 719
6 263145 719
6 263154 719
6 263415 719
6 263451 719
6 263514 719
6 263541 719
6 264135 719
6 264153 719
6 264315 719
6 264351 719
6 264513 719
6 264531 719
6 265134 719
6 265143 719
6 265314 719
6 265341 719
6 265413 719
6 265431 719
6 312456 719
6 312465 719
6 312546 719
6 312564 719
6 312645 719
6 312654 719
6 314256 719
6 314265 719
6 314526 719
6 314562 719
6 314625 719
6 314652 719
6 315246 719
6 315264 719
6 315426 719
6 315462 719
6 315624 719
6 315642 719
6 316245 719
6 316254 719
6 316425 719
6 316452 719
6 316524 719
6 316542 719
6 321456 719
6 321465 719
6 321546 719
6 321564 719
6 321645 719
6 321654 719
6 324156 719
6 324165 719
6 324516 719
6 324561 719
6 324615 719
6 324651 719
6 325146 719
6 325164 719
6 325416 719
6 325461 719
6 325614 719
6 325641 719
6 326145 719
6 326154 719
6 326415 719
6 326451 719
6 326514 719
6 326541 719
6 341256 719
6 341265 719
6 341526 719
6 341562 719
6 341625 719
6 341652 719
6 342156 719
6 342165 719
6 342516 719
6 342561 719
6 342615 719
6 342651 719
6 345126 719
6 345162 719
6 345216 719
6 345261 719
6 345612 719
6 345621 719
6 346125 719
6 346152 719
6 346215 719
6 346251 719
6 346512 719
6 346521 719
6 351246 719
6 351264 719
6 351426 719
6 351462 719
6 351624 719
6 351642 719
6 352146 719
6 352164 719
6 352416 719
6 352461 719
6 352614 719
6 352641 719
6 354126 719
6 354162 719
6 354216 719
6 354261 719
6 354612 719
6 354621 719
6 356124 719
6 356142 719
6 356214 719
6 356241 719
6 356412 719
6 356421 719
6 361245 719
6 361254 719
6 361425 719
6 361452 719
6 361524 719
6 361542 719
6 362145 719
6 362154 719
6 362415 719
6 362451 719
6 362514 719
6 362541 719
6 364125 719
6 364152 719
6 364215 719
6 364251 719
6 364512 719
6 364521 719
6 365124 719
6 365142 719
6 365214 719
6 365241 719
6 365412 719
6 365421 719
6 412356 719
6 412365 719
6 412536 719
6 412563 719
6 412635 719
6 412653 719
6 413256 719
6 413265 719
6 413526 719
6 413562 719
6 413625 719
6 413652 719
6 415236 719
6 415263 719
6 415326 719
6 415362 719
6 415623 719
6 415632 719
6 416235 719
6 416253 719
6 416325 719
6 416352 719
6 416523 719
6 416532 719
6 421356 719
6 421365 719
6 421536 719
6 421563 719
6 421635 719
6 421653 719
6 423156 719
6 423165 719
6 423516 719
6 423561 719
6 423615 719
6 423651 719
6 425136 719
6 425163 719
6 425316 719
6 425361 719
6 425613 719
6 425631 719
6 426135 719
6 426153 719
6 426315 719
6 426351 719
6 426513 719
6 426531 719
6 431256 719
6 431265 719
6 431526 719
6 431562 719
6 431625 719
6 431652 719
6 432156 719
6 432165 719
6 432516 719
6 432561 719
6 432615 719
6 432651 719
6 435126 719
6 435162 719
6 435216 719
6 435261 719
6 435612 719
6 435621 719
6 436125 719
6 436152 719
6 436215 719
6 436251 719
6 436512 719
6 436521 719
6 451236 719
6 451263 719
6 451326 719
6 451362 719
6 451623 719
6 451632 719
6 452136 719
6 452163 719
6 452316 719
6 452361 719
6 452613 719
6 452631 719
6 453126 719
6 453162 719
6 453216 719
6 453261 719
6 453612 719
6 453621 719
6 456123 719
6 456132 719
6 456213 719
6 456231 719
6 456312 719
6 456321 719
6 461235 719
6 461253 719
6 461325 719
6 461352 719
6 461523 719
6 461532 719
6 462135 719
6 462153 719
6 462315 719
6 462351 719
6 462513 719
6 462531 719
6 463125 719
6 463152 719
6 463215 719
6 463251 719
6 463512 719
6 463521 719
6 465123 719
6 465132 719
6 465213 719
6 465231 719
6 465312 719
6 465321 719
6 512346 719
6 512364 719
6 512436 719
6 512463 719
6 512634 719
6 512643 719
6 513246 719
6 513264 719
6 513426 719
6 513462 719
6 513624 719
6 513642 719
6 514236 719
6 514263 719
6 514326 719
6 514362 719
6 514623 719
6 514632 719
6 516234 719
6 516243 719
6 516324 719
6 516342 719
6 516423 719
6 516432 719
6 521346 719
6 521364 719
6 521436 719
6 521463 719
6 521634 719
6 521643 719
6 523146 719
6 523164 719
6 523416 719
6 523461 719
6 523614 719
6 523641 719
6 524136 719
6 524163 719
6 524316 719
6 524361 719
6 524613 719
6 524631 719
6 526134 719
6 526143 719
6 526314 719
6 526341 719
6 526413 719
6 526431 719
6 531246 719
6 531264 719
6 531426 719
6 531462 719
6 531624 719
6 531642 719
6 532146 719
6 532164 719
6 532416 719
6 532461 719
6 532614 719
6 532641 719
6 534126 719
6 534162 719
6 534216 719
6 534261 719
6 534612 719
6 534621 719
6 536124 719
6 536142 719
6 536214 719
6 536241 719
6 536412 719
6 536421 719
6 541236 719
6 541263 719
6 541326 719
6 541362 719
6 541623 719
6 541632 719
6 542136 719
6 542163 719
6 542316 719
6 542361 719
6 542613 719
6 542631 719
6 543126 719
6 543162 719
6 543216 719
6 543261 719
6 543612 719
6 543621 719
6 546123 719
6 546132 719
6 546213 719
6 546231 719
6 546312 719
6 546321 719
6 561234 719
6 561243 719
6 561324 719
6 561342 719
6 561423 719
6 561432 719
6 562134 719
6 562143 719
6 562314 719
6 562341 719
6 562413 719
6 562431 719
6 563124 719
6 563142 719
6 563214 719
6 563241 719
6 563412 719
6 563421 719
6 564123 719
6 564132 719
6 564213 719
6 564231 719
6 564312 719
6 564321 719
6 612345 719
6 612354 719
6 612435 719
6 612453 719
6 612534 719
6 612543 719
6 613245 719
6 613254 719
6 613425 719
6 613452 719
6 613524 719
6 613542 719
6 614235 719
6 614253 719
6 614325 719
6 614352 719
6 614523 719
6 614532 719
6 615234 719
6 615243 719
6 615324 719
6 615342 719
6 615423 719
6 615432 719
6 621345 719
6 621354 719
6 621435 719
6 621453 719
6 621534 719
6 621543 719
6 623145 719
6 623154 719
6 623415 719
6 623451 719
6 623514 719
6 623541 719
6 624135 719
6 624153 719
6 624315 719
6 624351 719
6 624513 719
6 624531 719
6 625134 719
6 625143 719
6 625314 719
6 625341 719
6 625413 719
6 625431 719
6 631245 719
6 631254 719
6 631425 719
6 631452 719
6 631524 719
6 631542 719
6 632145 719
6 632154 719
6 632415 719
6 632451 719
6 632514 719
6 632541 719
6 634125 719
6 634152 719
6 634215 719
6 634251 719
6 634512 719
6 634521 719
6 635124 719
6 635142 719
6 635214 719
6 635241 719
6 635412 719
6 635421 719
6 641235 719
6 641253 719
6 641325 719
6 641352 719
6 641523 719
6 641532 719
6 642135 719
6 642153 719
6 642315 719
6 642351 719
6 642513 719
6 642531 719
6 643125 719
6 643152 719
6 643215 719
6 643251 719
6 643512 719
6 643521 719
6 645123 719
6 645132 719
6 645213 719
6 645231 719
6 645312 719
6 645321 719
6 651234 719
6 651243 719
6 651324 719
6 651342 719
6 651423 719
6 651432 719
6 652134 719
6 652143 719
6 652314 719
6 652341 719
6 652413 719
6 652431 719
6 653124 719
6 653142 719
6 653214 719
6 653241 719
6 653412 719
6 653421 719
6 654123 719
6 654132 719
6 654213 719
6 654231 719
6 654312 719
6 654321 719
