3 123 4862
3 132 4862
3 213 4862
3 231 4862
3 312 4862
3 321 4862
4 1234 94359
4 1243 94359
4 1324 94776
4 1342 91245
4 1423 91245
4 1432 94359
4 2134 94359
4 2143 94359
4 2314 91245
4 2341 94359
4 2413 91245
4 2431 91245
4 3124 91245
4 3142 91245
4 3214 94359
4 3241 91245
4 3412 94359
4 3421 94359
4 4123 94359
4 4132 91245
4 4213 91245
4 4231 94776
4 4312 94359
4 4321 94359
5 12345 261808
5 12354 261808
5 12435 261853
5 12453 260927
5 12534 260927
5 12543 261808
5 13245 261853
5 13254 261853
5 13425 260370
5 13452 260805
5 13524 260285
5 13542 260202
5 14235 260370
5 14253 260285
5 14325 261863
5 14352 260204
5 14523 260847
5 14532 260886
5 15234 260805
5 15243 260202
5 15324 260204
5 15342 260967
5 15423 260886
5 15432 261808
5 21345 261808
5 21354 261808
5 21435 261853
5 21453 260927
5 21534 260927
5 21543 261808
5 23145 260927
5 23154 260927
5 23415 260805
5 23451 261808
5 23514 259483
5 23541 260886
5 24135 260285
5 24153 259401
5 24315 260204
5 24351 260967
5 24513 260092
5 24531 260202
5 25134 259483
5 25143 260092
5 25314 258757
5 25341 260204
5 25413 259483
5 25431 260805
5 31245 260927
5 31254 260927
5 31425 260285
5 31452 259483
5 31524 259401
5 31542 260092
5 32145 261808
5 32154 261808
5 32415 260202
5 32451 260886
5 32514 260092
5 32541 260847
5 34125 260847
5 34152 260092
5 34215 260886
5 34251 260202
5 34512 261808
5 34521 261808
5 35124 260092
5 35142 259401
5 35214 259483
5 35241 260285
5 35412 260927
5 35421 260927
5 41235 260805
5 41253 259483
5 41325 260204
5 41352 258757
5 41523 260092
5 41532 259483
5 42135 260202
5 42153 260092
5 42315 260967
5 42351 260204
5 42513 259401
5 42531 260285
5 43125 260886
5 43152 259483
5 43215 261808
5 43251 260805
5 43512 260927
5 43521 260927
5 45123 261808
5 45132 260927
5 45213 260927
5 45231 261853
5 45312 261808
5 45321 261808
5 51234 261808
5 51243 260886
5 51324 260967
5 51342 260204
5 51423 260202
5 51432 260805
5 52134 260886
5 52143 260847
5 52314 260204
5 52341 261863
5 52413 260285
5 52431 260370
5 53124 260202
5 53142 260285
5 53214 260805
5 53241 260370
5 53412 261853
5 53421 261853
5 54123 261808
5 54132 260927
5 54213 260927
5 54231 261853
5 54312 261808
5 54321 261808
6 123456 344837
6 123465 344837
6 123546 344838
6 123564 344784
6 123645 344784
6 123654 344837
6 124356 344838
6 124365 344838
6 124536 344735
6 124563 344777
6 124635 344733
6 124653 344731
6 125346 344735
6 125364 344733
6 125436 344838
6 125463 344731
6 125634 344778
6 125643 344779
6 126345 344777
6 126354 344731
6 126435 344731
6 126453 344781
6 126534 344779
6 126543 344837
6 132456 344838
6 132465 344838
6 132546 344839
6 132564 344784
6 132645 344784
6 132654 344838
6 134256 344735
6 134265 344735
6 134526 344725
6 134562 344781
6 134625 344629
6 134652 344726
6 135246 344686
6 135264 344631
6 135426 344682
6 135462 344728
6 135624 344675
6 135642 344678
6 136245 344633
6 136254 344681
6 136425 344580
6 136452 344678
6 136524 344629
6 136542 344728
6 142356 344735
6 142365 344735
6 142536 344686
6 142563 344633
6 142635 344631
6 142653 344681
6 143256 344838
6 143265 344838
6 143526 344682
6 143562 344726
6 143625 344678
6 143652 344725
6 145236 344727
6 145263 344672
6 145326 344729
6 145362 344676
6 145623 344778
6 145632 344778
6 146235 344672
6 146253 344627
6 146325 344630
6 146352 344680
6 146523 344724
6 146532 344726
6 152346 344725
6 152364 344629
6 152436 344682
6 152463 344580
6 152634 344675
6 152643 344629
6 153246 344682
6 153264 344678
6 153426 344732
6 153462 344674
6 153624 344628
6 153642 344680
6 154236 344729
6 154263 344630
6 154326 344838
6 154362 344727
6 154623 344724
6 154632 344728
6 156234 344778
6 156243 344724
6 156324 344724
6 156342 344781
6 156423 344776
6 156432 344783
6 162345 344781
6 162354 344726
6 162435 344728
6 162453 344678
6 162534 344678
6 162543 344728
6 163245 344726
6 163254 344725
6 163425 344674
6 163452 344777
6 163524 344680
6 163542 344682
6 164235 344676
6 164253 344680
6 164325 344727
6 164352 344679
6 164523 344781
6 164532 344782
6 165234 344778
6 165243 344726
6 165324 344728
6 165342 344782
6 165423 344783
6 165432 344837
6 213456 344837
6 213465 344837
6 213546 344838
6 213564 344784
6 213645 344784
6 213654 344837
6 214356 344838
6 214365 344838
6 214536 344735
6 214563 344777
6 214635 344733
6 214653 344731
6 215346 344735
6 215364 344733
6 215436 344838
6 215463 344731
6 215634 344778
6 215643 344779
6 216345 344777
6 216354 344731
6 216435 344731
6 216453 344781
6 216534 344779
6 216543 344837
6 231456 344784
6 231465 344784
6 231546 344784
6 231564 344772
6 231645 344772
6 231654 344784
6 234156 344777
6 234165 344777
6 234516 344781
6 234561 344837
6 234615 344675
6 234651 344783
6 235146 344633
6 235164 344622
6 235416 344726
6 235461 344782
6 235614 344668
6 235641 344726
6 236145 344661
6 236154 344671
6 236415 344620
6 236451 344728
6 236514 344662
6 236541 344778
6 241356 344733
6 241365 344733
6 241536 344631
6 241563 344622
6 241635 344622
6 241653 344624
6 243156 344731
6 243165 344731
6 243516 344728
6 243561 344782
6 243615 344672
6 243651 344781
6 245136 344672
6 245163 344666
6 245316 344676
6 245361 344682
6 245613 344727
6 245631 344728
6 246135 344622
6 246153 344571
6 246315 344572
6 246351 344680
6 246513 344672
6 246531 344678
6 251346 344629
6 251364 344579
6 251436 344678
6 251463 344575
6 251634 344622
6 251643 344619
6 253146 344580
6 253164 344575
6 253416 344674
6 253461 344679
6 253614 344574
6 253641 344680
6 254136 344630
6 254163 344611
6 254316 344727
6 254361 344777
6 254613 344669
6 254631 344678
6 256134 344669
6 256143 344667
6 256314 344616
6 256341 344725
6 256413 344668
6 256431 344726
6 261345 344675
6 261354 344668
6 261435 344672
6 261453 344669
6 261534 344672
6 261543 344727
6 263145 344620
6 263154 344616
6 263415 344614
6 263451 344727
6 263514 344572
6 263541 344676
6 264135 344572
6 264153 344574
6 264315 344614
6 264351 344674
6 264513 344672
6 264531 344728
6 265134 344662
6 265143 344668
6 265314 344620
6 265341 344726
6 265413 344675
6 265431 344781
6 312456 344784
6 312465 344784
6 312546 344784
6 312564 344772
6 312645 344772
6 312654 344784
6 314256 344733
6 314265 344733
6 314526 344629
6 314562 344675
6 314625 344579
6 314652 344668
6 315246 344631
6 315264 344622
6 315426 344678
6 315462 344672
6 315624 344622
6 315642 344672
6 316245 344622
6 316254 344624
6 316425 344575
6 316452 344669
6 316524 344619
6 316542 344727
6 321456 344837
6 321465 344837
6 321546 344838
6 321564 344784
6 321645 344784
6 321654 344837
6 324156 344731
6 324165 344731
6 324516 344726
6 324561 344783
6 324615 344668
6 324651 344776
6 325146 344681
6 325164 344624
6 325416 344725
6 325461 344781
6 325614 344667
6 325641 344724
6 326145 344671
6 326154 344724
6 326415 344616
6 326451 344724
6 326514 344669
6 326541 344778
6 341256 344778
6 341265 344778
6 341526 344675
6 341562 344668
6 341625 344622
6 341652 344667
6 342156 344779
6 342165 344779
6 342516 344678
6 342561 344726
6 342615 344672
6 342651 344724
6 345126 344778
6 345162 344727
6 345216 344778
6 345261 344728
6 345612 344837
6 345621 344837
6 346125 344669
6 346152 344619
6 346215 344662
6 346251 344629
6 346512 344779
6 346521 344779
6 351246 344675
6 351264 344622
6 351426 344628
6 351462 344574
6 351624 344620
6 351642 344571
6 352146 344629
6 352164 344619
6 352416 344680
6 352461 344680
6 352614 344571
6 352641 344627
6 354126 344724
6 354162 344669
6 354216 344728
6 354261 344678
6 354612 344781
6 354621 344781
6 356124 344724
6 356142 344624
6 356214 344671
6 356241 344681
6 356412 344731
6 356421 344731
6 361245 344668
6 361254 344667
6 361425 344574
6 361452 344611
6 361524 344571
6 361542 344666
6 362145 344662
6 362154 344669
6 362415 344572
6 362451 344630
6 362514 344622
6 362541 344672
6 364125 344616
6 364152 344575
6 364215 344620
6 364251 344580
6 364512 344731
6 364521 344731
6 365124 344671
6 365142 344622
6 365214 344661
6 365241 344633
6 365412 344777
6 365421 344777
6 412356 344777
6 412365 344777
6 412536 344633
6 412563 344661
6 412635 344622
6 412653 344671
6 413256 344731
6 413265 344731
6 413526 344580
6 413562 344620
6 413625 344575
6 413652 344616
6 415236 344672
6 415263 344622
6 415326 344630
6 415362 344572
6 415623 344669
6 415632 344662
6 416235 344666
6 416253 344571
6 416325 344611
6 416352 344574
6 416523 344667
6 416532 344668
6 421356 344731
6 421365 344731
6 421536 344681
6 421563 344671
6 421635 344624
6 421653 344724
6 423156 344781
6 423165 344781
6 423516 344678
6 423561 344728
6 423615 344669
6 423651 344724
6 425136 344627
6 425163 344571
6 425316 344680
6 425361 344680
6 425613 344619
6 425631 344629
6 426135 344571
6 426153 344620
6 426315 344574
6 426351 344628
6 426513 344622
6 426531 344675
6 431256 344779
6 431265 344779
6 431526 344629
6 431562 344662
6 431625 344619
6 431652 344669
6 432156 344837
6 432165 344837
6 432516 344728
6 432561 344778
6 432615 344727
6 432651 344778
6 435126 344724
6 435162 344672
6 435216 344726
6 435261 344678
6 435612 344779
6 435621 344779
6 436125 344667
6 436152 344622
6 436215 344668
6 436251 344675
6 436512 344778
6 436521 344778
6 451236 344778
6 451263 344669
6 451326 344724
6 451362 344616
6 451623 344724
6 451632 344671
6 452136 344724
6 452163 344667
6 452316 344781
6 452361 344725
6 452613 344624
6 452631 344681
6 453126 344776
6 453162 344668
6 453216 344783
6 453261 344726
6 453612 344731
6 453621 344731
6 456123 344837
6 456132 344784
6 456213 344784
6 456231 344838
6 456312 344837
6 456321 344837
6 461235 344727
6 461253 344619
6 461325 344669
6 461352 344575
6 461523 344624
6 461532 344622
6 462135 344672
6 462153 344622
6 462315 344672
6 462351 344678
6 462513 344622
6 462531 344631
6 463125 344668
6 463152 344579
6 463215 344675
6 463251 344629
6 463512 344733
6 463521 344733
6 465123 344784
6 465132 344772
6 465213 344772
6 465231 344784
6 465312 344784
6 465321 344784
6 512346 344781
6 512364 344675
6 512436 344726
6 512463 344620
6 512634 344668
6 512643 344662
6 513246 344728
6 513264 344672
6 513426 344674
6 513462 344614
6 513624 344574
6 513642 344572
6 514236 344676
6 514263 344572
6 514326 344727
6 514362 344614
6 514623 344616
6 514632 344620
6 516234 344727
6 516243 344672
6 516324 344669
6 516342 344672
6 516423 344668
6 516432 344675
6 521346 344726
6 521364 344668
6 521436 344725
6 521463 344616
6 521634 344667
6 521643 344669
6 523146 344678
6 523164 344669
6 523416 344777
6 523461 344727
6 523614 344611
6 523641 344630
6 524136 344680
6 524163 344574
6 524316 344679
6 524361 344674
6 524613 344575
6 524631 344580
6 526134 344619
6 526143 344622
6 526314 344575
6 526341 344678
6 526413 344579
6 526431 344629
6 531246 344678
6 531264 344672
6 531426 344680
6 531462 344572
6 531624 344571
6 531642 344622
6 532146 344728
6 532164 344727
6 532416 344682
6 532461 344676
6 532614 344666
6 532641 344672
6 534126 344781
6 534162 344672
6 534216 344782
6 534261 344728
6 534612 344731
6 534621 344731
6 536124 344624
6 536142 344622
6 536214 344622
6 536241 344631
6 536412 344733
6 536421 344733
6 541236 344778
6 541263 344662
6 541326 344728
6 541362 344620
6 541623 344671
6 541632 344661
6 542136 344726
6 542163 344668
6 542316 344782
6 542361 344726
6 542613 344622
6 542631 344633
6 543126 344783
6 543162 344675
6 543216 344837
6 543261 344781
6 543612 344777
6 543621 344777
6 546123 344784
6 546132 344772
6 546213 344772
6 546231 344784
6 546312 344784
6 546321 344784
6 561234 344837
6 561243 344779
6 561324 344781
6 561342 344731
6 561423 344731
6 561432 344777
6 562134 344779
6 562143 344778
6 562314 344731
6 562341 344838
6 562413 344733
6 562431 344735
6 563124 344731
6 563142 344733
6 563214 344777
6 563241 344735
6 563412 344838
6 563421 344838
6 564123 344837
6 564132 344784
6 564213 344784
6 564231 344838
6 564312 344837
6 564321 344837
6 612345 344837
6 612354 344783
6 612435 344782
6 612453 344728
6 612534 344726
6 612543 344778
6 613245 344782
6 613254 344781
6 613425 344679
6 613452 344727
6 613524 344680
6 613542 344676
6 614235 344682
6 614253 344680
6 614325 344777
6 614352 344674
6 614523 344725
6 614532 344726
6 615234 344728
6 615243 344678
6 615324 344678
6 615342 344728
6 615423 344726
6 615432 344781
6 621345 344783
6 621354 344776
6 621435 344781
6 621453 344724
6 621534 344724
6 621543 344778
6 623145 344728
6 623154 344724
6 623415 344727
6 623451 344838
6 623514 344630
6 623541 344729
6 624135 344680
6 624153 344628
6 624315 344674
6 624351 344732
6 624513 344678
6 624531 344682
6 625134 344629
6 625143 344675
6 625314 344580
6 625341 344682
6 625413 344629
6 625431 344725
6 631245 344726
6 631254 344724
6 631425 344680
6 631452 344630
6 631524 344627
6 631542 344672
6 632145 344778
6 632154 344778
6 632415 344676
6 632451 344729
6 632514 344672
6 632541 344727
6 634125 344725
6 634152 344678
6 634215 344726
6 634251 344682
6 634512 344838
6 634521 344838
6 635124 344681
6 635142 344631
6 635214 344633
6 635241 344686
6 635412 344735
6 635421 344735
6 641235 344728
6 641253 344629
6 641325 344678
6 641352 344580
6 641523 344681
6 641532 344633
6 642135 344678
6 642153 344675
6 642315 344728
6 642351 344682
6 642513 344631
6 642531 344686
6 643125 344726
6 643152 344629
6 643215 344781
6 643251 344725
6 643512 344735
6 643521 344735
6 645123 344838
6 645132 344784
6 645213 344784
6 645231 344839
6 645312 344838
6 645321 344838
6 651234 344837
6 651243 344779
6 651324 344781
6 651342 344731
6 651423 344731
6 651432 344777
6 652134 344779
6 652143 344778
6 652314 344731
6 652341 344838
6 652413 344733
6 652431 344735
6 653124 344731
6 653142 344733
6 653214 344777
6 653241 344735
6 653412 344838
6 653421 344838
6 654123 344837
6 654132 344784
6 654213 344784
6 654231 344838
6 654312 344837
6 654321 344837
7 1234567 361302
7 1234576 361302
7 1234657 361302
7 1234675 361301
7 1234756 361301
7 1234765 361302
7 1235467 361302
7 1235476 361302
7 1235647 361300
7 1235674 361301
7 1235746 361300
7 1235764 361300
7 1236457 361300
7 1236475 361300
7 1236547 361302
7 1236574 361300
7 1236745 361301
7 1236754 361301
7 1237456 361301
7 1237465 361300
7 1237546 361300
7 1237564 361301
7 1237645 361301
7 1237654 361302
7 1243567 361302
7 1243576 361302
7 1243657 361302
7 1243675 361301
7 1243756 361301
7 1243765 361302
7 1245367 361300
7 1245376 361300
7 1245637 361300
7 1245673 361301
7 1245736 361298
7 1245763 361300
7 1246357 361299
7 1246375 361298
7 1246537 361299
7 1246573 361300
7 1246735 361299
7 1246753 361299
7 1247356 361298
7 1247365 361299
7 1247536 361297
7 1247563 361299
7 1247635 361298
7 1247653 361300
7 1253467 361300
7 1253476 361300
7 1253647 361299
7 1253674 361298
7 1253746 361298
7 1253764 361299
7 1254367 361302
7 1254376 361302
7 1254637 361299
7 1254673 361300
7 1254736 361299
7 1254763 361300
7 1256347 361300
7 1256374 361299
7 1256437 361300
7 1256473 361299
7 1256734 361301
7 1256743 361301
7 1257346 361299
7 1257364 361298
7 1257436 361298
7 1257463 361299
7 1257634 361300
7 1257643 361300
7 1263457 361300
7 1263475 361298
7 1263547 361299
7 1263574 361297
7 1263745 361299
7 1263754 361298
7 1264357 361299
7 1264375 361299
7 1264537 361300
7 1264573 361299
7 1264735 361298
7 1264753 361299
7 1265347 361300
7 1265374 361298
7 1265437 361302
7 1265473 361300
7 1265734 361300
7 1265743 361300
7 1267345 361301
7 1267354 361300
7 1267435 361300
7 1267453 361301
7 1267534 361301
7 1267543 361301
7 1273456 361301
7 1273465 361300
7 1273546 361300
7 1273564 361299
7 1273645 361299
7 1273654 361300
7 1274356 361300
7 1274365 361300
7 1274536 361299
7 1274563 361301
7 1274635 361299
7 1274653 361299
7 1275346 361299
7 1275364 361299
7 1275436 361300
7 1275463 361299
7 1275634 361301
7 1275643 361301
7 1276345 361301
7 1276354 361300
7 1276435 361300
7 1276453 361301
7 1276534 361301
7 1276543 361302
7 1324567 361302
7 1324576 361302
7 1324657 361302
7 1324675 361301
7 1324756 361301
7 1324765 361302
7 1325467 361302
7 1325476 361302
7 1325647 361300
7 1325674 361301
7 1325746 361300
7 1325764 361300
7 1326457 361300
7 1326475 361300
7 1326547 361302
7 1326574 361300
7 1326745 361301
7 1326754 361301
7 1327456 361301
7 1327465 361300
7 1327546 361300
7 1327564 361301
7 1327645 361301
7 1327654 361302
7 1342567 361300
7 1342576 361300
7 1342657 361300
7 1342675 361300
7 1342756 361300
7 1342765 361300
7 1345267 361300
7 1345276 361300
7 1345627 361300
7 1345672 361301
7 1345726 361298
7 1345762 361300
7 1346257 361297
7 1346275 361297
7 1346527 361299
7 1346572 361300
7 1346725 361298
7 1346752 361299
7 1347256 361298
7 1347265 361298
7 1347526 361297
7 1347562 361299
7 1347625 361298
7 1347652 361300
7 1352467 361299
7 1352476 361299
7 1352647 361297
7 1352674 361297
7 1352746 361297
7 1352764 361297
7 1354267 361299
7 1354276 361299
7 1354627 361299
7 1354672 361300
7 1354726 361298
7 1354762 361300
7 1356247 361298
7 1356274 361298
7 1356427 361298
7 1356472 361298
7 1356724 361299
7 1356742 361299
7 1357246 361297
7 1357264 361296
7 1357426 361296
7 1357462 361298
7 1357624 361298
7 1357642 361298
7 1362457 361297
7 1362475 361296
7 1362547 361298
7 1362574 361296
7 1362745 361297
7 1362754 361297
7 1364257 361296
7 1364275 361296
7 1364527 361298
7 1364572 361298
7 1364725 361296
7 1364752 361298
7 1365247 361297
7 1365274 361297
7 1365427 361299
7 1365472 361300
7 1365724 361298
7 1365742 361298
7 1367245 361298
7 1367254 361298
7 1367425 361297
7 1367452 361299
7 1367524 361298
7 1367542 361299
7 1372456 361298
7 1372465 361298
7 1372546 361298
7 1372564 361298
7 1372645 361298
7 1372654 361299
7 1374256 361297
7 1374265 361297
7 1374526 361297
7 1374562 361299
7 1374625 361296
7 1374652 361298
7 1375246 361296
7 1375264 361296
7 1375426 361297
7 1375462 361298
7 1375624 361298
7 1375642 361299
7 1376245 361298
7 1376254 361298
7 1376425 361297
7 1376452 361299
7 1376524 361298
7 1376542 361300
7 1423567 361300
7 1423576 361300
7 1423657 361300
7 1423675 361300
7 1423756 361300
7 1423765 361300
7 1425367 361299
7 1425376 361299
7 1425637 361297
7 1425673 361298
7 1425736 361296
7 1425763 361298
7 1426357 361297
7 1426375 361297
7 1426537 361298
7 1426573 361298
7 1426735 361297
7 1426753 361298
7 1427356 361297
7 1427365 361297
7 1427536 361296
7 1427563 361298
7 1427635 361297
7 1427653 361299
7 1432567 361302
7 1432576 361302
7 1432657 361302
7 1432675 361301
7 1432756 361301
7 1432765 361302
7 1435267 361299
7 1435276 361299
7 1435627 361299
7 1435672 361300
7 1435726 361298
7 1435762 361300
7 1436257 361298
7 1436275 361297
7 1436527 361299
7 1436572 361300
7 1436725 361298
7 1436752 361299
7 1437256 361298
7 1437265 361299
7 1437526 361297
7 1437562 361299
7 1437625 361298
7 1437652 361300
7 1452367 361300
7 1452376 361300
7 1452637 361298
7 1452673 361298
7 1452736 361297
7 1452763 361298
7 1453267 361300
7 1453276 361300
7 1453627 361298
7 1453672 361299
7 1453726 361298
7 1453762 361299
7 1456237 361300
7 1456273 361299
7 1456327 361300
7 1456372 361299
7 1456723 361301
7 1456732 361301
7 1457236 361298
7 1457263 361297
7 1457326 361298
7 1457362 361297
7 1457623 361300
7 1457632 361300
7 1462357 361298
7 1462375 361297
7 1462537 361297
7 1462573 361296
7 1462735 361297
7 1462753 361296
7 1463257 361297
7 1463275 361297
7 1463527 361298
7 1463572 361298
7 1463725 361296
7 1463752 361297
7 1465237 361299
7 1465273 361298
7 1465327 361299
7 1465372 361298
7 1465723 361300
7 1465732 361300
7 1467235 361299
7 1467253 361297
7 1467325 361298
7 1467352 361298
7 1467523 361299
7 1467532 361299
7 1472356 361298
7 1472365 361298
7 1472536 361296
7 1472563 361297
7 1472635 361296
7 1472653 361298
7 1473256 361298
7 1473265 361298
7 1473526 361296
7 1473562 361297
7 1473625 361297
7 1473652 361298
7 1475236 361297
7 1475263 361296
7 1475326 361297
7 1475362 361296
7 1475623 361299
7 1475632 361299
7 1476235 361298
7 1476253 361297
7 1476325 361298
7 1476352 361297
7 1476523 361300
7 1476532 361300
7 1523467 361300
7 1523476 361300
7 1523647 361297
7 1523674 361298
7 1523746 361297
7 1523764 361298
7 1524367 361299
7 1524376 361299
7 1524637 361296
7 1524673 361297
7 1524736 361296
7 1524763 361297
7 1526347 361298
7 1526374 361297
7 1526437 361297
7 1526473 361296
7 1526734 361298
7 1526743 361298
7 1527346 361298
7 1527364 361296
7 1527436 361297
7 1527463 361296
7 1527634 361298
7 1527643 361298
7 1532467 361299
7 1532476 361299
7 1532647 361298
7 1532674 361298
7 1532746 361297
7 1532764 361299
7 1534267 361300
7 1534276 361300
7 1534627 361298
7 1534672 361299
7 1534726 361298
7 1534762 361299
7 1536247 361297
7 1536274 361296
7 1536427 361298
7 1536472 361298
7 1536724 361297
7 1536742 361297
7 1537246 361296
7 1537264 361297
7 1537426 361296
7 1537462 361297
7 1537624 361297
7 1537642 361298
7 1542367 361300
7 1542376 361300
7 1542637 361297
7 1542673 361298
7 1542736 361297
7 1542763 361298
7 1543267 361302
7 1543276 361302
7 1543627 361299
7 1543672 361300
7 1543726 361299
7 1543762 361300
7 1546237 361299
7 1546273 361298
7 1546327 361299
7 1546372 361298
7 1546723 361300
7 1546732 361300
7 1547236 361298
7 1547263 361297
7 1547326 361298
7 1547362 361298
7 1547623 361300
7 1547632 361300
7 1562347 361300
7 1562374 361298
7 1562437 361299
7 1562473 361297
7 1562734 361299
7 1562743 361298
7 1563247 361299
7 1563274 361298
7 1563427 361300
7 1563472 361299
7 1563724 361297
7 1563742 361298
7 1564237 361300
7 1564273 361298
7 1564327 361300
7 1564372 361299
7 1564723 361299
7 1564732 361299
7 1567234 361301
7 1567243 361300
7 1567324 361300
7 1567342 361301
7 1567423 361301
7 1567432 361301
7 1572346 361299
7 1572364 361297
7 1572436 361298
7 1572463 361296
7 1572634 361297
7 1572643 361297
7 1573246 361298
7 1573264 361297
7 1573426 361298
7 1573462 361298
7 1573624 361297
7 1573642 361297
7 1574236 361298
7 1574263 361296
7 1574326 361298
7 1574362 361297
7 1574623 361299
7 1574632 361299
7 1576234 361300
7 1576243 361300
7 1576324 361300
7 1576342 361300
7 1576423 361300
7 1576432 361300
7 1623457 361300
7 1623475 361298
7 1623547 361299
7 1623574 361297
7 1623745 361298
7 1623754 361298
7 1624357 361299
7 1624375 361298
7 1624537 361298
7 1624573 361297
7 1624735 361296
7 1624753 361296
7 1625347 361298
7 1625374 361296
7 1625437 361299
7 1625473 361297
7 1625734 361297
7 1625743 361297
7 1627345 361299
7 1627354 361298
7 1627435 361298
7 1627453 361298
7 1627534 361298
7 1627543 361298
7 1632457 361299
7 1632475 361298
7 1632547 361299
7 1632574 361297
7 1632745 361298
7 1632754 361298
7 1634257 361298
7 1634275 361298
7 1634527 361300
7 1634572 361299
7 1634725 361297
7 1634752 361297
7 1635247 361298
7 1635274 361296
7 1635427 361298
7 1635472 361298
7 1635724 361296
7 1635742 361296
7 1637245 361297
7 1637254 361297
7 1637425 361296
7 1637452 361298
7 1637524 361296
7 1637542 361297
7 1642357 361298
7 1642375 361298
7 1642537 361298
7 1642573 361296
7 1642735 361296
7 1642753 361297
7 1643257 361299
7 1643275 361299
7 1643527 361298
7 1643572 361298
7 1643725 361298
7 1643752 361298
7 1645237 361300
7 1645273 361298
7 1645327 361300
7 1645372 361299
7 1645723 361299
7 1645732 361299
7 1647235 361297
7 1647253 361297
7 1647325 361297
7 1647352 361297
7 1647523 361299
7 1647532 361299
7 1652347 361300
7 1652374 361298
7 1652437 361299
7 1652473 361297
7 1652734 361298
7 1652743 361298
7 1653247 361299
7 1653274 361298
7 1653427 361300
7 1653472 361299
7 1653724 361297
7 1653742 361297
7 1654237 361300
7 1654273 361298
7 1654327 361302
7 1654372 361300
7 1654723 361300
7 1654732 361300
7 1657234 361300
7 1657243 361300
7 1657324 361300
7 1657342 361300
7 1657423 361300
7 1657432 361300
7 1672345 361301
7 1672354 361300
7 1672435 361300
7 1672453 361299
7 1672534 361299
7 1672543 361300
7 1673245 361300
7 1673254 361300
7 1673425 361299
7 1673452 361301
7 1673524 361299
7 1673542 361299
7 1674235 361299
7 1674253 361299
7 1674325 361300
7 1674352 361299
7 1674523 361301
7 1674532 361301
7 1675234 361301
7 1675243 361300
7 1675324 361300
7 1675342 361301
7 1675423 361301
7 1675432 361301
7 1723456 361301
7 1723465 361300
7 1723546 361300
7 1723564 361299
7 1723645 361299
7 1723654 361300
7 1724356 361300
7 1724365 361300
7 1724536 361298
7 1724563 361299
7 1724635 361298
7 1724653 361298
7 1725346 361298
7 1725364 361298
7 1725436 361300
7 1725463 361298
7 1725634 361299
7 1725643 361299
7 1726345 361299
7 1726354 361298
7 1726435 361298
7 1726453 361299
7 1726534 361299
7 1726543 361300
7 1732456 361300
7 1732465 361300
7 1732546 361300
7 1732564 361299
7 1732645 361299
7 1732654 361300
7 1734256 361299
7 1734265 361299
7 1734526 361299
7 1734562 361301
7 1734625 361297
7 1734652 361299
7 1735246 361298
7 1735264 361297
7 1735426 361298
7 1735462 361299
7 1735624 361298
7 1735642 361298
7 1736245 361297
7 1736254 361298
7 1736425 361296
7 1736452 361298
7 1736524 361297
7 1736542 361299
7 1742356 361299
7 1742365 361299
7 1742536 361298
7 1742563 361297
7 1742635 361297
7 1742653 361298
7 1743256 361300
7 1743265 361300
7 1743526 361298
7 1743562 361299
7 1743625 361298
7 1743652 361299
7 1745236 361299
7 1745263 361298
7 1745326 361299
7 1745362 361298
7 1745623 361301
7 1745632 361301
7 1746235 361298
7 1746253 361297
7 1746325 361297
7 1746352 361298
7 1746523 361299
7 1746532 361299
7 1752346 361299
7 1752364 361297
7 1752436 361298
7 1752463 361296
7 1752634 361298
7 1752643 361297
7 1753246 361298
7 1753264 361298
7 1753426 361299
7 1753462 361298
7 1753624 361297
7 1753642 361298
7 1754236 361299
7 1754263 361297
7 1754326 361300
7 1754362 361299
7 1754623 361299
7 1754632 361299
7 1756234 361301
7 1756243 361300
7 1756324 361300
7 1756342 361301
7 1756423 361301
7 1756432 361301
7 1762345 361301
7 1762354 361300
7 1762435 361300
7 1762453 361299
7 1762534 361299
7 1762543 361300
7 1763245 361300
7 1763254 361300
7 1763425 361299
7 1763452 361301
7 1763524 361299
7 1763542 361299
7 1764235 361299
7 1764253 361299
7 1764325 361300
7 1764352 361299
7 1764523 361301
7 1764532 361301
7 1765234 361301
7 1765243 361300
7 1765324 361300
7 1765342 361301
7 1765423 361301
7 1765432 361302
7 2134567 361302
7 2134576 361302
7 2134657 361302
7 2134675 361301
7 2134756 361301
7 2134765 361302
7 2135467 361302
7 2135476 361302
7 2135647 361300
7 2135674 361301
7 2135746 361300
7 2135764 361300
7 2136457 361300
7 2136475 361300
7 2136547 361302
7 2136574 361300
7 2136745 361301
7 2136754 361301
7 2137456 361301
7 2137465 361300
7 2137546 361300
7 2137564 361301
7 2137645 361301
7 2137654 361302
7 2143567 361302
7 2143576 361302
7 2143657 361302
7 2143675 361301
7 2143756 361301
7 2143765 361302
7 2145367 361300
7 2145376 361300
7 2145637 361300
7 2145673 361301
7 2145736 361298
7 2145763 361300
7 2146357 361299
7 2146375 361298
7 2146537 361299
7 2146573 361300
7 2146735 361299
7 2146753 361299
7 2147356 361298
7 2147365 361299
7 2147536 361297
7 2147563 361299
7 2147635 361298
7 2147653 361300
7 2153467 361300
7 2153476 361300
7 2153647 361299
7 2153674 361298
7 2153746 361298
7 2153764 361299
7 2154367 361302
7 2154376 361302
7 2154637 361299
7 2154673 361300
7 2154736 361299
7 2154763 361300
7 2156347 361300
7 2156374 361299
7 2156437 361300
7 2156473 361299
7 2156734 361301
7 2156743 361301
7 2157346 361299
7 2157364 361298
7 2157436 361298
7 2157463 361299
7 2157634 361300
7 2157643 361300
7 2163457 361300
7 2163475 361298
7 2163547 361299
7 2163574 361297
7 2163745 361299
7 2163754 361298
7 2164357 361299
7 2164375 361299
7 2164537 361300
7 2164573 361299
7 2164735 361298
7 2164753 361299
7 2165347 361300
7 2165374 361298
7 2165437 361302
7 2165473 361300
7 2165734 361300
7 2165743 361300
7 2167345 361301
7 2167354 361300
7 2167435 361300
7 2167453 361301
7 2167534 361301
7 2167543 361301
7 2173456 361301
7 2173465 361300
7 2173546 361300
7 2173564 361299
7 2173645 361299
7 2173654 361300
7 2174356 361300
7 2174365 361300
7 2174536 361299
7 2174563 361301
7 2174635 361299
7 2174653 361299
7 2175346 361299
7 2175364 361299
7 2175436 361300
7 2175463 361299
7 2175634 361301
7 2175643 361301
7 2176345 361301
7 2176354 361300
7 2176435 361300
7 2176453 361301
7 2176534 361301
7 2176543 361302
7 2314567 361301
7 2314576 361301
7 2314657 361301
7 2314675 361300
7 2314756 361300
7 2314765 361301
7 2315467 361301
7 2315476 361301
7 2315647 361300
7 2315674 361301
7 2315746 361300
7 2315764 361300
7 2316457 361300
7 2316475 361300
7 2316547 361301
7 2316574 361300
7 2316745 361301
7 2316754 361301
7 2317456 361301
7 2317465 361300
7 2317546 361300
7 2317564 361301
7 2317645 361301
7 2317654 361301
7 2341567 361301
7 2341576 361301
7 2341657 361301
7 2341675 361301
7 2341756 361301
7 2341765 361301
7 2345167 361301
7 2345176 361301
7 2345617 361301
7 2345671 361302
7 2345716 361299
7 2345761 361301
7 2346157 361298
7 2346175 361298
7 2346517 361300
7 2346571 361301
7 2346715 361299
7 2346751 361300
7 2347156 361299
7 2347165 361299
7 2347516 361298
7 2347561 361300
7 2347615 361299
7 2347651 361301
7 2351467 361298
7 2351476 361298
7 2351647 361297
7 2351674 361298
7 2351746 361297
7 2351764 361298
7 2354167 361300
7 2354176 361300
7 2354617 361300
7 2354671 361301
7 2354716 361299
7 2354761 361301
7 2356147 361298
7 2356174 361298
7 2356417 361299
7 2356471 361299
7 2356714 361299
7 2356741 361300
7 2357146 361297
7 2357164 361297
7 2357416 361297
7 2357461 361299
7 2357614 361299
7 2357641 361299
7 2361457 361298
7 2361475 361297
7 2361547 361298
7 2361574 361297
7 2361745 361298
7 2361754 361298
7 2364157 361297
7 2364175 361297
7 2364517 361299
7 2364571 361299
7 2364715 361297
7 2364751 361299
7 2365147 361298
7 2365174 361298
7 2365417 361300
7 2365471 361301
7 2365714 361299
7 2365741 361299
7 2367145 361299
7 2367154 361299
7 2367415 361298
7 2367451 361300
7 2367514 361299
7 2367541 361300
7 2371456 361299
7 2371465 361299
7 2371546 361299
7 2371564 361299
7 2371645 361299
7 2371654 361299
7 2374156 361298
7 2374165 361298
7 2374516 361298
7 2374561 361300
7 2374615 361297
7 2374651 361299
7 2375146 361297
7 2375164 361297
7 2375416 361298
7 2375461 361299
7 2375614 361299
7 2375641 361300
7 2376145 361299
7 2376154 361299
7 2376415 361298
7 2376451 361300
7 2376514 361299
7 2376541 361301
7 2413567 361300
7 2413576 361300
7 2413657 361300
7 2413675 361300
7 2413756 361300
7 2413765 361300
7 2415367 361298
7 2415376 361298
7 2415637 361297
7 2415673 361298
7 2415736 361296
7 2415763 361298
7 2416357 361297
7 2416375 361297
7 2416537 361297
7 2416573 361298
7 2416735 361297
7 2416753 361298
7 2417356 361297
7 2417365 361297
7 2417536 361296
7 2417563 361298
7 2417635 361297
7 2417653 361298
7 2431567 361300
7 2431576 361300
7 2431657 361300
7 2431675 361300
7 2431756 361300
7 2431765 361300
7 2435167 361300
7 2435176 361300
7 2435617 361300
7 2435671 361301
7 2435716 361299
7 2435761 361301
7 2436157 361298
7 2436175 361298
7 2436517 361300
7 2436571 361301
7 2436715 361299
7 2436751 361300
7 2437156 361299
7 2437165 361299
7 2437516 361298
7 2437561 361300
7 2437615 361299
7 2437651 361301
7 2451367 361299
7 2451376 361299
7 2451637 361298
7 2451673 361298
7 2451736 361297
7 2451763 361298
7 2453167 361299
7 2453176 361299
7 2453617 361298
7 2453671 361299
7 2453716 361298
7 2453761 361299
7 2456137 361299
7 2456173 361299
7 2456317 361299
7 2456371 361299
7 2456713 361300
7 2456731 361300
7 2457136 361297
7 2457163 361297
7 2457316 361297
7 2457361 361297
7 2457613 361299
7 2457631 361299
7 2461357 361297
7 2461375 361296
7 2461537 361296
7 2461573 361296
7 2461735 361297
7 2461753 361296
7 2463157 361296
7 2463175 361296
7 2463517 361298
7 2463571 361298
7 2463715 361296
7 2463751 361297
7 2465137 361298
7 2465173 361298
7 2465317 361298
7 2465371 361298
7 2465713 361299
7 2465731 361299
7 2467135 361298
7 2467153 361297
7 2467315 361297
7 2467351 361298
7 2467513 361298
7 2467531 361298
7 2471356 361297
7 2471365 361297
7 2471536 361296
7 2471563 361297
7 2471635 361296
7 2471653 361297
7 2473156 361297
7 2473165 361297
7 2473516 361296
7 2473561 361297
7 2473615 361296
7 2473651 361298
7 2475136 361296
7 2475163 361296
7 2475316 361296
7 2475361 361296
7 2475613 361298
7 2475631 361298
7 2476135 361297
7 2476153 361297
7 2476315 361297
7 2476351 361297
7 2476513 361299
7 2476531 361299
7 2513467 361298
7 2513476 361298
7 2513647 361296
7 2513674 361297
7 2513746 361296
7 2513764 361297
7 2514367 361299
7 2514376 361299
7 2514637 361296
7 2514673 361297
7 2514736 361296
7 2514763 361297
7 2516347 361297
7 2516374 361296
7 2516437 361297
7 2516473 361296
7 2516734 361298
7 2516743 361298
7 2517346 361297
7 2517364 361296
7 2517436 361297
7 2517463 361296
7 2517634 361298
7 2517643 361298
7 2531467 361297
7 2531476 361297
7 2531647 361296
7 2531674 361297
7 2531746 361296
7 2531764 361297
7 2534167 361299
7 2534176 361299
7 2534617 361298
7 2534671 361299
7 2534716 361298
7 2534761 361299
7 2536147 361296
7 2536174 361296
7 2536417 361298
7 2536471 361298
7 2536714 361297
7 2536741 361297
7 2537146 361296
7 2537164 361296
7 2537416 361296
7 2537461 361297
7 2537614 361297
7 2537641 361298
7 2541367 361298
7 2541376 361298
7 2541637 361297
7 2541673 361298
7 2541736 361297
7 2541763 361298
7 2543167 361300
7 2543176 361300
7 2543617 361300
7 2543671 361301
7 2543716 361299
7 2543761 361301
7 2546137 361298
7 2546173 361298
7 2546317 361298
7 2546371 361298
7 2546713 361299
7 2546731 361299
7 2547136 361297
7 2547163 361297
7 2547316 361297
7 2547361 361298
7 2547613 361299
7 2547631 361299
7 2561347 361298
7 2561374 361297
7 2561437 361298
7 2561473 361297
7 2561734 361298
7 2561743 361298
7 2563147 361297
7 2563174 361297
7 2563417 361299
7 2563471 361299
7 2563714 361297
7 2563741 361298
7 2564137 361298
7 2564173 361298
7 2564317 361299
7 2564371 361299
7 2564713 361298
7 2564731 361298
7 2567134 361299
7 2567143 361299
7 2567314 361298
7 2567341 361300
7 2567413 361299
7 2567431 361300
7 2571346 361297
7 2571364 361296
7 2571436 361297
7 2571463 361296
7 2571634 361297
7 2571643 361297
7 2573146 361296
7 2573164 361296
7 2573416 361297
7 2573461 361298
7 2573614 361296
7 2573641 361297
7 2574136 361296
7 2574163 361296
7 2574316 361297
7 2574361 361297
7 2574613 361298
7 2574631 361298
7 2576134 361299
7 2576143 361299
7 2576314 361298
7 2576341 361299
7 2576413 361298
7 2576431 361299
7 2613457 361298
7 2613475 361297
7 2613547 361298
7 2613574 361296
7 2613745 361297
7 2613754 361297
7 2614357 361298
7 2614375 361297
7 2614537 361298
7 2614573 361297
7 2614735 361296
7 2614753 361296
7 2615347 361298
7 2615374 361296
7 2615437 361299
7 2615473 361297
7 2615734 361297
7 2615743 361297
7 2617345 361298
7 2617354 361298
7 2617435 361298
7 2617453 361298
7 2617534 361298
7 2617543 361298
7 2631457 361297
7 2631475 361296
7 2631547 361297
7 2631574 361296
7 2631745 361297
7 2631754 361297
7 2634157 361297
7 2634175 361297
7 2634517 361299
7 2634571 361299
7 2634715 361297
7 2634751 361297
7 2635147 361296
7 2635174 361296
7 2635417 361298
7 2635471 361298
7 2635714 361296
7 2635741 361296
7 2637145 361297
7 2637154 361297
7 2637415 361296
7 2637451 361298
7 2637514 361296
7 2637541 361297
7 2641357 361296
7 2641375 361296
7 2641537 361296
7 2641573 361296
7 2641735 361296
7 2641753 361296
7 2643157 361297
7 2643175 361297
7 2643517 361298
7 2643571 361298
7 2643715 361297
7 2643751 361298
7 2645137 361298
7 2645173 361298
7 2645317 361299
7 2645371 361299
7 2645713 361298
7 2645731 361298
7 2647135 361296
7 2647153 361296
7 2647315 361296
7 2647351 361297
7 2647513 361298
7 2647531 361298
7 2651347 361298
7 2651374 361297
7 2651437 361298
7 2651473 361297
7 2651734 361298
7 2651743 361298
7 2653147 361297
7 2653174 361297
7 2653417 361299
7 2653471 361299
7 2653714 361297
7 2653741 361297
7 2654137 361298
7 2654173 361298
7 2654317 361300
7 2654371 361301
7 2654713 361299
7 2654731 361299
7 2657134 361299
7 2657143 361299
7 2657314 361298
7 2657341 361299
7 2657413 361298
7 2657431 361299
7 2671345 361299
7 2671354 361299
7 2671435 361299
7 2671453 361299
7 2671534 361299
7 2671543 361299
7 2673145 361298
7 2673154 361298
7 2673415 361298
7 2673451 361300
7 2673514 361297
7 2673541 361299
7 2674135 361297
7 2674153 361297
7 2674315 361298
7 2674351 361299
7 2674513 361299
7 2674531 361300
7 2675134 361299
7 2675143 361299
7 2675314 361298
7 2675341 361300
7 2675413 361299
7 2675431 361300
7 2713456 361299
7 2713465 361299
7 2713546 361299
7 2713564 361298
7 2713645 361298
7 2713654 361299
7 2714356 361299
7 2714365 361299
7 2714536 361298
7 2714563 361299
7 2714635 361298
7 2714653 361298
7 2715346 361298
7 2715364 361298
7 2715436 361299
7 2715463 361298
7 2715634 361299
7 2715643 361299
7 2716345 361299
7 2716354 361298
7 2716435 361298
7 2716453 361299
7 2716534 361299
7 2716543 361300
7 2731456 361298
7 2731465 361298
7 2731546 361298
7 2731564 361298
7 2731645 361298
7 2731654 361298
7 2734156 361298
7 2734165 361298
7 2734516 361298
7 2734561 361300
7 2734615 361297
7 2734651 361299
7 2735146 361296
7 2735164 361296
7 2735416 361298
7 2735461 361299
7 2735614 361297
7 2735641 361298
7 2736145 361297
7 2736154 361297
7 2736415 361296
7 2736451 361298
7 2736514 361297
7 2736541 361299
7 2741356 361297
7 2741365 361297
7 2741536 361296
7 2741563 361297
7 2741635 361296
7 2741653 361297
7 2743156 361298
7 2743165 361298
7 2743516 361298
7 2743561 361299
7 2743615 361297
7 2743651 361299
7 2745136 361297
7 2745163 361297
7 2745316 361298
7 2745361 361298
7 2745613 361299
7 2745631 361300
7 2746135 361296
7 2746153 361296
7 2746315 361296
7 2746351 361298
7 2746513 361298
7 2746531 361298
7 2751346 361297
7 2751364 361296
7 2751436 361297
7 2751463 361296
7 2751634 361297
7 2751643 361297
7 2753146 361296
7 2753164 361296
7 2753416 361298
7 2753461 361298
7 2753614 361296
7 2753641 361298
7 2754136 361297
7 2754163 361297
7 2754316 361298
7 2754361 361299
7 2754613 361298
7 2754631 361298
7 2756134 361299
7 2756143 361299
7 2756314 361298
7 2756341 361300
7 2756413 361299
7 2756431 361300
7 2761345 361299
7 2761354 361299
7 2761435 361299
7 2761453 361299
7 2761534 361299
7 2761543 361299
7 2763145 361298
7 2763154 361298
7 2763415 361298
7 2763451 361300
7 2763514 361297
7 2763541 361299
7 2764135 361297
7 2764153 361297
7 2764315 361298
7 2764351 361299
7 2764513 361299
7 2764531 361300
7 2765134 361299
7 2765143 361299
7 2765314 361298
7 2765341 361300
7 2765413 361299
7 2765431 361301
7 3124567 361301
7 3124576 361301
7 3124657 361301
7 3124675 361300
7 3124756 361300
7 3124765 361301
7 3125467 361301
7 3125476 361301
7 3125647 361300
7 3125674 361301
7 3125746 361300
7 3125764 361300
7 3126457 361300
7 3126475 361300
7 3126547 361301
7 3126574 361300
7 3126745 361301
7 3126754 361301
7 3127456 361301
7 3127465 361300
7 3127546 361300
7 3127564 361301
7 3127645 361301
7 3127654 361301
7 3142567 361300
7 3142576 361300
7 3142657 361300
7 3142675 361300
7 3142756 361300
7 3142765 361300
7 3145267 361298
7 3145276 361298
7 3145627 361298
7 3145672 361299
7 3145726 361297
7 3145762 361299
7 3146257 361296
7 3146275 361296
7 3146527 361298
7 3146572 361299
7 3146725 361297
7 3146752 361298
7 3147256 361297
7 3147265 361297
7 3147526 361296
7 3147562 361298
7 3147625 361297
7 3147652 361299
7 3152467 361298
7 3152476 361298
7 3152647 361297
7 3152674 361297
7 3152746 361297
7 3152764 361297
7 3154267 361299
7 3154276 361299
7 3154627 361298
7 3154672 361299
7 3154726 361297
7 3154762 361299
7 3156247 361297
7 3156274 361297
7 3156427 361298
7 3156472 361298
7 3156724 361298
7 3156742 361299
7 3157246 361296
7 3157264 361296
7 3157426 361296
7 3157462 361298
7 3157624 361298
7 3157642 361298
7 3162457 361297
7 3162475 361296
7 3162547 361297
7 3162574 361296
7 3162745 361297
7 3162754 361297
7 3164257 361296
7 3164275 361296
7 3164527 361298
7 3164572 361298
7 3164725 361296
7 3164752 361298
7 3165247 361297
7 3165274 361297
7 3165427 361299
7 3165472 361299
7 3165724 361298
7 3165742 361298
7 3167245 361298
7 3167254 361298
7 3167425 361297
7 3167452 361299
7 3167524 361298
7 3167542 361299
7 3172456 361298
7 3172465 361298
7 3172546 361298
7 3172564 361298
7 3172645 361298
7 3172654 361298
7 3174256 361297
7 3174265 361297
7 3174526 361297
7 3174562 361299
7 3174625 361296
7 3174652 361298
7 3175246 361296
7 3175264 361296
7 3175426 361297
7 3175462 361298
7 3175624 361298
7 3175642 361299
7 3176245 361298
7 3176254 361298
7 3176425 361297
7 3176452 361299
7 3176524 361298
7 3176542 361300
7 3214567 361302
7 3214576 361302
7 3214657 361302
7 3214675 361301
7 3214756 361301
7 3214765 361302
7 3215467 361302
7 3215476 361302
7 3215647 361300
7 3215674 361301
7 3215746 361300
7 3215764 361300
7 3216457 361300
7 3216475 361300
7 3216547 361302
7 3216574 361300
7 3216745 361301
7 3216754 361301
7 3217456 361301
7 3217465 361300
7 3217546 361300
7 3217564 361301
7 3217645 361301
7 3217654 361302
7 3241567 361300
7 3241576 361300
7 3241657 361300
7 3241675 361300
7 3241756 361300
7 3241765 361300
7 3245167 361300
7 3245176 361300
7 3245617 361300
7 3245671 361301
7 3245716 361299
7 3245761 361301
7 3246157 361298
7 3246175 361298
7 3246517 361300
7 3246571 361301
7 3246715 361299
7 3246751 361300
7 3247156 361299
7 3247165 361299
7 3247516 361298
7 3247561 361300
7 3247615 361299
7 3247651 361301
7 3251467 361299
7 3251476 361299
7 3251647 361297
7 3251674 361298
7 3251746 361297
7 3251764 361298
7 3254167 361300
7 3254176 361300
7 3254617 361300
7 3254671 361301
7 3254716 361299
7 3254761 361301
7 3256147 361298
7 3256174 361298
7 3256417 361299
7 3256471 361299
7 3256714 361299
7 3256741 361300
7 3257146 361297
7 3257164 361297
7 3257416 361297
7 3257461 361299
7 3257614 361299
7 3257641 361299
7 3261457 361298
7 3261475 361297
7 3261547 361299
7 3261574 361297
7 3261745 361298
7 3261754 361298
7 3264157 361297
7 3264175 361297
7 3264517 361299
7 3264571 361299
7 3264715 361297
7 3264751 361299
7 3265147 361298
7 3265174 361298
7 3265417 361300
7 3265471 361301
7 3265714 361299
7 3265741 361299
7 3267145 361299
7 3267154 361299
7 3267415 361298
7 3267451 361300
7 3267514 361299
7 3267541 361300
7 3271456 361299
7 3271465 361299
7 3271546 361299
7 3271564 361299
7 3271645 361299
7 3271654 361300
7 3274156 361298
7 3274165 361298
7 3274516 361298
7 3274561 361300
7 3274615 361297
7 3274651 361299
7 3275146 361297
7 3275164 361297
7 3275416 361298
7 3275461 361299
7 3275614 361299
7 3275641 361300
7 3276145 361299
7 3276154 361299
7 3276415 361298
7 3276451 361300
7 3276514 361299
7 3276541 361301
7 3412567 361301
7 3412576 361301
7 3412657 361301
7 3412675 361301
7 3412756 361301
7 3412765 361301
7 3415267 361299
7 3415276 361299
7 3415627 361298
7 3415672 361299
7 3415726 361297
7 3415762 361299
7 3416257 361297
7 3416275 361297
7 3416527 361298
7 3416572 361299
7 3416725 361298
7 3416752 361299
7 3417256 361298
7 3417265 361298
7 3417526 361297
7 3417562 361299
7 3417625 361298
7 3417652 361299
7 3421567 361301
7 3421576 361301
7 3421657 361301
7 3421675 361301
7 3421756 361301
7 3421765 361301
7 3425167 361299
7 3425176 361299
7 3425617 361299
7 3425671 361300
7 3425716 361298
7 3425761 361300
7 3426157 361298
7 3426175 361298
7 3426517 361299
7 3426571 361300
7 3426715 361299
7 3426751 361300
7 3427156 361299
7 3427165 361299
7 3427516 361298
7 3427561 361300
7 3427615 361299
7 3427651 361300
7 3451267 361301
7 3451276 361301
7 3451627 361299
7 3451672 361299
7 3451726 361298
7 3451762 361299
7 3452167 361301
7 3452176 361301
7 3452617 361299
7 3452671 361300
7 3452716 361299
7 3452761 361300
7 3456127 361301
7 3456172 361300
7 3456217 361301
7 3456271 361300
7 3456712 361302
7 3456721 361302
7 3457126 361299
7 3457162 361298
7 3457216 361299
7 3457261 361298
7 3457612 361301
7 3457621 361301
7 3461257 361298
7 3461275 361298
7 3461527 361297
7 3461572 361297
7 3461725 361297
7 3461752 361297
7 3462157 361298
7 3462175 361298
7 3462517 361297
7 3462571 361297
7 3462715 361297
7 3462751 361297
7 3465127 361300
7 3465172 361299
7 3465217 361300
7 3465271 361299
7 3465712 361301
7 3465721 361301
7 3467125 361299
7 3467152 361298
7 3467215 361299
7 3467251 361298
7 3467512 361300
7 3467521 361300
7 3471256 361299
7 3471265 361299
7 3471526 361297
7 3471562 361298
7 3471625 361297
7 3471652 361298
7 3472156 361299
7 3472165 361299
7 3472516 361297
7 3472561 361298
7 3472615 361297
7 3472651 361298
7 3475126 361298
7 3475162 361297
7 3475216 361298
7 3475261 361297
7 3475612 361300
7 3475621 361300
7 3476125 361299
7 3476152 361298
7 3476215 361299
7 3476251 361298
7 3476512 361301
7 3476521 361301
7 3512467 361299
7 3512476 361299
7 3512647 361297
7 3512674 361298
7 3512746 361297
7 3512764 361298
7 3514267 361298
7 3514276 361298
7 3514627 361296
7 3514672 361297
7 3514726 361296
7 3514762 361297
7 3516247 361297
7 3516274 361297
7 3516427 361296
7 3516472 361296
7 3516724 361297
7 3516742 361297
7 3517246 361297
7 3517264 361296
7 3517426 361296
7 3517462 361296
7 3517624 361297
7 3517642 361297
7 3521467 361298
7 3521476 361298
7 3521647 361297
7 3521674 361298
7 3521746 361297
7 3521764 361298
7 3524167 361299
7 3524176 361299
7 3524617 361298
7 3524671 361299
7 3524716 361298
7 3524761 361299
7 3526147 361296
7 3526174 361296
7 3526417 361297
7 3526471 361297
7 3526714 361297
7 3526741 361297
7 3527146 361296
7 3527164 361296
7 3527416 361296
7 3527461 361297
7 3527614 361297
7 3527641 361297
7 3541267 361300
7 3541276 361300
7 3541627 361298
7 3541672 361299
7 3541726 361298
7 3541762 361299
7 3542167 361300
7 3542176 361300
7 3542617 361298
7 3542671 361299
7 3542716 361298
7 3542761 361299
7 3546127 361300
7 3546172 361299
7 3546217 361300
7 3546271 361299
7 3546712 361301
7 3546721 361301
7 3547126 361299
7 3547162 361298
7 3547216 361299
7 3547261 361298
7 3547612 361301
7 3547621 361301
7 3561247 361299
7 3561274 361298
7 3561427 361297
7 3561472 361297
7 3561724 361298
7 3561742 361297
7 3562147 361298
7 3562174 361298
7 3562417 361298
7 3562471 361298
7 3562714 361297
7 3562741 361298
7 3564127 361299
7 3564172 361298
7 3564217 361299
7 3564271 361298
7 3564712 361299
7 3564721 361299
7 3567124 361300
7 3567142 361298
7 3567214 361299
7 3567241 361299
7 3567412 361300
7 3567421 361300
7 3571246 361298
7 3571264 361297
7 3571426 361296
7 3571462 361296
7 3571624 361296
7 3571642 361296
7 3572146 361297
7 3572164 361297
7 3572416 361296
7 3572461 361297
7 3572614 361296
7 3572641 361296
7 3574126 361297
7 3574162 361296
7 3574216 361297
7 3574261 361296
7 3574612 361299
7 3574621 361299
7 3576124 361299
7 3576142 361298
7 3576214 361299
7 3576241 361298
7 3576412 361299
7 3576421 361299
7 3612457 361298
7 3612475 361297
7 3612547 361298
7 3612574 361297
7 3612745 361298
7 3612754 361298
7 3614257 361296
7 3614275 361296
7 3614527 361297
7 3614572 361297
7 3614725 361296
7 3614752 361296
7 3615247 361296
7 3615274 361296
7 3615427 361298
7 3615472 361297
7 3615724 361296
7 3615742 361296
7 3617245 361297
7 3617254 361297
7 3617425 361296
7 3617452 361297
7 3617524 361296
7 3617542 361297
7 3621457 361298
7 3621475 361297
7 3621547 361298
7 3621574 361297
7 3621745 361298
7 3621754 361298
7 3624157 361296
7 3624175 361296
7 3624517 361297
7 3624571 361297
7 3624715 361296
7 3624751 361296
7 3625147 361297
7 3625174 361296
7 3625417 361298
7 3625471 361298
7 3625714 361296
7 3625741 361296
7 3627145 361297
7 3627154 361297
7 3627415 361296
7 3627451 361297
7 3627514 361296
7 3627541 361297
7 3641257 361297
7 3641275 361297
7 3641527 361296
7 3641572 361296
7 3641725 361296
7 3641752 361296
7 3642157 361297
7 3642175 361297
7 3642517 361296
7 3642571 361296
7 3642715 361296
7 3642751 361296
7 3645127 361299
7 3645172 361298
7 3645217 361299
7 3645271 361298
7 3645712 361299
7 3645721 361299
7 3647125 361297
7 3647152 361296
7 3647215 361297
7 3647251 361296
7 3647512 361299
7 3647521 361299
7 3651247 361298
7 3651274 361298
7 3651427 361297
7 3651472 361297
7 3651724 361297
7 3651742 361297
7 3652147 361298
7 3652174 361298
7 3652417 361297
7 3652471 361297
7 3652714 361297
7 3652741 361297
7 3654127 361300
7 3654172 361299
7 3654217 361300
7 3654271 361299
7 3654712 361301
7 3654721 361301
7 3657124 361299
7 3657142 361298
7 3657214 361299
7 3657241 361298
7 3657412 361299
7 3657421 361299
7 3671245 361299
7 3671254 361299
7 3671425 361297
7 3671452 361298
7 3671524 361297
7 3671542 361298
7 3672145 361299
7 3672154 361299
7 3672415 361297
7 3672451 361298
7 3672514 361297
7 3672541 361298
7 3674125 361298
7 3674152 361297
7 3674215 361298
7 3674251 361297
7 3674512 361300
7 3674521 361300
7 3675124 361299
7 3675142 361298
7 3675214 361299
7 3675241 361298
7 3675412 361300
7 3675421 361300
7 3712456 361299
7 3712465 361299
7 3712546 361299
7 3712564 361299
7 3712645 361299
7 3712654 361299
7 3714256 361297
7 3714265 361297
7 3714526 361297
7 3714562 361298
7 3714625 361296
7 3714652 361298
7 3715246 361296
7 3715264 361296
7 3715426 361297
7 3715462 361298
7 3715624 361297
7 3715642 361298
7 3716245 361297
7 3716254 361297
7 3716425 361296
7 3716452 361298
7 3716524 361297
7 3716542 361299
7 3721456 361299
7 3721465 361299
7 3721546 361299
7 3721564 361299
7 3721645 361299
7 3721654 361299
7 3724156 361297
7 3724165 361297
7 3724516 361297
7 3724561 361298
7 3724615 361296
7 3724651 361298
7 3725146 361296
7 3725164 361296
7 3725416 361297
7 3725461 361298
7 3725614 361297
7 3725641 361298
7 3726145 361297
7 3726154 361298
7 3726415 361296
7 3726451 361298
7 3726514 361297
7 3726541 361299
7 3741256 361298
7 3741265 361298
7 3741526 361296
7 3741562 361297
7 3741625 361296
7 3741652 361297
7 3742156 361298
7 3742165 361298
7 3742516 361296
7 3742561 361297
7 3742615 361296
7 3742651 361297
7 3745126 361298
7 3745162 361297
7 3745216 361298
7 3745261 361297
7 3745612 361300
7 3745621 361300
7 3746125 361297
7 3746152 361296
7 3746215 361297
7 3746251 361296
7 3746512 361299
7 3746521 361299
7 3751246 361297
7 3751264 361297
7 3751426 361296
7 3751462 361296
7 3751624 361296
7 3751642 361296
7 3752146 361297
7 3752164 361297
7 3752416 361296
7 3752461 361296
7 3752614 361296
7 3752641 361296
7 3754126 361298
7 3754162 361297
7 3754216 361298
7 3754261 361297
7 3754612 361299
7 3754621 361299
7 3756124 361299
7 3756142 361298
7 3756214 361299
7 3756241 361298
7 3756412 361300
7 3756421 361300
7 3761245 361299
7 3761254 361299
7 3761425 361297
7 3761452 361298
7 3761524 361297
7 3761542 361298
7 3762145 361299
7 3762154 361299
7 3762415 361297
7 3762451 361298
7 3762514 361297
7 3762541 361298
7 3764125 361298
7 3764152 361297
7 3764215 361298
7 3764251 361297
7 3764512 361300
7 3764521 361300
7 3765124 361299
7 3765142 361298
7 3765214 361299
7 3765241 361298
7 3765412 361301
7 3765421 361301
7 4123567 361301
7 4123576 361301
7 4123657 361301
7 4123675 361301
7 4123756 361301
7 4123765 361301
7 4125367 361298
7 4125376 361298
7 4125637 361298
7 4125673 361299
7 4125736 361297
7 4125763 361299
7 4126357 361297
7 4126375 361297
7 4126537 361298
7 4126573 361299
7 4126735 361298
7 4126753 361299
7 4127356 361298
7 4127365 361298
7 4127536 361297
7 4127563 361299
7 4127635 361298
7 4127653 361299
7 4132567 361300
7 4132576 361300
7 4132657 361300
7 4132675 361300
7 4132756 361300
7 4132765 361300
7 4135267 361297
7 4135276 361297
7 4135627 361297
7 4135672 361298
7 4135726 361296
7 4135762 361298
7 4136257 361296
7 4136275 361296
7 4136527 361297
7 4136572 361298
7 4136725 361297
7 4136752 361298
7 4137256 361297
7 4137265 361297
7 4137526 361296
7 4137562 361298
7 4137625 361297
7 4137652 361298
7 4152367 361299
7 4152376 361299
7 4152637 361297
7 4152673 361297
7 4152736 361296
7 4152763 361297
7 4153267 361298
7 4153276 361298
7 4153627 361296
7 4153672 361297
7 4153726 361296
7 4153762 361297
7 4156237 361298
7 4156273 361297
7 4156327 361298
7 4156372 361297
7 4156723 361299
7 4156732 361299
7 4157236 361297
7 4157263 361296
7 4157326 361297
7 4157362 361296
7 4157623 361299
7 4157632 361299
7 4162357 361298
7 4162375 361297
7 4162537 361296
7 4162573 361296
7 4162735 361297
7 4162753 361296
7 4163257 361297
7 4163275 361297
7 4163527 361296
7 4163572 361296
7 4163725 361296
7 4163752 361296
7 4165237 361298
7 4165273 361297
7 4165327 361298
7 4165372 361297
7 4165723 361299
7 4165732 361299
7 4167235 361298
7 4167253 361297
7 4167325 361298
7 4167352 361297
7 4167523 361299
7 4167532 361299
7 4172356 361298
7 4172365 361298
7 4172536 361296
7 4172563 361297
7 4172635 361296
7 4172653 361297
7 4173256 361298
7 4173265 361298
7 4173526 361296
7 4173562 361297
7 4173625 361296
7 4173652 361297
7 4175236 361297
7 4175263 361296
7 4175326 361297
7 4175362 361296
7 4175623 361299
7 4175632 361299
7 4176235 361298
7 4176253 361297
7 4176325 361298
7 4176352 361297
7 4176523 361299
7 4176532 361299
7 4213567 361300
7 4213576 361300
7 4213657 361300
7 4213675 361300
7 4213756 361300
7 4213765 361300
7 4215367 361299
7 4215376 361299
7 4215637 361298
7 4215673 361299
7 4215736 361297
7 4215763 361299
7 4216357 361297
7 4216375 361297
7 4216537 361299
7 4216573 361299
7 4216735 361298
7 4216753 361299
7 4217356 361298
7 4217365 361298
7 4217536 361297
7 4217563 361299
7 4217635 361298
7 4217653 361300
7 4231567 361301
7 4231576 361301
7 4231657 361301
7 4231675 361301
7 4231756 361301
7 4231765 361301
7 4235167 361299
7 4235176 361299
7 4235617 361299
7 4235671 361300
7 4235716 361298
7 4235761 361300
7 4236157 361298
7 4236175 361298
7 4236517 361299
7 4236571 361300
7 4236715 361299
7 4236751 361300
7 4237156 361299
7 4237165 361299
7 4237516 361298
7 4237561 361300
7 4237615 361299
7 4237651 361300
7 4251367 361298
7 4251376 361298
7 4251637 361296
7 4251673 361297
7 4251736 361296
7 4251763 361297
7 4253167 361299
7 4253176 361299
7 4253617 361298
7 4253671 361299
7 4253716 361298
7 4253761 361299
7 4256137 361297
7 4256173 361297
7 4256317 361297
7 4256371 361297
7 4256713 361298
7 4256731 361298
7 4257136 361296
7 4257163 361296
7 4257316 361296
7 4257361 361296
7 4257613 361298
7 4257631 361298
7 4261357 361296
7 4261375 361296
7 4261537 361297
7 4261573 361296
7 4261735 361296
7 4261753 361296
7 4263157 361296
7 4263175 361296
7 4263517 361297
7 4263571 361297
7 4263715 361296
7 4263751 361297
7 4265137 361297
7 4265173 361297
7 4265317 361298
7 4265371 361298
7 4265713 361298
7 4265731 361298
7 4267135 361297
7 4267153 361297
7 4267315 361297
7 4267351 361297
7 4267513 361298
7 4267531 361298
7 4271356 361297
7 4271365 361297
7 4271536 361296
7 4271563 361297
7 4271635 361296
7 4271653 361298
7 4273156 361297
7 4273165 361297
7 4273516 361296
7 4273561 361297
7 4273615 361296
7 4273651 361297
7 4275136 361296
7 4275163 361296
7 4275316 361296
7 4275361 361296
7 4275613 361298
7 4275631 361298
7 4276135 361297
7 4276153 361297
7 4276315 361297
7 4276351 361297
7 4276513 361298
7 4276531 361299
7 4312567 361301
7 4312576 361301
7 4312657 361301
7 4312675 361301
7 4312756 361301
7 4312765 361301
7 4315267 361298
7 4315276 361298
7 4315627 361298
7 4315672 361299
7 4315726 361297
7 4315762 361299
7 4316257 361297
7 4316275 361297
7 4316527 361298
7 4316572 361299
7 4316725 361298
7 4316752 361299
7 4317256 361298
7 4317265 361298
7 4317526 361297
7 4317562 361299
7 4317625 361298
7 4317652 361299
7 4321567 361302
7 4321576 361302
7 4321657 361302
7 4321675 361301
7 4321756 361301
7 4321765 361302
7 4325167 361300
7 4325176 361300
7 4325617 361300
7 4325671 361301
7 4325716 361299
7 4325761 361301
7 4326157 361299
7 4326175 361298
7 4326517 361300
7 4326571 361301
7 4326715 361299
7 4326751 361300
7 4327156 361299
7 4327165 361300
7 4327516 361298
7 4327561 361300
7 4327615 361299
7 4327651 361301
7 4351267 361300
7 4351276 361300
7 4351627 361298
7 4351672 361299
7 4351726 361298
7 4351762 361299
7 4352167 361300
7 4352176 361300
7 4352617 361298
7 4352671 361299
7 4352716 361298
7 4352761 361299
7 4356127 361300
7 4356172 361299
7 4356217 361300
7 4356271 361299
7 4356712 361301
7 4356721 361301
7 4357126 361299
7 4357162 361298
7 4357216 361299
7 4357261 361298
7 4357612 361301
7 4357621 361301
7 4361257 361298
7 4361275 361298
7 4361527 361297
7 4361572 361297
7 4361725 361297
7 4361752 361297
7 4362157 361298
7 4362175 361298
7 4362517 361298
7 4362571 361298
7 4362715 361297
7 4362751 361297
7 4365127 361300
7 4365172 361299
7 4365217 361300
7 4365271 361299
7 4365712 361301
7 4365721 361301
7 4367125 361299
7 4367152 361298
7 4367215 361299
7 4367251 361298
7 4367512 361300
7 4367521 361300
7 4371256 361299
7 4371265 361299
7 4371526 361297
7 4371562 361298
7 4371625 361297
7 4371652 361298
7 4372156 361299
7 4372165 361299
7 4372516 361297
7 4372561 361298
7 4372615 361298
7 4372651 361299
7 4375126 361298
7 4375162 361297
7 4375216 361298
7 4375261 361297
7 4375612 361300
7 4375621 361300
7 4376125 361299
7 4376152 361298
7 4376215 361299
7 4376251 361298
7 4376512 361301
7 4376521 361301
7 4512367 361301
7 4512376 361301
7 4512637 361298
7 4512673 361299
7 4512736 361298
7 4512763 361299
7 4513267 361300
7 4513276 361300
7 4513627 361297
7 4513672 361298
7 4513726 361297
7 4513762 361298
7 4516237 361299
7 4516273 361298
7 4516327 361298
7 4516372 361297
7 4516723 361299
7 4516732 361299
7 4517236 361298
7 4517263 361297
7 4517326 361298
7 4517362 361297
7 4517623 361299
7 4517632 361299
7 4521367 361300
7 4521376 361300
7 4521637 361298
7 4521673 361299
7 4521736 361298
7 4521763 361299
7 4523167 361301
7 4523176 361301
7 4523617 361299
7 4523671 361300
7 4523716 361299
7 4523761 361300
7 4526137 361297
7 4526173 361297
7 4526317 361298
7 4526371 361298
7 4526713 361298
7 4526731 361298
7 4527136 361297
7 4527163 361297
7 4527316 361297
7 4527361 361297
7 4527613 361298
7 4527631 361298
7 4531267 361301
7 4531276 361301
7 4531627 361298
7 4531672 361299
7 4531726 361298
7 4531762 361299
7 4532167 361301
7 4532176 361301
7 4532617 361299
7 4532671 361300
7 4532716 361299
7 4532761 361300
7 4536127 361299
7 4536172 361298
7 4536217 361299
7 4536271 361298
7 4536712 361300
7 4536721 361300
7 4537126 361299
7 4537162 361298
7 4537216 361299
7 4537261 361298
7 4537612 361300
7 4537621 361300
7 4561237 361301
7 4561273 361299
7 4561327 361300
7 4561372 361298
7 4561723 361300
7 4561732 361299
7 4562137 361300
7 4562173 361299
7 4562317 361301
7 4562371 361300
7 4562713 361298
7 4562731 361299
7 4563127 361301
7 4563172 361299
7 4563217 361301
7 4563271 361300
7 4563712 361300
7 4563721 361300
7 4567123 361302
7 4567132 361301
7 4567213 361301
7 4567231 361302
7 4567312 361302
7 4567321 361302
7 4571236 361299
7 4571263 361298
7 4571326 361299
7 4571362 361297
7 4571623 361298
7 4571632 361298
7 4572136 361299
7 4572163 361298
7 4572316 361299
7 4572361 361298
7 4572613 361297
7 4572631 361297
7 4573126 361299
7 4573162 361297
7 4573216 361299
7 4573261 361298
7 4573612 361298
7 4573621 361298
7 4576123 361301
7 4576132 361301
7 4576213 361301
7 4576231 361301
7 4576312 361301
7 4576321 361301
7 4612357 361299
7 4612375 361298
7 4612537 361297
7 4612573 361297
7 4612735 361297
7 4612753 361297
7 4613257 361298
7 4613275 361298
7 4613527 361296
7 4613572 361296
7 4613725 361296
7 4613752 361296
7 4615237 361297
7 4615273 361296
7 4615327 361297
7 4615372 361296
7 4615723 361297
7 4615732 361297
7 4617235 361298
7 4617253 361296
7 4617325 361297
7 4617352 361296
7 4617523 361297
7 4617532 361297
7 4621357 361298
7 4621375 361298
7 4621537 361297
7 4621573 361297
7 4621735 361297
7 4621753 361297
7 4623157 361298
7 4623175 361298
7 4623517 361298
7 4623571 361298
7 4623715 361297
7 4623751 361297
7 4625137 361297
7 4625173 361296
7 4625317 361297
7 4625371 361297
7 4625713 361296
7 4625731 361296
7 4627135 361296
7 4627153 361296
7 4627315 361296
7 4627351 361297
7 4627513 361296
7 4627531 361296
7 4631257 361298
7 4631275 361298
7 4631527 361296
7 4631572 361296
7 4631725 361296
7 4631752 361296
7 4632157 361298
7 4632175 361298
7 4632517 361297
7 4632571 361297
7 4632715 361297
7 4632751 361297
7 4635127 361299
7 4635172 361298
7 4635217 361299
7 4635271 361298
7 4635712 361299
7 4635721 361299
7 4637125 361297
7 4637152 361296
7 4637215 361297
7 4637251 361296
7 4637512 361298
7 4637521 361298
7 4651237 361300
7 4651273 361299
7 4651327 361300
7 4651372 361298
7 4651723 361299
7 4651732 361299
7 4652137 361300
7 4652173 361299
7 4652317 361300
7 4652371 361299
7 4652713 361298
7 4652731 361298
7 4653127 361300
7 4653172 361298
7 4653217 361300
7 4653271 361299
7 4653712 361299
7 4653721 361299
7 4657123 361301
7 4657132 361301
7 4657213 361301
7 4657231 361301
7 4657312 361301
7 4657321 361301
7 4671235 361300
7 4671253 361298
7 4671325 361299
7 4671352 361297
7 4671523 361298
7 4671532 361298
7 4672135 361299
7 4672153 361298
7 4672315 361299
7 4672351 361299
7 4672513 361297
7 4672531 361297
7 4673125 361299
7 4673152 361297
7 4673215 361299
7 4673251 361298
7 4673512 361299
7 4673521 361299
7 4675123 361300
7 4675132 361300
7 4675213 361300
7 4675231 361300
7 4675312 361300
7 4675321 361300
7 4712356 361299
7 4712365 361299
7 4712536 361297
7 4712563 361298
7 4712635 361297
7 4712653 361298
7 4713256 361299
7 4713265 361299
7 4713526 361296
7 4713562 361297
7 4713625 361296
7 4713652 361297
7 4715236 361297
7 4715263 361296
7 4715326 361297
7 4715362 361296
7 4715623 361298
7 4715632 361298
7 4716235 361297
7 4716253 361296
7 4716325 361297
7 4716352 361296
7 4716523 361298
7 4716532 361298
7 4721356 361299
7 4721365 361299
7 4721536 361297
7 4721563 361298
7 4721635 361297
7 4721653 361298
7 4723156 361299
7 4723165 361299
7 4723516 361297
7 4723561 361298
7 4723615 361297
7 4723651 361298
7 4725136 361296
7 4725163 361296
7 4725316 361296
7 4725361 361296
7 4725613 361297
7 4725631 361297
7 4726135 361296
7 4726153 361297
7 4726315 361296
7 4726351 361296
7 4726513 361297
7 4726531 361298
7 4731256 361299
7 4731265 361299
7 4731526 361296
7 4731562 361297
7 4731625 361296
7 4731652 361297
7 4732156 361299
7 4732165 361299
7 4732516 361297
7 4732561 361298
7 4732615 361297
7 4732651 361298
7 4735126 361297
7 4735162 361296
7 4735216 361297
7 4735261 361296
7 4735612 361298
7 4735621 361298
7 4736125 361297
7 4736152 361296
7 4736215 361297
7 4736251 361297
7 4736512 361299
7 4736521 361299
7 4751236 361298
7 4751263 361297
7 4751326 361298
7 4751362 361296
7 4751623 361297
7 4751632 361297
7 4752136 361298
7 4752163 361297
7 4752316 361298
7 4752361 361297
7 4752613 361296
7 4752631 361296
7 4753126 361298
7 4753162 361296
7 4753216 361298
7 4753261 361297
7 4753612 361297
7 4753621 361297
7 4756123 361300
7 4756132 361300
7 4756213 361300
7 4756231 361300
7 4756312 361300
7 4756321 361300
7 4761235 361299
7 4761253 361298
7 4761325 361299
7 4761352 361297
7 4761523 361298
7 4761532 361298
7 4762135 361299
7 4762153 361298
7 4762315 361299
7 4762351 361298
7 4762513 361297
7 4762531 361297
7 4763125 361299
7 4763152 361297
7 4763215 361299
7 4763251 361298
7 4763512 361298
7 4763521 361298
7 4765123 361301
7 4765132 361301
7 4765213 361301
7 4765231 361301
7 4765312 361301
7 4765321 361301
7 5123467 361301
7 5123476 361301
7 5123647 361298
7 5123674 361299
7 5123746 361298
7 5123764 361299
7 5124367 361300
7 5124376 361300
7 5124637 361297
7 5124673 361298
7 5124736 361297
7 5124763 361298
7 5126347 361298
7 5126374 361297
7 5126437 361298
7 5126473 361297
7 5126734 361299
7 5126743 361299
7 5127346 361298
7 5127364 361297
7 5127436 361298
7 5127463 361297
7 5127634 361299
7 5127643 361299
7 5132467 361300
7 5132476 361300
7 5132647 361298
7 5132674 361299
7 5132746 361298
7 5132764 361299
7 5134267 361299
7 5134276 361299
7 5134627 361297
7 5134672 361298
7 5134726 361297
7 5134762 361298
7 5136247 361296
7 5136274 361296
7 5136427 361296
7 5136472 361296
7 5136724 361297
7 5136742 361297
7 5137246 361296
7 5137264 361296
7 5137426 361296
7 5137462 361296
7 5137624 361297
7 5137642 361297
7 5142367 361299
7 5142376 361299
7 5142637 361296
7 5142673 361297
7 5142736 361296
7 5142763 361297
7 5143267 361300
7 5143276 361300
7 5143627 361297
7 5143672 361298
7 5143726 361297
7 5143762 361298
7 5146237 361297
7 5146273 361296
7 5146327 361297
7 5146372 361296
7 5146723 361298
7 5146732 361298
7 5147236 361297
7 5147263 361296
7 5147326 361297
7 5147362 361296
7 5147623 361298
7 5147632 361298
7 5162347 361299
7 5162374 361297
7 5162437 361298
7 5162473 361296
7 5162734 361298
7 5162743 361297
7 5163247 361298
7 5163274 361297
7 5163427 361298
7 5163472 361297
7 5163724 361296
7 5163742 361296
7 5164237 361298
7 5164273 361296
7 5164327 361298
7 5164372 361297
7 5164723 361297
7 5164732 361297
7 5167234 361299
7 5167243 361299
7 5167324 361299
7 5167342 361299
7 5167423 361299
7 5167432 361299
7 5172346 361299
7 5172364 361297
7 5172436 361298
7 5172463 361296
7 5172634 361297
7 5172643 361297
7 5173246 361298
7 5173264 361297
7 5173426 361298
7 5173462 361297
7 5173624 361296
7 5173642 361296
7 5174236 361298
7 5174263 361296
7 5174326 361298
7 5174362 361297
7 5174623 361297
7 5174632 361297
7 5176234 361299
7 5176243 361299
7 5176324 361299
7 5176342 361299
7 5176423 361299
7 5176432 361299
7 5213467 361300
7 5213476 361300
7 5213647 361298
7 5213674 361299
7 5213746 361298
7 5213764 361299
7 5214367 361300
7 5214376 361300
7 5214637 361297
7 5214673 361298
7 5214736 361297
7 5214763 361298
7 5216347 361298
7 5216374 361297
7 5216437 361298
7 5216473 361297
7 5216734 361299
7 5216743 361299
7 5217346 361298
7 5217364 361297
7 5217436 361298
7 5217463 361297
7 5217634 361299
7 5217643 361299
7 5231467 361299
7 5231476 361299
7 5231647 361298
7 5231674 361299
7 5231746 361298
7 5231764 361299
7 5234167 361301
7 5234176 361301
7 5234617 361299
7 5234671 361300
7 5234716 361299
7 5234761 361300
7 5236147 361297
7 5236174 361297
7 5236417 361297
7 5236471 361297
7 5236714 361298
7 5236741 361298
7 5237146 361297
7 5237164 361297
7 5237416 361297
7 5237461 361297
7 5237614 361298
7 5237641 361298
7 5241367 361299
7 5241376 361299
7 5241637 361296
7 5241673 361297
7 5241736 361296
7 5241763 361297
7 5243167 361299
7 5243176 361299
7 5243617 361298
7 5243671 361299
7 5243716 361298
7 5243761 361299
7 5246137 361296
7 5246173 361296
7 5246317 361296
7 5246371 361296
7 5246713 361297
7 5246731 361297
7 5247136 361296
7 5247163 361296
7 5247316 361296
7 5247361 361296
7 5247613 361297
7 5247631 361297
7 5261347 361297
7 5261374 361296
7 5261437 361297
7 5261473 361296
7 5261734 361297
7 5261743 361297
7 5263147 361296
7 5263174 361296
7 5263417 361298
7 5263471 361298
7 5263714 361296
7 5263741 361297
7 5264137 361296
7 5264173 361296
7 5264317 361297
7 5264371 361297
7 5264713 361296
7 5264731 361296
7 5267134 361298
7 5267143 361298
7 5267314 361297
7 5267341 361298
7 5267413 361297
7 5267431 361298
7 5271346 361297
7 5271364 361296
7 5271436 361297
7 5271463 361296
7 5271634 361297
7 5271643 361297
7 5273146 361296
7 5273164 361296
7 5273416 361297
7 5273461 361298
7 5273614 361296
7 5273641 361296
7 5274136 361296
7 5274163 361296
7 5274316 361297
7 5274361 361297
7 5274613 361296
7 5274631 361296
7 5276134 361298
7 5276143 361298
7 5276314 361297
7 5276341 361298
7 5276413 361297
7 5276431 361298
7 5312467 361299
7 5312476 361299
7 5312647 361298
7 5312674 361299
7 5312746 361298
7 5312764 361299
7 5314267 361299
7 5314276 361299
7 5314627 361296
7 5314672 361297
7 5314726 361296
7 5314762 361297
7 5316247 361296
7 5316274 361296
7 5316427 361297
7 5316472 361296
7 5316724 361297
7 5316742 361297
7 5317246 361296
7 5317264 361296
7 5317426 361296
7 5317462 361296
7 5317624 361297
7 5317642 361298
7 5321467 361300
7 5321476 361300
7 5321647 361299
7 5321674 361299
7 5321746 361298
7 5321764 361300
7 5324167 361299
7 5324176 361299
7 5324617 361298
7 5324671 361299
7 5324716 361298
7 5324761 361299
7 5326147 361298
7 5326174 361297
7 5326417 361298
7 5326471 361298
7 5326714 361298
7 5326741 361298
7 5327146 361297
7 5327164 361298
7 5327416 361297
7 5327461 361297
7 5327614 361298
7 5327641 361299
7 5341267 361301
7 5341276 361301
7 5341627 361298
7 5341672 361299
7 5341726 361298
7 5341762 361299
7 5342167 361301
7 5342176 361301
7 5342617 361299
7 5342671 361300
7 5342716 361299
7 5342761 361300
7 5346127 361299
7 5346172 361298
7 5346217 361299
7 5346271 361298
7 5346712 361300
7 5346721 361300
7 5347126 361299
7 5347162 361298
7 5347216 361299
7 5347261 361298
7 5347612 361300
7 5347621 361300
7 5361247 361297
7 5361274 361297
7 5361427 361297
7 5361472 361296
7 5361724 361296
7 5361742 361296
7 5362147 361297
7 5362174 361297
7 5362417 361297
7 5362471 361297
7 5362714 361296
7 5362741 361296
7 5364127 361299
7 5364172 361298
7 5364217 361299
7 5364271 361298
7 5364712 361299
7 5364721 361299
7 5367124 361298
7 5367142 361297
7 5367214 361298
7 5367241 361297
7 5367412 361298
7 5367421 361298
7 5371246 361297
7 5371264 361297
7 5371426 361296
7 5371462 361296
7 5371624 361296
7 5371642 361297
7 5372146 361297
7 5372164 361297
7 5372416 361296
7 5372461 361296
7 5372614 361297
7 5372641 361297
7 5374126 361297
7 5374162 361296
7 5374216 361297
7 5374261 361296
7 5374612 361298
7 5374621 361298
7 5376124 361298
7 5376142 361297
7 5376214 361298
7 5376241 361297
7 5376412 361299
7 5376421 361299
7 5412367 361301
7 5412376 361301
7 5412637 361298
7 5412673 361299
7 5412736 361298
7 5412763 361299
7 5413267 361300
7 5413276 361300
7 5413627 361297
7 5413672 361298
7 5413726 361297
7 5413762 361298
7 5416237 361298
7 5416273 361297
7 5416327 361298
7 5416372 361297
7 5416723 361299
7 5416732 361299
7 5417236 361298
7 5417263 361297
7 5417326 361298
7 5417362 361297
7 5417623 361299
7 5417632 361299
7 5421367 361300
7 5421376 361300
7 5421637 361298
7 5421673 361299
7 5421736 361298
7 5421763 361299
7 5423167 361301
7 5423176 361301
7 5423617 361299
7 5423671 361300
7 5423716 361299
7 5423761 361300
7 5426137 361297
7 5426173 361297
7 5426317 361297
7 5426371 361297
7 5426713 361298
7 5426731 361298
7 5427136 361297
7 5427163 361297
7 5427316 361297
7 5427361 361297
7 5427613 361298
7 5427631 361298
7 5431267 361301
7 5431276 361301
7 5431627 361298
7 5431672 361299
7 5431726 361298
7 5431762 361299
7 5432167 361302
7 5432176 361302
7 5432617 361300
7 5432671 361301
7 5432716 361300
7 5432761 361301
7 5436127 361300
7 5436172 361299
7 5436217 361300
7 5436271 361299
7 5436712 361301
7 5436721 361301
7 5437126 361299
7 5437162 361298
7 5437216 361299
7 5437261 361299
7 5437612 361301
7 5437621 361301
7 5461237 361300
7 5461273 361299
7 5461327 361300
7 5461372 361298
7 5461723 361299
7 5461732 361299
7 5462137 361300
7 5462173 361299
7 5462317 361300
7 5462371 361299
7 5462713 361298
7 5462731 361298
7 5463127 361300
7 5463172 361298
7 5463217 361300
7 5463271 361299
7 5463712 361299
7 5463721 361299
7 5467123 361301
7 5467132 361301
7 5467213 361301
7 5467231 361301
7 5467312 361301
7 5467321 361301
7 5471236 361299
7 5471263 361298
7 5471326 361299
7 5471362 361297
7 5471623 361298
7 5471632 361298
7 5472136 361299
7 5472163 361298
7 5472316 361299
7 5472361 361298
7 5472613 361297
7 5472631 361297
7 5473126 361299
7 5473162 361297
7 5473216 361299
7 5473261 361298
7 5473612 361299
7 5473621 361299
7 5476123 361301
7 5476132 361301
7 5476213 361301
7 5476231 361301
7 5476312 361301
7 5476321 361301
7 5612347 361301
7 5612374 361299
7 5612437 361300
7 5612473 361298
7 5612734 361299
7 5612743 361299
7 5613247 361300
7 5613274 361299
7 5613427 361299
7 5613472 361298
7 5613724 361297
7 5613742 361297
7 5614237 361299
7 5614273 361297
7 5614327 361300
7 5614372 361298
7 5614723 361298
7 5614732 361298
7 5617234 361300
7 5617243 361299
7 5617324 361299
7 5617342 361299
7 5617423 361299
7 5617432 361299
7 5621347 361300
7 5621374 361299
7 5621437 361300
7 5621473 361298
7 5621734 361299
7 5621743 361299
7 5623147 361299
7 5623174 361299
7 5623417 361301
7 5623471 361300
7 5623714 361298
7 5623741 361298
7 5624137 361299
7 5624173 361297
7 5624317 361299
7 5624371 361299
7 5624713 361297
7 5624731 361297
7 5627134 361298
7 5627143 361298
7 5627314 361297
7 5627341 361299
7 5627413 361297
7 5627431 361298
7 5631247 361299
7 5631274 361299
7 5631427 361299
7 5631472 361297
7 5631724 361297
7 5631742 361297
7 5632147 361300
7 5632174 361299
7 5632417 361299
7 5632471 361299
7 5632714 361298
7 5632741 361298
7 5634127 361301
7 5634172 361299
7 5634217 361301
7 5634271 361300
7 5634712 361300
7 5634721 361300
7 5637124 361298
7 5637142 361297
7 5637214 361298
7 5637241 361297
7 5637412 361299
7 5637421 361299
7 5641237 361301
7 5641273 361299
7 5641327 361300
7 5641372 361298
7 5641723 361299
7 5641732 361299
7 5642137 361300
7 5642173 361299
7 5642317 361301
7 5642371 361300
7 5642713 361298
7 5642731 361298
7 5643127 361301
7 5643172 361299
7 5643217 361301
7 5643271 361300
7 5643712 361300
7 5643721 361300
7 5647123 361300
7 5647132 361300
7 5647213 361300
7 5647231 361300
7 5647312 361300
7 5647321 361300
7 5671234 361302
7 5671243 361301
7 5671324 361301
7 5671342 361300
7 5671423 361300
7 5671432 361301
7 5672134 361301
7 5672143 361301
7 5672314 361300
7 5672341 361302
7 5672413 361300
7 5672431 361300
7 5673124 361300
7 5673142 361300
7 5673214 361301
7 5673241 361300
7 5673412 361302
7 5673421 361302
7 5674123 361302
7 5674132 361301
7 5674213 361301
7 5674231 361302
7 5674312 361302
7 5674321 361302
7 5712346 361300
7 5712364 361298
7 5712436 361299
7 5712463 361297
7 5712634 361298
7 5712643 361298
7 5713246 361299
7 5713264 361298
7 5713426 361298
7 5713462 361297
7 5713624 361296
7 5713642 361296
7 5714236 361298
7 5714263 361296
7 5714326 361299
7 5714362 361297
7 5714623 361297
7 5714632 361297
7 5716234 361298
7 5716243 361298
7 5716324 361298
7 5716342 361298
7 5716423 361298
7 5716432 361298
7 5721346 361299
7 5721364 361298
7 5721436 361299
7 5721463 361297
7 5721634 361298
7 5721643 361298
7 5723146 361298
7 5723164 361298
7 5723416 361299
7 5723461 361299
7 5723614 361297
7 5723641 361297
7 5724136 361298
7 5724163 361296
7 5724316 361298
7 5724361 361298
7 5724613 361296
7 5724631 361296
7 5726134 361297
7 5726143 361297
7 5726314 361296
7 5726341 361297
7 5726413 361296
7 5726431 361297
7 5731246 361298
7 5731264 361298
7 5731426 361298
7 5731462 361296
7 5731624 361296
7 5731642 361296
7 5732146 361299
7 5732164 361298
7 5732416 361298
7 5732461 361298
7 5732614 361297
7 5732641 361297
7 5734126 361299
7 5734162 361297
7 5734216 361299
7 5734261 361298
7 5734612 361299
7 5734621 361299
7 5736124 361297
7 5736142 361297
7 5736214 361297
7 5736241 361297
7 5736412 361298
7 5736421 361298
7 5741236 361299
7 5741263 361297
7 5741326 361298
7 5741362 361296
7 5741623 361297
7 5741632 361297
7 5742136 361298
7 5742163 361297
7 5742316 361299
7 5742361 361298
7 5742613 361296
7 5742631 361296
7 5743126 361299
7 5743162 361297
7 5743216 361299
7 5743261 361298
7 5743612 361298
7 5743621 361298
7 5746123 361300
7 5746132 361300
7 5746213 361300
7 5746231 361300
7 5746312 361300
7 5746321 361300
7 5761234 361301
7 5761243 361301
7 5761324 361301
7 5761342 361300
7 5761423 361300
7 5761432 361301
7 5762134 361301
7 5762143 361301
7 5762314 361300
7 5762341 361301
7 5762413 361300
7 5762431 361300
7 5763124 361300
7 5763142 361300
7 5763214 361301
7 5763241 361300
7 5763412 361301
7 5763421 361301
7 5764123 361301
7 5764132 361300
7 5764213 361300
7 5764231 361301
7 5764312 361301
7 5764321 361301
7 6123457 361301
7 6123475 361299
7 6123547 361300
7 6123574 361298
7 6123745 361299
7 6123754 361299
7 6124357 361300
7 6124375 361299
7 6124537 361299
7 6124573 361298
7 6124735 361297
7 6124753 361297
7 6125347 361299
7 6125374 361297
7 6125437 361300
7 6125473 361298
7 6125734 361298
7 6125743 361298
7 6127345 361299
7 6127354 361299
7 6127435 361299
7 6127453 361299
7 6127534 361299
7 6127543 361299
7 6132457 361300
7 6132475 361299
7 6132547 361300
7 6132574 361298
7 6132745 361299
7 6132754 361299
7 6134257 361298
7 6134275 361298
7 6134527 361299
7 6134572 361298
7 6134725 361297
7 6134752 361297
7 6135247 361298
7 6135274 361296
7 6135427 361298
7 6135472 361298
7 6135724 361296
7 6135742 361296
7 6137245 361297
7 6137254 361297
7 6137425 361296
7 6137452 361297
7 6137524 361296
7 6137542 361297
7 6142357 361298
7 6142375 361298
7 6142537 361298
7 6142573 361296
7 6142735 361296
7 6142753 361296
7 6143257 361300
7 6143275 361299
7 6143527 361298
7 6143572 361298
7 6143725 361297
7 6143752 361297
7 6145237 361299
7 6145273 361297
7 6145327 361299
7 6145372 361298
7 6145723 361298
7 6145732 361298
7 6147235 361297
7 6147253 361296
7 6147325 361297
7 6147352 361296
7 6147523 361297
7 6147532 361297
7 6152347 361299
7 6152374 361297
7 6152437 361298
7 6152473 361296
7 6152734 361297
7 6152743 361297
7 6153247 361298
7 6153274 361297
7 6153427 361299
7 6153472 361298
7 6153724 361296
7 6153742 361296
7 6154237 361299
7 6154273 361297
7 6154327 361300
7 6154372 361298
7 6154723 361298
7 6154732 361298
7 6157234 361298
7 6157243 361298
7 6157324 361298
7 6157342 361298
7 6157423 361298
7 6157432 361298
7 6172345 361300
7 6172354 361299
7 6172435 361299
7 6172453 361298
7 6172534 361298
7 6172543 361299
7 6173245 361299
7 6173254 361299
7 6173425 361298
7 6173452 361299
7 6173524 361298
7 6173542 361298
7 6174235 361298
7 6174253 361298
7 6174325 361299
7 6174352 361298
7 6174523 361299
7 6174532 361299
7 6175234 361299
7 6175243 361298
7 6175324 361298
7 6175342 361299
7 6175423 361299
7 6175432 361299
7 6213457 361300
7 6213475 361299
7 6213547 361300
7 6213574 361298
7 6213745 361299
7 6213754 361299
7 6214357 361300
7 6214375 361299
7 6214537 361299
7 6214573 361298
7 6214735 361297
7 6214753 361297
7 6215347 361299
7 6215374 361297
7 6215437 361300
7 6215473 361298
7 6215734 361298
7 6215743 361298
7 6217345 361299
7 6217354 361299
7 6217435 361299
7 6217453 361299
7 6217534 361299
7 6217543 361299
7 6231457 361299
7 6231475 361298
7 6231547 361299
7 6231574 361298
7 6231745 361299
7 6231754 361299
7 6234157 361299
7 6234175 361299
7 6234517 361301
7 6234571 361300
7 6234715 361298
7 6234751 361298
7 6235147 361297
7 6235174 361297
7 6235417 361299
7 6235471 361299
7 6235714 361297
7 6235741 361297
7 6237145 361298
7 6237154 361298
7 6237415 361297
7 6237451 361298
7 6237514 361297
7 6237541 361298
7 6241357 361298
7 6241375 361298
7 6241537 361297
7 6241573 361296
7 6241735 361296
7 6241753 361296
7 6243157 361298
7 6243175 361298
7 6243517 361299
7 6243571 361299
7 6243715 361298
7 6243751 361298
7 6245137 361298
7 6245173 361297
7 6245317 361298
7 6245371 361298
7 6245713 361297
7 6245731 361297
7 6247135 361296
7 6247153 361296
7 6247315 361296
7 6247351 361296
7 6247513 361296
7 6247531 361296
7 6251347 361297
7 6251374 361296
7 6251437 361298
7 6251473 361296
7 6251734 361297
7 6251743 361297
7 6253147 361296
7 6253174 361296
7 6253417 361298
7 6253471 361298
7 6253714 361296
7 6253741 361296
7 6254137 361297
7 6254173 361297
7 6254317 361299
7 6254371 361299
7 6254713 361297
7 6254731 361297
7 6257134 361297
7 6257143 361297
7 6257314 361296
7 6257341 361297
7 6257413 361296
7 6257431 361297
7 6271345 361298
7 6271354 361298
7 6271435 361298
7 6271453 361298
7 6271534 361298
7 6271543 361298
7 6273145 361297
7 6273154 361297
7 6273415 361297
7 6273451 361299
7 6273514 361296
7 6273541 361298
7 6274135 361296
7 6274153 361296
7 6274315 361297
7 6274351 361298
7 6274513 361297
7 6274531 361298
7 6275134 361297
7 6275143 361297
7 6275314 361296
7 6275341 361298
7 6275413 361297
7 6275431 361298
7 6312457 361299
7 6312475 361298
7 6312547 361299
7 6312574 361298
7 6312745 361299
7 6312754 361299
7 6314257 361298
7 6314275 361298
7 6314527 361297
7 6314572 361297
7 6314725 361296
7 6314752 361296
7 6315247 361297
7 6315274 361296
7 6315427 361298
7 6315472 361297
7 6315724 361296
7 6315742 361296
7 6317245 361297
7 6317254 361297
7 6317425 361296
7 6317452 361297
7 6317524 361296
7 6317542 361297
7 6321457 361300
7 6321475 361299
7 6321547 361300
7 6321574 361298
7 6321745 361299
7 6321754 361299
7 6324157 361298
7 6324175 361298
7 6324517 361299
7 6324571 361299
7 6324715 361298
7 6324751 361298
7 6325147 361298
7 6325174 361297
7 6325417 361299
7 6325471 361299
7 6325714 361297
7 6325741 361297
7 6327145 361298
7 6327154 361298
7 6327415 361297
7 6327451 361298
7 6327514 361297
7 6327541 361298
7 6341257 361299
7 6341275 361299
7 6341527 361298
7 6341572 361297
7 6341725 361297
7 6341752 361297
7 6342157 361299
7 6342175 361299
7 6342517 361298
7 6342571 361298
7 6342715 361298
7 6342751 361298
7 6345127 361301
7 6345172 361299
7 6345217 361301
7 6345271 361300
7 6345712 361300
7 6345721 361300
7 6347125 361298
7 6347152 361297
7 6347215 361298
7 6347251 361297
7 6347512 361298
7 6347521 361298
7 6351247 361298
7 6351274 361297
7 6351427 361297
7 6351472 361296
7 6351724 361296
7 6351742 361296
7 6352147 361297
7 6352174 361297
7 6352417 361298
7 6352471 361298
7 6352714 361296
7 6352741 361296
7 6354127 361299
7 6354172 361298
7 6354217 361299
7 6354271 361298
7 6354712 361299
7 6354721 361299
7 6357124 361297
7 6357142 361296
7 6357214 361297
7 6357241 361296
7 6357412 361297
7 6357421 361297
7 6371245 361298
7 6371254 361298
7 6371425 361296
7 6371452 361297
7 6371524 361296
7 6371542 361297
7 6372145 361298
7 6372154 361298
7 6372415 361296
7 6372451 361297
7 6372514 361296
7 6372541 361297
7 6374125 361297
7 6374152 361296
7 6374215 361297
7 6374251 361296
7 6374512 361299
7 6374521 361299
7 6375124 361297
7 6375142 361296
7 6375214 361297
7 6375241 361296
7 6375412 361298
7 6375421 361298
7 6412357 361299
7 6412375 361299
7 6412537 361297
7 6412573 361297
7 6412735 361297
7 6412753 361297
7 6413257 361298
7 6413275 361298
7 6413527 361296
7 6413572 361296
7 6413725 361296
7 6413752 361296
7 6415237 361298
7 6415273 361296
7 6415327 361297
7 6415372 361296
7 6415723 361297
7 6415732 361297
7 6417235 361297
7 6417253 361296
7 6417325 361297
7 6417352 361296
7 6417523 361297
7 6417532 361297
7 6421357 361298
7 6421375 361298
7 6421537 361298
7 6421573 361297
7 6421735 361297
7 6421753 361298
7 6423157 361299
7 6423175 361299
7 6423517 361298
7 6423571 361298
7 6423715 361298
7 6423751 361298
7 6425137 361297
7 6425173 361296
7 6425317 361298
7 6425371 361298
7 6425713 361296
7 6425731 361296
7 6427135 361296
7 6427153 361297
7 6427315 361296
7 6427351 361296
7 6427513 361296
7 6427531 361297
7 6431257 361299
7 6431275 361299
7 6431527 361297
7 6431572 361297
7 6431725 361297
7 6431752 361297
7 6432157 361300
7 6432175 361300
7 6432517 361299
7 6432571 361299
7 6432715 361299
7 6432751 361299
7 6435127 361299
7 6435172 361298
7 6435217 361299
7 6435271 361298
7 6435712 361299
7 6435721 361299
7 6437125 361298
7 6437152 361297
7 6437215 361298
7 6437251 361298
7 6437512 361299
7 6437521 361299
7 6451237 361301
7 6451273 361299
7 6451327 361300
7 6451372 361298
7 6451723 361299
7 6451732 361299
7 6452137 361300
7 6452173 361299
7 6452317 361301
7 6452371 361300
7 6452713 361298
7 6452731 361298
7 6453127 361301
7 6453172 361299
7 6453217 361301
7 6453271 361300
7 6453712 361300
7 6453721 361300
7 6457123 361300
7 6457132 361300
7 6457213 361300
7 6457231 361300
7 6457312 361300
7 6457321 361300
7 6471235 361298
7 6471253 361297
7 6471325 361298
7 6471352 361296
7 6471523 361297
7 6471532 361297
7 6472135 361298
7 6472153 361297
7 6472315 361298
7 6472351 361297
7 6472513 361297
7 6472531 361297
7 6473125 361298
7 6473152 361296
7 6473215 361298
7 6473251 361297
7 6473512 361298
7 6473521 361298
7 6475123 361300
7 6475132 361300
7 6475213 361300
7 6475231 361300
7 6475312 361300
7 6475321 361300
7 6512347 361301
7 6512374 361299
7 6512437 361300
7 6512473 361298
7 6512734 361299
7 6512743 361299
7 6513247 361300
7 6513274 361299
7 6513427 361299
7 6513472 361298
7 6513724 361297
7 6513742 361297
7 6514237 361299
7 6514273 361297
7 6514327 361300
7 6514372 361298
7 6514723 361298
7 6514732 361298
7 6517234 361299
7 6517243 361299
7 6517324 361299
7 6517342 361299
7 6517423 361299
7 6517432 361299
7 6521347 361300
7 6521374 361299
7 6521437 361300
7 6521473 361298
7 6521734 361299
7 6521743 361299
7 6523147 361299
7 6523174 361299
7 6523417 361301
7 6523471 361300
7 6523714 361298
7 6523741 361298
7 6524137 361299
7 6524173 361297
7 6524317 361299
7 6524371 361299
7 6524713 361297
7 6524731 361297
7 6527134 361298
7 6527143 361298
7 6527314 361297
7 6527341 361298
7 6527413 361297
7 6527431 361298
7 6531247 361299
7 6531274 361299
7 6531427 361299
7 6531472 361297
7 6531724 361297
7 6531742 361297
7 6532147 361300
7 6532174 361299
7 6532417 361299
7 6532471 361299
7 6532714 361298
7 6532741 361298
7 6534127 361301
7 6534172 361299
7 6534217 361301
7 6534271 361300
7 6534712 361300
7 6534721 361300
7 6537124 361298
7 6537142 361297
7 6537214 361298
7 6537241 361297
7 6537412 361298
7 6537421 361298
7 6541237 361301
7 6541273 361299
7 6541327 361300
7 6541372 361298
7 6541723 361299
7 6541732 361299
7 6542137 361300
7 6542173 361299
7 6542317 361301
7 6542371 361300
7 6542713 361298
7 6542731 361298
7 6543127 361301
7 6543172 361299
7 6543217 361302
7 6543271 361301
7 6543712 361301
7 6543721 361301
7 6547123 361301
7 6547132 361301
7 6547213 361301
7 6547231 361301
7 6547312 361301
7 6547321 361301
7 6571234 361301
7 6571243 361301
7 6571324 361301
7 6571342 361300
7 6571423 361300
7 6571432 361301
7 6572134 361301
7 6572143 361301
7 6572314 361300
7 6572341 361301
7 6572413 361300
7 6572431 361300
7 6573124 361300
7 6573142 361300
7 6573214 361301
7 6573241 361300
7 6573412 361301
7 6573421 361301
7 6574123 361301
7 6574132 361300
7 6574213 361300
7 6574231 361301
7 6574312 361301
7 6574321 361301
7 6712345 361302
7 6712354 361301
7 6712435 361301
7 6712453 361300
7 6712534 361300
7 6712543 361301
7 6713245 361301
7 6713254 361301
7 6713425 361299
7 6713452 361300
7 6713524 361299
7 6713542 361299
7 6714235 361299
7 6714253 361299
7 6714325 361301
7 6714352 361299
7 6714523 361300
7 6714532 361300
7 6715234 361300
7 6715243 361299
7 6715324 361299
7 6715342 361300
7 6715423 361300
7 6715432 361301
7 6721345 361301
7 6721354 361301
7 6721435 361301
7 6721453 361300
7 6721534 361300
7 6721543 361301
7 6723145 361300
7 6723154 361300
7 6723415 361300
7 6723451 361302
7 6723514 361298
7 6723541 361300
7 6724135 361299
7 6724153 361298
7 6724315 361299
7 6724351 361300
7 6724513 361299
7 6724531 361299
7 6725134 361298
7 6725143 361299
7 6725314 361297
7 6725341 361299
7 6725413 361298
7 6725431 361300
7 6731245 361300
7 6731254 361300
7 6731425 361299
7 6731452 361298
7 6731524 361298
7 6731542 361299
7 6732145 361301
7 6732154 361301
7 6732415 361299
7 6732451 361300
7 6732514 361299
7 6732541 361300
7 6734125 361300
7 6734152 361299
7 6734215 361300
7 6734251 361299
7 6734512 361302
7 6734521 361302
7 6735124 361299
7 6735142 361298
7 6735214 361298
7 6735241 361299
7 6735412 361300
7 6735421 361300
7 6741235 361300
7 6741253 361298
7 6741325 361299
7 6741352 361297
7 6741523 361299
7 6741532 361298
7 6742135 361299
7 6742153 361299
7 6742315 361300
7 6742351 361299
7 6742513 361298
7 6742531 361299
7 6743125 361300
7 6743152 361298
7 6743215 361301
7 6743251 361300
7 6743512 361300
7 6743521 361300
7 6745123 361302
7 6745132 361301
7 6745213 361301
7 6745231 361302
7 6745312 361302
7 6745321 361302
7 6751234 361302
7 6751243 361301
7 6751324 361301
7 6751342 361300
7 6751423 361300
7 6751432 361301
7 6752134 361301
7 6752143 361301
7 6752314 361300
7 6752341 361302
7 6752413 361300
7 6752431 361300
7 6753124 361300
7 6753142 361300
7 6753214 361301
7 6753241 361300
7 6753412 361302
7 6753421 361302
7 6754123 361302
7 6754132 361301
7 6754213 361301
7 6754231 361302
7 6754312 361302
7 6754321 361302
7 7123456 361302
7 7123465 361301
7 7123546 361301
7 7123564 361300
7 7123645 361300
7 7123654 361301
7 7124356 361301
7 7124365 361301
7 7124536 361299
7 7124563 361300
7 7124635 361299
7 7124653 361299
7 7125346 361299
7 7125364 361299
7 7125436 361301
7 7125463 361299
7 7125634 361300
7 7125643 361300
7 7126345 361300
7 7126354 361299
7 7126435 361299
7 7126453 361300
7 7126534 361300
7 7126543 361301
7 7132456 361301
7 7132465 361301
7 7132546 361301
7 7132564 361300
7 7132645 361300
7 7132654 361301
7 7134256 361299
7 7134265 361299
7 7134526 361299
7 7134562 361300
7 7134625 361297
7 7134652 361299
7 7135246 361298
7 7135264 361297
7 7135426 361298
7 7135462 361299
7 7135624 361298
7 7135642 361298
7 7136245 361297
7 7136254 361298
7 7136425 361296
7 7136452 361298
7 7136524 361297
7 7136542 361299
7 7142356 361299
7 7142365 361299
7 7142536 361298
7 7142563 361297
7 7142635 361297
7 7142653 361298
7 7143256 361301
7 7143265 361301
7 7143526 361298
7 7143562 361299
7 7143625 361298
7 7143652 361299
7 7145236 361299
7 7145263 361298
7 7145326 361299
7 7145362 361298
7 7145623 361300
7 7145632 361300
7 7146235 361298
7 7146253 361297
7 7146325 361297
7 7146352 361298
7 7146523 361299
7 7146532 361299
7 7152346 361299
7 7152364 361297
7 7152436 361298
7 7152463 361296
7 7152634 361298
7 7152643 361297
7 7153246 361298
7 7153264 361298
7 7153426 361299
7 7153462 361298
7 7153624 361297
7 7153642 361298
7 7154236 361299
7 7154263 361297
7 7154326 361301
7 7154362 361299
7 7154623 361299
7 7154632 361299
7 7156234 361300
7 7156243 361299
7 7156324 361299
7 7156342 361300
7 7156423 361300
7 7156432 361300
7 7162345 361300
7 7162354 361299
7 7162435 361299
7 7162453 361298
7 7162534 361298
7 7162543 361299
7 7163245 361299
7 7163254 361299
7 7163425 361298
7 7163452 361300
7 7163524 361298
7 7163542 361298
7 7164235 361298
7 7164253 361298
7 7164325 361299
7 7164352 361298
7 7164523 361300
7 7164532 361300
7 7165234 361300
7 7165243 361299
7 7165324 361299
7 7165342 361300
7 7165423 361300
7 7165432 361301
7 7213456 361301
7 7213465 361301
7 7213546 361301
7 7213564 361300
7 7213645 361300
7 7213654 361301
7 7214356 361301
7 7214365 361301
7 7214536 361299
7 7214563 361300
7 7214635 361299
7 7214653 361299
7 7215346 361299
7 7215364 361299
7 7215436 361301
7 7215463 361299
7 7215634 361300
7 7215643 361300
7 7216345 361300
7 7216354 361299
7 7216435 361299
7 7216453 361300
7 7216534 361300
7 7216543 361301
7 7231456 361300
7 7231465 361300
7 7231546 361300
7 7231564 361300
7 7231645 361300
7 7231654 361300
7 7234156 361300
7 7234165 361300
7 7234516 361300
7 7234561 361302
7 7234615 361298
7 7234651 361300
7 7235146 361297
7 7235164 361297
7 7235416 361299
7 7235461 361300
7 7235614 361298
7 7235641 361299
7 7236145 361298
7 7236154 361298
7 7236415 361297
7 7236451 361299
7 7236514 361298
7 7236541 361300
7 7241356 361299
7 7241365 361299
7 7241536 361297
7 7241563 361297
7 7241635 361297
7 7241653 361297
7 7243156 361299
7 7243165 361299
7 7243516 361299
7 7243561 361300
7 7243615 361298
7 7243651 361300
7 7245136 361298
7 7245163 361298
7 7245316 361298
7 7245361 361298
7 7245613 361299
7 7245631 361299
7 7246135 361297
7 7246153 361296
7 7246315 361296
7 7246351 361298
7 7246513 361298
7 7246531 361298
7 7251346 361297
7 7251364 361296
7 7251436 361298
7 7251463 361296
7 7251634 361297
7 7251643 361297
7 7253146 361296
7 7253164 361296
7 7253416 361298
7 7253461 361298
7 7253614 361296
7 7253641 361298
7 7254136 361297
7 7254163 361297
7 7254316 361299
7 7254361 361300
7 7254613 361298
7 7254631 361298
7 7256134 361298
7 7256143 361298
7 7256314 361297
7 7256341 361299
7 7256413 361298
7 7256431 361299
7 7261345 361298
7 7261354 361298
7 7261435 361298
7 7261453 361298
7 7261534 361298
7 7261543 361299
7 7263145 361297
7 7263154 361297
7 7263415 361297
7 7263451 361299
7 7263514 361296
7 7263541 361298
7 7264135 361296
7 7264153 361296
7 7264315 361297
7 7264351 361298
7 7264513 361298
7 7264531 361299
7 7265134 361298
7 7265143 361298
7 7265314 361297
7 7265341 361299
7 7265413 361298
7 7265431 361300
7 7312456 361300
7 7312465 361300
7 7312546 361300
7 7312564 361300
7 7312645 361300
7 7312654 361300
7 7314256 361299
7 7314265 361299
7 7314526 361297
7 7314562 361298
7 7314625 361296
7 7314652 361298
7 7315246 361297
7 7315264 361297
7 7315426 361298
7 7315462 361298
7 7315624 361297
7 7315642 361298
7 7316245 361297
7 7316254 361297
7 7316425 361296
7 7316452 361298
7 7316524 361297
7 7316542 361299
7 7321456 361301
7 7321465 361301
7 7321546 361301
7 7321564 361300
7 7321645 361300
7 7321654 361301
7 7324156 361299
7 7324165 361299
7 7324516 361299
7 7324561 361300
7 7324615 361298
7 7324651 361300
7 7325146 361298
7 7325164 361297
7 7325416 361299
7 7325461 361300
7 7325614 361298
7 7325641 361299
7 7326145 361298
7 7326154 361299
7 7326415 361297
7 7326451 361299
7 7326514 361298
7 7326541 361300
7 7341256 361300
7 7341265 361300
7 7341526 361298
7 7341562 361298
7 7341625 361297
7 7341652 361298
7 7342156 361300
7 7342165 361300
7 7342516 361298
7 7342561 361299
7 7342615 361298
7 7342651 361299
7 7345126 361300
7 7345162 361299
7 7345216 361300
7 7345261 361299
7 7345612 361302
7 7345621 361302
7 7346125 361298
7 7346152 361297
7 7346215 361298
7 7346251 361297
7 7346512 361300
7 7346521 361300
7 7351246 361298
7 7351264 361297
7 7351426 361297
7 7351462 361296
7 7351624 361297
7 7351642 361296
7 7352146 361297
7 7352164 361297
7 7352416 361298
7 7352461 361298
7 7352614 361296
7 7352641 361297
7 7354126 361299
7 7354162 361298
7 7354216 361299
7 7354261 361298
7 7354612 361300
7 7354621 361300
7 7356124 361299
7 7356142 361297
7 7356214 361298
7 7356241 361298
7 7356412 361299
7 7356421 361299
7 7361245 361298
7 7361254 361298
7 7361425 361296
7 7361452 361297
7 7361524 361296
7 7361542 361298
7 7362145 361298
7 7362154 361298
7 7362415 361296
7 7362451 361297
7 7362514 361297
7 7362541 361298
7 7364125 361297
7 7364152 361296
7 7364215 361297
7 7364251 361296
7 7364512 361299
7 7364521 361299
7 7365124 361298
7 7365142 361297
7 7365214 361298
7 7365241 361297
7 7365412 361300
7 7365421 361300
7 7412356 361300
7 7412365 361300
7 7412536 361297
7 7412563 361298
7 7412635 361297
7 7412653 361298
7 7413256 361299
7 7413265 361299
7 7413526 361296
7 7413562 361297
7 7413625 361296
7 7413652 361297
7 7415236 361298
7 7415263 361297
7 7415326 361297
7 7415362 361296
7 7415623 361298
7 7415632 361298
7 7416235 361298
7 7416253 361296
7 7416325 361297
7 7416352 361296
7 7416523 361298
7 7416532 361298
7 7421356 361299
7 7421365 361299
7 7421536 361298
7 7421563 361298
7 7421635 361297
7 7421653 361299
7 7423156 361300
7 7423165 361300
7 7423516 361298
7 7423561 361299
7 7423615 361298
7 7423651 361299
7 7425136 361297
7 7425163 361296
7 7425316 361298
7 7425361 361298
7 7425613 361297
7 7425631 361297
7 7426135 361296
7 7426153 361297
7 7426315 361296
7 7426351 361297
7 7426513 361297
7 7426531 361298
7 7431256 361300
7 7431265 361300
7 7431526 361297
7 7431562 361298
7 7431625 361297
7 7431652 361298
7 7432156 361301
7 7432165 361301
7 7432516 361299
7 7432561 361300
7 7432615 361299
7 7432651 361300
7 7435126 361299
7 7435162 361298
7 7435216 361299
7 7435261 361298
7 7435612 361300
7 7435621 361300
7 7436125 361298
7 7436152 361297
7 7436215 361298
7 7436251 361298
7 7436512 361300
7 7436521 361300
7 7451236 361300
7 7451263 361298
7 7451326 361299
7 7451362 361297
7 7451623 361299
7 7451632 361298
7 7452136 361299
7 7452163 361298
7 7452316 361300
7 7452361 361299
7 7452613 361297
7 7452631 361298
7 7453126 361300
7 7453162 361298
7 7453216 361300
7 7453261 361299
7 7453612 361299
7 7453621 361299
7 7456123 361302
7 7456132 361301
7 7456213 361301
7 7456231 361302
7 7456312 361302
7 7456321 361302
7 7461235 361299
7 7461253 361297
7 7461325 361298
7 7461352 361296
7 7461523 361297
7 7461532 361297
7 7462135 361298
7 7462153 361297
7 7462315 361298
7 7462351 361298
7 7462513 361297
7 7462531 361297
7 7463125 361298
7 7463152 361296
7 7463215 361298
7 7463251 361297
7 7463512 361299
7 7463521 361299
7 7465123 361300
7 7465132 361300
7 7465213 361300
7 7465231 361300
7 7465312 361300
7 7465321 361300
7 7512346 361300
7 7512364 361298
7 7512436 361299
7 7512463 361297
7 7512634 361298
7 7512643 361298
7 7513246 361299
7 7513264 361298
7 7513426 361298
7 7513462 361297
7 7513624 361296
7 7513642 361296
7 7514236 361298
7 7514263 361296
7 7514326 361299
7 7514362 361297
7 7514623 361297
7 7514632 361297
7 7516234 361299
7 7516243 361298
7 7516324 361298
7 7516342 361298
7 7516423 361298
7 7516432 361298
7 7521346 361299
7 7521364 361298
7 7521436 361299
7 7521463 361297
7 7521634 361298
7 7521643 361298
7 7523146 361298
7 7523164 361298
7 7523416 361300
7 7523461 361299
7 7523614 361297
7 7523641 361297
7 7524136 361298
7 7524163 361296
7 7524316 361298
7 7524361 361298
7 7524613 361296
7 7524631 361296
7 7526134 361297
7 7526143 361297
7 7526314 361296
7 7526341 361298
7 7526413 361296
7 7526431 361297
7 7531246 361298
7 7531264 361298
7 7531426 361298
7 7531462 361296
7 7531624 361296
7 7531642 361297
7 7532146 361299
7 7532164 361299
7 7532416 361298
7 7532461 361298
7 7532614 361298
7 7532641 361298
7 7534126 361300
7 7534162 361298
7 7534216 361300
7 7534261 361299
7 7534612 361299
7 7534621 361299
7 7536124 361297
7 7536142 361297
7 7536214 361297
7 7536241 361297
7 7536412 361299
7 7536421 361299
7 7541236 361300
7 7541263 361298
7 7541326 361299
7 7541362 361297
7 7541623 361298
7 7541632 361298
7 7542136 361299
7 7542163 361298
7 7542316 361300
7 7542361 361299
7 7542613 361297
7 7542631 361297
7 7543126 361300
7 7543162 361298
7 7543216 361301
7 7543261 361300
7 7543612 361300
7 7543621 361300
7 7546123 361300
7 7546132 361300
7 7546213 361300
7 7546231 361300
7 7546312 361300
7 7546321 361300
7 7561234 361302
7 7561243 361301
7 7561324 361301
7 7561342 361300
7 7561423 361300
7 7561432 361301
7 7562134 361301
7 7562143 361301
7 7562314 361300
7 7562341 361302
7 7562413 361300
7 7562431 361300
7 7563124 361300
7 7563142 361300
7 7563214 361301
7 7563241 361300
7 7563412 361302
7 7563421 361302
7 7564123 361302
7 7564132 361301
7 7564213 361301
7 7564231 361302
7 7564312 361302
7 7564321 361302
7 7612345 361302
7 7612354 361301
7 7612435 361301
7 7612453 361300
7 7612534 361300
7 7612543 361301
7 7613245 361301
7 7613254 361301
7 7613425 361299
7 7613452 361300
7 7613524 361299
7 7613542 361299
7 7614235 361299
7 7614253 361299
7 7614325 361301
7 7614352 361299
7 7614523 361300
7 7614532 361300
7 7615234 361300
7 7615243 361299
7 7615324 361299
7 7615342 361300
7 7615423 361300
7 7615432 361301
7 7621345 361301
7 7621354 361301
7 7621435 361301
7 7621453 361300
7 7621534 361300
7 7621543 361301
7 7623145 361300
7 7623154 361300
7 7623415 361300
7 7623451 361302
7 7623514 361298
7 7623541 361300
7 7624135 361299
7 7624153 361298
7 7624315 361299
7 7624351 361300
7 7624513 361299
7 7624531 361299
7 7625134 361298
7 7625143 361299
7 7625314 361297
7 7625341 361299
7 7625413 361298
7 7625431 361300
7 7631245 361300
7 7631254 361300
7 7631425 361299
7 7631452 361298
7 7631524 361298
7 7631542 361299
7 7632145 361301
7 7632154 361301
7 7632415 361299
7 7632451 361300
7 7632514 361299
7 7632541 361300
7 7634125 361300
7 7634152 361299
7 7634215 361300
7 7634251 361299
7 7634512 361302
7 7634521 361302
7 7635124 361299
7 7635142 361298
7 7635214 361298
7 7635241 361299
7 7635412 361300
7 7635421 361300
7 7641235 361300
7 7641253 361298
7 7641325 361299
7 7641352 361297
7 7641523 361299
7 7641532 361298
7 7642135 361299
7 7642153 361299
7 7642315 361300
7 7642351 361299
7 7642513 361298
7 7642531 361299
7 7643125 361300
7 7643152 361298
7 7643215 361301
7 7643251 361300
7 7643512 361300
7 7643521 361300
7 7645123 361302
7 7645132 361301
7 7645213 361301
7 7645231 361302
7 7645312 361302
7 7645321 361302
7 7651234 361302
7 7651243 361301
7 7651324 361301
7 7651342 361300
7 7651423 361300
7 7651432 361301
7 7652134 361301
7 7652143 361301
7 7652314 361300
7 7652341 361302
7 7652413 361300
7 7652431 361300
7 7653124 361300
7 7653142 361300
7 7653214 361301
7 7653241 361300
7 7653412 361302
7 7653421 361302
7 7654123 361302
7 7654132 361301
7 7654213 361301
7 7654231 361302
7 7654312 361302
7 7654321 361302
