3 0 39916800
3 1 39916800
3 2 39916800
3 3 39900004
3 4 39900004
3 5 39858014
4 0 39916690
4 1 39863318
4 2 39916690
4 3 39732044
4 4 39863318
4 5 39732044
4 6 39863318
4 7 39086325
4 8 39863318
4 9 38158485
4 10 39461862
4 11 38494005
4 12 39732044
4 13 36441710
4 14 39732044
4 15 36441710
4 16 36153510
4 17 36153510
4 18 38158485
4 19 36441710
4 20 38494005
4 21 36092688
4 22 36153510
4 23 36153510
5 0 39381980
5 1 36836250
5 2 39381980
5 3 33804518
5 4 37328478
5 5 33464310
5 6 39381980
5 7 36836250
5 8 39381980
5 9 33464310
5 10 37328478
5 11 33804518
5 12 39381980
5 13 33804518
5 14 39381980
5 15 33804518
5 16 33464310
5 17 33464310
5 18 36836250
5 19 33804518
5 20 37328478
5 21 33405350
5 22 33464310
5 23 33464310
5 24 36836250
5 25 32397832
5 26 36836250
5 27 28112628
5 28 33068885
5 29 27858592
5 30 37328478
5 31 33068885
5 32 36836250
5 33 27858592
5 34 34799317
5 35 28617204
5 36 37328478
5 37 29139647
5 38 37328478
5 39 28540531
5 40 28750117
5 41 28756696
5 42 34799317
5 43 29242263
5 44 35049319
5 45 28802382
5 46 29303720
5 47 28960838
5 48 33804518
5 49 28112628
5 50 33804518
5 51 21244523
5 52 29139647
5 53 21101676
5 54 33464310
5 55 27858592
5 56 33804518
5 57 20884054
5 58 29242263
5 59 20901218
5 60 33464310
5 61 21101676
5 62 33464310
5 63 21058080
5 64 20598112
5 65 20598112
5 66 28750117
5 67 21284288
5 68 29303720
5 69 21016266
5 70 20863742
5 71 20863742
5 72 33464310
5 73 21244523
5 74 33804518
5 75 21438666
5 76 21101676
5 77 21244523
5 78 33804518
5 79 21101676
5 80 33405350
5 81 21055493
5 82 21284288
5 83 21016266
5 84 33464310
5 85 21244523
5 86 33464310
5 87 20922336
5 88 20863742
5 89 20863742
5 90 20598112
5 91 20863742
5 92 20863742
5 93 20572392
5 94 20598112
5 95 20598112
5 96 27858592
5 97 20884054
5 98 28540531
5 99 21055493
5 100 21058080
5 101 20922336
5 102 28617204
5 103 20901218
5 104 28802382
5 105 20558210
5 106 21016266
5 107 20971656
5 108 28756696
5 109 21016266
5 110 28960838
5 111 20971656
5 112 20572392
5 113 20572392
5 114 20598112
5 115 20863742
5 116 20863742
5 117 20572392
5 118 20598112
5 119 20598112
6 0 29537310
6 1 24356992
6 2 29537310
6 3 15998422
6 4 25136617
6 5 15819232
6 6 29491440
6 7 24340063
6 8 29879850
6 9 16031477
6 10 25524906
6 11 16136593
6 12 29879850
6 13 16113570
6 14 29537310
6 15 16135570
6 16 16019806
6 17 16009686
6 18 25206335
6 19 16136593
6 20 25667268
6 21 15987631
6 22 16009686
6 23 15819232
6 24 29537310
6 25 24356992
6 26 29537310
6 27 15998422
6 28 25136617
6 29 15819232
6 30 29879850
6 31 24551395
6 32 29537310
6 33 15819232
6 34 25606350
6 35 16009686
6 36 29879850
6 37 16294025
6 38 29879850
6 39 15987631
6 40 16163609
6 41 16136593
6 42 25956986
6 43 16163609
6 44 26088909
6 45 16135570
6 46 16271662
6 47 16031477
6 48 29879850
6 49 24551395
6 50 29879850
6 51 16271662
6 52 25557950
6 53 16163609
6 54 29537310
6 55 24356992
6 56 29879850
6 57 16009686
6 58 25673769
6 59 16019806
6 60 29537310
6 61 16163609
6 62 29537310
6 63 16136593
6 64 15819232
6 65 15819232
6 66 25167098
6 67 16294025
6 68 25701049
6 69 16113570
6 70 15998422
6 71 15998422
6 72 29537310
6 73 16271662
6 74 29879850
6 75 16410042
6 76 16163609
6 77 16271662
6 78 29879850
6 79 16163609
6 80 29491440
6 81 16135570
6 82 16294025
6 83 16113570
6 84 29537310
6 85 16271662
6 86 29537310
6 87 16031477
6 88 15998422
6 89 15998422
6 90 15819232
6 91 15998422
6 92 15998422
6 93 15805878
6 94 15819232
6 95 15819232
6 96 24356992
6 97 16009686
6 98 25001691
6 99 16135570
6 100 16136593
6 101 16031477
6 102 25065744
6 103 16019806
6 104 25205224
6 105 15800510
6 106 16113570
6 107 16089480
6 108 25174435
6 109 16113570
6 110 25359026
6 111 16089480
6 112 15805878
6 113 15805878
6 114 15819232
6 115 15998422
6 116 15998422
6 117 15805878
6 118 15819232
6 119 15819232
6 120 24356992
6 121 19682636
6 122 24356992
6 123 13363922
6 124 20174856
6 125 13231178
6 126 24340063
6 127 19677539
6 128 24551395
6 129 13311052
6 130 20417730
6 131 13415141
6 132 24551395
6 133 13409920
6 134 24356992
6 135 13418045
6 136 13307084
6 137 13306802
6 138 20184670
6 139 13417475
6 140 20492070
6 141 13286207
6 142 13303312
6 143 13231178
6 144 25136617
6 145 20174856
6 146 25136617
6 147 13626224
6 148 20538961
6 149 13568761
6 150 25206335
6 151 20184670
6 152 24356992
6 153 13231178
6 154 21900277
6 155 13532792
6 156 25956986
6 157 14235387
6 158 25065744
6 159 13557454
6 160 14095205
6 161 13732815
6 162 22552749
6 163 14215316
6 164 22302322
6 165 13693470
6 166 14228551
6 167 13659000
6 168 25524906
6 169 20417730
6 170 25557950
6 171 14011308
6 172 21069559
6 173 13986835
6 174 25667268
6 175 20492070
6 176 25001691
6 177 13581482
6 178 22062820
6 179 13596113
6 180 25167098
6 181 13946852
6 182 25174435
6 183 13720155
6 184 13579285
6 185 13578554
6 186 21513922
6 187 14249694
6 188 22166809
6 189 13728517
6 190 13812185
6 191 13786675
6 192 25606350
6 193 14165280
6 194 25673769
6 195 14217616
6 196 14073784
6 197 14108342
6 198 26088909
6 199 14266538
6 200 25205224
6 201 13780861
6 202 14241980
6 203 13709594
6 204 25701049
6 205 14184330
6 206 25359026
6 207 13695423
6 208 13862045
6 209 13788374
6 210 13927049
6 211 13973989
6 212 14176175
6 213 13671188
6 214 13925893
6 215 13696235
6 216 21900277
6 217 13916016
6 218 22062820
6 219 13975156
6 220 13973944
6 221 13927680
6 222 22302322
6 223 14190034
6 224 22089548
6 225 13604154
6 226 14308386
6 227 13776726
6 228 22166809
6 229 14305877
6 230 22192269
6 231 13815724
6 232 13894625
6 233 13677393
6 234 14029991
6 235 14068242
6 236 14228250
6 237 13691935
6 238 13960572
6 239 13676541
6 240 15998422
6 241 13363922
6 242 15998422
6 243 6151057
6 244 13626224
6 245 6126649
6 246 16113570
6 247 13409920
6 248 16271662
6 249 6220027
6 250 14165280
6 251 6232590
6 252 16294025
6 253 6263137
6 254 16163609
6 255 6225173
6 256 6263626
6 257 6226906
6 258 14235387
6 259 6258148
6 260 14266538
6 261 6232019
6 262 6268019
6 263 6179596
6 264 15819232
6 265 13231178
6 266 15819232
6 267 6126649
6 268 13568761
6 269 6081686
6 270 16136593
6 271 13417475
6 272 16009686
6 273 6129010
6 274 13916016
6 275 6142870
6 276 16163609
6 277 6258148
6 278 16019806
6 279 6132764
6 280 6235874
6 281 6184359
6 282 14215316
6 283 6184421
6 284 14190034
6 285 6184486
6 286 6231402
6 287 6139749
6 288 16019806
6 289 13307084
6 290 16163609
6 291 6233647
6 292 14073784
6 293 6235874
6 294 16009686
6 295 13303312
6 296 16136593
6 297 6179688
6 298 13973944
6 299 6184359
6 300 15819232
6 301 6179596
6 302 15819232
6 303 6175518
6 304 6081686
6 305 6081686
6 306 13927049
6 307 6268019
6 308 14029991
6 309 6248365
6 310 6136346
6 311 6136346
6 312 16163609
6 313 6263626
6 314 16294025
6 315 6295973
6 316 6268251
6 317 6302595
6 318 16271662
6 319 6268019
6 320 16113570
6 321 6208495
6 322 6302595
6 323 6251581
6 324 15998422
6 325 6232019
6 326 15998422
6 327 6214207
6 328 6131634
6 329 6131634
6 330 6184421
6 331 6258148
6 332 6227216
6 333 6205428
6 334 6169385
6 335 6169385
6 336 14095205
6 337 6235874
6 338 14241980
6 339 6284126
6 340 6302595
6 341 6238601
6 342 14228551
6 343 6231402
6 344 14308386
6 345 6245618
6 346 6263343
6 347 6224250
6 348 14176175
6 349 6293848
6 350 14228250
6 351 6283563
6 352 6169711
6 353 6169711
6 354 6227216
6 355 6263585
6 356 6245377
6 357 6239984
6 358 6140960
6 359 6140960
6 360 16031477
6 361 13311052
6 362 16271662
6 363 6245377
6 364 14011308
6 365 6227216
6 366 16135570
6 367 13418045
6 368 16410042
6 369 6267224
6 370 14217616
6 371 6273839
6 372 16163609
6 373 6263343
6 374 16271662
6 375 6300613
6 376 6231402
6 377 6243632
6 378 13946852
6 379 6302595
6 380 14184330
6 381 6295973
6 382 6235874
6 383 6233647
6 384 16136593
6 385 13415141
6 386 16163609
6 387 6227216
6 388 13986835
6 389 6184421
6 390 15987631
6 391 13286207
6 392 16135570
6 393 6175638
6 394 13975156
6 395 6184486
6 396 16294025
6 397 6302595
6 398 16113570
6 399 6209179
6 400 6268019
6 401 6248365
6 402 14249694
6 403 6268251
6 404 14305877
6 405 6249828
6 406 6263626
6 407 6218802
6 408 16009686
6 409 13306802
6 410 16271662
6 411 6243632
6 412 14108342
6 413 6231402
6 414 15819232
6 415 13231178
6 416 16031477
6 417 6139802
6 418 13927680
6 419 6139749
6 420 15998422
6 421 6226906
6 422 15998422
6 423 6214281
6 424 6136346
6 425 6136346
6 426 13973989
6 427 6263626
6 428 14068242
6 429 6218802
6 430 6138280
6 431 6138280
6 432 15819232
6 433 6231402
6 434 15998422
6 435 6273839
6 436 6184421
6 437 6227216
6 438 15998422
6 439 6235874
6 440 15805878
6 441 6181688
6 442 6258148
6 443 6205428
6 444 15819232
6 445 6232590
6 446 15819232
6 447 6181392
6 448 6169385
6 449 6169385
6 450 6081686
6 451 6126649
6 452 6126649
6 453 6079368
6 454 6081686
6 455 6081686
6 456 13579285
6 457 6268019
6 458 13862045
6 459 6293848
6 460 6258148
6 461 6263585
6 462 13812185
6 463 6263626
6 464 13894625
6 465 6210961
6 466 6263137
6 467 6243778
6 468 13925893
6 469 6284262
6 470 13960572
6 471 6247342
6 472 6164947
6 473 6164947
6 474 6126649
6 475 6151057
6 476 6151057
6 477 6125833
6 478 6126649
6 479 6126649
6 480 15819232
6 481 6220027
6 482 16009686
6 483 6267224
6 484 6233647
6 485 6243632
6 486 15987631
6 487 6225173
6 488 16135570
6 489 6278835
6 490 6295973
6 491 6300613
6 492 16136593
6 493 6300613
6 494 16031477
6 495 6278835
6 496 6273839
6 497 6267224
6 498 6179596
6 499 6226906
6 500 6232019
6 501 6225173
6 502 6232590
6 503 6220027
6 504 16009686
6 505 6232590
6 506 16019806
6 507 6273839
6 508 6235874
6 509 6231402
6 510 16135570
6 511 6232019
6 512 15800510
6 513 6177339
6 514 6284126
6 515 6245618
6 516 16113570
6 517 6295973
6 518 16089480
6 519 6221041
6 520 6293848
6 521 6283563
6 522 6268019
6 523 6263626
6 524 6293848
6 525 6210961
6 526 6284262
6 527 6247342
6 528 16136593
6 529 6226906
6 530 16113570
6 531 6300613
6 532 6302595
6 533 6263343
6 534 16031477
6 535 6179596
6 536 16089480
6 537 6217688
6 538 6238601
6 539 6224250
6 540 15805878
6 541 6225173
6 542 15805878
6 543 6177089
6 544 6169711
6 545 6169711
6 546 6258148
6 547 6263137
6 548 6263585
6 549 6243778
6 550 6164947
6 551 6164947
6 552 15819232
6 553 6243632
6 554 15998422
6 555 6267224
6 556 6227216
6 557 6245377
6 558 15998422
6 559 6233647
6 560 15805878
6 561 6180603
6 562 6263585
6 563 6239984
6 564 15819232
6 565 6220027
6 566 15819232
6 567 6134494
6 568 6140960
6 569 6140960
6 570 6126649
6 571 6151057
6 572 6151057
6 573 6125833
6 574 6126649
6 575 6126649
6 576 6081686
6 577 6136346
6 578 6131634
6 579 6169711
6 580 6169385
6 581 6140960
6 582 6136346
6 583 6138280
6 584 6169711
6 585 6078371
6 586 6164947
6 587 6159684
6 588 6169385
6 589 6164947
6 590 6140960
6 591 6159684
6 592 6079121
6 593 6079121
6 594 6081686
6 595 6126649
6 596 6126649
6 597 6079368
6 598 6081686
6 599 6081686
6 600 13231178
6 601 6129010
6 602 13581482
6 603 6175638
6 604 6179688
6 605 6139802
6 606 13557454
6 607 6132764
6 608 13780861
6 609 6177339
6 610 6208495
6 611 6217688
6 612 13720155
6 613 6209179
6 614 13695423
6 615 6221041
6 616 6181688
6 617 6180603
6 618 6175518
6 619 6214281
6 620 6214207
6 621 6177089
6 622 6181392
6 623 6134494
6 624 13532792
6 625 6142870
6 626 13596113
6 627 6184486
6 628 6184359
6 629 6139749
6 630 13693470
6 631 6184486
6 632 13604154
6 633 6078572
6 634 6245618
6 635 6171747
6 636 13728517
6 637 6249828
6 638 13815724
6 639 6165196
6 640 6210961
6 641 6203273
6 642 6248365
6 643 6218802
6 644 6283563
6 645 6203273
6 646 6247342
6 647 6180218
6 648 13732815
6 649 6184359
6 650 13709594
6 651 6245618
6 652 6251581
6 653 6224250
6 654 13659000
6 655 6139749
6 656 13776726
6 657 6171747
6 658 6224250
6 659 6174960
6 660 13671188
6 661 6210961
6 662 13691935
6 663 6203273
6 664 6078371
6 665 6078371
6 666 6205428
6 667 6243778
6 668 6239984
6 669 6195090
6 670 6159684
6 671 6159684
6 672 13578554
6 673 6248365
6 674 13788374
6 675 6283563
6 676 6205428
6 677 6239984
6 678 13786675
6 679 6218802
6 680 13677393
6 681 6203273
6 682 6243778
6 683 6195090
6 684 13696235
6 685 6247342
6 686 13676541
6 687 6180218
6 688 6159684
6 689 6159684
6 690 6079368
6 691 6125833
6 692 6125833
6 693 6076989
6 694 6079368
6 695 6079368
6 696 6081686
6 697 6136346
6 698 6131634
6 699 6169711
6 700 6169385
6 701 6140960
6 702 6136346
6 703 6138280
6 704 6169711
6 705 6078371
6 706 6164947
6 707 6159684
6 708 6169385
6 709 6164947
6 710 6140960
6 711 6159684
6 712 6079121
6 713 6079121
6 714 6081686
6 715 6126649
6 716 6126649
6 717 6079368
6 718 6081686
6 719 6081686
7 0 11117920
7 1 10135202
7 2 11117920
7 3 3728307
7 4 10340330
7 5 3709310
7 6 11112970
7 7 10133981
7 8 11214830
7 9 3732806
7 10 10503658
7 11 3746930
7 12 11214830
7 13 3745588
7 14 11117920
7 15 3746985
7 16 3732058
7 17 3731431
7 18 10395407
7 19 3746930
7 20 10531411
7 21 3730045
7 22 3731431
7 23 3709310
7 24 11112970
7 25 10127062
7 26 11112970
7 27 3728175
7 28 10339186
7 29 3708628
7 30 11276100
7 31 10249250
7 32 11228250
7 33 3730507
7 34 10642632
7 35 3750439
7 36 11285450
7 37 3780535
7 38 11294580
7 39 3749119
7 40 3767577
7 41 3765916
7 42 10769847
7 43 3763540
7 44 10787348
7 45 3765905
7 46 3781899
7 47 3748855
7 48 11276100
7 49 10249272
7 50 11285450
7 51 3779292
7 52 10591856
7 53 3763540
7 54 11111870
7 55 10133684
7 56 11294360
7 57 3750307
7 58 10656734
7 59 3750791
7 60 11223630
7 61 3769392
7 62 11219340
7 63 3767093
7 64 3732300
7 65 3732311
7 66 10543060
7 67 3783043
7 68 10690768
7 69 3764354
7 70 3751539
7 71 3750153
7 72 11228250
7 73 3781734
7 74 11294580
7 75 3798069
7 76 3767577
7 77 3781899
7 78 11294360
7 79 3765377
7 80 11210430
7 81 3768259
7 82 3782449
7 83 3764464
7 84 11219340
7 85 3781140
7 86 11117920
7 87 3749471
7 88 3751561
7 89 3748877
7 90 3732300
7 91 3751539
7 92 3751561
7 93 3730232
7 94 3733422
7 95 3729000
7 96 10356104
7 97 3750439
7 98 10535921
7 99 3765905
7 100 3765916
7 101 3748855
7 102 10544523
7 103 3750791
7 104 10560418
7 105 3732828
7 106 3764464
7 107 3763254
7 108 10539133
7 109 3764354
7 110 10579349
7 111 3765069
7 112 3730232
7 113 3729517
7 114 3732311
7 115 3750153
7 116 3748877
7 117 3729517
7 118 3729000
7 119 3709310
7 120 11117920
7 121 10135202
7 122 11117920
7 123 3728307
7 124 10340330
7 125 3709310
7 126 11112970
7 127 10133981
7 128 11214830
7 129 3732806
7 130 10503658
7 131 3746930
7 132 11214830
7 133 3745588
7 134 11117920
7 135 3746985
7 136 3732058
7 137 3731431
7 138 10395407
7 139 3746930
7 140 10531411
7 141 3730045
7 142 3731431
7 143 3709310
7 144 11214830
7 145 10228482
7 146 11214830
7 147 3736007
7 148 10368094
7 149 3728307
7 150 11228250
7 151 10171876
7 152 11117920
7 153 3709310
7 154 10525592
7 155 3729000
7 156 11373670
7 157 3786552
7 158 11219340
7 159 3729517
7 160 3772186
7 161 3750153
7 162 10747077
7 163 3770206
7 164 10714319
7 165 3748877
7 166 3775651
7 167 3732311
7 168 11285450
7 169 10252803
7 170 11382690
7 171 3786552
7 172 10620654
7 173 3785034
7 174 11294360
7 175 10255641
7 176 11210430
7 177 3729517
7 178 10537142
7 179 3730232
7 180 11306680
7 181 3773594
7 182 11294580
7 183 3763254
7 184 3749856
7 185 3748855
7 186 10641070
7 187 3803954
7 188 10792078
7 189 3764464
7 190 3769854
7 191 3765916
7 192 11373670
7 193 3798487
7 194 11306680
7 195 3801303
7 196 3786563
7 197 3788202
7 198 11453530
7 199 3801303
7 200 11294360
7 201 3765069
7 202 3801952
7 203 3764354
7 204 11373670
7 205 3793295
7 206 11228250
7 207 3732828
7 208 3771614
7 209 3765905
7 210 3771504
7 211 3772857
7 212 3790072
7 213 3750791
7 214 3771999
7 215 3750439
7 216 10682628
7 217 3771999
7 218 10738893
7 219 3771614
7 220 3769854
7 221 3749856
7 222 10794421
7 223 3790072
7 224 10738123
7 225 3749471
7 226 3803327
7 227 3767093
7 228 10793354
7 229 3801952
7 230 10760717
7 231 3768259
7 232 3769557
7 233 3749119
7 234 3775651
7 235 3772186
7 236 3787773
7 237 3750307
7 238 3767797
7 239 3730507
7 240 11214830
7 241 10228482
7 242 11214830
7 243 3736007
7 244 10368094
7 245 3728307
7 246 11285450
7 247 10252275
7 248 11373670
7 249 3767797
7 250 10746670
7 251 3771999
7 252 11382690
7 253 3786475
7 254 11306680
7 255 3769557
7 256 3786563
7 257 3769854
7 258 10783201
7 259 3785034
7 260 10798348
7 261 3771614
7 262 3788202
7 263 3749856
7 264 11117920
7 265 10135202
7 266 11117920
7 267 3728307
7 268 10340330
7 269 3709310
7 270 11294580
7 271 10255014
7 272 11219340
7 273 3729000
7 274 10554753
7 275 3733422
7 276 11306680
7 277 3785034
7 278 11223630
7 279 3730232
7 280 3772857
7 281 3751539
7 282 10749541
7 283 3751572
7 284 10731578
7 285 3751561
7 286 3771504
7 287 3732300
7 288 11223630
7 289 10169599
7 290 11306680
7 291 3772186
7 292 10667954
7 293 3772857
7 294 11219340
7 295 10168092
7 296 11294580
7 297 3750153
7 298 10584431
7 299 3751539
7 300 11117920
7 301 3749856
7 302 11117920
7 303 3748855
7 304 3709310
7 305 3709310
7 306 10561881
7 307 3788202
7 308 10617376
7 309 3781899
7 310 3731431
7 311 3731431
7 312 11306680
7 313 3786563
7 314 11382690
7 315 3801952
7 316 3787949
7 317 3803954
7 318 11373670
7 319 3788202
7 320 11285450
7 321 3764354
7 322 3803954
7 323 3783043
7 324 11214830
7 325 3771614
7 326 11214830
7 327 3765905
7 328 3730045
7 329 3730045
7 330 3751572
7 331 3785034
7 332 3770206
7 333 3763540
7 334 3746930
7 335 3746930
7 336 10683145
7 337 3772857
7 338 10785753
7 339 3793295
7 340 3803954
7 341 3773594
7 342 10756636
7 343 3771504
7 344 10820568
7 345 3781140
7 346 3786519
7 347 3769392
7 348 10723317
7 349 3801303
7 350 10750080
7 351 3798069
7 352 3746985
7 353 3746985
7 354 3770206
7 355 3786552
7 356 3776245
7 357 3779292
7 358 3732806
7 359 3732806
7 360 11228250
7 361 10170864
7 362 11373670
7 363 3776245
7 364 10633887
7 365 3770206
7 366 11294360
7 367 10255113
7 368 11453530
7 369 3787773
7 370 10773422
7 371 3790072
7 372 11306680
7 373 3786519
7 374 11373670
7 375 3803327
7 376 3771504
7 377 3775651
7 378 10572496
7 379 3803954
7 380 10728696
7 381 3801952
7 382 3772857
7 383 3772186
7 384 11294580
7 385 10254046
7 386 11306680
7 387 3770206
7 388 10624306
7 389 3751572
7 390 11210430
7 391 10158775
7 392 11294360
7 393 3748877
7 394 10584684
7 395 3751561
7 396 11382690
7 397 3803954
7 398 11285450
7 399 3764464
7 400 3788202
7 401 3781899
7 402 10791484
7 403 3787949
7 404 10819853
7 405 3782449
7 406 3786563
7 407 3767577
7 408 11219340
7 409 10169544
7 410 11373670
7 411 3775651
7 412 10691164
7 413 3771504
7 414 11117920
7 415 10135202
7 416 11228250
7 417 3732311
7 418 10560968
7 419 3732300
7 420 11214830
7 421 3769854
7 422 11214830
7 423 3765916
7 424 3731431
7 425 3731431
7 426 10586851
7 427 3786563
7 428 10636670
7 429 3767577
7 430 3732058
7 431 3732058
7 432 11117920
7 433 3771504
7 434 11214830
7 435 3790072
7 436 3751572
7 437 3770206
7 438 11214830
7 439 3772857
7 440 11112970
7 441 3750791
7 442 3785034
7 443 3763540
7 444 11117920
7 445 3771999
7 446 11117920
7 447 3750439
7 448 3746930
7 449 3746930
7 450 3709310
7 451 3728307
7 452 3728307
7 453 3708628
7 454 3709310
7 455 3709310
7 456 10343586
7 457 3788202
7 458 10523843
7 459 3801303
7 460 3785034
7 461 3786552
7 462 10495067
7 463 3786563
7 464 10539573
7 465 3765377
7 466 3786475
7 467 3780535
7 468 10558174
7 469 3798487
7 470 10575279
7 471 3781734
7 472 3745588
7 473 3745588
7 474 3728307
7 475 3736007
7 476 3736007
7 477 3728175
7 478 3728307
7 479 3728307
7 480 11117920
7 481 3767797
7 482 11219340
7 483 3787773
7 484 3772186
7 485 3775651
7 486 11210430
7 487 3769557
7 488 11294360
7 489 3791513
7 490 3801952
7 491 3803327
7 492 11294580
7 493 3803327
7 494 11228250
7 495 3791513
7 496 3790072
7 497 3787773
7 498 3749856
7 499 3769854
7 500 3771614
7 501 3769557
7 502 3771999
7 503 3767797
7 504 11219340
7 505 3771999
7 506 11223630
7 507 3790072
7 508 3772857
7 509 3771504
7 510 11294360
7 511 3771614
7 512 11111870
7 513 3749471
7 514 3793295
7 515 3781140
7 516 11285450
7 517 3801952
7 518 11276100
7 519 3768259
7 520 3801303
7 521 3798069
7 522 3788202
7 523 3786563
7 524 3801303
7 525 3765377
7 526 3798487
7 527 3781734
7 528 11294580
7 529 3769854
7 530 11285450
7 531 3803327
7 532 3803954
7 533 3786519
7 534 11228250
7 535 3749856
7 536 11276100
7 537 3767093
7 538 3773594
7 539 3769392
7 540 11112970
7 541 3769557
7 542 11112970
7 543 3749119
7 544 3746985
7 545 3746985
7 546 3785034
7 547 3786475
7 548 3786552
7 549 3780535
7 550 3745588
7 551 3745588
7 552 11117920
7 553 3775651
7 554 11214830
7 555 3787773
7 556 3770206
7 557 3776245
7 558 11214830
7 559 3772186
7 560 11112970
7 561 3750307
7 562 3786552
7 563 3779292
7 564 11117920
7 565 3767797
7 566 11117920
7 567 3730507
7 568 3732806
7 569 3732806
7 570 3728307
7 571 3736007
7 572 3736007
7 573 3728175
7 574 3728307
7 575 3728307
7 576 3709310
7 577 3731431
7 578 3730045
7 579 3746985
7 580 3746930
7 581 3732806
7 582 3731431
7 583 3732058
7 584 3746985
7 585 3708474
7 586 3745588
7 587 3744114
7 588 3746930
7 589 3745588
7 590 3732806
7 591 3744114
7 592 3708584
7 593 3708584
7 594 3709310
7 595 3728307
7 596 3728307
7 597 3708628
7 598 3709310
7 599 3709310
7 600 10135202
7 601 3729000
7 602 10348074
7 603 3748877
7 604 3750153
7 605 3732311
7 606 10335831
7 607 3730232
7 608 10480459
7 609 3749471
7 610 3764354
7 611 3767093
7 612 10447283
7 613 3764464
7 614 10408728
7 615 3768259
7 616 3750791
7 617 3750307
7 618 3748855
7 619 3765916
7 620 3765905
7 621 3749119
7 622 3750439
7 623 3730507
7 624 10323203
7 625 3733422
7 626 10357171
7 627 3751561
7 628 3751539
7 629 3732300
7 630 10433753
7 631 3751561
7 632 10355752
7 633 3708518
7 634 3781140
7 635 3747942
7 636 10450165
7 637 3782449
7 638 10496541
7 639 3745951
7 640 3765377
7 641 3762891
7 642 3781899
7 643 3767577
7 644 3798069
7 645 3762891
7 646 3781734
7 647 3750560
7 648 10455489
7 649 3751539
7 650 10443147
7 651 3781140
7 652 3783043
7 653 3769392
7 654 10387806
7 655 3732300
7 656 10475113
7 657 3747942
7 658 3769392
7 659 3749086
7 660 10391227
7 661 3765377
7 662 10399092
7 663 3762891
7 664 3708474
7 665 3708474
7 666 3763540
7 667 3780535
7 668 3779292
7 669 3760317
7 670 3744114
7 671 3744114
7 672 10343014
7 673 3781899
7 674 10479744
7 675 3798069
7 676 3763540
7 677 3779292
7 678 10479150
7 679 3767577
7 680 10390765
7 681 3762891
7 682 3780535
7 683 3760317
7 684 10401237
7 685 3781734
7 686 10390457
7 687 3750560
7 688 3744114
7 689 3744114
7 690 3708628
7 691 3728175
7 692 3728175
7 693 3707935
7 694 3708628
7 695 3708628
7 696 3709310
7 697 3731431
7 698 3730045
7 699 3746985
7 700 3746930
7 701 3732806
7 702 3731431
7 703 3732058
7 704 3746985
7 705 3708474
7 706 3745588
7 707 3744114
7 708 3746930
7 709 3745588
7 710 3732806
7 711 3744114
7 712 3708584
7 713 3708584
7 714 3709310
7 715 3728307
7 716 3728307
7 717 3708628
7 718 3709310
7 719 3709310
7 720 10135202
7 721 8316660
7 722 10135202
7 723 3870112
7 724 8503479
7 725 3840270
7 726 10127062
7 727 8314248
7 728 10228482
7 729 3875349
7 730 8624295
7 731 3894861
7 732 10228482
7 733 3891734
7 734 10135202
7 735 3894773
7 736 3873746
7 737 3872343
7 738 8532924
7 739 3894867
7 740 8652806
7 741 3869294
7 742 3872334
7 743 3840270
7 744 10133981
7 745 8314248
7 746 10133981
7 747 3870088
7 748 8503227
7 749 3840122
7 750 10249272
7 751 8387959
7 752 10170864
7 753 3845998
7 754 8688009
7 755 3877421
7 756 10252803
7 757 3926128
7 758 10254046
7 759 3874406
7 760 3903790
7 761 3899957
7 762 8789934
7 763 3902888
7 764 8813499
7 765 3899839
7 766 3923666
7 767 3879631
7 768 10249250
7 769 8387959
7 770 10252275
7 771 3923081
7 772 8665634
7 773 3902813
7 774 10133684
7 775 8316321
7 776 10255113
7 777 3877404
7 778 8702210
7 779 3878776
7 780 10169599
7 781 3904324
7 782 10169544
7 783 3900365
7 784 3846532
7 785 3846557
7 786 8583943
7 787 3926674
7 788 8717798
7 789 3896908
7 790 3876419
7 791 3876112
7 792 10171876
7 793 3923754
7 794 10255014
7 795 3947890
7 796 3903916
7 797 3923796
7 798 10255641
7 799 3903426
7 800 10158775
7 801 3900503
7 802 3926622
7 803 3896803
7 804 10168092
7 805 3923492
7 806 10135202
7 807 3879927
7 808 3876428
7 809 3875837
7 810 3846544
7 811 3876428
7 812 3876450
7 813 3844319
7 814 3846793
7 815 3845810
7 816 8398357
7 817 3877578
7 818 8557827
7 819 3899987
7 820 3900097
7 821 3879775
7 822 8569928
7 823 3878928
7 824 8593784
7 825 3844475
7 826 3896937
7 827 3893575
7 828 8582337
7 829 3896783
7 830 8621284
7 831 3894128
7 832 3844320
7 833 3844301
7 834 3846543
7 835 3876043
7 836 3875763
7 837 3844165
7 838 3845591
7 839 3840270
7 840 10340330
7 841 8503479
7 842 10340330
7 843 3910128
7 844 8659994
7 845 3884982
7 846 10339186
7 847 8503227
7 848 10368094
7 849 3890681
7 850 8710452
7 851 3914526
7 852 10368094
7 853 3914317
7 854 10340330
7 855 3914679
7 856 3890515
7 857 3890517
7 858 8584621
7 859 3914650
7 860 8718850
7 861 3888614
7 862 3890331
7 863 3884982
7 864 10395407
7 865 8532924
7 866 10395407
7 867 3899480
7 868 8584621
7 869 3896186
7 870 10356104
7 871 8398357
7 872 10135202
7 873 3840270
7 874 8930819
7 875 3882182
7 876 10682628
7 877 4005082
7 878 10323203
7 879 3884818
7 880 3979241
7 881 3920561
7 882 9208300
7 883 3988426
7 884 9119783
7 885 3916148
7 886 3988349
7 887 3893389
7 888 10769847
7 889 8789934
7 890 10783201
7 891 4006639
7 892 8985947
7 893 4007390
7 894 10544523
7 895 8569928
7 896 10335831
7 897 3889413
7 898 8983340
7 899 3891559
7 900 10683145
7 901 4013091
7 902 10455489
7 903 3940763
7 904 3966901
7 905 3925677
7 906 9213713
7 907 4050737
7 908 9229737
7 909 3944324
7 910 3982247
7 911 3950598
7 912 10747077
7 913 4041616
7 914 10749541
7 915 4046278
7 916 4019503
7 917 4020872
7 918 10794421
7 919 4035494
7 920 10433753
7 921 3942717
7 922 4033369
7 923 3939657
7 924 10756636
7 925 4027263
7 926 10387806
7 927 3896599
7 928 3983407
7 929 3950569
7 930 3994493
7 931 3995532
7 932 4024868
7 933 3928980
7 934 3991399
7 935 3928824
7 936 9208300
7 937 3984717
7 938 9257931
7 939 3986996
7 940 3987043
7 941 3980941
7 942 9328354
7 943 4019016
7 944 9174253
7 945 3923313
7 946 4042558
7 947 3947291
7 948 9339365
7 949 4058270
7 950 9193603
7 951 3952283
7 952 3990009
7 953 3925346
7 954 3997346
7 955 3997437
7 956 4019544
7 957 3928003
7 958 3983950
7 959 3895224
7 960 10503658
7 961 8624295
7 962 10503658
7 963 3932216
7 964 8710452
7 965 3924636
7 966 10591856
7 967 8665634
7 968 10633887
7 969 3964563
7 970 9034885
7 971 3974006
7 972 10620654
7 973 3987783
7 974 10624306
7 975 3973651
7 976 3987622
7 977 3968588
7 978 8985947
7 979 3989408
7 980 9031794
7 981 3968634
7 982 3990562
7 983 3963625
7 984 10531411
7 985 8652806
7 986 10531411
7 987 3934104
7 988 8718850
7 989 3929267
7 990 10535921
7 991 8557827
7 992 10348074
7 993 3887583
7 994 8995684
7 995 3896682
7 996 10738893
7 997 4021971
7 998 10357171
7 999 3887538
7 1000 3993240
7 1001 3927966
7 1002 9257931
7 1003 3995197
7 1004 9171841
7 1005 3927993
7 1006 3993647
7 1007 3898187
7 1008 10543060
7 1009 8583943
7 1010 10572496
7 1011 3977083
7 1012 8944858
7 1013 3981280
7 1014 10539133
7 1015 8582337
7 1016 10447283
7 1017 3923573
7 1018 9047492
7 1019 3928543
7 1020 10343586
7 1021 3939248
7 1022 10343014
7 1023 3923693
7 1024 3885461
7 1025 3885299
7 1026 9085567
7 1027 4018076
7 1028 9163799
7 1029 3975974
7 1030 3926961
7 1031 3926020
7 1032 10641070
7 1033 4027551
7 1034 10791484
7 1035 4050175
7 1036 4006304
7 1037 4041958
7 1038 10793354
7 1039 4035987
7 1040 10450165
7 1041 3940523
7 1042 4040032
7 1043 3970304
7 1044 10495067
7 1045 3979403
7 1046 10479150
7 1047 3952947
7 1048 3923287
7 1049 3922694
7 1050 3964430
7 1051 4007008
7 1052 4005783
7 1053 3948437
7 1054 3953272
7 1055 3949051
7 1056 9213713
7 1057 4010719
7 1058 9278095
7 1059 4027344
7 1060 4043031
7 1061 4024648
7 1062 9339365
7 1063 4021563
7 1064 9275125
7 1065 3971881
7 1066 4047269
7 1067 3956250
7 1068 9250478
7 1069 4039189
7 1070 9272103
7 1071 4000494
7 1072 3953305
7 1073 3949039
7 1074 4000411
7 1075 4017636
7 1076 4020464
7 1077 3972713
7 1078 3934731
7 1079 3930331
7 1080 10642632
7 1081 8688009
7 1082 10746670
7 1083 4008093
7 1084 9034885
7 1085 4002406
7 1086 10656734
7 1087 8702210
7 1088 10773422
7 1089 4005982
7 1090 9093812
7 1091 4013277
7 1092 10667954
7 1093 4027664
7 1094 10691164
7 1095 4030633
7 1096 3981718
7 1097 3983292
7 1098 8944858
7 1099 4031604
7 1100 9036110
7 1101 4025295
7 1102 3982757
7 1103 3982805
7 1104 10787348
7 1105 8813499
7 1106 10798348
7 1107 4011065
7 1108 9031794
7 1109 4005311
7 1110 10560418
7 1111 8593784
7 1112 10480459
7 1113 3926454
7 1114 9058790
7 1115 3929712
7 1116 10785753
7 1117 4045078
7 1118 10443147
7 1119 3940225
7 1120 4009665
7 1121 3975878
7 1122 9278095
7 1123 4053817
7 1124 9260170
7 1125 3977018
7 1126 4011583
7 1127 3956450
7 1128 10690768
7 1129 8717798
7 1130 10728696
7 1131 3994800
7 1132 9036110
7 1133 3989943
7 1134 10579349
7 1135 8621284
7 1136 10408728
7 1137 3899434
7 1138 9023596
7 1139 3899143
7 1140 10523843
7 1141 3980536
7 1142 10479744
7 1143 3953099
7 1144 3933652
7 1145 3926964
7 1146 9131442
7 1147 4023829
7 1148 9194206
7 1149 3957150
7 1150 3933417
7 1151 3928029
7 1152 10561881
7 1153 4016587
7 1154 10586851
7 1155 4021340
7 1156 3984961
7 1157 3989490
7 1158 10723317
7 1159 4021815
7 1160 10391227
7 1161 3933207
7 1162 4016071
7 1163 3955715
7 1164 10558174
7 1165 3991971
7 1166 10401237
7 1167 3932436
7 1168 3962210
7 1169 3949712
7 1170 3936223
7 1171 3940448
7 1172 3974229
7 1173 3894779
7 1174 3934454
7 1175 3895312
7 1176 9085567
7 1177 4038239
7 1178 9131442
7 1179 4042434
7 1180 4023404
7 1181 4023870
7 1182 9250478
7 1183 4050383
7 1184 9150598
7 1185 3956281
7 1186 4035571
7 1187 3979613
7 1188 9264244
7 1189 4047402
7 1190 9164403
7 1191 3977586
7 1192 3962031
7 1193 3946518
7 1194 3949265
7 1195 3951081
7 1196 3986174
7 1197 3926157
7 1198 3963907
7 1199 3926165
7 1200 10525592
7 1201 4002449
7 1202 10554753
7 1203 4027054
7 1204 4007565
7 1205 4007004
7 1206 10537142
7 1207 4000300
7 1208 10584684
7 1209 4011571
7 1210 4030697
7 1211 4031928
7 1212 10584431
7 1213 4034564
7 1214 10560968
7 1215 4014535
7 1216 4008191
7 1217 4007896
7 1218 3971487
7 1219 3983136
7 1220 3983805
7 1221 3978190
7 1222 3979107
7 1223 3977984
7 1224 10714319
7 1225 4039036
7 1226 10731578
7 1227 4043898
7 1228 4015906
7 1229 4017355
7 1230 10738123
7 1231 4016983
7 1232 10355752
7 1233 3931698
7 1234 4028935
7 1235 3976066
7 1236 10820568
7 1237 4051763
7 1238 10475113
7 1239 3954066
7 1240 4040977
7 1241 4000824
7 1242 4023548
7 1243 4025154
7 1244 4041818
7 1245 3952182
7 1246 4042529
7 1247 3976799
7 1248 10792078
7 1249 4042107
7 1250 10819853
7 1251 4058355
7 1252 4050115
7 1253 4049743
7 1254 10760717
7 1255 4018940
7 1256 10496541
7 1257 3954873
7 1258 4021445
7 1259 3957910
7 1260 10539573
7 1261 3991265
7 1262 10390765
7 1263 3929770
7 1264 3964224
7 1265 3950634
7 1266 4032025
7 1267 4042034
7 1268 4044251
7 1269 3979770
7 1270 3957577
7 1271 3946339
7 1272 10617376
7 1273 4024465
7 1274 10636670
7 1275 4028039
7 1276 3997124
7 1277 3998637
7 1278 10750080
7 1279 4027206
7 1280 10399092
7 1281 3933025
7 1282 4020125
7 1283 3977859
7 1284 10575279
7 1285 3992211
7 1286 10390457
7 1287 3900676
7 1288 3943233
7 1289 3930977
7 1290 3950492
7 1291 3952205
7 1292 3986768
7 1293 3926193
7 1294 3964129
7 1295 3926005
7 1296 3944385
7 1297 3949274
7 1298 3948669
7 1299 3954108
7 1300 3954094
7 1301 3950302
7 1302 3991173
7 1303 3992223
7 1304 3990079
7 1305 3894964
7 1306 4011305
7 1307 3929777
7 1308 4015428
7 1309 4018272
7 1310 3989359
7 1311 3930168
7 1312 3938930
7 1313 3894467
7 1314 3950202
7 1315 3953010
7 1316 3980710
7 1317 3896379
7 1318 3940315
7 1319 3896114
7 1320 8930819
7 1321 3934452
7 1322 8995684
7 1323 3959130
7 1324 3959950
7 1325 3935091
7 1326 8983340
7 1327 3929858
7 1328 9058790
7 1329 3939648
7 1330 3963053
7 1331 3964518
7 1332 9047492
7 1333 3963241
7 1334 9023596
7 1335 3964695
7 1336 3940285
7 1337 3940335
7 1338 3939654
7 1339 3964468
7 1340 3964266
7 1341 3938468
7 1342 3940183
7 1343 3934474
7 1344 9119783
7 1345 3978121
7 1346 9171841
7 1347 3982667
7 1348 3982934
7 1349 3977269
7 1350 9174253
7 1351 3992109
7 1352 8954744
7 1353 3887960
7 1354 4021928
7 1355 3930329
7 1356 9275125
7 1357 4057188
7 1358 9035919
7 1359 3926861
7 1360 4017199
7 1361 3953117
7 1362 4026128
7 1363 4023462
7 1364 4043949
7 1365 3948468
7 1366 4021830
7 1367 3932221
7 1368 9229737
7 1369 4012725
7 1370 9260170
7 1371 4027558
7 1372 4036274
7 1373 4025024
7 1374 9193603
7 1375 3993727
7 1376 9035919
7 1377 3931010
7 1378 4027305
7 1379 3931339
7 1380 9150598
7 1381 4020474
7 1382 8992117
7 1383 3954033
7 1384 3931962
7 1385 3893276
7 1386 4030477
7 1387 4042516
7 1388 4037291
7 1389 3949480
7 1390 3961968
7 1391 3943870
7 1392 9163799
7 1393 4044242
7 1394 9194206
7 1395 4049090
7 1396 4022172
7 1397 4025166
7 1398 9272103
7 1399 4049435
7 1400 8992117
7 1401 3954744
7 1402 4037384
7 1403 3950256
7 1404 9164403
7 1405 4029900
7 1406 8995284
7 1407 3935741
7 1408 3967042
7 1409 3944602
7 1410 3949520
7 1411 3952484
7 1412 3980071
7 1413 3894321
7 1414 3938380
7 1415 3894463
7 1416 3947526
7 1417 3951128
7 1418 3950466
7 1419 3955626
7 1420 3955593
7 1421 3951654
7 1422 3992215
7 1423 3993093
7 1424 3990804
7 1425 3895338
7 1426 4011521
7 1427 3929295
7 1428 4016250
7 1429 4019116
7 1430 3989547
7 1431 3930130
7 1432 3939342
7 1433 3894439
7 1434 3949325
7 1435 3951783
7 1436 3980274
7 1437 3895670
7 1438 3938150
7 1439 3893050
7 1440 3728307
7 1441 3870112
7 1442 3728307
7 1443 964470
7 1444 3910128
7 1445 961767
7 1446 3728175
7 1447 3870088
7 1448 3736007
7 1449 962804
7 1450 3932216
7 1451 965389
7 1452 3736007
7 1453 965370
7 1454 3728307
7 1455 965402
7 1456 962783
7 1457 962776
7 1458 3899480
7 1459 965389
7 1460 3934104
7 1461 962674
7 1462 962776
7 1463 961767
7 1464 3745588
7 1465 3891734
7 1466 3745588
7 1467 965370
7 1468 3914317
7 1469 964556
7 1470 3781734
7 1471 3923754
7 1472 3767797
7 1473 967937
7 1474 4002449
7 1475 968685
7 1476 3798487
7 1477 976932
7 1478 3771999
7 1479 968575
7 1480 974896
7 1481 971336
7 1482 4041616
7 1483 973913
7 1484 4039036
7 1485 971323
7 1486 974992
7 1487 968518
7 1488 3780535
7 1489 3926128
7 1490 3786475
7 1491 974074
7 1492 3987783
7 1493 974087
7 1494 3765377
7 1495 3903426
7 1496 3769557
7 1497 968565
7 1498 4000300
7 1499 968491
7 1500 3786563
7 1501 974784
7 1502 3769854
7 1503 971741
7 1504 971377
7 1505 968729
7 1506 4027551
7 1507 977822
7 1508 4042107
7 1509 971583
7 1510 972360
7 1511 971156
7 1512 3786552
7 1513 976932
7 1514 3785034
7 1515 977147
7 1516 974246
7 1517 974533
7 1518 3801303
7 1519 976715
7 1520 3771614
7 1521 971922
7 1522 977365
7 1523 971744
7 1524 3788202
7 1525 975500
7 1526 3749856
7 1527 968428
7 1528 972378
7 1529 971151
7 1530 972201
7 1531 972462
7 1532 974772
7 1533 968675
7 1534 971952
7 1535 968432
7 1536 4005082
7 1537 971900
7 1538 4021971
7 1539 971930
7 1540 971924
7 1541 971031
7 1542 4035494
7 1543 974862
7 1544 4016983
7 1545 969003
7 1546 977147
7 1547 971773
7 1548 4035987
7 1549 977223
7 1550 4018940
7 1551 971849
7 1552 971770
7 1553 968269
7 1554 972237
7 1555 972284
7 1556 974298
7 1557 968668
7 1558 971448
7 1559 965059
7 1560 3709310
7 1561 3840270
7 1562 3709310
7 1563 961767
7 1564 3884982
7 1565 958809
7 1566 3708628
7 1567 3840122
7 1568 3728307
7 1569 962334
7 1570 3924636
7 1571 964716
7 1572 3728307
7 1573 964556
7 1574 3709310
7 1575 964721
7 1576 962247
7 1577 962171
7 1578 3896186
7 1579 964716
7 1580 3929267
7 1581 962007
7 1582 962171
7 1583 958809
7 1584 3746930
7 1585 3894867
7 1586 3746930
7 1587 965389
7 1588 3914650
7 1589 964716
7 1590 3750439
7 1591 3877578
7 1592 3729000
7 1593 961849
7 1594 3934452
7 1595 962437
7 1596 3771999
7 1597 971900
7 1598 3733422
7 1599 962331
7 1600 969306
7 1601 965402
7 1602 3984717
7 1603 969040
7 1604 3978121
7 1605 965388
7 1606 969195
7 1607 962455
7 1608 3763540
7 1609 3902888
7 1610 3785034
7 1611 971936
7 1612 3989408
7 1613 971845
7 1614 3750791
7 1615 3878928
7 1616 3730232
7 1617 962175
7 1618 3929858
7 1619 962023
7 1620 3772857
7 1621 972161
7 1622 3751539
7 1623 967985
7 1624 968912
7 1625 965844
7 1626 4010719
7 1627 975017
7 1628 4012725
7 1629 968148
7 1630 969553
7 1631 968255
7 1632 3770206
7 1633 973913
7 1634 3751572
7 1635 973962
7 1636 971803
7 1637 971740
7 1638 3790072
7 1639 974862
7 1640 3751561
7 1641 968003
7 1642 974680
7 1643 968148
7 1644 3771504
7 1645 972476
7 1646 3732300
7 1647 962348
7 1648 969391
7 1649 968239
7 1650 969540
7 1651 969467
7 1652 972426
7 1653 965777
7 1654 969548
7 1655 965703
7 1656 3988426
7 1657 969040
7 1658 3995197
7 1659 968736
7 1660 968505
7 1661 965375
7 1662 4019016
7 1663 972532
7 1664 3992109
7 1665 965843
7 1666 974867
7 1667 968335
7 1668 4021563
7 1669 974773
7 1670 3993727
7 1671 968342
7 1672 969540
7 1673 965537
7 1674 969699
7 1675 969126
7 1676 972084
7 1677 965700
7 1678 968894
7 1679 962275
7 1680 3732058
7 1681 3873746
7 1682 3732058
7 1683 962783
7 1684 3890515
7 1685 962247
7 1686 3767577
7 1687 3903916
7 1688 3772186
7 1689 968822
7 1690 4007565
7 1691 969306
7 1692 3786563
7 1693 974246
7 1694 3772857
7 1695 969312
7 1696 972626
7 1697 969565
7 1698 4019503
7 1699 971803
7 1700 4015906
7 1701 969573
7 1702 972716
7 1703 968826
7 1704 3731431
7 1705 3872334
7 1706 3731431
7 1707 962776
7 1708 3890331
7 1709 962171
7 1710 3765916
7 1711 3900097
7 1712 3750153
7 1713 965134
7 1714 3959950
7 1715 965402
7 1716 3769854
7 1717 971924
7 1718 3751539
7 1719 965378
7 1720 969565
7 1721 966326
7 1722 3987043
7 1723 968505
7 1724 3982934
7 1725 966331
7 1726 969539
7 1727 965329
7 1728 3732300
7 1729 3846544
7 1730 3749856
7 1731 968525
7 1732 3971487
7 1733 968912
7 1734 3732311
7 1735 3846543
7 1736 3748855
7 1737 965668
7 1738 3939654
7 1739 965844
7 1740 3709310
7 1741 965059
7 1742 3709310
7 1743 964975
7 1744 958809
7 1745 958809
7 1746 3944385
7 1747 971448
7 1748 3947526
7 1749 971160
7 1750 962176
7 1751 962176
7 1752 3771504
7 1753 972201
7 1754 3788202
7 1755 974924
7 1756 974799
7 1757 975331
7 1758 3775651
7 1759 972237
7 1760 3781899
7 1761 973549
7 1762 975095
7 1763 974421
7 1764 3731431
7 1765 968668
7 1766 3731431
7 1767 968396
7 1768 962252
7 1769 962252
7 1770 969126
7 1771 972284
7 1772 969536
7 1773 971682
7 1774 965426
7 1775 965426
7 1776 3994493
7 1777 969540
7 1778 4023548
7 1779 972908
7 1780 975421
7 1781 972334
7 1782 3997346
7 1783 969699
7 1784 4026128
7 1785 972443
7 1786 974726
7 1787 971730
7 1788 3991173
7 1789 974298
7 1790 3992215
7 1791 974252
7 1792 965264
7 1793 965264
7 1794 969699
7 1795 972237
7 1796 969772
7 1797 972129
7 1798 962598
7 1799 962598
7 1800 3767577
7 1801 3903790
7 1802 3786563
7 1803 972134
7 1804 3987622
7 1805 971803
7 1806 3782449
7 1807 3926622
7 1808 3801952
7 1809 974438
7 1810 4030697
7 1811 974680
7 1812 3787949
7 1813 974812
7 1814 3803954
7 1815 977624
7 1816 974799
7 1817 975095
7 1818 4006304
7 1819 977702
7 1820 4050115
7 1821 977710
7 1822 975113
7 1823 974857
7 1824 3781899
7 1825 3923666
7 1826 3788202
7 1827 972156
7 1828 3990562
7 1829 971740
7 1830 3764464
7 1831 3896937
7 1832 3764354
7 1833 967822
7 1834 3963053
7 1835 968148
7 1836 3803954
7 1837 977646
7 1838 3783043
7 1839 973388
7 1840 975331
7 1841 974421
7 1842 4043031
7 1843 977425
7 1844 4036274
7 1845 974251
7 1846 975420
7 1847 974253
7 1848 3751561
7 1849 3876450
7 1850 3771614
7 1851 969548
7 1852 3983805
7 1853 969391
7 1854 3748877
7 1855 3875763
7 1856 3765905
7 1857 968239
7 1858 3964266
7 1859 968239
7 1860 3730045
7 1861 968269
7 1862 3730045
7 1863 968232
7 1864 962252
7 1865 962252
7 1866 3948669
7 1867 971770
7 1868 3950466
7 1869 971398
7 1870 962335
7 1871 962335
7 1872 3751572
7 1873 972087
7 1874 3785034
7 1875 975591
7 1876 971539
7 1877 974922
7 1878 3770206
7 1879 972334
7 1880 3763540
7 1881 971671
7 1882 974922
7 1883 971832
7 1884 3746930
7 1885 971773
7 1886 3746930
7 1887 971104
7 1888 967666
7 1889 967666
7 1890 965375
7 1891 971031
7 1892 968262
7 1893 967815
7 1894 965239
7 1895 965239
7 1896 3964430
7 1897 975168
7 1898 4032025
7 1899 978014
7 1900 977425
7 1901 977646
7 1902 4000411
7 1903 975421
7 1904 4030477
7 1905 974081
7 1906 977940
7 1907 977172
7 1908 4015428
7 1909 977147
7 1910 4016250
7 1911 976802
7 1912 967819
7 1913 967819
7 1914 968505
7 1915 971924
7 1916 969301
7 1917 971076
7 1918 967989
7 1919 967989
7 1920 3772186
7 1921 974896
7 1922 3772857
7 1923 975181
7 1924 972626
7 1925 972716
7 1926 3801952
7 1927 977365
7 1928 3793295
7 1929 976001
7 1930 978688
7 1931 978234
7 1932 3803954
7 1933 978466
7 1934 3773594
7 1935 975027
7 1936 978267
7 1937 977503
7 1938 974799
7 1939 975113
7 1940 978267
7 1941 975191
7 1942 978075
7 1943 975024
7 1944 3775651
7 1945 974992
7 1946 3771504
7 1947 975384
7 1948 972716
7 1949 972550
7 1950 3803327
7 1951 977147
7 1952 3781140
7 1953 973854
7 1954 978234
7 1955 976553
7 1956 3786519
7 1957 978014
7 1958 3769392
7 1959 971245
7 1960 977866
7 1961 976882
7 1962 975421
7 1963 975168
7 1964 978479
7 1965 974427
7 1966 977886
7 1967 974651
7 1968 3790072
7 1969 974772
7 1970 3801303
7 1971 978116
7 1972 978267
7 1973 977866
7 1974 3787773
7 1975 974298
7 1976 3798069
7 1977 976504
7 1978 977503
7 1979 976882
7 1980 3746985
7 1981 971849
7 1982 3746985
7 1983 971263
7 1984 967909
7 1985 967909
7 1986 974773
7 1987 977223
7 1988 975004
7 1989 976634
7 1990 967809
7 1991 967809
7 1992 3770206
7 1993 972973
7 1994 3786552
7 1995 975525
7 1996 975046
7 1997 975662
7 1998 3776245
7 1999 972908
7 2000 3779292
7 2001 973794
7 2002 975662
7 2003 975228
7 2004 3732806
7 2005 969003
7 2006 3732806
7 2007 968315
7 2008 962672
7 2009 962672
7 2010 968736
7 2011 971930
7 2012 969316
7 2013 971299
7 2014 967988
7 2015 967988
7 2016 969126
7 2017 969467
7 2018 974773
7 2019 972476
7 2020 975017
7 2021 972161
7 2022 969699
7 2023 969540
7 2024 975075
7 2025 971506
7 2026 974757
7 2027 971992
7 2028 972532
7 2029 974862
7 2030 972368
7 2031 974522
7 2032 965497
7 2033 965497
7 2034 969040
7 2035 971900
7 2036 969547
7 2037 971353
7 2038 965446
7 2039 965446
7 2040 3979241
7 2041 969306
7 2042 3993240
7 2043 969573
7 2044 969565
7 2045 968826
7 2046 4033369
7 2047 974680
7 2048 4028935
7 2049 972452
7 2050 978234
7 2051 973125
7 2052 4040032
7 2053 977710
7 2054 4021445
7 2055 973097
7 2056 975191
7 2057 972037
7 2058 975095
7 2059 974857
7 2060 977503
7 2061 972037
7 2062 975024
7 2063 968689
7 2064 3988349
7 2065 969195
7 2066 3993647
7 2067 969562
7 2068 969539
7 2069 968586
7 2070 4042558
7 2071 974867
7 2072 4021928
7 2073 971078
7 2074 977960
7 2075 972009
7 2076 4047269
7 2077 977652
7 2078 4027305
7 2079 971705
7 2080 975321
7 2081 971960
7 2082 974726
7 2083 971623
7 2084 977819
7 2085 971735
7 2086 974933
7 2087 968592
7 2088 4024868
7 2089 972426
7 2090 4041818
7 2091 975634
7 2092 978479
7 2093 975645
7 2094 4019544
7 2095 972084
7 2096 4043949
7 2097 974491
7 2098 977819
7 2099 974788
7 2100 3990079
7 2101 974761
7 2102 3990804
7 2103 974706
7 2104 965327
7 2105 965327
7 2106 975075
7 2107 977320
7 2108 975243
7 2109 976805
7 2110 968144
7 2111 968144
7 2112 4005783
7 2113 975832
7 2114 4044251
7 2115 978565
7 2116 977401
7 2117 977694
7 2118 4020464
7 2119 975636
7 2120 4037291
7 2121 977090
7 2122 978155
7 2123 976922
7 2124 3989359
7 2125 975306
7 2126 3989547
7 2127 974734
7 2128 968298
7 2129 968298
7 2130 968866
7 2131 971893
7 2132 969527
7 2133 971051
7 2134 965288
7 2135 965288
7 2136 969536
7 2137 969710
7 2138 975004
7 2139 972714
7 2140 975007
7 2141 971786
7 2142 969772
7 2143 969701
7 2144 975243
7 2145 972032
7 2146 974758
7 2147 971920
7 2148 972368
7 2149 974509
7 2150 971932
7 2151 974241
7 2152 965434
7 2153 965434
7 2154 968794
7 2155 971223
7 2156 969089
7 2157 970831
7 2158 962361
7 2159 962361
7 2160 3732806
7 2161 3875349
7 2162 3732806
7 2163 962804
7 2164 3890681
7 2165 962334
7 2166 3779292
7 2167 3923081
7 2168 3776245
7 2169 969089
7 2170 4008093
7 2171 969547
7 2172 3786552
7 2173 974074
7 2174 3770206
7 2175 969527
7 2176 972134
7 2177 969301
7 2178 4006639
7 2179 971936
7 2180 4011065
7 2181 969316
7 2182 972156
7 2183 968262
7 2184 3746985
7 2185 3894773
7 2186 3746985
7 2187 965402
7 2188 3914679
7 2189 964721
7 2190 3798069
7 2191 3947890
7 2192 3787773
7 2193 971065
7 2194 4027054
7 2195 971635
7 2196 3801303
7 2197 977147
7 2198 3790072
7 2199 971612
7 2200 975181
7 2201 972263
7 2202 4046278
7 2203 973962
7 2204 4043898
7 2205 972263
7 2206 975384
7 2207 971394
7 2208 3769392
7 2209 3904324
7 2210 3786519
7 2211 974758
7 2212 4027664
7 2213 974757
7 2214 3781140
7 2215 3923492
7 2216 3803327
7 2217 974458
7 2218 4034564
7 2219 974612
7 2220 3771504
7 2221 974933
7 2222 3775651
7 2223 975237
7 2224 968894
7 2225 969005
7 2226 4016587
7 2227 977886
7 2228 4024465
7 2229 977930
7 2230 969548
7 2231 969575
7 2232 3773594
7 2233 974784
7 2234 3803954
7 2235 978155
7 2236 974812
7 2237 977940
7 2238 3793295
7 2239 975500
7 2240 3801952
7 2241 977462
7 2242 978466
7 2243 977467
7 2244 3772857
7 2245 975321
7 2246 3772186
7 2247 975155
7 2248 969540
7 2249 969544
7 2250 972087
7 2251 975420
7 2252 972973
7 2253 974838
7 2254 969553
7 2255 969530
7 2256 4013091
7 2257 972161
7 2258 4045078
7 2259 975662
7 2260 977646
7 2261 974922
7 2262 4027263
7 2263 972476
7 2264 4051763
7 2265 975525
7 2266 978014
7 2267 975591
7 2268 4021815
7 2269 977866
7 2270 4027206
7 2271 978116
7 2272 969391
7 2273 969548
7 2274 972334
7 2275 975331
7 2276 972908
7 2277 974924
7 2278 968912
7 2279 968525
7 2280 3746930
7 2281 3894861
7 2282 3746930
7 2283 965389
7 2284 3914526
7 2285 964716
7 2286 3763540
7 2287 3902813
7 2288 3770206
7 2289 968794
7 2290 4002406
7 2291 969040
7 2292 3785034
7 2293 974087
7 2294 3751572
7 2295 968866
7 2296 971803
7 2297 968505
7 2298 4007390
7 2299 971845
7 2300 4005311
7 2301 968736
7 2302 971740
7 2303 965375
7 2304 3730045
7 2305 3869294
7 2306 3730045
7 2307 962674
7 2308 3888614
7 2309 962007
7 2310 3765905
7 2311 3899987
7 2312 3748877
7 2313 964967
7 2314 3959130
7 2315 965388
7 2316 3771614
7 2317 971930
7 2318 3751561
7 2319 965378
7 2320 969573
7 2321 966331
7 2322 3986996
7 2323 968736
7 2324 3982667
7 2325 966314
7 2326 969562
7 2327 965328
7 2328 3783043
7 2329 3926674
7 2330 3803954
7 2331 975007
7 2332 4031604
7 2333 975017
7 2334 3764354
7 2335 3896783
7 2336 3764464
7 2337 967984
7 2338 3963241
7 2339 968148
7 2340 3788202
7 2341 975024
7 2342 3781899
7 2343 973854
7 2344 971448
7 2345 971160
7 2346 4038239
7 2347 978075
7 2348 4044242
7 2349 976558
7 2350 971952
7 2351 971711
7 2352 3803954
7 2353 977822
7 2354 3787949
7 2355 977401
7 2356 977702
7 2357 977425
7 2358 3801952
7 2359 977223
7 2360 3782449
7 2361 973622
7 2362 977710
7 2363 974251
7 2364 3786563
7 2365 975191
7 2366 3767577
7 2367 971228
7 2368 971770
7 2369 971398
7 2370 975168
7 2371 975113
7 2372 975832
7 2373 974259
7 2374 972360
7 2375 971436
7 2376 4050737
7 2377 975017
7 2378 4053817
7 2379 975046
7 2380 977425
7 2381 971539
7 2382 4058270
7 2383 974773
7 2384 4057188
7 2385 974253
7 2386 977652
7 2387 974180
7 2388 4050383
7 2389 978267
7 2390 4049435
7 2391 976888
7 2392 972378
7 2393 971653
7 2394 975421
7 2395 974799
7 2396 975636
7 2397 974465
7 2398 971377
7 2399 968338
7 2400 3731431
7 2401 3872343
7 2402 3731431
7 2403 962776
7 2404 3890517
7 2405 962171
7 2406 3781899
7 2407 3923796
7 2408 3775651
7 2409 968996
7 2410 4007004
7 2411 969195
7 2412 3788202
7 2413 974533
7 2414 3771504
7 2415 969150
7 2416 972716
7 2417 969539
7 2418 4020872
7 2419 971740
7 2420 4017355
7 2421 969562
7 2422 972550
7 2423 968586
7 2424 3709310
7 2425 3840270
7 2426 3709310
7 2427 961767
7 2428 3884982
7 2429 958809
7 2430 3748855
7 2431 3879775
7 2432 3732311
7 2433 962262
7 2434 3935091
7 2435 962455
7 2436 3749856
7 2437 971031
7 2438 3732300
7 2439 962348
7 2440 968826
7 2441 965329
7 2442 3980941
7 2443 965375
7 2444 3977269
7 2445 965328
7 2446 968586
7 2447 962283
7 2448 3751539
7 2449 3876428
7 2450 3769854
7 2451 969530
7 2452 3983136
7 2453 969553
7 2454 3750153
7 2455 3876043
7 2456 3765916
7 2457 968233
7 2458 3964468
7 2459 968255
7 2460 3731431
7 2461 968432
7 2462 3731431
7 2463 968394
7 2464 962176
7 2465 962176
7 2466 3949274
7 2467 971952
7 2468 3951128
7 2469 971711
7 2470 962745
7 2471 962745
7 2472 3772857
7 2473 972462
7 2474 3786563
7 2475 974838
7 2476 975113
7 2477 975420
7 2478 3772186
7 2479 972284
7 2480 3767577
7 2481 970988
7 2482 974857
7 2483 974253
7 2484 3732058
7 2485 968675
7 2486 3732058
7 2487 968454
7 2488 962335
7 2489 962335
7 2490 969467
7 2491 972462
7 2492 969710
7 2493 971777
7 2494 965600
7 2495 965600
7 2496 3995532
7 2497 969467
7 2498 4025154
7 2499 972973
7 2500 975168
7 2501 972087
7 2502 3997437
7 2503 969126
7 2504 4023462
7 2505 971710
7 2506 971623
7 2507 968798
7 2508 3992223
7 2509 974772
7 2510 3993093
7 2511 974563
7 2512 965602
7 2513 965602
7 2514 969540
7 2515 972201
7 2516 969701
7 2517 971613
7 2518 962597
7 2519 962597
7 2520 3732300
7 2521 3846532
7 2522 3771504
7 2523 969701
7 2524 3981718
7 2525 969540
7 2526 3751561
7 2527 3876428
7 2528 3790072
7 2529 972394
7 2530 4008191
7 2531 972426
7 2532 3751572
7 2533 971623
7 2534 3770206
7 2535 974646
7 2536 969126
7 2537 969536
7 2538 3984961
7 2539 975168
7 2540 3997124
7 2541 975832
7 2542 969467
7 2543 969710
7 2544 3751539
7 2545 3876419
7 2546 3772857
7 2547 969710
7 2548 3982757
7 2549 969467
7 2550 3730232
7 2551 3844320
7 2552 3750791
7 2553 965757
7 2554 3940285
7 2555 965777
7 2556 3785034
7 2557 974857
7 2558 3763540
7 2559 971142
7 2560 972284
7 2561 971682
7 2562 4023404
7 2563 975113
7 2564 4022172
7 2565 974259
7 2566 972462
7 2567 971777
7 2568 3733422
7 2569 3846793
7 2570 3771999
7 2571 969575
7 2572 3979107
7 2573 969548
7 2574 3729000
7 2575 3845591
7 2576 3750439
7 2577 965698
7 2578 3940183
7 2579 965703
7 2580 3746930
7 2581 971156
7 2582 3746930
7 2583 970944
7 2584 965426
7 2585 965426
7 2586 3954094
7 2587 972360
7 2588 3955593
7 2589 971436
7 2590 965600
7 2591 965600
7 2592 3709310
7 2593 968586
7 2594 3728307
7 2595 971394
7 2596 965375
7 2597 968262
7 2598 3728307
7 2599 968826
7 2600 3708628
7 2601 965524
7 2602 971031
7 2603 967815
7 2604 3709310
7 2605 968518
7 2606 3709310
7 2607 965536
7 2608 965239
7 2609 965239
7 2610 958809
7 2611 961767
7 2612 961767
7 2613 958728
7 2614 958809
7 2615 958809
7 2616 3936223
7 2617 972550
7 2618 3950492
7 2619 975384
7 2620 971740
7 2621 972156
7 2622 3949265
7 2623 972716
7 2624 3949520
7 2625 971618
7 2626 974533
7 2627 973980
7 2628 3950202
7 2629 974992
7 2630 3949325
7 2631 972145
7 2632 970597
7 2633 970597
7 2634 962171
7 2635 962776
7 2636 962776
7 2637 962164
7 2638 962171
7 2639 962171
7 2640 3749856
7 2641 971377
7 2642 3788202
7 2643 975636
7 2644 974799
7 2645 975421
7 2646 3771614
7 2647 972378
7 2648 3801303
7 2649 977632
7 2650 978267
7 2651 978479
7 2652 3785034
7 2653 977652
7 2654 3786552
7 2655 978095
7 2656 974773
7 2657 975004
7 2658 971539
7 2659 977425
7 2660 975046
7 2661 977401
7 2662 975017
7 2663 975007
7 2664 3769854
7 2665 972360
7 2666 3786563
7 2667 975832
7 2668 975113
7 2669 975168
7 2670 3769557
7 2671 971770
7 2672 3765377
7 2673 971306
7 2674 975191
7 2675 974427
7 2676 3786475
7 2677 977710
7 2678 3780535
7 2679 973934
7 2680 977223
7 2681 976634
7 2682 977425
7 2683 977702
7 2684 977401
7 2685 974470
7 2686 977822
7 2687 976878
7 2688 3771999
7 2689 971952
7 2690 3798487
7 2691 977930
7 2692 978075
7 2693 977886
7 2694 3767797
7 2695 971448
7 2696 3781734
7 2697 973880
7 2698 975024
7 2699 974651
7 2700 3745588
7 2701 971583
7 2702 3745588
7 2703 970786
7 2704 967809
7 2705 967809
7 2706 975017
7 2707 977822
7 2708 975007
7 2709 976878
7 2710 970734
7 2711 970734
7 2712 3728307
7 2713 969562
7 2714 3736007
7 2715 972263
7 2716 968736
7 2717 969316
7 2718 3736007
7 2719 969573
7 2720 3728175
7 2721 968551
7 2722 971930
7 2723 971299
7 2724 3728307
7 2725 971323
7 2726 3728307
7 2727 968229
7 2728 967988
7 2729 967988
7 2730 962007
7 2731 962674
7 2732 962674
7 2733 961999
7 2734 962007
7 2735 962007
7 2736 965375
7 2737 971740
7 2738 968736
7 2739 973962
7 2740 971845
7 2741 971936
7 2742 968505
7 2743 971803
7 2744 968866
7 2745 968259
7 2746 974087
7 2747 973581
7 2748 969040
7 2749 973913
7 2750 968794
7 2751 971419
7 2752 967686
7 2753 967686
7 2754 964716
7 2755 965389
7 2756 965389
7 2757 964708
7 2758 964716
7 2759 964716
7 2760 3966901
7 2761 968912
7 2762 4009665
7 2763 972908
7 2764 975331
7 2765 972334
7 2766 3983407
7 2767 969391
7 2768 4040977
7 2769 975634
7 2770 977866
7 2771 975645
7 2772 4016071
7 2773 978014
7 2774 4020125
7 2775 978565
7 2776 972476
7 2777 972714
7 2778 974922
7 2779 977646
7 2780 975662
7 2781 977694
7 2782 972161
7 2783 971786
7 2784 3982247
7 2785 969553
7 2786 4011583
7 2787 972973
7 2788 975420
7 2789 972087
7 2790 3990009
7 2791 969540
7 2792 4017199
7 2793 971747
7 2794 975321
7 2795 972031
7 2796 4035571
7 2797 978466
7 2798 4037384
7 2799 976779
7 2800 975500
7 2801 974924
7 2802 977940
7 2803 974812
7 2804 978155
7 2805 977016
7 2806 974784
7 2807 971876
7 2808 3991399
7 2809 969548
7 2810 4042529
7 2811 975962
7 2812 977886
7 2813 975554
7 2814 3983950
7 2815 968894
7 2816 4021830
7 2817 972375
7 2818 974933
7 2819 971861
7 2820 4011305
7 2821 977430
7 2822 4011521
7 2823 976807
7 2824 970505
7 2825 970505
7 2826 974757
7 2827 977151
7 2828 974758
7 2829 974101
7 2830 968435
7 2831 968435
7 2832 3974229
7 2833 975384
7 2834 3986768
7 2835 978107
7 2836 973962
7 2837 974821
7 2838 3986174
7 2839 975181
7 2840 3980071
7 2841 974538
7 2842 977147
7 2843 976224
7 2844 3980710
7 2845 977450
7 2846 3980274
7 2847 974265
7 2848 973222
7 2849 973222
7 2850 964721
7 2851 965402
7 2852 965402
7 2853 964713
7 2854 964721
7 2855 964721
7 2856 968262
7 2857 972156
7 2858 969316
7 2859 974821
7 2860 971936
7 2861 971763
7 2862 969301
7 2863 972134
7 2864 969527
7 2865 971272
7 2866 974074
7 2867 973769
7 2868 969547
7 2869 974758
7 2870 969089
7 2871 972182
7 2872 970264
7 2873 970264
7 2874 962334
7 2875 962804
7 2876 962804
7 2877 962329
7 2878 962334
7 2879 962334
7 2880 3730507
7 2881 3845998
7 2882 3767797
7 2883 969089
7 2884 3964563
7 2885 968794
7 2886 3750307
7 2887 3877404
7 2888 3787773
7 2889 971932
7 2890 4005982
7 2891 972368
7 2892 3772186
7 2893 974758
7 2894 3775651
7 2895 975243
7 2896 969701
7 2897 969772
7 2898 3977083
7 2899 975007
7 2900 3994800
7 2901 975004
7 2902 969710
7 2903 969536
7 2904 3749119
7 2905 3874406
7 2906 3769557
7 2907 969527
7 2908 3973651
7 2909 968866
7 2910 3768259
7 2911 3900503
7 2912 3791513
7 2913 972077
7 2914 4011571
7 2915 972350
7 2916 3801952
7 2917 978155
7 2918 3803327
7 2919 977462
7 2920 975636
7 2921 975539
7 2922 4050175
7 2923 977401
7 2924 4058355
7 2925 978095
7 2926 975832
7 2927 974646
7 2928 3767093
7 2929 3900365
7 2930 3803327
7 2931 975243
7 2932 4030633
7 2933 975075
7 2934 3749471
7 2935 3879927
7 2936 3791513
7 2937 972320
7 2938 4014535
7 2939 972318
7 2940 3790072
7 2941 977819
7 2942 3787773
7 2943 977645
7 2944 972084
7 2945 972072
7 2946 4021340
7 2947 978479
7 2948 4028039
7 2949 977632
7 2950 972426
7 2951 972394
7 2952 3749856
7 2953 974933
7 2954 3769854
7 2955 977819
7 2956 971623
7 2957 974726
7 2958 3771614
7 2959 975321
7 2960 3769557
7 2961 975250
7 2962 977652
7 2963 977240
7 2964 3771999
7 2965 977960
7 2966 3767797
7 2967 975099
7 2968 974867
7 2969 974693
7 2970 968586
7 2971 969539
7 2972 969562
7 2973 969150
7 2974 969195
7 2975 968996
7 2976 3939248
7 2977 975024
7 2978 3980536
7 2979 977503
7 2980 974857
7 2981 975095
7 2982 3979403
7 2983 975191
7 2984 3991265
7 2985 975027
7 2986 977710
7 2987 977624
7 2988 3991971
7 2989 978234
7 2990 3992211
7 2991 976001
7 2992 974680
7 2993 974438
7 2994 968826
7 2995 969565
7 2996 969573
7 2997 969312
7 2998 969306
7 2999 968822
7 3000 3750439
7 3001 3877421
7 3002 3771999
7 3003 969547
7 3004 3974006
7 3005 969040
7 3006 3750791
7 3007 3878776
7 3008 3790072
7 3009 972368
7 3010 4013277
7 3011 972532
7 3012 3772857
7 3013 974757
7 3014 3771504
7 3015 975075
7 3016 969540
7 3017 969699
7 3018 3981280
7 3019 975017
7 3020 3989943
7 3021 974773
7 3022 969467
7 3023 969126
7 3024 3765905
7 3025 3899839
7 3026 3771614
7 3027 969316
7 3028 3968634
7 3029 968736
7 3030 3732828
7 3031 3844475
7 3032 3749471
7 3033 965584
7 3034 3939648
7 3035 965843
7 3036 3793295
7 3037 975662
7 3038 3781140
7 3039 973390
7 3040 972908
7 3041 972443
7 3042 4027344
7 3043 975046
7 3044 4027558
7 3045 974253
7 3046 972973
7 3047 971710
7 3048 3764354
7 3049 3896908
7 3050 3801952
7 3051 975004
7 3052 4025295
7 3053 974773
7 3054 3765069
7 3055 3894128
7 3056 3768259
7 3057 968328
7 3058 3964695
7 3059 968342
7 3060 3801303
7 3061 977503
7 3062 3798069
7 3063 976501
7 3064 974298
7 3065 974252
7 3066 4042434
7 3067 978267
7 3068 4049090
7 3069 976888
7 3070 974772
7 3071 974563
7 3072 3788202
7 3073 977886
7 3074 3786563
7 3075 978479
7 3076 975168
7 3077 975421
7 3078 3801303
7 3079 977866
7 3080 3765377
7 3081 971685
7 3082 978014
7 3083 974081
7 3084 3798487
7 3085 978234
7 3086 3781734
7 3087 973805
7 3088 977147
7 3089 976802
7 3090 972550
7 3091 972716
7 3092 975384
7 3093 971618
7 3094 974992
7 3095 972145
7 3096 4018076
7 3097 978075
7 3098 4023829
7 3099 978267
7 3100 975113
7 3101 974799
7 3102 4039189
7 3103 978267
7 3104 4020474
7 3105 972092
7 3106 978466
7 3107 977019
7 3108 4047402
7 3109 978688
7 3110 4029900
7 3111 975247
7 3112 977365
7 3113 976646
7 3114 972716
7 3115 972626
7 3116 975181
7 3117 971779
7 3118 974896
7 3119 971709
7 3120 3765916
7 3121 3899957
7 3122 3769854
7 3123 969301
7 3124 3968588
7 3125 968505
7 3126 3764464
7 3127 3896803
7 3128 3803327
7 3129 974693
7 3130 4031928
7 3131 974867
7 3132 3803954
7 3133 977940
7 3134 3786519
7 3135 977240
7 3136 975421
7 3137 974726
7 3138 4041958
7 3139 977425
7 3140 4049743
7 3141 977652
7 3142 975168
7 3143 971623
7 3144 3748855
7 3145 3879631
7 3146 3749856
7 3147 968262
7 3148 3963625
7 3149 965375
7 3150 3763254
7 3151 3893575
7 3152 3767093
7 3153 968147
7 3154 3964518
7 3155 968335
7 3156 3773594
7 3157 974922
7 3158 3769392
7 3159 970997
7 3160 972334
7 3161 971730
7 3162 4024648
7 3163 971539
7 3164 4025024
7 3165 974180
7 3166 972087
7 3167 968798
7 3168 3730232
7 3169 3844319
7 3170 3769557
7 3171 969544
7 3172 3978190
7 3173 969540
7 3174 3729517
7 3175 3844165
7 3176 3749119
7 3177 965528
7 3178 3938468
7 3179 965537
7 3180 3746985
7 3181 971151
7 3182 3746985
7 3183 970945
7 3184 965264
7 3185 965264
7 3186 3954108
7 3187 972378
7 3188 3955626
7 3189 971653
7 3190 965602
7 3191 965602
7 3192 3785034
7 3193 975420
7 3194 3786475
7 3195 977467
7 3196 977425
7 3197 977940
7 3198 3786552
7 3199 975331
7 3200 3780535
7 3201 974010
7 3202 977646
7 3203 977172
7 3204 3745588
7 3205 971744
7 3206 3745588
7 3207 970778
7 3208 967819
7 3209 967819
7 3210 971740
7 3211 974533
7 3212 972156
7 3213 973980
7 3214 970597
7 3215 970597
7 3216 4007008
7 3217 975113
7 3218 4042034
7 3219 978466
7 3220 977702
7 3221 974812
7 3222 4017636
7 3223 974799
7 3224 4042516
7 3225 977019
7 3226 974812
7 3227 974577
7 3228 4018272
7 3229 977365
7 3230 4019116
7 3231 976646
7 3232 970662
7 3233 970662
7 3234 971803
7 3235 974246
7 3236 972134
7 3237 973774
7 3238 968197
7 3239 968197
7 3240 3732311
7 3241 3846557
7 3242 3775651
7 3243 969772
7 3244 3983292
7 3245 969699
7 3246 3748877
7 3247 3875837
7 3248 3787773
7 3249 972072
7 3250 4007896
7 3251 972084
7 3252 3770206
7 3253 974726
7 3254 3776245
7 3255 975539
7 3256 969699
7 3257 969772
7 3258 3989490
7 3259 975421
7 3260 3998637
7 3261 975636
7 3262 969540
7 3263 969701
7 3264 3750153
7 3265 3876112
7 3266 3772186
7 3267 969536
7 3268 3982805
7 3269 969126
7 3270 3729517
7 3271 3844301
7 3272 3750307
7 3273 965686
7 3274 3940335
7 3275 965700
7 3276 3786552
7 3277 975095
7 3278 3779292
7 3279 973708
7 3280 972237
7 3281 972129
7 3282 4023870
7 3283 974799
7 3284 4025166
7 3285 974465
7 3286 972201
7 3287 971613
7 3288 3729000
7 3289 3845810
7 3290 3767797
7 3291 969005
7 3292 3977984
7 3293 968894
7 3294 3709310
7 3295 3840270
7 3296 3730507
7 3297 962275
7 3298 3934474
7 3299 962275
7 3300 3732806
7 3301 968729
7 3302 3732806
7 3303 968232
7 3304 962598
7 3305 962598
7 3306 3950302
7 3307 971377
7 3308 3951654
7 3309 968338
7 3310 962597
7 3311 962597
7 3312 3728307
7 3313 969539
7 3314 3736007
7 3315 972263
7 3316 968505
7 3317 969301
7 3318 3736007
7 3319 969565
7 3320 3728175
7 3321 968549
7 3322 971924
7 3323 971076
7 3324 3728307
7 3325 971336
7 3326 3728307
7 3327 968385
7 3328 967989
7 3329 967989
7 3330 962171
7 3331 962776
7 3332 962776
7 3333 962164
7 3334 962171
7 3335 962171
7 3336 3940448
7 3337 972716
7 3338 3952205
7 3339 975181
7 3340 971803
7 3341 972134
7 3342 3951081
7 3343 972626
7 3344 3952484
7 3345 971779
7 3346 974246
7 3347 973774
7 3348 3953010
7 3349 974896
7 3350 3951783
7 3351 971709
7 3352 968197
7 3353 968197
7 3354 962247
7 3355 962783
7 3356 962783
7 3357 962241
7 3358 962247
7 3359 962247
7 3360 3709310
7 3361 968894
7 3362 3731431
7 3363 972084
7 3364 969126
7 3365 969699
7 3366 3730045
7 3367 969540
7 3368 3746985
7 3369 972318
7 3370 974773
7 3371 975075
7 3372 3746930
7 3373 974867
7 3374 3732806
7 3375 972350
7 3376 972532
7 3377 972368
7 3378 965375
7 3379 968505
7 3380 968736
7 3381 968866
7 3382 969040
7 3383 968794
7 3384 3731431
7 3385 969548
7 3386 3732058
7 3387 972426
7 3388 969467
7 3389 969540
7 3390 3746985
7 3391 969391
7 3392 3708474
7 3393 965527
7 3394 972476
7 3395 971506
7 3396 3745588
7 3397 974680
7 3398 3744114
7 3399 968867
7 3400 974862
7 3401 974522
7 3402 971740
7 3403 971803
7 3404 973962
7 3405 968259
7 3406 973913
7 3407 971419
7 3408 3746930
7 3409 969553
7 3410 3745588
7 3411 974612
7 3412 975017
7 3413 974757
7 3414 3732806
7 3415 968912
7 3416 3744114
7 3417 968859
7 3418 972161
7 3419 971992
7 3420 3708584
7 3421 968491
7 3422 3708584
7 3423 965303
7 3424 965497
7 3425 965497
7 3426 971845
7 3427 974087
7 3428 971936
7 3429 973581
7 3430 967686
7 3431 967686
7 3432 3709310
7 3433 969195
7 3434 3728307
7 3435 971635
7 3436 969040
7 3437 969547
7 3438 3728307
7 3439 969306
7 3440 3708628
7 3441 965688
7 3442 971900
7 3443 971353
7 3444 3709310
7 3445 968685
7 3446 3709310
7 3447 965150
7 3448 965446
7 3449 965446
7 3450 964716
7 3451 965389
7 3452 965389
7 3453 964708
7 3454 964716
7 3455 964716
7 3456 958809
7 3457 962171
7 3458 962007
7 3459 964721
7 3460 964716
7 3461 962334
7 3462 962171
7 3463 962247
7 3464 964721
7 3465 958714
7 3466 964556
7 3467 964384
7 3468 964716
7 3469 964556
7 3470 962334
7 3471 964384
7 3472 958724
7 3473 958724
7 3474 958809
7 3475 961767
7 3476 961767
7 3477 958728
7 3478 958809
7 3479 958809
7 3480 3885461
7 3481 971448
7 3482 3933652
7 3483 974298
7 3484 972284
7 3485 972237
7 3486 3923287
7 3487 971770
7 3488 3964224
7 3489 974761
7 3490 977223
7 3491 977320
7 3492 3962210
7 3493 977147
7 3494 3943233
7 3495 975306
7 3496 974862
7 3497 974509
7 3498 971031
7 3499 971924
7 3500 971930
7 3501 971893
7 3502 971900
7 3503 971223
7 3504 3926961
7 3505 971952
7 3506 3933417
7 3507 974772
7 3508 972462
7 3509 972201
7 3510 3953305
7 3511 972378
7 3512 3931962
7 3513 968064
7 3514 975500
7 3515 974209
7 3516 3962031
7 3517 977365
7 3518 3967042
7 3519 971915
7 3520 976715
7 3521 976529
7 3522 974533
7 3523 974246
7 3524 977147
7 3525 973733
7 3526 976932
7 3527 974081
7 3528 3953272
7 3529 972360
7 3530 3957577
7 3531 977430
7 3532 977822
7 3533 977151
7 3534 3934731
7 3535 971377
7 3536 3961968
7 3537 971695
7 3538 974784
7 3539 974312
7 3540 3938930
7 3541 974323
7 3542 3939342
7 3543 971387
7 3544 967928
7 3545 967928
7 3546 974087
7 3547 974208
7 3548 974074
7 3549 973762
7 3550 970415
7 3551 970415
7 3552 3934454
7 3553 974992
7 3554 3964129
7 3555 977450
7 3556 973913
7 3557 974758
7 3558 3963907
7 3559 974896
7 3560 3938380
7 3561 971684
7 3562 976932
7 3563 975883
7 3564 3940315
7 3565 974806
7 3566 3938150
7 3567 971177
7 3568 970582
7 3569 970582
7 3570 964556
7 3571 965370
7 3572 965370
7 3573 964546
7 3574 964556
7 3575 964556
7 3576 961767
7 3577 962776
7 3578 962674
7 3579 965402
7 3580 965389
7 3581 962804
7 3582 962776
7 3583 962783
7 3584 965402
7 3585 961755
7 3586 965370
7 3587 965333
7 3588 965389
7 3589 965370
7 3590 962804
7 3591 965333
7 3592 961755
7 3593 961755
7 3594 961767
7 3595 964470
7 3596 964470
7 3597 961690
7 3598 961767
7 3599 961767
7 3600 3709310
7 3601 967937
7 3602 3729000
7 3603 971065
7 3604 968822
7 3605 968996
7 3606 3729517
7 3607 968565
7 3608 3748877
7 3609 972077
7 3610 974438
7 3611 974693
7 3612 3750153
7 3613 974458
7 3614 3732311
7 3615 972320
7 3616 972394
7 3617 972072
7 3618 968525
7 3619 969530
7 3620 969548
7 3621 969544
7 3622 969575
7 3623 969005
7 3624 3729517
7 3625 968575
7 3626 3730232
7 3627 971612
7 3628 969312
7 3629 969150
7 3630 3765069
7 3631 971922
7 3632 3749471
7 3633 971574
7 3634 976001
7 3635 975099
7 3636 3764354
7 3637 977462
7 3638 3767093
7 3639 972577
7 3640 977632
7 3641 977645
7 3642 974924
7 3643 974838
7 3644 978116
7 3645 975155
7 3646 977930
7 3647 975237
7 3648 3763254
7 3649 971741
7 3650 3764464
7 3651 977462
7 3652 977624
7 3653 977240
7 3654 3732828
7 3655 968428
7 3656 3768259
7 3657 972577
7 3658 975027
7 3659 975250
7 3660 3750791
7 3661 975250
7 3662 3750307
7 3663 972577
7 3664 972318
7 3665 972320
7 3666 975591
7 3667 977467
7 3668 975525
7 3669 977462
7 3670 974612
7 3671 974458
7 3672 3748855
7 3673 975237
7 3674 3765916
7 3675 977645
7 3676 974646
7 3677 975539
7 3678 3765905
7 3679 975155
7 3680 3749119
7 3681 972577
7 3682 978095
7 3683 977462
7 3684 3750439
7 3685 975099
7 3686 3730507
7 3687 971574
7 3688 972350
7 3689 972077
7 3690 971394
7 3691 972263
7 3692 972263
7 3693 971612
7 3694 971635
7 3695 971065
7 3696 965059
7 3697 968432
7 3698 968269
7 3699 971151
7 3700 971156
7 3701 968729
7 3702 968668
7 3703 968675
7 3704 971849
7 3705 968428
7 3706 971583
7 3707 971741
7 3708 971773
7 3709 971744
7 3710 969003
7 3711 971922
7 3712 968491
7 3713 968565
7 3714 968518
7 3715 971336
7 3716 971323
7 3717 968575
7 3718 968685
7 3719 967937
7 3720 3729000
7 3721 968685
7 3722 3733422
7 3723 971635
7 3724 969306
7 3725 969195
7 3726 3730232
7 3727 968491
7 3728 3751561
7 3729 972350
7 3730 974680
7 3731 974867
7 3732 3751539
7 3733 974612
7 3734 3732300
7 3735 972318
7 3736 972426
7 3737 972084
7 3738 968912
7 3739 969553
7 3740 969391
7 3741 969540
7 3742 969548
7 3743 968894
7 3744 3748877
7 3745 971323
7 3746 3751561
7 3747 972263
7 3748 969573
7 3749 969562
7 3750 3749471
7 3751 969003
7 3752 3708518
7 3753 965058
7 3754 972452
7 3755 971078
7 3756 3781140
7 3757 975525
7 3758 3747942
7 3759 968716
7 3760 975634
7 3761 974491
7 3762 972908
7 3763 972973
7 3764 975634
7 3765 971747
7 3766 975962
7 3767 972375
7 3768 3764464
7 3769 971583
7 3770 3782449
7 3771 978095
7 3772 977710
7 3773 977652
7 3774 3768259
7 3775 971849
7 3776 3745951
7 3777 968552
7 3778 973097
7 3779 971705
7 3780 3765377
7 3781 975027
7 3782 3762891
7 3783 971568
7 3784 974761
7 3785 974706
7 3786 978014
7 3787 978466
7 3788 978565
7 3789 976779
7 3790 977430
7 3791 976807
7 3792 3781899
7 3793 977930
7 3794 3767577
7 3795 977632
7 3796 975832
7 3797 975636
7 3798 3798069
7 3799 978116
7 3800 3762891
7 3801 971429
7 3802 978565
7 3803 977090
7 3804 3781734
7 3805 976001
7 3806 3750560
7 3807 968652
7 3808 975306
7 3809 974734
7 3810 975384
7 3811 975181
7 3812 978107
7 3813 974538
7 3814 977450
7 3815 974265
7 3816 971448
7 3817 971952
7 3818 971770
7 3819 972378
7 3820 972360
7 3821 971377
7 3822 974298
7 3823 974772
7 3824 974761
7 3825 968064
7 3826 977430
7 3827 971695
7 3828 977147
7 3829 977365
7 3830 975306
7 3831 971915
7 3832 974323
7 3833 971387
7 3834 974992
7 3835 974896
7 3836 977450
7 3837 971684
7 3838 974806
7 3839 971177
7 3840 3750153
7 3841 971336
7 3842 3751539
7 3843 972263
7 3844 969565
7 3845 969539
7 3846 3764354
7 3847 971744
7 3848 3781140
7 3849 975099
7 3850 978234
7 3851 977960
7 3852 3783043
7 3853 977467
7 3854 3769392
7 3855 975250
7 3856 978479
7 3857 977819
7 3858 975331
7 3859 975420
7 3860 977866
7 3861 975321
7 3862 977886
7 3863 974933
7 3864 3732311
7 3865 968518
7 3866 3732300
7 3867 971394
7 3868 968826
7 3869 968586
7 3870 3767093
7 3871 971773
7 3872 3747942
7 3873 968721
7 3874 973125
7 3875 972009
7 3876 3769392
7 3877 975591
7 3878 3749086
7 3879 968767
7 3880 975645
7 3881 974788
7 3882 972334
7 3883 972087
7 3884 975645
7 3885 972031
7 3886 975554
7 3887 971861
7 3888 3750791
7 3889 968675
7 3890 3765377
7 3891 975155
7 3892 975191
7 3893 975321
7 3894 3750307
7 3895 968668
7 3896 3762891
7 3897 971263
7 3898 972037
7 3899 971960
7 3900 3708474
7 3901 968428
7 3902 3708474
7 3903 965607
7 3904 965327
7 3905 965327
7 3906 972476
7 3907 975500
7 3908 972714
7 3909 974924
7 3910 970505
7 3911 970505
7 3912 3763540
7 3913 974838
7 3914 3780535
7 3915 977462
7 3916 977401
7 3917 978155
7 3918 3779292
7 3919 974924
7 3920 3760317
7 3921 971084
7 3922 977694
7 3923 976922
7 3924 3744114
7 3925 971922
7 3926 3744114
7 3927 970880
7 3928 968298
7 3929 968298
7 3930 973962
7 3931 977147
7 3932 974821
7 3933 976224
7 3934 973222
7 3935 973222
7 3936 972284
7 3937 972462
7 3938 977223
7 3939 975500
7 3940 977822
7 3941 974784
7 3942 972237
7 3943 972201
7 3944 977320
7 3945 974209
7 3946 977151
7 3947 974312
7 3948 974862
7 3949 976715
7 3950 974509
7 3951 976529
7 3952 967928
7 3953 967928
7 3954 973913
7 3955 976932
7 3956 974758
7 3957 975883
7 3958 970582
7 3959 970582
7 3960 3748855
7 3961 968729
7 3962 3781899
7 3963 975539
7 3964 975095
7 3965 974726
7 3966 3765905
7 3967 971151
7 3968 3798069
7 3969 977645
7 3970 977503
7 3971 977819
7 3972 3763540
7 3973 977240
7 3974 3779292
7 3975 977462
7 3976 975075
7 3977 975243
7 3978 974922
7 3979 977940
7 3980 975662
7 3981 978155
7 3982 974757
7 3983 974758
7 3984 3765916
7 3985 971156
7 3986 3767577
7 3987 974646
7 3988 974857
7 3989 971623
7 3990 3749119
7 3991 968269
7 3992 3762891
7 3993 971099
7 3994 972037
7 3995 971735
7 3996 3780535
7 3997 977624
7 3998 3760317
7 3999 971080
7 4000 977320
7 4001 976805
7 4002 977646
7 4003 974812
7 4004 977694
7 4005 977016
7 4006 977151
7 4007 974101
7 4008 3750439
7 4009 968432
7 4010 3781734
7 4011 975237
7 4012 975024
7 4013 974933
7 4014 3730507
7 4015 965059
7 4016 3750560
7 4017 968476
7 4018 968689
7 4019 968592
7 4020 3744114
7 4021 971741
7 4022 3744114
7 4023 970648
7 4024 968144
7 4025 968144
7 4026 972161
7 4027 974784
7 4028 971786
7 4029 971876
7 4030 968435
7 4031 968435
7 4032 3708628
7 4033 969150
7 4034 3728175
7 4035 971612
7 4036 968866
7 4037 969527
7 4038 3728175
7 4039 969312
7 4040 3707935
7 4041 965299
7 4042 971893
7 4043 971051
7 4044 3708628
7 4045 968575
7 4046 3708628
7 4047 965218
7 4048 965288
7 4049 965288
7 4050 964721
7 4051 965402
7 4052 965402
7 4053 964713
7 4054 964721
7 4055 964721
7 4056 971031
7 4057 974533
7 4058 971930
7 4059 977147
7 4060 974087
7 4061 974074
7 4062 971924
7 4063 974246
7 4064 971893
7 4065 973733
7 4066 974208
7 4067 973762
7 4068 971900
7 4069 976932
7 4070 971223
7 4071 974081
7 4072 970415
7 4073 970415
7 4074 964556
7 4075 965370
7 4076 965370
7 4077 964546
7 4078 964556
7 4079 964556
7 4080 3709310
7 4081 969005
7 4082 3731431
7 4083 972072
7 4084 969536
7 4085 969772
7 4086 3730045
7 4087 969544
7 4088 3746985
7 4089 972320
7 4090 975004
7 4091 975243
7 4092 3746930
7 4093 974693
7 4094 3732806
7 4095 972077
7 4096 972368
7 4097 971932
7 4098 968262
7 4099 969301
7 4100 969316
7 4101 969527
7 4102 969547
7 4103 969089
7 4104 3731431
7 4105 969575
7 4106 3732058
7 4107 972394
7 4108 969710
7 4109 969701
7 4110 3746985
7 4111 969548
7 4112 3708474
7 4113 965533
7 4114 972714
7 4115 972032
7 4116 3745588
7 4117 974438
7 4118 3744114
7 4119 968540
7 4120 974509
7 4121 974241
7 4122 972156
7 4123 972134
7 4124 974821
7 4125 971272
7 4126 974758
7 4127 972182
7 4128 3746930
7 4129 969530
7 4130 3745588
7 4131 974458
7 4132 975007
7 4133 974758
7 4134 3732806
7 4135 968525
7 4136 3744114
7 4137 968686
7 4138 971786
7 4139 971920
7 4140 3708584
7 4141 968565
7 4142 3708584
7 4143 965218
7 4144 965434
7 4145 965434
7 4146 971936
7 4147 974074
7 4148 971763
7 4149 973769
7 4150 970264
7 4151 970264
7 4152 3709310
7 4153 968996
7 4154 3728307
7 4155 971065
7 4156 968794
7 4157 969089
7 4158 3728307
7 4159 968822
7 4160 3708628
7 4161 965137
7 4162 971223
7 4163 970831
7 4164 3709310
7 4165 967937
7 4166 3709310
7 4167 962024
7 4168 962361
7 4169 962361
7 4170 962334
7 4171 962804
7 4172 962804
7 4173 962329
7 4174 962334
7 4175 962334
7 4176 961767
7 4177 962776
7 4178 962674
7 4179 965402
7 4180 965389
7 4181 962804
7 4182 962776
7 4183 962783
7 4184 965402
7 4185 961755
7 4186 965370
7 4187 965333
7 4188 965389
7 4189 965370
7 4190 962804
7 4191 965333
7 4192 961755
7 4193 961755
7 4194 961767
7 4195 964470
7 4196 964470
7 4197 961690
7 4198 961767
7 4199 961767
7 4200 958809
7 4201 962176
7 4202 962252
7 4203 965264
7 4204 965426
7 4205 962598
7 4206 962252
7 4207 962335
7 4208 967909
7 4209 965327
7 4210 967809
7 4211 968144
7 4212 967666
7 4213 967819
7 4214 962672
7 4215 968298
7 4216 965497
7 4217 965434
7 4218 965239
7 4219 967989
7 4220 967988
7 4221 965288
7 4222 965446
7 4223 962361
7 4224 962176
7 4225 962745
7 4226 962335
7 4227 965602
7 4228 965600
7 4229 962597
7 4230 965264
7 4231 965602
7 4232 965327
7 4233 958714
7 4234 970505
7 4235 965148
7 4236 967819
7 4237 970662
7 4238 968298
7 4239 964899
7 4240 967928
7 4241 967620
7 4242 970597
7 4243 968197
7 4244 973222
7 4245 967613
7 4246 970582
7 4247 965472
7 4248 965426
7 4249 965600
7 4250 967809
7 4251 970505
7 4252 970734
7 4253 968435
7 4254 962598
7 4255 962597
7 4256 968144
7 4257 965148
7 4258 968435
7 4259 965291
7 4260 965497
7 4261 967928
7 4262 965434
7 4263 967620
7 4264 958710
7 4265 958710
7 4266 967686
7 4267 970415
7 4268 970264
7 4269 967298
7 4270 964655
7 4271 964655
7 4272 965239
7 4273 970597
7 4274 967988
7 4275 973222
7 4276 967686
7 4277 970264
7 4278 967989
7 4279 968197
7 4280 965288
7 4281 967613
7 4282 970415
7 4283 967298
7 4284 965446
7 4285 970582
7 4286 962361
7 4287 965472
7 4288 964655
7 4289 964655
7 4290 958724
7 4291 961755
7 4292 961755
7 4293 958642
7 4294 958724
7 4295 958724
7 4296 958809
7 4297 962171
7 4298 962007
7 4299 964721
7 4300 964716
7 4301 962334
7 4302 962171
7 4303 962247
7 4304 964721
7 4305 958714
7 4306 964556
7 4307 964384
7 4308 964716
7 4309 964556
7 4310 962334
7 4311 964384
7 4312 958724
7 4313 958724
7 4314 958809
7 4315 961767
7 4316 961767
7 4317 958728
7 4318 958809
7 4319 958809
7 4320 3840270
7 4321 961849
7 4322 3887583
7 4323 964967
7 4324 965134
7 4325 962262
7 4326 3889413
7 4327 962175
7 4328 3926454
7 4329 965584
7 4330 967822
7 4331 968147
7 4332 3923573
7 4333 967984
7 4334 3899434
7 4335 968328
7 4336 965757
7 4337 965686
7 4338 965668
7 4339 968233
7 4340 968239
7 4341 965528
7 4342 965698
7 4343 962275
7 4344 3884818
7 4345 962331
7 4346 3887538
7 4347 965378
7 4348 965378
7 4349 962348
7 4350 3942717
7 4351 968003
7 4352 3931698
7 4353 965058
7 4354 973854
7 4355 968721
7 4356 3940523
7 4357 973622
7 4358 3954873
7 4359 968552
7 4360 971306
7 4361 971099
7 4362 973549
7 4363 970988
7 4364 976504
7 4365 971263
7 4366 973880
7 4367 968476
7 4368 3940763
7 4369 967985
7 4370 3940225
7 4371 973390
7 4372 973388
7 4373 970997
7 4374 3896599
7 4375 962348
7 4376 3954066
7 4377 968716
7 4378 971245
7 4379 968767
7 4380 3933207
7 4381 971685
7 4382 3933025
7 4383 971429
7 4384 965527
7 4385 965533
7 4386 971671
7 4387 974010
7 4388 973794
7 4389 971084
7 4390 968859
7 4391 968686
7 4392 3923693
7 4393 973854
7 4394 3953099
7 4395 976501
7 4396 971142
7 4397 973708
7 4398 3952947
7 4399 971228
7 4400 3929770
7 4401 971568
7 4402 973934
7 4403 971080
7 4404 3932436
7 4405 973805
7 4406 3900676
7 4407 968652
7 4408 968867
7 4409 968540
7 4410 965524
7 4411 968549
7 4412 968551
7 4413 965299
7 4414 965688
7 4415 965137
7 4416 964975
7 4417 968394
7 4418 968232
7 4419 970945
7 4420 970944
7 4421 968232
7 4422 968396
7 4423 968454
7 4424 971263
7 4425 965607
7 4426 970786
7 4427 970648
7 4428 971104
7 4429 970778
7 4430 968315
7 4431 970880
7 4432 965303
7 4433 965218
7 4434 965536
7 4435 968385
7 4436 968229
7 4437 965218
7 4438 965150
7 4439 962024
7 4440 3882182
7 4441 962437
7 4442 3896682
7 4443 965388
7 4444 965402
7 4445 962455
7 4446 3891559
7 4447 962023
7 4448 3929712
7 4449 965843
7 4450 968148
7 4451 968335
7 4452 3928543
7 4453 968148
7 4454 3899143
7 4455 968342
7 4456 965777
7 4457 965700
7 4458 965844
7 4459 968255
7 4460 968239
7 4461 965537
7 4462 965703
7 4463 962275
7 4464 3916148
7 4465 965388
7 4466 3927993
7 4467 966314
7 4468 966331
7 4469 965328
7 4470 3923313
7 4471 965843
7 4472 3887960
7 4473 958718
7 4474 971078
7 4475 964881
7 4476 3971881
7 4477 974253
7 4478 3931010
7 4479 965095
7 4480 971747
7 4481 968260
7 4482 972443
7 4483 971710
7 4484 974491
7 4485 968260
7 4486 972375
7 4487 965681
7 4488 3944324
7 4489 968148
7 4490 3977018
7 4491 974253
7 4492 974251
7 4493 974180
7 4494 3952283
7 4495 968342
7 4496 3926861
7 4497 965095
7 4498 971705
7 4499 965258
7 4500 3956281
7 4501 972092
7 4502 3954744
7 4503 970815
7 4504 968064
7 4505 967944
7 4506 974081
7 4507 977019
7 4508 977090
7 4509 970719
7 4510 971695
7 4511 971067
7 4512 3975974
7 4513 976558
7 4514 3957150
7 4515 976888
7 4516 974259
7 4517 974465
7 4518 4000494
7 4519 976888
7 4520 3954033
7 4521 970815
7 4522 976779
7 4523 970719
7 4524 3977586
7 4525 975247
7 4526 3935741
7 4527 965904
7 4528 971915
7 4529 971212
7 4530 971618
7 4531 971779
7 4532 974538
7 4533 968419
7 4534 971684
7 4535 968380
7 4536 971160
7 4537 971711
7 4538 971398
7 4539 971653
7 4540 971436
7 4541 968338
7 4542 974252
7 4543 974563
7 4544 974706
7 4545 967944
7 4546 976807
7 4547 971067
7 4548 976802
7 4549 976646
7 4550 974734
7 4551 971212
7 4552 971387
7 4553 968229
7 4554 972145
7 4555 971709
7 4556 974265
7 4557 968380
7 4558 971177
7 4559 965239
7 4560 3920561
7 4561 965402
7 4562 3927966
7 4563 966331
7 4564 966326
7 4565 965329
7 4566 3939657
7 4567 968148
7 4568 3976066
7 4569 971078
7 4570 976553
7 4571 972009
7 4572 3970304
7 4573 974251
7 4574 3957910
7 4575 971705
7 4576 974427
7 4577 971735
7 4578 974421
7 4579 974253
7 4580 976882
7 4581 971960
7 4582 974651
7 4583 968592
7 4584 3893389
7 4585 962455
7 4586 3898187
7 4587 965328
7 4588 965329
7 4589 962283
7 4590 3947291
7 4591 968335
7 4592 3930329
7 4593 964881
7 4594 972009
7 4595 965959
7 4596 3956250
7 4597 974180
7 4598 3931339
7 4599 965258
7 4600 972031
7 4601 968747
7 4602 971730
7 4603 968798
7 4604 974788
7 4605 968747
7 4606 971861
7 4607 965679
7 4608 3928980
7 4609 965777
7 4610 3952182
7 4611 971747
7 4612 974427
7 4613 972031
7 4614 3928003
7 4615 965700
7 4616 3948468
7 4617 968260
7 4618 971735
7 4619 968747
7 4620 3894964
7 4621 968064
7 4622 3895338
7 4623 967944
7 4624 958714
7 4625 958714
7 4626 971506
7 4627 974209
7 4628 972032
7 4629 973423
7 4630 965148
7 4631 965148
7 4632 3948437
7 4633 974259
7 4634 3979770
7 4635 976779
7 4636 974470
7 4637 977016
7 4638 3972713
7 4639 974465
7 4640 3949480
7 4641 970719
7 4642 977016
7 4643 973564
7 4644 3930168
7 4645 971915
7 4646 3930130
7 4647 971212
7 4648 964899
7 4649 964899
7 4650 968259
7 4651 973733
7 4652 971272
7 4653 970378
7 4654 967613
7 4655 967613
7 4656 971682
7 4657 971777
7 4658 976634
7 4659 974924
7 4660 976878
7 4661 971876
7 4662 972129
7 4663 971613
7 4664 976805
7 4665 973423
7 4666 974101
7 4667 971342
7 4668 974522
7 4669 976529
7 4670 974241
7 4671 976127
7 4672 967620
7 4673 967620
7 4674 971419
7 4675 974081
7 4676 972182
7 4677 973183
7 4678 965472
7 4679 965472
7 4680 3925677
7 4681 965844
7 4682 3975878
7 4683 972443
7 4684 974421
7 4685 971730
7 4686 3950569
7 4687 968239
7 4688 4000824
7 4689 974491
7 4690 976882
7 4691 974788
7 4692 3955715
7 4693 974081
7 4694 3977859
7 4695 977090
7 4696 971506
7 4697 972032
7 4698 971832
7 4699 977172
7 4700 975228
7 4701 976922
7 4702 971992
7 4703 971920
7 4704 3950598
7 4705 968255
7 4706 3956450
7 4707 971710
7 4708 974253
7 4709 968798
7 4710 3925346
7 4711 965537
7 4712 3953117
7 4713 968260
7 4714 971960
7 4715 968747
7 4716 3979613
7 4717 977019
7 4718 3950256
7 4719 970719
7 4720 974209
7 4721 973423
7 4722 977172
7 4723 974577
7 4724 976922
7 4725 973564
7 4726 974312
7 4727 971342
7 4728 3928824
7 4729 965703
7 4730 3976799
7 4731 972375
7 4732 974651
7 4733 971861
7 4734 3895224
7 4735 962275
7 4736 3932221
7 4737 965681
7 4738 968592
7 4739 965679
7 4740 3929777
7 4741 971695
7 4742 3929295
7 4743 971067
7 4744 965148
7 4745 965148
7 4746 971992
7 4747 974312
7 4748 971920
7 4749 971342
7 4750 965291
7 4751 965291
7 4752 3894779
7 4753 971618
7 4754 3926193
7 4755 974538
7 4756 968259
7 4757 971272
7 4758 3926157
7 4759 971779
7 4760 3894321
7 4761 968419
7 4762 973733
7 4763 970378
7 4764 3896379
7 4765 971684
7 4766 3895670
7 4767 968380
7 4768 967613
7 4769 967613
7 4770 958714
7 4771 961755
7 4772 961755
7 4773 958632
7 4774 958714
7 4775 958714
7 4776 967815
7 4777 973980
7 4778 971299
7 4779 976224
7 4780 973581
7 4781 973769
7 4782 971076
7 4783 973774
7 4784 971051
7 4785 970378
7 4786 973762
7 4787 973033
7 4788 971353
7 4789 975883
7 4790 970831
7 4791 973183
7 4792 967298
7 4793 967298
7 4794 964384
7 4795 965333
7 4796 965333
7 4797 964372
7 4798 964384
7 4799 964384
7 4800 3885299
7 4801 971160
7 4802 3926964
7 4803 974252
7 4804 971682
7 4805 972129
7 4806 3922694
7 4807 971398
7 4808 3950634
7 4809 974706
7 4810 976634
7 4811 976805
7 4812 3949712
7 4813 976802
7 4814 3930977
7 4815 974734
7 4816 974522
7 4817 974241
7 4818 967815
7 4819 971076
7 4820 971299
7 4821 971051
7 4822 971353
7 4823 970831
7 4824 3926020
7 4825 971711
7 4826 3928029
7 4827 974563
7 4828 971777
7 4829 971613
7 4830 3949039
7 4831 971653
7 4832 3893276
7 4833 967944
7 4834 974924
7 4835 973423
7 4836 3946518
7 4837 976646
7 4838 3944602
7 4839 971212
7 4840 976529
7 4841 976127
7 4842 973980
7 4843 973774
7 4844 976224
7 4845 970378
7 4846 975883
7 4847 973183
7 4848 3949051
7 4849 971436
7 4850 3946339
7 4851 976807
7 4852 976878
7 4853 974101
7 4854 3930331
7 4855 968338
7 4856 3943870
7 4857 971067
7 4858 971876
7 4859 971342
7 4860 3894467
7 4861 971387
7 4862 3894439
7 4863 968229
7 4864 967620
7 4865 967620
7 4866 973581
7 4867 973762
7 4868 973769
7 4869 973033
7 4870 967298
7 4871 967298
7 4872 3895312
7 4873 972145
7 4874 3926005
7 4875 974265
7 4876 971419
7 4877 972182
7 4878 3926165
7 4879 971709
7 4880 3894463
7 4881 968380
7 4882 974081
7 4883 973183
7 4884 3896114
7 4885 971177
7 4886 3893050
7 4887 965239
7 4888 965472
7 4889 965472
7 4890 964384
7 4891 965333
7 4892 965333
7 4893 964372
7 4894 964384
7 4895 964384
7 4896 958728
7 4897 962164
7 4898 961999
7 4899 964713
7 4900 964708
7 4901 962329
7 4902 962164
7 4903 962241
7 4904 964713
7 4905 958632
7 4906 964546
7 4907 964372
7 4908 964708
7 4909 964546
7 4910 962329
7 4911 964372
7 4912 958642
7 4913 958642
7 4914 958728
7 4915 961690
7 4916 961690
7 4917 958647
7 4918 958728
7 4919 958728
7 4920 958809
7 4921 962176
7 4922 962252
7 4923 965264
7 4924 965426
7 4925 962598
7 4926 962252
7 4927 962335
7 4928 967909
7 4929 965327
7 4930 967809
7 4931 968144
7 4932 967666
7 4933 967819
7 4934 962672
7 4935 968298
7 4936 965497
7 4937 965434
7 4938 965239
7 4939 967989
7 4940 967988
7 4941 965288
7 4942 965446
7 4943 962361
7 4944 962176
7 4945 962745
7 4946 962335
7 4947 965602
7 4948 965600
7 4949 962597
7 4950 965264
7 4951 965602
7 4952 965327
7 4953 958714
7 4954 970505
7 4955 965148
7 4956 967819
7 4957 970662
7 4958 968298
7 4959 964899
7 4960 967928
7 4961 967620
7 4962 970597
7 4963 968197
7 4964 973222
7 4965 967613
7 4966 970582
7 4967 965472
7 4968 965426
7 4969 965600
7 4970 967809
7 4971 970505
7 4972 970734
7 4973 968435
7 4974 962598
7 4975 962597
7 4976 968144
7 4977 965148
7 4978 968435
7 4979 965291
7 4980 965497
7 4981 967928
7 4982 965434
7 4983 967620
7 4984 958710
7 4985 958710
7 4986 967686
7 4987 970415
7 4988 970264
7 4989 967298
7 4990 964655
7 4991 964655
7 4992 965239
7 4993 970597
7 4994 967988
7 4995 973222
7 4996 967686
7 4997 970264
7 4998 967989
7 4999 968197
7 5000 965288
7 5001 967613
7 5002 970415
7 5003 967298
7 5004 965446
7 5005 970582
7 5006 962361
7 5007 965472
7 5008 964655
7 5009 964655
7 5010 958724
7 5011 961755
7 5012 961755
7 5013 958642
7 5014 958724
7 5015 958724
7 5016 958809
7 5017 962171
7 5018 962007
7 5019 964721
7 5020 964716
7 5021 962334
7 5022 962171
7 5023 962247
7 5024 964721
7 5025 958714
7 5026 964556
7 5027 964384
7 5028 964716
7 5029 964556
7 5030 962334
7 5031 964384
7 5032 958724
7 5033 958724
7 5034 958809
7 5035 961767
7 5036 961767
7 5037 958728
7 5038 958809
7 5039 958809
