3 0 39916800
3 1 39916800
3 2 39916800
3 3 39913940
3 4 39913940
3 5 39905750
4 0 39882256
4 1 39810155
4 2 39881466
4 3 39630986
4 4 39833655
4 5 39609350
4 6 39810155
4 7 39639583
4 8 39833655
4 9 38966323
4 10 39802754
4 11 39247925
4 12 39630986
4 13 38843956
4 14 39609350
4 15 38150443
4 16 38831726
4 17 38014925
4 18 38966323
4 19 38150443
4 20 39247925
4 21 36551013
4 22 38014925
4 23 36605535
5 0 34203358
5 1 35744819
5 2 34070380
5 3 33320925
5 4 36336318
5 5 33254909
5 6 34070380
5 7 35702585
5 8 34861396
5 9 29109861
5 10 36574887
5 11 29635175
5 12 34861396
5 13 33543556
5 14 34055729
5 15 29534668
5 16 33632716
5 17 28968005
5 18 36321734
5 19 33655758
5 20 36653190
5 21 29000267
5 22 33642978
5 23 28569885
5 24 35744819
5 25 36271597
5 26 35702585
5 27 33606592
5 28 36472322
5 29 33569403
5 30 36336318
5 31 36472322
5 32 36321734
5 33 30517696
5 34 37296386
5 35 31033716
5 36 36574887
5 37 34582887
5 38 36653190
5 39 30956834
5 40 34633411
5 41 31111201
5 42 37296386
5 43 34691386
5 44 37373961
5 45 31117854
5 46 35169493
5 47 31181919
5 48 33320925
5 49 33606592
5 50 33543556
5 51 28363591
5 52 34582887
5 53 28410972
5 54 33254909
5 55 33569403
5 56 33655758
5 57 27044426
5 58 34691386
5 59 27046063
5 60 33632716
5 61 28239098
5 62 33642978
5 63 27459790
5 64 27681720
5 65 26887578
5 66 34633411
5 67 28873567
5 68 35169493
5 69 27462689
5 70 28486592
5 71 27516994
5 72 29109861
5 73 28363591
5 74 29534668
5 75 23881479
5 76 28239098
5 77 23544743
5 78 29635175
5 79 28410972
5 80 29000267
5 81 22134911
5 82 28873567
5 83 22104687
5 84 28968005
5 85 23544743
5 86 28569885
5 87 22036633
5 88 23326285
5 89 21960858
5 90 27681720
5 91 23326285
5 92 28486592
5 93 21730969
5 94 22847451
5 95 21755552
5 96 30517696
5 97 27044426
5 98 30956834
5 99 22134911
5 100 27459790
5 101 22036633
5 102 31033716
5 103 27046063
5 104 31117854
5 105 20558210
5 106 27462689
5 107 20971656
5 108 31111201
5 109 22104687
5 110 31181919
5 111 20971656
5 112 21730969
5 113 20572392
5 114 26887578
5 115 21960858
5 116 27516994
5 117 20572392
5 118 21755552
5 119 20598112
6 0 13421215
6 1 19704901
6 2 13386299
6 3 17838367
6 4 19887500
6 5 17833606
6 6 13404986
6 7 19683931
6 8 13820872
6 9 11336994
6 10 20067627
6 11 11604240
6 12 13821841
6 13 18231729
6 14 13340681
6 15 11591228
6 16 18383085
6 17 11393061
6 18 20037662
6 19 18324572
6 20 20094837
6 21 11395528
6 22 18346787
6 23 11250766
6 24 13386299
6 25 19640436
6 26 13346461
6 27 17816946
6 28 19849751
6 29 17810809
6 30 13821841
6 31 20158732
6 32 14240885
6 33 9596401
6 34 20705251
6 35 9676161
6 36 14048630
6 37 18597679
6 38 14164262
6 39 9663010
6 40 18766870
6 41 9712957
6 42 20484472
6 43 18634392
6 44 20835041
6 45 9718581
6 46 19006664
6 47 9612532
6 48 13820872
6 49 20157381
6 50 14079981
6 51 11711052
6 52 20581584
6 53 11761544
6 54 13340681
6 55 19672530
6 56 14152588
6 57 9662996
6 58 20511819
6 59 9659129
6 60 14140811
6 61 11652643
6 62 14109503
6 63 9721538
6 64 11536191
6 65 9613278
6 66 20723228
6 67 11924504
6 68 20643562
6 69 9677753
6 70 11875146
6 71 9654147
6 72 14240885
6 73 18725600
6 74 14152588
6 75 11902193
6 76 18800057
6 77 11672195
6 78 14164262
6 79 18649675
6 80 14035476
6 81 9747844
6 82 19035249
6 83 9697226
6 84 14109503
6 85 11855096
6 86 13260769
6 87 9606200
6 88 11869803
6 89 9616590
6 90 18494171
6 91 11621057
6 92 18917590
6 93 9589499
6 94 11592393
6 95 9525086
6 96 20306644
6 97 18527821
6 98 20423828
6 99 11650777
6 100 18823292
6 101 11563161
6 102 20425754
6 103 18507201
6 104 20716215
6 105 9647647
6 106 18853329
6 107 9701852
6 108 20669635
6 109 11640228
6 110 20370303
6 111 9726064
6 112 11565805
6 113 9557228
6 114 18497333
6 115 11596587
6 116 18855502
6 117 9571647
6 118 11497572
6 119 9299892
6 120 19704901
6 121 24415503
6 122 19640436
6 123 20744381
6 124 24715177
6 125 20730375
6 126 19683931
6 127 24405631
6 128 20157381
6 129 15133334
6 130 24809149
6 131 15472808
6 132 20158732
6 133 20872171
6 134 19672530
6 135 15457089
6 136 20897387
6 137 15128076
6 138 24572784
6 139 20898114
6 140 24821772
6 141 15131906
6 142 20894471
6 143 15055671
6 144 19887500
6 145 24715177
6 146 19849751
6 147 20867009
6 148 24912598
6 149 20858296
6 150 20037662
6 151 24572784
6 152 20306644
6 153 13972610
6 154 24972699
6 155 14088820
6 156 20484472
6 157 21679578
6 158 20425754
6 159 14087536
6 160 21821607
6 161 14244610
6 162 25378339
6 163 21607603
6 164 25307884
6 165 14232913
6 166 22004321
6 167 14115775
6 168 20067627
6 169 24809149
6 170 20581584
6 171 15711677
6 172 25275900
6 173 15860129
6 174 20094837
6 175 24821772
6 176 20423828
6 177 14083003
6 178 25110732
6 179 14091652
6 180 20723228
6 181 15536224
6 182 20669635
6 183 14271859
6 184 15413360
6 185 14171330
6 186 25345410
6 187 16019579
6 188 25510196
6 189 14269179
6 190 15870719
6 191 14311610
6 192 20705251
6 193 21860522
6 194 20511819
6 195 15905036
6 196 21761222
6 197 15580510
6 198 20835041
6 199 21862072
6 200 20716215
6 201 14289701
6 202 22032936
6 203 14281647
6 204 20643562
6 205 15965373
6 206 20370303
6 207 14114105
6 208 15866425
6 209 14298641
6 210 21845391
6 211 15520263
6 212 21990030
6 213 14186587
6 214 15667413
6 215 14171515
6 216 24972699
6 217 21506013
6 218 25110732
6 219 15552478
6 220 21606922
6 221 15477785
6 222 25307884
6 223 21590267
6 224 25259940
6 225 14162381
6 226 22058166
6 227 14301638
6 228 25510196
6 229 15825202
6 230 25378904
6 231 14301611
6 232 15714246
6 233 14174328
6 234 21962925
6 235 15633450
6 236 22041633
6 237 14189018
6 238 15716565
6 239 14110040
6 240 17838367
6 241 20744381
6 242 17816946
6 243 17276903
6 244 20867009
6 245 17273671
6 246 18231729
6 247 20872171
6 248 18725600
6 249 12601258
6 250 21860522
6 251 12666368
6 252 18597679
6 253 18042097
6 254 18649675
6 255 12644282
6 256 18532042
6 257 12653457
6 258 21679578
6 259 18151170
6 260 21862072
6 261 12655095
6 262 18647687
6 263 12620711
6 264 17833606
6 265 20730375
6 266 17810809
6 267 17273671
6 268 20858296
6 269 17270439
6 270 18324572
6 271 20898114
6 272 18527821
6 273 12348108
6 274 21506013
6 275 12399193
6 276 18634392
6 277 18151170
6 278 18507201
6 279 12345509
6 280 18371447
6 281 12440336
6 282 21607603
6 283 17953653
6 284 21590267
6 285 12443024
6 286 18386312
6 287 12406578
6 288 18383085
6 289 20897387
6 290 18800057
6 291 12812075
6 292 21761222
6 293 12856710
6 294 18346787
6 295 20894471
6 296 18823292
6 297 12603885
6 298 21606922
6 299 12636573
6 300 18494171
6 301 12607419
6 302 18497333
6 303 12586429
6 304 12306398
6 305 12306398
6 306 21845391
6 307 13012832
6 308 21962925
6 309 12923669
6 310 12587907
6 311 12587907
6 312 18766870
6 313 18532042
6 314 19035249
6 315 12998682
6 316 18380258
6 317 12987664
6 318 19006664
6 319 18647687
6 320 18853329
6 321 12712223
6 322 19010165
6 323 12715846
6 324 18917590
6 325 12875920
6 326 18855502
6 327 12805679
6 328 12564422
6 329 12564422
6 330 18180152
6 331 12832854
6 332 18792055
6 333 12579598
6 334 12609064
6 335 12609064
6 336 21821607
6 337 18371447
6 338 22032936
6 339 12940909
6 340 19010165
6 341 12942155
6 342 22004321
6 343 18386312
6 344 22058166
6 345 12761372
6 346 19116676
6 347 12811463
6 348 21990030
6 349 12994070
6 350 22041633
6 351 12946835
6 352 12617028
6 353 12617028
6 354 18792055
6 355 12929011
6 356 19219345
6 357 12786698
6 358 12665887
6 359 12665887
6 360 11336994
6 361 15133334
6 362 11711052
6 363 9127119
6 364 15711677
6 365 9145183
6 366 11591228
6 367 15457089
6 368 11902193
6 369 7744702
6 370 15905036
6 371 7764416
6 372 11652643
6 373 9038817
6 374 11855096
6 375 7825041
6 376 9165973
6 377 7767988
6 378 15536224
6 379 9264873
6 380 15965373
6 381 7821395
6 382 9206737
6 383 7758121
6 384 11604240
6 385 15472808
6 386 11761544
6 387 9145183
6 388 15860129
6 389 9110718
6 390 11395528
6 391 15131906
6 392 11650777
6 393 7546471
6 394 15552478
6 395 7558491
6 396 11924504
6 397 9264873
6 398 11640228
6 399 7626075
6 400 9233866
6 401 7687589
6 402 16019579
6 403 9316983
6 404 15825202
6 405 7665269
6 406 9252978
6 407 7659035
6 408 11393061
6 409 15128076
6 410 11672195
6 411 7647774
6 412 15580510
6 413 7620183
6 414 11250766
6 415 15055671
6 416 11563161
6 417 7527898
6 418 15477785
6 419 7526946
6 420 11621057
6 421 7663948
6 422 11596587
6 423 7649910
6 424 7520257
6 425 7520257
6 426 15520263
6 427 7713272
6 428 15633450
6 429 7650336
6 430 7520199
6 431 7520199
6 432 11536191
6 433 9165973
6 434 11869803
6 435 7848101
6 436 9010470
6 437 7799541
6 438 11875146
6 439 9206737
6 440 11565805
6 441 7620330
6 442 9267864
6 443 7638179
6 444 11592393
6 445 7682413
6 446 11497572
6 447 7613584
6 448 7598741
6 449 7598741
6 450 8809746
6 451 7660120
6 452 9051775
6 453 7471320
6 454 7473578
6 455 7473578
6 456 15413360
6 457 9233866
6 458 15866425
6 459 7847657
6 460 9267864
6 461 7858904
6 462 15870719
6 463 9252978
6 464 15714246
6 465 7635108
6 466 9341987
6 467 7731900
6 468 15667413
6 469 7761922
6 470 15716565
6 471 7726740
6 472 7598566
6 473 7598566
6 474 9051775
6 475 7720205
6 476 9221195
6 477 7581716
6 478 7582528
6 479 7582528
6 480 9596401
6 481 12601258
6 482 9662996
6 483 7744702
6 484 12812075
6 485 7647774
6 486 9663010
6 487 12644282
6 488 9747844
6 489 6278835
6 490 12998682
6 491 6300613
6 492 9721538
6 493 7825041
6 494 9606200
6 495 6278835
6 496 7848101
6 497 6267224
6 498 12607419
6 499 7663948
6 500 12875920
6 501 6225173
6 502 7682413
6 503 6220027
6 504 9676161
6 505 12666368
6 506 9659129
6 507 7764416
6 508 12856710
6 509 7620183
6 510 9718581
6 511 12655095
6 512 9647647
6 513 6177339
6 514 12940909
6 515 6245618
6 516 9677753
6 517 7821395
6 518 9726064
6 519 6221041
6 520 7847657
6 521 6283563
6 522 13012832
6 523 7713272
6 524 12994070
6 525 6210961
6 526 7761922
6 527 6247342
6 528 9712957
6 529 12653457
6 530 9697226
6 531 6300613
6 532 12987664
6 533 6263343
6 534 9612532
6 535 12620711
6 536 9701852
6 537 6217688
6 538 12942155
6 539 6224250
6 540 9589499
6 541 6225173
6 542 9571647
6 543 6177089
6 544 6169711
6 545 6169711
6 546 12832854
6 547 6263137
6 548 12929011
6 549 6243778
6 550 6164947
6 551 6164947
6 552 9613278
6 553 7767988
6 554 9616590
6 555 6267224
6 556 7799541
6 557 6245377
6 558 9654147
6 559 7758121
6 560 9557228
6 561 6180603
6 562 7858904
6 563 6239984
6 564 9525086
6 565 6220027
6 566 9299892
6 567 6134494
6 568 6140960
6 569 6140960
6 570 7660120
6 571 6151057
6 572 7720205
6 573 6125833
6 574 6126649
6 575 6126649
6 576 12306398
6 577 7520257
6 578 12564422
6 579 6169711
6 580 7598741
6 581 6140960
6 582 12587907
6 583 7520199
6 584 12617028
6 585 6078371
6 586 7598566
6 587 6159684
6 588 12609064
6 589 6164947
6 590 12665887
6 591 6159684
6 592 6079121
6 593 6079121
6 594 7473578
6 595 6126649
6 596 7582528
6 597 6079368
6 598 6081686
6 599 6081686
6 600 13972610
6 601 12348108
6 602 14083003
6 603 7546471
6 604 12603885
6 605 7527898
6 606 14087536
6 607 12345509
6 608 14289701
6 609 6177339
6 610 12712223
6 611 6217688
6 612 14271859
6 613 7626075
6 614 14114105
6 615 6221041
6 616 7620330
6 617 6180603
6 618 12586429
6 619 7649910
6 620 12805679
6 621 6177089
6 622 7613584
6 623 6134494
6 624 14088820
6 625 12399193
6 626 14091652
6 627 7558491
6 628 12636573
6 629 7526946
6 630 14232913
6 631 12443024
6 632 14162381
6 633 6078572
6 634 12761372
6 635 6171747
6 636 14269179
6 637 7665269
6 638 14301611
6 639 6165196
6 640 7635108
6 641 6203273
6 642 12923669
6 643 7650336
6 644 12946835
6 645 6203273
6 646 7726740
6 647 6180218
6 648 14244610
6 649 12440336
6 650 14281647
6 651 6245618
6 652 12715846
6 653 6224250
6 654 14115775
6 655 12406578
6 656 14301638
6 657 6171747
6 658 12811463
6 659 6174960
6 660 14186587
6 661 6210961
6 662 14189018
6 663 6203273
6 664 6078371
6 665 6078371
6 666 12579598
6 667 6243778
6 668 12786698
6 669 6195090
6 670 6159684
6 671 6159684
6 672 14171330
6 673 7687589
6 674 14298641
6 675 6283563
6 676 7638179
6 677 6239984
6 678 14311610
6 679 7659035
6 680 14174328
6 681 6203273
6 682 7731900
6 683 6195090
6 684 14171515
6 685 6247342
6 686 14110040
6 687 6180218
6 688 6159684
6 689 6159684
6 690 7471320
6 691 6125833
6 692 7581716
6 693 6076989
6 694 6079368
6 695 6079368
6 696 12306398
6 697 7520257
6 698 12564422
6 699 6169711
6 700 7598741
6 701 6140960
6 702 12587907
6 703 7520199
6 704 12617028
6 705 6078371
6 706 7598566
6 707 6159684
6 708 12609064
6 709 6164947
6 710 12665887
6 711 6159684
6 712 6079121
6 713 6079121
6 714 7473578
6 715 6126649
6 716 7582528
6 717 6079368
6 718 6081686
6 719 6081686
7 0 2072540
7 1 4579130
7 2 2071353
7 3 5557374
7 4 4586837
7 5 5557272
7 6 2072275
7 7 4576700
7 8 2111659
7 9 2766929
7 10 4592934
7 11 2807934
7 12 2111781
7 13 5605734
7 14 2070454
7 15 2807639
7 16 5616423
7 17 2772717
7 18 4591864
7 19 5608754
7 20 4593736
7 21 2772777
7 22 5615056
7 23 2765131
7 24 2072275
7 25 4577936
7 26 2071019
7 27 5557218
7 28 4586138
7 29 5557116
7 30 2091739
7 31 4638750
7 32 2129255
7 33 1475046
7 34 4658191
7 35 1478949
7 36 2124301
7 37 5670683
7 38 2127898
7 39 1478777
7 40 5693164
7 41 1482144
7 42 4625527
7 43 5673702
7 44 4667045
7 45 1482146
7 46 5722723
7 47 1477949
7 48 2091739
7 49 4638424
7 50 2123191
7 51 2845177
7 52 4659507
7 53 2850964
7 54 2071724
7 55 4574744
7 56 2127094
7 57 1478915
7 58 4622919
7 59 1478942
7 60 2124126
7 61 2821564
7 62 2123224
7 63 1482484
7 64 2812961
7 65 1475670
7 66 4659013
7 67 2864710
7 68 4651453
7 69 1481747
7 70 2857849
7 71 1478911
7 72 2127580
7 73 5679591
7 74 2126805
7 75 2862534
7 76 5686395
7 77 2824783
7 78 2125440
7 79 5678376
7 80 2121037
7 81 1482985
7 82 5723031
7 83 1481933
7 84 2125965
7 85 2854637
7 86 2067502
7 87 1478324
7 88 2858541
7 89 1478465
7 90 5660104
7 91 2819360
7 92 5702618
7 93 1474947
7 94 2818535
7 95 1474271
7 96 4605513
7 97 5649239
7 98 4610059
7 99 2823516
7 100 5685971
7 101 2820256
7 102 4613270
7 103 5648868
7 104 4653390
7 105 1476030
7 106 5693618
7 107 1481647
7 108 4653012
7 109 2822599
7 110 4604894
7 111 1482444
7 112 2817697
7 113 1474692
7 114 5659988
7 115 2818753
7 116 5696800
7 117 1474850
7 118 2808632
7 119 1465382
7 120 2071353
7 121 4573900
7 122 2070166
7 123 5546457
7 124 4581607
7 125 5546355
7 126 2071019
7 127 4571074
7 128 2111220
7 129 2765619
7 130 4590018
7 131 2806624
7 132 2111379
7 133 5602850
7 134 2068680
7 135 2806240
7 136 5615242
7 137 2772295
7 138 4589748
7 139 5606742
7 140 4590755
7 141 2772398
7 142 5613478
7 143 2763364
7 144 2111781
7 145 4693794
7 146 2111379
7 147 5660251
7 148 4696584
7 149 5660251
7 150 2127580
7 151 4747447
7 152 2164488
7 153 1499322
7 154 4770240
7 155 1504450
7 156 2170030
7 157 5814921
7 158 2170887
7 159 1504546
7 160 5842741
7 161 1508465
7 162 4742376
7 163 5793735
7 164 4782988
7 165 1508277
7 166 5851576
7 167 1504523
7 168 2124301
7 169 4726225
7 170 2165927
7 171 2898546
7 172 4763975
7 173 2908470
7 174 2125440
7 175 4737639
7 176 2170205
7 177 1504517
7 178 4767973
7 179 1504621
7 180 2176027
7 181 2874657
7 182 2173858
7 183 1511576
7 184 2866378
7 185 1508179
7 186 4779904
7 187 2922847
7 188 4789080
7 189 1511331
7 190 2914005
7 191 1511069
7 192 2170030
7 193 5828365
7 194 2158633
7 195 2911674
7 196 5840804
7 197 2878420
7 198 2178150
7 199 5852254
7 200 2176923
7 201 1512199
7 202 5881376
7 203 1511658
7 204 2175260
7 205 2918704
7 206 2155703
7 207 1504519
7 208 2913856
7 209 1511142
7 210 5887049
7 211 2880012
7 212 5895372
7 213 1508209
7 214 2906422
7 215 1507599
7 216 4687550
7 217 5802126
7 218 4680813
7 219 2877544
7 220 5813694
7 221 2867303
7 222 4751829
7 223 5830578
7 224 4787321
7 225 1508716
7 226 5885430
7 227 1512021
7 228 4788906
7 229 2913042
7 230 4770368
7 231 1512451
7 232 2909924
7 233 1507281
7 234 5890499
7 235 2884688
7 236 5891571
7 237 1508281
7 238 2900486
7 239 1498475
7 240 2111659
7 241 4693208
7 242 2111220
7 243 5660154
7 244 4696193
7 245 5660154
7 246 2123191
7 247 4728996
7 248 2171257
7 249 1506172
7 250 4763670
7 251 1506848
7 252 2165927
7 253 5771706
7 254 2158801
7 255 1506405
7 256 5816905
7 257 1506276
7 258 4737403
7 259 5778427
7 260 4765031
7 261 1506710
7 262 5821198
7 263 1499660
7 264 2070454
7 265 4570337
7 266 2068680
7 267 5555938
7 268 4581560
7 269 5555836
7 270 2126805
7 271 4740854
7 272 2170903
7 273 1503970
7 274 4773580
7 275 1504952
7 276 2158633
7 277 5805496
7 278 2169724
7 279 1504471
7 280 5847325
7 281 1508541
7 282 4706203
7 283 5779779
7 284 4781178
7 285 1508562
7 286 5849063
7 287 1504101
7 288 2124126
7 289 4740944
7 290 2177670
7 291 1515270
7 292 4793119
7 293 1515143
7 294 2125965
7 295 4737614
7 296 2177761
7 297 1512907
7 298 4777002
7 299 1513306
7 300 2170600
7 301 1512660
7 302 2172422
7 303 1512480
7 304 1503554
7 305 1503633
7 306 4787906
7 307 1521130
7 308 4789600
7 309 1520232
7 310 1509186
7 311 1509122
7 312 2176027
7 313 5838951
7 314 2171520
7 315 1521947
7 316 5866608
7 317 1522508
7 318 2175260
7 319 5825454
7 320 2170140
7 321 1516181
7 322 5902091
7 323 1519803
7 324 2177466
7 325 1517470
7 326 2168740
7 327 1516640
7 328 1508967
7 329 1508757
7 330 5838871
7 331 1520025
7 332 5878443
7 333 1516356
7 334 1512555
7 335 1512051
7 336 4752828
7 337 5819237
7 338 4787322
7 339 1520229
7 340 5902313
7 341 1511004
7 342 4704827
7 343 5798180
7 344 4791083
7 345 1519924
7 346 5902644
7 347 1516131
7 348 4800212
7 349 1523345
7 350 4790420
7 351 1523512
7 352 1512060
7 353 1512088
7 354 5870819
7 355 1519933
7 356 5885787
7 357 1519422
7 358 1508681
7 359 1505824
7 360 2129255
7 361 4752610
7 362 2171257
7 363 2896839
7 364 4788773
7 365 2900259
7 366 2127094
7 367 4741141
7 368 2181281
7 369 1515236
7 370 4778973
7 371 1515409
7 372 2177670
7 373 2892399
7 374 2174554
7 375 1518846
7 376 2924912
7 377 1512757
7 378 4785073
7 379 2940108
7 380 4790506
7 381 1518451
7 382 2930649
7 383 1511761
7 384 2127898
7 385 4746104
7 386 2158801
7 387 2888361
7 388 4774958
7 389 2886041
7 390 2121037
7 391 4725777
7 392 2178239
7 393 1512880
7 394 4780789
7 395 1513362
7 396 2171520
7 397 2923130
7 398 2165443
7 399 1515543
7 400 2918549
7 401 1516734
7 402 4799244
7 403 2937927
7 404 4790359
7 405 1519214
7 406 2922162
7 407 1510999
7 408 2123224
7 409 4730440
7 410 2174554
7 411 1510708
7 412 4769349
7 413 1509757
7 414 2067502
7 415 4568343
7 416 2155740
7 417 1504317
7 418 4697008
7 419 1504159
7 420 2177264
7 421 1516809
7 422 2167040
7 423 1513891
7 424 1509070
7 425 1508728
7 426 4786765
7 427 1520098
7 428 4749061
7 429 1514033
7 430 1509155
7 431 1508650
7 432 2170600
7 433 2902560
7 434 2177264
7 435 1519749
7 436 2894671
7 437 1516547
7 438 2177466
7 439 2903470
7 440 2155424
7 441 1512758
7 442 2925794
7 443 1515937
7 444 2172605
7 445 1516973
7 446 2151831
7 447 1513123
7 448 1513620
7 449 1510586
7 450 2844658
7 451 1508699
7 452 2886066
7 453 1505259
7 454 1506345
7 455 1503222
7 456 4784341
7 457 2915061
7 458 4796139
7 459 1523395
7 460 2941881
7 461 1520252
7 462 4794305
7 463 2914157
7 464 4791036
7 465 1517082
7 466 2937414
7 467 1514177
7 468 4789640
7 469 1522828
7 470 4729936
7 471 1519500
7 472 1512441
7 473 1507663
7 474 2892558
7 475 1510594
7 476 2908093
7 477 1509002
7 478 1509515
7 479 1505346
7 480 2164488
7 481 5804581
7 482 2170903
7 483 2905395
7 484 5844693
7 485 2873550
7 486 2170205
7 487 5811408
7 488 2178239
7 489 1516765
7 490 5888919
7 491 1518722
7 492 2177761
7 493 2932175
7 494 2155740
7 495 1515887
7 496 2941397
7 497 1515309
7 498 5816545
7 499 2896725
7 500 5865338
7 501 1512437
7 502 2900348
7 503 1511317
7 504 2170887
7 505 5810495
7 506 2169724
7 507 2907089
7 508 5849863
7 509 2866963
7 510 2176923
7 511 5828807
7 512 2174665
7 513 1514089
7 514 5891006
7 515 1520267
7 516 2170140
7 517 2933099
7 518 2172152
7 519 1516904
7 520 2937884
7 521 1522617
7 522 5902931
7 523 2902640
7 524 5919265
7 525 1516754
7 526 2929046
7 527 1519199
7 528 2173858
7 529 5825731
7 530 2165443
7 531 1522279
7 532 5881720
7 533 1514354
7 534 2155703
7 535 5790478
7 536 2172152
7 537 1517005
7 538 5886632
7 539 1516536
7 540 2155424
7 541 1516702
7 542 2157426
7 543 1512853
7 544 1513702
7 545 1513585
7 546 5867700
7 547 1517277
7 548 5878471
7 549 1518207
7 550 1512705
7 551 1510356
7 552 2172422
7 553 2911591
7 554 2167040
7 555 1519099
7 556 2935523
7 557 1516495
7 558 2168740
7 559 2900249
7 560 2157426
7 561 1513188
7 562 2930928
7 563 1516311
7 564 2151831
7 565 1509805
7 566 2051766
7 567 1499890
7 568 1508366
7 569 1504084
7 570 2892593
7 571 1510645
7 572 2909312
7 573 1509021
7 574 1509074
7 575 1502380
7 576 5789969
7 577 2863689
7 578 5848940
7 579 1511960
7 580 2893747
7 581 1508446
7 582 5849155
7 583 2864027
7 584 5858284
7 585 1506068
7 586 2890949
7 587 1512526
7 588 5851757
7 589 1512403
7 590 5853270
7 591 1513420
7 592 1500549
7 593 1503154
7 594 2858902
7 595 1509661
7 596 2892679
7 597 1504815
7 598 1505647
7 599 1496220
7 600 4677350
7 601 5770917
7 602 4685190
7 603 2863858
7 604 5816343
7 605 2861979
7 606 4687267
7 607 5771087
7 608 4737973
7 609 1509044
7 610 5848219
7 611 1512252
7 612 4735661
7 613 2893148
7 614 4681417
7 615 1512848
7 616 2893936
7 617 1508534
7 618 5817351
7 619 2895993
7 620 5856453
7 621 1507932
7 622 2887344
7 623 1498810
7 624 4685378
7 625 5776235
7 626 4683386
7 627 2864167
7 628 5820069
7 629 2861337
7 630 4749270
7 631 5802753
7 632 4782698
7 633 1506425
7 634 5885864
7 635 1514048
7 636 4769711
7 637 2900564
7 638 4779349
7 639 1513851
7 640 2898816
7 641 1515967
7 642 5902520
7 643 2894565
7 644 5918289
7 645 1516279
7 646 2925489
7 647 1507590
7 648 4748596
7 649 5800453
7 650 4779424
7 651 1519935
7 652 5868342
7 653 1515960
7 654 4685530
7 655 5776202
7 656 4787372
7 657 1514264
7 658 5888168
7 659 1513964
7 660 4774267
7 661 1517373
7 662 4774217
7 663 1517376
7 664 1506170
7 665 1506467
7 666 5844408
7 667 1514254
7 668 5872950
7 669 1510868
7 670 1512853
7 671 1510201
7 672 4780270
7 673 2904403
7 674 4780770
7 675 1523456
7 676 2897521
7 677 1519262
7 678 4777701
7 679 2898941
7 680 4767167
7 681 1517033
7 682 2927040
7 683 1510376
7 684 4767728
7 685 1519459
7 686 4663293
7 687 1512035
7 688 1513346
7 689 1511212
7 690 2858169
7 691 1509534
7 692 2893019
7 693 1500273
7 694 1504793
7 695 1498930
7 696 5789768
7 697 2863547
7 698 5846737
7 699 1511909
7 700 2891064
7 701 1505526
7 702 5846032
7 703 2861022
7 704 5855431
7 705 1506147
7 706 2887994
7 707 1509645
7 708 5831994
7 709 1507279
7 710 5836983
7 711 1511191
7 712 1502734
7 713 1501677
7 714 2844251
7 715 1505230
7 716 2875212
7 717 1498791
7 718 1496297
7 719 1465382
7 720 4579130
7 721 8622305
7 722 4573900
7 723 8355142
7 724 8649330
7 725 8355040
7 726 4577936
7 727 8616489
7 728 4693208
7 729 4323939
7 730 8674689
7 731 4414998
7 732 4693794
7 733 8462753
7 734 4570337
7 735 4413582
7 736 8490864
7 737 4338189
7 738 8663988
7 739 8474621
7 740 8675940
7 741 4338557
7 742 8485746
7 743 4316748
7 744 4576700
7 745 8616489
7 746 4571074
7 747 8353690
7 748 8646300
7 749 8353486
7 750 4638424
7 751 8711585
7 752 4752610
7 753 3149085
7 754 8785673
7 755 3163471
7 756 4726225
7 757 8515258
7 758 4746104
7 759 3162566
7 760 8540032
7 761 3174601
7 762 8745432
7 763 8525088
7 764 8815962
7 765 3174656
7 766 8624928
7 767 3161383
7 768 4638750
7 769 8711585
7 770 4728996
7 771 4419437
7 772 8782385
7 773 4437259
7 774 4574744
7 775 8619435
7 776 4741141
7 777 3162755
7 778 8733331
7 779 3162869
7 780 4740944
7 781 4364400
7 782 4730440
7 783 3173460
7 784 4344249
7 785 3148805
7 786 8779827
7 787 4461759
7 788 8784437
7 789 3170680
7 790 4450289
7 791 3160694
7 792 4747447
7 793 8519455
7 794 4740854
7 795 4456516
7 796 8532843
7 797 4372901
7 798 4737639
7 799 8518970
7 800 4725777
7 801 3176023
7 802 8633952
7 803 3173367
7 804 4737614
7 805 4450538
7 806 4568343
7 807 3159782
7 808 4450051
7 809 3158681
7 810 8421100
7 811 4353744
7 812 8547960
7 813 3149086
7 814 4348980
7 815 3143691
7 816 8674295
7 817 8429754
7 818 8695903
7 819 4363092
7 820 8530506
7 821 4356189
7 822 8700266
7 823 8428621
7 824 8765682
7 825 3151437
7 826 8534936
7 827 3173076
7 828 8763118
7 829 4364059
7 830 8693925
7 831 3173489
7 832 4347618
7 833 3145481
7 834 8421609
7 835 4352764
7 836 8543623
7 837 3148008
7 838 4343032
7 839 3128385
7 840 4586837
7 841 8649330
7 842 4581607
7 843 8417179
7 844 8676355
7 845 8417077
7 846 4586138
7 847 8646300
7 848 4696193
7 849 4333464
7 850 8691489
7 851 4424523
7 852 4696584
7 853 8480677
7 854 4581560
7 855 4423722
7 856 8498481
7 857 4341099
7 858 8675620
7 859 8487547
7 860 8693652
7 861 4341182
7 862 8495625
7 863 4328931
7 864 4591864
7 865 8663988
7 866 4589748
7 867 8363004
7 868 8675620
7 869 8363004
7 870 4605513
7 871 8674295
7 872 4677350
7 873 3128385
7 874 8703490
7 875 3136211
7 876 4687550
7 877 8513443
7 878 4685378
7 879 3136179
7 880 8532833
7 881 3150347
7 882 8711338
7 883 8461325
7 884 8739970
7 885 3150004
7 886 8538601
7 887 3136938
7 888 4625527
7 889 8745432
7 890 4737403
7 891 4463920
7 892 8816006
7 893 4495572
7 894 4613270
7 895 8700266
7 896 4687267
7 897 3136334
7 898 8717407
7 899 3136546
7 900 4752828
7 901 4444037
7 902 4748596
7 903 3162382
7 904 4435291
7 905 3153407
7 906 8822215
7 907 4510283
7 908 8800857
7 909 3163220
7 910 4503020
7 911 3164252
7 912 4742376
7 913 8662290
7 914 4706203
7 915 4514060
7 916 8660880
7 917 4430720
7 918 4751829
7 919 8642802
7 920 4749270
7 921 3162521
7 922 8661692
7 923 3163026
7 924 4704827
7 925 4509669
7 926 4685530
7 927 3136821
7 928 4501817
7 929 3164295
7 930 8684143
7 931 4423675
7 932 8680862
7 933 3153214
7 934 4473873
7 935 3152768
7 936 8711338
7 937 8583732
7 938 8713070
7 939 4418653
7 940 8591385
7 941 4406175
7 942 8742556
7 943 8578444
7 944 8761746
7 945 3153110
7 946 8656972
7 947 3164044
7 948 8806886
7 949 4484271
7 950 8762995
7 951 3164425
7 952 4476456
7 953 3152046
7 954 8683526
7 955 4423448
7 956 8670898
7 957 3152906
7 958 4459670
7 959 3136927
7 960 4592934
7 961 8674689
7 962 4590018
7 963 8421748
7 964 8691489
7 965 8421597
7 966 4659507
7 967 8782385
7 968 4788773
7 969 3177072
7 970 8864054
7 971 3181800
7 972 4763975
7 973 8589634
7 974 4774958
7 975 3181829
7 976 8686043
7 977 3185430
7 978 8816006
7 979 8606296
7 980 8881310
7 981 3185670
7 982 8711743
7 983 3178230
7 984 4593736
7 985 8675940
7 986 4590755
7 987 8421927
7 988 8693652
7 989 8421723
7 990 4610059
7 991 8695903
7 992 4685190
7 993 3134973
7 994 8714067
7 995 3135916
7 996 4680813
7 997 8529958
7 998 4683386
7 999 3134846
7 1000 8541752
7 1001 3150189
7 1002 8713070
7 1003 8470405
7 1004 8746761
7 1005 3150190
7 1006 8541892
7 1007 3135923
7 1008 4659013
7 1009 8779827
7 1010 4785073
7 1011 3179524
7 1012 8851250
7 1013 3182979
7 1014 4653012
7 1015 8763118
7 1016 4735661
7 1017 3163204
7 1018 8779714
7 1019 3163601
7 1020 4784341
7 1021 3168405
7 1022 4780270
7 1023 3169418
7 1024 3158309
7 1025 3156466
7 1026 8860844
7 1027 3191832
7 1028 8851257
7 1029 3193735
7 1030 3172487
7 1031 3171559
7 1032 4779904
7 1033 8678364
7 1034 4799244
7 1035 3199405
7 1036 8626871
7 1037 3203265
7 1038 4788906
7 1039 8688075
7 1040 4769711
7 1041 3173679
7 1042 8710764
7 1043 3189125
7 1044 4794305
7 1045 3182498
7 1046 4777701
7 1047 3179634
7 1048 3171844
7 1049 3170652
7 1050 8624351
7 1051 3195137
7 1052 8704365
7 1053 3182379
7 1054 3184690
7 1055 3182692
7 1056 8822215
7 1057 8628455
7 1058 8887862
7 1059 3196790
7 1060 8735485
7 1061 3190756
7 1062 8806886
7 1063 8630628
7 1064 8828258
7 1065 3188575
7 1066 8705938
7 1067 3176248
7 1068 8892349
7 1069 3203151
7 1070 8874185
7 1071 3205527
7 1072 3184680
7 1073 3182748
7 1074 8721887
7 1075 3193993
7 1076 8754202
7 1077 3193425
7 1078 3173357
7 1079 3169491
7 1080 4658191
7 1081 8785673
7 1082 4763670
7 1083 4502925
7 1084 8864054
7 1085 4510417
7 1086 4622919
7 1087 8733331
7 1088 4778973
7 1089 3188349
7 1090 8824530
7 1091 3189431
7 1092 4793119
7 1093 4471455
7 1094 4769349
7 1095 3200343
7 1096 4499502
7 1097 3178991
7 1098 8851250
7 1099 4537898
7 1100 8855640
7 1101 3201852
7 1102 4528026
7 1103 3180490
7 1104 4667045
7 1105 8815962
7 1106 4765031
7 1107 4504495
7 1108 8881310
7 1109 4502990
7 1110 4653390
7 1111 8765682
7 1112 4737973
7 1113 3163542
7 1114 8786038
7 1115 3163732
7 1116 4787322
7 1117 4499680
7 1118 4779424
7 1119 3175285
7 1120 4507668
7 1121 3189681
7 1122 8887862
7 1123 4522050
7 1124 8860072
7 1125 3190122
7 1126 4515666
7 1127 3177767
7 1128 4651453
7 1129 8784437
7 1130 4790506
7 1131 3184250
7 1132 8855640
7 1133 3183594
7 1134 4604894
7 1135 8693925
7 1136 4681417
7 1137 3135576
7 1138 8711199
7 1139 3135574
7 1140 4796139
7 1141 3182155
7 1142 4780770
7 1143 3177439
7 1144 3172784
7 1145 3170848
7 1146 8866345
7 1147 3191984
7 1148 8838498
7 1149 3179312
7 1150 3172978
7 1151 3170959
7 1152 4787906
7 1153 4506910
7 1154 4786765
7 1155 3196374
7 1156 4464165
7 1157 3178700
7 1158 4800212
7 1159 4501732
7 1160 4774267
7 1161 3168307
7 1162 4501058
7 1163 3184109
7 1164 4789640
7 1165 3190195
7 1166 4767728
7 1167 3165022
7 1168 3187128
7 1169 3181555
7 1170 4447502
7 1171 3169388
7 1172 4463490
7 1173 3157667
7 1174 3169195
7 1175 3156887
7 1176 8860844
7 1177 4532901
7 1178 8866345
7 1179 3203929
7 1180 4538356
7 1181 3190916
7 1182 8892349
7 1183 4534444
7 1184 8857230
7 1185 3184107
7 1186 4537954
7 1187 3194309
7 1188 8907087
7 1189 3207327
7 1190 8841599
7 1191 3190130
7 1192 3186956
7 1193 3178780
7 1194 4521214
7 1195 3175535
7 1196 4530614
7 1197 3171433
7 1198 3181774
7 1199 3168788
7 1200 4770240
7 1201 8620027
7 1202 4773580
7 1203 4524019
7 1204 8700114
7 1205 4447607
7 1206 4767973
7 1207 8616062
7 1208 4780789
7 1209 3196002
7 1210 8744127
7 1211 3201694
7 1212 4777002
7 1213 4527772
7 1214 4697008
7 1215 3188563
7 1216 4536654
7 1217 3182910
7 1218 8562962
7 1219 4433480
7 1220 8650972
7 1221 3176935
7 1222 4435263
7 1223 3171150
7 1224 4782988
7 1225 8677376
7 1226 4781178
7 1227 4534107
7 1228 8717853
7 1229 4446951
7 1230 4787321
7 1231 8629236
7 1232 4782698
7 1233 3167830
7 1234 8659528
7 1235 3191410
7 1236 4791083
7 1237 4541097
7 1238 4787372
7 1239 3177570
7 1240 4541655
7 1241 3203428
7 1242 8746409
7 1243 4456436
7 1244 8710120
7 1245 3180783
7 1246 4503775
7 1247 3191731
7 1248 4789080
7 1249 8686583
7 1250 4790359
7 1251 3206464
7 1252 8757194
7 1253 3206405
7 1254 4770368
7 1255 8626801
7 1256 4779349
7 1257 3176250
7 1258 8648226
7 1259 3177367
7 1260 4791036
7 1261 3189905
7 1262 4767167
7 1263 3166217
7 1264 3187241
7 1265 3184123
7 1266 8752256
7 1267 3206145
7 1268 8760021
7 1269 3192023
7 1270 3186675
7 1271 3181465
7 1272 4789600
7 1273 4544704
7 1274 4749061
7 1275 3193908
7 1276 4538505
7 1277 3183323
7 1278 4790420
7 1279 4531449
7 1280 4774217
7 1281 3168157
7 1282 4539487
7 1283 3192792
7 1284 4729936
7 1285 3183421
7 1286 4663293
7 1287 3135760
7 1288 3173699
7 1289 3167890
7 1290 4521451
7 1291 3175487
7 1292 4531190
7 1293 3171442
7 1294 3181764
7 1295 3166777
7 1296 8583757
7 1297 4420940
7 1298 8660805
7 1299 3170501
7 1300 4427975
7 1301 3166129
7 1302 8670984
7 1303 4432201
7 1304 8634593
7 1305 3157216
7 1306 4482688
7 1307 3171635
7 1308 8718835
7 1309 3186977
7 1310 8662355
7 1311 3171111
7 1312 3169154
7 1313 3157185
7 1314 4467847
7 1315 3171648
7 1316 4474255
7 1317 3159192
7 1318 3169380
7 1319 3151791
7 1320 8703490
7 1321 8510615
7 1322 8714067
7 1323 4416609
7 1324 8612175
7 1325 4410397
7 1326 8717407
7 1327 8499930
7 1328 8786038
7 1329 3169890
7 1330 8626134
7 1331 3184911
7 1332 8779714
7 1333 4426180
7 1334 8711199
7 1335 3184168
7 1336 4418333
7 1337 3164479
7 1338 8509979
7 1339 4420743
7 1340 8623841
7 1341 3163446
7 1342 4413419
7 1343 3145798
7 1344 8739970
7 1345 8571839
7 1346 8746761
7 1347 4426706
7 1348 8635391
7 1349 4422580
7 1350 8761746
7 1351 8528867
7 1352 8773998
7 1353 3153813
7 1354 8608901
7 1355 3168998
7 1356 8828258
7 1357 4490093
7 1358 8783896
7 1359 3168365
7 1360 4489728
7 1361 3180354
7 1362 8730520
7 1363 4446718
7 1364 8708704
7 1365 3180036
7 1366 4494113
7 1367 3167044
7 1368 8800857
7 1369 8586909
7 1370 8860072
7 1371 3191658
7 1372 8676982
7 1373 3196653
7 1374 8762995
7 1375 8531154
7 1376 8783896
7 1377 3168371
7 1378 8617815
7 1379 3168470
7 1380 8857230
7 1381 3189709
7 1382 8824238
7 1383 3183925
7 1384 3168854
7 1385 3159521
7 1386 8692943
7 1387 3205046
7 1388 8706046
7 1389 3179340
7 1390 3186912
7 1391 3181182
7 1392 8851257
7 1393 4512203
7 1394 8838498
7 1395 3204726
7 1396 4485296
7 1397 3184635
7 1398 8874185
7 1399 4501407
7 1400 8824238
7 1401 3183464
7 1402 4512837
7 1403 3181372
7 1404 8841599
7 1405 3198345
7 1406 8767677
7 1407 3165890
7 1408 3187113
7 1409 3181592
7 1410 4468872
7 1411 3171538
7 1412 4475322
7 1413 3157041
7 1414 3168957
7 1415 3153578
7 1416 8585812
7 1417 4423301
7 1418 8660838
7 1419 3171514
7 1420 4429890
7 1421 3166082
7 1422 8668663
7 1423 4431986
7 1424 8634547
7 1425 3157345
7 1426 4482935
7 1427 3170596
7 1428 8713494
7 1429 3185631
7 1430 8655102
7 1431 3168327
7 1432 3169077
7 1433 3156105
7 1434 4464801
7 1435 3170028
7 1436 4468986
7 1437 3155629
7 1438 3166474
7 1439 3136633
7 1440 5557374
7 1441 8355142
7 1442 5546457
7 1443 6928717
7 1444 8417179
7 1445 6926848
7 1446 5557218
7 1447 8353690
7 1448 5660154
7 1449 4163249
7 1450 8421748
7 1451 4238714
7 1452 5660251
7 1453 6959885
7 1454 5555938
7 1455 4238508
7 1456 6964866
7 1457 4167645
7 1458 8363004
7 1459 6962390
7 1460 8421927
7 1461 4166590
7 1462 6963513
7 1463 4162195
7 1464 5605734
7 1465 8462753
7 1466 5602850
7 1467 6959885
7 1468 8480677
7 1469 6959583
7 1470 5679591
7 1471 8519455
7 1472 5804581
7 1473 3503167
7 1474 8620027
7 1475 3511393
7 1476 5828365
7 1477 7308963
7 1478 5810495
7 1479 3509549
7 1480 7369032
7 1481 3533452
7 1482 8662290
7 1483 7243230
7 1484 8677376
7 1485 3532564
7 1486 7397880
7 1487 3511897
7 1488 5670683
7 1489 8515258
7 1490 5771706
7 1491 4334600
7 1492 8589634
7 1493 4357516
7 1494 5678376
7 1495 8518970
7 1496 5811408
7 1497 3510216
7 1498 8616062
7 1499 3509252
7 1500 5838951
7 1501 4347945
7 1502 5825731
7 1503 3533563
7 1504 4326302
7 1505 3509321
7 1506 8678364
7 1507 4414522
7 1508 8686583
7 1509 3533291
7 1510 4384420
7 1511 3531706
7 1512 5814921
7 1513 7308963
7 1514 5805496
7 1515 4380091
7 1516 7298179
7 1517 4306060
7 1518 5852254
7 1519 7309095
7 1520 5828807
7 1521 3534263
7 1522 7388701
7 1523 3533313
7 1524 5825454
7 1525 4395644
7 1526 5790478
7 1527 3512314
7 1528 4378667
7 1529 3531644
7 1530 7368809
7 1531 4310306
7 1532 7377019
7 1533 3509974
7 1534 4351847
7 1535 3509889
7 1536 8513443
7 1537 7187877
7 1538 8529958
7 1539 4295335
7 1540 7220940
7 1541 4293832
7 1542 8642802
7 1543 7221614
7 1544 8629236
7 1545 3509680
7 1546 7390740
7 1547 3533927
7 1548 8688075
7 1549 4381359
7 1550 8626801
7 1551 3534308
7 1552 4355124
7 1553 3508599
7 1554 7377979
7 1555 4317040
7 1556 7379339
7 1557 3510015
7 1558 4351910
7 1559 3506512
7 1560 5557272
7 1561 8355040
7 1562 5546355
7 1563 6926848
7 1564 8417077
7 1565 6924979
7 1566 5557116
7 1567 8353486
7 1568 5660154
7 1569 4163045
7 1570 8421597
7 1571 4238510
7 1572 5660251
7 1573 6959583
7 1574 5555836
7 1575 4238304
7 1576 6964764
7 1577 4167645
7 1578 8363004
7 1579 6962088
7 1580 8421723
7 1581 4166590
7 1582 6963411
7 1583 4161991
7 1584 5608754
7 1585 8474621
7 1586 5606742
7 1587 6962390
7 1588 8487547
7 1589 6962088
7 1590 5649239
7 1591 8429754
7 1592 5770917
7 1593 3475100
7 1594 8510615
7 1595 3480780
7 1596 5802126
7 1597 7187877
7 1598 5776235
7 1599 3478873
7 1600 7220103
7 1601 3502763
7 1602 8583732
7 1603 7096068
7 1604 8571839
7 1605 3502478
7 1606 7231788
7 1607 3481287
7 1608 5673702
7 1609 8525088
7 1610 5778427
7 1611 4312322
7 1612 8606296
7 1613 4328025
7 1614 5648868
7 1615 8428621
7 1616 5771087
7 1617 3477616
7 1618 8499930
7 1619 3475236
7 1620 5819237
7 1621 4312028
7 1622 5800453
7 1623 3504672
7 1624 4287689
7 1625 3483494
7 1626 8628455
7 1627 4359393
7 1628 8586909
7 1629 3504631
7 1630 4327593
7 1631 3505499
7 1632 5793735
7 1633 7243230
7 1634 5779779
7 1635 4341081
7 1636 7242213
7 1637 4275829
7 1638 5830578
7 1639 7221614
7 1640 5802753
7 1641 3505059
7 1642 7258294
7 1643 3504540
7 1644 5798180
7 1645 4334351
7 1646 5776202
7 1647 3480797
7 1648 4309093
7 1649 3505071
7 1650 7279328
7 1651 4259674
7 1652 7257923
7 1653 3484002
7 1654 4311212
7 1655 3484040
7 1656 8461325
7 1657 7096068
7 1658 8470405
7 1659 4243938
7 1660 7104928
7 1661 4238139
7 1662 8578444
7 1663 7115743
7 1664 8528867
7 1665 3483392
7 1666 7259692
7 1667 3505560
7 1668 8630628
7 1669 4342747
7 1670 8531154
7 1671 3505437
7 1672 4314089
7 1673 3482734
7 1674 7281175
7 1675 4260960
7 1676 7256137
7 1677 3483937
7 1678 4310039
7 1679 3481170
7 1680 5616423
7 1681 8490864
7 1682 5615242
7 1683 6964866
7 1684 8498481
7 1685 6964764
7 1686 5686395
7 1687 8532843
7 1688 5844693
7 1689 3535625
7 1690 8700114
7 1691 3541769
7 1692 5840804
7 1693 7298179
7 1694 5849863
7 1695 3542475
7 1696 7401377
7 1697 3546163
7 1698 8660880
7 1699 7242213
7 1700 8717853
7 1701 3545904
7 1702 7423315
7 1703 3540855
7 1704 5615056
7 1705 8485746
7 1706 5613478
7 1707 6963513
7 1708 8495625
7 1709 6963411
7 1710 5685971
7 1711 8530506
7 1712 5816343
7 1713 3507262
7 1714 8612175
7 1715 3510291
7 1716 5813694
7 1717 7220940
7 1718 5820069
7 1719 3509952
7 1720 7259632
7 1721 3516687
7 1722 8591385
7 1723 7104928
7 1724 8635391
7 1725 3516810
7 1726 7265087
7 1727 3510793
7 1728 5660104
7 1729 8421100
7 1730 5816545
7 1731 3536237
7 1732 8562962
7 1733 3542387
7 1734 5659988
7 1735 8421609
7 1736 5817351
7 1737 3512476
7 1738 8509979
7 1739 3515484
7 1740 5789969
7 1741 3506585
7 1742 5789768
7 1743 3505465
7 1744 3472149
7 1745 3472149
7 1746 8583757
7 1747 3567009
7 1748 8585812
7 1749 3563503
7 1750 3505468
7 1751 3505468
7 1752 5887049
7 1753 7368809
7 1754 5902931
7 1755 3592819
7 1756 7399070
7 1757 3597955
7 1758 5890499
7 1759 7377979
7 1760 5902520
7 1761 3581304
7 1762 7442769
7 1763 3586881
7 1764 5849155
7 1765 3543442
7 1766 5846032
7 1767 3539913
7 1768 3506754
7 1769 3506754
7 1770 7387963
7 1771 3574483
7 1772 7433320
7 1773 3567356
7 1774 3532237
7 1775 3532237
7 1776 8684143
7 1777 7279328
7 1778 8746409
7 1779 3580002
7 1780 7482950
7 1781 3576362
7 1782 8683526
7 1783 7281175
7 1784 8730520
7 1785 3574273
7 1786 7478590
7 1787 3571314
7 1788 8670984
7 1789 3588247
7 1790 8668663
7 1791 3587707
7 1792 3529643
7 1793 3529643
7 1794 7450264
7 1795 3575065
7 1796 7470988
7 1797 3573567
7 1798 3512328
7 1799 3512328
7 1800 5693164
7 1801 8540032
7 1802 5816905
7 1803 4381326
7 1804 8686043
7 1805 4387629
7 1806 5723031
7 1807 8633952
7 1808 5888919
7 1809 3568173
7 1810 8744127
7 1811 3571686
7 1812 5866608
7 1813 4336100
7 1814 5881720
7 1815 3590699
7 1816 4383343
7 1817 3570884
7 1818 8626871
7 1819 4428620
7 1820 8757194
7 1821 3591713
7 1822 4409687
7 1823 3571216
7 1824 5722723
7 1825 8624928
7 1826 5821198
7 1827 4384395
7 1828 8711743
7 1829 4386701
7 1830 5693618
7 1831 8534936
7 1832 5848219
7 1833 3530839
7 1834 8626134
7 1835 3535642
7 1836 5902313
7 1837 4413517
7 1838 5868342
7 1839 3552605
7 1840 4412387
7 1841 3560010
7 1842 8735485
7 1843 4434599
7 1844 8676982
7 1845 3559258
7 1846 4428627
7 1847 3561859
7 1848 5702618
7 1849 8547960
7 1850 5865338
7 1851 3551836
7 1852 8650972
7 1853 3550394
7 1854 5696800
7 1855 8543623
7 1856 5856453
7 1857 3539011
7 1858 8623841
7 1859 3539114
7 1860 5848940
7 1861 3539060
7 1862 5846737
7 1863 3538507
7 1864 3507988
7 1865 3507988
7 1866 8660805
7 1867 3572634
7 1868 8660838
7 1869 3569643
7 1870 3509265
7 1871 3509265
7 1872 5838871
7 1873 4385747
7 1874 5867700
7 1875 3576548
7 1876 4302318
7 1877 3568022
7 1878 5870819
7 1879 4390265
7 1880 5844408
7 1881 3542833
7 1882 4390850
7 1883 3537011
7 1884 5851757
7 1885 3549901
7 1886 5831994
7 1887 3543076
7 1888 3531036
7 1889 3531036
7 1890 4260831
7 1891 3534799
7 1892 4334909
7 1893 3504509
7 1894 3507002
7 1895 3507002
7 1896 8624351
7 1897 4431570
7 1898 8752256
7 1899 3596523
7 1900 4436931
7 1901 3594063
7 1902 8721887
7 1903 4440115
7 1904 8692943
7 1905 3559279
7 1906 4467636
7 1907 3587025
7 1908 8718835
7 1909 3591320
7 1910 8713494
7 1911 3588715
7 1912 3531102
7 1913 3531102
7 1914 4372606
7 1915 3547521
7 1916 4406083
7 1917 3535460
7 1918 3534105
7 1919 3534105
7 1920 5842741
7 1921 7369032
7 1922 5847325
7 1923 4409698
7 1924 7401377
7 1925 4349872
7 1926 5881376
7 1927 7388701
7 1928 5891006
7 1929 3579140
7 1930 7449101
7 1931 3597039
7 1932 5902091
7 1933 4441080
7 1934 5886632
7 1935 3577687
7 1936 4442413
7 1937 3594509
7 1938 7399070
7 1939 4340062
7 1940 7459274
7 1941 3571719
7 1942 4418952
7 1943 3572486
7 1944 5851576
7 1945 7397880
7 1946 5849063
7 1947 4424800
7 1948 7423315
7 1949 4343639
7 1950 5885430
7 1951 7390740
7 1952 5885864
7 1953 3563220
7 1954 7456426
7 1955 3584837
7 1956 5902644
7 1957 4439986
7 1958 5888168
7 1959 3563825
7 1960 4435743
7 1961 3585365
7 1962 7482950
7 1963 4359765
7 1964 7466716
7 1965 3561689
7 1966 4417123
7 1967 3565102
7 1968 5895372
7 1969 7377019
7 1970 5919265
7 1971 3601124
7 1972 7459274
7 1973 3599333
7 1974 5891571
7 1975 7379339
7 1976 5918289
7 1977 3587304
7 1978 7459522
7 1979 3589873
7 1980 5858284
7 1981 3551498
7 1982 5855431
7 1983 3545754
7 1984 3534973
7 1985 3534973
7 1986 7416976
7 1987 3594708
7 1988 7453650
7 1989 3588529
7 1990 3530921
7 1991 3530921
7 1992 5878443
7 1993 4435635
7 1994 5878471
7 1995 3578999
7 1996 4417820
7 1997 3579977
7 1998 5885787
7 1999 4436599
7 2000 5872950
7 2001 3564554
7 2002 4448390
7 2003 3571524
7 2004 5853270
7 2005 3549485
7 2006 5836983
7 2007 3544062
7 2008 3514897
7 2009 3514897
7 2010 4371836
7 2011 3547804
7 2012 4400456
7 2013 3538819
7 2014 3534131
7 2015 3534131
7 2016 7387963
7 2017 4308336
7 2018 7416976
7 2019 3549803
7 2020 4387795
7 2021 3548667
7 2022 7450264
7 2023 4308115
7 2024 7438136
7 2025 3538836
7 2026 4395476
7 2027 3543997
7 2028 7427484
7 2029 3571079
7 2030 7451657
7 2031 3567322
7 2032 3512406
7 2033 3512406
7 2034 4360464
7 2035 3544387
7 2036 4392254
7 2037 3538514
7 2038 3512936
7 2039 3512936
7 2040 8532833
7 2041 7220103
7 2042 8541752
7 2043 4313197
7 2044 7259632
7 2045 4314138
7 2046 8661692
7 2047 7258294
7 2048 8659528
7 2049 3546680
7 2050 7456426
7 2051 3553299
7 2052 8710764
7 2053 4419153
7 2054 8648226
7 2055 3553438
7 2056 4414837
7 2057 3547063
7 2058 7442769
7 2059 4372596
7 2060 7459522
7 2061 3547419
7 2062 4415768
7 2063 3544039
7 2064 8538601
7 2065 7231788
7 2066 8541892
7 2067 4316967
7 2068 7265087
7 2069 4313564
7 2070 8656972
7 2071 7259692
7 2072 8608901
7 2073 3535101
7 2074 7427706
7 2075 3545112
7 2076 8705938
7 2077 4427854
7 2078 8617815
7 2079 3542830
7 2080 4419946
7 2081 3543934
7 2082 7478590
7 2083 4371350
7 2084 7456809
7 2085 3543944
7 2086 4429032
7 2087 3541981
7 2088 8680862
7 2089 7257923
7 2090 8710120
7 2091 3577295
7 2092 7466716
7 2093 3580271
7 2094 8670898
7 2095 7256137
7 2096 8708704
7 2097 3566607
7 2098 7456809
7 2099 3572610
7 2100 8634593
7 2101 3571319
7 2102 8634547
7 2103 3570741
7 2104 3508389
7 2105 3508389
7 2106 7438136
7 2107 3593640
7 2108 7461403
7 2109 3590455
7 2110 3533973
7 2111 3533973
7 2112 8704365
7 2113 4445862
7 2114 8760021
7 2115 3601659
7 2116 4440430
7 2117 3594496
7 2118 8754202
7 2119 4445238
7 2120 8706046
7 2121 3586610
7 2122 4466621
7 2123 3585324
7 2124 8662355
7 2125 3579338
7 2126 8655102
7 2127 3575578
7 2128 3536495
7 2129 3536495
7 2130 4382080
7 2131 3544153
7 2132 4408014
7 2133 3536029
7 2134 3511619
7 2135 3511619
7 2136 7433320
7 2137 4341208
7 2138 7453650
7 2139 3551724
7 2140 4417634
7 2141 3549327
7 2142 7470988
7 2143 4341195
7 2144 7461403
7 2145 3544882
7 2146 4426875
7 2147 3548953
7 2148 7451657
7 2149 3571913
7 2150 7463753
7 2151 3570046
7 2152 3512799
7 2153 3512799
7 2154 4384807
7 2155 3543660
7 2156 4407314
7 2157 3539876
7 2158 3511610
7 2159 3511610
7 2160 2766929
7 2161 4323939
7 2162 2765619
7 2163 4163249
7 2164 4333464
7 2165 4163045
7 2166 2845177
7 2167 4419437
7 2168 2896839
7 2169 1728318
7 2170 4502925
7 2171 1731818
7 2172 2898546
7 2173 4334600
7 2174 2888361
7 2175 1731914
7 2176 4381326
7 2177 1729988
7 2178 4463920
7 2179 4312322
7 2180 4504495
7 2181 1729637
7 2182 4384395
7 2183 1727718
7 2184 2807639
7 2185 4413582
7 2186 2806240
7 2187 4238508
7 2188 4423722
7 2189 4238304
7 2190 2862534
7 2191 4456516
7 2192 2905395
7 2193 1728951
7 2194 4524019
7 2195 1732098
7 2196 2911674
7 2197 4380091
7 2198 2907089
7 2199 1731882
7 2200 4409698
7 2201 1734884
7 2202 4514060
7 2203 4341081
7 2204 4534107
7 2205 1734733
7 2206 4424800
7 2207 1732310
7 2208 2821564
7 2209 4364400
7 2210 2892399
7 2211 1750309
7 2212 4471455
7 2213 1750399
7 2214 2854637
7 2215 4450538
7 2216 2932175
7 2217 1750252
7 2218 4527772
7 2219 1751396
7 2220 2902560
7 2221 1752535
7 2222 2911591
7 2223 1757339
7 2224 1732420
7 2225 1733457
7 2226 4506910
7 2227 1767114
7 2228 4544704
7 2229 1769778
7 2230 1735577
7 2231 1736524
7 2232 2874657
7 2233 4347945
7 2234 2923130
7 2235 1765482
7 2236 4336100
7 2237 1763206
7 2238 2918704
7 2239 4395644
7 2240 2933099
7 2241 1764014
7 2242 4441080
7 2243 1763516
7 2244 2903470
7 2245 1754771
7 2246 2900249
7 2247 1756443
7 2248 1735085
7 2249 1736015
7 2250 4385747
7 2251 1755211
7 2252 4435635
7 2253 1753844
7 2254 1733279
7 2255 1734184
7 2256 4444037
7 2257 4312028
7 2258 4499680
7 2259 1755011
7 2260 4413517
7 2261 1754677
7 2262 4509669
7 2263 4334351
7 2264 4541097
7 2265 1754089
7 2266 4439986
7 2267 1755518
7 2268 4501732
7 2269 1764694
7 2270 4531449
7 2271 1768904
7 2272 1733016
7 2273 1734092
7 2274 4390265
7 2275 1755280
7 2276 4436599
7 2277 1754090
7 2278 1732661
7 2279 1733196
7 2280 2807934
7 2281 4414998
7 2282 2806624
7 2283 4238714
7 2284 4424523
7 2285 4238510
7 2286 2850964
7 2287 4437259
7 2288 2900259
7 2289 1730050
7 2290 4510417
7 2291 1732395
7 2292 2908470
7 2293 4357516
7 2294 2886041
7 2295 1731975
7 2296 4387629
7 2297 1729700
7 2298 4495572
7 2299 4328025
7 2300 4502990
7 2301 1729833
7 2302 4386701
7 2303 1726273
7 2304 2772777
7 2305 4338557
7 2306 2772398
7 2307 4166590
7 2308 4341182
7 2309 4166590
7 2310 2823516
7 2311 4363092
7 2312 2863858
7 2313 1702086
7 2314 4416609
7 2315 1702931
7 2316 2877544
7 2317 4295335
7 2318 2864167
7 2319 1702720
7 2320 4313197
7 2321 1706012
7 2322 4418653
7 2323 4243938
7 2324 4426706
7 2325 1705840
7 2326 4316967
7 2327 1702915
7 2328 2864710
7 2329 4461759
7 2330 2940108
7 2331 1757780
7 2332 4537898
7 2333 1757680
7 2334 2822599
7 2335 4364059
7 2336 2893148
7 2337 1721780
7 2338 4426180
7 2339 1721993
7 2340 2915061
7 2341 1755537
7 2342 2904403
7 2343 1745677
7 2344 1732620
7 2345 1729748
7 2346 4532901
7 2347 1771341
7 2348 4512203
7 2349 1758198
7 2350 1735273
7 2351 1733266
7 2352 2922847
7 2353 4414522
7 2354 2937927
7 2355 1769428
7 2356 4428620
7 2357 1768956
7 2358 2913042
7 2359 4381359
7 2360 2900564
7 2361 1738149
7 2362 4419153
7 2363 1739662
7 2364 2914157
7 2365 1755515
7 2366 2898941
7 2367 1742152
7 2368 1732699
7 2369 1730638
7 2370 4431570
7 2371 1755956
7 2372 4445862
7 2373 1744111
7 2374 1736020
7 2375 1731261
7 2376 4510283
7 2377 4359393
7 2378 4522050
7 2379 1755737
7 2380 4434599
7 2381 1752249
7 2382 4484271
7 2383 4342747
7 2384 4490093
7 2385 1739655
7 2386 4427854
7 2387 1742239
7 2388 4534444
7 2389 1771024
7 2390 4501407
7 2391 1757639
7 2392 1736007
7 2393 1731249
7 2394 4440115
7 2395 1755701
7 2396 4445238
7 2397 1745224
7 2398 1735229
7 2399 1728260
7 2400 2772717
7 2401 4338189
7 2402 2772295
7 2403 4167645
7 2404 4341099
7 2405 4167645
7 2406 2824783
7 2407 4372901
7 2408 2873550
7 2409 1712387
7 2410 4447607
7 2411 1712905
7 2412 2878420
7 2413 4306060
7 2414 2866963
7 2415 1712355
7 2416 4349872
7 2417 1712398
7 2418 4430720
7 2419 4275829
7 2420 4446951
7 2421 1712712
7 2422 4343639
7 2423 1710204
7 2424 2765131
7 2425 4316748
7 2426 2763364
7 2427 4162195
7 2428 4328931
7 2429 4161991
7 2430 2820256
7 2431 4356189
7 2432 2861979
7 2433 1701129
7 2434 4410397
7 2435 1701619
7 2436 2867303
7 2437 4293832
7 2438 2861337
7 2439 1701151
7 2440 4314138
7 2441 1705676
7 2442 4406175
7 2443 4238139
7 2444 4422580
7 2445 1705690
7 2446 4313564
7 2447 1701303
7 2448 2819360
7 2449 4353744
7 2450 2896725
7 2451 1730610
7 2452 4433480
7 2453 1730626
7 2454 2818753
7 2455 4352764
7 2456 2895993
7 2457 1724965
7 2458 4420743
7 2459 1725146
7 2460 2863689
7 2461 1726686
7 2462 2863547
7 2463 1726377
7 2464 1701064
7 2465 1701064
7 2466 4420940
7 2467 1743726
7 2468 4423301
7 2469 1742187
7 2470 1703870
7 2471 1703870
7 2472 2880012
7 2473 4310306
7 2474 2902640
7 2475 1745972
7 2476 4340062
7 2477 1747752
7 2478 2884688
7 2479 4317040
7 2480 2894565
7 2481 1738072
7 2482 4372596
7 2483 1742344
7 2484 2864027
7 2485 1726871
7 2486 2861022
7 2487 1726037
7 2488 1700944
7 2489 1700944
7 2490 4308336
7 2491 1734261
7 2492 4341208
7 2493 1730135
7 2494 1707547
7 2495 1707547
7 2496 4423675
7 2497 4259674
7 2498 4456436
7 2499 1735440
7 2500 4359765
7 2501 1733314
7 2502 4423448
7 2503 4260960
7 2504 4446718
7 2505 1732102
7 2506 4371350
7 2507 1727872
7 2508 4432201
7 2509 1746730
7 2510 4431986
7 2511 1745690
7 2512 1707672
7 2513 1707672
7 2514 4308115
7 2515 1733915
7 2516 4341195
7 2517 1729871
7 2518 1703921
7 2519 1703921
7 2520 2812961
7 2521 4344249
7 2522 2924912
7 2523 1752139
7 2524 4499502
7 2525 1752005
7 2526 2858541
7 2527 4450051
7 2528 2941397
7 2529 1754917
7 2530 4536654
7 2531 1755683
7 2532 2894671
7 2533 1744933
7 2534 2935523
7 2535 1769695
7 2536 1748492
7 2537 1755306
7 2538 4464165
7 2539 1768302
7 2540 4538505
7 2541 1775143
7 2542 1750378
7 2543 1756034
7 2544 2857849
7 2545 4450289
7 2546 2930649
7 2547 1752200
7 2548 4528026
7 2549 1750900
7 2550 2817697
7 2551 4347618
7 2552 2893936
7 2553 1722395
7 2554 4418333
7 2555 1722567
7 2556 2941881
7 2557 1771633
7 2558 2897521
7 2559 1742058
7 2560 1755061
7 2561 1746310
7 2562 4538356
7 2563 1772273
7 2564 4485296
7 2565 1757228
7 2566 1756758
7 2567 1747732
7 2568 2818535
7 2569 4348980
7 2570 2900348
7 2571 1731116
7 2572 4435263
7 2573 1730613
7 2574 2808632
7 2575 4343032
7 2576 2887344
7 2577 1721056
7 2578 4413419
7 2579 1721121
7 2580 2893747
7 2581 1742286
7 2582 2891064
7 2583 1741484
7 2584 1721923
7 2585 1721923
7 2586 4427975
7 2587 1748241
7 2588 4429890
7 2589 1744444
7 2590 1723502
7 2591 1723502
7 2592 2844658
7 2593 1745729
7 2594 2892593
7 2595 1753390
7 2596 1723518
7 2597 1749060
7 2598 2892558
7 2599 1750629
7 2600 2858169
7 2601 1722059
7 2602 1752816
7 2603 1725386
7 2604 2858902
7 2605 1727995
7 2606 2844251
7 2607 1721940
7 2608 1721385
7 2609 1721385
7 2610 1697750
7 2611 1724593
7 2612 1724593
7 2613 1697670
7 2614 1697750
7 2615 1697750
7 2616 4447502
7 2617 1766361
7 2618 4521451
7 2619 1771307
7 2620 1760090
7 2621 1769394
7 2622 4521214
7 2623 1768743
7 2624 4468872
7 2625 1753818
7 2626 1771248
7 2627 1760216
7 2628 4467847
7 2629 1762961
7 2630 4464801
7 2631 1758230
7 2632 1750819
7 2633 1750819
7 2634 1719597
7 2635 1731652
7 2636 1731652
7 2637 1719590
7 2638 1719597
7 2639 1719597
7 2640 2866378
7 2641 4326302
7 2642 2918549
7 2643 1764444
7 2644 4383343
7 2645 1765540
7 2646 2913856
7 2647 4378667
7 2648 2937884
7 2649 1766018
7 2650 4442413
7 2651 1769956
7 2652 2925794
7 2653 1768780
7 2654 2930928
7 2655 1773712
7 2656 1763464
7 2657 1769017
7 2658 4302318
7 2659 1765007
7 2660 4417820
7 2661 1767821
7 2662 1764925
7 2663 1769241
7 2664 2914005
7 2665 4384420
7 2666 2922162
7 2667 1768485
7 2668 4409687
7 2669 1764370
7 2670 2909924
7 2671 4355124
7 2672 2898816
7 2673 1736979
7 2674 4414837
7 2675 1750785
7 2676 2937414
7 2677 1773040
7 2678 2927040
7 2679 1756636
7 2680 1768055
7 2681 1760765
7 2682 4436931
7 2683 1772040
7 2684 4440430
7 2685 1743030
7 2686 1768263
7 2687 1760926
7 2688 2906422
7 2689 4351847
7 2690 2929046
7 2691 1762640
7 2692 4418952
7 2693 1760196
7 2694 2900486
7 2695 4351910
7 2696 2925489
7 2697 1753530
7 2698 4415768
7 2699 1754790
7 2700 2890949
7 2701 1742597
7 2702 2887994
7 2703 1741292
7 2704 1733765
7 2705 1733765
7 2706 4387795
7 2707 1764315
7 2708 4417634
7 2709 1760489
7 2710 1735087
7 2711 1735087
7 2712 2886066
7 2713 1754870
7 2714 2909312
7 2715 1759568
7 2716 1745273
7 2717 1756390
7 2718 2908093
7 2719 1756244
7 2720 2893019
7 2721 1741476
7 2722 1758617
7 2723 1746870
7 2724 2892679
7 2725 1745557
7 2726 2875212
7 2727 1739019
7 2728 1738852
7 2729 1738852
7 2730 1718087
7 2731 1730710
7 2732 1730710
7 2733 1718079
7 2734 1718087
7 2735 1718087
7 2736 4260831
7 2737 1747533
7 2738 4371836
7 2739 1751857
7 2740 1747819
7 2741 1755285
7 2742 4372606
7 2743 1749232
7 2744 4382080
7 2745 1722912
7 2746 1753267
7 2747 1745733
7 2748 4360464
7 2749 1745880
7 2750 4384807
7 2751 1743223
7 2752 1721740
7 2753 1721740
7 2754 1721856
7 2755 1732737
7 2756 1732737
7 2757 1721848
7 2758 1721856
7 2759 1721856
7 2760 4435291
7 2761 4287689
7 2762 4507668
7 2763 1753365
7 2764 4412387
7 2765 1753752
7 2766 4501817
7 2767 4309093
7 2768 4541655
7 2769 1756452
7 2770 4435743
7 2771 1756926
7 2772 4501058
7 2773 1768962
7 2774 4539487
7 2775 1774314
7 2776 1753645
7 2777 1756937
7 2778 4390850
7 2779 1770814
7 2780 4448390
7 2781 1772767
7 2782 1754783
7 2783 1756414
7 2784 4503020
7 2785 4327593
7 2786 4515666
7 2787 1755879
7 2788 4428627
7 2789 1753582
7 2790 4476456
7 2791 4314089
7 2792 4489728
7 2793 1739250
7 2794 4419946
7 2795 1744027
7 2796 4537954
7 2797 1776035
7 2798 4512837
7 2799 1761561
7 2800 1759023
7 2801 1752909
7 2802 4467636
7 2803 1773361
7 2804 4466621
7 2805 1763283
7 2806 1760040
7 2807 1752658
7 2808 4473873
7 2809 4311212
7 2810 4503775
7 2811 1754772
7 2812 4417123
7 2813 1752885
7 2814 4459670
7 2815 4310039
7 2816 4494113
7 2817 1747457
7 2818 4429032
7 2819 1745000
7 2820 4482688
7 2821 1765377
7 2822 4482935
7 2823 1764300
7 2824 1737506
7 2825 1737506
7 2826 4395476
7 2827 1767271
7 2828 4426875
7 2829 1761392
7 2830 1739502
7 2831 1739502
7 2832 4463490
7 2833 1770151
7 2834 4531190
7 2835 1774299
7 2836 1758860
7 2837 1771443
7 2838 4530614
7 2839 1770332
7 2840 4475322
7 2841 1758688
7 2842 1772674
7 2843 1759409
7 2844 4474255
7 2845 1764628
7 2846 4468986
7 2847 1759097
7 2848 1753465
7 2849 1753465
7 2850 1722408
7 2851 1733315
7 2852 1733315
7 2853 1722400
7 2854 1722408
7 2855 1722408
7 2856 4334909
7 2857 1753088
7 2858 4400456
7 2859 1756891
7 2860 1751946
7 2861 1756673
7 2862 4406083
7 2863 1753759
7 2864 4408014
7 2865 1740503
7 2866 1757447
7 2867 1751671
7 2868 4392254
7 2869 1753678
7 2870 4407314
7 2871 1750703
7 2872 1739044
7 2873 1739044
7 2874 1724426
7 2875 1732499
7 2876 1732499
7 2877 1724421
7 2878 1724426
7 2879 1724426
7 2880 1475046
7 2881 3149085
7 2882 1506172
7 2883 1728318
7 2884 3177072
7 2885 1730050
7 2886 1478915
7 2887 3162755
7 2888 1515236
7 2889 971932
7 2890 3188349
7 2891 972368
7 2892 1515270
7 2893 1750309
7 2894 1510708
7 2895 975243
7 2896 1752139
7 2897 969772
7 2898 3179524
7 2899 1757780
7 2900 3184250
7 2901 975004
7 2902 1752200
7 2903 969536
7 2904 1478777
7 2905 3162566
7 2906 1506405
7 2907 1731914
7 2908 3181829
7 2909 1731975
7 2910 1482985
7 2911 3176023
7 2912 1516765
7 2913 972077
7 2914 3196002
7 2915 972350
7 2916 1521947
7 2917 1765482
7 2918 1522279
7 2919 977462
7 2920 1764444
7 2921 975539
7 2922 3199405
7 2923 1769428
7 2924 3206464
7 2925 978095
7 2926 1768485
7 2927 974646
7 2928 1482484
7 2929 3173460
7 2930 1518846
7 2931 975243
7 2932 3200343
7 2933 975075
7 2934 1478324
7 2935 3159782
7 2936 1515887
7 2937 972320
7 2938 3188563
7 2939 972318
7 2940 1519749
7 2941 977819
7 2942 1519099
7 2943 977645
7 2944 972084
7 2945 972072
7 2946 3196374
7 2947 978479
7 2948 3193908
7 2949 977632
7 2950 972426
7 2951 972394
7 2952 1512660
7 2953 1752535
7 2954 1516809
7 2955 977819
7 2956 1744933
7 2957 974726
7 2958 1517470
7 2959 1754771
7 2960 1516702
7 2961 975250
7 2962 1768780
7 2963 977240
7 2964 1516973
7 2965 977960
7 2966 1509805
7 2967 975099
7 2968 974867
7 2969 974693
7 2970 1745729
7 2971 969539
7 2972 1754870
7 2973 969150
7 2974 969195
7 2975 968996
7 2976 3168405
7 2977 1755537
7 2978 3182155
7 2979 977503
7 2980 1771633
7 2981 975095
7 2982 3182498
7 2983 1755515
7 2984 3189905
7 2985 975027
7 2986 1773040
7 2987 977624
7 2988 3190195
7 2989 978234
7 2990 3183421
7 2991 976001
7 2992 974680
7 2993 974438
7 2994 1750629
7 2995 969565
7 2996 1756244
7 2997 969312
7 2998 969306
7 2999 968822
7 3000 1478949
7 3001 3163471
7 3002 1506848
7 3003 1731818
7 3004 3181800
7 3005 1732395
7 3006 1478942
7 3007 3162869
7 3008 1515409
7 3009 972368
7 3010 3189431
7 3011 972532
7 3012 1515143
7 3013 1750399
7 3014 1509757
7 3015 975075
7 3016 1752005
7 3017 969699
7 3018 3182979
7 3019 1757680
7 3020 3183594
7 3021 974773
7 3022 1750900
7 3023 969126
7 3024 1482146
7 3025 3174656
7 3026 1506710
7 3027 1729637
7 3028 3185670
7 3029 1729833
7 3030 1476030
7 3031 3151437
7 3032 1509044
7 3033 965584
7 3034 3169890
7 3035 965843
7 3036 1520229
7 3037 1755011
7 3038 1519935
7 3039 973390
7 3040 1753365
7 3041 972443
7 3042 3196790
7 3043 1755737
7 3044 3191658
7 3045 974253
7 3046 1755879
7 3047 971710
7 3048 1481747
7 3049 3170680
7 3050 1518451
7 3051 975004
7 3052 3201852
7 3053 974773
7 3054 1482444
7 3055 3173489
7 3056 1512848
7 3057 968328
7 3058 3184168
7 3059 968342
7 3060 1523395
7 3061 977503
7 3062 1523456
7 3063 976501
7 3064 974298
7 3065 974252
7 3066 3203929
7 3067 978267
7 3068 3204726
7 3069 976888
7 3070 974772
7 3071 974563
7 3072 1521130
7 3073 1767114
7 3074 1520098
7 3075 978479
7 3076 1768302
7 3077 975421
7 3078 1523345
7 3079 1764694
7 3080 1517373
7 3081 971685
7 3082 1768962
7 3083 974081
7 3084 1522828
7 3085 978234
7 3086 1519459
7 3087 973805
7 3088 977147
7 3089 976802
7 3090 1766361
7 3091 972716
7 3092 1770151
7 3093 971618
7 3094 974992
7 3095 972145
7 3096 3191832
7 3097 1771341
7 3098 3191984
7 3099 978267
7 3100 1772273
7 3101 974799
7 3102 3203151
7 3103 1771024
7 3104 3189709
7 3105 972092
7 3106 1776035
7 3107 977019
7 3108 3207327
7 3109 978688
7 3110 3198345
7 3111 975247
7 3112 977365
7 3113 976646
7 3114 1768743
7 3115 972626
7 3116 1770332
7 3117 971779
7 3118 974896
7 3119 971709
7 3120 1482144
7 3121 3174601
7 3122 1506276
7 3123 1729988
7 3124 3185430
7 3125 1729700
7 3126 1481933
7 3127 3173367
7 3128 1518722
7 3129 974693
7 3130 3201694
7 3131 974867
7 3132 1522508
7 3133 1763206
7 3134 1514354
7 3135 977240
7 3136 1765540
7 3137 974726
7 3138 3203265
7 3139 1768956
7 3140 3206405
7 3141 977652
7 3142 1764370
7 3143 971623
7 3144 1477949
7 3145 3161383
7 3146 1499660
7 3147 1727718
7 3148 3178230
7 3149 1726273
7 3150 1481647
7 3151 3173076
7 3152 1512252
7 3153 968147
7 3154 3184911
7 3155 968335
7 3156 1511004
7 3157 1754677
7 3158 1515960
7 3159 970997
7 3160 1753752
7 3161 971730
7 3162 3190756
7 3163 1752249
7 3164 3196653
7 3165 974180
7 3166 1753582
7 3167 968798
7 3168 1474947
7 3169 3149086
7 3170 1512437
7 3171 969544
7 3172 3176935
7 3173 969540
7 3174 1474850
7 3175 3148008
7 3176 1507932
7 3177 965528
7 3178 3163446
7 3179 965537
7 3180 1511960
7 3181 971151
7 3182 1511909
7 3183 970945
7 3184 965264
7 3185 965264
7 3186 3170501
7 3187 972378
7 3188 3171514
7 3189 971653
7 3190 965602
7 3191 965602
7 3192 1520025
7 3193 1755211
7 3194 1517277
7 3195 977467
7 3196 1765007
7 3197 977940
7 3198 1519933
7 3199 1755280
7 3200 1514254
7 3201 974010
7 3202 1770814
7 3203 977172
7 3204 1512403
7 3205 971744
7 3206 1507279
7 3207 970778
7 3208 967819
7 3209 967819
7 3210 1747533
7 3211 974533
7 3212 1753088
7 3213 973980
7 3214 970597
7 3215 970597
7 3216 3195137
7 3217 1755956
7 3218 3206145
7 3219 978466
7 3220 1772040
7 3221 974812
7 3222 3193993
7 3223 1755701
7 3224 3205046
7 3225 977019
7 3226 1773361
7 3227 974577
7 3228 3186977
7 3229 977365
7 3230 3185631
7 3231 976646
7 3232 970662
7 3233 970662
7 3234 1749232
7 3235 974246
7 3236 1753759
7 3237 973774
7 3238 968197
7 3239 968197
7 3240 1475670
7 3241 3148805
7 3242 1512757
7 3243 969772
7 3244 3178991
7 3245 969699
7 3246 1478465
7 3247 3158681
7 3248 1515309
7 3249 972072
7 3250 3182910
7 3251 972084
7 3252 1516547
7 3253 974726
7 3254 1516495
7 3255 975539
7 3256 969699
7 3257 969772
7 3258 3178700
7 3259 975421
7 3260 3183323
7 3261 975636
7 3262 969540
7 3263 969701
7 3264 1478911
7 3265 3160694
7 3266 1511761
7 3267 969536
7 3268 3180490
7 3269 969126
7 3270 1474692
7 3271 3145481
7 3272 1508534
7 3273 965686
7 3274 3164479
7 3275 965700
7 3276 1520252
7 3277 975095
7 3278 1519262
7 3279 973708
7 3280 972237
7 3281 972129
7 3282 3190916
7 3283 974799
7 3284 3184635
7 3285 974465
7 3286 972201
7 3287 971613
7 3288 1474271
7 3289 3143691
7 3290 1511317
7 3291 969005
7 3292 3171150
7 3293 968894
7 3294 1465382
7 3295 3128385
7 3296 1498810
7 3297 962275
7 3298 3145798
7 3299 962275
7 3300 1508446
7 3301 968729
7 3302 1505526
7 3303 968232
7 3304 962598
7 3305 962598
7 3306 3166129
7 3307 971377
7 3308 3166082
7 3309 968338
7 3310 962597
7 3311 962597
7 3312 1508699
7 3313 969539
7 3314 1510645
7 3315 972263
7 3316 968505
7 3317 969301
7 3318 1510594
7 3319 969565
7 3320 1509534
7 3321 968549
7 3322 971924
7 3323 971076
7 3324 1509661
7 3325 971336
7 3326 1505230
7 3327 968385
7 3328 967989
7 3329 967989
7 3330 962171
7 3331 962776
7 3332 962776
7 3333 962164
7 3334 962171
7 3335 962171
7 3336 3169388
7 3337 972716
7 3338 3175487
7 3339 975181
7 3340 971803
7 3341 972134
7 3342 3175535
7 3343 972626
7 3344 3171538
7 3345 971779
7 3346 974246
7 3347 973774
7 3348 3171648
7 3349 974896
7 3350 3170028
7 3351 971709
7 3352 968197
7 3353 968197
7 3354 962247
7 3355 962783
7 3356 962783
7 3357 962241
7 3358 962247
7 3359 962247
7 3360 1503554
7 3361 1732420
7 3362 1509070
7 3363 972084
7 3364 1748492
7 3365 969699
7 3366 1508967
7 3367 1735085
7 3368 1513702
7 3369 972318
7 3370 1763464
7 3371 975075
7 3372 1513620
7 3373 974867
7 3374 1508366
7 3375 972350
7 3376 972532
7 3377 972368
7 3378 1723518
7 3379 968505
7 3380 1745273
7 3381 968866
7 3382 969040
7 3383 968794
7 3384 1509186
7 3385 1735577
7 3386 1509155
7 3387 972426
7 3388 1750378
7 3389 969540
7 3390 1512060
7 3391 1733016
7 3392 1506170
7 3393 965527
7 3394 1753645
7 3395 971506
7 3396 1512441
7 3397 974680
7 3398 1513346
7 3399 968867
7 3400 974862
7 3401 974522
7 3402 1760090
7 3403 971803
7 3404 1758860
7 3405 968259
7 3406 973913
7 3407 971419
7 3408 1512555
7 3409 1733279
7 3410 1512705
7 3411 974612
7 3412 1764925
7 3413 974757
7 3414 1508681
7 3415 1732661
7 3416 1512853
7 3417 968859
7 3418 1754783
7 3419 971992
7 3420 1500549
7 3421 968491
7 3422 1502734
7 3423 965303
7 3424 965497
7 3425 965497
7 3426 1747819
7 3427 974087
7 3428 1751946
7 3429 973581
7 3430 967686
7 3431 967686
7 3432 1506345
7 3433 969195
7 3434 1509074
7 3435 971635
7 3436 969040
7 3437 969547
7 3438 1509515
7 3439 969306
7 3440 1504793
7 3441 965688
7 3442 971900
7 3443 971353
7 3444 1505647
7 3445 968685
7 3446 1496297
7 3447 965150
7 3448 965446
7 3449 965446
7 3450 964716
7 3451 965389
7 3452 965389
7 3453 964708
7 3454 964716
7 3455 964716
7 3456 1697750
7 3457 962171
7 3458 1718087
7 3459 964721
7 3460 964716
7 3461 962334
7 3462 1719597
7 3463 962247
7 3464 1722408
7 3465 958714
7 3466 964556
7 3467 964384
7 3468 1721856
7 3469 964556
7 3470 1724426
7 3471 964384
7 3472 958724
7 3473 958724
7 3474 958809
7 3475 961767
7 3476 961767
7 3477 958728
7 3478 958809
7 3479 958809
7 3480 3158309
7 3481 1732620
7 3482 3172784
7 3483 974298
7 3484 1755061
7 3485 972237
7 3486 3171844
7 3487 1732699
7 3488 3187241
7 3489 974761
7 3490 1768055
7 3491 977320
7 3492 3187128
7 3493 977147
7 3494 3173699
7 3495 975306
7 3496 974862
7 3497 974509
7 3498 1752816
7 3499 971924
7 3500 1758617
7 3501 971893
7 3502 971900
7 3503 971223
7 3504 3172487
7 3505 1735273
7 3506 3172978
7 3507 974772
7 3508 1756758
7 3509 972201
7 3510 3184680
7 3511 1736007
7 3512 3168854
7 3513 968064
7 3514 1759023
7 3515 974209
7 3516 3186956
7 3517 977365
7 3518 3187113
7 3519 971915
7 3520 976715
7 3521 976529
7 3522 1771248
7 3523 974246
7 3524 1772674
7 3525 973733
7 3526 976932
7 3527 974081
7 3528 3184690
7 3529 1736020
7 3530 3186675
7 3531 977430
7 3532 1768263
7 3533 977151
7 3534 3173357
7 3535 1735229
7 3536 3186912
7 3537 971695
7 3538 1760040
7 3539 974312
7 3540 3169154
7 3541 974323
7 3542 3169077
7 3543 971387
7 3544 967928
7 3545 967928
7 3546 1753267
7 3547 974208
7 3548 1757447
7 3549 973762
7 3550 970415
7 3551 970415
7 3552 3169195
7 3553 974992
7 3554 3181764
7 3555 977450
7 3556 973913
7 3557 974758
7 3558 3181774
7 3559 974896
7 3560 3168957
7 3561 971684
7 3562 976932
7 3563 975883
7 3564 3169380
7 3565 974806
7 3566 3166474
7 3567 971177
7 3568 970582
7 3569 970582
7 3570 964556
7 3571 965370
7 3572 965370
7 3573 964546
7 3574 964556
7 3575 964556
7 3576 1724593
7 3577 962776
7 3578 1730710
7 3579 965402
7 3580 965389
7 3581 962804
7 3582 1731652
7 3583 962783
7 3584 1733315
7 3585 961755
7 3586 965370
7 3587 965333
7 3588 1732737
7 3589 965370
7 3590 1732499
7 3591 965333
7 3592 961755
7 3593 961755
7 3594 961767
7 3595 964470
7 3596 964470
7 3597 961690
7 3598 961767
7 3599 961767
7 3600 1499322
7 3601 3503167
7 3602 1503970
7 3603 1728951
7 3604 3535625
7 3605 1712387
7 3606 1504517
7 3607 3510216
7 3608 1512880
7 3609 972077
7 3610 3568173
7 3611 974693
7 3612 1512907
7 3613 1750252
7 3614 1504317
7 3615 972320
7 3616 1754917
7 3617 972072
7 3618 3536237
7 3619 1730610
7 3620 3551836
7 3621 969544
7 3622 1731116
7 3623 969005
7 3624 1504546
7 3625 3509549
7 3626 1504471
7 3627 1731882
7 3628 3542475
7 3629 1712355
7 3630 1512199
7 3631 3534263
7 3632 1514089
7 3633 971574
7 3634 3579140
7 3635 975099
7 3636 1516181
7 3637 1764014
7 3638 1517005
7 3639 972577
7 3640 1766018
7 3641 977645
7 3642 3592819
7 3643 1745972
7 3644 3601124
7 3645 975155
7 3646 1762640
7 3647 975237
7 3648 1511576
7 3649 3533563
7 3650 1515543
7 3651 977462
7 3652 3590699
7 3653 977240
7 3654 1504519
7 3655 3512314
7 3656 1516904
7 3657 972577
7 3658 3577687
7 3659 975250
7 3660 1512758
7 3661 975250
7 3662 1513188
7 3663 972577
7 3664 972318
7 3665 972320
7 3666 3576548
7 3667 977467
7 3668 3578999
7 3669 977462
7 3670 974612
7 3671 974458
7 3672 1512480
7 3673 1757339
7 3674 1513891
7 3675 977645
7 3676 1769695
7 3677 975539
7 3678 1516640
7 3679 1756443
7 3680 1512853
7 3681 972577
7 3682 1773712
7 3683 977462
7 3684 1513123
7 3685 975099
7 3686 1499890
7 3687 971574
7 3688 972350
7 3689 972077
7 3690 1753390
7 3691 972263
7 3692 1759568
7 3693 971612
7 3694 971635
7 3695 971065
7 3696 3506585
7 3697 1726686
7 3698 3539060
7 3699 971151
7 3700 1742286
7 3701 968729
7 3702 3543442
7 3703 1726871
7 3704 3551498
7 3705 968428
7 3706 1742597
7 3707 971741
7 3708 3549901
7 3709 971744
7 3710 3549485
7 3711 971922
7 3712 968491
7 3713 968565
7 3714 1727995
7 3715 971336
7 3716 1745557
7 3717 968575
7 3718 968685
7 3719 967937
7 3720 1504450
7 3721 3511393
7 3722 1504952
7 3723 1732098
7 3724 3541769
7 3725 1712905
7 3726 1504621
7 3727 3509252
7 3728 1513362
7 3729 972350
7 3730 3571686
7 3731 974867
7 3732 1513306
7 3733 1751396
7 3734 1504159
7 3735 972318
7 3736 1755683
7 3737 972084
7 3738 3542387
7 3739 1730626
7 3740 3550394
7 3741 969540
7 3742 1730613
7 3743 968894
7 3744 1508277
7 3745 3532564
7 3746 1508562
7 3747 1734733
7 3748 3545904
7 3749 1712712
7 3750 1508716
7 3751 3509680
7 3752 1506425
7 3753 965058
7 3754 3546680
7 3755 971078
7 3756 1519924
7 3757 1754089
7 3758 1514264
7 3759 968716
7 3760 1756452
7 3761 974491
7 3762 3580002
7 3763 1735440
7 3764 3577295
7 3765 971747
7 3766 1754772
7 3767 972375
7 3768 1511331
7 3769 3533291
7 3770 1519214
7 3771 978095
7 3772 3591713
7 3773 977652
7 3774 1512451
7 3775 3534308
7 3776 1513851
7 3777 968552
7 3778 3553438
7 3779 971705
7 3780 1517082
7 3781 975027
7 3782 1517033
7 3783 971568
7 3784 974761
7 3785 974706
7 3786 3596523
7 3787 978466
7 3788 3601659
7 3789 976779
7 3790 977430
7 3791 976807
7 3792 1520232
7 3793 1769778
7 3794 1514033
7 3795 977632
7 3796 1775143
7 3797 975636
7 3798 1523512
7 3799 1768904
7 3800 1517376
7 3801 971429
7 3802 1774314
7 3803 977090
7 3804 1519500
7 3805 976001
7 3806 1512035
7 3807 968652
7 3808 975306
7 3809 974734
7 3810 1771307
7 3811 975181
7 3812 1774299
7 3813 974538
7 3814 977450
7 3815 974265
7 3816 3567009
7 3817 1743726
7 3818 3572634
7 3819 972378
7 3820 1748241
7 3821 971377
7 3822 3588247
7 3823 1746730
7 3824 3571319
7 3825 968064
7 3826 1765377
7 3827 971695
7 3828 3591320
7 3829 977365
7 3830 3579338
7 3831 971915
7 3832 974323
7 3833 971387
7 3834 1762961
7 3835 974896
7 3836 1764628
7 3837 971684
7 3838 974806
7 3839 971177
7 3840 1508465
7 3841 3533452
7 3842 1508541
7 3843 1734884
7 3844 3546163
7 3845 1712398
7 3846 1511658
7 3847 3533313
7 3848 1520267
7 3849 975099
7 3850 3597039
7 3851 977960
7 3852 1519803
7 3853 1763516
7 3854 1516536
7 3855 975250
7 3856 1769956
7 3857 977819
7 3858 3597955
7 3859 1747752
7 3860 3599333
7 3861 975321
7 3862 1760196
7 3863 974933
7 3864 1504523
7 3865 3511897
7 3866 1504101
7 3867 1732310
7 3868 3540855
7 3869 1710204
7 3870 1512021
7 3871 3533927
7 3872 1514048
7 3873 968721
7 3874 3553299
7 3875 972009
7 3876 1516131
7 3877 1755518
7 3878 1513964
7 3879 968767
7 3880 1756926
7 3881 974788
7 3882 3576362
7 3883 1733314
7 3884 3580271
7 3885 972031
7 3886 1752885
7 3887 971861
7 3888 1508209
7 3889 3509974
7 3890 1516754
7 3891 975155
7 3892 3571719
7 3893 975321
7 3894 1508281
7 3895 3510015
7 3896 1516279
7 3897 971263
7 3898 3547419
7 3899 971960
7 3900 1506068
7 3901 968428
7 3902 1506147
7 3903 965607
7 3904 965327
7 3905 965327
7 3906 3549803
7 3907 975500
7 3908 3551724
7 3909 974924
7 3910 970505
7 3911 970505
7 3912 1516356
7 3913 1753844
7 3914 1518207
7 3915 977462
7 3916 1767821
7 3917 978155
7 3918 1519422
7 3919 1754090
7 3920 1510868
7 3921 971084
7 3922 1772767
7 3923 976922
7 3924 1513420
7 3925 971922
7 3926 1511191
7 3927 970880
7 3928 968298
7 3929 968298
7 3930 1751857
7 3931 977147
7 3932 1756891
7 3933 976224
7 3934 973222
7 3935 973222
7 3936 3574483
7 3937 1734261
7 3938 3594708
7 3939 975500
7 3940 1764315
7 3941 974784
7 3942 3575065
7 3943 1733915
7 3944 3593640
7 3945 974209
7 3946 1767271
7 3947 974312
7 3948 3571079
7 3949 976715
7 3950 3571913
7 3951 976529
7 3952 967928
7 3953 967928
7 3954 1745880
7 3955 976932
7 3956 1753678
7 3957 975883
7 3958 970582
7 3959 970582
7 3960 1508179
7 3961 3509321
7 3962 1516734
7 3963 975539
7 3964 3570884
7 3965 974726
7 3966 1511142
7 3967 3531644
7 3968 1522617
7 3969 977645
7 3970 3594509
7 3971 977819
7 3972 1515937
7 3973 977240
7 3974 1516311
7 3975 977462
7 3976 975075
7 3977 975243
7 3978 3568022
7 3979 977940
7 3980 3579977
7 3981 978155
7 3982 974757
7 3983 974758
7 3984 1511069
7 3985 3531706
7 3986 1510999
7 3987 974646
7 3988 3571216
7 3989 971623
7 3990 1507281
7 3991 3508599
7 3992 1515967
7 3993 971099
7 3994 3547063
7 3995 971735
7 3996 1514177
7 3997 977624
7 3998 1510376
7 3999 971080
7 4000 977320
7 4001 976805
7 4002 3594063
7 4003 974812
7 4004 3594496
7 4005 977016
7 4006 977151
7 4007 974101
7 4008 1507599
7 4009 3509889
7 4010 1519199
7 4011 975237
7 4012 3572486
7 4013 974933
7 4014 1498475
7 4015 3506512
7 4016 1507590
7 4017 968476
7 4018 3544039
7 4019 968592
7 4020 1512526
7 4021 971741
7 4022 1509645
7 4023 970648
7 4024 968144
7 4025 968144
7 4026 3548667
7 4027 974784
7 4028 3549327
7 4029 971876
7 4030 968435
7 4031 968435
7 4032 1505259
7 4033 969150
7 4034 1509021
7 4035 971612
7 4036 968866
7 4037 969527
7 4038 1509002
7 4039 969312
7 4040 1500273
7 4041 965299
7 4042 971893
7 4043 971051
7 4044 1504815
7 4045 968575
7 4046 1498791
7 4047 965218
7 4048 965288
7 4049 965288
7 4050 964721
7 4051 965402
7 4052 965402
7 4053 964713
7 4054 964721
7 4055 964721
7 4056 3534799
7 4057 974533
7 4058 3547804
7 4059 977147
7 4060 974087
7 4061 974074
7 4062 3547521
7 4063 974246
7 4064 3544153
7 4065 973733
7 4066 974208
7 4067 973762
7 4068 3544387
7 4069 976932
7 4070 3543660
7 4071 974081
7 4072 970415
7 4073 970415
7 4074 964556
7 4075 965370
7 4076 965370
7 4077 964546
7 4078 964556
7 4079 964556
7 4080 1503633
7 4081 1733457
7 4082 1508728
7 4083 972072
7 4084 1755306
7 4085 969772
7 4086 1508757
7 4087 1736015
7 4088 1513585
7 4089 972320
7 4090 1769017
7 4091 975243
7 4092 1510586
7 4093 974693
7 4094 1504084
7 4095 972077
7 4096 972368
7 4097 971932
7 4098 1749060
7 4099 969301
7 4100 1756390
7 4101 969527
7 4102 969547
7 4103 969089
7 4104 1509122
7 4105 1736524
7 4106 1508650
7 4107 972394
7 4108 1756034
7 4109 969701
7 4110 1512088
7 4111 1734092
7 4112 1506467
7 4113 965533
7 4114 1756937
7 4115 972032
7 4116 1507663
7 4117 974438
7 4118 1511212
7 4119 968540
7 4120 974509
7 4121 974241
7 4122 1769394
7 4123 972134
7 4124 1771443
7 4125 971272
7 4126 974758
7 4127 972182
7 4128 1512051
7 4129 1734184
7 4130 1510356
7 4131 974458
7 4132 1769241
7 4133 974758
7 4134 1505824
7 4135 1733196
7 4136 1510201
7 4137 968686
7 4138 1756414
7 4139 971920
7 4140 1503154
7 4141 968565
7 4142 1501677
7 4143 965218
7 4144 965434
7 4145 965434
7 4146 1755285
7 4147 974074
7 4148 1756673
7 4149 973769
7 4150 970264
7 4151 970264
7 4152 1503222
7 4153 968996
7 4154 1502380
7 4155 971065
7 4156 968794
7 4157 969089
7 4158 1505346
7 4159 968822
7 4160 1498930
7 4161 965137
7 4162 971223
7 4163 970831
7 4164 1496220
7 4165 967937
7 4166 1465382
7 4167 962024
7 4168 962361
7 4169 962361
7 4170 962334
7 4171 962804
7 4172 962804
7 4173 962329
7 4174 962334
7 4175 962334
7 4176 1724593
7 4177 962776
7 4178 1730710
7 4179 965402
7 4180 965389
7 4181 962804
7 4182 1731652
7 4183 962783
7 4184 1733315
7 4185 961755
7 4186 965370
7 4187 965333
7 4188 1732737
7 4189 965370
7 4190 1732499
7 4191 965333
7 4192 961755
7 4193 961755
7 4194 961767
7 4195 964470
7 4196 964470
7 4197 961690
7 4198 961767
7 4199 961767
7 4200 3472149
7 4201 1701064
7 4202 3507988
7 4203 965264
7 4204 1721923
7 4205 962598
7 4206 3506754
7 4207 1700944
7 4208 3534973
7 4209 965327
7 4210 1733765
7 4211 968144
7 4212 3531036
7 4213 967819
7 4214 3514897
7 4215 968298
7 4216 965497
7 4217 965434
7 4218 1721385
7 4219 967989
7 4220 1738852
7 4221 965288
7 4222 965446
7 4223 962361
7 4224 3505468
7 4225 1703870
7 4226 3509265
7 4227 965602
7 4228 1723502
7 4229 962597
7 4230 3529643
7 4231 1707672
7 4232 3508389
7 4233 958714
7 4234 1737506
7 4235 965148
7 4236 3531102
7 4237 970662
7 4238 3536495
7 4239 964899
7 4240 967928
7 4241 967620
7 4242 1750819
7 4243 968197
7 4244 1753465
7 4245 967613
7 4246 970582
7 4247 965472
7 4248 3532237
7 4249 1707547
7 4250 3530921
7 4251 970505
7 4252 1735087
7 4253 968435
7 4254 3512328
7 4255 1703921
7 4256 3533973
7 4257 965148
7 4258 1739502
7 4259 965291
7 4260 3512406
7 4261 967928
7 4262 3512799
7 4263 967620
7 4264 958710
7 4265 958710
7 4266 1721740
7 4267 970415
7 4268 1739044
7 4269 967298
7 4270 964655
7 4271 964655
7 4272 3507002
7 4273 970597
7 4274 3534131
7 4275 973222
7 4276 967686
7 4277 970264
7 4278 3534105
7 4279 968197
7 4280 3511619
7 4281 967613
7 4282 970415
7 4283 967298
7 4284 3512936
7 4285 970582
7 4286 3511610
7 4287 965472
7 4288 964655
7 4289 964655
7 4290 958724
7 4291 961755
7 4292 961755
7 4293 958642
7 4294 958724
7 4295 958724
7 4296 1697750
7 4297 962171
7 4298 1718087
7 4299 964721
7 4300 964716
7 4301 962334
7 4302 1719597
7 4303 962247
7 4304 1722408
7 4305 958714
7 4306 964556
7 4307 964384
7 4308 1721856
7 4309 964556
7 4310 1724426
7 4311 964384
7 4312 958724
7 4313 958724
7 4314 958809
7 4315 961767
7 4316 961767
7 4317 958728
7 4318 958809
7 4319 958809
7 4320 3128385
7 4321 3475100
7 4322 3134973
7 4323 1702086
7 4324 3507262
7 4325 1701129
7 4326 3136334
7 4327 3477616
7 4328 3163542
7 4329 965584
7 4330 3530839
7 4331 968147
7 4332 3163204
7 4333 1721780
7 4334 3135576
7 4335 968328
7 4336 1722395
7 4337 965686
7 4338 3512476
7 4339 1724965
7 4340 3539011
7 4341 965528
7 4342 1721056
7 4343 962275
7 4344 3136179
7 4345 3478873
7 4346 3134846
7 4347 1702720
7 4348 3509952
7 4349 1701151
7 4350 3162521
7 4351 3505059
7 4352 3167830
7 4353 965058
7 4354 3563220
7 4355 968721
7 4356 3173679
7 4357 1738149
7 4358 3176250
7 4359 968552
7 4360 1736979
7 4361 971099
7 4362 3581304
7 4363 1738072
7 4364 3587304
7 4365 971263
7 4366 1753530
7 4367 968476
7 4368 3162382
7 4369 3504672
7 4370 3175285
7 4371 973390
7 4372 3552605
7 4373 970997
7 4374 3136821
7 4375 3480797
7 4376 3177570
7 4377 968716
7 4378 3563825
7 4379 968767
7 4380 3168307
7 4381 971685
7 4382 3168157
7 4383 971429
7 4384 965527
7 4385 965533
7 4386 3542833
7 4387 974010
7 4388 3564554
7 4389 971084
7 4390 968859
7 4391 968686
7 4392 3169418
7 4393 1745677
7 4394 3177439
7 4395 976501
7 4396 1742058
7 4397 973708
7 4398 3179634
7 4399 1742152
7 4400 3166217
7 4401 971568
7 4402 1756636
7 4403 971080
7 4404 3165022
7 4405 973805
7 4406 3135760
7 4407 968652
7 4408 968867
7 4409 968540
7 4410 1722059
7 4411 968549
7 4412 1741476
7 4413 965299
7 4414 965688
7 4415 965137
7 4416 3505465
7 4417 1726377
7 4418 3538507
7 4419 970945
7 4420 1741484
7 4421 968232
7 4422 3539913
7 4423 1726037
7 4424 3545754
7 4425 965607
7 4426 1741292
7 4427 970648
7 4428 3543076
7 4429 970778
7 4430 3544062
7 4431 970880
7 4432 965303
7 4433 965218
7 4434 1721940
7 4435 968385
7 4436 1739019
7 4437 965218
7 4438 965150
7 4439 962024
7 4440 3136211
7 4441 3480780
7 4442 3135916
7 4443 1702931
7 4444 3510291
7 4445 1701619
7 4446 3136546
7 4447 3475236
7 4448 3163732
7 4449 965843
7 4450 3535642
7 4451 968335
7 4452 3163601
7 4453 1721993
7 4454 3135574
7 4455 968342
7 4456 1722567
7 4457 965700
7 4458 3515484
7 4459 1725146
7 4460 3539114
7 4461 965537
7 4462 1721121
7 4463 962275
7 4464 3150004
7 4465 3502478
7 4466 3150190
7 4467 1705840
7 4468 3516810
7 4469 1705690
7 4470 3153110
7 4471 3483392
7 4472 3153813
7 4473 958718
7 4474 3535101
7 4475 964881
7 4476 3188575
7 4477 1739655
7 4478 3168371
7 4479 965095
7 4480 1739250
7 4481 968260
7 4482 3574273
7 4483 1732102
7 4484 3566607
7 4485 968260
7 4486 1747457
7 4487 965681
7 4488 3163220
7 4489 3504631
7 4490 3190122
7 4491 974253
7 4492 3559258
7 4493 974180
7 4494 3164425
7 4495 3505437
7 4496 3168365
7 4497 965095
7 4498 3542830
7 4499 965258
7 4500 3184107
7 4501 972092
7 4502 3183464
7 4503 970815
7 4504 968064
7 4505 967944
7 4506 3559279
7 4507 977019
7 4508 3586610
7 4509 970719
7 4510 971695
7 4511 971067
7 4512 3193735
7 4513 1758198
7 4514 3179312
7 4515 976888
7 4516 1757228
7 4517 974465
7 4518 3205527
7 4519 1757639
7 4520 3183925
7 4521 970815
7 4522 1761561
7 4523 970719
7 4524 3190130
7 4525 975247
7 4526 3165890
7 4527 965904
7 4528 971915
7 4529 971212
7 4530 1753818
7 4531 971779
7 4532 1758688
7 4533 968419
7 4534 971684
7 4535 968380
7 4536 3563503
7 4537 1742187
7 4538 3569643
7 4539 971653
7 4540 1744444
7 4541 968338
7 4542 3587707
7 4543 1745690
7 4544 3570741
7 4545 967944
7 4546 1764300
7 4547 971067
7 4548 3588715
7 4549 976646
7 4550 3575578
7 4551 971212
7 4552 971387
7 4553 968229
7 4554 1758230
7 4555 971709
7 4556 1759097
7 4557 968380
7 4558 971177
7 4559 965239
7 4560 3150347
7 4561 3502763
7 4562 3150189
7 4563 1706012
7 4564 3516687
7 4565 1705676
7 4566 3163026
7 4567 3504540
7 4568 3191410
7 4569 971078
7 4570 3584837
7 4571 972009
7 4572 3189125
7 4573 1739662
7 4574 3177367
7 4575 971705
7 4576 1750785
7 4577 971735
7 4578 3586881
7 4579 1742344
7 4580 3589873
7 4581 971960
7 4582 1754790
7 4583 968592
7 4584 3136938
7 4585 3481287
7 4586 3135923
7 4587 1702915
7 4588 3510793
7 4589 1701303
7 4590 3164044
7 4591 3505560
7 4592 3168998
7 4593 964881
7 4594 3545112
7 4595 965959
7 4596 3176248
7 4597 1742239
7 4598 3168470
7 4599 965258
7 4600 1744027
7 4601 968747
7 4602 3571314
7 4603 1727872
7 4604 3572610
7 4605 968747
7 4606 1745000
7 4607 965679
7 4608 3153214
7 4609 3484002
7 4610 3180783
7 4611 971747
7 4612 3561689
7 4613 972031
7 4614 3152906
7 4615 3483937
7 4616 3180036
7 4617 968260
7 4618 3543944
7 4619 968747
7 4620 3157216
7 4621 968064
7 4622 3157345
7 4623 967944
7 4624 958714
7 4625 958714
7 4626 3538836
7 4627 974209
7 4628 3544882
7 4629 973423
7 4630 965148
7 4631 965148
7 4632 3182379
7 4633 1744111
7 4634 3192023
7 4635 976779
7 4636 1743030
7 4637 977016
7 4638 3193425
7 4639 1745224
7 4640 3179340
7 4641 970719
7 4642 1763283
7 4643 973564
7 4644 3171111
7 4645 971915
7 4646 3168327
7 4647 971212
7 4648 964899
7 4649 964899
7 4650 1722912
7 4651 973733
7 4652 1740503
7 4653 970378
7 4654 967613
7 4655 967613
7 4656 3567356
7 4657 1730135
7 4658 3588529
7 4659 974924
7 4660 1760489
7 4661 971876
7 4662 3573567
7 4663 1729871
7 4664 3590455
7 4665 973423
7 4666 1761392
7 4667 971342
7 4668 3567322
7 4669 976529
7 4670 3570046
7 4671 976127
7 4672 967620
7 4673 967620
7 4674 1743223
7 4675 974081
7 4676 1750703
7 4677 973183
7 4678 965472
7 4679 965472
7 4680 3153407
7 4681 3483494
7 4682 3189681
7 4683 972443
7 4684 3560010
7 4685 971730
7 4686 3164295
7 4687 3505071
7 4688 3203428
7 4689 974491
7 4690 3585365
7 4691 974788
7 4692 3184109
7 4693 974081
7 4694 3192792
7 4695 977090
7 4696 971506
7 4697 972032
7 4698 3537011
7 4699 977172
7 4700 3571524
7 4701 976922
7 4702 971992
7 4703 971920
7 4704 3164252
7 4705 3505499
7 4706 3177767
7 4707 971710
7 4708 3561859
7 4709 968798
7 4710 3152046
7 4711 3482734
7 4712 3180354
7 4713 968260
7 4714 3543934
7 4715 968747
7 4716 3194309
7 4717 977019
7 4718 3181372
7 4719 970719
7 4720 974209
7 4721 973423
7 4722 3587025
7 4723 974577
7 4724 3585324
7 4725 973564
7 4726 974312
7 4727 971342
7 4728 3152768
7 4729 3484040
7 4730 3191731
7 4731 972375
7 4732 3565102
7 4733 971861
7 4734 3136927
7 4735 3481170
7 4736 3167044
7 4737 965681
7 4738 3541981
7 4739 965679
7 4740 3171635
7 4741 971695
7 4742 3170596
7 4743 971067
7 4744 965148
7 4745 965148
7 4746 3543997
7 4747 974312
7 4748 3548953
7 4749 971342
7 4750 965291
7 4751 965291
7 4752 3157667
7 4753 971618
7 4754 3171442
7 4755 974538
7 4756 968259
7 4757 971272
7 4758 3171433
7 4759 971779
7 4760 3157041
7 4761 968419
7 4762 973733
7 4763 970378
7 4764 3159192
7 4765 971684
7 4766 3155629
7 4767 968380
7 4768 967613
7 4769 967613
7 4770 958714
7 4771 961755
7 4772 961755
7 4773 958632
7 4774 958714
7 4775 958714
7 4776 3504509
7 4777 973980
7 4778 3538819
7 4779 976224
7 4780 973581
7 4781 973769
7 4782 3535460
7 4783 973774
7 4784 3536029
7 4785 970378
7 4786 973762
7 4787 973033
7 4788 3538514
7 4789 975883
7 4790 3539876
7 4791 973183
7 4792 967298
7 4793 967298
7 4794 964384
7 4795 965333
7 4796 965333
7 4797 964372
7 4798 964384
7 4799 964384
7 4800 3156466
7 4801 1729748
7 4802 3170848
7 4803 974252
7 4804 1746310
7 4805 972129
7 4806 3170652
7 4807 1730638
7 4808 3184123
7 4809 974706
7 4810 1760765
7 4811 976805
7 4812 3181555
7 4813 976802
7 4814 3167890
7 4815 974734
7 4816 974522
7 4817 974241
7 4818 1725386
7 4819 971076
7 4820 1746870
7 4821 971051
7 4822 971353
7 4823 970831
7 4824 3171559
7 4825 1733266
7 4826 3170959
7 4827 974563
7 4828 1747732
7 4829 971613
7 4830 3182748
7 4831 1731249
7 4832 3159521
7 4833 967944
7 4834 1752909
7 4835 973423
7 4836 3178780
7 4837 976646
7 4838 3181592
7 4839 971212
7 4840 976529
7 4841 976127
7 4842 1760216
7 4843 973774
7 4844 1759409
7 4845 970378
7 4846 975883
7 4847 973183
7 4848 3182692
7 4849 1731261
7 4850 3181465
7 4851 976807
7 4852 1760926
7 4853 974101
7 4854 3169491
7 4855 1728260
7 4856 3181182
7 4857 971067
7 4858 1752658
7 4859 971342
7 4860 3157185
7 4861 971387
7 4862 3156105
7 4863 968229
7 4864 967620
7 4865 967620
7 4866 1745733
7 4867 973762
7 4868 1751671
7 4869 973033
7 4870 967298
7 4871 967298
7 4872 3156887
7 4873 972145
7 4874 3166777
7 4875 974265
7 4876 971419
7 4877 972182
7 4878 3168788
7 4879 971709
7 4880 3153578
7 4881 968380
7 4882 974081
7 4883 973183
7 4884 3151791
7 4885 971177
7 4886 3136633
7 4887 965239
7 4888 965472
7 4889 965472
7 4890 964384
7 4891 965333
7 4892 965333
7 4893 964372
7 4894 964384
7 4895 964384
7 4896 1697670
7 4897 962164
7 4898 1718079
7 4899 964713
7 4900 964708
7 4901 962329
7 4902 1719590
7 4903 962241
7 4904 1722400
7 4905 958632
7 4906 964546
7 4907 964372
7 4908 1721848
7 4909 964546
7 4910 1724421
7 4911 964372
7 4912 958642
7 4913 958642
7 4914 958728
7 4915 961690
7 4916 961690
7 4917 958647
7 4918 958728
7 4919 958728
7 4920 3472149
7 4921 1701064
7 4922 3507988
7 4923 965264
7 4924 1721923
7 4925 962598
7 4926 3506754
7 4927 1700944
7 4928 3534973
7 4929 965327
7 4930 1733765
7 4931 968144
7 4932 3531036
7 4933 967819
7 4934 3514897
7 4935 968298
7 4936 965497
7 4937 965434
7 4938 1721385
7 4939 967989
7 4940 1738852
7 4941 965288
7 4942 965446
7 4943 962361
7 4944 3505468
7 4945 1703870
7 4946 3509265
7 4947 965602
7 4948 1723502
7 4949 962597
7 4950 3529643
7 4951 1707672
7 4952 3508389
7 4953 958714
7 4954 1737506
7 4955 965148
7 4956 3531102
7 4957 970662
7 4958 3536495
7 4959 964899
7 4960 967928
7 4961 967620
7 4962 1750819
7 4963 968197
7 4964 1753465
7 4965 967613
7 4966 970582
7 4967 965472
7 4968 3532237
7 4969 1707547
7 4970 3530921
7 4971 970505
7 4972 1735087
7 4973 968435
7 4974 3512328
7 4975 1703921
7 4976 3533973
7 4977 965148
7 4978 1739502
7 4979 965291
7 4980 3512406
7 4981 967928
7 4982 3512799
7 4983 967620
7 4984 958710
7 4985 958710
7 4986 1721740
7 4987 970415
7 4988 1739044
7 4989 967298
7 4990 964655
7 4991 964655
7 4992 3507002
7 4993 970597
7 4994 3534131
7 4995 973222
7 4996 967686
7 4997 970264
7 4998 3534105
7 4999 968197
7 5000 3511619
7 5001 967613
7 5002 970415
7 5003 967298
7 5004 3512936
7 5005 970582
7 5006 3511610
7 5007 965472
7 5008 964655
7 5009 964655
7 5010 958724
7 5011 961755
7 5012 961755
7 5013 958642
7 5014 958724
7 5015 958724
7 5016 1697750
7 5017 962171
7 5018 1718087
7 5019 964721
7 5020 964716
7 5021 962334
7 5022 1719597
7 5023 962247
7 5024 1722408
7 5025 958714
7 5026 964556
7 5027 964384
7 5028 1721856
7 5029 964556
7 5030 1724426
7 5031 964384
7 5032 958724
7 5033 958724
7 5034 958809
7 5035 961767
7 5036 961767
7 5037 958728
7 5038 958809
7 5039 958809
