3 0 39916800
3 1 39916800
3 2 39916800
3 3 39915750
3 4 39915750
3 5 39913459
4 0 39695779
4 1 39742934
4 2 39675470
4 3 39698994
4 4 39809630
4 5 39684666
4 6 39742934
4 7 39722624
4 8 39809630
4 9 39150292
4 10 39801024
4 11 39397353
4 12 39698994
4 13 39386431
4 14 39684666
4 15 38846806
4 16 39355747
4 17 38728729
4 18 39150292
4 19 38846806
4 20 39397353
4 21 37329518
4 22 38728729
4 23 37416195
5 0 29331864
5 1 33770264
5 2 29179169
5 3 33752180
5 4 34181136
5 5 33557397
5 6 29179169
5 7 33707068
5 8 30172416
5 9 28953979
5 10 34506447
5 11 29582529
5 12 30172416
5 13 34182917
5 14 28837105
5 15 29445380
5 16 34434767
5 17 28982581
5 18 34676768
5 19 34468488
5 20 34630571
5 21 28935045
5 22 34393656
5 23 28509283
5 24 33770264
5 25 36392734
5 26 33707068
5 27 35001040
5 28 36630759
5 29 34920006
5 30 34181136
5 31 36630759
5 32 34676768
5 33 29958044
5 34 36913028
5 35 30495308
5 36 34506447
5 37 35688199
5 38 34630571
5 39 30260293
5 40 35646767
5 41 30464314
5 42 36913028
5 43 35736950
5 44 37085037
5 45 30558229
5 46 35906176
5 47 30463215
5 48 33752180
5 49 35001040
5 50 34182917
5 51 31422170
5 52 35688199
5 53 31553858
5 54 33557397
5 55 34920006
5 56 34468488
5 57 29302925
5 58 35736950
5 59 29312150
5 60 34434767
5 61 31246740
5 62 34393656
5 63 29667627
5 64 30704438
5 65 28970270
5 66 35646767
5 67 31939399
5 68 35906176
5 69 29673045
5 70 31579263
5 71 29650403
5 72 28953979
5 73 31422170
5 74 29445380
5 75 27397336
5 76 31246740
5 77 27084850
5 78 29582529
5 79 31553858
5 80 28935045
5 81 24389394
5 82 31939399
5 83 24342610
5 84 28982581
5 85 27084850
5 86 28509283
5 87 24422808
5 88 27008908
5 89 24211059
5 90 30704438
5 91 27008908
5 92 31579263
5 93 23993470
5 94 26578686
5 95 24056358
5 96 29958044
5 97 29302925
5 98 30260293
5 99 24389394
5 100 29667627
5 101 24422808
5 102 30495308
5 103 29312150
5 104 30558229
5 105 21067546
5 106 29673045
5 107 21620322
5 108 30464314
5 109 24342610
5 110 30463215
5 111 21620322
5 112 23993470
5 113 21081668
5 114 28970270
5 115 24211059
5 116 29650403
5 117 21081668
5 118 24056358
5 119 21106761
6 0 8995308
6 1 14059953
6 2 8982822
6 3 17258417
6 4 14102412
6 5 17108144
6 6 8985841
6 7 14020447
6 8 9216637
6 9 12978216
6 10 14135639
6 11 13199228
6 12 9221332
6 13 17559938
6 14 8949095
6 15 13186782
6 16 17614090
6 17 13050324
6 18 14201841
6 19 17599872
6 20 14156326
6 21 13037076
6 22 17599381
6 23 12954213
6 24 8982822
6 25 14032450
6 26 8969812
6 27 17256555
6 28 14075966
6 29 17098570
6 30 9221332
6 31 14563088
6 32 9441156
6 33 8416793
6 34 14707043
6 35 8633227
6 36 9384324
6 37 18149256
6 38 9392049
6 39 8580800
6 40 18367677
6 41 8609442
6 42 14432609
6 43 18029574
6 44 14758525
6 45 8640112
6 46 18413203
6 47 8544531
6 48 9216637
6 49 14553006
6 50 9328460
6 51 13493002
6 52 14733793
6 53 13531071
6 54 8949095
6 55 13933011
6 56 9395729
6 57 8575936
6 58 14366957
6 59 8596971
6 60 9323808
6 61 13510621
6 62 9371302
6 63 8683074
6 64 13403552
6 65 8492573
6 66 14799553
6 67 13764564
6 68 14568219
6 69 8643516
6 70 13669721
6 71 8540962
6 72 9441156
6 73 18286428
6 74 9395729
6 75 13665796
6 76 18326110
6 77 13507751
6 78 9392049
6 79 18151408
6 80 9302043
6 81 8696435
6 82 18413168
6 83 8653414
6 84 9371302
6 85 13578145
6 86 8855167
6 87 8586023
6 88 13671948
6 89 8515058
6 90 18270656
6 91 13533007
6 92 18444987
6 93 8463931
6 94 13525365
6 95 8443458
6 96 14431627
6 97 18186959
6 98 14414703
6 99 13519111
6 100 18313331
6 101 13486870
6 102 14468419
6 103 18171163
6 104 14745311
6 105 8522063
6 106 18388941
6 107 8641917
6 108 14731205
6 109 13520043
6 110 14231740
6 111 8667931
6 112 13499296
6 113 8457408
6 114 18259383
6 115 13512928
6 116 18304813
6 117 8434742
6 118 13350511
6 119 8199105
6 120 14059953
6 121 20937728
6 122 14032450
6 123 22683035
6 124 21021097
6 125 22543984
6 126 14020447
6 127 20911904
6 128 14553006
6 129 16083397
6 130 21182707
6 131 16514881
6 132 14563088
6 133 22928591
6 134 13933011
6 135 16479046
6 136 22931744
6 137 16091997
6 138 21253259
6 139 23001974
6 140 21214406
6 141 16070316
6 142 22924620
6 143 15968495
6 144 14102412
6 145 21021097
6 146 14075966
6 147 22687476
6 148 21105068
6 149 22584822
6 150 14201841
6 151 21253259
6 152 14431627
6 153 11984814
6 154 21327053
6 155 12041273
6 156 14432609
6 157 23107103
6 158 14468419
6 159 12038005
6 160 23063499
6 161 12164864
6 162 21222682
6 163 22924112
6 164 21443289
6 165 12160127
6 166 23046436
6 167 12049827
6 168 14135639
6 169 21182707
6 170 14733793
6 171 16708884
6 172 21716157
6 173 16874530
6 174 14156326
6 175 21214406
6 176 14414703
6 177 12023524
6 178 21268567
6 179 12025703
6 180 14799553
6 181 16438808
6 182 14731205
6 183 12240705
6 184 16367095
6 185 12214253
6 186 21719270
6 187 16981750
6 188 21683193
6 189 12248376
6 190 16881072
6 191 12285956
6 192 14707043
6 193 23324210
6 194 14366957
6 195 16818132
6 196 23269691
6 197 16483933
6 198 14758525
6 199 23348741
6 200 14745311
6 201 12244063
6 202 23401842
6 203 12260158
6 204 14568219
6 205 16936960
6 206 14231740
6 207 12024199
6 208 16913019
6 209 12266434
6 210 23241563
6 211 16487125
6 212 23373369
6 213 12203737
6 214 16682697
6 215 12177269
6 216 21327053
6 217 23199126
6 218 21268567
6 219 16427169
6 220 23171664
6 221 16311626
6 222 21443289
6 223 23262095
6 224 21623186
6 225 12196018
6 226 23414053
6 227 12283369
6 228 21683193
6 229 16641721
6 230 21517258
6 231 12272005
6 232 16632884
6 233 12186964
6 234 23250183
6 235 16518806
6 236 23319938
6 237 12200769
6 238 16636928
6 239 12028558
6 240 17258417
6 241 22683035
6 242 17256555
6 243 20730824
6 244 22687476
6 245 20680236
6 246 17559938
6 247 22928591
6 248 18286428
6 249 14350917
6 250 23324210
6 251 14506916
6 252 18149256
6 253 21565771
6 254 18151408
6 255 14412933
6 256 21903869
6 257 14419589
6 258 23107103
6 259 21654476
6 260 23348741
6 261 14455293
6 262 22024814
6 263 14386027
6 264 17108144
6 265 22543984
6 266 17098570
6 267 20680236
6 268 22584822
6 269 20618516
6 270 17599872
6 271 23001974
6 272 18186959
6 273 13773737
6 274 23199126
6 275 13821944
6 276 18029574
6 277 21654476
6 278 18171163
6 279 13772009
6 280 21799601
6 281 13866369
6 282 22924112
6 283 21357137
6 284 23262095
6 285 13867486
6 286 21794789
6 287 13825787
6 288 17614090
6 289 22931744
6 290 18326110
6 291 14473942
6 292 23269691
6 293 14619343
6 294 17599381
6 295 22924620
6 296 18313331
6 297 13964116
6 298 23171664
6 299 13991517
6 300 18270656
6 301 14272133
6 302 18259383
6 303 13930636
6 304 13987743
6 305 13651850
6 306 23241563
6 307 14779629
6 308 23250183
6 309 14221809
6 310 14383031
6 311 13876161
6 312 18367677
6 313 21903869
6 314 18413168
6 315 14679916
6 316 21827306
6 317 14668192
6 318 18413203
6 319 22024814
6 320 18388941
6 321 14063259
6 322 22344170
6 323 14095993
6 324 18444987
6 325 14551669
6 326 18304813
6 327 14106053
6 328 14256435
6 329 13856451
6 330 21606350
6 331 14522449
6 332 22029942
6 333 13949811
6 334 14303243
6 335 13905351
6 336 23063499
6 337 21799601
6 338 23401842
6 339 14694296
6 340 22344170
6 341 14655142
6 342 23046436
6 343 21794789
6 344 23414053
6 345 14116021
6 346 22406341
6 347 14143946
6 348 23373369
6 349 14743831
6 350 23319938
6 351 14250987
6 352 14378256
6 353 13907939
6 354 22029942
6 355 14670254
6 356 22319019
6 357 14116973
6 358 14392653
6 359 13922459
6 360 12978216
6 361 16083397
6 362 13493002
6 363 13446699
6 364 16708884
6 365 13498266
6 366 13186782
6 367 16479046
6 368 13665796
6 369 10477061
6 370 16818132
6 371 10539071
6 372 13510621
6 373 13288390
6 374 13578145
6 375 10619489
6 376 13548017
6 377 10518438
6 378 16438808
6 379 13628669
6 380 16936960
6 381 10618720
6 382 13598760
6 383 10520272
6 384 13199228
6 385 16514881
6 386 13531071
6 387 13498266
6 388 16874530
6 389 13455921
6 390 13037076
6 391 16070316
6 392 13519111
6 393 9777523
6 394 16427169
6 395 9803403
6 396 13764564
6 397 13628669
6 398 13520043
6 399 9911222
6 400 13630251
6 401 9988785
6 402 16981750
6 403 13741014
6 404 16641721
6 405 9957394
6 406 13638460
6 407 9972970
6 408 13050324
6 409 16091997
6 410 13507751
6 411 10395871
6 412 16483933
6 413 10361226
6 414 12954213
6 415 15968495
6 416 13486870
6 417 9798786
6 418 16311626
6 419 9795885
6 420 13533007
6 421 10447013
6 422 13512928
6 423 9972693
6 424 10278209
6 425 9790095
6 426 16487125
6 427 10532748
6 428 16518806
6 429 9978401
6 430 10278491
6 431 9787871
6 432 13403552
6 433 13548017
6 434 13671948
6 435 10699053
6 436 13283967
6 437 10565426
6 438 13669721
6 439 13598760
6 440 13499296
6 441 9958383
6 442 13662726
6 443 9942200
6 444 13525365
6 445 10515497
6 446 13350511
6 447 9957945
6 448 10410361
6 449 9924159
6 450 12994945
6 451 10373814
6 452 13363713
6 453 9734388
6 454 10170359
6 455 9748696
6 456 16367095
6 457 13630251
6 458 16913019
6 459 10664549
6 460 13662726
6 461 10689860
6 462 16881072
6 463 13638460
6 464 16632884
6 465 9943851
6 466 13784185
6 467 10110000
6 468 16682697
6 469 10579009
6 470 16636928
6 471 10100714
6 472 10414281
6 473 9927342
6 474 13363713
6 475 10528162
6 476 13645299
6 477 9930307
6 478 10387063
6 479 9939100
6 480 8416793
6 481 14350917
6 482 8575936
6 483 10477061
6 484 14473942
6 485 10395871
6 486 8580800
6 487 14412933
6 488 8696435
6 489 7346584
6 490 14679916
6 491 7342707
6 492 8683074
6 493 10619489
6 494 8586023
6 495 7353142
6 496 10699053
6 497 7277958
6 498 14272133
6 499 10447013
6 500 14551669
6 501 7221820
6 502 10515497
6 503 7225464
6 504 8633227
6 505 14506916
6 506 8596971
6 507 10539071
6 508 14619343
6 509 10361226
6 510 8640112
6 511 14455293
6 512 8522063
6 513 6630975
6 514 14694296
6 515 6723360
6 516 8643516
6 517 10618720
6 518 8667931
6 519 6726162
6 520 10664549
6 521 6782204
6 522 14779629
6 523 10532748
6 524 14743831
6 525 6664634
6 526 10579009
6 527 6752543
6 528 8609442
6 529 14419589
6 530 8653414
6 531 7342707
6 532 14668192
6 533 7305858
6 534 8544531
6 535 14386027
6 536 8641917
6 537 6725550
6 538 14655142
6 539 6730858
6 540 8463931
6 541 7221820
6 542 8434742
6 543 6646425
6 544 7180092
6 545 6624136
6 546 14522449
6 547 7338486
6 548 14670254
6 549 6755669
6 550 7165440
6 551 6620292
6 552 8492573
6 553 10518438
6 554 8515058
6 555 7277958
6 556 10565426
6 557 7200347
6 558 8540962
6 559 10520272
6 560 8457408
6 561 6647621
6 562 10689860
6 563 6692804
6 564 8443458
6 565 7225464
6 566 8199105
6 567 6598467
6 568 7169261
6 569 6601414
6 570 10373814
6 571 7113345
6 572 10528162
6 573 6582090
6 574 7065294
6 575 6582906
6 576 13987743
6 577 10278209
6 578 14256435
6 579 7180092
6 580 10410361
6 581 7169261
6 582 14383031
6 583 10278491
6 584 14378256
6 585 6543348
6 586 10414281
6 587 6686986
6 588 14303243
6 589 7165440
6 590 14392653
6 591 6686986
6 592 7004128
6 593 6544142
6 594 10170359
6 595 7065294
6 596 10387063
6 597 6544338
6 598 7006588
6 599 6546654
6 600 11984814
6 601 13773737
6 602 12023524
6 603 9777523
6 604 13964116
6 605 9798786
6 606 12038005
6 607 13772009
6 608 12244063
6 609 6630975
6 610 14063259
6 611 6725550
6 612 12240705
6 613 9911222
6 614 12024199
6 615 6726162
6 616 9958383
6 617 6647621
6 618 13930636
6 619 9972693
6 620 14106053
6 621 6646425
6 622 9957945
6 623 6598467
6 624 12041273
6 625 13821944
6 626 12025703
6 627 9803403
6 628 13991517
6 629 9795885
6 630 12160127
6 631 13867486
6 632 12196018
6 633 6078572
6 634 14116021
6 635 6171747
6 636 12248376
6 637 9957394
6 638 12272005
6 639 6165196
6 640 9943851
6 641 6203273
6 642 14221809
6 643 9978401
6 644 14250987
6 645 6203273
6 646 10100714
6 647 6180218
6 648 12164864
6 649 13866369
6 650 12260158
6 651 6723360
6 652 14095993
6 653 6730858
6 654 12049827
6 655 13825787
6 656 12283369
6 657 6171747
6 658 14143946
6 659 6174960
6 660 12203737
6 661 6664634
6 662 12200769
6 663 6203273
6 664 6543348
6 665 6078371
6 666 13949811
6 667 6755669
6 668 14116973
6 669 6195090
6 670 6686986
6 671 6159684
6 672 12214253
6 673 9988785
6 674 12266434
6 675 6782204
6 676 9942200
6 677 6692804
6 678 12285956
6 679 9972970
6 680 12186964
6 681 6203273
6 682 10110000
6 683 6195090
6 684 12177269
6 685 6752543
6 686 12028558
6 687 6180218
6 688 6686986
6 689 6159684
6 690 9734388
6 691 6582090
6 692 9930307
6 693 6076989
6 694 6544338
6 695 6079368
6 696 13651850
6 697 9790095
6 698 13856451
6 699 6624136
6 700 9924159
6 701 6601414
6 702 13876161
6 703 9787871
6 704 13907939
6 705 6078371
6 706 9927342
6 707 6159684
6 708 13905351
6 709 6620292
6 710 13922459
6 711 6159684
6 712 6544142
6 713 6079121
6 714 9748696
6 715 6582906
6 716 9939100
6 717 6079368
6 718 6546654
6 719 6081686
7 0 1255137
7 1 2304137
7 2 1254790
7 3 4118055
7 4 2305390
7 5 4096420
7 6 1254992
7 7 2302472
7 8 1272799
7 9 3670558
7 10 2306313
7 11 3695378
7 12 1272856
7 13 4132313
7 14 1254576
7 15 3695152
7 16 4118752
7 17 3673344
7 18 2308459
7 19 4132495
7 20 2306622
7 21 3672132
7 22 4118858
7 23 3670245
7 24 1254992
7 25 2303737
7 26 1254644
7 27 4118051
7 28 2304990
7 29 4094441
7 30 1266689
7 31 2336007
7 32 1282752
7 33 1660382
7 34 2338013
7 35 1685571
7 36 1280965
7 37 4181344
7 38 1282633
7 39 1681923
7 40 4177292
7 41 1684012
7 42 2317743
7 43 4157835
7 44 2340580
7 45 1686306
7 46 4184217
7 47 1682682
7 48 1266689
7 49 2336066
7 50 1279692
7 51 3755084
7 52 2341661
7 53 3758097
7 54 1254871
7 55 2299654
7 56 1281873
7 57 1681665
7 58 2312324
7 59 1683295
7 60 1279749
7 61 3748816
7 62 1278990
7 63 1691370
7 64 3744398
7 65 1667158
7 66 2340004
7 67 3778521
7 68 2336105
7 69 1690358
7 70 3773971
7 71 1671420
7 72 1281024
7 73 4178704
7 74 1281797
7 75 3764857
7 76 4166886
7 77 3742075
7 78 1280118
7 79 4161392
7 80 1277888
7 81 1692394
7 82 4181226
7 83 1691467
7 84 1281581
7 85 3765427
7 86 1254216
7 87 1685230
7 88 3773601
7 89 1671787
7 90 4141759
7 91 3747820
7 92 4157883
7 93 1667253
7 94 3749071
7 95 1667444
7 96 2312216
7 97 4154588
7 98 2313724
7 99 3738701
7 100 4164070
7 101 3740756
7 102 2314858
7 103 4154338
7 104 2336486
7 105 1668462
7 106 4165029
7 107 1689720
7 108 2336835
7 109 3749153
7 110 2305414
7 111 1689964
7 112 3747923
7 113 1666708
7 114 4141982
7 115 3747623
7 116 4151539
7 117 1666439
7 118 3739739
7 119 1656581
7 120 1254790
7 121 2303780
7 122 1254443
7 123 4117251
7 124 2305033
7 125 4095100
7 126 1254644
7 127 2302082
7 128 1272787
7 129 3670488
7 130 2306224
7 131 3695304
7 132 1272844
7 133 4131557
7 134 1254228
7 135 3695076
7 136 4118172
7 137 3673326
7 138 2308434
7 139 4131827
7 140 2306535
7 141 3672114
7 142 4118189
7 143 3670175
7 144 1272856
7 145 2329437
7 146 1272844
7 147 4214177
7 148 2329437
7 149 4200202
7 150 1281024
7 151 2356300
7 152 1296485
7 153 1126522
7 154 2358833
7 155 1130077
7 156 1300986
7 157 4278873
7 158 1299873
7 159 1130131
7 160 4273536
7 161 1133260
7 162 2340968
7 163 4258021
7 164 2363008
7 165 1133130
7 166 4273529
7 167 1130043
7 168 1280965
7 169 2353717
7 170 1299282
7 171 3863389
7 172 2364790
7 173 3867548
7 174 1280118
7 175 2352203
7 176 1299713
7 177 1130145
7 178 2355412
7 179 1130223
7 180 1302833
7 181 3868785
7 182 1301652
7 183 1135850
7 184 3863288
7 185 1133334
7 186 2364632
7 187 3902087
7 188 2366915
7 189 1135824
7 190 3895270
7 191 1135774
7 192 1300986
7 193 4257982
7 194 1296462
7 195 3870727
7 196 4247509
7 197 3850190
7 198 1304874
7 199 4288581
7 200 1303148
7 201 1136181
7 202 4294954
7 203 1135770
7 204 1304010
7 205 3896306
7 206 1294130
7 207 1130340
7 208 3897749
7 209 1135790
7 210 4268535
7 211 3873753
7 212 4288087
7 213 1133130
7 214 3897031
7 215 1133110
7 216 2334229
7 217 4238356
7 218 2331308
7 219 3847231
7 220 4233218
7 221 3845058
7 222 2345129
7 223 4280955
7 224 2365907
7 225 1133542
7 226 4293335
7 227 1136024
7 228 2366970
7 229 3894875
7 230 2357495
7 231 1136525
7 232 3895537
7 233 1132892
7 234 4271280
7 235 3876931
7 236 4282210
7 237 1133170
7 238 3889390
7 239 1126020
7 240 1272799
7 241 2329192
7 242 1272787
7 243 4214177
7 244 2329192
7 245 4199486
7 246 1279692
7 247 2350128
7 248 1302090
7 249 1712751
7 250 2354799
7 251 1722254
7 252 1299282
7 253 4280200
7 254 1296545
7 255 1719148
7 256 4284001
7 257 1720341
7 258 2342523
7 259 4270100
7 260 2355468
7 261 1721103
7 262 4282014
7 263 1715347
7 264 1254576
7 265 2302476
7 266 1254228
7 267 4118051
7 268 2303729
7 269 4090035
7 270 1281797
7 271 2356228
7 272 1300014
7 273 1129844
7 274 2360081
7 275 1130554
7 276 1296462
7 277 4265548
7 278 1299442
7 279 1130159
7 280 4273110
7 281 1133398
7 282 2331384
7 283 4225077
7 284 2361952
7 285 1133424
7 286 4268475
7 287 1129886
7 288 1279749
7 289 2348732
7 290 1304264
7 291 1727071
7 292 2364735
7 293 1733780
7 294 1281581
7 295 2355112
7 296 1305017
7 297 1136738
7 298 2359364
7 299 1136951
7 300 1299165
7 301 1710171
7 302 1300701
7 303 1136804
7 304 1697570
7 305 1130128
7 306 2360966
7 307 1741322
7 308 2368235
7 309 1142603
7 310 1726394
7 311 1133974
7 312 1302833
7 313 4296811
7 314 1302499
7 315 1735161
7 316 4305492
7 317 1737555
7 318 1304010
7 319 4267911
7 320 1302829
7 321 1139451
7 322 4300054
7 323 1142120
7 324 1303692
7 325 1732841
7 326 1299113
7 327 1139583
7 328 1722428
7 329 1133771
7 330 4280872
7 331 1733848
7 332 4290562
7 333 1139159
7 334 1724291
7 335 1136448
7 336 2344555
7 337 4283113
7 338 2360506
7 339 1738265
7 340 4311966
7 341 1732329
7 342 2341417
7 343 4249985
7 344 2365987
7 345 1142205
7 346 4268559
7 347 1139470
7 348 2369012
7 349 1740583
7 350 2362312
7 351 1145227
7 352 1726869
7 353 1136482
7 354 4292484
7 355 1737337
7 356 4293124
7 357 1141780
7 358 1722045
7 359 1132433
7 360 1282752
7 361 2359097
7 362 1302090
7 363 3887187
7 364 2369012
7 365 3889760
7 366 1281873
7 367 2354851
7 368 1307947
7 369 1729312
7 370 2362811
7 371 1734098
7 372 1304264
7 373 3891627
7 374 1303074
7 375 1737944
7 376 3918268
7 377 1717498
7 378 2367534
7 379 3924206
7 380 2369905
7 381 1738126
7 382 3921177
7 383 1715083
7 384 1282633
7 385 2358057
7 386 1296545
7 387 3876340
7 388 2363943
7 389 3875714
7 390 1277888
7 391 2346976
7 392 1305051
7 393 1136540
7 394 2357109
7 395 1136947
7 396 1302499
7 397 3923032
7 398 1297534
7 399 1139026
7 400 3914040
7 401 1140050
7 402 2370050
7 403 3941176
7 404 2363271
7 405 1141915
7 406 3918708
7 407 1135698
7 408 1278990
7 409 2348822
7 410 1303074
7 411 1723015
7 412 2361151
7 413 1722169
7 414 1254216
7 415 2289569
7 416 1294485
7 417 1130330
7 418 2314447
7 419 1130279
7 420 1302976
7 421 1732827
7 422 1299726
7 423 1138913
7 424 1722058
7 425 1133975
7 426 2364218
7 427 1739490
7 428 2351744
7 429 1139093
7 430 1723709
7 431 1134015
7 432 1299165
7 433 3914660
7 434 1302976
7 435 1737281
7 436 3913235
7 437 1718639
7 438 1303692
7 439 3918808
7 440 1292130
7 441 1136878
7 442 3935388
7 443 1139397
7 444 1300798
7 445 1736382
7 446 1292775
7 447 1137420
7 448 1736133
7 449 1136541
7 450 3874012
7 451 1709743
7 452 3910238
7 453 1130790
7 454 1708662
7 455 1130636
7 456 2363828
7 457 3932786
7 458 2367335
7 459 1738933
7 460 3948181
7 461 1721456
7 462 2369010
7 463 3932306
7 464 2361105
7 465 1140027
7 466 3948242
7 467 1138142
7 468 2365963
7 469 1738961
7 470 2352051
7 471 1142468
7 472 1735039
7 473 1135316
7 474 3909708
7 475 1714319
7 476 3928931
7 477 1133785
7 478 1711990
7 479 1132964
7 480 1296485
7 481 4254312
7 482 1300014
7 483 3890636
7 484 4252565
7 485 3874169
7 486 1299713
7 487 4251464
7 488 1305051
7 489 1741057
7 490 4282153
7 491 1741189
7 492 1305017
7 493 3914356
7 494 1294485
7 495 1737373
7 496 3930341
7 497 1722993
7 498 4239426
7 499 3896087
7 500 4256259
7 501 1718880
7 502 3906382
7 503 1718461
7 504 1299873
7 505 4259466
7 506 1299442
7 507 3892805
7 508 4255622
7 509 3870306
7 510 1303148
7 511 4281383
7 512 1300781
7 513 1137445
7 514 4304994
7 515 1142025
7 516 1302829
7 517 3922962
7 518 1301618
7 519 1139882
7 520 3940849
7 521 1144724
7 522 4284101
7 523 3908323
7 524 4313585
7 525 1139445
7 526 3937996
7 527 1141923
7 528 1301652
7 529 4277073
7 530 1297534
7 531 1738574
7 532 4303018
7 533 1734828
7 534 1294130
7 535 4222597
7 536 1301618
7 537 1139878
7 538 4280618
7 539 1139632
7 540 1292130
7 541 1735126
7 542 1294390
7 543 1136946
7 544 1736887
7 545 1137468
7 546 4300785
7 547 1738478
7 548 4283948
7 549 1141423
7 550 1734588
7 551 1135844
7 552 1300701
7 553 3917217
7 554 1299726
7 555 1737191
7 556 3934953
7 557 1719091
7 558 1299113
7 559 3904045
7 560 1294390
7 561 1136932
7 562 3923826
7 563 1139705
7 564 1292775
7 565 1723412
7 566 1251473
7 567 1128640
7 568 1726378
7 569 1132304
7 570 3909003
7 571 1714574
7 572 3926786
7 573 1133806
7 574 1713817
7 575 1131729
7 576 4228708
7 577 3889591
7 578 4244948
7 579 1714714
7 580 3914424
7 581 1713180
7 582 4246282
7 583 3888031
7 584 4273511
7 585 1130751
7 586 3914400
7 587 1136265
7 588 4270515
7 589 1714750
7 590 4247141
7 591 1136812
7 592 1706546
7 593 1129909
7 594 3891525
7 595 1712255
7 596 3915186
7 597 1130508
7 598 1710597
7 599 1127848
7 600 2326629
7 601 4224102
7 602 2329558
7 603 3861206
7 604 4238712
7 605 3865442
7 606 2330385
7 607 4223448
7 608 2357430
7 609 1714832
7 610 4251450
7 611 1734886
7 612 2357815
7 613 3892635
7 614 2323969
7 615 1734800
7 616 3899603
7 617 1715938
7 618 4237853
7 619 3896194
7 620 4248322
7 621 1715316
7 622 3893396
7 623 1705680
7 624 2330767
7 625 4227969
7 626 2329460
7 627 3864639
7 628 4239661
7 629 3864859
7 630 2341853
7 631 4273551
7 632 2360482
7 633 1131255
7 634 4299025
7 635 1137188
7 636 2362076
7 637 3916116
7 638 2360163
7 639 1137152
7 640 3914965
7 641 1139314
7 642 4277269
7 643 3906855
7 644 4308365
7 645 1139152
7 646 3934072
7 647 1132980
7 648 2340708
7 649 4273423
7 650 2357965
7 651 1734605
7 652 4299587
7 653 1735733
7 654 2328315
7 655 4225862
7 656 2363397
7 657 1137453
7 658 4285285
7 659 1137232
7 660 2349423
7 661 1718188
7 662 2356693
7 663 1140135
7 664 1710776
7 665 1131545
7 666 4287326
7 667 1734961
7 668 4279743
7 669 1137151
7 670 1733193
7 671 1135443
7 672 2361056
7 673 3922300
7 674 2359580
7 675 1737578
7 676 3919223
7 677 1717675
7 678 2359982
7 679 3920894
7 680 2349867
7 681 1139636
7 682 3939074
7 683 1135067
7 684 2352222
7 685 1737197
7 686 2301540
7 687 1136961
7 688 1734469
7 689 1136375
7 690 3888179
7 691 1709940
7 692 3917414
7 693 1126779
7 694 1707319
7 695 1128848
7 696 4228700
7 697 3889313
7 698 4242512
7 699 1714541
7 700 3910333
7 701 1709587
7 702 4245831
7 703 3886122
7 704 4269524
7 705 1130820
7 706 3905779
7 707 1134180
7 708 4256827
7 709 1708626
7 710 4230863
7 711 1135526
7 712 1705882
7 713 1129259
7 714 3868556
7 715 1705024
7 716 3881611
7 717 1126214
7 718 1691690
7 719 1106973
7 720 2304137
7 721 4236135
7 722 2303780
7 723 7671325
7 724 4237388
7 725 7616974
7 726 2303737
7 727 4232123
7 728 2329192
7 729 5769836
7 730 4239514
7 731 5826637
7 732 2329437
7 733 7703509
7 734 2302476
7 735 5826027
7 736 7671617
7 737 5776103
7 738 4247455
7 739 7704525
7 740 4241190
7 741 5772661
7 742 7671467
7 743 5768969
7 744 2302472
7 745 4232123
7 746 2302082
7 747 7671192
7 748 4233373
7 749 7615129
7 750 2336066
7 751 4375385
7 752 2359097
7 753 2641601
7 754 4382853
7 755 2704911
7 756 2353717
7 757 7858255
7 758 2358057
7 759 2693714
7 760 7867385
7 761 2695712
7 762 4286446
7 763 7807094
7 764 4384730
7 765 2702967
7 766 7867741
7 767 2693238
7 768 2336007
7 769 4375385
7 770 2350128
7 771 5901702
7 772 4386585
7 773 5905422
7 774 2299654
7 775 4216147
7 776 2354851
7 777 2692873
7 778 4282515
7 779 2697244
7 780 2348732
7 781 5871193
7 782 2348822
7 783 2706269
7 784 5853732
7 785 2648754
7 786 4389548
7 787 5935287
7 788 4338614
7 789 2700410
7 790 5916589
7 791 2658936
7 792 2356300
7 793 7871542
7 794 2356228
7 795 5917141
7 796 7844935
7 797 5865556
7 798 2352203
7 799 7826143
7 800 2346976
7 801 2711444
7 802 7861333
7 803 2706023
7 804 2355112
7 805 5907831
7 806 2289569
7 807 2699366
7 808 5916339
7 809 2655781
7 810 7816940
7 811 5872013
7 812 7835914
7 813 2648364
7 814 5872142
7 815 2642558
7 816 4288661
7 817 7832078
7 818 4290189
7 819 5861490
7 820 7837854
7 821 5864448
7 822 4293475
7 823 7831195
7 824 4383695
7 825 2653170
7 826 7856650
7 827 2700695
7 828 4384948
7 829 5869892
7 830 4253589
7 831 2702005
7 832 5868161
7 833 2645312
7 834 7816511
7 835 5870779
7 836 7818972
7 837 2645479
7 838 5851063
7 839 2612115
7 840 2305390
7 841 4237388
7 842 2305033
7 843 7672578
7 844 4238641
7 845 7620149
7 846 2304990
7 847 4233373
7 848 2329192
7 849 5769836
7 850 4239514
7 851 5826637
7 852 2329437
7 853 7706021
7 854 2303729
7 855 5826027
7 856 7673553
7 857 5776103
7 858 4247455
7 859 7706461
7 860 4241190
7 861 5772661
7 862 7673979
7 863 5768969
7 864 2308459
7 865 4247455
7 866 2308434
7 867 7672235
7 868 4247455
7 869 7638231
7 870 2312216
7 871 4288661
7 872 2326629
7 873 2156099
7 874 4292226
7 875 2159520
7 876 2334229
7 877 7724096
7 878 2330767
7 879 2159617
7 880 7701870
7 881 2165853
7 882 4258274
7 883 7684254
7 884 4296209
7 885 2165669
7 886 7686879
7 887 2159972
7 888 2317743
7 889 4286446
7 890 2342523
7 891 5857468
7 892 4317585
7 893 5873761
7 894 2314858
7 895 4293475
7 896 2330385
7 897 2159658
7 898 4292236
7 899 2159759
7 900 2344555
7 901 5845506
7 902 2340708
7 903 2173740
7 904 5843068
7 905 2170353
7 906 4314943
7 907 5882806
7 908 4320437
7 909 2174251
7 910 5879234
7 911 2174708
7 912 2340968
7 913 7755645
7 914 2331384
7 915 5869521
7 916 7726181
7 917 5819920
7 918 2345129
7 919 7758170
7 920 2341853
7 921 2173806
7 922 7756699
7 923 2174122
7 924 2341417
7 925 5879857
7 926 2328315
7 927 2159924
7 928 5879856
7 929 2174780
7 930 7709419
7 931 5820648
7 932 7729845
7 933 2170156
7 934 5858726
7 935 2169910
7 936 4258274
7 937 7730994
7 938 4250497
7 939 5810038
7 940 7711054
7 941 5804770
7 942 4269864
7 943 7751809
7 944 4306034
7 945 2170096
7 946 7760573
7 947 2174614
7 948 4306844
7 949 5856952
7 950 4301124
7 951 2174949
7 952 5856731
7 953 2169599
7 954 7711868
7 955 5821393
7 956 7723423
7 957 2170089
7 958 5851426
7 959 2159828
7 960 2306313
7 961 4239514
7 962 2306224
7 963 7673207
7 964 4239514
7 965 7634139
7 966 2341661
7 967 4386585
7 968 2369012
7 969 2697718
7 970 4396722
7 971 2727386
7 972 2364790
7 973 7883032
7 974 2363943
7 975 2722292
7 976 7886482
7 977 2719929
7 978 4317585
7 979 7859859
7 980 4400542
7 981 2722437
7 982 7881336
7 983 2714359
7 984 2306622
7 985 4241190
7 986 2306535
7 987 7673244
7 988 4241190
7 989 7635429
7 990 2313724
7 991 4290189
7 992 2329558
7 993 2158247
7 994 4291764
7 995 2158736
7 996 2331308
7 997 7728399
7 998 2329460
7 999 2158386
7 1000 7706006
7 1001 2165583
7 1002 4250497
7 1003 7679879
7 1004 4293904
7 1005 2165581
7 1006 7688000
7 1007 2158487
7 1008 2340004
7 1009 4389548
7 1010 2367534
7 1011 2702078
7 1012 4412705
7 1013 2728229
7 1014 2336835
7 1015 4384948
7 1016 2357815
7 1017 2188170
7 1018 4384788
7 1019 2188293
7 1020 2363828
7 1021 2665852
7 1022 2361056
7 1023 2196334
7 1024 2659754
7 1025 2190148
7 1026 4407995
7 1027 2735375
7 1028 4408639
7 1029 2207326
7 1030 2725351
7 1031 2196925
7 1032 2364632
7 1033 7889408
7 1034 2370050
7 1035 2728809
7 1036 7898222
7 1037 2727626
7 1038 2366970
7 1039 7872408
7 1040 2362076
7 1041 2194498
7 1042 7880722
7 1043 2202883
7 1044 2369010
7 1045 2720359
7 1046 2359982
7 1047 2198114
7 1048 2714311
7 1049 2196409
7 1050 7864431
7 1051 2722067
7 1052 7871944
7 1053 2203161
7 1054 2717991
7 1055 2201022
7 1056 4314943
7 1057 7862709
7 1058 4406692
7 1059 2730471
7 1060 7902017
7 1061 2723697
7 1062 4306844
7 1063 7846342
7 1064 4340869
7 1065 2202511
7 1066 7848772
7 1067 2195446
7 1068 4411636
7 1069 2734596
7 1070 4396892
7 1071 2212472
7 1072 2725250
7 1073 2201333
7 1074 7875108
7 1075 2728468
7 1076 7874378
7 1077 2207742
7 1078 2718478
7 1079 2191912
7 1080 2338013
7 1081 4382853
7 1082 2354799
7 1083 5930056
7 1084 4396722
7 1085 5933040
7 1086 2312324
7 1087 4282515
7 1088 2362811
7 1089 2719390
7 1090 4307434
7 1091 2729035
7 1092 2364735
7 1093 5924612
7 1094 2361151
7 1095 2733747
7 1096 5937695
7 1097 2684357
7 1098 4412705
7 1099 5974823
7 1100 4384203
7 1101 2731794
7 1102 5957503
7 1103 2685096
7 1104 2340580
7 1105 4384730
7 1106 2355468
7 1107 5933265
7 1108 4400542
7 1109 5933184
7 1110 2336486
7 1111 4383695
7 1112 2357430
7 1113 2187866
7 1114 4393831
7 1115 2188222
7 1116 2360506
7 1117 5945534
7 1118 2357965
7 1119 2194736
7 1120 5950031
7 1121 2202637
7 1122 4406692
7 1123 5950232
7 1124 4403725
7 1125 2202399
7 1126 5952292
7 1127 2195727
7 1128 2336105
7 1129 4338614
7 1130 2369905
7 1131 2727175
7 1132 4384203
7 1133 2726282
7 1134 2305414
7 1135 4253589
7 1136 2323969
7 1137 2157901
7 1138 4255689
7 1139 2157892
7 1140 2367335
7 1141 2717514
7 1142 2359580
7 1143 2197079
7 1144 2714664
7 1145 2196409
7 1146 4381209
7 1147 2729905
7 1148 4356663
7 1149 2198665
7 1150 2717715
7 1151 2196197
7 1152 2360966
7 1153 5953472
7 1154 2364218
7 1155 2735270
7 1156 5919585
7 1157 2677833
7 1158 2369012
7 1159 5952776
7 1160 2349423
7 1161 2194536
7 1162 5961166
7 1163 2205710
7 1164 2365963
7 1165 2734236
7 1166 2352222
7 1167 2192636
7 1168 2729350
7 1169 2202638
7 1170 5907188
7 1171 2671502
7 1172 5935171
7 1173 2192669
7 1174 2687543
7 1175 2192844
7 1176 4407995
7 1177 5973703
7 1178 4381209
7 1179 2731626
7 1180 5964820
7 1181 2690161
7 1182 4411636
7 1183 5977289
7 1184 4404115
7 1185 2205491
7 1186 5982420
7 1187 2207427
7 1188 4392923
7 1189 2734637
7 1190 4360452
7 1191 2205197
7 1192 2727191
7 1193 2199463
7 1194 5949756
7 1195 2682917
7 1196 5970319
7 1197 2198970
7 1198 2698554
7 1199 2196341
7 1200 2358833
7 1201 7878765
7 1202 2360081
7 1203 5941035
7 1204 7858194
7 1205 5892136
7 1206 2355412
7 1207 7852354
7 1208 2357109
7 1209 2739554
7 1210 7897257
7 1211 2733288
7 1212 2359364
7 1213 5938739
7 1214 2314447
7 1215 2729242
7 1216 5952310
7 1217 2682085
7 1218 7836055
7 1219 5901349
7 1220 7852110
7 1221 2679824
7 1222 5909309
7 1223 2673155
7 1224 2363008
7 1225 7886125
7 1226 2361952
7 1227 5945406
7 1228 7863636
7 1229 5892108
7 1230 2365907
7 1231 7878166
7 1232 2360482
7 1233 2195225
7 1234 7893413
7 1235 2206431
7 1236 2365987
7 1237 5962065
7 1238 2363397
7 1239 2197551
7 1240 5966897
7 1241 2211854
7 1242 7868104
7 1243 5903659
7 1244 7886367
7 1245 2202509
7 1246 5943122
7 1247 2207169
7 1248 2366915
7 1249 7876469
7 1250 2363271
7 1251 2741226
7 1252 7916695
7 1253 2736278
7 1254 2357495
7 1255 7842253
7 1256 2360163
7 1257 2196856
7 1258 7855565
7 1259 2198015
7 1260 2361105
7 1261 2735610
7 1262 2349867
7 1263 2192346
7 1264 2733780
7 1265 2204833
7 1266 7914404
7 1267 2736626
7 1268 7903168
7 1269 2205780
7 1270 2731985
7 1271 2200571
7 1272 2368235
7 1273 5966497
7 1274 2351744
7 1275 2739460
7 1276 5958956
7 1277 2687049
7 1278 2362312
7 1279 5951325
7 1280 2356693
7 1281 2194046
7 1282 5961835
7 1283 2205998
7 1284 2352051
7 1285 2729329
7 1286 2301540
7 1287 2157751
7 1288 2724382
7 1289 2192016
7 1290 5949276
7 1291 2682357
7 1292 5970146
7 1293 2198915
7 1294 2698689
7 1295 2193359
7 1296 7828673
7 1297 5900057
7 1298 7842358
7 1299 2676261
7 1300 5908610
7 1301 2670389
7 1302 7833856
7 1303 5903457
7 1304 7851501
7 1305 2192660
7 1306 5942289
7 1307 2201051
7 1308 7864123
7 1309 2697722
7 1310 7847840
7 1311 2201020
7 1312 2688784
7 1313 2190730
7 1314 5925024
7 1315 2676893
7 1316 5940593
7 1317 2194563
7 1318 2691075
7 1319 2185689
7 1320 4292226
7 1321 7827133
7 1322 4291764
7 1323 5880466
7 1324 7840383
7 1325 5883264
7 1326 4292236
7 1327 7824830
7 1328 4393831
7 1329 2678522
7 1330 7877291
7 1331 2724734
7 1332 4384788
7 1333 5895219
7 1334 4255689
7 1335 2723781
7 1336 5897768
7 1337 2672311
7 1338 7826740
7 1339 5892182
7 1340 7830609
7 1341 2667578
7 1342 5879924
7 1343 2637628
7 1344 4296209
7 1345 7835261
7 1346 4293904
7 1347 5883562
7 1348 7846487
7 1349 5884164
7 1350 4306034
7 1351 7854181
7 1352 4338475
7 1353 2188868
7 1354 7872839
7 1355 2197757
7 1356 4340869
7 1357 5935112
7 1358 4347697
7 1359 2197538
7 1360 5934122
7 1361 2202641
7 1362 7859753
7 1363 5900597
7 1364 7879948
7 1365 2202448
7 1366 5940831
7 1367 2193375
7 1368 4320437
7 1369 7871272
7 1370 4403725
7 1371 2718363
7 1372 7912446
7 1373 2730526
7 1374 4301124
7 1375 7849615
7 1376 4347697
7 1377 2197600
7 1378 7872002
7 1379 2197426
7 1380 4404115
7 1381 2702899
7 1382 4393063
7 1383 2206887
7 1384 2692232
7 1385 2195466
7 1386 7912952
7 1387 2733399
7 1388 7900751
7 1389 2201790
7 1390 2728738
7 1391 2200828
7 1392 4408639
7 1393 5955706
7 1394 4356663
7 1395 2735865
7 1396 5932824
7 1397 2683375
7 1398 4396892
7 1399 5951136
7 1400 4393063
7 1401 2204831
7 1402 5964617
7 1403 2202192
7 1404 4360452
7 1405 2734957
7 1406 4287219
7 1407 2193114
7 1408 2728594
7 1409 2203497
7 1410 5922388
7 1411 2678055
7 1412 5940301
7 1413 2190732
7 1414 2688946
7 1415 2188410
7 1416 7829367
7 1417 5900744
7 1418 7840785
7 1419 2677850
7 1420 5905918
7 1421 2666232
7 1422 7832584
7 1423 5899591
7 1424 7849433
7 1425 2192715
7 1426 5941005
7 1427 2198782
7 1428 7851289
7 1429 2692904
7 1430 7831785
7 1431 2196178
7 1432 2687867
7 1433 2189282
7 1434 5908536
7 1435 2670774
7 1436 5919098
7 1437 2187366
7 1438 2677235
7 1439 2157409
7 1440 4118055
7 1441 7671325
7 1442 4117251
7 1443 9330224
7 1444 7672578
7 1445 9289018
7 1446 4118051
7 1447 7671192
7 1448 4214177
7 1449 5712245
7 1450 7673207
7 1451 5839640
7 1452 4214177
7 1453 9330770
7 1454 4118051
7 1455 5839628
7 1456 9291559
7 1457 5712545
7 1458 7672235
7 1459 9330821
7 1460 7673244
7 1461 5704404
7 1462 9291504
7 1463 5712245
7 1464 4132313
7 1465 7703509
7 1466 4131557
7 1467 9330770
7 1468 7706021
7 1469 9308940
7 1470 4178704
7 1471 7871542
7 1472 4254312
7 1473 3562156
7 1474 7878765
7 1475 3568218
7 1476 4257982
7 1477 9562216
7 1478 4259466
7 1479 3567445
7 1480 9559412
7 1481 3585801
7 1482 7755645
7 1483 9497951
7 1484 7886125
7 1485 3585102
7 1486 9553483
7 1487 3568362
7 1488 4181344
7 1489 7858255
7 1490 4280200
7 1491 5996092
7 1492 7883032
7 1493 6028711
7 1494 4161392
7 1495 7826143
7 1496 4251464
7 1497 3567252
7 1498 7852354
7 1499 3566998
7 1500 4296811
7 1501 5991182
7 1502 4277073
7 1503 3582097
7 1504 5981886
7 1505 3563766
7 1506 7889408
7 1507 6085924
7 1508 7876469
7 1509 3580214
7 1510 6072791
7 1511 3580290
7 1512 4278873
7 1513 9562216
7 1514 4265548
7 1515 6036655
7 1516 9513278
7 1517 5910828
7 1518 4288581
7 1519 9565177
7 1520 4281383
7 1521 3585172
7 1522 9583846
7 1523 3584537
7 1524 4267911
7 1525 6081940
7 1526 4222597
7 1527 3564670
7 1528 6082676
7 1529 3578711
7 1530 9502086
7 1531 5938131
7 1532 9540423
7 1533 3564842
7 1534 6038000
7 1535 3560237
7 1536 7724096
7 1537 9483933
7 1538 7728399
7 1539 5896048
7 1540 9470090
7 1541 5900619
7 1542 7758170
7 1543 9516431
7 1544 7878166
7 1545 3566961
7 1546 9573193
7 1547 3585037
7 1548 7872408
7 1549 6023081
7 1550 7842253
7 1551 3583412
7 1552 6031636
7 1553 3560991
7 1554 9502685
7 1555 5943713
7 1556 9534448
7 1557 3564852
7 1558 6032692
7 1559 3548900
7 1560 4096420
7 1561 7616974
7 1562 4095100
7 1563 9289018
7 1564 7620149
7 1565 9247896
7 1566 4094441
7 1567 7615129
7 1568 4199486
7 1569 5703249
7 1570 7634139
7 1571 5829889
7 1572 4200202
7 1573 9308940
7 1574 4090035
7 1575 5828002
7 1576 9276621
7 1577 5703754
7 1578 7638231
7 1579 9312626
7 1580 7635429
7 1581 5696728
7 1582 9276599
7 1583 5697068
7 1584 4132495
7 1585 7704525
7 1586 4131827
7 1587 9330821
7 1588 7706461
7 1589 9312626
7 1590 4154588
7 1591 7832078
7 1592 4224102
7 1593 3534807
7 1594 7827133
7 1595 3539249
7 1596 4238356
7 1597 9483933
7 1598 4227969
7 1599 3538296
7 1600 9456182
7 1601 3557668
7 1602 7730994
7 1603 9424022
7 1604 7835261
7 1605 3557308
7 1606 9449078
7 1607 3539423
7 1608 4157835
7 1609 7807094
7 1610 4270100
7 1611 5942228
7 1612 7859859
7 1613 5966606
7 1614 4154338
7 1615 7831195
7 1616 4223448
7 1617 3536523
7 1618 7824830
7 1619 3535070
7 1620 4283113
7 1621 5941114
7 1622 4273423
7 1623 3564051
7 1624 5934760
7 1625 3550901
7 1626 7862709
7 1627 6000424
7 1628 7871272
7 1629 3563923
7 1630 5997633
7 1631 3567417
7 1632 4258021
7 1633 9497951
7 1634 4225077
7 1635 5951741
7 1636 9456481
7 1637 5837173
7 1638 4280955
7 1639 9516431
7 1640 4273551
7 1641 3564518
7 1642 9512095
7 1643 3564699
7 1644 4249985
7 1645 5985690
7 1646 4225862
7 1647 3538264
7 1648 5983868
7 1649 3565659
7 1650 9444819
7 1651 5841381
7 1652 9477786
7 1653 3550311
7 1654 5961178
7 1655 3548375
7 1656 7684254
7 1657 9424022
7 1658 7679879
7 1659 5801706
7 1660 9408768
7 1661 5795313
7 1662 7751809
7 1663 9464859
7 1664 7854181
7 1665 3549386
7 1666 9506343
7 1667 3565810
7 1668 7846342
7 1669 5952729
7 1670 7849615
7 1671 3565187
7 1672 5958166
7 1673 3549062
7 1674 9445462
7 1675 5841807
7 1676 9472942
7 1677 3550329
7 1678 5954304
7 1679 3538271
7 1680 4118752
7 1681 7671617
7 1682 4118172
7 1683 9291559
7 1684 7673553
7 1685 9276621
7 1686 4166886
7 1687 7844935
7 1688 4252565
7 1689 3565230
7 1690 7858194
7 1691 3570170
7 1692 4247509
7 1693 9513278
7 1694 4255622
7 1695 3570459
7 1696 9510820
7 1697 3575727
7 1698 7726181
7 1699 9456481
7 1700 7863636
7 1701 3575576
7 1702 9510703
7 1703 3569127
7 1704 4118858
7 1705 7671467
7 1706 4118189
7 1707 9291504
7 1708 7673979
7 1709 9276599
7 1710 4164070
7 1711 7837854
7 1712 4238712
7 1713 3550862
7 1714 7840383
7 1715 3553364
7 1716 4233218
7 1717 9470090
7 1718 4239661
7 1719 3553107
7 1720 9449821
7 1721 3561033
7 1722 7711054
7 1723 9408768
7 1724 7846487
7 1725 3561064
7 1726 9447219
7 1727 3552687
7 1728 4141759
7 1729 7816940
7 1730 4239426
7 1731 3563138
7 1732 7836055
7 1733 3567346
7 1734 4141982
7 1735 7816511
7 1736 4237853
7 1737 3552870
7 1738 7826740
7 1739 3554537
7 1740 4228708
7 1741 3547145
7 1742 4228700
7 1743 3546839
7 1744 3515774
7 1745 3515774
7 1746 7828673
7 1747 3580196
7 1748 7829367
7 1749 3579033
7 1750 3533156
7 1751 3533156
7 1752 4268535
7 1753 9502086
7 1754 4284101
7 1755 3600413
7 1756 9556322
7 1757 3606020
7 1758 4271280
7 1759 9502685
7 1760 4277269
7 1761 3593777
7 1762 9547734
7 1763 3601837
7 1764 4246282
7 1765 3565702
7 1766 4245831
7 1767 3564826
7 1768 3533319
7 1769 3533319
7 1770 9462123
7 1771 3588157
7 1772 9463856
7 1773 3585393
7 1774 3552886
7 1775 3552886
7 1776 7709419
7 1777 9444819
7 1778 7868104
7 1779 3593165
7 1780 9548325
7 1781 3587854
7 1782 7711868
7 1783 9445462
7 1784 7859753
7 1785 3590332
7 1786 9537088
7 1787 3583598
7 1788 7833856
7 1789 3598453
7 1790 7832584
7 1791 3598031
7 1792 3552064
7 1793 3552064
7 1794 9469936
7 1795 3586080
7 1796 9470572
7 1797 3585295
7 1798 3535096
7 1799 3535096
7 1800 4177292
7 1801 7867385
7 1802 4284001
7 1803 6041235
7 1804 7886482
7 1805 6050187
7 1806 4181226
7 1807 7861333
7 1808 4282153
7 1809 3597377
7 1810 7897257
7 1811 3598537
7 1812 4305492
7 1813 5946321
7 1814 4303018
7 1815 3612891
7 1816 6054946
7 1817 3598162
7 1818 7898222
7 1819 6104129
7 1820 7916695
7 1821 3614827
7 1822 6095784
7 1823 3598651
7 1824 4184217
7 1825 7867741
7 1826 4282014
7 1827 6045395
7 1828 7881336
7 1829 6052742
7 1830 4165029
7 1831 7856650
7 1832 4251450
7 1833 3563560
7 1834 7877291
7 1835 3566564
7 1836 4311966
7 1837 6082469
7 1838 4299587
7 1839 3590489
7 1840 6115339
7 1841 3595998
7 1842 7902017
7 1843 6114579
7 1844 7912446
7 1845 3596369
7 1846 6135087
7 1847 3597939
7 1848 4157883
7 1849 7835914
7 1850 4256259
7 1851 3571787
7 1852 7852110
7 1853 3571445
7 1854 4151539
7 1855 7818972
7 1856 4248322
7 1857 3565755
7 1858 7830609
7 1859 3565702
7 1860 4244948
7 1861 3563622
7 1862 4242512
7 1863 3563200
7 1864 3532837
7 1865 3532837
7 1866 7842358
7 1867 3581732
7 1868 7840785
7 1869 3578673
7 1870 3533331
7 1871 3533331
7 1872 4280872
7 1873 6028861
7 1874 4300785
7 1875 3602613
7 1876 5932609
7 1877 3595903
7 1878 4292484
7 1879 6040633
7 1880 4287326
7 1881 3583650
7 1882 6069317
7 1883 3579216
7 1884 4270515
7 1885 3579634
7 1886 4256827
7 1887 3576978
7 1888 3558453
7 1889 3558453
7 1890 5888632
7 1891 3574240
7 1892 5987387
7 1893 3558237
7 1894 3544266
7 1895 3544266
7 1896 7864431
7 1897 6094745
7 1898 7914404
7 1899 3616275
7 1900 6110378
7 1901 3612824
7 1902 7875108
7 1903 6107681
7 1904 7912952
7 1905 3595506
7 1906 6165450
7 1907 3612525
7 1908 7864123
7 1909 3608688
7 1910 7851289
7 1911 3607110
7 1912 3558372
7 1913 3558372
7 1914 6040072
7 1915 3583138
7 1916 6084129
7 1917 3579116
7 1918 3562084
7 1919 3562084
7 1920 4273536
7 1921 9559412
7 1922 4273110
7 1923 6049205
7 1924 9510820
7 1925 5936013
7 1926 4294954
7 1927 9583846
7 1928 4304994
7 1929 3606433
7 1930 9635716
7 1931 3620557
7 1932 4300054
7 1933 6126321
7 1934 4280618
7 1935 3600538
7 1936 6141271
7 1937 3611338
7 1938 9556322
7 1939 5965052
7 1940 9617551
7 1941 3598578
7 1942 6105335
7 1943 3595065
7 1944 4273529
7 1945 9553483
7 1946 4268475
7 1947 6058622
7 1948 9510703
7 1949 5929299
7 1950 4293335
7 1951 9573193
7 1952 4299025
7 1953 3594068
7 1954 9610312
7 1955 3609482
7 1956 4268559
7 1957 6121372
7 1958 4285285
7 1959 3584732
7 1960 6133290
7 1961 3608101
7 1962 9548325
7 1963 5971254
7 1964 9596893
7 1965 3592680
7 1966 6094372
7 1967 3593449
7 1968 4288087
7 1969 9540423
7 1970 4313585
7 1971 3614752
7 1972 9617551
7 1973 3615935
7 1974 4282210
7 1975 9534448
7 1976 4308365
7 1977 3607235
7 1978 9596970
7 1979 3610470
7 1980 4273511
7 1981 3580155
7 1982 4269524
7 1983 3577832
7 1984 3559787
7 1985 3559787
7 1986 9537184
7 1987 3609770
7 1988 9538162
7 1989 3605703
7 1990 3559376
7 1991 3559376
7 1992 4290562
7 1993 6107548
7 1994 4283948
7 1995 3600159
7 1996 6118372
7 1997 3603625
7 1998 4293124
7 1999 6110700
7 2000 4279743
7 2001 3592247
7 2002 6155148
7 2003 3601097
7 2004 4247141
7 2005 3567432
7 2006 4230863
7 2007 3563961
7 2008 3534876
7 2009 3534876
7 2010 6061670
7 2011 3583140
7 2012 6096390
7 2013 3580129
7 2014 3560719
7 2015 3560719
7 2016 9462123
7 2017 5926692
7 2018 9537184
7 2019 3583703
7 2020 6079338
7 2021 3580379
7 2022 9469936
7 2023 5925696
7 2024 9531275
7 2025 3577947
7 2026 6086868
7 2027 3580132
7 2028 9518457
7 2029 3593777
7 2030 9515025
7 2031 3591198
7 2032 3545168
7 2033 3545168
7 2034 6060289
7 2035 3579381
7 2036 6092140
7 2037 3576564
7 2038 3543221
7 2039 3543221
7 2040 7701870
7 2041 9456182
7 2042 7706006
7 2043 5895884
7 2044 9449821
7 2045 5898908
7 2046 7756699
7 2047 9512095
7 2048 7893413
7 2049 3584592
7 2050 9610312
7 2051 3592129
7 2052 7880722
7 2053 6058114
7 2054 7855565
7 2055 3590314
7 2056 6083244
7 2057 3581464
7 2058 9547734
7 2059 5986733
7 2060 9596970
7 2061 3582330
7 2062 6089873
7 2063 3568384
7 2064 7686879
7 2065 9449078
7 2066 7688000
7 2067 5896196
7 2068 9447219
7 2069 5894697
7 2070 7760573
7 2071 9506343
7 2072 7872839
7 2073 3574869
7 2074 9589783
7 2075 3584188
7 2076 7848772
7 2077 6069833
7 2078 7872002
7 2079 3581955
7 2080 6089788
7 2081 3581017
7 2082 9537088
7 2083 5967587
7 2084 9576957
7 2085 3579537
7 2086 6097359
7 2087 3569303
7 2088 7729845
7 2089 9477786
7 2090 7886367
7 2091 3597139
7 2092 9596893
7 2093 3602077
7 2094 7723423
7 2095 9472942
7 2096 7879948
7 2097 3592240
7 2098 9576957
7 2099 3597247
7 2100 7851501
7 2101 3593582
7 2102 7849433
7 2103 3592834
7 2104 3543271
7 2105 3543271
7 2106 9531275
7 2107 3609057
7 2108 9532092
7 2109 3605355
7 2110 3560872
7 2111 3560872
7 2112 7871944
7 2113 6095024
7 2114 7903168
7 2115 3618398
7 2116 6086817
7 2117 3610188
7 2118 7874378
7 2119 6098632
7 2120 7900751
7 2121 3610725
7 2122 6141282
7 2123 3606663
7 2124 7847840
7 2125 3596844
7 2126 7831785
7 2127 3593442
7 2128 3560815
7 2129 3560815
7 2130 6045408
7 2131 3579178
7 2132 6082458
7 2133 3575529
7 2134 3544017
7 2135 3544017
7 2136 9463856
7 2137 5944859
7 2138 9538162
7 2139 3584876
7 2140 6089409
7 2141 3580474
7 2142 9470572
7 2143 5943932
7 2144 9532092
7 2145 3580457
7 2146 6102305
7 2147 3581569
7 2148 9515025
7 2149 3592417
7 2150 9510790
7 2151 3589958
7 2152 3545178
7 2153 3545178
7 2154 6064182
7 2155 3577538
7 2156 6087998
7 2157 3575423
7 2158 3534570
7 2159 3534570
7 2160 3670558
7 2161 5769836
7 2162 3670488
7 2163 5712245
7 2164 5769836
7 2165 5703249
7 2166 3755084
7 2167 5901702
7 2168 3887187
7 2169 3052641
7 2170 5930056
7 2171 3068265
7 2172 3863389
7 2173 5996092
7 2174 3876340
7 2175 3065307
7 2176 6041235
7 2177 3061242
7 2178 5857468
7 2179 5942228
7 2180 5933265
7 2181 3061111
7 2182 6045395
7 2183 3058551
7 2184 3695152
7 2185 5826027
7 2186 3695076
7 2187 5839628
7 2188 5826027
7 2189 5828002
7 2190 3764857
7 2191 5917141
7 2192 3890636
7 2193 2741431
7 2194 5941035
7 2195 2746341
7 2196 3870727
7 2197 6036655
7 2198 3892805
7 2199 2746111
7 2200 6049205
7 2201 2749672
7 2202 5869521
7 2203 5951741
7 2204 5945406
7 2205 2749448
7 2206 6058622
7 2207 2746835
7 2208 3748816
7 2209 5871193
7 2210 3891627
7 2211 3090775
7 2212 5924612
7 2213 3102791
7 2214 3765427
7 2215 5907831
7 2216 3914356
7 2217 2772447
7 2218 5938739
7 2219 2774612
7 2220 3914660
7 2221 3092781
7 2222 3917217
7 2223 2784057
7 2224 3067119
7 2225 2750375
7 2226 5953472
7 2227 3134690
7 2228 5966497
7 2229 2805637
7 2230 3086769
7 2231 2755623
7 2232 3868785
7 2233 5991182
7 2234 3923032
7 2235 3117117
7 2236 5946321
7 2237 3111138
7 2238 3896306
7 2239 6081940
7 2240 3922962
7 2241 2793675
7 2242 6126321
7 2243 2792273
7 2244 3918808
7 2245 3105476
7 2246 3904045
7 2247 2784876
7 2248 3080005
7 2249 2755352
7 2250 6028861
7 2251 3106056
7 2252 6107548
7 2253 2778889
7 2254 3077446
7 2255 2753238
7 2256 5845506
7 2257 5941114
7 2258 5945534
7 2259 3107871
7 2260 6082469
7 2261 3107502
7 2262 5879857
7 2263 5985690
7 2264 5962065
7 2265 2780825
7 2266 6121372
7 2267 2783985
7 2268 5952776
7 2269 3126270
7 2270 5951325
7 2271 2805009
7 2272 3078790
7 2273 2753361
7 2274 6040633
7 2275 3109486
7 2276 6110700
7 2277 2781214
7 2278 3077691
7 2279 2751914
7 2280 3695378
7 2281 5826637
7 2282 3695304
7 2283 5839640
7 2284 5826637
7 2285 5829889
7 2286 3758097
7 2287 5905422
7 2288 3889760
7 2289 3057597
7 2290 5933040
7 2291 3069226
7 2292 3867548
7 2293 6028711
7 2294 3875714
7 2295 3065688
7 2296 6050187
7 2297 3061715
7 2298 5873761
7 2299 5966606
7 2300 5933184
7 2301 3062173
7 2302 6052742
7 2303 3057031
7 2304 3672132
7 2305 5772661
7 2306 3672114
7 2307 5704404
7 2308 5772661
7 2309 5696728
7 2310 3738701
7 2311 5861490
7 2312 3861206
7 2313 2710637
7 2314 5880466
7 2315 2713457
7 2316 3847231
7 2317 5896048
7 2318 3864639
7 2319 2713443
7 2320 5895884
7 2321 2717162
7 2322 5810038
7 2323 5801706
7 2324 5883562
7 2325 2716612
7 2326 5896196
7 2327 2714142
7 2328 3778521
7 2329 5935287
7 2330 3924206
7 2331 3101428
7 2332 5974823
7 2333 3109486
7 2334 3749153
7 2335 5869892
7 2336 3892635
7 2337 2740535
7 2338 5895219
7 2339 2741640
7 2340 3932786
7 2341 3093114
7 2342 3922300
7 2343 2771799
7 2344 3063864
7 2345 2746267
7 2346 5973703
7 2347 3133010
7 2348 5955706
7 2349 2793681
7 2350 3080551
7 2351 2752683
7 2352 3902087
7 2353 6085924
7 2354 3941176
7 2355 3121357
7 2356 6104129
7 2357 3120829
7 2358 3894875
7 2359 6023081
7 2360 3916116
7 2361 2764636
7 2362 6058114
7 2363 2765085
7 2364 3932306
7 2365 3097360
7 2366 3920894
7 2367 2770304
7 2368 3066277
7 2369 2749993
7 2370 6094745
7 2371 3103133
7 2372 6095024
7 2373 2769948
7 2374 3076977
7 2375 2751067
7 2376 5882806
7 2377 6000424
7 2378 5950232
7 2379 3106314
7 2380 6114579
7 2381 3101755
7 2382 5856952
7 2383 5952729
7 2384 5935112
7 2385 2767182
7 2386 6069833
7 2387 2770967
7 2388 5977289
7 2389 3129264
7 2390 5951136
7 2391 2793433
7 2392 3079579
7 2393 2751150
7 2394 6107681
7 2395 3104357
7 2396 6098632
7 2397 2773544
7 2398 3077554
7 2399 2748617
7 2400 3673344
7 2401 5776103
7 2402 3673326
7 2403 5712545
7 2404 5776103
7 2405 5703754
7 2406 3742075
7 2407 5865556
7 2408 3874169
7 2409 2724316
7 2410 5892136
7 2411 2725371
7 2412 3850190
7 2413 5910828
7 2414 3870306
7 2415 2724616
7 2416 5936013
7 2417 2725261
7 2418 5819920
7 2419 5837173
7 2420 5892108
7 2421 2725570
7 2422 5929299
7 2423 2722915
7 2424 3670245
7 2425 5768969
7 2426 3670175
7 2427 5712245
7 2428 5768969
7 2429 5697068
7 2430 3740756
7 2431 5864448
7 2432 3865442
7 2433 2713358
7 2434 5883264
7 2435 2714207
7 2436 3845058
7 2437 5900619
7 2438 3864859
7 2439 2713411
7 2440 5898908
7 2441 2717498
7 2442 5804770
7 2443 5795313
7 2444 5884164
7 2445 2717530
7 2446 5894697
7 2447 2713676
7 2448 3747820
7 2449 5872013
7 2450 3896087
7 2451 2752799
7 2452 5901349
7 2453 2753295
7 2454 3747623
7 2455 5870779
7 2456 3896194
7 2457 2745488
7 2458 5892182
7 2459 2745866
7 2460 3889591
7 2461 2747916
7 2462 3889313
7 2463 2747605
7 2464 2713431
7 2465 2713431
7 2466 5900057
7 2467 2774451
7 2468 5900744
7 2469 2773176
7 2470 2718127
7 2471 2718127
7 2472 3873753
7 2473 5938131
7 2474 3908323
7 2475 2774693
7 2476 5965052
7 2477 2777639
7 2478 3876931
7 2479 5943713
7 2480 3906855
7 2481 2767789
7 2482 5986733
7 2483 2771798
7 2484 3888031
7 2485 2748010
7 2486 3886122
7 2487 2747288
7 2488 2713180
7 2489 2713180
7 2490 5926692
7 2491 2756300
7 2492 5944859
7 2493 2752461
7 2494 2721250
7 2495 2721250
7 2496 5820648
7 2497 5841381
7 2498 5903659
7 2499 2757647
7 2500 5971254
7 2501 2755326
7 2502 5821393
7 2503 5841807
7 2504 5900597
7 2505 2754942
7 2506 5967587
7 2507 2751362
7 2508 5903457
7 2509 2776693
7 2510 5899591
7 2511 2775952
7 2512 2721375
7 2513 2721375
7 2514 5925696
7 2515 2755849
7 2516 5943932
7 2517 2752266
7 2518 2718500
7 2519 2718500
7 2520 3744398
7 2521 5853732
7 2522 3918268
7 2523 3097262
7 2524 5937695
7 2525 3102732
7 2526 3773601
7 2527 5916339
7 2528 3930341
7 2529 2783244
7 2530 5952310
7 2531 2784222
7 2532 3913235
7 2533 3070590
7 2534 3934953
7 2535 2801116
7 2536 3092532
7 2537 2781471
7 2538 5919585
7 2539 3139878
7 2540 5958956
7 2541 2815954
7 2542 3111428
7 2543 2784542
7 2544 3773971
7 2545 5916589
7 2546 3921177
7 2547 3098547
7 2548 5957503
7 2549 3099938
7 2550 3747923
7 2551 5868161
7 2552 3899603
7 2553 2746816
7 2554 5897768
7 2555 2747417
7 2556 3948181
7 2557 3112238
7 2558 3919223
7 2559 2769914
7 2560 3097926
7 2561 2773140
7 2562 5964820
7 2563 3137847
7 2564 5932824
7 2565 2796820
7 2566 3111497
7 2567 2777418
7 2568 3749071
7 2569 5872142
7 2570 3906382
7 2571 2758126
7 2572 5909309
7 2573 2757932
7 2574 3739739
7 2575 5851063
7 2576 3893396
7 2577 2746070
7 2578 5879924
7 2579 2746209
7 2580 3914424
7 2581 2772576
7 2582 3910333
7 2583 2771708
7 2584 2744497
7 2585 2744497
7 2586 5908610
7 2587 2783426
7 2588 5905918
7 2589 2778354
7 2590 2747218
7 2591 2747218
7 2592 3874012
7 2593 3082583
7 2594 3909003
7 2595 2780548
7 2596 3042025
7 2597 2770923
7 2598 3909708
7 2599 3085850
7 2600 3888179
7 2601 2746670
7 2602 3084325
7 2603 2744231
7 2604 3891525
7 2605 2754561
7 2606 3868556
7 2607 2747085
7 2608 2742957
7 2609 2742957
7 2610 2999861
7 2611 2737385
7 2612 3038398
7 2613 2708689
7 2614 2710062
7 2615 2710062
7 2616 5907188
7 2617 3135790
7 2618 5949276
7 2619 2815363
7 2620 3133022
7 2621 2806479
7 2622 5949756
7 2623 3136677
7 2624 5922388
7 2625 2798766
7 2626 3141145
7 2627 2799772
7 2628 5925024
7 2629 2809293
7 2630 5908536
7 2631 2803841
7 2632 2790313
7 2633 2790313
7 2634 3068327
7 2635 2752089
7 2636 3081513
7 2637 2742694
7 2638 2743099
7 2639 2743099
7 2640 3863288
7 2641 5981886
7 2642 3914040
7 2643 3114017
7 2644 6054946
7 2645 3120926
7 2646 3897749
7 2647 6082676
7 2648 3940849
7 2649 2801928
7 2650 6141271
7 2651 2810340
7 2652 3935388
7 2653 3123304
7 2654 3923826
7 2655 2813970
7 2656 3119073
7 2657 2805354
7 2658 5932609
7 2659 3115579
7 2660 6118372
7 2661 2800577
7 2662 3119563
7 2663 2803724
7 2664 3895270
7 2665 6072791
7 2666 3918708
7 2667 3123405
7 2668 6095784
7 2669 3116026
7 2670 3895537
7 2671 6031636
7 2672 3914965
7 2673 2768548
7 2674 6083244
7 2675 2790983
7 2676 3948242
7 2677 3125370
7 2678 3939074
7 2679 2796088
7 2680 3117714
7 2681 2798357
7 2682 6110378
7 2683 3126375
7 2684 6086817
7 2685 2771726
7 2686 3116751
7 2687 2797231
7 2688 3897031
7 2689 6038000
7 2690 3937996
7 2691 2803717
7 2692 6105335
7 2693 2802142
7 2694 3889390
7 2695 6032692
7 2696 3934072
7 2697 2793485
7 2698 6089873
7 2699 2796292
7 2700 3914400
7 2701 2776119
7 2702 3905779
7 2703 2773157
7 2704 2762945
7 2705 2762945
7 2706 6079338
7 2707 2803088
7 2708 6089409
7 2709 2799066
7 2710 2763057
7 2711 2763057
7 2712 3910238
7 2713 3108119
7 2714 3926786
7 2715 2793199
7 2716 3093903
7 2717 2786185
7 2718 3928931
7 2719 3108592
7 2720 3917414
7 2721 2776564
7 2722 3111906
7 2723 2778741
7 2724 3915186
7 2725 2781606
7 2726 3881611
7 2727 2774051
7 2728 2770793
7 2729 2770793
7 2730 3049552
7 2731 2751219
7 2732 3066667
7 2733 2740998
7 2734 2741433
7 2735 2741433
7 2736 5888632
7 2737 3085231
7 2738 6061670
7 2739 2776761
7 2740 3092330
7 2741 2782043
7 2742 6040072
7 2743 3085453
7 2744 6045408
7 2745 2743902
7 2746 3094952
7 2747 2774569
7 2748 6060289
7 2749 2773434
7 2750 6064182
7 2751 2772006
7 2752 2742293
7 2753 2742293
7 2754 3052462
7 2755 2752749
7 2756 3068081
7 2757 2744381
7 2758 2744731
7 2759 2744731
7 2760 5843068
7 2761 5934760
7 2762 5950031
7 2763 3103832
7 2764 6115339
7 2765 3104694
7 2766 5879856
7 2767 5983868
7 2768 5966897
7 2769 2787904
7 2770 6133290
7 2771 2790093
7 2772 5961166
7 2773 3134373
7 2774 5961835
7 2775 2815027
7 2776 3111925
7 2777 2786140
7 2778 6069317
7 2779 3135886
7 2780 6155148
7 2781 2808843
7 2782 3113049
7 2783 2785144
7 2784 5879234
7 2785 5997633
7 2786 5952292
7 2787 3107567
7 2788 6135087
7 2789 3104099
7 2790 5856731
7 2791 5958166
7 2792 5934122
7 2793 2770421
7 2794 6089788
7 2795 2777776
7 2796 5982420
7 2797 3140336
7 2798 5964617
7 2799 2801085
7 2800 3112591
7 2801 2783995
7 2802 6165450
7 2803 3137270
7 2804 6141282
7 2805 2802228
7 2806 3117698
7 2807 2784544
7 2808 5858726
7 2809 5961178
7 2810 5943122
7 2811 2788985
7 2812 6094372
7 2813 2787669
7 2814 5851426
7 2815 5954304
7 2816 5940831
7 2817 2780963
7 2818 6097359
7 2819 2778825
7 2820 5942289
7 2821 2806674
7 2822 5941005
7 2823 2804423
7 2824 2767064
7 2825 2767064
7 2826 6086868
7 2827 2806819
7 2828 6102305
7 2829 2802048
7 2830 2771677
7 2831 2771677
7 2832 5935171
7 2833 3135871
7 2834 5970146
7 2835 2817698
7 2836 3124399
7 2837 2807536
7 2838 5970319
7 2839 3134595
7 2840 5940301
7 2841 2803153
7 2842 3138423
7 2843 2797658
7 2844 5940593
7 2845 2810114
7 2846 5919098
7 2847 2803581
7 2848 2791998
7 2849 2791998
7 2850 3064697
7 2851 2753224
7 2852 3078450
7 2853 2744676
7 2854 2745030
7 2855 2745030
7 2856 5987387
7 2857 3105822
7 2858 6096390
7 2859 2788017
7 2860 3110806
7 2861 2785254
7 2862 6084129
7 2863 3105440
7 2864 6082458
7 2865 2772373
7 2866 3113980
7 2867 2782833
7 2868 6092140
7 2869 2786788
7 2870 6087998
7 2871 2784309
7 2872 2768782
7 2873 2768782
7 2874 3068643
7 2875 2754407
7 2876 3079631
7 2877 2748787
7 2878 2749011
7 2879 2749011
7 2880 1660382
7 2881 2641601
7 2882 1712751
7 2883 3052641
7 2884 2697718
7 2885 3057597
7 2886 1681665
7 2887 2692873
7 2888 1729312
7 2889 1618302
7 2890 2719390
7 2891 1624268
7 2892 1727071
7 2893 3090775
7 2894 1723015
7 2895 1638312
7 2896 3097262
7 2897 1613860
7 2898 2702078
7 2899 3101428
7 2900 2727175
7 2901 1636219
7 2902 3098547
7 2903 1613603
7 2904 1681923
7 2905 2693714
7 2906 1719148
7 2907 3065307
7 2908 2722292
7 2909 3065688
7 2910 1692394
7 2911 2711444
7 2912 1741057
7 2913 1301315
7 2914 2739554
7 2915 1301910
7 2916 1735161
7 2917 3117117
7 2918 1738574
7 2919 1312701
7 2920 3114017
7 2921 1303442
7 2922 2728809
7 2923 3121357
7 2924 2741226
7 2925 1314248
7 2926 3123405
7 2927 1302151
7 2928 1691370
7 2929 2706269
7 2930 1737944
7 2931 1638312
7 2932 2733747
7 2933 1638318
7 2934 1685230
7 2935 2699366
7 2936 1737373
7 2937 1301701
7 2938 2729242
7 2939 1301644
7 2940 1737281
7 2941 1646493
7 2942 1737191
7 2943 1314724
7 2944 1634739
7 2945 1300518
7 2946 2735270
7 2947 1651399
7 2948 2739460
7 2949 1314481
7 2950 1639139
7 2951 1301749
7 2952 1710171
7 2953 3092781
7 2954 1732827
7 2955 1646493
7 2956 3070590
7 2957 1628946
7 2958 1732841
7 2959 3105476
7 2960 1735126
7 2961 1313204
7 2962 3123304
7 2963 1313021
7 2964 1736382
7 2965 1648493
7 2966 1723412
7 2967 1311719
7 2968 1648211
7 2969 1311051
7 2970 3082583
7 2971 1622715
7 2972 3108119
7 2973 1298988
7 2974 1622042
7 2975 1299102
7 2976 2665852
7 2977 3093114
7 2978 2717514
7 2979 1641975
7 2980 3112238
7 2981 1634963
7 2982 2720359
7 2983 3097360
7 2984 2735610
7 2985 1311254
7 2986 3125370
7 2987 1313628
7 2988 2734236
7 2989 1646405
7 2990 2729329
7 2991 1313885
7 2992 1645857
7 2993 1310156
7 2994 3085850
7 2995 1623218
7 2996 3108592
7 2997 1299150
7 2998 1621986
7 2999 1298928
7 3000 1685571
7 3001 2704911
7 3002 1722254
7 3003 3068265
7 3004 2727386
7 3005 3069226
7 3006 1683295
7 3007 2697244
7 3008 1734098
7 3009 1624268
7 3010 2729035
7 3011 1628353
7 3012 1733780
7 3013 3102791
7 3014 1722169
7 3015 1638318
7 3016 3102732
7 3017 1614089
7 3018 2728229
7 3019 3109486
7 3020 2726282
7 3021 1636897
7 3022 3099938
7 3023 1611744
7 3024 1686306
7 3025 2702967
7 3026 1721103
7 3027 3061111
7 3028 2722437
7 3029 3062173
7 3030 1668462
7 3031 2653170
7 3032 1714832
7 3033 1277753
7 3034 2678522
7 3035 1278037
7 3036 1738265
7 3037 3107871
7 3038 1734605
7 3039 1300998
7 3040 3103832
7 3041 1297081
7 3042 2730471
7 3043 3106314
7 3044 2718363
7 3045 1302686
7 3046 3107567
7 3047 1296452
7 3048 1690358
7 3049 2700410
7 3050 1738126
7 3051 1636219
7 3052 2731794
7 3053 1636897
7 3054 1689964
7 3055 2702005
7 3056 1734800
7 3057 1292961
7 3058 2723781
7 3059 1292979
7 3060 1738933
7 3061 1641975
7 3062 1737578
7 3063 1308675
7 3064 1630241
7 3065 1298765
7 3066 2731626
7 3067 1650062
7 3068 2735865
7 3069 1308977
7 3070 1635915
7 3071 1300452
7 3072 1741322
7 3073 3134690
7 3074 1739490
7 3075 1651399
7 3076 3139878
7 3077 1637391
7 3078 1740583
7 3079 3126270
7 3080 1718188
7 3081 1292379
7 3082 3134373
7 3083 1293751
7 3084 1738961
7 3085 1646405
7 3086 1737197
7 3087 1305465
7 3088 1642040
7 3089 1308403
7 3090 3135790
7 3091 1627191
7 3092 3135871
7 3093 1295669
7 3094 1632792
7 3095 1300452
7 3096 2735375
7 3097 3133010
7 3098 2729905
7 3099 1650062
7 3100 3137847
7 3101 1635472
7 3102 2734596
7 3103 3129264
7 3104 2702899
7 3105 1291901
7 3106 3140336
7 3107 1305018
7 3108 2734637
7 3109 1647707
7 3110 2734957
7 3111 1309152
7 3112 1644436
7 3113 1308297
7 3114 3136677
7 3115 1627114
7 3116 3134595
7 3117 1295820
7 3118 1632171
7 3119 1300013
7 3120 1684012
7 3121 2695712
7 3122 1720341
7 3123 3061242
7 3124 2719929
7 3125 3061715
7 3126 1691467
7 3127 2706023
7 3128 1741189
7 3129 1301915
7 3130 2733288
7 3131 1302171
7 3132 1737555
7 3133 3111138
7 3134 1734828
7 3135 1311541
7 3136 3120926
7 3137 1302193
7 3138 2727626
7 3139 3120829
7 3140 2736278
7 3141 1311943
7 3142 3116026
7 3143 1298960
7 3144 1682682
7 3145 2693238
7 3146 1715347
7 3147 3058551
7 3148 2714359
7 3149 3057031
7 3150 1689720
7 3151 2700695
7 3152 1734886
7 3153 1292994
7 3154 2724734
7 3155 1293195
7 3156 1732329
7 3157 3107502
7 3158 1735733
7 3159 1302876
7 3160 3104694
7 3161 1298180
7 3162 2723697
7 3163 3101755
7 3164 2730526
7 3165 1306760
7 3166 3104099
7 3167 1294462
7 3168 1667253
7 3169 2648364
7 3170 1718880
7 3171 1284743
7 3172 2679824
7 3173 1284648
7 3174 1666439
7 3175 2645479
7 3176 1715316
7 3177 1280275
7 3178 2667578
7 3179 1280289
7 3180 1714714
7 3181 1292724
7 3182 1714541
7 3183 1292473
7 3184 1277544
7 3185 1277544
7 3186 2676261
7 3187 1295794
7 3188 2677850
7 3189 1294507
7 3190 1278088
7 3191 1278088
7 3192 1733848
7 3193 3106056
7 3194 1738478
7 3195 1315425
7 3196 3115579
7 3197 1315857
7 3198 1737337
7 3199 3109486
7 3200 1734961
7 3201 1308387
7 3202 3135886
7 3203 1311431
7 3204 1714750
7 3205 1293336
7 3206 1708626
7 3207 1292101
7 3208 1287142
7 3209 1287142
7 3210 3085231
7 3211 1304403
7 3212 3105822
7 3213 1300687
7 3214 1292098
7 3215 1292098
7 3216 2722067
7 3217 3103133
7 3218 2736626
7 3219 1314868
7 3220 3126375
7 3221 1311516
7 3222 2728468
7 3223 3104357
7 3224 2733399
7 3225 1310629
7 3226 3137270
7 3227 1309049
7 3228 2697722
7 3229 1307358
7 3230 2692904
7 3231 1306414
7 3232 1289932
7 3233 1289932
7 3234 3085453
7 3235 1304063
7 3236 3105440
7 3237 1300428
7 3238 1289741
7 3239 1289741
7 3240 1667158
7 3241 2648754
7 3242 1717498
7 3243 1613860
7 3244 2684357
7 3245 1614089
7 3246 1671787
7 3247 2655781
7 3248 1722993
7 3249 1288965
7 3250 2682085
7 3251 1289104
7 3252 1718639
7 3253 1628946
7 3254 1719091
7 3255 1300687
7 3256 1623758
7 3257 1287103
7 3258 2677833
7 3259 1637391
7 3260 2687049
7 3261 1300677
7 3262 1621307
7 3263 1286648
7 3264 1671420
7 3265 2658936
7 3266 1715083
7 3267 1613603
7 3268 2685096
7 3269 1611744
7 3270 1666708
7 3271 2645312
7 3272 1715938
7 3273 1280262
7 3274 2672311
7 3275 1280292
7 3276 1721456
7 3277 1634963
7 3278 1717675
7 3279 1294591
7 3280 1625157
7 3281 1287605
7 3282 2690161
7 3283 1635472
7 3284 2683375
7 3285 1296140
7 3286 1624555
7 3287 1285591
7 3288 1667444
7 3289 2642558
7 3290 1718461
7 3291 1284374
7 3292 2673155
7 3293 1283868
7 3294 1656581
7 3295 2612115
7 3296 1705680
7 3297 1275888
7 3298 2637628
7 3299 1275883
7 3300 1713180
7 3301 1291230
7 3302 1709587
7 3303 1290422
7 3304 1276116
7 3305 1276116
7 3306 2670389
7 3307 1294899
7 3308 2666232
7 3309 1290498
7 3310 1276064
7 3311 1276064
7 3312 1709743
7 3313 1622715
7 3314 1714574
7 3315 1297324
7 3316 1623942
7 3317 1294305
7 3318 1714319
7 3319 1623218
7 3320 1709940
7 3321 1289720
7 3322 1634097
7 3323 1292199
7 3324 1712255
7 3325 1293084
7 3326 1705024
7 3327 1289480
7 3328 1288982
7 3329 1288982
7 3330 1602514
7 3331 1279103
7 3332 1609528
7 3333 1275440
7 3334 1275447
7 3335 1275447
7 3336 2671502
7 3337 1627191
7 3338 2682357
7 3339 1300452
7 3340 1632968
7 3341 1297717
7 3342 2682917
7 3343 1627114
7 3344 2678055
7 3345 1293441
7 3346 1636684
7 3347 1296248
7 3348 2676893
7 3349 1299276
7 3350 2670774
7 3351 1295834
7 3352 1288970
7 3353 1288970
7 3354 1603252
7 3355 1279054
7 3356 1609562
7 3357 1275419
7 3358 1275425
7 3359 1275425
7 3360 1697570
7 3361 3067119
7 3362 1722058
7 3363 1634739
7 3364 3092532
7 3365 1623758
7 3366 1722428
7 3367 3080005
7 3368 1736887
7 3369 1313128
7 3370 3119073
7 3371 1314307
7 3372 1736133
7 3373 1648211
7 3374 1726378
7 3375 1313335
7 3376 1647240
7 3377 1312916
7 3378 3042025
7 3379 1623942
7 3380 3093903
7 3381 1308331
7 3382 1628204
7 3383 1309547
7 3384 1726394
7 3385 3086769
7 3386 1723709
7 3387 1639139
7 3388 3111428
7 3389 1621307
7 3390 1726869
7 3391 3078790
7 3392 1710776
7 3393 1286624
7 3394 3111925
7 3395 1304123
7 3396 1735039
7 3397 1645857
7 3398 1734469
7 3399 1304236
7 3400 1646461
7 3401 1310358
7 3402 3133022
7 3403 1632968
7 3404 3124399
7 3405 1290068
7 3406 1635124
7 3407 1306802
7 3408 1724291
7 3409 3077446
7 3410 1734588
7 3411 1312670
7 3412 3119563
7 3413 1311911
7 3414 1722045
7 3415 3077691
7 3416 1733193
7 3417 1304069
7 3418 3113049
7 3419 1307212
7 3420 1706546
7 3421 1291293
7 3422 1705882
7 3423 1287724
7 3424 1286635
7 3425 1286635
7 3426 3092330
7 3427 1312635
7 3428 3110806
7 3429 1309081
7 3430 1288487
7 3431 1288487
7 3432 1708662
7 3433 1622042
7 3434 1713817
7 3435 1296951
7 3436 1628204
7 3437 1294829
7 3438 1711990
7 3439 1621986
7 3440 1707319
7 3441 1288045
7 3442 1633347
7 3443 1293791
7 3444 1710597
7 3445 1291565
7 3446 1691690
7 3447 1285579
7 3448 1285918
7 3449 1285918
7 3450 1612591
7 3451 1288768
7 3452 1619140
7 3453 1284984
7 3454 1284992
7 3455 1284992
7 3456 2999861
7 3457 1602514
7 3458 3049552
7 3459 1297048
7 3460 1612591
7 3461 1296014
7 3462 3068327
7 3463 1603252
7 3464 3064697
7 3465 1272333
7 3466 1612049
7 3467 1292652
7 3468 3052462
7 3469 1295588
7 3470 3068643
7 3471 1292652
7 3472 1272344
7 3473 1272344
7 3474 1583707
7 3475 1278088
7 3476 1598504
7 3477 1272347
7 3478 1272428
7 3479 1272428
7 3480 2659754
7 3481 3063864
7 3482 2714664
7 3483 1630241
7 3484 3097926
7 3485 1625157
7 3486 2714311
7 3487 3066277
7 3488 2733780
7 3489 1313471
7 3490 3117714
7 3491 1314124
7 3492 2729350
7 3493 1642040
7 3494 2724382
7 3495 1314134
7 3496 1646461
7 3497 1312676
7 3498 3084325
7 3499 1634097
7 3500 3111906
7 3501 1311087
7 3502 1633347
7 3503 1310885
7 3504 2725351
7 3505 3080551
7 3506 2717715
7 3507 1635915
7 3508 3111497
7 3509 1624555
7 3510 2725250
7 3511 3079579
7 3512 2692232
7 3513 1288206
7 3514 3112591
7 3515 1306093
7 3516 2727191
7 3517 1644436
7 3518 2728594
7 3519 1306411
7 3520 1642331
7 3521 1310276
7 3522 3141145
7 3523 1636684
7 3524 3138423
7 3525 1304001
7 3526 1643324
7 3527 1311356
7 3528 2717991
7 3529 3076977
7 3530 2731985
7 3531 1314423
7 3532 3116751
7 3533 1313624
7 3534 2718478
7 3535 3077554
7 3536 2728738
7 3537 1306429
7 3538 3117698
7 3539 1307929
7 3540 2688784
7 3541 1305926
7 3542 2687867
7 3543 1302897
7 3544 1287958
7 3545 1287958
7 3546 3094952
7 3547 1312875
7 3548 3113980
7 3549 1309260
7 3550 1299095
7 3551 1299095
7 3552 2687543
7 3553 1632792
7 3554 2698689
7 3555 1309678
7 3556 1635124
7 3557 1307019
7 3558 2698554
7 3559 1632171
7 3560 2688946
7 3561 1301321
7 3562 1643324
7 3563 1303721
7 3564 2691075
7 3565 1306421
7 3566 2677235
7 3567 1300873
7 3568 1298483
7 3569 1298483
7 3570 1612049
7 3571 1288818
7 3572 1619225
7 3573 1285019
7 3574 1285029
7 3575 1285029
7 3576 3038398
7 3577 1609528
7 3578 3066667
7 3579 1299110
7 3580 1619140
7 3581 1297164
7 3582 3081513
7 3583 1609562
7 3584 3078450
7 3585 1284055
7 3586 1619225
7 3587 1296862
7 3588 3068081
7 3589 1298442
7 3590 3079631
7 3591 1296862
7 3592 1284055
7 3593 1284055
7 3594 1598504
7 3595 1288297
7 3596 1610834
7 3597 1283990
7 3598 1284067
7 3599 1284067
7 3600 1126522
7 3601 3562156
7 3602 1129844
7 3603 2741431
7 3604 3565230
7 3605 2724316
7 3606 1130145
7 3607 3567252
7 3608 1136540
7 3609 1301315
7 3610 3597377
7 3611 1301915
7 3612 1136738
7 3613 2772447
7 3614 1130330
7 3615 1301701
7 3616 2783244
7 3617 1288965
7 3618 3563138
7 3619 2752799
7 3620 3571787
7 3621 1284743
7 3622 2758126
7 3623 1284374
7 3624 1130131
7 3625 3567445
7 3626 1130159
7 3627 2746111
7 3628 3570459
7 3629 2724616
7 3630 1136181
7 3631 3585172
7 3632 1137445
7 3633 971574
7 3634 3606433
7 3635 975099
7 3636 1139451
7 3637 2793675
7 3638 1139878
7 3639 972577
7 3640 2801928
7 3641 977645
7 3642 3600413
7 3643 2774693
7 3644 3614752
7 3645 975155
7 3646 2803717
7 3647 975237
7 3648 1135850
7 3649 3582097
7 3650 1139026
7 3651 1312701
7 3652 3612891
7 3653 1311541
7 3654 1130340
7 3655 3564670
7 3656 1139882
7 3657 972577
7 3658 3600538
7 3659 975250
7 3660 1136878
7 3661 1313204
7 3662 1136932
7 3663 972577
7 3664 1313128
7 3665 972320
7 3666 3602613
7 3667 1315425
7 3668 3600159
7 3669 977462
7 3670 1312670
7 3671 974458
7 3672 1136804
7 3673 2784057
7 3674 1138913
7 3675 1314724
7 3676 2801116
7 3677 1300687
7 3678 1139583
7 3679 2784876
7 3680 1136946
7 3681 972577
7 3682 2813970
7 3683 977462
7 3684 1137420
7 3685 1311719
7 3686 1128640
7 3687 971574
7 3688 1313335
7 3689 972077
7 3690 2780548
7 3691 1297324
7 3692 2793199
7 3693 971612
7 3694 1296951
7 3695 971065
7 3696 3547145
7 3697 2747916
7 3698 3563622
7 3699 1292724
7 3700 2772576
7 3701 1291230
7 3702 3565702
7 3703 2748010
7 3704 3580155
7 3705 968428
7 3706 2776119
7 3707 971741
7 3708 3579634
7 3709 1293336
7 3710 3567432
7 3711 971922
7 3712 1291293
7 3713 968565
7 3714 2754561
7 3715 1293084
7 3716 2781606
7 3717 968575
7 3718 1291565
7 3719 967937
7 3720 1130077
7 3721 3568218
7 3722 1130554
7 3723 2746341
7 3724 3570170
7 3725 2725371
7 3726 1130223
7 3727 3566998
7 3728 1136947
7 3729 1301910
7 3730 3598537
7 3731 1302171
7 3732 1136951
7 3733 2774612
7 3734 1130279
7 3735 1301644
7 3736 2784222
7 3737 1289104
7 3738 3567346
7 3739 2753295
7 3740 3571445
7 3741 1284648
7 3742 2757932
7 3743 1283868
7 3744 1133130
7 3745 3585102
7 3746 1133424
7 3747 2749448
7 3748 3575576
7 3749 2725570
7 3750 1133542
7 3751 3566961
7 3752 1131255
7 3753 965058
7 3754 3584592
7 3755 971078
7 3756 1142205
7 3757 2780825
7 3758 1137453
7 3759 968716
7 3760 2787904
7 3761 974491
7 3762 3593165
7 3763 2757647
7 3764 3597139
7 3765 971747
7 3766 2788985
7 3767 972375
7 3768 1135824
7 3769 3580214
7 3770 1141915
7 3771 1314248
7 3772 3614827
7 3773 1311943
7 3774 1136525
7 3775 3583412
7 3776 1137152
7 3777 968552
7 3778 3590314
7 3779 971705
7 3780 1140027
7 3781 1311254
7 3782 1139636
7 3783 971568
7 3784 1313471
7 3785 974706
7 3786 3616275
7 3787 1314868
7 3788 3618398
7 3789 976779
7 3790 1314423
7 3791 976807
7 3792 1142603
7 3793 2805637
7 3794 1139093
7 3795 1314481
7 3796 2815954
7 3797 1300677
7 3798 1145227
7 3799 2805009
7 3800 1140135
7 3801 971429
7 3802 2815027
7 3803 977090
7 3804 1142468
7 3805 1313885
7 3806 1136961
7 3807 968652
7 3808 1314134
7 3809 974734
7 3810 2815363
7 3811 1300452
7 3812 2817698
7 3813 974538
7 3814 1309678
7 3815 974265
7 3816 3580196
7 3817 2774451
7 3818 3581732
7 3819 1295794
7 3820 2783426
7 3821 1294899
7 3822 3598453
7 3823 2776693
7 3824 3593582
7 3825 968064
7 3826 2806674
7 3827 971695
7 3828 3608688
7 3829 1307358
7 3830 3596844
7 3831 971915
7 3832 1305926
7 3833 971387
7 3834 2809293
7 3835 1299276
7 3836 2810114
7 3837 971684
7 3838 1306421
7 3839 971177
7 3840 1133260
7 3841 3585801
7 3842 1133398
7 3843 2749672
7 3844 3575727
7 3845 2725261
7 3846 1135770
7 3847 3584537
7 3848 1142025
7 3849 975099
7 3850 3620557
7 3851 977960
7 3852 1142120
7 3853 2792273
7 3854 1139632
7 3855 975250
7 3856 2810340
7 3857 977819
7 3858 3606020
7 3859 2777639
7 3860 3615935
7 3861 975321
7 3862 2802142
7 3863 974933
7 3864 1130043
7 3865 3568362
7 3866 1129886
7 3867 2746835
7 3868 3569127
7 3869 2722915
7 3870 1136024
7 3871 3585037
7 3872 1137188
7 3873 968721
7 3874 3592129
7 3875 972009
7 3876 1139470
7 3877 2783985
7 3878 1137232
7 3879 968767
7 3880 2790093
7 3881 974788
7 3882 3587854
7 3883 2755326
7 3884 3602077
7 3885 972031
7 3886 2787669
7 3887 971861
7 3888 1133130
7 3889 3564842
7 3890 1139445
7 3891 975155
7 3892 3598578
7 3893 975321
7 3894 1133170
7 3895 3564852
7 3896 1139152
7 3897 971263
7 3898 3582330
7 3899 971960
7 3900 1130751
7 3901 968428
7 3902 1130820
7 3903 965607
7 3904 965327
7 3905 965327
7 3906 3583703
7 3907 975500
7 3908 3584876
7 3909 974924
7 3910 970505
7 3911 970505
7 3912 1139159
7 3913 2778889
7 3914 1141423
7 3915 977462
7 3916 2800577
7 3917 978155
7 3918 1141780
7 3919 2781214
7 3920 1137151
7 3921 971084
7 3922 2808843
7 3923 976922
7 3924 1136812
7 3925 971922
7 3926 1135526
7 3927 970880
7 3928 968298
7 3929 968298
7 3930 2776761
7 3931 977147
7 3932 2788017
7 3933 976224
7 3934 973222
7 3935 973222
7 3936 3588157
7 3937 2756300
7 3938 3609770
7 3939 975500
7 3940 2803088
7 3941 974784
7 3942 3586080
7 3943 2755849
7 3944 3609057
7 3945 974209
7 3946 2806819
7 3947 974312
7 3948 3593777
7 3949 976715
7 3950 3592417
7 3951 976529
7 3952 967928
7 3953 967928
7 3954 2773434
7 3955 976932
7 3956 2786788
7 3957 975883
7 3958 970582
7 3959 970582
7 3960 1133334
7 3961 3563766
7 3962 1140050
7 3963 1303442
7 3964 3598162
7 3965 1302193
7 3966 1135790
7 3967 3578711
7 3968 1144724
7 3969 977645
7 3970 3611338
7 3971 977819
7 3972 1139397
7 3973 1313021
7 3974 1139705
7 3975 977462
7 3976 1314307
7 3977 975243
7 3978 3595903
7 3979 1315857
7 3980 3603625
7 3981 978155
7 3982 1311911
7 3983 974758
7 3984 1135774
7 3985 3580290
7 3986 1135698
7 3987 1302151
7 3988 3598651
7 3989 1298960
7 3990 1132892
7 3991 3560991
7 3992 1139314
7 3993 971099
7 3994 3581464
7 3995 971735
7 3996 1138142
7 3997 1313628
7 3998 1135067
7 3999 971080
7 4000 1314124
7 4001 976805
7 4002 3612824
7 4003 1311516
7 4004 3610188
7 4005 977016
7 4006 1313624
7 4007 974101
7 4008 1133110
7 4009 3560237
7 4010 1141923
7 4011 975237
7 4012 3595065
7 4013 974933
7 4014 1126020
7 4015 3548900
7 4016 1132980
7 4017 968476
7 4018 3568384
7 4019 968592
7 4020 1136265
7 4021 971741
7 4022 1134180
7 4023 970648
7 4024 968144
7 4025 968144
7 4026 3580379
7 4027 974784
7 4028 3580474
7 4029 971876
7 4030 968435
7 4031 968435
7 4032 1130790
7 4033 1298988
7 4034 1133806
7 4035 971612
7 4036 1308331
7 4037 969527
7 4038 1133785
7 4039 1299150
7 4040 1126779
7 4041 965299
7 4042 1311087
7 4043 971051
7 4044 1130508
7 4045 968575
7 4046 1126214
7 4047 965218
7 4048 965288
7 4049 965288
7 4050 1297048
7 4051 965402
7 4052 1299110
7 4053 964713
7 4054 964721
7 4055 964721
7 4056 3574240
7 4057 1304403
7 4058 3583140
7 4059 977147
7 4060 1312635
7 4061 974074
7 4062 3583138
7 4063 1304063
7 4064 3579178
7 4065 973733
7 4066 1312875
7 4067 973762
7 4068 3579381
7 4069 976932
7 4070 3577538
7 4071 974081
7 4072 970415
7 4073 970415
7 4074 1295588
7 4075 965370
7 4076 1298442
7 4077 964546
7 4078 964556
7 4079 964556
7 4080 1130128
7 4081 2750375
7 4082 1133975
7 4083 1300518
7 4084 2781471
7 4085 1287103
7 4086 1133771
7 4087 2755352
7 4088 1137468
7 4089 972320
7 4090 2805354
7 4091 975243
7 4092 1136541
7 4093 1311051
7 4094 1132304
7 4095 972077
7 4096 1312916
7 4097 971932
7 4098 2770923
7 4099 1294305
7 4100 2786185
7 4101 969527
7 4102 1294829
7 4103 969089
7 4104 1133974
7 4105 2755623
7 4106 1134015
7 4107 1301749
7 4108 2784542
7 4109 1286648
7 4110 1136482
7 4111 2753361
7 4112 1131545
7 4113 965533
7 4114 2786140
7 4115 972032
7 4116 1135316
7 4117 1310156
7 4118 1136375
7 4119 968540
7 4120 1312676
7 4121 974241
7 4122 2806479
7 4123 1297717
7 4124 2807536
7 4125 971272
7 4126 1307019
7 4127 972182
7 4128 1136448
7 4129 2753238
7 4130 1135844
7 4131 974458
7 4132 2803724
7 4133 974758
7 4134 1132433
7 4135 2751914
7 4136 1135443
7 4137 968686
7 4138 2785144
7 4139 971920
7 4140 1129909
7 4141 968565
7 4142 1129259
7 4143 965218
7 4144 965434
7 4145 965434
7 4146 2782043
7 4147 974074
7 4148 2785254
7 4149 973769
7 4150 970264
7 4151 970264
7 4152 1130636
7 4153 1299102
7 4154 1131729
7 4155 971065
7 4156 1309547
7 4157 969089
7 4158 1132964
7 4159 1298928
7 4160 1128848
7 4161 965137
7 4162 1310885
7 4163 970831
7 4164 1127848
7 4165 967937
7 4166 1106973
7 4167 962024
7 4168 962361
7 4169 962361
7 4170 1296014
7 4171 962804
7 4172 1297164
7 4173 962329
7 4174 962334
7 4175 962334
7 4176 2737385
7 4177 1279103
7 4178 2751219
7 4179 965402
7 4180 1288768
7 4181 962804
7 4182 2752089
7 4183 1279054
7 4184 2753224
7 4185 961755
7 4186 1288818
7 4187 965333
7 4188 2752749
7 4189 965370
7 4190 2754407
7 4191 965333
7 4192 961755
7 4193 961755
7 4194 1278088
7 4195 964470
7 4196 1288297
7 4197 961690
7 4198 961767
7 4199 961767
7 4200 3515774
7 4201 2713431
7 4202 3532837
7 4203 1277544
7 4204 2744497
7 4205 1276116
7 4206 3533319
7 4207 2713180
7 4208 3559787
7 4209 965327
7 4210 2762945
7 4211 968144
7 4212 3558453
7 4213 1287142
7 4214 3534876
7 4215 968298
7 4216 1286635
7 4217 965434
7 4218 2742957
7 4219 1288982
7 4220 2770793
7 4221 965288
7 4222 1285918
7 4223 962361
7 4224 3533156
7 4225 2718127
7 4226 3533331
7 4227 1278088
7 4228 2747218
7 4229 1276064
7 4230 3552064
7 4231 2721375
7 4232 3543271
7 4233 958714
7 4234 2767064
7 4235 965148
7 4236 3558372
7 4237 1289932
7 4238 3560815
7 4239 964899
7 4240 1287958
7 4241 967620
7 4242 2790313
7 4243 1288970
7 4244 2791998
7 4245 967613
7 4246 1298483
7 4247 965472
7 4248 3552886
7 4249 2721250
7 4250 3559376
7 4251 970505
7 4252 2763057
7 4253 968435
7 4254 3535096
7 4255 2718500
7 4256 3560872
7 4257 965148
7 4258 2771677
7 4259 965291
7 4260 3545168
7 4261 967928
7 4262 3545178
7 4263 967620
7 4264 958710
7 4265 958710
7 4266 2742293
7 4267 970415
7 4268 2768782
7 4269 967298
7 4270 964655
7 4271 964655
7 4272 3544266
7 4273 1292098
7 4274 3560719
7 4275 973222
7 4276 1288487
7 4277 970264
7 4278 3562084
7 4279 1289741
7 4280 3544017
7 4281 967613
7 4282 1299095
7 4283 967298
7 4284 3543221
7 4285 970582
7 4286 3534570
7 4287 965472
7 4288 964655
7 4289 964655
7 4290 1272344
7 4291 961755
7 4292 1284055
7 4293 958642
7 4294 958724
7 4295 958724
7 4296 2710062
7 4297 1275447
7 4298 2741433
7 4299 964721
7 4300 1284992
7 4301 962334
7 4302 2743099
7 4303 1275425
7 4304 2745030
7 4305 958714
7 4306 1285029
7 4307 964384
7 4308 2744731
7 4309 964556
7 4310 2749011
7 4311 964384
7 4312 958724
7 4313 958724
7 4314 1272428
7 4315 961767
7 4316 1284067
7 4317 958728
7 4318 958809
7 4319 958809
7 4320 2156099
7 4321 3534807
7 4322 2158247
7 4323 2710637
7 4324 3550862
7 4325 2713358
7 4326 2159658
7 4327 3536523
7 4328 2187866
7 4329 1277753
7 4330 3563560
7 4331 1292994
7 4332 2188170
7 4333 2740535
7 4334 2157901
7 4335 1292961
7 4336 2746816
7 4337 1280262
7 4338 3552870
7 4339 2745488
7 4340 3565755
7 4341 1280275
7 4342 2746070
7 4343 1275888
7 4344 2159617
7 4345 3538296
7 4346 2158386
7 4347 2713443
7 4348 3553107
7 4349 2713411
7 4350 2173806
7 4351 3564518
7 4352 2195225
7 4353 965058
7 4354 3594068
7 4355 968721
7 4356 2194498
7 4357 2764636
7 4358 2196856
7 4359 968552
7 4360 2768548
7 4361 971099
7 4362 3593777
7 4363 2767789
7 4364 3607235
7 4365 971263
7 4366 2793485
7 4367 968476
7 4368 2173740
7 4369 3564051
7 4370 2194736
7 4371 1300998
7 4372 3590489
7 4373 1302876
7 4374 2159924
7 4375 3538264
7 4376 2197551
7 4377 968716
7 4378 3584732
7 4379 968767
7 4380 2194536
7 4381 1292379
7 4382 2194046
7 4383 971429
7 4384 1286624
7 4385 965533
7 4386 3583650
7 4387 1308387
7 4388 3592247
7 4389 971084
7 4390 1304069
7 4391 968686
7 4392 2196334
7 4393 2771799
7 4394 2197079
7 4395 1308675
7 4396 2769914
7 4397 1294591
7 4398 2198114
7 4399 2770304
7 4400 2192346
7 4401 971568
7 4402 2796088
7 4403 971080
7 4404 2192636
7 4405 1305465
7 4406 2157751
7 4407 968652
7 4408 1304236
7 4409 968540
7 4410 2746670
7 4411 1289720
7 4412 2776564
7 4413 965299
7 4414 1288045
7 4415 965137
7 4416 3546839
7 4417 2747605
7 4418 3563200
7 4419 1292473
7 4420 2771708
7 4421 1290422
7 4422 3564826
7 4423 2747288
7 4424 3577832
7 4425 965607
7 4426 2773157
7 4427 970648
7 4428 3576978
7 4429 1292101
7 4430 3563961
7 4431 970880
7 4432 1287724
7 4433 965218
7 4434 2747085
7 4435 1289480
7 4436 2774051
7 4437 965218
7 4438 1285579
7 4439 962024
7 4440 2159520
7 4441 3539249
7 4442 2158736
7 4443 2713457
7 4444 3553364
7 4445 2714207
7 4446 2159759
7 4447 3535070
7 4448 2188222
7 4449 1278037
7 4450 3566564
7 4451 1293195
7 4452 2188293
7 4453 2741640
7 4454 2157892
7 4455 1292979
7 4456 2747417
7 4457 1280292
7 4458 3554537
7 4459 2745866
7 4460 3565702
7 4461 1280289
7 4462 2746209
7 4463 1275883
7 4464 2165669
7 4465 3557308
7 4466 2165581
7 4467 2716612
7 4468 3561064
7 4469 2717530
7 4470 2170096
7 4471 3549386
7 4472 2188868
7 4473 958718
7 4474 3574869
7 4475 964881
7 4476 2202511
7 4477 2767182
7 4478 2197600
7 4479 965095
7 4480 2770421
7 4481 968260
7 4482 3590332
7 4483 2754942
7 4484 3592240
7 4485 968260
7 4486 2780963
7 4487 965681
7 4488 2174251
7 4489 3563923
7 4490 2202399
7 4491 1302686
7 4492 3596369
7 4493 1306760
7 4494 2174949
7 4495 3565187
7 4496 2197538
7 4497 965095
7 4498 3581955
7 4499 965258
7 4500 2205491
7 4501 1291901
7 4502 2204831
7 4503 970815
7 4504 1288206
7 4505 967944
7 4506 3595506
7 4507 1310629
7 4508 3610725
7 4509 970719
7 4510 1306429
7 4511 971067
7 4512 2207326
7 4513 2793681
7 4514 2198665
7 4515 1308977
7 4516 2796820
7 4517 1296140
7 4518 2212472
7 4519 2793433
7 4520 2206887
7 4521 970815
7 4522 2801085
7 4523 970719
7 4524 2205197
7 4525 1309152
7 4526 2193114
7 4527 965904
7 4528 1306411
7 4529 971212
7 4530 2798766
7 4531 1293441
7 4532 2803153
7 4533 968419
7 4534 1301321
7 4535 968380
7 4536 3579033
7 4537 2773176
7 4538 3578673
7 4539 1294507
7 4540 2778354
7 4541 1290498
7 4542 3598031
7 4543 2775952
7 4544 3592834
7 4545 967944
7 4546 2804423
7 4547 971067
7 4548 3607110
7 4549 1306414
7 4550 3593442
7 4551 971212
7 4552 1302897
7 4553 968229
7 4554 2803841
7 4555 1295834
7 4556 2803581
7 4557 968380
7 4558 1300873
7 4559 965239
7 4560 2165853
7 4561 3557668
7 4562 2165583
7 4563 2717162
7 4564 3561033
7 4565 2717498
7 4566 2174122
7 4567 3564699
7 4568 2206431
7 4569 971078
7 4570 3609482
7 4571 972009
7 4572 2202883
7 4573 2765085
7 4574 2198015
7 4575 971705
7 4576 2790983
7 4577 971735
7 4578 3601837
7 4579 2771798
7 4580 3610470
7 4581 971960
7 4582 2796292
7 4583 968592
7 4584 2159972
7 4585 3539423
7 4586 2158487
7 4587 2714142
7 4588 3552687
7 4589 2713676
7 4590 2174614
7 4591 3565810
7 4592 2197757
7 4593 964881
7 4594 3584188
7 4595 965959
7 4596 2195446
7 4597 2770967
7 4598 2197426
7 4599 965258
7 4600 2777776
7 4601 968747
7 4602 3583598
7 4603 2751362
7 4604 3597247
7 4605 968747
7 4606 2778825
7 4607 965679
7 4608 2170156
7 4609 3550311
7 4610 2202509
7 4611 971747
7 4612 3592680
7 4613 972031
7 4614 2170089
7 4615 3550329
7 4616 2202448
7 4617 968260
7 4618 3579537
7 4619 968747
7 4620 2192660
7 4621 968064
7 4622 2192715
7 4623 967944
7 4624 958714
7 4625 958714
7 4626 3577947
7 4627 974209
7 4628 3580457
7 4629 973423
7 4630 965148
7 4631 965148
7 4632 2203161
7 4633 2769948
7 4634 2205780
7 4635 976779
7 4636 2771726
7 4637 977016
7 4638 2207742
7 4639 2773544
7 4640 2201790
7 4641 970719
7 4642 2802228
7 4643 973564
7 4644 2201020
7 4645 971915
7 4646 2196178
7 4647 971212
7 4648 964899
7 4649 964899
7 4650 2743902
7 4651 973733
7 4652 2772373
7 4653 970378
7 4654 967613
7 4655 967613
7 4656 3585393
7 4657 2752461
7 4658 3605703
7 4659 974924
7 4660 2799066
7 4661 971876
7 4662 3585295
7 4663 2752266
7 4664 3605355
7 4665 973423
7 4666 2802048
7 4667 971342
7 4668 3591198
7 4669 976529
7 4670 3589958
7 4671 976127
7 4672 967620
7 4673 967620
7 4674 2772006
7 4675 974081
7 4676 2784309
7 4677 973183
7 4678 965472
7 4679 965472
7 4680 2170353
7 4681 3550901
7 4682 2202637
7 4683 1297081
7 4684 3595998
7 4685 1298180
7 4686 2174780
7 4687 3565659
7 4688 2211854
7 4689 974491
7 4690 3608101
7 4691 974788
7 4692 2205710
7 4693 1293751
7 4694 2205998
7 4695 977090
7 4696 1304123
7 4697 972032
7 4698 3579216
7 4699 1311431
7 4700 3601097
7 4701 976922
7 4702 1307212
7 4703 971920
7 4704 2174708
7 4705 3567417
7 4706 2195727
7 4707 1296452
7 4708 3597939
7 4709 1294462
7 4710 2169599
7 4711 3549062
7 4712 2202641
7 4713 968260
7 4714 3581017
7 4715 968747
7 4716 2207427
7 4717 1305018
7 4718 2202192
7 4719 970719
7 4720 1306093
7 4721 973423
7 4722 3612525
7 4723 1309049
7 4724 3606663
7 4725 973564
7 4726 1307929
7 4727 971342
7 4728 2169910
7 4729 3548375
7 4730 2207169
7 4731 972375
7 4732 3593449
7 4733 971861
7 4734 2159828
7 4735 3538271
7 4736 2193375
7 4737 965681
7 4738 3569303
7 4739 965679
7 4740 2201051
7 4741 971695
7 4742 2198782
7 4743 971067
7 4744 965148
7 4745 965148
7 4746 3580132
7 4747 974312
7 4748 3581569
7 4749 971342
7 4750 965291
7 4751 965291
7 4752 2192669
7 4753 1295669
7 4754 2198915
7 4755 974538
7 4756 1290068
7 4757 971272
7 4758 2198970
7 4759 1295820
7 4760 2190732
7 4761 968419
7 4762 1304001
7 4763 970378
7 4764 2194563
7 4765 971684
7 4766 2187366
7 4767 968380
7 4768 967613
7 4769 967613
7 4770 1272333
7 4771 961755
7 4772 1284055
7 4773 958632
7 4774 958714
7 4775 958714
7 4776 3558237
7 4777 1300687
7 4778 3580129
7 4779 976224
7 4780 1309081
7 4781 973769
7 4782 3579116
7 4783 1300428
7 4784 3575529
7 4785 970378
7 4786 1309260
7 4787 973033
7 4788 3576564
7 4789 975883
7 4790 3575423
7 4791 973183
7 4792 967298
7 4793 967298
7 4794 1292652
7 4795 965333
7 4796 1296862
7 4797 964372
7 4798 964384
7 4799 964384
7 4800 2190148
7 4801 2746267
7 4802 2196409
7 4803 1298765
7 4804 2773140
7 4805 1287605
7 4806 2196409
7 4807 2749993
7 4808 2204833
7 4809 974706
7 4810 2798357
7 4811 976805
7 4812 2202638
7 4813 1308403
7 4814 2192016
7 4815 974734
7 4816 1310358
7 4817 974241
7 4818 2744231
7 4819 1292199
7 4820 2778741
7 4821 971051
7 4822 1293791
7 4823 970831
7 4824 2196925
7 4825 2752683
7 4826 2196197
7 4827 1300452
7 4828 2777418
7 4829 1285591
7 4830 2201333
7 4831 2751150
7 4832 2195466
7 4833 967944
7 4834 2783995
7 4835 973423
7 4836 2199463
7 4837 1308297
7 4838 2203497
7 4839 971212
7 4840 1310276
7 4841 976127
7 4842 2799772
7 4843 1296248
7 4844 2797658
7 4845 970378
7 4846 1303721
7 4847 973183
7 4848 2201022
7 4849 2751067
7 4850 2200571
7 4851 976807
7 4852 2797231
7 4853 974101
7 4854 2191912
7 4855 2748617
7 4856 2200828
7 4857 971067
7 4858 2784544
7 4859 971342
7 4860 2190730
7 4861 971387
7 4862 2189282
7 4863 968229
7 4864 967620
7 4865 967620
7 4866 2774569
7 4867 973762
7 4868 2782833
7 4869 973033
7 4870 967298
7 4871 967298
7 4872 2192844
7 4873 1300452
7 4874 2193359
7 4875 974265
7 4876 1306802
7 4877 972182
7 4878 2196341
7 4879 1300013
7 4880 2188410
7 4881 968380
7 4882 1311356
7 4883 973183
7 4884 2185689
7 4885 971177
7 4886 2157409
7 4887 965239
7 4888 965472
7 4889 965472
7 4890 1292652
7 4891 965333
7 4892 1296862
7 4893 964372
7 4894 964384
7 4895 964384
7 4896 2708689
7 4897 1275440
7 4898 2740998
7 4899 964713
7 4900 1284984
7 4901 962329
7 4902 2742694
7 4903 1275419
7 4904 2744676
7 4905 958632
7 4906 1285019
7 4907 964372
7 4908 2744381
7 4909 964546
7 4910 2748787
7 4911 964372
7 4912 958642
7 4913 958642
7 4914 1272347
7 4915 961690
7 4916 1283990
7 4917 958647
7 4918 958728
7 4919 958728
7 4920 3515774
7 4921 2713431
7 4922 3532837
7 4923 1277544
7 4924 2744497
7 4925 1276116
7 4926 3533319
7 4927 2713180
7 4928 3559787
7 4929 965327
7 4930 2762945
7 4931 968144
7 4932 3558453
7 4933 1287142
7 4934 3534876
7 4935 968298
7 4936 1286635
7 4937 965434
7 4938 2742957
7 4939 1288982
7 4940 2770793
7 4941 965288
7 4942 1285918
7 4943 962361
7 4944 3533156
7 4945 2718127
7 4946 3533331
7 4947 1278088
7 4948 2747218
7 4949 1276064
7 4950 3552064
7 4951 2721375
7 4952 3543271
7 4953 958714
7 4954 2767064
7 4955 965148
7 4956 3558372
7 4957 1289932
7 4958 3560815
7 4959 964899
7 4960 1287958
7 4961 967620
7 4962 2790313
7 4963 1288970
7 4964 2791998
7 4965 967613
7 4966 1298483
7 4967 965472
7 4968 3552886
7 4969 2721250
7 4970 3559376
7 4971 970505
7 4972 2763057
7 4973 968435
7 4974 3535096
7 4975 2718500
7 4976 3560872
7 4977 965148
7 4978 2771677
7 4979 965291
7 4980 3545168
7 4981 967928
7 4982 3545178
7 4983 967620
7 4984 958710
7 4985 958710
7 4986 2742293
7 4987 970415
7 4988 2768782
7 4989 967298
7 4990 964655
7 4991 964655
7 4992 3544266
7 4993 1292098
7 4994 3560719
7 4995 973222
7 4996 1288487
7 4997 970264
7 4998 3562084
7 4999 1289741
7 5000 3544017
7 5001 967613
7 5002 1299095
7 5003 967298
7 5004 3543221
7 5005 970582
7 5006 3534570
7 5007 965472
7 5008 964655
7 5009 964655
7 5010 1272344
7 5011 961755
7 5012 1284055
7 5013 958642
7 5014 958724
7 5015 958724
7 5016 2710062
7 5017 1275447
7 5018 2741433
7 5019 964721
7 5020 1284992
7 5021 962334
7 5022 2743099
7 5023 1275425
7 5024 2745030
7 5025 958714
7 5026 1285029
7 5027 964384
7 5028 2744731
7 5029 964556
7 5030 2749011
7 5031 964384
7 5032 958724
7 5033 958724
7 5034 1272428
7 5035 961767
7 5036 1284067
7 5037 958728
7 5038 958809
7 5039 958809
