3 0 39916800
3 1 39916800
3 2 39916735
3 3 39874810
3 4 39907076
3 5 39874810
4 0 39916735
4 1 39907076
4 2 39916735
4 3 39874810
4 4 39907076
4 5 39874810
4 6 39506624
4 7 38703786
4 8 39525188
4 9 36153510
4 10 39006924
4 11 36441710
4 12 39525188
4 13 37211250
4 14 39506624
4 15 36441710
4 16 37045185
4 17 36153510
4 18 38703786
4 19 37211250
4 20 39006924
4 21 36092688
4 22 37045185
4 23 36153510
5 0 39506624
5 1 38703786
5 2 39494008
5 3 37211250
5 4 39006924
5 5 37045185
5 6 39506624
5 7 38703786
5 8 39525188
5 9 36153510
5 10 39006924
5 11 36441710
5 12 39525188
5 13 37211250
5 14 39506624
5 15 36441710
5 16 37045185
5 17 36153510
5 18 38703786
5 19 37211250
5 20 39006924
5 21 36092688
5 22 37045185
5 23 36153510
5 24 30559590
5 25 30123808
5 26 30501466
5 27 23987210
5 28 30883460
5 29 23857594
5 30 30935931
5 31 30282898
5 32 30778704
5 33 20598112
5 34 31299718
5 35 20884054
5 36 30999177
5 37 24507709
5 38 31030922
5 39 20844529
5 40 24407893
5 41 21058080
5 42 31643872
5 43 24440788
5 44 31733368
5 45 21055493
5 46 24744496
5 47 20922336
5 48 30935931
5 49 30282898
5 50 31046096
5 51 21244523
5 52 31254192
5 53 21101676
5 54 30559590
5 55 30123808
5 56 31076283
5 57 20884054
5 58 31379492
5 59 20901218
5 60 30807946
5 61 21101676
5 62 30808746
5 63 21058080
5 64 20598112
5 65 20598112
5 66 30895656
5 67 21284288
5 68 31380618
5 69 21016266
5 70 20863742
5 71 20863742
5 72 30842228
5 73 24589444
5 74 31077171
5 75 21438666
5 76 24424934
5 77 21244523
5 78 31133604
5 79 24470856
5 80 30740712
5 81 21055493
5 82 24793780
5 83 21016266
5 84 30732647
5 85 21244523
5 86 30559590
5 87 20922336
5 88 20863742
5 89 20863742
5 90 23857594
5 91 20863742
5 92 24327956
5 93 20572392
5 94 20598112
5 95 20598112
5 96 30123808
5 97 24056661
5 98 30752068
5 99 21055493
5 100 24372882
5 101 20922336
5 102 30819976
5 103 24063641
5 104 30920294
5 105 20558210
5 106 24363322
5 107 20971656
5 108 30906498
5 109 21016266
5 110 31092618
5 111 20971656
5 112 20572392
5 113 20572392
5 114 23857594
5 115 20863742
5 116 24327956
5 117 20572392
5 118 20598112
5 119 20598112
6 0 30559590
6 1 30123808
6 2 30501466
6 3 23987210
6 4 30883460
6 5 23857594
6 6 30505164
6 7 30107290
6 8 31010030
6 9 20922336
6 10 31240678
6 11 21058080
6 12 30999177
6 13 24282937
6 14 30485307
6 15 21055493
6 16 24280205
6 17 20884054
6 18 30943402
6 19 24421968
6 20 31364034
6 21 20844529
6 22 24231525
6 23 20598112
6 24 30559590
6 25 30123808
6 26 30501466
6 27 23987210
6 28 30883460
6 29 23857594
6 30 30935931
6 31 30282898
6 32 30778704
6 33 20598112
6 34 31299718
6 35 20884054
6 36 30999177
6 37 24507709
6 38 31030922
6 39 20844529
6 40 24407893
6 41 21058080
6 42 31643872
6 43 24440788
6 44 31733368
6 45 21055493
6 46 24744496
6 47 20922336
6 48 30935931
6 49 30282898
6 50 31046096
6 51 21244523
6 52 31254192
6 53 21101676
6 54 30559590
6 55 30123808
6 56 31076283
6 57 20884054
6 58 31379492
6 59 20901218
6 60 30807946
6 61 21101676
6 62 30808746
6 63 21058080
6 64 20598112
6 65 20598112
6 66 30895656
6 67 21284288
6 68 31380618
6 69 21016266
6 70 20863742
6 71 20863742
6 72 30842228
6 73 24589444
6 74 31077171
6 75 21438666
6 76 24424934
6 77 21244523
6 78 31133604
6 79 24470856
6 80 30740712
6 81 21055493
6 82 24793780
6 83 21016266
6 84 30732647
6 85 21244523
6 86 30559590
6 87 20922336
6 88 20863742
6 89 20863742
6 90 23857594
6 91 20863742
6 92 24327956
6 93 20572392
6 94 20598112
6 95 20598112
6 96 30123808
6 97 24056661
6 98 30752068
6 99 21055493
6 100 24372882
6 101 20922336
6 102 30819976
6 103 24063641
6 104 30920294
6 105 20558210
6 106 24363322
6 107 20971656
6 108 30906498
6 109 21016266
6 110 31092618
6 111 20971656
6 112 20572392
6 113 20572392
6 114 23857594
6 115 20863742
6 116 24327956
6 117 20572392
6 118 20598112
6 119 20598112
6 120 12034912
6 121 14836514
6 122 12015777
6 123 9454081
6 124 15080182
6 125 9436862
6 126 12026924
6 127 14835096
6 128 12243298
6 129 6140960
6 130 15270468
6 131 6169385
6 132 12240532
6 133 9631912
6 134 12008167
6 135 6169711
6 136 9643420
6 137 6136346
6 138 15142816
6 139 9677718
6 140 15300112
6 141 6131634
6 142 9622379
6 143 6081686
6 144 12152218
6 145 14983838
6 146 12139342
6 147 9503645
6 148 15152104
6 149 9496363
6 150 12191443
6 151 14874816
6 152 12192509
6 153 6081686
6 154 15293060
6 155 6129010
6 156 12433920
6 157 9809185
6 158 12299960
6 159 6130308
6 160 9810470
6 161 6179688
6 162 15594470
6 163 9772766
6 164 15511748
6 165 6175638
6 166 9908617
6 167 6139802
6 168 12244507
6 169 15008634
6 170 12458741
6 171 6263585
6 172 15464502
6 173 6258148
6 174 12259304
6 175 15011696
6 176 12303046
6 177 6130308
6 178 15348166
6 179 6132764
6 180 12438488
6 181 6238601
6 182 12429887
6 183 6205561
6 184 6179596
6 185 6175518
6 186 15491510
6 187 6302595
6 188 15644070
6 189 6209179
6 190 6226906
6 191 6214281
6 192 12494887
6 193 9973110
6 194 12375908
6 195 6293848
6 196 9967351
6 197 6268019
6 198 12582683
6 199 9971656
6 200 12430052
6 201 6210970
6 202 10024498
6 203 6208495
6 204 12448591
6 205 6284126
6 206 12274040
6 207 6141033
6 208 6232019
6 209 6214207
6 210 9928024
6 211 6235874
6 212 9993601
6 213 6181688
6 214 6232590
6 215 6181392
6 216 15482350
6 217 9843444
6 218 15542728
6 219 6232019
6 220 9872374
6 221 6179596
6 222 15652294
6 223 9888690
6 224 15562034
6 225 6177339
6 226 10063818
6 227 6217688
6 228 15665508
6 229 6295973
6 230 15608976
6 231 6221041
6 232 6225173
6 233 6177089
6 234 9983990
6 235 6233647
6 236 10000672
6 237 6180603
6 238 6220027
6 239 6134494
6 240 12152218
6 241 14983838
6 242 12139342
6 243 9503645
6 244 15152104
6 245 9496363
6 246 12245571
6 247 15007774
6 248 12466392
6 249 6220027
6 250 15611284
6 251 6232590
6 252 12448789
6 253 9808715
6 254 12353868
6 255 6225173
6 256 9885780
6 257 6226906
6 258 15640278
6 259 9845353
6 260 15670958
6 261 6232019
6 262 9933410
6 263 6179596
6 264 12034912
6 265 14836514
6 266 12015777
6 267 9454081
6 268 15080182
6 269 9436862
6 270 12258055
6 271 15011504
6 272 12313402
6 273 6129010
6 274 15370068
6 275 6142870
6 276 12340103
6 277 9828231
6 278 12301432
6 279 6132764
6 280 9860228
6 281 6184359
6 282 15557034
6 283 9720250
6 284 15572672
6 285 6184486
6 286 9878105
6 287 6139749
6 288 12184197
6 289 14872268
6 290 12404299
6 291 6233647
6 292 15458164
6 293 6235874
6 294 12179444
6 295 14869976
6 296 12393326
6 297 6179688
6 298 15364220
6 299 6184359
6 300 12224853
6 301 6179596
6 302 12227158
6 303 6175518
6 304 6081686
6 305 6081686
6 306 15332672
6 307 6268019
6 308 15396890
6 309 6248365
6 310 6136346
6 311 6136346
6 312 12427392
6 313 9864013
6 314 12475706
6 315 6295973
6 316 9855292
6 317 6302595
6 318 12496211
6 319 9876835
6 320 12375489
6 321 6208495
6 322 10048625
6 323 6251581
6 324 12331387
6 325 6232019
6 326 12301247
6 327 6214207
6 328 6131634
6 329 6131634
6 330 9663517
6 331 6258148
6 332 9827304
6 333 6205428
6 334 6169385
6 335 6169385
6 336 15524860
6 337 9758453
6 338 15657322
6 339 6284126
6 340 10017164
6 341 6238601
6 342 15589184
6 343 9752200
6 344 15678192
6 345 6245618
6 346 10026159
6 347 6224250
6 348 15521166
6 349 6293848
6 350 15551890
6 351 6283563
6 352 6169711
6 353 6169711
6 354 9858778
6 355 6263585
6 356 9956389
6 357 6239984
6 358 6140960
6 359 6140960
6 360 12193376
6 361 14873168
6 362 12449021
6 363 6245377
6 364 15442632
6 365 6227216
6 366 12260366
6 367 15010836
6 368 12558340
6 369 6267224
6 370 15622056
6 371 6273839
6 372 12438896
6 373 6263343
6 374 12485584
6 375 6300613
6 376 6231402
6 377 6243632
6 378 15346290
6 379 6302595
6 380 15569104
6 381 6295973
6 382 6235874
6 383 6233647
6 384 12259824
6 385 15009928
6 386 12363082
6 387 6227216
6 388 15453784
6 389 6184421
6 390 12164499
6 391 14855502
6 392 12393129
6 393 6175638
6 394 15360478
6 395 6184486
6 396 12505096
6 397 6302595
6 398 12399037
6 399 6209179
6 400 6268019
6 401 6248365
6 402 15647772
6 403 6268251
6 404 15627056
6 405 6249828
6 406 6263626
6 407 6218802
6 408 12176799
6 409 14872340
6 410 12472215
6 411 6243632
6 412 15486888
6 413 6231402
6 414 12034912
6 415 14836514
6 416 12292969
6 417 6139802
6 418 15337544
6 419 6139749
6 420 12341975
6 421 6226906
6 422 12330127
6 423 6214281
6 424 6136346
6 425 6136346
6 426 15363860
6 427 6263626
6 428 15421226
6 429 6218802
6 430 6138280
6 431 6138280
6 432 12233738
6 433 6231402
6 434 12347494
6 435 6273839
6 436 6184421
6 437 6227216
6 438 12347097
6 439 6235874
6 440 12221810
6 441 6181688
6 442 6258148
6 443 6205428
6 444 12247646
6 445 6232590
6 446 12210204
6 447 6181392
6 448 6169385
6 449 6169385
6 450 6081686
6 451 6126649
6 452 6126649
6 453 6079368
6 454 6081686
6 455 6081686
6 456 15082040
6 457 6268019
6 458 15333584
6 459 6293848
6 460 6258148
6 461 6263585
6 462 15299464
6 463 6263626
6 464 15301486
6 465 6210961
6 466 6263137
6 467 6243778
6 468 15329062
6 469 6284262
6 470 15347878
6 471 6247342
6 472 6164947
6 473 6164947
6 474 6126649
6 475 6151057
6 476 6151057
6 477 6125833
6 478 6126649
6 479 6126649
6 480 12233981
6 481 9757793
6 482 12343132
6 483 6267224
6 484 9897723
6 485 6243632
6 486 12341806
6 487 9769018
6 488 12443362
6 489 6278835
6 490 10019000
6 491 6300613
6 492 12409969
6 493 6300613
6 494 12306810
6 495 6278835
6 496 6273839
6 497 6267224
6 498 9696675
6 499 6226906
6 500 9903388
6 501 6225173
6 502 6232590
6 503 6220027
6 504 12357476
6 505 9799826
6 506 12343926
6 507 6273839
6 508 9915535
6 509 6231402
6 510 12433984
6 511 9776421
6 512 12252144
6 513 6177339
6 514 9988232
6 515 6245618
6 516 12373508
6 517 6295973
6 518 12405538
6 519 6221041
6 520 6293848
6 521 6283563
6 522 10009444
6 523 6263626
6 524 10000440
6 525 6210961
6 526 6284262
6 527 6247342
6 528 12432924
6 529 9776348
6 530 12410547
6 531 6300613
6 532 10024370
6 533 6263343
6 534 12331188
6 535 9732284
6 536 12406655
6 537 6217688
6 538 9982043
6 539 6224250
6 540 12224620
6 541 6225173
6 542 12212025
6 543 6177089
6 544 6169711
6 545 6169711
6 546 9890915
6 547 6263137
6 548 9966723
6 549 6243778
6 550 6164947
6 551 6164947
6 552 12218683
6 553 6243632
6 554 12288667
6 555 6267224
6 556 6227216
6 557 6245377
6 558 12311939
6 559 6233647
6 560 12178625
6 561 6180603
6 562 6263585
6 563 6239984
6 564 12159375
6 565 6220027
6 566 12034912
6 567 6134494
6 568 6140960
6 569 6140960
6 570 6126649
6 571 6151057
6 572 6151057
6 573 6125833
6 574 6126649
6 575 6126649
6 576 9436862
6 577 6136346
6 578 9632284
6 579 6169711
6 580 6169385
6 581 6140960
6 582 9654944
6 583 6138280
6 584 9694117
6 585 6078371
6 586 6164947
6 587 6159684
6 588 9682183
6 589 6164947
6 590 9720433
6 591 6159684
6 592 6079121
6 593 6079121
6 594 6081686
6 595 6126649
6 596 6126649
6 597 6079368
6 598 6081686
6 599 6081686
6 600 14836514
6 601 9479562
6 602 15085340
6 603 6175638
6 604 9680661
6 605 6139802
6 606 15071522
6 607 9478378
6 608 15281960
6 609 6177339
6 610 9767405
6 611 6217688
6 612 15244488
6 613 6209179
6 614 15162962
6 615 6221041
6 616 6181688
6 617 6180603
6 618 9672605
6 619 6214281
6 620 9834191
6 621 6177089
6 622 6181392
6 623 6134494
6 624 15061524
6 625 9516324
6 626 15101886
6 627 6184486
6 628 9702576
6 629 6139749
6 630 15226726
6 631 9567361
6 632 15091430
6 633 6078572
6 634 9814883
6 635 6171747
6 636 15242534
6 637 6249828
6 638 15300946
6 639 6165196
6 640 6210961
6 641 6203273
6 642 9922476
6 643 6218802
6 644 9957436
6 645 6203273
6 646 6247342
6 647 6180218
6 648 15254764
6 649 9564521
6 650 15238892
6 651 6245618
6 652 9785810
6 653 6224250
6 654 15135770
6 655 9517521
6 656 15276548
6 657 6171747
6 658 9839849
6 659 6174960
6 660 15136536
6 661 6210961
6 662 15146004
6 663 6203273
6 664 6078371
6 665 6078371
6 666 9676341
6 667 6243778
6 668 9837977
6 669 6195090
6 670 6159684
6 671 6159684
6 672 15081374
6 673 6248365
6 674 15280066
6 675 6283563
6 676 6205428
6 677 6239984
6 678 15279384
6 679 6218802
6 680 15132610
6 681 6203273
6 682 6243778
6 683 6195090
6 684 15149306
6 685 6247342
6 686 15137430
6 687 6180218
6 688 6159684
6 689 6159684
6 690 6079368
6 691 6125833
6 692 6125833
6 693 6076989
6 694 6079368
6 695 6079368
6 696 9436862
6 697 6136346
6 698 9632284
6 699 6169711
6 700 6169385
6 701 6140960
6 702 9654944
6 703 6138280
6 704 9694117
6 705 6078371
6 706 6164947
6 707 6159684
6 708 9682183
6 709 6164947
6 710 9720433
6 711 6159684
6 712 6079121
6 713 6079121
6 714 6081686
6 715 6126649
6 716 6126649
6 717 6079368
6 718 6081686
6 719 6081686
7 0 12034912
7 1 14836514
7 2 12015777
7 3 9454081
7 4 15080182
7 5 9436862
7 6 12026924
7 7 14835096
7 8 12243298
7 9 6140960
7 10 15270468
7 11 6169385
7 12 12240532
7 13 9631912
7 14 12008167
7 15 6169711
7 16 9643420
7 17 6136346
7 18 15142816
7 19 9677718
7 20 15300112
7 21 6131634
7 22 9622379
7 23 6081686
7 24 12028455
7 25 14822624
7 26 12008619
7 27 9451278
7 28 15075278
7 29 9433499
7 30 12228711
7 31 15004836
7 32 12299591
7 33 6134494
7 34 15474136
7 35 6181392
7 36 12311598
7 37 9782559
7 38 12336435
7 39 6177089
7 40 9773817
7 41 6214281
7 42 15573494
7 43 9783845
7 44 15639162
7 45 6214207
7 46 9916963
7 47 6175518
7 48 12228618
7 49 15004872
7 50 12331665
7 51 6239984
7 52 15414712
7 53 6205428
7 54 12024149
7 55 14834754
7 56 12354246
7 57 6180603
7 58 15473098
7 59 6181688
7 60 12298029
7 61 6224250
7 62 12296530
7 63 6217688
7 64 6139749
7 65 6139802
7 66 15356112
7 67 6251581
7 68 15484810
7 69 6208495
7 70 6184359
7 71 6179688
7 72 12325219
7 73 9872854
7 74 12352126
7 75 6283563
7 76 9834798
7 77 6248365
7 78 12378638
7 79 9829143
7 80 12267897
7 81 6221041
7 82 9952122
7 83 6209179
7 84 12258929
7 85 6245618
7 86 12011261
7 87 6177339
7 88 6184486
7 89 6175638
7 90 9642693
7 91 6184359
7 92 9829346
7 93 6132764
7 94 6142870
7 95 6129010
7 96 15097048
7 97 9706552
7 98 15308116
7 99 6214207
7 100 9832505
7 101 6175518
7 102 15315214
7 103 9700073
7 104 15374690
7 105 6141033
7 106 9827644
7 107 6205561
7 108 15350400
7 109 6208495
7 110 15355208
7 111 6210970
7 112 6132764
7 113 6130308
7 114 9640075
7 115 6179688
7 116 9795254
7 117 6130308
7 118 6129010
7 119 6081686
7 120 12034912
7 121 14836514
7 122 12015777
7 123 9454081
7 124 15080182
7 125 9436862
7 126 12026924
7 127 14835096
7 128 12243298
7 129 6140960
7 130 15270468
7 131 6169385
7 132 12240532
7 133 9631912
7 134 12008167
7 135 6169711
7 136 9643420
7 137 6136346
7 138 15142816
7 139 9677718
7 140 15300112
7 141 6131634
7 142 9622379
7 143 6081686
7 144 12152218
7 145 14983838
7 146 12139342
7 147 9503645
7 148 15152104
7 149 9496363
7 150 12191443
7 151 14874816
7 152 12192509
7 153 6081686
7 154 15293060
7 155 6129010
7 156 12433920
7 157 9809185
7 158 12299960
7 159 6130308
7 160 9810470
7 161 6179688
7 162 15594470
7 163 9772766
7 164 15511748
7 165 6175638
7 166 9908617
7 167 6139802
7 168 12244507
7 169 15008634
7 170 12458741
7 171 6263585
7 172 15464502
7 173 6258148
7 174 12259304
7 175 15011696
7 176 12303046
7 177 6130308
7 178 15348166
7 179 6132764
7 180 12438488
7 181 6238601
7 182 12429887
7 183 6205561
7 184 6179596
7 185 6175518
7 186 15491510
7 187 6302595
7 188 15644070
7 189 6209179
7 190 6226906
7 191 6214281
7 192 12494887
7 193 9973110
7 194 12375908
7 195 6293848
7 196 9967351
7 197 6268019
7 198 12582683
7 199 9971656
7 200 12430052
7 201 6210970
7 202 10024498
7 203 6208495
7 204 12448591
7 205 6284126
7 206 12274040
7 207 6141033
7 208 6232019
7 209 6214207
7 210 9928024
7 211 6235874
7 212 9993601
7 213 6181688
7 214 6232590
7 215 6181392
7 216 15482350
7 217 9843444
7 218 15542728
7 219 6232019
7 220 9872374
7 221 6179596
7 222 15652294
7 223 9888690
7 224 15562034
7 225 6177339
7 226 10063818
7 227 6217688
7 228 15665508
7 229 6295973
7 230 15608976
7 231 6221041
7 232 6225173
7 233 6177089
7 234 9983990
7 235 6233647
7 236 10000672
7 237 6180603
7 238 6220027
7 239 6134494
7 240 12152218
7 241 14983838
7 242 12139342
7 243 9503645
7 244 15152104
7 245 9496363
7 246 12245571
7 247 15007774
7 248 12466392
7 249 6220027
7 250 15611284
7 251 6232590
7 252 12448789
7 253 9808715
7 254 12353868
7 255 6225173
7 256 9885780
7 257 6226906
7 258 15640278
7 259 9845353
7 260 15670958
7 261 6232019
7 262 9933410
7 263 6179596
7 264 12034912
7 265 14836514
7 266 12015777
7 267 9454081
7 268 15080182
7 269 9436862
7 270 12258055
7 271 15011504
7 272 12313402
7 273 6129010
7 274 15370068
7 275 6142870
7 276 12340103
7 277 9828231
7 278 12301432
7 279 6132764
7 280 9860228
7 281 6184359
7 282 15557034
7 283 9720250
7 284 15572672
7 285 6184486
7 286 9878105
7 287 6139749
7 288 12184197
7 289 14872268
7 290 12404299
7 291 6233647
7 292 15458164
7 293 6235874
7 294 12179444
7 295 14869976
7 296 12393326
7 297 6179688
7 298 15364220
7 299 6184359
7 300 12224853
7 301 6179596
7 302 12227158
7 303 6175518
7 304 6081686
7 305 6081686
7 306 15332672
7 307 6268019
7 308 15396890
7 309 6248365
7 310 6136346
7 311 6136346
7 312 12427392
7 313 9864013
7 314 12475706
7 315 6295973
7 316 9855292
7 317 6302595
7 318 12496211
7 319 9876835
7 320 12375489
7 321 6208495
7 322 10048625
7 323 6251581
7 324 12331387
7 325 6232019
7 326 12301247
7 327 6214207
7 328 6131634
7 329 6131634
7 330 9663517
7 331 6258148
7 332 9827304
7 333 6205428
7 334 6169385
7 335 6169385
7 336 15524860
7 337 9758453
7 338 15657322
7 339 6284126
7 340 10017164
7 341 6238601
7 342 15589184
7 343 9752200
7 344 15678192
7 345 6245618
7 346 10026159
7 347 6224250
7 348 15521166
7 349 6293848
7 350 15551890
7 351 6283563
7 352 6169711
7 353 6169711
7 354 9858778
7 355 6263585
7 356 9956389
7 357 6239984
7 358 6140960
7 359 6140960
7 360 12193376
7 361 14873168
7 362 12449021
7 363 6245377
7 364 15442632
7 365 6227216
7 366 12260366
7 367 15010836
7 368 12558340
7 369 6267224
7 370 15622056
7 371 6273839
7 372 12438896
7 373 6263343
7 374 12485584
7 375 6300613
7 376 6231402
7 377 6243632
7 378 15346290
7 379 6302595
7 380 15569104
7 381 6295973
7 382 6235874
7 383 6233647
7 384 12259824
7 385 15009928
7 386 12363082
7 387 6227216
7 388 15453784
7 389 6184421
7 390 12164499
7 391 14855502
7 392 12393129
7 393 6175638
7 394 15360478
7 395 6184486
7 396 12505096
7 397 6302595
7 398 12399037
7 399 6209179
7 400 6268019
7 401 6248365
7 402 15647772
7 403 6268251
7 404 15627056
7 405 6249828
7 406 6263626
7 407 6218802
7 408 12176799
7 409 14872340
7 410 12472215
7 411 6243632
7 412 15486888
7 413 6231402
7 414 12034912
7 415 14836514
7 416 12292969
7 417 6139802
7 418 15337544
7 419 6139749
7 420 12341975
7 421 6226906
7 422 12330127
7 423 6214281
7 424 6136346
7 425 6136346
7 426 15363860
7 427 6263626
7 428 15421226
7 429 6218802
7 430 6138280
7 431 6138280
7 432 12233738
7 433 6231402
7 434 12347494
7 435 6273839
7 436 6184421
7 437 6227216
7 438 12347097
7 439 6235874
7 440 12221810
7 441 6181688
7 442 6258148
7 443 6205428
7 444 12247646
7 445 6232590
7 446 12210204
7 447 6181392
7 448 6169385
7 449 6169385
7 450 6081686
7 451 6126649
7 452 6126649
7 453 6079368
7 454 6081686
7 455 6081686
7 456 15082040
7 457 6268019
7 458 15333584
7 459 6293848
7 460 6258148
7 461 6263585
7 462 15299464
7 463 6263626
7 464 15301486
7 465 6210961
7 466 6263137
7 467 6243778
7 468 15329062
7 469 6284262
7 470 15347878
7 471 6247342
7 472 6164947
7 473 6164947
7 474 6126649
7 475 6151057
7 476 6151057
7 477 6125833
7 478 6126649
7 479 6126649
7 480 12233981
7 481 9757793
7 482 12343132
7 483 6267224
7 484 9897723
7 485 6243632
7 486 12341806
7 487 9769018
7 488 12443362
7 489 6278835
7 490 10019000
7 491 6300613
7 492 12409969
7 493 6300613
7 494 12306810
7 495 6278835
7 496 6273839
7 497 6267224
7 498 9696675
7 499 6226906
7 500 9903388
7 501 6225173
7 502 6232590
7 503 6220027
7 504 12357476
7 505 9799826
7 506 12343926
7 507 6273839
7 508 9915535
7 509 6231402
7 510 12433984
7 511 9776421
7 512 12252144
7 513 6177339
7 514 9988232
7 515 6245618
7 516 12373508
7 517 6295973
7 518 12405538
7 519 6221041
7 520 6293848
7 521 6283563
7 522 10009444
7 523 6263626
7 524 10000440
7 525 6210961
7 526 6284262
7 527 6247342
7 528 12432924
7 529 9776348
7 530 12410547
7 531 6300613
7 532 10024370
7 533 6263343
7 534 12331188
7 535 9732284
7 536 12406655
7 537 6217688
7 538 9982043
7 539 6224250
7 540 12224620
7 541 6225173
7 542 12212025
7 543 6177089
7 544 6169711
7 545 6169711
7 546 9890915
7 547 6263137
7 548 9966723
7 549 6243778
7 550 6164947
7 551 6164947
7 552 12218683
7 553 6243632
7 554 12288667
7 555 6267224
7 556 6227216
7 557 6245377
7 558 12311939
7 559 6233647
7 560 12178625
7 561 6180603
7 562 6263585
7 563 6239984
7 564 12159375
7 565 6220027
7 566 12034912
7 567 6134494
7 568 6140960
7 569 6140960
7 570 6126649
7 571 6151057
7 572 6151057
7 573 6125833
7 574 6126649
7 575 6126649
7 576 9436862
7 577 6136346
7 578 9632284
7 579 6169711
7 580 6169385
7 581 6140960
7 582 9654944
7 583 6138280
7 584 9694117
7 585 6078371
7 586 6164947
7 587 6159684
7 588 9682183
7 589 6164947
7 590 9720433
7 591 6159684
7 592 6079121
7 593 6079121
7 594 6081686
7 595 6126649
7 596 6126649
7 597 6079368
7 598 6081686
7 599 6081686
7 600 14836514
7 601 9479562
7 602 15085340
7 603 6175638
7 604 9680661
7 605 6139802
7 606 15071522
7 607 9478378
7 608 15281960
7 609 6177339
7 610 9767405
7 611 6217688
7 612 15244488
7 613 6209179
7 614 15162962
7 615 6221041
7 616 6181688
7 617 6180603
7 618 9672605
7 619 6214281
7 620 9834191
7 621 6177089
7 622 6181392
7 623 6134494
7 624 15061524
7 625 9516324
7 626 15101886
7 627 6184486
7 628 9702576
7 629 6139749
7 630 15226726
7 631 9567361
7 632 15091430
7 633 6078572
7 634 9814883
7 635 6171747
7 636 15242534
7 637 6249828
7 638 15300946
7 639 6165196
7 640 6210961
7 641 6203273
7 642 9922476
7 643 6218802
7 644 9957436
7 645 6203273
7 646 6247342
7 647 6180218
7 648 15254764
7 649 9564521
7 650 15238892
7 651 6245618
7 652 9785810
7 653 6224250
7 654 15135770
7 655 9517521
7 656 15276548
7 657 6171747
7 658 9839849
7 659 6174960
7 660 15136536
7 661 6210961
7 662 15146004
7 663 6203273
7 664 6078371
7 665 6078371
7 666 9676341
7 667 6243778
7 668 9837977
7 669 6195090
7 670 6159684
7 671 6159684
7 672 15081374
7 673 6248365
7 674 15280066
7 675 6283563
7 676 6205428
7 677 6239984
7 678 15279384
7 679 6218802
7 680 15132610
7 681 6203273
7 682 6243778
7 683 6195090
7 684 15149306
7 685 6247342
7 686 15137430
7 687 6180218
7 688 6159684
7 689 6159684
7 690 6079368
7 691 6125833
7 692 6125833
7 693 6076989
7 694 6079368
7 695 6079368
7 696 9436862
7 697 6136346
7 698 9632284
7 699 6169711
7 700 6169385
7 701 6140960
7 702 9654944
7 703 6138280
7 704 9694117
7 705 6078371
7 706 6164947
7 707 6159684
7 708 9682183
7 709 6164947
7 710 9720433
7 711 6159684
7 712 6079121
7 713 6079121
7 714 6081686
7 715 6126649
7 716 6126649
7 717 6079368
7 718 6081686
7 719 6081686
7 720 2253926
7 721 3971394
7 722 2252127
7 723 2487513
7 724 3995744
7 725 2486703
7 726 2253641
7 727 3971366
7 728 2283503
7 729 962334
7 730 4018162
7 731 964716
7 732 2283372
7 733 2518188
7 734 2251687
7 735 964721
7 736 2519551
7 737 962171
7 738 3999994
7 739 2522221
7 740 4019770
7 741 962007
7 742 2517597
7 743 958809
7 744 2253742
7 745 3970332
7 746 2251888
7 747 2487378
7 748 3995480
7 749 2486555
7 750 2270569
7 751 3997928
7 752 2289305
7 753 962361
7 754 4047568
7 755 965446
7 756 2289972
7 757 2547001
7 758 2291895
7 759 965288
7 760 2546450
7 761 967989
7 762 4059672
7 763 2547933
7 764 4067450
7 765 967988
7 766 2571688
7 767 965239
7 768 2270567
7 769 3997928
7 770 2291884
7 771 970264
7 772 4043394
7 773 967686
7 774 2253592
7 775 3971366
7 776 2293697
7 777 965434
7 778 4045960
7 779 965497
7 780 2290050
7 781 968435
7 782 2290095
7 783 968144
7 784 962597
7 785 962598
7 786 4030284
7 787 970734
7 788 4044400
7 789 967809
7 790 965600
7 791 965426
7 792 2292310
7 793 2558424
7 794 2293550
7 795 973222
7 796 2554760
7 797 970597
7 798 2296644
7 799 2554334
7 800 2287936
7 801 968298
7 802 2576478
7 803 967819
7 804 2285683
7 805 970505
7 806 2251657
7 807 965327
7 808 965602
7 809 965264
7 810 2525262
7 811 965600
7 812 2554476
7 813 962335
7 814 962745
7 815 962176
7 816 4000110
7 817 2530446
7 818 4023236
7 819 967988
7 820 2553900
7 821 965239
7 822 4023768
7 823 2530063
7 824 4031246
7 825 962672
7 826 2553671
7 827 967666
7 828 4029536
7 829 967809
7 830 4026182
7 831 967909
7 832 962335
7 833 962252
7 834 2525079
7 835 965426
7 836 2550540
7 837 962252
7 838 962176
7 839 958809
7 840 2261422
7 841 3996378
7 842 2259804
7 843 2503908
7 844 4018254
7 845 2503144
7 846 2261386
7 847 3996378
7 848 2286242
7 849 962804
7 850 4027802
7 851 965389
7 852 2286205
7 853 2522012
7 854 2260600
7 855 965402
7 856 2522249
7 857 962776
7 858 4007518
7 859 2523752
7 860 4028176
7 861 962674
7 862 2521271
7 863 961767
7 864 2263141
7 865 3999434
7 866 2262759
7 867 2492598
7 868 4004778
7 869 2492539
7 870 2265402
7 871 3973186
7 872 2281802
7 873 958809
7 874 4019012
7 875 961849
7 876 2301893
7 877 2550100
7 878 2290435
7 879 961933
7 880 2551099
7 881 965134
7 882 4053796
7 883 2533388
7 884 4043244
7 885 964967
7 886 2557732
7 887 962262
7 888 2285324
7 889 4040370
7 890 2310034
7 891 971763
7 892 4072868
7 893 971936
7 894 2273186
7 895 3999180
7 896 2291314
7 897 962090
7 898 4027312
7 899 962175
7 900 2311536
7 901 971786
7 902 2305133
7 903 967809
7 904 968525
7 905 965668
7 906 4081712
7 907 975007
7 908 4071800
7 909 967984
7 910 969530
7 911 968233
7 912 2311023
7 913 2589699
7 914 2305402
7 915 974821
7 916 2587885
7 917 972156
7 918 2316561
7 919 2584301
7 920 2304839
7 921 967891
7 922 2588572
7 923 967822
7 924 2305790
7 925 972714
7 926 2290876
7 927 962352
7 928 969548
7 929 968239
7 930 2587365
7 931 969710
7 932 2587812
7 933 965757
7 934 969575
7 935 965698
7 936 4056108
7 937 2560767
7 938 4060962
7 939 969316
7 940 2562270
7 941 968262
7 942 4074998
7 943 2564187
7 944 4053578
7 945 965584
7 946 2592008
7 947 968147
7 948 4087944
7 949 975004
7 950 4058956
7 951 968328
7 952 969544
7 953 965528
7 954 2589420
7 955 969536
7 956 2585114
7 957 965686
7 958 969005
7 959 962275
7 960 2268962
7 961 4015740
7 962 2268329
7 963 2507561
7 964 4024676
7 965 2507440
7 966 2285651
7 967 4042334
7 968 2312651
7 969 971223
7 970 4098472
7 971 971900
7 972 2309483
7 973 2567186
7 974 2308707
7 975 971893
7 976 2587040
7 977 971924
7 978 4092572
7 979 2569560
7 980 4101052
7 981 971930
7 982 2592836
7 983 971031
7 984 2269338
7 985 4017684
7 986 2268801
7 987 2507891
7 988 4025300
7 989 2507793
7 990 2272875
7 991 3997236
7 992 2291221
7 993 961933
7 994 4026930
7 995 962331
7 996 2302349
7 997 2554357
7 998 2291229
7 999 961942
7 1000 2556446
7 1001 965378
7 1002 4060272
7 1003 2533115
7 1004 4051822
7 1005 965378
7 1006 2557237
7 1007 962348
7 1008 2281118
7 1009 4022176
7 1010 2307852
7 1011 971786
7 1012 4074794
7 1013 972161
7 1014 2280405
7 1015 4019448
7 1016 2305590
7 1017 967809
7 1018 4051236
7 1019 967985
7 1020 2304047
7 1021 968689
7 1022 2303984
7 1023 968416
7 1024 965059
7 1025 964975
7 1026 4078034
7 1027 975024
7 1028 4080108
7 1029 973854
7 1030 968432
7 1031 968394
7 1032 2316461
7 1033 2598714
7 1034 2324135
7 1035 977694
7 1036 2578437
7 1037 977646
7 1038 2323658
7 1039 2600269
7 1040 2310576
7 1041 970279
7 1042 2610033
7 1043 973388
7 1044 2312427
7 1045 972037
7 1046 2309825
7 1047 970923
7 1048 968269
7 1049 968232
7 1050 2569092
7 1051 974857
7 1052 2595374
7 1053 971142
7 1054 971156
7 1055 970944
7 1056 4099724
7 1057 2577463
7 1058 4109954
7 1059 975662
7 1060 2607631
7 1061 974922
7 1062 4102682
7 1063 2580658
7 1064 4095276
7 1065 973390
7 1066 2612562
7 1067 970997
7 1068 4099714
7 1069 977503
7 1070 4098818
7 1071 976501
7 1072 971151
7 1073 970945
7 1074 2604333
7 1075 975095
7 1076 2611613
7 1077 973708
7 1078 968729
7 1079 968232
7 1080 2286497
7 1081 4040474
7 1082 2315242
7 1083 974758
7 1084 4092032
7 1085 973913
7 1086 2279413
7 1087 4021980
7 1088 2318777
7 1089 974509
7 1090 4093106
7 1091 974862
7 1092 2317200
7 1093 977151
7 1094 2314808
7 1095 977320
7 1096 972201
7 1097 972237
7 1098 4078184
7 1099 977822
7 1100 4085280
7 1101 977223
7 1102 972462
7 1103 972284
7 1104 2293265
7 1105 4061710
7 1106 2316347
7 1107 974821
7 1108 4096698
7 1109 973962
7 1110 2280908
7 1111 4019478
7 1112 2306337
7 1113 967891
7 1114 4051488
7 1115 968003
7 1116 2325301
7 1117 977694
7 1118 2311613
7 1119 970279
7 1120 974924
7 1121 973549
7 1122 4107382
7 1123 977401
7 1124 4094200
7 1125 973622
7 1126 974838
7 1127 970988
7 1128 2286120
7 1129 4040482
7 1130 2315262
7 1131 972714
7 1132 4084870
7 1133 972476
7 1134 2272637
7 1135 4001040
7 1136 2291944
7 1137 962352
7 1138 4029178
7 1139 962348
7 1140 2313658
7 1141 972037
7 1142 2312028
7 1143 970923
7 1144 968668
7 1145 968396
7 1146 4084972
7 1147 975191
7 1148 4079462
7 1149 971228
7 1150 968675
7 1151 968454
7 1152 2312180
7 1153 975554
7 1154 2312849
7 1155 975645
7 1156 972087
7 1157 972334
7 1158 2319854
7 1159 975645
7 1160 2305744
7 1161 968609
7 1162 975591
7 1163 971671
7 1164 2313840
7 1165 973125
7 1166 2305784
7 1167 968474
7 1168 971773
7 1169 971104
7 1170 968586
7 1171 968826
7 1172 971394
7 1173 965524
7 1174 968518
7 1175 965536
7 1176 4081736
7 1177 977886
7 1178 4085148
7 1179 977866
7 1180 975420
7 1181 975331
7 1182 4105238
7 1183 978479
7 1184 4080382
7 1185 971685
7 1186 977467
7 1187 974010
7 1188 4102752
7 1189 978234
7 1190 4077350
7 1191 973805
7 1192 971744
7 1193 970778
7 1194 969539
7 1195 969565
7 1196 972263
7 1197 968549
7 1198 971336
7 1199 968385
7 1200 2310020
7 1201 2592410
7 1202 2310658
7 1203 977450
7 1204 2613468
7 1205 974992
7 1206 2310409
7 1207 2588543
7 1208 2312821
7 1209 975306
7 1210 2618608
7 1211 977147
7 1212 2311151
7 1213 977430
7 1214 2296660
7 1215 974761
7 1216 974772
7 1217 974298
7 1218 2582700
7 1219 972360
7 1220 2599758
7 1221 971770
7 1222 971952
7 1223 971448
7 1224 2317914
7 1225 2607786
7 1226 2317781
7 1227 978107
7 1228 2612670
7 1229 975384
7 1230 2319194
7 1231 2589618
7 1232 2306700
7 1233 968677
7 1234 2600091
7 1235 973854
7 1236 2324756
7 1237 978565
7 1238 2312584
7 1239 970948
7 1240 978116
7 1241 976504
7 1242 2621186
7 1243 975832
7 1244 2614545
7 1245 971306
7 1246 977930
7 1247 973880
7 1248 2324221
7 1249 2604565
7 1250 2324308
7 1251 978565
7 1252 2616222
7 1253 978014
7 1254 2318558
7 1255 2587692
7 1256 2313578
7 1257 970948
7 1258 2597303
7 1259 971245
7 1260 2313023
7 1261 973097
7 1262 2304851
7 1263 968241
7 1264 971849
7 1265 971263
7 1266 2609084
7 1267 977710
7 1268 2618134
7 1269 973934
7 1270 971583
7 1271 970786
7 1272 2312753
7 1273 975962
7 1274 2307436
7 1275 975634
7 1276 972973
7 1277 972908
7 1278 2317922
7 1279 975634
7 1280 2304550
7 1281 968482
7 1282 975525
7 1283 973794
7 1284 2303454
7 1285 972452
7 1286 2285741
7 1287 962366
7 1288 969003
7 1289 968315
7 1290 969562
7 1291 969573
7 1292 972263
7 1293 968551
7 1294 971323
7 1295 968229
7 1296 2578295
7 1297 969548
7 1298 2591228
7 1299 969391
7 1300 969553
7 1301 968912
7 1302 2599671
7 1303 972426
7 1304 2586921
7 1305 965527
7 1306 974612
7 1307 968859
7 1308 2604805
7 1309 974680
7 1310 2591122
7 1311 968867
7 1312 968491
7 1313 965303
7 1314 969195
7 1315 969306
7 1316 971635
7 1317 965688
7 1318 968685
7 1319 965150
7 1320 4041624
7 1321 2555136
7 1322 4048922
7 1323 971323
7 1324 2580282
7 1325 968518
7 1326 4047854
7 1327 2552464
7 1328 4058892
7 1329 969003
7 1330 2585173
7 1331 971773
7 1332 4057002
7 1333 971583
7 1334 4048688
7 1335 971849
7 1336 968675
7 1337 968668
7 1338 2559724
7 1339 971156
7 1340 2583204
7 1341 968269
7 1342 968432
7 1343 965059
7 1344 4068498
7 1345 2571320
7 1346 4074324
7 1347 972263
7 1348 2584093
7 1349 971394
7 1350 4077472
7 1351 2560640
7 1352 4048638
7 1353 965058
7 1354 2592485
7 1355 968721
7 1356 4100868
7 1357 978095
7 1358 4059420
7 1359 968552
7 1360 975155
7 1361 971263
7 1362 2620409
7 1363 974646
7 1364 2616927
7 1365 971099
7 1366 975237
7 1367 968476
7 1368 4095588
7 1369 2574640
7 1370 4101816
7 1371 975525
7 1372 2601241
7 1373 975591
7 1374 4080766
7 1375 2560013
7 1376 4059186
7 1377 968716
7 1378 2594039
7 1379 968767
7 1380 4082116
7 1381 975027
7 1382 4060406
7 1383 971568
7 1384 968428
7 1385 965607
7 1386 2603907
7 1387 977624
7 1388 2609434
7 1389 971080
7 1390 971741
7 1391 970648
7 1392 4084838
7 1393 977930
7 1394 4085078
7 1395 978116
7 1396 974838
7 1397 974924
7 1398 4103872
7 1399 977632
7 1400 4060208
7 1401 971429
7 1402 977462
7 1403 971084
7 1404 4084708
7 1405 976001
7 1406 4054326
7 1407 968652
7 1408 971922
7 1409 970880
7 1410 969150
7 1411 969312
7 1412 971612
7 1413 965299
7 1414 968575
7 1415 965218
7 1416 2580826
7 1417 969575
7 1418 2591950
7 1419 969548
7 1420 969530
7 1421 968525
7 1422 2599708
7 1423 972394
7 1424 2587202
7 1425 965533
7 1426 974458
7 1427 968686
7 1428 2602192
7 1429 974438
7 1430 2588797
7 1431 968540
7 1432 968565
7 1433 965218
7 1434 968996
7 1435 968822
7 1436 971065
7 1437 965137
7 1438 967937
7 1439 962024
7 1440 2261422
7 1441 3996378
7 1442 2259804
7 1443 2503908
7 1444 4018254
7 1445 2503144
7 1446 2261386
7 1447 3996378
7 1448 2286242
7 1449 962804
7 1450 4027802
7 1451 965389
7 1452 2286205
7 1453 2522012
7 1454 2260600
7 1455 965402
7 1456 2522249
7 1457 962776
7 1458 4007518
7 1459 2523752
7 1460 4028176
7 1461 962674
7 1462 2521271
7 1463 961767
7 1464 2268965
7 1465 4015740
7 1466 2268335
7 1467 2507501
7 1468 4024776
7 1469 2507377
7 1470 2286382
7 1471 4040510
7 1472 2305934
7 1473 967937
7 1474 4080852
7 1475 968685
7 1476 2314190
7 1477 2589178
7 1478 2306621
7 1479 968575
7 1480 2592458
7 1481 971336
7 1482 4098488
7 1483 2573123
7 1484 4100770
7 1485 971323
7 1486 2598896
7 1487 968518
7 1488 2285645
7 1489 4042334
7 1490 2310010
7 1491 974074
7 1492 4074472
7 1493 974087
7 1494 2279306
7 1495 4022016
7 1496 2306377
7 1497 968565
7 1498 4077480
7 1499 968491
7 1500 2317334
7 1501 974784
7 1502 2311656
7 1503 971741
7 1504 971377
7 1505 968729
7 1506 4099402
7 1507 977822
7 1508 4097638
7 1509 971583
7 1510 972360
7 1511 971156
7 1512 2316107
7 1513 2603637
7 1514 2311638
7 1515 977147
7 1516 2600880
7 1517 974533
7 1518 2322074
7 1519 2598063
7 1520 2311937
7 1521 971922
7 1522 2609207
7 1523 971744
7 1524 2311294
7 1525 975500
7 1526 2292982
7 1527 968428
7 1528 972378
7 1529 971151
7 1530 2600397
7 1531 972462
7 1532 2604467
7 1533 968675
7 1534 971952
7 1535 968432
7 1536 4070240
7 1537 2576489
7 1538 4077240
7 1539 971930
7 1540 2582597
7 1541 971031
7 1542 4095992
7 1543 2579979
7 1544 4085912
7 1545 969003
7 1546 2608841
7 1547 971773
7 1548 4102646
7 1549 977223
7 1550 4081670
7 1551 971849
7 1552 971770
7 1553 968269
7 1554 2601612
7 1555 972284
7 1556 2601129
7 1557 968668
7 1558 971448
7 1559 965059
7 1560 2253926
7 1561 3971394
7 1562 2252127
7 1563 2487513
7 1564 3995744
7 1565 2486703
7 1566 2253641
7 1567 3971366
7 1568 2283503
7 1569 962334
7 1570 4018162
7 1571 964716
7 1572 2283372
7 1573 2518188
7 1574 2251687
7 1575 964721
7 1576 2519551
7 1577 962171
7 1578 3999994
7 1579 2522221
7 1580 4019770
7 1581 962007
7 1582 2517597
7 1583 958809
7 1584 2269308
7 1585 4017724
7 1586 2268779
7 1587 2507801
7 1588 4025074
7 1589 2507709
7 1590 2273215
7 1591 3999180
7 1592 2290977
7 1593 961849
7 1594 4028674
7 1595 962437
7 1596 2303200
7 1597 2554434
7 1598 2292147
7 1599 962331
7 1600 2555596
7 1601 965402
7 1602 4060612
7 1603 2533957
7 1604 4051912
7 1605 965388
7 1606 2558414
7 1607 962455
7 1608 2278441
7 1609 4021908
7 1610 2309208
7 1611 971936
7 1612 4072854
7 1613 971845
7 1614 2273302
7 1615 4000122
7 1616 2291541
7 1617 962175
7 1618 4026790
7 1619 962023
7 1620 2311411
7 1621 972161
7 1622 2305669
7 1623 967985
7 1624 968912
7 1625 965844
7 1626 4081862
7 1627 975017
7 1628 4073602
7 1629 968148
7 1630 969553
7 1631 968255
7 1632 2308729
7 1633 2588125
7 1634 2296339
7 1635 973962
7 1636 2588413
7 1637 971740
7 1638 2316951
7 1639 2585526
7 1640 2305773
7 1641 968003
7 1642 2590227
7 1643 968148
7 1644 2304133
7 1645 972476
7 1646 2290700
7 1647 962348
7 1648 969391
7 1649 968239
7 1650 2588447
7 1651 969467
7 1652 2588624
7 1653 965777
7 1654 969548
7 1655 965703
7 1656 4050406
7 1657 2559878
7 1658 4052888
7 1659 968736
7 1660 2558753
7 1661 965375
7 1662 4081390
7 1663 2564444
7 1664 4058484
7 1665 965843
7 1666 2592338
7 1667 968335
7 1668 4085900
7 1669 974773
7 1670 4059370
7 1671 968342
7 1672 969540
7 1673 965537
7 1674 2588930
7 1675 969126
7 1676 2584990
7 1677 965700
7 1678 968894
7 1679 962275
7 1680 2262941
7 1681 3998432
7 1682 2262515
7 1683 2492328
7 1684 4004492
7 1685 2492256
7 1686 2280216
7 1687 4022100
7 1688 2307128
7 1689 968822
7 1690 4080426
7 1691 969306
7 1692 2309336
7 1693 2573799
7 1694 2306630
7 1695 969312
7 1696 2583122
7 1697 969565
7 1698 4076898
7 1699 2558698
7 1700 4083726
7 1701 969573
7 1702 2586438
7 1703 968826
7 1704 2262781
7 1705 3997490
7 1706 2262308
7 1707 2492164
7 1708 4004452
7 1709 2492073
7 1710 2279758
7 1711 4019414
7 1712 2299263
7 1713 965134
7 1714 4049570
7 1715 965402
7 1716 2302124
7 1717 2558558
7 1718 2299442
7 1719 965378
7 1720 2560701
7 1721 966326
7 1722 4055654
7 1723 2533421
7 1724 4059706
7 1725 966331
7 1726 2561597
7 1727 965329
7 1728 2266302
7 1729 3973262
7 1730 2298933
7 1731 968525
7 1732 4043212
7 1733 968912
7 1734 2266328
7 1735 3973262
7 1736 2298836
7 1737 965668
7 1738 4023702
7 1739 965844
7 1740 2286488
7 1741 965059
7 1742 2286569
7 1743 964975
7 1744 958809
7 1745 958809
7 1746 4025536
7 1747 971448
7 1748 4026644
7 1749 971160
7 1750 962176
7 1751 962176
7 1752 2309763
7 1753 2565259
7 1754 2316270
7 1755 974924
7 1756 2583842
7 1757 975331
7 1758 2311203
7 1759 2565732
7 1760 2314681
7 1761 973549
7 1762 2593868
7 1763 974421
7 1764 2296575
7 1765 968668
7 1766 2296101
7 1767 968396
7 1768 962252
7 1769 962252
7 1770 2556269
7 1771 972284
7 1772 2563842
7 1773 971682
7 1774 965426
7 1775 965426
7 1776 4060082
7 1777 2539914
7 1778 4086910
7 1779 972908
7 1780 2596175
7 1781 972334
7 1782 4060598
7 1783 2540507
7 1784 4084028
7 1785 972443
7 1786 2597233
7 1787 971730
7 1788 4051068
7 1789 974298
7 1790 4051282
7 1791 974252
7 1792 965264
7 1793 965264
7 1794 2567504
7 1795 972237
7 1796 2569857
7 1797 972129
7 1798 962598
7 1799 962598
7 1800 2280328
7 1801 4022064
7 1802 2310134
7 1803 972134
7 1804 4072098
7 1805 971803
7 1806 2286529
7 1807 4042428
7 1808 2320047
7 1809 974438
7 1810 4098450
7 1811 974680
7 1812 2319758
7 1813 974812
7 1814 2324701
7 1815 977624
7 1816 974799
7 1817 975095
7 1818 4076410
7 1819 977702
7 1820 4108880
7 1821 977710
7 1822 975113
7 1823 974857
7 1824 2286554
7 1825 4040474
7 1826 2310632
7 1827 972156
7 1828 4075758
7 1829 971740
7 1830 2279375
7 1831 4017430
7 1832 2305648
7 1833 967822
7 1834 4050834
7 1835 968148
7 1836 2326038
7 1837 977646
7 1838 2318795
7 1839 973388
7 1840 975331
7 1841 974421
7 1842 4102498
7 1843 977425
7 1844 4095736
7 1845 974251
7 1846 975420
7 1847 974253
7 1848 2273951
7 1849 3998274
7 1850 2307486
7 1851 969548
7 1852 4055142
7 1853 969391
7 1854 2272820
7 1855 3998148
7 1856 2305574
7 1857 968239
7 1858 4046110
7 1859 968239
7 1860 2296473
7 1861 968269
7 1862 2296235
7 1863 968232
7 1864 962252
7 1865 962252
7 1866 4033858
7 1867 971770
7 1868 4034256
7 1869 971398
7 1870 962335
7 1871 962335
7 1872 2305025
7 1873 972087
7 1874 2318409
7 1875 975591
7 1876 971539
7 1877 974922
7 1878 2312608
7 1879 972334
7 1880 2311724
7 1881 971671
7 1882 974922
7 1883 971832
7 1884 2305671
7 1885 971773
7 1886 2303549
7 1887 971104
7 1888 967666
7 1889 967666
7 1890 965375
7 1891 971031
7 1892 968262
7 1893 967815
7 1894 965239
7 1895 965239
7 1896 4053530
7 1897 975168
7 1898 4101278
7 1899 978014
7 1900 977425
7 1901 977646
7 1902 4079334
7 1903 975421
7 1904 4093384
7 1905 974081
7 1906 977940
7 1907 977172
7 1908 4073942
7 1909 977147
7 1910 4074116
7 1911 976802
7 1912 967819
7 1913 967819
7 1914 968505
7 1915 971924
7 1916 969301
7 1917 971076
7 1918 967989
7 1919 967989
7 1920 2311318
7 1921 2588870
7 1922 2310894
7 1923 975181
7 1924 2594180
7 1925 972716
7 1926 2323897
7 1927 2601768
7 1928 2321895
7 1929 976001
7 1930 2617471
7 1931 978234
7 1932 2322515
7 1933 978466
7 1934 2311624
7 1935 975027
7 1936 978267
7 1937 977503
7 1938 2605989
7 1939 975113
7 1940 2616730
7 1941 975191
7 1942 978075
7 1943 975024
7 1944 2312509
7 1945 2592229
7 1946 2310479
7 1947 975384
7 1948 2596181
7 1949 972550
7 1950 2324063
7 1951 2602920
7 1952 2319462
7 1953 973854
7 1954 2617627
7 1955 976553
7 1956 2312305
7 1957 978014
7 1958 2312361
7 1959 971245
7 1960 977866
7 1961 976882
7 1962 2622933
7 1963 975168
7 1964 2624404
7 1965 974427
7 1966 977886
7 1967 974651
7 1968 2318933
7 1969 2586232
7 1970 2326467
7 1971 978116
7 1972 2618055
7 1973 977866
7 1974 2317634
7 1975 2585921
7 1976 2325877
7 1977 976504
7 1978 2618502
7 1979 976882
7 1980 2305767
7 1981 971849
7 1982 2305383
7 1983 971263
7 1984 967909
7 1985 967909
7 1986 2589083
7 1987 977223
7 1988 2594605
7 1989 976634
7 1990 967809
7 1991 967809
7 1992 2311382
7 1993 972973
7 1994 2315482
7 1995 975525
7 1996 975046
7 1997 975662
7 1998 2312844
7 1999 972908
7 2000 2313979
7 2001 973794
7 2002 975662
7 2003 975228
7 2004 2295634
7 2005 969003
7 2006 2291130
7 2007 968315
7 2008 962672
7 2009 962672
7 2010 968736
7 2011 971930
7 2012 969316
7 2013 971299
7 2014 967988
7 2015 967988
7 2016 2577839
7 2017 969467
7 2018 2599627
7 2019 972476
7 2020 975017
7 2021 972161
7 2022 2587620
7 2023 969540
7 2024 2603372
7 2025 971506
7 2026 974757
7 2027 971992
7 2028 2586540
7 2029 974862
7 2030 2590096
7 2031 974522
7 2032 965497
7 2033 965497
7 2034 969040
7 2035 971900
7 2036 969547
7 2037 971353
7 2038 965446
7 2039 965446
7 2040 4053572
7 2041 2555306
7 2042 4058832
7 2043 969573
7 2044 2562850
7 2045 968826
7 2046 4095164
7 2047 2574534
7 2048 4091260
7 2049 972452
7 2050 2616844
7 2051 973125
7 2052 4104036
7 2053 977710
7 2054 4082786
7 2055 973097
7 2056 975191
7 2057 972037
7 2058 2611021
7 2059 974857
7 2060 2611440
7 2061 972037
7 2062 975024
7 2063 968689
7 2064 4053926
7 2065 2556376
7 2066 4055904
7 2067 969562
7 2068 2563159
7 2069 968586
7 2070 4097172
7 2071 2575691
7 2072 4076964
7 2073 971078
7 2074 2614207
7 2075 972009
7 2076 4099484
7 2077 977652
7 2078 4080148
7 2079 971705
7 2080 975321
7 2081 971960
7 2082 2619258
7 2083 971623
7 2084 2617388
7 2085 971735
7 2086 974933
7 2087 968592
7 2088 4079704
7 2089 2560598
7 2090 4097676
7 2091 975634
7 2092 2619211
7 2093 975645
7 2094 4076046
7 2095 2559752
7 2096 4097404
7 2097 974491
7 2098 2618141
7 2099 974788
7 2100 4054122
7 2101 974761
7 2102 4054272
7 2103 974706
7 2104 965327
7 2105 965327
7 2106 2592420
7 2107 977320
7 2108 2596941
7 2109 976805
7 2110 968144
7 2111 968144
7 2112 4076546
7 2113 975832
7 2114 4105766
7 2115 978565
7 2116 977401
7 2117 977694
7 2118 4087614
7 2119 975636
7 2120 4096186
7 2121 977090
7 2122 978155
7 2123 976922
7 2124 4056572
7 2125 975306
7 2126 4056602
7 2127 974734
7 2128 968298
7 2129 968298
7 2130 968866
7 2131 971893
7 2132 969527
7 2133 971051
7 2134 965288
7 2135 965288
7 2136 2585015
7 2137 969710
7 2138 2604990
7 2139 972714
7 2140 975007
7 2141 971786
7 2142 2590429
7 2143 969701
7 2144 2606157
7 2145 972032
7 2146 974758
7 2147 971920
7 2148 2587213
7 2149 974509
7 2150 2588413
7 2151 974241
7 2152 965434
7 2153 965434
7 2154 968794
7 2155 971223
7 2156 969089
7 2157 970831
7 2158 962361
7 2159 962361
7 2160 2263147
7 2161 3999434
7 2162 2262771
7 2163 2492482
7 2164 4004970
7 2165 2492417
7 2166 2285342
7 2167 4040370
7 2168 2307753
7 2169 969089
7 2170 4083060
7 2171 969547
7 2172 2309529
7 2173 2569407
7 2174 2302332
7 2175 969527
7 2176 2577634
7 2177 969301
7 2178 4074256
7 2179 2558098
7 2180 4084002
7 2181 969316
7 2182 2578823
7 2183 968262
7 2184 2269341
7 2185 4017684
7 2186 2268807
7 2187 2507831
7 2188 4025400
7 2189 2507730
7 2190 2293155
7 2191 4061746
7 2192 2313847
7 2193 971065
7 2194 4101858
7 2195 971635
7 2196 2315237
7 2197 2593209
7 2198 2313984
7 2199 971612
7 2200 2596929
7 2201 972263
7 2202 4098324
7 2203 2572746
7 2204 4108758
7 2205 972263
7 2206 2601798
7 2207 971394
7 2208 2281123
7 2209 4022176
7 2210 2313391
7 2211 974758
7 2212 4091668
7 2213 974757
7 2214 2286249
7 2215 4040446
7 2216 2320267
7 2217 974458
7 2218 4099144
7 2219 974612
7 2220 2311650
7 2221 974933
7 2222 2312883
7 2223 975237
7 2224 968894
7 2225 969005
7 2226 4083962
7 2227 977886
7 2228 4089080
7 2229 977930
7 2230 969548
7 2231 969575
7 2232 2310878
7 2233 2586170
7 2234 2322343
7 2235 978155
7 2236 2586947
7 2237 977940
7 2238 2318289
7 2239 2590084
7 2240 2322056
7 2241 977462
7 2242 2616492
7 2243 977467
7 2244 2311545
7 2245 975321
7 2246 2307583
7 2247 975155
7 2248 969540
7 2249 969544
7 2250 2581458
7 2251 975420
7 2252 2593996
7 2253 974838
7 2254 969553
7 2255 969530
7 2256 4074034
7 2257 2561000
7 2258 4103378
7 2259 975662
7 2260 2612765
7 2261 974922
7 2262 4084786
7 2263 2561232
7 2264 4112066
7 2265 975525
7 2266 2616125
7 2267 975591
7 2268 4086062
7 2269 977866
7 2270 4090322
7 2271 978116
7 2272 969391
7 2273 969548
7 2274 2586765
7 2275 975331
7 2276 2594165
7 2277 974924
7 2278 968912
7 2279 968525
7 2280 2269314
7 2281 4017724
7 2282 2268791
7 2283 2507689
7 2284 4025258
7 2285 2507591
7 2286 2278509
7 2287 4021890
7 2288 2305474
7 2289 968794
7 2290 4075864
7 2291 969040
7 2292 2308818
7 2293 2569139
7 2294 2293482
7 2295 968866
7 2296 2574382
7 2297 968505
7 2298 4076726
7 2299 2557718
7 2300 4076390
7 2301 968736
7 2302 2575153
7 2303 965375
7 2304 2262401
7 2305 3995546
7 2306 2261881
7 2307 2490884
7 2308 4002894
7 2309 2490789
7 2310 2279752
7 2311 4019374
7 2312 2298847
7 2313 964967
7 2314 4049564
7 2315 965388
7 2316 2302908
7 2317 2558673
7 2318 2299467
7 2319 965378
7 2320 2560361
7 2321 966331
7 2322 4055748
7 2323 2534016
7 2324 4059402
7 2325 966314
7 2326 2561868
7 2327 965328
7 2328 2286727
7 2329 4042448
7 2330 2320517
7 2331 975007
7 2332 4101120
7 2333 975017
7 2334 2279456
7 2335 4017394
7 2336 2305656
7 2337 967984
7 2338 4050760
7 2339 968148
7 2340 2320518
7 2341 975024
7 2342 2318981
7 2343 973854
7 2344 971448
7 2345 971160
7 2346 4103714
7 2347 978075
7 2348 4099788
7 2349 976558
7 2350 971952
7 2351 971711
7 2352 2323719
7 2353 2606184
7 2354 2316864
7 2355 977401
7 2356 2605211
7 2357 977425
7 2358 2322905
7 2359 2602966
7 2360 2318109
7 2361 973622
7 2362 2613518
7 2363 974251
7 2364 2318929
7 2365 975191
7 2366 2308620
7 2367 971228
7 2368 971770
7 2369 971398
7 2370 2603092
7 2371 975113
7 2372 2613011
7 2373 974259
7 2374 972360
7 2375 971436
7 2376 4100218
7 2377 2581074
7 2378 4102152
7 2379 975046
7 2380 2607481
7 2381 971539
7 2382 4097888
7 2383 2580891
7 2384 4102780
7 2385 974253
7 2386 2616309
7 2387 974180
7 2388 4108512
7 2389 978267
7 2390 4101632
7 2391 976888
7 2392 972378
7 2393 971653
7 2394 2607556
7 2395 974799
7 2396 2613467
7 2397 974465
7 2398 971377
7 2399 968338
7 2400 2262772
7 2401 3997490
7 2402 2262290
7 2403 2492332
7 2404 4004176
7 2405 2492250
7 2406 2286438
7 2407 4040510
7 2408 2308406
7 2409 968996
7 2410 4082552
7 2411 969195
7 2412 2309727
7 2413 2577544
7 2414 2306279
7 2415 969150
7 2416 2585039
7 2417 969539
7 2418 4076920
7 2419 2559201
7 2420 4086674
7 2421 969562
7 2422 2584274
7 2423 968586
7 2424 2253926
7 2425 3971394
7 2426 2252127
7 2427 2487513
7 2428 3995744
7 2429 2486703
7 2430 2272242
7 2431 4000994
7 2432 2291677
7 2433 962262
7 2434 4029054
7 2435 962455
7 2436 2291289
7 2437 2555136
7 2438 2290978
7 2439 962348
7 2440 2557313
7 2441 965329
7 2442 4046840
7 2443 2528465
7 2444 4052220
7 2445 965328
7 2446 2557380
7 2447 962283
7 2448 2273940
7 2449 3998274
7 2450 2307007
7 2451 969530
7 2452 4054936
7 2453 969553
7 2454 2273361
7 2455 3998204
7 2456 2305580
7 2457 968233
7 2458 4046184
7 2459 968255
7 2460 2296694
7 2461 968432
7 2462 2296593
7 2463 968394
7 2464 962176
7 2465 962176
7 2466 4033998
7 2467 971952
7 2468 4034412
7 2469 971711
7 2470 962745
7 2471 962745
7 2472 2310114
7 2473 2567862
7 2474 2315673
7 2475 974838
7 2476 2588495
7 2477 975420
7 2478 2309425
7 2479 2568028
7 2480 2305414
7 2481 970988
7 2482 2596383
7 2483 974253
7 2484 2296730
7 2485 968675
7 2486 2296075
7 2487 968454
7 2488 962335
7 2489 962335
7 2490 2562107
7 2491 972462
7 2492 2567801
7 2493 971777
7 2494 965600
7 2495 965600
7 2496 4059874
7 2497 2540003
7 2498 4089756
7 2499 972973
7 2500 2593997
7 2501 972087
7 2502 4056710
7 2503 2539582
7 2504 4077836
7 2505 971710
7 2506 2592727
7 2507 968798
7 2508 4057724
7 2509 974772
7 2510 4057896
7 2511 974563
7 2512 965602
7 2513 965602
7 2514 2563923
7 2515 972201
7 2516 2568309
7 2517 971613
7 2518 962597
7 2519 962597
7 2520 2266314
7 2521 3973262
7 2522 2306791
7 2523 969701
7 2524 4051724
7 2525 969540
7 2526 2273973
7 2527 3998274
7 2528 2314741
7 2529 972394
7 2530 4071168
7 2531 972426
7 2532 2304439
7 2533 971623
7 2534 2311481
7 2535 974646
7 2536 969126
7 2537 969536
7 2538 4048542
7 2539 975168
7 2540 4060104
7 2541 975832
7 2542 969467
7 2543 969710
7 2544 2273949
7 2545 3998274
7 2546 2307293
7 2547 969710
7 2548 4055020
7 2549 969467
7 2550 2265437
7 2551 3972126
7 2552 2299202
7 2553 965757
7 2554 4023608
7 2555 965777
7 2556 2319359
7 2557 974857
7 2558 2311242
7 2559 971142
7 2560 972284
7 2561 971682
7 2562 4077470
7 2563 975113
7 2564 4069698
7 2565 974259
7 2566 972462
7 2567 971777
7 2568 2266815
7 2569 3973318
7 2570 2307594
7 2571 969575
7 2572 4046136
7 2573 969548
7 2574 2264917
7 2575 3973080
7 2576 2298857
7 2577 965698
7 2578 4023786
7 2579 965703
7 2580 2303492
7 2581 971156
7 2582 2303050
7 2583 970944
7 2584 965426
7 2585 965426
7 2586 4029400
7 2587 972360
7 2588 4029710
7 2589 971436
7 2590 965600
7 2591 965600
7 2592 2287256
7 2593 968586
7 2594 2296086
7 2595 971394
7 2596 965375
7 2597 968262
7 2598 2296125
7 2599 968826
7 2600 2289684
7 2601 965524
7 2602 971031
7 2603 967815
7 2604 2290283
7 2605 968518
7 2606 2287055
7 2607 965536
7 2608 965239
7 2609 965239
7 2610 958809
7 2611 961767
7 2612 961767
7 2613 958728
7 2614 958809
7 2615 958809
7 2616 4022286
7 2617 972550
7 2618 4034702
7 2619 975384
7 2620 971740
7 2621 972156
7 2622 4034420
7 2623 972716
7 2624 4027252
7 2625 971618
7 2626 974533
7 2627 973980
7 2628 4027666
7 2629 974992
7 2630 4027030
7 2631 972145
7 2632 970597
7 2633 970597
7 2634 962171
7 2635 962776
7 2636 962776
7 2637 962164
7 2638 962171
7 2639 962171
7 2640 2302924
7 2641 2558209
7 2642 2318739
7 2643 975636
7 2644 2586004
7 2645 975421
7 2646 2311575
7 2647 2563295
7 2648 2326398
7 2649 977632
7 2650 2614079
7 2651 978479
7 2652 2317918
7 2653 977652
7 2654 2317796
7 2655 978095
7 2656 974773
7 2657 975004
7 2658 2556964
7 2659 977425
7 2660 2589019
7 2661 977401
7 2662 975017
7 2663 975007
7 2664 2311100
7 2665 2563421
7 2666 2318298
7 2667 975832
7 2668 2587726
7 2669 975168
7 2670 2310868
7 2671 2560339
7 2672 2312591
7 2673 971306
7 2674 2595795
7 2675 974427
7 2676 2316119
7 2677 977710
7 2678 2316391
7 2679 973934
7 2680 977223
7 2681 976634
7 2682 2605179
7 2683 977702
7 2684 2607355
7 2685 974470
7 2686 977822
7 2687 976878
7 2688 2311808
7 2689 2560848
7 2690 2325776
7 2691 977930
7 2692 2615871
7 2693 977886
7 2694 2309687
7 2695 2560212
7 2696 2318784
7 2697 973880
7 2698 2597852
7 2699 974651
7 2700 2304066
7 2701 971583
7 2702 2301086
7 2703 970786
7 2704 967809
7 2705 967809
7 2706 2592376
7 2707 977822
7 2708 2595244
7 2709 976878
7 2710 970734
7 2711 970734
7 2712 2296353
7 2713 969562
7 2714 2298996
7 2715 972263
7 2716 968736
7 2717 969316
7 2718 2299465
7 2719 969573
7 2720 2297081
7 2721 968551
7 2722 971930
7 2723 971299
7 2724 2296811
7 2725 971323
7 2726 2290960
7 2727 968229
7 2728 967988
7 2729 967988
7 2730 962007
7 2731 962674
7 2732 962674
7 2733 961999
7 2734 962007
7 2735 962007
7 2736 2520512
7 2737 971740
7 2738 2550824
7 2739 973962
7 2740 971845
7 2741 971936
7 2742 2546739
7 2743 971803
7 2744 2553157
7 2745 968259
7 2746 974087
7 2747 973581
7 2748 2555763
7 2749 973913
7 2750 2557974
7 2751 971419
7 2752 967686
7 2753 967686
7 2754 964716
7 2755 965389
7 2756 965389
7 2757 964708
7 2758 964716
7 2759 964716
7 2760 4048798
7 2761 2529705
7 2762 4083478
7 2763 972908
7 2764 2588134
7 2765 972334
7 2766 4060560
7 2767 2530015
7 2768 4107292
7 2769 975634
7 2770 2610082
7 2771 975645
7 2772 4083866
7 2773 978014
7 2774 4087710
7 2775 978565
7 2776 972476
7 2777 972714
7 2778 2589897
7 2779 977646
7 2780 2598836
7 2781 977694
7 2782 972161
7 2783 971786
7 2784 4060324
7 2785 2533204
7 2786 4081982
7 2787 972973
7 2788 2589758
7 2789 972087
7 2790 4058044
7 2791 2533911
7 2792 4080464
7 2793 971747
7 2794 2594933
7 2795 972031
7 2796 4100134
7 2797 978466
7 2798 4096486
7 2799 976779
7 2800 975500
7 2801 974924
7 2802 2618516
7 2803 974812
7 2804 2621316
7 2805 977016
7 2806 974784
7 2807 971876
7 2808 4058476
7 2809 2533800
7 2810 4102420
7 2811 975962
7 2812 2610023
7 2813 975554
7 2814 4051434
7 2815 2532919
7 2816 4080420
7 2817 972375
7 2818 2596407
7 2819 971861
7 2820 4072006
7 2821 977430
7 2822 4072032
7 2823 976807
7 2824 970505
7 2825 970505
7 2826 2590531
7 2827 977151
7 2828 2596218
7 2829 974101
7 2830 968435
7 2831 968435
7 2832 4043980
7 2833 975384
7 2834 4055492
7 2835 978107
7 2836 973962
7 2837 974821
7 2838 4055360
7 2839 975181
7 2840 4045736
7 2841 974538
7 2842 977147
7 2843 976224
7 2844 4046128
7 2845 977450
7 2846 4046006
7 2847 974265
7 2848 973222
7 2849 973222
7 2850 964721
7 2851 965402
7 2852 965402
7 2853 964713
7 2854 964721
7 2855 964721
7 2856 2551689
7 2857 972156
7 2858 2563742
7 2859 974821
7 2860 971936
7 2861 971763
7 2862 2563421
7 2863 972134
7 2864 2564869
7 2865 971272
7 2866 974074
7 2867 973769
7 2868 2565001
7 2869 974758
7 2870 2564729
7 2871 972182
7 2872 970264
7 2873 970264
7 2874 962334
7 2875 962804
7 2876 962804
7 2877 962329
7 2878 962334
7 2879 962334
7 2880 2265540
7 2881 3973150
7 2882 2302409
7 2883 969089
7 2884 4043928
7 2885 968794
7 2886 2273324
7 2887 3999144
7 2888 2313334
7 2889 971932
7 2890 4070666
7 2891 972368
7 2892 2311388
7 2893 974758
7 2894 2309182
7 2895 975243
7 2896 969701
7 2897 969772
7 2898 4048642
7 2899 975007
7 2900 4060366
7 2901 975004
7 2902 969710
7 2903 969536
7 2904 2273008
7 2905 3997200
7 2906 2302971
7 2907 969527
7 2908 4051634
7 2909 968866
7 2910 2280925
7 2911 4019478
7 2912 2315246
7 2913 972077
7 2914 4078192
7 2915 972350
7 2916 2324999
7 2917 978155
7 2918 2325467
7 2919 977462
7 2920 975636
7 2921 975539
7 2922 4094764
7 2923 977401
7 2924 4103504
7 2925 978095
7 2926 975832
7 2927 974646
7 2928 2280342
7 2929 4019466
7 2930 2320200
7 2931 975243
7 2932 4092048
7 2933 975075
7 2934 2272761
7 2935 4001004
7 2936 2314530
7 2937 972320
7 2938 4077740
7 2939 972318
7 2940 2319286
7 2941 977819
7 2942 2318382
7 2943 977645
7 2944 972084
7 2945 972072
7 2946 4081994
7 2947 978479
7 2948 4079988
7 2949 977632
7 2950 972426
7 2951 972394
7 2952 2304728
7 2953 974933
7 2954 2313084
7 2955 977819
7 2956 971623
7 2957 974726
7 2958 2313944
7 2959 975321
7 2960 2312999
7 2961 975250
7 2962 977652
7 2963 977240
7 2964 2313722
7 2965 977960
7 2966 2307787
7 2967 975099
7 2968 974867
7 2969 974693
7 2970 968586
7 2971 969539
7 2972 969562
7 2973 969150
7 2974 969195
7 2975 968996
7 2976 4023380
7 2977 975024
7 2978 4052968
7 2979 977503
7 2980 974857
7 2981 975095
7 2982 4052714
7 2983 975191
7 2984 4063178
7 2985 975027
7 2986 977710
7 2987 977624
7 2988 4063594
7 2989 978234
7 2990 4058266
7 2991 976001
7 2992 974680
7 2993 974438
7 2994 968826
7 2995 969565
7 2996 969573
7 2997 969312
7 2998 969306
7 2999 968822
7 3000 2273358
7 3001 3999144
7 3002 2303734
7 3003 969547
7 3004 4051846
7 3005 969040
7 3006 2273440
7 3007 4000086
7 3008 2313883
7 3009 972368
7 3010 4075152
7 3011 972532
7 3012 2311443
7 3013 974757
7 3014 2307733
7 3015 975075
7 3016 969540
7 3017 969699
7 3018 4054232
7 3019 975017
7 3020 4058176
7 3021 974773
7 3022 969467
7 3023 969126
7 3024 2279886
7 3025 4019338
7 3026 2303748
7 3027 969316
7 3028 4054502
7 3029 968736
7 3030 2266685
7 3031 3972056
7 3032 2299329
7 3033 965584
7 3034 4023390
7 3035 965843
7 3036 2321022
7 3037 975662
7 3038 2318690
7 3039 973390
7 3040 972908
7 3041 972443
7 3042 4084750
7 3043 975046
7 3044 4075604
7 3045 974253
7 3046 972973
7 3047 971710
7 3048 2279345
7 3049 4017430
7 3050 2319775
7 3051 975004
7 3052 4091728
7 3053 974773
7 3054 2279978
7 3055 4015482
7 3056 2307092
7 3057 968328
7 3058 4050488
7 3059 968342
7 3060 2326151
7 3061 977503
7 3062 2325758
7 3063 976501
7 3064 974298
7 3065 974252
7 3066 4098494
7 3067 978267
7 3068 4098058
7 3069 976888
7 3070 974772
7 3071 974563
7 3072 2321394
7 3073 977886
7 3074 2320253
7 3075 978479
7 3076 975168
7 3077 975421
7 3078 2326568
7 3079 977866
7 3080 2313310
7 3081 971685
7 3082 978014
7 3083 974081
7 3084 2325778
7 3085 978234
7 3086 2319113
7 3087 973805
7 3088 977147
7 3089 976802
7 3090 972550
7 3091 972716
7 3092 975384
7 3093 971618
7 3094 974992
7 3095 972145
7 3096 4075780
7 3097 978075
7 3098 4077992
7 3099 978267
7 3100 975113
7 3101 974799
7 3102 4095102
7 3103 978267
7 3104 4071892
7 3105 972092
7 3106 978466
7 3107 977019
7 3108 4100390
7 3109 978688
7 3110 4084272
7 3111 975247
7 3112 977365
7 3113 976646
7 3114 972716
7 3115 972626
7 3116 975181
7 3117 971779
7 3118 974896
7 3119 971709
7 3120 2279884
7 3121 4019378
7 3122 2303108
7 3123 969301
7 3124 4054508
7 3125 968505
7 3126 2279495
7 3127 4017394
7 3128 2320206
7 3129 974693
7 3130 4094704
7 3131 974867
7 3132 2326019
7 3133 977940
7 3134 2315923
7 3135 977240
7 3136 975421
7 3137 974726
7 3138 4096870
7 3139 977425
7 3140 4102176
7 3141 977652
7 3142 975168
7 3143 971623
7 3144 2272372
7 3145 4000958
7 3146 2293355
7 3147 968262
7 3148 4047646
7 3149 965375
7 3150 2279067
7 3151 4015380
7 3152 2306446
7 3153 968147
7 3154 4050470
7 3155 968335
7 3156 2309783
7 3157 974922
7 3158 2312263
7 3159 970997
7 3160 972334
7 3161 971730
7 3162 4078790
7 3163 971539
7 3164 4082422
7 3165 974180
7 3166 972087
7 3167 968798
7 3168 2265438
7 3169 3972126
7 3170 2306609
7 3171 969544
7 3172 4045654
7 3173 969540
7 3174 2265255
7 3175 3972088
7 3176 2298378
7 3177 965528
7 3178 4022766
7 3179 965537
7 3180 2303074
7 3181 971151
7 3182 2303116
7 3183 970945
7 3184 965264
7 3185 965264
7 3186 4029152
7 3187 972378
7 3188 4029466
7 3189 971653
7 3190 965602
7 3191 965602
7 3192 2319998
7 3193 975420
7 3194 2318374
7 3195 977467
7 3196 977425
7 3197 977940
7 3198 2320202
7 3199 975331
7 3200 2315504
7 3201 974010
7 3202 977646
7 3203 977172
7 3204 2304589
7 3205 971744
7 3206 2301424
7 3207 970778
7 3208 967819
7 3209 967819
7 3210 971740
7 3211 974533
7 3212 972156
7 3213 973980
7 3214 970597
7 3215 970597
7 3216 4076250
7 3217 975113
7 3218 4098904
7 3219 978466
7 3220 977702
7 3221 974812
7 3222 4078546
7 3223 974799
7 3224 4095458
7 3225 977019
7 3226 974812
7 3227 974577
7 3228 4067978
7 3229 977365
7 3230 4068150
7 3231 976646
7 3232 970662
7 3233 970662
7 3234 971803
7 3235 974246
7 3236 972134
7 3237 973774
7 3238 968197
7 3239 968197
7 3240 2266314
7 3241 3973262
7 3242 2307996
7 3243 969772
7 3244 4052086
7 3245 969699
7 3246 2272753
7 3247 3998166
7 3248 2313365
7 3249 972072
7 3250 4071112
7 3251 972084
7 3252 2311967
7 3253 974726
7 3254 2312993
7 3255 975539
7 3256 969699
7 3257 969772
7 3258 4050418
7 3259 975421
7 3260 4060462
7 3261 975636
7 3262 969540
7 3263 969701
7 3264 2273299
7 3265 3998222
7 3266 2306679
7 3267 969536
7 3268 4055062
7 3269 969126
7 3270 2265133
7 3271 3972124
7 3272 2299032
7 3273 965686
7 3274 4023610
7 3275 965700
7 3276 2319564
7 3277 975095
7 3278 2317624
7 3279 973708
7 3280 972237
7 3281 972129
7 3282 4077580
7 3283 974799
7 3284 4070830
7 3285 974465
7 3286 972201
7 3287 971613
7 3288 2264719
7 3289 3973134
7 3290 2305455
7 3291 969005
7 3292 4045864
7 3293 968894
7 3294 2253926
7 3295 3971394
7 3296 2287534
7 3297 962275
7 3298 4021746
7 3299 962275
7 3300 2296471
7 3301 968729
7 3302 2294725
7 3303 968232
7 3304 962598
7 3305 962598
7 3306 4027700
7 3307 971377
7 3308 4027970
7 3309 968338
7 3310 962597
7 3311 962597
7 3312 2296598
7 3313 969539
7 3314 2299774
7 3315 972263
7 3316 968505
7 3317 969301
7 3318 2299725
7 3319 969565
7 3320 2297692
7 3321 968549
7 3322 971924
7 3323 971076
7 3324 2297796
7 3325 971336
7 3326 2294445
7 3327 968385
7 3328 967989
7 3329 967989
7 3330 962171
7 3331 962776
7 3332 962776
7 3333 962164
7 3334 962171
7 3335 962171
7 3336 4024070
7 3337 972716
7 3338 4035098
7 3339 975181
7 3340 971803
7 3341 972134
7 3342 4034846
7 3343 972626
7 3344 4028342
7 3345 971779
7 3346 974246
7 3347 973774
7 3348 4028706
7 3349 974896
7 3350 4027978
7 3351 971709
7 3352 968197
7 3353 968197
7 3354 962247
7 3355 962783
7 3356 962783
7 3357 962241
7 3358 962247
7 3359 962247
7 3360 2287319
7 3361 968894
7 3362 2297303
7 3363 972084
7 3364 969126
7 3365 969699
7 3366 2297025
7 3367 969540
7 3368 2305532
7 3369 972318
7 3370 974773
7 3371 975075
7 3372 2305417
7 3373 974867
7 3374 2297153
7 3375 972350
7 3376 972532
7 3377 972368
7 3378 965375
7 3379 968505
7 3380 968736
7 3381 968866
7 3382 969040
7 3383 968794
7 3384 2297504
7 3385 969548
7 3386 2297496
7 3387 972426
7 3388 969467
7 3389 969540
7 3390 2303793
7 3391 969391
7 3392 2290498
7 3393 965527
7 3394 972476
7 3395 971506
7 3396 2304340
7 3397 974680
7 3398 2305034
7 3399 968867
7 3400 974862
7 3401 974522
7 3402 971740
7 3403 971803
7 3404 973962
7 3405 968259
7 3406 973913
7 3407 971419
7 3408 2304382
7 3409 969553
7 3410 2304450
7 3411 974612
7 3412 975017
7 3413 974757
7 3414 2297332
7 3415 968912
7 3416 2304547
7 3417 968859
7 3418 972161
7 3419 971992
7 3420 2287061
7 3421 968491
7 3422 2288376
7 3423 965303
7 3424 965497
7 3425 965497
7 3426 971845
7 3427 974087
7 3428 971936
7 3429 973581
7 3430 967686
7 3431 967686
7 3432 2290853
7 3433 969195
7 3434 2297551
7 3435 971635
7 3436 969040
7 3437 969547
7 3438 2298070
7 3439 969306
7 3440 2289680
7 3441 965688
7 3442 971900
7 3443 971353
7 3444 2290474
7 3445 968685
7 3446 2283670
7 3447 965150
7 3448 965446
7 3449 965446
7 3450 964716
7 3451 965389
7 3452 965389
7 3453 964708
7 3454 964716
7 3455 964716
7 3456 958809
7 3457 962171
7 3458 962007
7 3459 964721
7 3460 964716
7 3461 962334
7 3462 962171
7 3463 962247
7 3464 964721
7 3465 958714
7 3466 964556
7 3467 964384
7 3468 964716
7 3469 964556
7 3470 962334
7 3471 964384
7 3472 958724
7 3473 958724
7 3474 958809
7 3475 961767
7 3476 961767
7 3477 958728
7 3478 958809
7 3479 958809
7 3480 3995786
7 3481 971448
7 3482 4028246
7 3483 974298
7 3484 972284
7 3485 972237
7 3486 4023422
7 3487 971770
7 3488 4051724
7 3489 974761
7 3490 977223
7 3491 977320
7 3492 4050768
7 3493 977147
7 3494 4032316
7 3495 975306
7 3496 974862
7 3497 974509
7 3498 971031
7 3499 971924
7 3500 971930
7 3501 971893
7 3502 971900
7 3503 971223
7 3504 4025518
7 3505 971952
7 3506 4028444
7 3507 974772
7 3508 972462
7 3509 972201
7 3510 4047408
7 3511 972378
7 3512 4020140
7 3513 968064
7 3514 975500
7 3515 974209
7 3516 4050370
7 3517 977365
7 3518 4051624
7 3519 971915
7 3520 976715
7 3521 976529
7 3522 974533
7 3523 974246
7 3524 977147
7 3525 973733
7 3526 976932
7 3527 974081
7 3528 4047428
7 3529 972360
7 3530 4048654
7 3531 977430
7 3532 977822
7 3533 977151
7 3534 4029340
7 3535 971377
7 3536 4049750
7 3537 971695
7 3538 974784
7 3539 974312
7 3540 4023012
7 3541 974323
7 3542 4023084
7 3543 971387
7 3544 967928
7 3545 967928
7 3546 974087
7 3547 974208
7 3548 974074
7 3549 973762
7 3550 970415
7 3551 970415
7 3552 4021554
7 3553 974992
7 3554 4045824
7 3555 977450
7 3556 973913
7 3557 974758
7 3558 4045780
7 3559 974896
7 3560 4022462
7 3561 971684
7 3562 976932
7 3563 975883
7 3564 4023548
7 3565 974806
7 3566 4022624
7 3567 971177
7 3568 970582
7 3569 970582
7 3570 964556
7 3571 965370
7 3572 965370
7 3573 964546
7 3574 964556
7 3575 964556
7 3576 961767
7 3577 962776
7 3578 962674
7 3579 965402
7 3580 965389
7 3581 962804
7 3582 962776
7 3583 962783
7 3584 965402
7 3585 961755
7 3586 965370
7 3587 965333
7 3588 965389
7 3589 965370
7 3590 962804
7 3591 965333
7 3592 961755
7 3593 961755
7 3594 961767
7 3595 964470
7 3596 964470
7 3597 961690
7 3598 961767
7 3599 961767
7 3600 2285741
7 3601 2527641
7 3602 2294686
7 3603 971065
7 3604 2562785
7 3605 968996
7 3606 2295315
7 3607 2531397
7 3608 2305908
7 3609 972077
7 3610 2588219
7 3611 974693
7 3612 2305663
7 3613 974458
7 3614 2295206
7 3615 972320
7 3616 972394
7 3617 972072
7 3618 2561462
7 3619 969530
7 3620 2575079
7 3621 969544
7 3622 969575
7 3623 969005
7 3624 2295346
7 3625 2531946
7 3626 2295387
7 3627 971612
7 3628 2566879
7 3629 969150
7 3630 2310302
7 3631 2549915
7 3632 2306936
7 3633 971574
7 3634 2596943
7 3635 975099
7 3636 2311766
7 3637 977462
7 3638 2313455
7 3639 972577
7 3640 977632
7 3641 977645
7 3642 2611758
7 3643 974838
7 3644 2618119
7 3645 975155
7 3646 977930
7 3647 975237
7 3648 2309509
7 3649 2549516
7 3650 2311860
7 3651 977462
7 3652 2605423
7 3653 977240
7 3654 2296030
7 3655 2533501
7 3656 2313805
7 3657 972577
7 3658 2597261
7 3659 975250
7 3660 2305967
7 3661 975250
7 3662 2306306
7 3663 972577
7 3664 972318
7 3665 972320
7 3666 2593748
7 3667 977467
7 3668 2601375
7 3669 977462
7 3670 974612
7 3671 974458
7 3672 2304117
7 3673 975237
7 3674 2308525
7 3675 977645
7 3676 974646
7 3677 975539
7 3678 2312079
7 3679 975155
7 3680 2304478
7 3681 972577
7 3682 978095
7 3683 977462
7 3684 2305176
7 3685 975099
7 3686 2289550
7 3687 971574
7 3688 972350
7 3689 972077
7 3690 971394
7 3691 972263
7 3692 972263
7 3693 971612
7 3694 971635
7 3695 971065
7 3696 2524380
7 3697 968432
7 3698 2555689
7 3699 971151
7 3700 971156
7 3701 968729
7 3702 2562039
7 3703 968675
7 3704 2568132
7 3705 968428
7 3706 971583
7 3707 971741
7 3708 2566088
7 3709 971744
7 3710 2569950
7 3711 971922
7 3712 968491
7 3713 968565
7 3714 968518
7 3715 971336
7 3716 971323
7 3717 968575
7 3718 968685
7 3719 967937
7 3720 2295112
7 3721 2533994
7 3722 2296423
7 3723 971635
7 3724 2566879
7 3725 969195
7 3726 2295545
7 3727 2529744
7 3728 2306760
7 3729 972350
7 3730 2592925
7 3731 974867
7 3732 2306345
7 3733 974612
7 3734 2294988
7 3735 972318
7 3736 972426
7 3737 972084
7 3738 2565024
7 3739 969553
7 3740 2571980
7 3741 969540
7 3742 969548
7 3743 968894
7 3744 2302972
7 3745 2549364
7 3746 2303715
7 3747 972263
7 3748 2565504
7 3749 969562
7 3750 2303343
7 3751 2530581
7 3752 2291059
7 3753 965058
7 3754 2568854
7 3755 971078
7 3756 2319190
7 3757 975525
7 3758 2306808
7 3759 968716
7 3760 975634
7 3761 974491
7 3762 2598056
7 3763 972973
7 3764 2600893
7 3765 971747
7 3766 975962
7 3767 972375
7 3768 2309503
7 3769 2549148
7 3770 2319407
7 3771 978095
7 3772 2604102
7 3773 977652
7 3774 2311110
7 3775 2549586
7 3776 2306286
7 3777 968552
7 3778 2572243
7 3779 971705
7 3780 2313198
7 3781 975027
7 3782 2312983
7 3783 971568
7 3784 974761
7 3785 974706
7 3786 2609613
7 3787 978466
7 3788 2617912
7 3789 976779
7 3790 977430
7 3791 976807
7 3792 2318593
7 3793 977930
7 3794 2308945
7 3795 977632
7 3796 975832
7 3797 975636
7 3798 2325244
7 3799 978116
7 3800 2312028
7 3801 971429
7 3802 978565
7 3803 977090
7 3804 2318349
7 3805 976001
7 3806 2304175
7 3807 968652
7 3808 975306
7 3809 974734
7 3810 975384
7 3811 975181
7 3812 978107
7 3813 974538
7 3814 977450
7 3815 974265
7 3816 2584399
7 3817 971952
7 3818 2591119
7 3819 972378
7 3820 972360
7 3821 971377
7 3822 2598767
7 3823 974772
7 3824 2587939
7 3825 968064
7 3826 977430
7 3827 971695
7 3828 2601144
7 3829 977365
7 3830 2595664
7 3831 971915
7 3832 974323
7 3833 971387
7 3834 974992
7 3835 974896
7 3836 977450
7 3837 971684
7 3838 974806
7 3839 971177
7 3840 2303441
7 3841 2549368
7 3842 2303703
7 3843 972263
7 3844 2565465
7 3845 969539
7 3846 2309530
7 3847 2548997
7 3848 2320061
7 3849 975099
7 3850 2611298
7 3851 977960
7 3852 2319296
7 3853 977467
7 3854 2313256
7 3855 975250
7 3856 978479
7 3857 977819
7 3858 2613427
7 3859 975420
7 3860 2612845
7 3861 975321
7 3862 977886
7 3863 974933
7 3864 2295866
7 3865 2533962
7 3866 2295443
7 3867 971394
7 3868 2563487
7 3869 968586
7 3870 2310391
7 3871 2549599
7 3872 2306773
7 3873 968721
7 3874 2572559
7 3875 972009
7 3876 2312711
7 3877 975591
7 3878 2306618
7 3879 968767
7 3880 975645
7 3881 974788
7 3882 2598312
7 3883 972087
7 3884 2598705
7 3885 972031
7 3886 975554
7 3887 971861
7 3888 2303381
7 3889 2530502
7 3890 2313109
7 3891 975155
7 3892 2592070
7 3893 975321
7 3894 2303342
7 3895 2530520
7 3896 2312370
7 3897 971263
7 3898 2569428
7 3899 971960
7 3900 2290796
7 3901 968428
7 3902 2290902
7 3903 965607
7 3904 965327
7 3905 965327
7 3906 2571716
7 3907 975500
7 3908 2574663
7 3909 974924
7 3910 970505
7 3911 970505
7 3912 2311579
7 3913 974838
7 3914 2316719
7 3915 977462
7 3916 977401
7 3917 978155
7 3918 2317638
7 3919 974924
7 3920 2304411
7 3921 971084
7 3922 977694
7 3923 976922
7 3924 2304864
7 3925 971922
7 3926 2302824
7 3927 970880
7 3928 968298
7 3929 968298
7 3930 973962
7 3931 977147
7 3932 974821
7 3933 976224
7 3934 973222
7 3935 973222
7 3936 2589202
7 3937 972462
7 3938 2605907
7 3939 975500
7 3940 977822
7 3941 974784
7 3942 2592477
7 3943 972201
7 3944 2606803
7 3945 974209
7 3946 977151
7 3947 974312
7 3948 2589666
7 3949 976715
7 3950 2591238
7 3951 976529
7 3952 967928
7 3953 967928
7 3954 973913
7 3955 976932
7 3956 974758
7 3957 975883
7 3958 970582
7 3959 970582
7 3960 2302994
7 3961 2530490
7 3962 2317847
7 3963 975539
7 3964 2591480
7 3965 974726
7 3966 2309660
7 3967 2546679
7 3968 2326235
7 3969 977645
7 3970 2609917
7 3971 977819
7 3972 2312133
7 3973 977240
7 3974 2316877
7 3975 977462
7 3976 975075
7 3977 975243
7 3978 2589243
7 3979 977940
7 3980 2598494
7 3981 978155
7 3982 974757
7 3983 974758
7 3984 2309635
7 3985 2546961
7 3986 2309859
7 3987 974646
7 3988 2590339
7 3989 971623
7 3990 2302355
7 3991 2529346
7 3992 2312296
7 3993 971099
7 3994 2569664
7 3995 971735
7 3996 2315836
7 3997 977624
7 3998 2307931
7 3999 971080
7 4000 977320
7 4001 976805
7 4002 2611975
7 4003 974812
7 4004 2615147
7 4005 977016
7 4006 977151
7 4007 974101
7 4008 2302842
7 4009 2530572
7 4010 2319380
7 4011 975237
7 4012 2594054
7 4013 974933
7 4014 2291337
7 4015 2526977
7 4016 2302651
7 4017 968476
7 4018 2566526
7 4019 968592
7 4020 2304928
7 4021 971741
7 4022 2302814
7 4023 970648
7 4024 968144
7 4025 968144
7 4026 2572291
7 4027 974784
7 4028 2573540
7 4029 971876
7 4030 968435
7 4031 968435
7 4032 2290156
7 4033 969150
7 4034 2297849
7 4035 971612
7 4036 968866
7 4037 969527
7 4038 2297903
7 4039 969312
7 4040 2286904
7 4041 965299
7 4042 971893
7 4043 971051
7 4044 2289574
7 4045 968575
7 4046 2285222
7 4047 965218
7 4048 965288
7 4049 965288
7 4050 964721
7 4051 965402
7 4052 965402
7 4053 964713
7 4054 964721
7 4055 964721
7 4056 2554201
7 4057 974533
7 4058 2565139
7 4059 977147
7 4060 974087
7 4061 974074
7 4062 2564876
7 4063 974246
7 4064 2565982
7 4065 973733
7 4066 974208
7 4067 973762
7 4068 2565773
7 4069 976932
7 4070 2565297
7 4071 974081
7 4072 970415
7 4073 970415
7 4074 964556
7 4075 965370
7 4076 965370
7 4077 964546
7 4078 964556
7 4079 964556
7 4080 2287214
7 4081 969005
7 4082 2296404
7 4083 972072
7 4084 969536
7 4085 969772
7 4086 2296415
7 4087 969544
7 4088 2304248
7 4089 972320
7 4090 975004
7 4091 975243
7 4092 2300506
7 4093 974693
7 4094 2291585
7 4095 972077
7 4096 972368
7 4097 971932
7 4098 968262
7 4099 969301
7 4100 969316
7 4101 969527
7 4102 969547
7 4103 969089
7 4104 2297103
7 4105 969575
7 4106 2296265
7 4107 972394
7 4108 969710
7 4109 969701
7 4110 2303140
7 4111 969548
7 4112 2289639
7 4113 965533
7 4114 972714
7 4115 972032
7 4116 2297044
7 4117 974438
7 4118 2301547
7 4119 968540
7 4120 974509
7 4121 974241
7 4122 972156
7 4123 972134
7 4124 974821
7 4125 971272
7 4126 974758
7 4127 972182
7 4128 2303072
7 4129 969530
7 4130 2300691
7 4131 974458
7 4132 975007
7 4133 974758
7 4134 2293631
7 4135 968525
7 4136 2300556
7 4137 968686
7 4138 971786
7 4139 971920
7 4140 2286215
7 4141 968565
7 4142 2284740
7 4143 965218
7 4144 965434
7 4145 965434
7 4146 971936
7 4147 974074
7 4148 971763
7 4149 973769
7 4150 970264
7 4151 970264
7 4152 2285687
7 4153 968996
7 4154 2288616
7 4155 971065
7 4156 968794
7 4157 969089
7 4158 2291453
7 4159 968822
7 4160 2281067
7 4161 965137
7 4162 971223
7 4163 970831
7 4164 2278269
7 4165 967937
7 4166 2253926
7 4167 962024
7 4168 962361
7 4169 962361
7 4170 962334
7 4171 962804
7 4172 962804
7 4173 962329
7 4174 962334
7 4175 962334
7 4176 961767
7 4177 962776
7 4178 962674
7 4179 965402
7 4180 965389
7 4181 962804
7 4182 962776
7 4183 962783
7 4184 965402
7 4185 961755
7 4186 965370
7 4187 965333
7 4188 965389
7 4189 965370
7 4190 962804
7 4191 965333
7 4192 961755
7 4193 961755
7 4194 961767
7 4195 964470
7 4196 964470
7 4197 961690
7 4198 961767
7 4199 961767
7 4200 2486703
7 4201 962176
7 4202 2522975
7 4203 965264
7 4204 965426
7 4205 962598
7 4206 2521511
7 4207 962335
7 4208 2545914
7 4209 965327
7 4210 967809
7 4211 968144
7 4212 2540763
7 4213 967819
7 4214 2531679
7 4215 968298
7 4216 965497
7 4217 965434
7 4218 965239
7 4219 967989
7 4220 967988
7 4221 965288
7 4222 965446
7 4223 962361
7 4224 2519627
7 4225 962745
7 4226 2524138
7 4227 965602
7 4228 965600
7 4229 962597
7 4230 2538743
7 4231 965602
7 4232 2524672
7 4233 958714
7 4234 970505
7 4235 965148
7 4236 2541330
7 4237 970662
7 4238 2548112
7 4239 964899
7 4240 967928
7 4241 967620
7 4242 970597
7 4243 968197
7 4244 973222
7 4245 967613
7 4246 970582
7 4247 965472
7 4248 2541826
7 4249 965600
7 4250 2540634
7 4251 970505
7 4252 970734
7 4253 968435
7 4254 2528762
7 4255 962597
7 4256 2545024
7 4257 965148
7 4258 968435
7 4259 965291
7 4260 2529609
7 4261 967928
7 4262 2530532
7 4263 967620
7 4264 958710
7 4265 958710
7 4266 967686
7 4267 970415
7 4268 970264
7 4269 967298
7 4270 964655
7 4271 964655
7 4272 2522438
7 4273 970597
7 4274 2545412
7 4275 973222
7 4276 967686
7 4277 970264
7 4278 2545365
7 4279 968197
7 4280 2529354
7 4281 967613
7 4282 970415
7 4283 967298
7 4284 2530745
7 4285 970582
7 4286 2528569
7 4287 965472
7 4288 964655
7 4289 964655
7 4290 958724
7 4291 961755
7 4292 961755
7 4293 958642
7 4294 958724
7 4295 958724
7 4296 958809
7 4297 962171
7 4298 962007
7 4299 964721
7 4300 964716
7 4301 962334
7 4302 962171
7 4303 962247
7 4304 964721
7 4305 958714
7 4306 964556
7 4307 964384
7 4308 964716
7 4309 964556
7 4310 962334
7 4311 964384
7 4312 958724
7 4313 958724
7 4314 958809
7 4315 961767
7 4316 961767
7 4317 958728
7 4318 958809
7 4319 958809
7 4320 3971394
7 4321 2489671
7 4322 3996476
7 4323 964967
7 4324 2522657
7 4325 962262
7 4326 3997108
7 4327 2491624
7 4328 4025154
7 4329 965584
7 4330 2546704
7 4331 968147
7 4332 4024104
7 4333 967984
7 4334 4001248
7 4335 968328
7 4336 965757
7 4337 965686
7 4338 2529810
7 4339 968233
7 4340 2554538
7 4341 965528
7 4342 965698
7 4343 962275
7 4344 3995502
7 4345 2492312
7 4346 3996532
7 4347 965378
7 4348 2524671
7 4349 962348
7 4350 4042148
7 4351 2514035
7 4352 4028246
7 4353 965058
7 4354 2573529
7 4355 968721
7 4356 4041600
7 4357 973622
7 4358 4047776
7 4359 968552
7 4360 971306
7 4361 971099
7 4362 2594001
7 4363 970988
7 4364 2597207
7 4365 971263
7 4366 973880
7 4367 968476
7 4368 4041398
7 4369 2513671
7 4370 4041802
7 4371 973390
7 4372 2563109
7 4373 970997
7 4374 3999942
7 4375 2493789
7 4376 4047612
7 4377 968716
7 4378 2575400
7 4379 968767
7 4380 4028404
7 4381 971685
7 4382 4027678
7 4383 971429
7 4384 965527
7 4385 965533
7 4386 2555765
7 4387 974010
7 4388 2580528
7 4389 971084
7 4390 968859
7 4391 968686
7 4392 4025458
7 4393 973854
7 4394 4047390
7 4395 976501
7 4396 971142
7 4397 973708
7 4398 4047364
7 4399 971228
7 4400 4025690
7 4401 971568
7 4402 973934
7 4403 971080
7 4404 4027568
7 4405 973805
7 4406 4001518
7 4407 968652
7 4408 968867
7 4409 968540
7 4410 965524
7 4411 968549
7 4412 968551
7 4413 965299
7 4414 965688
7 4415 965137
7 4416 2522325
7 4417 968394
7 4418 2554198
7 4419 970945
7 4420 970944
7 4421 968232
7 4422 2556126
7 4423 968454
7 4424 2559269
7 4425 965607
7 4426 970786
7 4427 970648
7 4428 2555887
7 4429 970778
7 4430 2561253
7 4431 970880
7 4432 965303
7 4433 965218
7 4434 965536
7 4435 968385
7 4436 968229
7 4437 965218
7 4438 965150
7 4439 962024
7 4440 3994850
7 4441 2494164
7 4442 4000666
7 4443 965388
7 4444 2525130
7 4445 962455
7 4446 3998152
7 4447 2489815
7 4448 4026352
7 4449 965843
7 4450 2550247
7 4451 968335
7 4452 4026088
7 4453 968148
7 4454 4001232
7 4455 968342
7 4456 965777
7 4457 965700
7 4458 2532182
7 4459 968255
7 4460 2554616
7 4461 965537
7 4462 965703
7 4463 962275
7 4464 4021382
7 4465 2510427
7 4466 4025990
7 4467 966314
7 4468 2529042
7 4469 965328
7 4470 4025150
7 4471 2499124
7 4472 3996486
7 4473 958718
7 4474 2552023
7 4475 964881
7 4476 4066498
7 4477 974253
7 4478 4027206
7 4479 965095
7 4480 971747
7 4481 968260
7 4482 2587329
7 4483 971710
7 4484 2583392
7 4485 968260
7 4486 972375
7 4487 965681
7 4488 4043356
7 4489 2513946
7 4490 4069396
7 4491 974253
7 4492 2568602
7 4493 974180
7 4494 4047264
7 4495 2514988
7 4496 4025052
7 4497 965095
7 4498 2555639
7 4499 965258
7 4500 4049892
7 4501 972092
7 4502 4047736
7 4503 970815
7 4504 968064
7 4505 967944
7 4506 2569612
7 4507 977019
7 4508 2597303
7 4509 970719
7 4510 971695
7 4511 971067
7 4512 4068288
7 4513 976558
7 4514 4050120
7 4515 976888
7 4516 974259
7 4517 974465
7 4518 4089628
7 4519 976888
7 4520 4047574
7 4521 970815
7 4522 976779
7 4523 970719
7 4524 4068642
7 4525 975247
7 4526 4029576
7 4527 965904
7 4528 971915
7 4529 971212
7 4530 971618
7 4531 971779
7 4532 974538
7 4533 968419
7 4534 971684
7 4535 968380
7 4536 2578298
7 4537 971711
7 4538 2586159
7 4539 971653
7 4540 971436
7 4541 968338
7 4542 2597365
7 4543 974563
7 4544 2586412
7 4545 967944
7 4546 976807
7 4547 971067
7 4548 2597329
7 4549 976646
7 4550 2589987
7 4551 971212
7 4552 971387
7 4553 968229
7 4554 972145
7 4555 971709
7 4556 974265
7 4557 968380
7 4558 971177
7 4559 965239
7 4560 4023226
7 4561 2510642
7 4562 4026022
7 4563 966331
7 4564 2528809
7 4565 965329
7 4566 4041732
7 4567 2513993
7 4568 4068332
7 4569 971078
7 4570 2591685
7 4571 972009
7 4572 4066866
7 4573 974251
7 4574 4050330
7 4575 971705
7 4576 974427
7 4577 971735
7 4578 2595851
7 4579 974253
7 4580 2598376
7 4581 971960
7 4582 974651
7 4583 968592
7 4584 3999094
7 4585 2494621
7 4586 4001012
7 4587 965328
7 4588 2525545
7 4589 962283
7 4590 4045428
7 4591 2515062
7 4592 4027092
7 4593 964881
7 4594 2558376
7 4595 965959
7 4596 4049910
7 4597 974180
7 4598 4027964
7 4599 965258
7 4600 972031
7 4601 968747
7 4602 2588144
7 4603 968798
7 4604 2586035
7 4605 968747
7 4606 971861
7 4607 965679
7 4608 4027050
7 4609 2499428
7 4610 4048144
7 4611 971747
7 4612 2576924
7 4613 972031
7 4614 4026178
7 4615 2499266
7 4616 4045602
7 4617 968260
7 4618 2561941
7 4619 968747
7 4620 3999312
7 4621 968064
7 4622 3999386
7 4623 967944
7 4624 958714
7 4625 958714
7 4626 2556643
7 4627 974209
7 4628 2564556
7 4629 973423
7 4630 965148
7 4631 965148
7 4632 4046430
7 4633 974259
7 4634 4070406
7 4635 976779
7 4636 974470
7 4637 977016
7 4638 4066652
7 4639 974465
7 4640 4045248
7 4641 970719
7 4642 977016
7 4643 973564
7 4644 4026402
7 4645 971915
7 4646 4026372
7 4647 971212
7 4648 964899
7 4649 964899
7 4650 968259
7 4651 973733
7 4652 971272
7 4653 970378
7 4654 967613
7 4655 967613
7 4656 2578183
7 4657 971777
7 4658 2596589
7 4659 974924
7 4660 976878
7 4661 971876
7 4662 2588546
7 4663 971613
7 4664 2601555
7 4665 973423
7 4666 974101
7 4667 971342
7 4668 2584216
7 4669 976529
7 4670 2587980
7 4671 976127
7 4672 967620
7 4673 967620
7 4674 971419
7 4675 974081
7 4676 972182
7 4677 973183
7 4678 965472
7 4679 965472
7 4680 4026252
7 4681 2498939
7 4682 4068296
7 4683 972443
7 4684 2572195
7 4685 971730
7 4686 4046432
7 4687 2514301
7 4688 4089718
7 4689 974491
7 4690 2594891
7 4691 974788
7 4692 4049786
7 4693 974081
7 4694 4068704
7 4695 977090
7 4696 971506
7 4697 972032
7 4698 2555958
7 4699 977172
7 4700 2585041
7 4701 976922
7 4702 971992
7 4703 971920
7 4704 4046458
7 4705 2514778
7 4706 4049994
7 4707 971710
7 4708 2571510
7 4709 968798
7 4710 4024332
7 4711 2498025
7 4712 4047378
7 4713 968260
7 4714 2562054
7 4715 968747
7 4716 4070376
7 4717 977019
7 4718 4045460
7 4719 970719
7 4720 974209
7 4721 973423
7 4722 2597168
7 4723 974577
7 4724 2600834
7 4725 973564
7 4726 974312
7 4727 971342
7 4728 4026360
7 4729 2499434
7 4730 4068494
7 4731 972375
7 4732 2580447
7 4733 971861
7 4734 3999430
7 4735 2494323
7 4736 4028360
7 4737 965681
7 4738 2558543
7 4739 965679
7 4740 4026312
7 4741 971695
7 4742 4026178
7 4743 971067
7 4744 965148
7 4745 965148
7 4746 2561846
7 4747 974312
7 4748 2568618
7 4749 971342
7 4750 965291
7 4751 965291
7 4752 3999282
7 4753 971618
7 4754 4024626
7 4755 974538
7 4756 968259
7 4757 971272
7 4758 4024626
7 4759 971779
7 4760 3998488
7 4761 968419
7 4762 973733
7 4763 970378
7 4764 3999610
7 4765 971684
7 4766 3999444
7 4767 968380
7 4768 967613
7 4769 967613
7 4770 958714
7 4771 961755
7 4772 961755
7 4773 958632
7 4774 958714
7 4775 958714
7 4776 2521385
7 4777 973980
7 4778 2551848
7 4779 976224
7 4780 973581
7 4781 973769
7 4782 2547821
7 4783 973774
7 4784 2553885
7 4785 970378
7 4786 973762
7 4787 973033
7 4788 2556521
7 4789 975883
7 4790 2558620
7 4791 973183
7 4792 967298
7 4793 967298
7 4794 964384
7 4795 965333
7 4796 965333
7 4797 964372
7 4798 964384
7 4799 964384
7 4800 3995756
7 4801 971160
7 4802 4025458
7 4803 974252
7 4804 971682
7 4805 972129
7 4806 4023262
7 4807 971398
7 4808 4045924
7 4809 974706
7 4810 976634
7 4811 976805
7 4812 4045748
7 4813 976802
7 4814 4027612
7 4815 974734
7 4816 974522
7 4817 974241
7 4818 967815
7 4819 971076
7 4820 971299
7 4821 971051
7 4822 971353
7 4823 970831
7 4824 4025266
7 4825 971711
7 4826 4026340
7 4827 974563
7 4828 971777
7 4829 971613
7 4830 4045584
7 4831 971653
7 4832 3998200
7 4833 967944
7 4834 974924
7 4835 973423
7 4836 4043740
7 4837 976646
7 4838 4041986
7 4839 971212
7 4840 976529
7 4841 976127
7 4842 973980
7 4843 973774
7 4844 976224
7 4845 970378
7 4846 975883
7 4847 973183
7 4848 4045600
7 4849 971436
7 4850 4043720
7 4851 976807
7 4852 976878
7 4853 974101
7 4854 4027490
7 4855 968338
7 4856 4041840
7 4857 971067
7 4858 971876
7 4859 971342
7 4860 3998520
7 4861 971387
7 4862 3998504
7 4863 968229
7 4864 967620
7 4865 967620
7 4866 973581
7 4867 973762
7 4868 973769
7 4869 973033
7 4870 967298
7 4871 967298
7 4872 3999394
7 4873 972145
7 4874 4024562
7 4875 974265
7 4876 971419
7 4877 972182
7 4878 4024594
7 4879 971709
7 4880 3998500
7 4881 968380
7 4882 974081
7 4883 973183
7 4884 3999530
7 4885 971177
7 4886 3998488
7 4887 965239
7 4888 965472
7 4889 965472
7 4890 964384
7 4891 965333
7 4892 965333
7 4893 964372
7 4894 964384
7 4895 964384
7 4896 958728
7 4897 962164
7 4898 961999
7 4899 964713
7 4900 964708
7 4901 962329
7 4902 962164
7 4903 962241
7 4904 964713
7 4905 958632
7 4906 964546
7 4907 964372
7 4908 964708
7 4909 964546
7 4910 962329
7 4911 964372
7 4912 958642
7 4913 958642
7 4914 958728
7 4915 961690
7 4916 961690
7 4917 958647
7 4918 958728
7 4919 958728
7 4920 2486703
7 4921 962176
7 4922 2522975
7 4923 965264
7 4924 965426
7 4925 962598
7 4926 2521511
7 4927 962335
7 4928 2545914
7 4929 965327
7 4930 967809
7 4931 968144
7 4932 2540763
7 4933 967819
7 4934 2531679
7 4935 968298
7 4936 965497
7 4937 965434
7 4938 965239
7 4939 967989
7 4940 967988
7 4941 965288
7 4942 965446
7 4943 962361
7 4944 2519627
7 4945 962745
7 4946 2524138
7 4947 965602
7 4948 965600
7 4949 962597
7 4950 2538743
7 4951 965602
7 4952 2524672
7 4953 958714
7 4954 970505
7 4955 965148
7 4956 2541330
7 4957 970662
7 4958 2548112
7 4959 964899
7 4960 967928
7 4961 967620
7 4962 970597
7 4963 968197
7 4964 973222
7 4965 967613
7 4966 970582
7 4967 965472
7 4968 2541826
7 4969 965600
7 4970 2540634
7 4971 970505
7 4972 970734
7 4973 968435
7 4974 2528762
7 4975 962597
7 4976 2545024
7 4977 965148
7 4978 968435
7 4979 965291
7 4980 2529609
7 4981 967928
7 4982 2530532
7 4983 967620
7 4984 958710
7 4985 958710
7 4986 967686
7 4987 970415
7 4988 970264
7 4989 967298
7 4990 964655
7 4991 964655
7 4992 2522438
7 4993 970597
7 4994 2545412
7 4995 973222
7 4996 967686
7 4997 970264
7 4998 2545365
7 4999 968197
7 5000 2529354
7 5001 967613
7 5002 970415
7 5003 967298
7 5004 2530745
7 5005 970582
7 5006 2528569
7 5007 965472
7 5008 964655
7 5009 964655
7 5010 958724
7 5011 961755
7 5012 961755
7 5013 958642
7 5014 958724
7 5015 958724
7 5016 958809
7 5017 962171
7 5018 962007
7 5019 964721
7 5020 964716
7 5021 962334
7 5022 962171
7 5023 962247
7 5024 964721
7 5025 958714
7 5026 964556
7 5027 964384
7 5028 964716
7 5029 964556
7 5030 962334
7 5031 964384
7 5032 958724
7 5033 958724
7 5034 958809
7 5035 961767
7 5036 961767
7 5037 958728
7 5038 958809
7 5039 958809
