3 0 39916800
3 1 39916800
3 2 39914252
3 3 39910612
3 4 39911256
3 5 39910612
4 0 39914252
4 1 39911256
4 2 39914252
4 3 39910612
4 4 39911256
4 5 39910612
4 6 38101895
4 7 38906348
4 8 38370958
4 9 37462780
4 10 39074614
4 11 37838638
4 12 38370958
4 13 38868640
4 14 38101895
4 15 37838638
4 16 38755560
4 17 37462780
4 18 38906348
4 19 38868640
4 20 39074614
4 21 37364999
4 22 38755560
4 23 37462780
5 0 38101895
5 1 38906348
5 2 38004596
5 3 38868640
5 4 39074614
5 5 38755560
5 6 38101895
5 7 38906348
5 8 38370958
5 9 37462780
5 10 39074614
5 11 37838638
5 12 38370958
5 13 38868640
5 14 38101895
5 15 37838638
5 16 38755560
5 17 37462780
5 18 38906348
5 19 38868640
5 20 39074614
5 21 37364999
5 22 38755560
5 23 37462780
5 24 23044469
5 25 28340756
5 26 22982092
5 27 30039400
5 28 28469535
5 29 29693596
5 30 23464948
5 31 28719535
5 32 23931304
5 33 21623264
5 34 28925180
5 35 22313294
5 36 23826565
5 37 30678181
5 38 23950707
5 39 22144235
5 40 30509871
5 41 22311261
5 42 28810599
5 43 30492211
5 44 29075555
5 45 22382570
5 46 30640326
5 47 22297435
5 48 23464948
5 49 28719535
5 50 23791795
5 51 26796528
5 52 29063891
5 53 26878545
5 54 23044469
5 55 28340756
5 56 23932627
5 57 22200666
5 58 28689699
5 59 22266326
5 60 23836612
5 61 26479741
5 62 23778395
5 63 22387585
5 64 26224296
5 65 21623264
5 66 28912634
5 67 27027709
5 68 28962216
5 69 22277607
5 70 26790221
5 71 22000726
5 72 23892419
5 73 30533940
5 74 23916301
5 75 26965441
5 76 30480502
5 77 26568164
5 78 23896123
5 79 30482789
5 80 23700895
5 81 22433630
5 82 30828679
5 83 22328543
5 84 23818208
5 85 26858003
5 86 23044469
5 87 22385720
5 88 26790221
5 89 22000726
5 90 29693596
5 91 26298165
5 92 30230185
5 93 21588591
5 94 26224296
5 95 21623264
5 96 28340756
5 97 30152083
5 98 28462266
5 99 26342901
5 100 30397974
5 101 26419812
5 102 28552979
5 103 30164189
5 104 28765759
5 105 21551776
5 106 30374525
5 107 22166708
5 108 28774391
5 109 26317607
5 110 28495541
5 111 22159536
5 112 26134938
5 113 21591638
5 114 29693596
5 115 26298165
5 116 30230185
5 117 21588591
5 118 26224296
5 119 21623264
6 0 23044469
6 1 28340756
6 2 22982092
6 3 30039400
6 4 28469535
6 5 29693596
6 6 23003621
6 7 28262342
6 8 23640728
6 9 26308843
6 10 28531428
6 11 26755298
6 12 23651217
6 13 30323855
6 14 22914076
6 15 26722069
6 16 30316684
6 17 26409699
6 18 28599104
6 19 30402026
6 20 28559877
6 21 26337760
6 22 30287126
6 23 26224296
6 24 23044469
6 25 28340756
6 26 22982092
6 27 30039400
6 28 28469535
6 29 29693596
6 30 23464948
6 31 28719535
6 32 23931304
6 33 21623264
6 34 28925180
6 35 22313294
6 36 23826565
6 37 30678181
6 38 23950707
6 39 22144235
6 40 30509871
6 41 22311261
6 42 28810599
6 43 30492211
6 44 29075555
6 45 22382570
6 46 30640326
6 47 22297435
6 48 23464948
6 49 28719535
6 50 23791795
6 51 26796528
6 52 29063891
6 53 26878545
6 54 23044469
6 55 28340756
6 56 23932627
6 57 22200666
6 58 28689699
6 59 22266326
6 60 23836612
6 61 26479741
6 62 23778395
6 63 22387585
6 64 26224296
6 65 21623264
6 66 28912634
6 67 27027709
6 68 28962216
6 69 22277607
6 70 26790221
6 71 22000726
6 72 23892419
6 73 30533940
6 74 23916301
6 75 26965441
6 76 30480502
6 77 26568164
6 78 23896123
6 79 30482789
6 80 23700895
6 81 22433630
6 82 30828679
6 83 22328543
6 84 23818208
6 85 26858003
6 86 23044469
6 87 22385720
6 88 26790221
6 89 22000726
6 90 29693596
6 91 26298165
6 92 30230185
6 93 21588591
6 94 26224296
6 95 21623264
6 96 28340756
6 97 30152083
6 98 28462266
6 99 26342901
6 100 30397974
6 101 26419812
6 102 28552979
6 103 30164189
6 104 28765759
6 105 21551776
6 106 30374525
6 107 22166708
6 108 28774391
6 109 26317607
6 110 28495541
6 111 22159536
6 112 26134938
6 113 21591638
6 114 29693596
6 115 26298165
6 116 30230185
6 117 21588591
6 118 26224296
6 119 21623264
6 120 6584611
6 121 9714204
6 122 6580262
6 123 13632913
6 124 9727411
6 125 13452964
6 126 6581292
6 127 9696259
6 128 6725405
6 129 12025777
6 130 9737545
6 131 12162214
6 132 6726232
6 133 13696773
6 134 6576507
6 135 12160644
6 136 13604538
6 137 12047475
6 138 9760102
6 139 13698650
6 140 9741659
6 141 12029370
6 142 13604753
6 143 11991139
6 144 6638055
6 145 9821237
6 146 6637255
6 147 13671355
6 148 9825335
6 149 13537113
6 150 6684379
6 151 9998958
6 152 6780409
6 153 6182271
6 154 10010228
6 155 6277620
6 156 6849595
6 157 13964929
6 158 6827364
6 159 6271041
6 160 13871262
6 161 6318498
6 162 9902658
6 163 13826951
6 164 10052743
6 165 6320266
6 166 13857127
6 167 6284432
6 168 6700179
6 169 9974114
6 170 6844089
6 171 12398817
6 172 10082881
6 173 12420669
6 174 6708839
6 175 10004694
6 176 6820881
6 177 6261173
6 178 9994384
6 179 6265453
6 180 6866322
6 181 12299265
6 182 6849546
6 183 6336893
6 184 12242023
6 185 6295063
6 186 10055740
6 187 12515426
6 188 10088792
6 189 6341827
6 190 12425182
6 191 6348804
6 192 6855825
6 193 13999278
6 194 6814172
6 195 12455889
6 196 13944972
6 197 12355255
6 198 6895828
6 199 14009289
6 200 6869338
6 201 6351669
6 202 13993551
6 203 6348566
6 204 6877630
6 205 12498370
6 206 6806432
6 207 6283077
6 208 12460055
6 209 6344300
6 210 13863223
6 211 12345178
6 212 13947236
6 213 6311186
6 214 12469672
6 215 6310881
6 216 9843477
6 217 13906930
6 218 9820359
6 219 12298271
6 220 13850919
6 221 12255860
6 222 9939400
6 223 13984314
6 224 10083325
6 225 6309940
6 226 14001213
6 227 6360792
6 228 10080026
6 229 12469831
6 230 10043079
6 231 6363509
6 232 12432047
6 233 6309694
6 234 13885893
6 235 12362945
6 236 13915666
6 237 6312570
6 238 12448170
6 239 6266543
6 240 6638055
6 241 9821237
6 242 6637255
6 243 13671355
6 244 9825335
6 245 13537113
6 246 6698496
6 247 9977101
6 248 6873770
6 249 7966618
6 250 10017218
6 251 8072010
6 252 6846223
6 253 13977748
6 254 6828794
6 255 8039642
6 256 13958292
6 257 8058420
6 258 9931454
6 259 13906411
6 260 10026979
6 261 8062899
6 262 13941451
6 263 8020474
6 264 6584611
6 265 9714204
6 266 6580262
6 267 13632913
6 268 9727411
6 269 13452964
6 270 6704612
6 271 10005359
6 272 6826772
6 273 6253987
6 274 10024436
6 275 6289443
6 276 6802411
6 277 13977489
6 278 6822266
6 279 6264221
6 280 13888992
6 281 6325080
6 282 9820185
6 283 13746089
6 284 10043024
6 285 6327113
6 286 13839967
6 287 6281111
6 288 6676020
6 289 9988442
6 290 6851640
6 291 7999050
6 292 10088994
6 293 8086024
6 294 6673339
6 295 9980220
6 296 6852587
6 297 6314627
6 298 9996800
6 299 6327615
6 300 6785316
6 301 7843266
6 302 6784073
6 303 6307335
6 304 7775513
6 305 6182271
6 306 10045965
6 307 8140569
6 308 10060499
6 309 6390379
6 310 8034683
6 311 6250851
6 312 6833719
6 313 13965398
6 314 6869282
6 315 8092964
6 316 13980679
6 317 8109621
6 318 6860837
6 319 13997392
6 320 6842462
6 321 6340429
6 322 14063015
6 323 6382832
6 324 6837604
6 325 8062597
6 326 6794602
6 327 6358027
6 328 7993470
6 329 6241872
6 330 13741897
6 331 8069120
6 332 13846355
6 333 6330149
6 334 8022006
6 335 6278428
6 336 9901092
6 337 13899656
6 338 10056933
6 339 8131237
6 340 14016936
6 341 8106221
6 342 9896391
6 343 13899499
6 344 10064893
6 345 6375673
6 346 13926423
6 347 6365594
6 348 10084420
6 349 8120044
6 350 10017073
6 351 6424211
6 352 8043118
6 353 6281761
6 354 13811700
6 355 8126499
6 356 13873272
6 357 6371810
6 358 8036886
6 359 6253012
6 360 6681287
6 361 10008149
6 362 6841132
6 363 12331931
6 364 10105365
6 365 12326681
6 366 6707157
6 367 10007702
6 368 6911927
6 369 8054506
6 370 10069861
6 371 8116798
6 372 6862820
6 373 12312410
6 374 6850151
6 375 8102563
6 376 12462036
6 377 7950321
6 378 10085302
6 379 12503025
6 380 10110938
6 381 8097043
6 382 12474760
6 383 7945759
6 384 6701759
6 385 10013591
6 386 6787708
6 387 12312934
6 388 10062090
6 389 12276111
6 390 6665480
6 391 9957327
6 392 6853129
6 393 6309802
6 394 10027100
6 395 6331049
6 396 6861060
6 397 12491449
6 398 6820067
6 399 6350523
6 400 12521121
6 401 6378978
6 402 10108379
6 403 12512223
6 404 10069251
6 405 6386396
6 406 12519624
6 407 6350098
6 408 6677589
6 409 9965240
6 410 6880815
6 411 8087937
6 412 10077703
6 413 8078069
6 414 6584611
6 415 9714204
6 416 6779012
6 417 6281846
6 418 9777271
6 419 6282385
6 420 6829325
6 421 8040030
6 422 6802975
6 423 6357380
6 424 8010807
6 425 6247212
6 426 10039793
6 427 8133774
6 428 9975086
6 429 6359512
6 430 8024306
6 431 6249704
6 432 6780010
6 433 12298965
6 434 6827526
6 435 8082737
6 436 12248196
6 437 7891999
6 438 6825081
6 439 12341678
6 440 6747599
6 441 6326095
6 442 12491016
6 443 6336677
6 444 6791643
6 445 8062302
6 446 6722196
6 447 6327833
6 448 8039055
6 449 6280731
6 450 11991139
6 451 7795977
6 452 12215869
6 453 6179988
6 454 7775513
6 455 6182271
6 456 10002926
6 457 12389791
6 458 10049085
6 459 8064766
6 460 12450742
6 461 7977199
6 462 10055689
6 463 12401997
6 464 10023335
6 465 6351040
6 466 12529440
6 467 6374506
6 468 10036464
6 469 8053430
6 470 9948959
6 471 6386773
6 472 8014169
6 473 6275807
6 474 12150382
6 475 7880083
6 476 12308901
6 477 6229332
6 478 7867497
6 479 6230144
6 480 6748860
6 481 13874338
6 482 6796038
6 483 12307983
6 484 13867627
6 485 12236147
6 486 6792534
6 487 13874082
6 488 6861068
6 489 8101885
6 490 14026677
6 491 8109909
6 492 6860922
6 493 12441389
6 494 6781907
6 495 8125498
6 496 12516551
6 497 7983861
6 498 13736354
6 499 12286547
6 500 13851569
6 501 7904735
6 502 12371753
6 503 7906504
6 504 6793469
6 505 13920953
6 506 6791734
6 507 12348369
6 508 13890292
6 509 12204798
6 510 6824477
6 511 13884018
6 512 6787555
6 513 6322514
6 514 13997792
6 515 6388869
6 516 6837459
6 517 12436042
6 518 6850054
6 519 6366199
6 520 12499078
6 521 6416683
6 522 13949817
6 523 12361810
6 524 13996076
6 525 6342927
6 526 12453266
6 527 6379298
6 528 6828432
6 529 13851653
6 530 6820987
6 531 8115579
6 532 14029044
6 533 8079986
6 534 6752562
6 535 13745625
6 536 6817130
6 537 6357451
6 538 13876559
6 539 6368868
6 540 6747590
6 541 8046942
6 542 6738462
6 543 6324256
6 544 8054453
6 545 6282947
6 546 13902563
6 547 8112449
6 548 13925491
6 549 6376195
6 550 8025479
6 551 6276995
6 552 6790329
6 553 12341360
6 554 6808891
6 555 8102613
6 556 12393271
6 557 7958529
6 558 6814610
6 559 12358215
6 560 6760838
6 561 6328491
6 562 12528798
6 563 6374498
6 564 6763281
6 565 8067853
6 566 6584611
6 567 6283104
6 568 8055665
6 569 6255465
6 570 12150382
6 571 7880083
6 572 12308901
6 573 6229332
6 574 7867497
6 575 6230144
6 576 13452964
6 577 12061976
6 578 13557441
6 579 7824274
6 580 12208105
6 581 7822017
6 582 13576693
6 583 12058986
6 584 13641517
6 585 6178965
6 586 12212055
6 587 6279363
6 588 13640293
6 589 7821052
6 590 13583187
6 591 6279363
6 592 7766961
6 593 6179708
6 594 11991139
6 595 7795977
6 596 12215869
6 597 6179988
6 598 7775513
6 599 6182271
6 600 9714204
6 601 13653587
6 602 9746826
6 603 12060677
6 604 13753217
6 605 12072676
6 606 9758891
6 607 13658696
6 608 9965943
6 609 7821822
6 610 13813772
6 611 7991387
6 612 9971416
6 613 12210782
6 614 9742393
6 615 7987241
6 616 12262189
6 617 7866496
6 618 13718455
6 619 12265929
6 620 13796554
6 621 7865967
6 622 12266243
6 623 7824665
6 624 9761836
6 625 13695440
6 626 9749744
6 627 12096513
6 628 13767264
6 629 12070044
6 630 9856788
6 631 13776467
6 632 9970356
6 633 6179157
6 634 13889316
6 635 6310567
6 636 9992012
6 637 12278844
6 638 10014822
6 639 6289546
6 640 12250048
6 641 6322859
6 642 13891251
6 643 12286531
6 644 13957684
6 645 6332183
6 646 12406107
6 647 6309160
6 648 9860206
6 649 13778540
6 650 9989983
6 651 7964673
6 652 13921119
6 653 8004403
6 654 9766624
6 655 13689595
6 656 10019708
6 657 6296078
6 658 13863829
6 659 6303910
6 660 9962337
6 661 7861407
6 662 9951059
6 663 6331660
6 664 7760304
6 665 6178956
6 666 13781426
6 667 8031249
6 668 13869064
6 669 6319331
6 670 7981095
6 671 6268731
6 672 9977791
6 673 12297189
6 674 9991666
6 675 8030793
6 676 12236776
6 677 7892103
6 678 9998404
6 679 12293374
6 680 9940823
6 681 6336797
6 682 12436309
6 683 6323967
6 684 9949138
6 685 8010036
6 686 9728290
6 687 6319038
6 688 7979477
6 689 6268731
6 690 11973068
6 691 7793047
6 692 12206641
6 693 6177609
6 694 7771566
6 695 6179953
6 696 13452964
6 697 12061976
6 698 13557441
6 699 7824274
6 700 12208105
6 701 7822017
6 702 13576693
6 703 12058986
6 704 13641517
6 705 6178965
6 706 12212055
6 707 6279363
6 708 13640293
6 709 7821052
6 710 13583187
6 711 6279363
6 712 7766961
6 713 6179708
6 714 11991139
6 715 7795977
6 716 12215869
6 717 6179988
6 718 7775513
6 719 6182271
7 0 6584611
7 1 9714204
7 2 6580262
7 3 13632913
7 4 9727411
7 5 13452964
7 6 6581292
7 7 9696259
7 8 6725405
7 9 12025777
7 10 9737545
7 11 12162214
7 12 6726232
7 13 13696773
7 14 6576507
7 15 12160644
7 16 13604538
7 17 12047475
7 18 9760102
7 19 13698650
7 20 9741659
7 21 12029370
7 22 13604753
7 23 11991139
7 24 6582129
7 25 9708759
7 26 6577720
7 27 13629045
7 28 9722312
7 29 13441207
7 30 6687643
7 31 9940935
7 32 6800625
7 33 7797585
7 34 9961781
7 35 8018971
7 36 6785123
7 37 13935384
7 38 6806678
7 39 7984812
7 40 13865568
7 41 8017659
7 42 9823926
7 43 13779856
7 44 9984460
7 45 8032667
7 46 13886491
7 47 8012033
7 48 6687778
7 49 9941784
7 50 6773534
7 51 12356632
7 52 9996452
7 53 12348026
7 54 6579944
7 55 9685967
7 56 6795815
7 57 7989709
7 58 9788275
7 59 8007757
7 60 6770948
7 61 12303764
7 62 6758806
7 63 8058099
7 64 12228064
7 65 7836957
7 66 9975019
7 67 12467708
7 68 9925658
7 69 8032272
7 70 12393981
7 71 7910544
7 72 6781956
7 73 13897651
7 74 6796943
7 75 12425297
7 76 13831468
7 77 12302721
7 78 6778146
7 79 13799256
7 80 6748583
7 81 8066032
7 82 13893174
7 83 8045533
7 84 6786401
7 85 12391982
7 86 6575699
7 87 8026815
7 88 12390787
7 89 7908320
7 90 13616953
7 91 12260060
7 92 13715754
7 93 7832016
7 94 12246055
7 95 7833766
7 96 9766406
7 97 13765356
7 98 9789522
7 99 12240215
7 100 13802818
7 101 12238520
7 102 9799169
7 103 13762387
7 104 9940859
7 105 7832881
7 106 13789534
7 107 8019710
7 108 9945354
7 109 12274858
7 110 9733220
7 111 8015009
7 112 12221374
7 113 7830058
7 114 13617629
7 115 12255396
7 116 13680385
7 117 7824940
7 118 12202664
7 119 7775513
7 120 6584611
7 121 9714204
7 122 6580262
7 123 13632913
7 124 9727411
7 125 13452964
7 126 6581292
7 127 9696259
7 128 6725405
7 129 12025777
7 130 9737545
7 131 12162214
7 132 6726232
7 133 13696773
7 134 6576507
7 135 12160644
7 136 13604538
7 137 12047475
7 138 9760102
7 139 13698650
7 140 9741659
7 141 12029370
7 142 13604753
7 143 11991139
7 144 6638055
7 145 9821237
7 146 6637255
7 147 13671355
7 148 9825335
7 149 13537113
7 150 6684379
7 151 9998958
7 152 6780409
7 153 6182271
7 154 10010228
7 155 6277620
7 156 6849595
7 157 13964929
7 158 6827364
7 159 6271041
7 160 13871262
7 161 6318498
7 162 9902658
7 163 13826951
7 164 10052743
7 165 6320266
7 166 13857127
7 167 6284432
7 168 6700179
7 169 9974114
7 170 6844089
7 171 12398817
7 172 10082881
7 173 12420669
7 174 6708839
7 175 10004694
7 176 6820881
7 177 6261173
7 178 9994384
7 179 6265453
7 180 6866322
7 181 12299265
7 182 6849546
7 183 6336893
7 184 12242023
7 185 6295063
7 186 10055740
7 187 12515426
7 188 10088792
7 189 6341827
7 190 12425182
7 191 6348804
7 192 6855825
7 193 13999278
7 194 6814172
7 195 12455889
7 196 13944972
7 197 12355255
7 198 6895828
7 199 14009289
7 200 6869338
7 201 6351669
7 202 13993551
7 203 6348566
7 204 6877630
7 205 12498370
7 206 6806432
7 207 6283077
7 208 12460055
7 209 6344300
7 210 13863223
7 211 12345178
7 212 13947236
7 213 6311186
7 214 12469672
7 215 6310881
7 216 9843477
7 217 13906930
7 218 9820359
7 219 12298271
7 220 13850919
7 221 12255860
7 222 9939400
7 223 13984314
7 224 10083325
7 225 6309940
7 226 14001213
7 227 6360792
7 228 10080026
7 229 12469831
7 230 10043079
7 231 6363509
7 232 12432047
7 233 6309694
7 234 13885893
7 235 12362945
7 236 13915666
7 237 6312570
7 238 12448170
7 239 6266543
7 240 6638055
7 241 9821237
7 242 6637255
7 243 13671355
7 244 9825335
7 245 13537113
7 246 6698496
7 247 9977101
7 248 6873770
7 249 7966618
7 250 10017218
7 251 8072010
7 252 6846223
7 253 13977748
7 254 6828794
7 255 8039642
7 256 13958292
7 257 8058420
7 258 9931454
7 259 13906411
7 260 10026979
7 261 8062899
7 262 13941451
7 263 8020474
7 264 6584611
7 265 9714204
7 266 6580262
7 267 13632913
7 268 9727411
7 269 13452964
7 270 6704612
7 271 10005359
7 272 6826772
7 273 6253987
7 274 10024436
7 275 6289443
7 276 6802411
7 277 13977489
7 278 6822266
7 279 6264221
7 280 13888992
7 281 6325080
7 282 9820185
7 283 13746089
7 284 10043024
7 285 6327113
7 286 13839967
7 287 6281111
7 288 6676020
7 289 9988442
7 290 6851640
7 291 7999050
7 292 10088994
7 293 8086024
7 294 6673339
7 295 9980220
7 296 6852587
7 297 6314627
7 298 9996800
7 299 6327615
7 300 6785316
7 301 7843266
7 302 6784073
7 303 6307335
7 304 7775513
7 305 6182271
7 306 10045965
7 307 8140569
7 308 10060499
7 309 6390379
7 310 8034683
7 311 6250851
7 312 6833719
7 313 13965398
7 314 6869282
7 315 8092964
7 316 13980679
7 317 8109621
7 318 6860837
7 319 13997392
7 320 6842462
7 321 6340429
7 322 14063015
7 323 6382832
7 324 6837604
7 325 8062597
7 326 6794602
7 327 6358027
7 328 7993470
7 329 6241872
7 330 13741897
7 331 8069120
7 332 13846355
7 333 6330149
7 334 8022006
7 335 6278428
7 336 9901092
7 337 13899656
7 338 10056933
7 339 8131237
7 340 14016936
7 341 8106221
7 342 9896391
7 343 13899499
7 344 10064893
7 345 6375673
7 346 13926423
7 347 6365594
7 348 10084420
7 349 8120044
7 350 10017073
7 351 6424211
7 352 8043118
7 353 6281761
7 354 13811700
7 355 8126499
7 356 13873272
7 357 6371810
7 358 8036886
7 359 6253012
7 360 6681287
7 361 10008149
7 362 6841132
7 363 12331931
7 364 10105365
7 365 12326681
7 366 6707157
7 367 10007702
7 368 6911927
7 369 8054506
7 370 10069861
7 371 8116798
7 372 6862820
7 373 12312410
7 374 6850151
7 375 8102563
7 376 12462036
7 377 7950321
7 378 10085302
7 379 12503025
7 380 10110938
7 381 8097043
7 382 12474760
7 383 7945759
7 384 6701759
7 385 10013591
7 386 6787708
7 387 12312934
7 388 10062090
7 389 12276111
7 390 6665480
7 391 9957327
7 392 6853129
7 393 6309802
7 394 10027100
7 395 6331049
7 396 6861060
7 397 12491449
7 398 6820067
7 399 6350523
7 400 12521121
7 401 6378978
7 402 10108379
7 403 12512223
7 404 10069251
7 405 6386396
7 406 12519624
7 407 6350098
7 408 6677589
7 409 9965240
7 410 6880815
7 411 8087937
7 412 10077703
7 413 8078069
7 414 6584611
7 415 9714204
7 416 6779012
7 417 6281846
7 418 9777271
7 419 6282385
7 420 6829325
7 421 8040030
7 422 6802975
7 423 6357380
7 424 8010807
7 425 6247212
7 426 10039793
7 427 8133774
7 428 9975086
7 429 6359512
7 430 8024306
7 431 6249704
7 432 6780010
7 433 12298965
7 434 6827526
7 435 8082737
7 436 12248196
7 437 7891999
7 438 6825081
7 439 12341678
7 440 6747599
7 441 6326095
7 442 12491016
7 443 6336677
7 444 6791643
7 445 8062302
7 446 6722196
7 447 6327833
7 448 8039055
7 449 6280731
7 450 11991139
7 451 7795977
7 452 12215869
7 453 6179988
7 454 7775513
7 455 6182271
7 456 10002926
7 457 12389791
7 458 10049085
7 459 8064766
7 460 12450742
7 461 7977199
7 462 10055689
7 463 12401997
7 464 10023335
7 465 6351040
7 466 12529440
7 467 6374506
7 468 10036464
7 469 8053430
7 470 9948959
7 471 6386773
7 472 8014169
7 473 6275807
7 474 12150382
7 475 7880083
7 476 12308901
7 477 6229332
7 478 7867497
7 479 6230144
7 480 6748860
7 481 13874338
7 482 6796038
7 483 12307983
7 484 13867627
7 485 12236147
7 486 6792534
7 487 13874082
7 488 6861068
7 489 8101885
7 490 14026677
7 491 8109909
7 492 6860922
7 493 12441389
7 494 6781907
7 495 8125498
7 496 12516551
7 497 7983861
7 498 13736354
7 499 12286547
7 500 13851569
7 501 7904735
7 502 12371753
7 503 7906504
7 504 6793469
7 505 13920953
7 506 6791734
7 507 12348369
7 508 13890292
7 509 12204798
7 510 6824477
7 511 13884018
7 512 6787555
7 513 6322514
7 514 13997792
7 515 6388869
7 516 6837459
7 517 12436042
7 518 6850054
7 519 6366199
7 520 12499078
7 521 6416683
7 522 13949817
7 523 12361810
7 524 13996076
7 525 6342927
7 526 12453266
7 527 6379298
7 528 6828432
7 529 13851653
7 530 6820987
7 531 8115579
7 532 14029044
7 533 8079986
7 534 6752562
7 535 13745625
7 536 6817130
7 537 6357451
7 538 13876559
7 539 6368868
7 540 6747590
7 541 8046942
7 542 6738462
7 543 6324256
7 544 8054453
7 545 6282947
7 546 13902563
7 547 8112449
7 548 13925491
7 549 6376195
7 550 8025479
7 551 6276995
7 552 6790329
7 553 12341360
7 554 6808891
7 555 8102613
7 556 12393271
7 557 7958529
7 558 6814610
7 559 12358215
7 560 6760838
7 561 6328491
7 562 12528798
7 563 6374498
7 564 6763281
7 565 8067853
7 566 6584611
7 567 6283104
7 568 8055665
7 569 6255465
7 570 12150382
7 571 7880083
7 572 12308901
7 573 6229332
7 574 7867497
7 575 6230144
7 576 13452964
7 577 12061976
7 578 13557441
7 579 7824274
7 580 12208105
7 581 7822017
7 582 13576693
7 583 12058986
7 584 13641517
7 585 6178965
7 586 12212055
7 587 6279363
7 588 13640293
7 589 7821052
7 590 13583187
7 591 6279363
7 592 7766961
7 593 6179708
7 594 11991139
7 595 7795977
7 596 12215869
7 597 6179988
7 598 7775513
7 599 6182271
7 600 9714204
7 601 13653587
7 602 9746826
7 603 12060677
7 604 13753217
7 605 12072676
7 606 9758891
7 607 13658696
7 608 9965943
7 609 7821822
7 610 13813772
7 611 7991387
7 612 9971416
7 613 12210782
7 614 9742393
7 615 7987241
7 616 12262189
7 617 7866496
7 618 13718455
7 619 12265929
7 620 13796554
7 621 7865967
7 622 12266243
7 623 7824665
7 624 9761836
7 625 13695440
7 626 9749744
7 627 12096513
7 628 13767264
7 629 12070044
7 630 9856788
7 631 13776467
7 632 9970356
7 633 6179157
7 634 13889316
7 635 6310567
7 636 9992012
7 637 12278844
7 638 10014822
7 639 6289546
7 640 12250048
7 641 6322859
7 642 13891251
7 643 12286531
7 644 13957684
7 645 6332183
7 646 12406107
7 647 6309160
7 648 9860206
7 649 13778540
7 650 9989983
7 651 7964673
7 652 13921119
7 653 8004403
7 654 9766624
7 655 13689595
7 656 10019708
7 657 6296078
7 658 13863829
7 659 6303910
7 660 9962337
7 661 7861407
7 662 9951059
7 663 6331660
7 664 7760304
7 665 6178956
7 666 13781426
7 667 8031249
7 668 13869064
7 669 6319331
7 670 7981095
7 671 6268731
7 672 9977791
7 673 12297189
7 674 9991666
7 675 8030793
7 676 12236776
7 677 7892103
7 678 9998404
7 679 12293374
7 680 9940823
7 681 6336797
7 682 12436309
7 683 6323967
7 684 9949138
7 685 8010036
7 686 9728290
7 687 6319038
7 688 7979477
7 689 6268731
7 690 11973068
7 691 7793047
7 692 12206641
7 693 6177609
7 694 7771566
7 695 6179953
7 696 13452964
7 697 12061976
7 698 13557441
7 699 7824274
7 700 12208105
7 701 7822017
7 702 13576693
7 703 12058986
7 704 13641517
7 705 6178965
7 706 12212055
7 707 6279363
7 708 13640293
7 709 7821052
7 710 13583187
7 711 6279363
7 712 7766961
7 713 6179708
7 714 11991139
7 715 7795977
7 716 12215869
7 717 6179988
7 718 7775513
7 719 6182271
7 720 983503
7 721 1437574
7 722 983423
7 723 2898382
7 724 1438471
7 725 2870278
7 726 983418
7 727 1436925
7 728 992108
7 729 3401798
7 730 1440109
7 731 3415293
7 732 992108
7 733 2899488
7 734 983408
7 735 3415338
7 736 2877315
7 737 3402577
7 738 1440510
7 739 2899318
7 740 1440222
7 741 3401176
7 742 2877455
7 743 3392578
7 744 983418
7 745 1437407
7 746 983337
7 747 2897966
7 748 1438345
7 749 2868703
7 750 990247
7 751 1462625
7 752 995110
7 753 1984021
7 754 1463408
7 755 2013872
7 756 995960
7 757 2929973
7 758 996745
7 759 2011899
7 760 2908326
7 761 2014428
7 762 1445885
7 763 2903170
7 764 1464639
7 765 2015031
7 766 2908837
7 767 2014875
7 768 990247
7 769 1462706
7 770 995490
7 771 3446590
7 772 1465561
7 773 3439017
7 774 983404
7 775 1436620
7 776 996250
7 777 2012663
7 778 1443440
7 779 2013969
7 780 993955
7 781 3438698
7 782 993343
7 783 2017988
7 784 3422440
7 785 1987601
7 786 1463010
7 787 3453329
7 788 1459372
7 789 2015618
7 790 3437925
7 791 1994234
7 792 994136
7 793 2926782
7 794 996276
7 795 3455121
7 796 2907534
7 797 3442047
7 798 995342
7 799 2904573
7 800 993094
7 801 2018271
7 802 2908204
7 803 2016276
7 804 994786
7 805 3448959
7 806 983408
7 807 2015500
7 808 3437771
7 809 1994086
7 810 2878059
7 811 3429539
7 812 2881988
7 813 1986744
7 814 3423808
7 815 1987373
7 816 1441030
7 817 2904523
7 818 1444012
7 819 3431662
7 820 2905149
7 821 3425051
7 822 1444248
7 823 2904592
7 824 1461527
7 825 1986492
7 826 2901083
7 827 2013917
7 828 1461751
7 829 3435632
7 830 1440296
7 831 2013580
7 832 3420757
7 833 1987288
7 834 2878204
7 835 3428708
7 836 2878823
7 837 1986538
7 838 3420050
7 839 1983448
7 840 986475
7 841 1441127
7 842 986399
7 843 2907288
7 844 1441966
7 845 2881796
7 846 986463
7 847 1441115
7 848 993077
7 849 3403202
7 850 1442850
7 851 3416895
7 852 993077
7 853 2906400
7 854 986463
7 855 3416932
7 856 2882700
7 857 3403234
7 858 1442079
7 859 2906080
7 860 1442866
7 861 3401930
7 862 2883016
7 863 3397603
7 864 987226
7 865 1446095
7 866 987221
7 867 2905851
7 868 1446343
7 869 2896748
7 870 988307
7 871 1469504
7 872 992264
7 873 958809
7 874 1469390
7 875 961849
7 876 999851
7 877 2936091
7 878 995376
7 879 961933
7 880 2912965
7 881 965134
7 882 1452437
7 883 2928167
7 884 1471555
7 885 964967
7 886 2911449
7 887 962262
7 888 996056
7 889 1473477
7 890 1002669
7 891 3454051
7 892 1476429
7 893 3454657
7 894 991378
7 895 1473102
7 896 995456
7 897 962090
7 898 1470856
7 899 962175
7 900 1001920
7 901 3458327
7 902 998881
7 903 967809
7 904 3450244
7 905 965668
7 906 1473932
7 907 3470612
7 908 1475571
7 909 967984
7 910 3456381
7 911 968233
7 912 1001082
7 913 2941386
7 914 1000172
7 915 3462550
7 916 2919415
7 917 3449112
7 918 1003257
7 919 2941520
7 920 998774
7 921 967891
7 922 2935598
7 923 967822
7 924 1002030
7 925 3463924
7 926 995767
7 927 962352
7 928 3457182
7 929 968239
7 930 2896294
7 931 3444314
7 932 2917955
7 933 965757
7 934 3457794
7 935 965698
7 936 1449262
7 937 2920988
7 938 1449515
7 939 3436721
7 940 2914298
7 941 3431359
7 942 1455262
7 943 2941543
7 944 1474100
7 945 965584
7 946 2937556
7 947 968147
7 948 1473597
7 949 3471413
7 950 1474080
7 951 968328
7 952 3456441
7 953 965528
7 954 2897236
7 955 3442394
7 956 2915227
7 957 965686
7 958 3453624
7 959 962275
7 960 989438
7 961 1447716
7 962 989428
7 963 2912612
7 964 1448073
7 965 2899325
7 966 996199
7 967 1472932
7 968 1003993
7 969 2032664
7 970 1474466
7 971 2042201
7 972 1002656
7 973 2947271
7 974 1003644
7 975 2042382
7 976 2928050
7 977 2039826
7 978 1456242
7 979 2941469
7 980 1474798
7 981 2039664
7 982 2927892
7 983 2039173
7 984 989608
7 985 1448164
7 986 989600
7 987 2913130
7 988 1448488
7 989 2901281
7 990 991229
7 991 1472742
7 992 995455
7 993 961933
7 994 1470866
7 995 962331
7 996 1000066
7 997 2941036
7 998 995535
7 999 961942
7 1000 2916687
7 1001 965378
7 1002 1452494
7 1003 2927648
7 1004 1472004
7 1005 965378
7 1006 2913386
7 1007 962348
7 1008 994369
7 1009 1477158
7 1010 1001868
7 1011 2035222
7 1012 1481219
7 1013 2042226
7 1014 994008
7 1015 1475640
7 1016 1000800
7 1017 967809
7 1018 1476095
7 1019 967985
7 1020 998812
7 1021 2010600
7 1022 998548
7 1023 968416
7 1024 2007474
7 1025 964975
7 1026 1477986
7 1027 2046927
7 1028 1478161
7 1029 973854
7 1030 2040156
7 1031 968394
7 1032 1003110
7 1033 2953172
7 1034 1006496
7 1035 2048479
7 1036 2946537
7 1037 2047920
7 1038 1005740
7 1039 2953556
7 1040 1001228
7 1041 970279
7 1042 2948294
7 1043 973388
7 1044 1001953
7 1045 2041914
7 1046 1000624
7 1047 970923
7 1048 2038000
7 1049 968232
7 1050 2921344
7 1051 2043653
7 1052 2927509
7 1053 971142
7 1054 2042570
7 1055 970944
7 1056 1456353
7 1057 2947430
7 1058 1477964
7 1059 2047875
7 1060 2952208
7 1061 2048315
7 1062 1458291
7 1063 2950046
7 1064 1478399
7 1065 973390
7 1066 2939781
7 1067 970997
7 1068 1479809
7 1069 2047026
7 1070 1477477
7 1071 976501
7 1072 2043342
7 1073 970945
7 1074 2926160
7 1075 2047903
7 1076 2929313
7 1077 973708
7 1078 2043474
7 1079 968232
7 1080 996364
7 1081 1475452
7 1082 1004734
7 1083 3476903
7 1084 1479460
7 1085 3472784
7 1086 993710
7 1087 1471228
7 1088 1006400
7 1089 2040502
7 1090 1476079
7 1091 2046210
7 1092 1004222
7 1093 3486527
7 1094 1003101
7 1095 2046729
7 1096 3475341
7 1097 2020556
7 1098 1477712
7 1099 3493027
7 1100 1477685
7 1101 2043986
7 1102 3477292
7 1103 2020912
7 1104 999009
7 1105 1478379
7 1106 1005119
7 1107 3477050
7 1108 1480065
7 1109 3471628
7 1110 994233
7 1111 1477948
7 1112 1001109
7 1113 967891
7 1114 1478488
7 1115 968003
7 1116 1006917
7 1117 3489483
7 1118 1001230
7 1119 970279
7 1120 3482772
7 1121 973549
7 1122 1480268
7 1123 3489134
7 1124 1480684
7 1125 973622
7 1126 3482028
7 1127 970988
7 1128 996434
7 1129 1476808
7 1130 1004873
7 1131 2047195
7 1132 1481000
7 1133 2045652
7 1134 991262
7 1135 1470480
7 1136 995836
7 1137 962352
7 1138 1468313
7 1139 962348
7 1140 1002098
7 1141 2041267
7 1142 1001333
7 1143 970923
7 1144 2041609
7 1145 968396
7 1146 1477533
7 1147 2049137
7 1148 1477074
7 1149 971228
7 1150 2041782
7 1151 968454
7 1152 1001850
7 1153 3490279
7 1154 1002020
7 1155 2048091
7 1156 3479393
7 1157 2018329
7 1158 1004704
7 1159 3489962
7 1160 998872
7 1161 968609
7 1162 3490859
7 1163 971671
7 1164 1002221
7 1165 2049853
7 1166 998864
7 1167 968474
7 1168 2047757
7 1169 971104
7 1170 3469561
7 1171 2014711
7 1172 3475224
7 1173 965524
7 1174 2034059
7 1175 965536
7 1176 1474848
7 1177 3500565
7 1178 1474869
7 1179 2046713
7 1180 3491827
7 1181 2026338
7 1182 1478171
7 1183 3501259
7 1184 1477015
7 1185 971685
7 1186 3494985
7 1187 974010
7 1188 1479155
7 1189 2051205
7 1190 1476231
7 1191 973805
7 1192 2047479
7 1193 970778
7 1194 3474579
7 1195 2020910
7 1196 3479635
7 1197 968549
7 1198 2040265
7 1199 968385
7 1200 1000067
7 1201 2944750
7 1202 1000574
7 1203 3485716
7 1204 2927530
7 1205 3473568
7 1206 1000277
7 1207 2938858
7 1208 1001821
7 1209 2046763
7 1210 2940369
7 1211 2046981
7 1212 1001601
7 1213 3485402
7 1214 996954
7 1215 2046091
7 1216 3481032
7 1217 2023084
7 1218 2914031
7 1219 3466078
7 1220 2914806
7 1221 2016727
7 1222 3467358
7 1223 2017041
7 1224 1003160
7 1225 2953102
7 1226 1003433
7 1227 3487357
7 1228 2930493
7 1229 3473703
7 1230 1003743
7 1231 2949563
7 1232 998871
7 1233 968677
7 1234 2949532
7 1235 973854
7 1236 1007079
7 1237 3494462
7 1238 1001648
7 1239 970948
7 1240 3495583
7 1241 976504
7 1242 2927019
7 1243 3475859
7 1244 2944893
7 1245 971306
7 1246 3494350
7 1247 973880
7 1248 1005810
7 1249 2950159
7 1250 1006252
7 1251 2054425
7 1252 2954157
7 1253 2051594
7 1254 1003715
7 1255 2940507
7 1256 1001787
7 1257 970948
7 1258 2937599
7 1259 971245
7 1260 1001914
7 1261 2050233
7 1262 998731
7 1263 968241
7 1264 2050137
7 1265 971263
7 1266 2947716
7 1267 2051631
7 1268 2947968
7 1269 973934
7 1270 2047470
7 1271 970786
7 1272 1002359
7 1273 3491946
7 1274 1001731
7 1275 2051364
7 1276 3483517
7 1277 2023982
7 1278 1004480
7 1279 3489201
7 1280 998935
7 1281 968482
7 1282 3489415
7 1283 973794
7 1284 1001287
7 1285 2047757
7 1286 995277
7 1287 962366
7 1288 2046331
7 1289 968315
7 1290 3474975
7 1291 2021428
7 1292 3479580
7 1293 968551
7 1294 2040631
7 1295 968229
7 1296 2891911
7 1297 3462241
7 1298 2891748
7 1299 2016136
7 1300 3462443
7 1301 2016431
7 1302 2903530
7 1303 3467160
7 1304 2917358
7 1305 965527
7 1306 3484301
7 1307 968859
7 1308 2922868
7 1309 2038759
7 1310 2914683
7 1311 968867
7 1312 2036994
7 1313 965303
7 1314 3473874
7 1315 2020883
7 1316 3477475
7 1317 965688
7 1318 2037500
7 1319 965150
7 1320 1447549
7 1321 2914728
7 1322 1447949
7 1323 3456225
7 1324 2917812
7 1325 3448412
7 1326 1448099
7 1327 2913857
7 1328 1468469
7 1329 2013136
7 1330 2916969
7 1331 2038141
7 1332 1468471
7 1333 3462038
7 1334 1446612
7 1335 2037503
7 1336 3453331
7 1337 2014008
7 1338 2909132
7 1339 3457598
7 1340 2909483
7 1341 2012702
7 1342 3451276
7 1343 2009932
7 1344 1451255
7 1345 2926234
7 1346 1451893
7 1347 3457985
7 1348 2925604
7 1349 3453337
7 1350 1455845
7 1351 2943500
7 1352 1473988
7 1353 965058
7 1354 2942824
7 1355 968721
7 1356 1478539
7 1357 3493014
7 1358 1477544
7 1359 968552
7 1360 3483934
7 1361 971263
7 1362 2925881
7 1363 3468051
7 1364 2943630
7 1365 971099
7 1366 3483682
7 1367 968476
7 1368 1457572
7 1369 2947314
7 1370 1477449
7 1371 2045955
7 1372 2951671
7 1373 2049391
7 1374 1455795
7 1375 2941686
7 1376 1477230
7 1377 968716
7 1378 2942226
7 1379 968767
7 1380 1478295
7 1381 2039936
7 1382 1476016
7 1383 971568
7 1384 2034779
7 1385 965607
7 1386 2946331
7 1387 2051077
7 1388 2945460
7 1389 971080
7 1390 2048863
7 1391 970648
7 1392 1475437
7 1393 3499523
7 1394 1473878
7 1395 2049150
7 1396 3488462
7 1397 2025351
7 1398 1477545
7 1399 3496124
7 1400 1476543
7 1401 971429
7 1402 3495259
7 1403 971084
7 1404 1476475
7 1405 2051847
7 1406 1471179
7 1407 968652
7 1408 2049799
7 1409 970880
7 1410 3472844
7 1411 2020559
7 1412 3476810
7 1413 965299
7 1414 2037123
7 1415 965218
7 1416 2892342
7 1417 3462286
7 1418 2891389
7 1419 2016731
7 1420 3461976
7 1421 2016418
7 1422 2903218
7 1423 3467065
7 1424 2917278
7 1425 965533
7 1426 3483462
7 1427 968686
7 1428 2921935
7 1429 2038592
7 1430 2911315
7 1431 968540
7 1432 2036984
7 1433 965218
7 1434 3471822
7 1435 2019542
7 1436 3473571
7 1437 965137
7 1438 2033612
7 1439 962024
7 1440 986475
7 1441 1441127
7 1442 986399
7 1443 2907288
7 1444 1441966
7 1445 2881796
7 1446 986463
7 1447 1441115
7 1448 993077
7 1449 3403202
7 1450 1442850
7 1451 3416895
7 1452 993077
7 1453 2906400
7 1454 986463
7 1455 3416932
7 1456 2882700
7 1457 3403234
7 1458 1442079
7 1459 2906080
7 1460 1442866
7 1461 3401930
7 1462 2883016
7 1463 3397603
7 1464 989433
7 1465 1447686
7 1466 989423
7 1467 2913164
7 1468 1448001
7 1469 2900304
7 1470 996496
7 1471 1477153
7 1472 1001362
7 1473 1080003
7 1474 1476174
7 1475 1086026
7 1476 1004871
7 1477 2952793
7 1478 1001870
7 1479 1085344
7 1480 2931873
7 1481 1088184
7 1482 1456739
7 1483 2936572
7 1484 1476952
7 1485 1088468
7 1486 2928996
7 1487 1085658
7 1488 996192
7 1489 1473314
7 1490 1002642
7 1491 3468371
7 1492 1476055
7 1493 3469245
7 1494 993844
7 1495 1472556
7 1496 1001573
7 1497 1084444
7 1498 1473573
7 1499 1083761
7 1500 1004281
7 1501 3479564
7 1502 1001884
7 1503 1089067
7 1504 3473167
7 1505 1084347
7 1506 1475812
7 1507 3492069
7 1508 1476845
7 1509 1089011
7 1510 3478596
7 1511 1087386
7 1512 1002931
7 1513 2946477
7 1514 1002582
7 1515 3478921
7 1516 2924450
7 1517 3465396
7 1518 1005518
7 1519 2944199
7 1520 1002066
7 1521 1089573
7 1522 2942291
7 1523 1089450
7 1524 1004180
7 1525 3483772
7 1526 998255
7 1527 1085465
7 1528 3479687
7 1529 1087148
7 1530 2903806
7 1531 3466322
7 1532 2922050
7 1533 1084802
7 1534 3478133
7 1535 1084564
7 1536 1451164
7 1537 2926094
7 1538 1451883
7 1539 3455047
7 1540 2920183
7 1541 3450104
7 1542 1457009
7 1543 2946541
7 1544 1476311
7 1545 1085160
7 1546 2940050
7 1547 1089671
7 1548 1475182
7 1549 3488936
7 1550 1473520
7 1551 1089651
7 1552 3477241
7 1553 1084412
7 1554 2904253
7 1555 3465027
7 1556 2917373
7 1557 1084720
7 1558 3474605
7 1559 1081032
7 1560 983503
7 1561 1437574
7 1562 983423
7 1563 2898382
7 1564 1438471
7 1565 2870278
7 1566 983418
7 1567 1436925
7 1568 992108
7 1569 3401798
7 1570 1440109
7 1571 3415293
7 1572 992108
7 1573 2899488
7 1574 983408
7 1575 3415338
7 1576 2877315
7 1577 3402577
7 1578 1440510
7 1579 2899318
7 1580 1440222
7 1581 3401176
7 1582 2877455
7 1583 3392578
7 1584 989594
7 1585 1447956
7 1586 989586
7 1587 2913397
7 1588 1448238
7 1589 2902220
7 1590 991383
7 1591 1473106
7 1592 995386
7 1593 961849
7 1594 1471319
7 1595 962437
7 1596 1000364
7 1597 2941267
7 1598 995920
7 1599 962331
7 1600 2916866
7 1601 965402
7 1602 1452683
7 1603 2930568
7 1604 1472339
7 1605 965388
7 1606 2914035
7 1607 962455
7 1608 993464
7 1609 1469177
7 1610 1002465
7 1611 3456447
7 1612 1475136
7 1613 3456872
7 1614 991428
7 1615 1472885
7 1616 995533
7 1617 962175
7 1618 1470730
7 1619 962023
7 1620 1001983
7 1621 3461636
7 1622 999082
7 1623 967985
7 1624 3453610
7 1625 965844
7 1626 1473016
7 1627 3472806
7 1628 1475708
7 1629 968148
7 1630 3457461
7 1631 968255
7 1632 1000302
7 1633 2933295
7 1634 997144
7 1635 3460690
7 1636 2915674
7 1637 3448632
7 1638 1003525
7 1639 2943693
7 1640 999088
7 1641 968003
7 1642 2937184
7 1643 968148
7 1644 1001491
7 1645 3463299
7 1646 995709
7 1647 962348
7 1648 3456534
7 1649 968239
7 1650 2893849
7 1651 3443979
7 1652 2918429
7 1653 965777
7 1654 3457489
7 1655 965703
7 1656 1447998
7 1657 2916030
7 1658 1447058
7 1659 3436274
7 1660 2906980
7 1661 3426289
7 1662 1455306
7 1663 2942566
7 1664 1474427
7 1665 965843
7 1666 2939113
7 1667 968335
7 1668 1472663
7 1669 3472027
7 1670 1473908
7 1671 968342
7 1672 3457234
7 1673 965537
7 1674 2895779
7 1675 3441537
7 1676 2915539
7 1677 965700
7 1678 3452875
7 1679 962275
7 1680 987125
7 1681 1445747
7 1682 987119
7 1683 2906350
7 1684 1445954
7 1685 2897167
7 1686 994116
7 1687 1475245
7 1688 1001897
7 1689 1082639
7 1690 1476837
7 1691 1087166
7 1692 1002803
7 1693 2945154
7 1694 1001971
7 1695 1086714
7 1696 2924293
7 1697 1087136
7 1698 1455578
7 1699 2935438
7 1700 1477064
7 1701 1087323
7 1702 2923585
7 1703 1086570
7 1704 987048
7 1705 1445650
7 1706 987041
7 1707 2906483
7 1708 1445854
7 1709 2896788
7 1710 993915
7 1711 1475310
7 1712 998610
7 1713 965134
7 1714 1474121
7 1715 965402
7 1716 1000112
7 1717 2940713
7 1718 998764
7 1719 965378
7 1720 2917577
7 1721 966326
7 1722 1452387
7 1723 2925756
7 1724 1474480
7 1725 966331
7 1726 2916190
7 1727 965329
7 1728 988519
7 1729 1471498
7 1730 998532
7 1731 1082023
7 1732 1477171
7 1733 1086936
7 1734 988524
7 1735 1471452
7 1736 998442
7 1737 965668
7 1738 1473932
7 1739 965844
7 1740 992479
7 1741 1072490
7 1742 992480
7 1743 964975
7 1744 1067058
7 1745 958809
7 1746 1472407
7 1747 1091197
7 1748 1472804
7 1749 971160
7 1750 1082721
7 1751 962176
7 1752 1000609
7 1753 2940837
7 1754 1004627
7 1755 1093703
7 1756 2943835
7 1757 1094166
7 1758 1001129
7 1759 2941044
7 1760 1003908
7 1761 973549
7 1762 2942670
7 1763 974421
7 1764 995924
7 1765 1087802
7 1766 995838
7 1767 968396
7 1768 1082179
7 1769 962252
7 1770 2913536
7 1771 1091123
7 1772 2913694
7 1773 971682
7 1774 1085206
7 1775 965426
7 1776 1452987
7 1777 2936920
7 1778 1479846
7 1779 1092353
7 1780 2942968
7 1781 1091793
7 1782 1453690
7 1783 2938650
7 1784 1479389
7 1785 972443
7 1786 2935432
7 1787 971730
7 1788 1474361
7 1789 1093751
7 1790 1473684
7 1791 974252
7 1792 1085511
7 1793 965264
7 1794 2915095
7 1795 1091702
7 1796 2915193
7 1797 972129
7 1798 1082845
7 1799 962598
7 1800 993975
7 1801 1473798
7 1802 1002654
7 1803 3457061
7 1804 1477623
7 1805 3456278
7 1806 996513
7 1807 1476166
7 1808 1006762
7 1809 1090022
7 1810 1479968
7 1811 1092070
7 1812 1004624
7 1813 3466572
7 1814 1006552
7 1815 1093942
7 1816 3481001
7 1817 1091896
7 1818 1478206
7 1819 3485586
7 1820 1481994
7 1821 1094212
7 1822 3482353
7 1823 1092332
7 1824 996374
7 1825 1476039
7 1826 1002863
7 1827 3458023
7 1828 1477790
7 1829 3457035
7 1830 993739
7 1831 1474830
7 1832 1000991
7 1833 967822
7 1834 1477044
7 1835 968148
7 1836 1007222
7 1837 3488362
7 1838 1004213
7 1839 973388
7 1840 3485047
7 1841 974421
7 1842 1480462
7 1843 3487527
7 1844 1480855
7 1845 974251
7 1846 3485382
7 1847 974253
7 1848 991539
7 1849 1475269
7 1850 1001853
7 1851 1088010
7 1852 1479013
7 1853 1087383
7 1854 991106
7 1855 1470971
7 1856 1001075
7 1857 968239
7 1858 1473638
7 1859 968239
7 1860 995745
7 1861 1084582
7 1862 995684
7 1863 968232
7 1864 1080378
7 1865 962252
7 1866 1474002
7 1867 1090195
7 1868 1473080
7 1869 971398
7 1870 1080480
7 1871 962335
7 1872 998774
7 1873 3458555
7 1874 1004271
7 1875 1092591
7 1876 3457169
7 1877 1089683
7 1878 1001710
7 1879 3462970
7 1880 1001197
7 1881 971671
7 1882 3482455
7 1883 971832
7 1884 998559
7 1885 1089624
7 1886 997642
7 1887 971104
7 1888 1085703
7 1889 967666
7 1890 3427227
7 1891 1085758
7 1892 3449954
7 1893 967815
7 1894 1081315
7 1895 965239
7 1896 1472104
7 1897 3473895
7 1898 1479354
7 1899 1094395
7 1900 3485400
7 1901 1095353
7 1902 1475332
7 1903 3476817
7 1904 1478854
7 1905 974081
7 1906 3496149
7 1907 977172
7 1908 1477221
7 1909 1093486
7 1910 1474114
7 1911 976802
7 1912 1086101
7 1913 967819
7 1914 3444873
7 1915 1089726
7 1916 3455969
7 1917 971076
7 1918 1086417
7 1919 967989
7 1920 1000559
7 1921 2947216
7 1922 1000628
7 1923 3467064
7 1924 2924501
7 1925 3454604
7 1926 1005606
7 1927 2951412
7 1928 1005259
7 1929 1094596
7 1930 2954369
7 1931 1096917
7 1932 1006998
7 1933 3492003
7 1934 1002144
7 1935 1093148
7 1936 3497215
7 1937 1094758
7 1938 2926448
7 1939 3471206
7 1940 2948423
7 1941 1092499
7 1942 3498696
7 1943 1092286
7 1944 1001031
7 1945 2946366
7 1946 1000504
7 1947 3468117
7 1948 2923971
7 1949 3454200
7 1950 1005794
7 1951 2948627
7 1952 1004009
7 1953 973854
7 1954 2952019
7 1955 976553
7 1956 1004091
7 1957 3491354
7 1958 1001807
7 1959 971245
7 1960 3495669
7 1961 976882
7 1962 2924689
7 1963 3471489
7 1964 2947615
7 1965 974427
7 1966 3495589
7 1967 974651
7 1968 1003572
7 1969 2945721
7 1970 1006942
7 1971 1096746
7 1972 2952171
7 1973 1096637
7 1974 1003165
7 1975 2940009
7 1976 1006627
7 1977 976504
7 1978 2944314
7 1979 976882
7 1980 998474
7 1981 1090747
7 1982 998374
7 1983 971263
7 1984 1087840
7 1985 967909
7 1986 2941052
7 1987 1096208
7 1988 2940796
7 1989 976634
7 1990 1087691
7 1991 967809
7 1992 1001701
7 1993 3465782
7 1994 1004353
7 1995 1094182
7 1996 3480419
7 1997 1093006
7 1998 1002337
7 1999 3466948
7 2000 1003473
7 2001 973794
7 2002 3487119
7 2003 975228
7 2004 996079
7 2005 1087992
7 2006 995583
7 2007 968315
7 2008 1082702
7 2009 962672
7 2010 3448720
7 2011 1089251
7 2012 3456850
7 2013 971299
7 2014 1086054
7 2015 967988
7 2016 2895719
7 2017 3444263
7 2018 2923614
7 2019 1089530
7 2020 3483198
7 2021 1089338
7 2022 2896266
7 2023 3444371
7 2024 2925689
7 2025 971506
7 2026 3483330
7 2027 971992
7 2028 2921226
7 2029 1091968
7 2030 2917316
7 2031 974522
7 2032 1083511
7 2033 965497
7 2034 3453557
7 2035 1089126
7 2036 3458847
7 2037 971353
7 2038 1083460
7 2039 965446
7 2040 1448880
7 2041 2921667
7 2042 1449410
7 2043 3438968
7 2044 2918985
7 2045 3435200
7 2046 1457466
7 2047 2947730
7 2048 1480060
7 2049 1089919
7 2050 2949718
7 2051 1092230
7 2052 1478491
7 2053 3487502
7 2054 1477032
7 2055 1092107
7 2056 3486397
7 2057 1089752
7 2058 2926386
7 2059 3468420
7 2060 2942340
7 2061 1089676
7 2062 3486123
7 2063 1086245
7 2064 1449301
7 2065 2920329
7 2066 1449067
7 2067 3439163
7 2068 2918236
7 2069 3434968
7 2070 1457733
7 2071 2950440
7 2072 1479651
7 2073 971078
7 2074 2950551
7 2075 972009
7 2076 1476210
7 2077 3488503
7 2078 1479371
7 2079 971705
7 2080 3485373
7 2081 971960
7 2082 2917955
7 2083 3460459
7 2084 2944251
7 2085 971735
7 2086 3483123
7 2087 968592
7 2088 1456090
7 2089 2946553
7 2090 1481878
7 2091 1094309
7 2092 2954023
7 2093 1094749
7 2094 1455127
7 2095 2942608
7 2096 1481768
7 2097 974491
7 2098 2948179
7 2099 974788
7 2100 1475733
7 2101 1092239
7 2102 1475466
7 2103 974706
7 2104 1083600
7 2105 965327
7 2106 2943276
7 2107 1096587
7 2108 2942905
7 2109 976805
7 2110 1088279
7 2111 968144
7 2112 1475299
7 2113 3478098
7 2114 1480664
7 2115 1097533
7 2116 3485267
7 2117 1095204
7 2118 1475737
7 2119 3479327
7 2120 1479765
7 2121 977090
7 2122 3497352
7 2123 976922
7 2124 1476141
7 2125 1094362
7 2126 1472717
7 2127 974734
7 2128 1088384
7 2129 968298
7 2130 3448879
7 2131 1089383
7 2132 3457515
7 2133 971051
7 2134 1083561
7 2135 965288
7 2136 2897123
7 2137 3444884
7 2138 2923480
7 2139 1090184
7 2140 3481639
7 2141 1089377
7 2142 2897028
7 2143 3444818
7 2144 2926302
7 2145 972032
7 2146 3482579
7 2147 971920
7 2148 2918599
7 2149 1091948
7 2150 2913020
7 2151 974241
7 2152 1083658
7 2153 965434
7 2154 3452079
7 2155 1088704
7 2156 3456278
7 2157 970831
7 2158 1080587
7 2159 962361
7 2160 987216
7 2161 1446045
7 2162 987211
7 2163 2906889
7 2164 1446214
7 2165 2898697
7 2166 996046
7 2167 1472935
7 2168 1002052
7 2169 2017313
7 2170 1472297
7 2171 2023827
7 2172 1002660
7 2173 2945746
7 2174 1001179
7 2175 2023790
7 2176 2921804
7 2177 2020664
7 2178 1455416
7 2179 2937850
7 2180 1472587
7 2181 2020389
7 2182 2921514
7 2183 2019584
7 2184 989603
7 2185 1448134
7 2186 989595
7 2187 2913682
7 2188 1448416
7 2189 2902261
7 2190 999142
7 2191 1479876
7 2192 1004453
7 2193 1085263
7 2194 1479033
7 2195 1088956
7 2196 1005254
7 2197 2953414
7 2198 1004616
7 2199 1088096
7 2200 2932720
7 2201 1089128
7 2202 1457830
7 2203 2937155
7 2204 1479683
7 2205 1089265
7 2206 2931741
7 2207 1088508
7 2208 994356
7 2209 1477183
7 2210 1004003
7 2211 2040321
7 2212 1482577
7 2213 2045081
7 2214 996279
7 2215 1474909
7 2216 1006844
7 2217 1090971
7 2218 1478769
7 2219 1092102
7 2220 1001757
7 2221 2042057
7 2222 1002344
7 2223 1093609
7 2224 2040202
7 2225 1078854
7 2226 1479502
7 2227 2054951
7 2228 1479385
7 2229 1096762
7 2230 2049727
7 2231 1080081
7 2232 1000906
7 2233 2947135
7 2234 1007062
7 2235 2049327
7 2236 2943489
7 2237 2046067
7 2238 1003806
7 2239 2950887
7 2240 1006676
7 2241 1094823
7 2242 2953676
7 2243 1094203
7 2244 1002226
7 2245 2049293
7 2246 1001499
7 2247 1093290
7 2248 2049837
7 2249 1079803
7 2250 2920102
7 2251 2050221
7 2252 2922551
7 2253 1091841
7 2254 2046583
7 2255 1080045
7 2256 1454434
7 2257 2942191
7 2258 1478288
7 2259 2048516
7 2260 2946482
7 2261 2048645
7 2262 1456432
7 2263 2944112
7 2264 1482304
7 2265 1092627
7 2266 2946538
7 2267 1094486
7 2268 1479070
7 2269 2050473
7 2270 1474674
7 2271 1096903
7 2272 2046529
7 2273 1079965
7 2274 2920463
7 2275 2050523
7 2276 2922025
7 2277 1092168
7 2278 2043946
7 2279 1078259
7 2280 989584
7 2281 1447910
7 2282 989576
7 2283 2914399
7 2284 1448115
7 2285 2904073
7 2286 993386
7 2287 1468103
7 2288 1001135
7 2289 2016554
7 2290 1467359
7 2291 2021868
7 2292 1002351
7 2293 2945587
7 2294 997973
7 2295 2021340
7 2296 2920342
7 2297 2019596
7 2298 1454783
7 2299 2936869
7 2300 1467641
7 2301 2019673
7 2302 2918908
7 2303 2016500
7 2304 986880
7 2305 1445224
7 2306 986872
7 2307 2905775
7 2308 1445462
7 2309 2895226
7 2310 993915
7 2311 1475295
7 2312 998456
7 2313 964967
7 2314 1474028
7 2315 965388
7 2316 1000336
7 2317 2940824
7 2318 998774
7 2319 965378
7 2320 2917934
7 2321 966331
7 2322 1452645
7 2323 2928774
7 2324 1474662
7 2325 966314
7 2326 2916699
7 2327 965328
7 2328 996476
7 2329 1475625
7 2330 1006710
7 2331 2044353
7 2332 1482551
7 2333 2046924
7 2334 993590
7 2335 1473011
7 2336 1000850
7 2337 967984
7 2338 1474177
7 2339 968148
7 2340 1004751
7 2341 2041871
7 2342 1003794
7 2343 973854
7 2344 2039340
7 2345 971160
7 2346 1479731
7 2347 2052676
7 2348 1480680
7 2349 976558
7 2350 2047050
7 2351 971711
7 2352 1005691
7 2353 2957217
7 2354 1004335
7 2355 2048207
7 2356 2951594
7 2357 2048304
7 2358 1005484
7 2359 2952589
7 2360 1003989
7 2361 973622
7 2362 2948807
7 2363 974251
7 2364 1004521
7 2365 2046384
7 2366 1001291
7 2367 971228
7 2368 2044480
7 2369 971398
7 2370 2928909
7 2371 2048306
7 2372 2930531
7 2373 974259
7 2374 2047582
7 2375 971436
7 2376 1458138
7 2377 2950279
7 2378 1473761
7 2379 2046198
7 2380 2946710
7 2381 2043182
7 2382 1458066
7 2383 2947848
7 2384 1480753
7 2385 974253
7 2386 2945502
7 2387 974180
7 2388 1481465
7 2389 2052069
7 2390 1475359
7 2391 976888
7 2392 2047467
7 2393 971653
7 2394 2929499
7 2395 2048202
7 2396 2929044
7 2397 974465
7 2398 2044469
7 2399 968338
7 2400 987063
7 2401 1445714
7 2402 987056
7 2403 2905005
7 2404 1446031
7 2405 2893955
7 2406 996523
7 2407 1477495
7 2408 1002335
7 2409 1085685
7 2410 1476722
7 2411 1087002
7 2412 1003016
7 2413 2945507
7 2414 1001812
7 2415 1086267
7 2416 2923851
7 2417 1087249
7 2418 1455818
7 2419 2933271
7 2420 1476982
7 2421 1087257
7 2422 2921638
7 2423 1086181
7 2424 983503
7 2425 1437574
7 2426 983423
7 2427 2898382
7 2428 1438471
7 2429 2870278
7 2430 990981
7 2431 1467893
7 2432 995646
7 2433 962262
7 2434 1468402
7 2435 962455
7 2436 996629
7 2437 2934061
7 2438 995624
7 2439 962348
7 2440 2911764
7 2441 965329
7 2442 1445464
7 2443 2902389
7 2444 1469308
7 2445 965328
7 2446 2907514
7 2447 962283
7 2448 991526
7 2449 1474753
7 2450 1001631
7 2451 1087610
7 2452 1478680
7 2453 1088724
7 2454 991271
7 2455 1472189
7 2456 1001000
7 2457 968233
7 2458 1472706
7 2459 968255
7 2460 995908
7 2461 1084737
7 2462 995860
7 2463 968394
7 2464 1079318
7 2465 962176
7 2466 1473720
7 2467 1091643
7 2468 1473555
7 2469 971711
7 2470 1083128
7 2471 962745
7 2472 1000777
7 2473 2943057
7 2474 1004349
7 2475 1092613
7 2476 2944842
7 2477 1094310
7 2478 1000599
7 2479 2941767
7 2480 1001188
7 2481 970988
7 2482 2941094
7 2483 974253
7 2484 996002
7 2485 1085875
7 2486 995794
7 2487 968454
7 2488 1080383
7 2489 962335
7 2490 2914900
7 2491 1091498
7 2492 2914804
7 2493 971777
7 2494 1085539
7 2495 965600
7 2496 1453142
7 2497 2934737
7 2498 1479713
7 2499 1092360
7 2500 2939598
7 2501 1091347
7 2502 1452017
7 2503 2932654
7 2504 1473213
7 2505 971710
7 2506 2912194
7 2507 968798
7 2508 1474680
7 2509 1094167
7 2510 1473467
7 2511 974563
7 2512 1085688
7 2513 965602
7 2514 2914535
7 2515 1091324
7 2516 2914294
7 2517 971613
7 2518 1082581
7 2519 962597
7 2520 988517
7 2521 1471091
7 2522 1001514
7 2523 2022702
7 2524 1478608
7 2525 2023835
7 2526 991527
7 2527 1474653
7 2528 1004759
7 2529 1088985
7 2530 1481239
7 2531 1089717
7 2532 998920
7 2533 2013303
7 2534 1001682
7 2535 1091197
7 2536 2040561
7 2537 1079490
7 2538 1478474
7 2539 2048365
7 2540 1480027
7 2541 1094679
7 2542 2046519
7 2543 1080254
7 2544 991519
7 2545 1474568
7 2546 1001644
7 2547 2023015
7 2548 1479427
7 2549 2023728
7 2550 988077
7 2551 1467685
7 2552 998479
7 2553 965757
7 2554 1471705
7 2555 965777
7 2556 1004157
7 2557 2039692
7 2558 1000858
7 2559 971142
7 2560 2045045
7 2561 971682
7 2562 1481976
7 2563 2049073
7 2564 1478943
7 2565 974259
7 2566 2048968
7 2567 971777
7 2568 988682
7 2569 1472332
7 2570 1001913
7 2571 1087241
7 2572 1479600
7 2573 1087321
7 2574 987878
7 2575 1464808
7 2576 998375
7 2577 965698
7 2578 1468720
7 2579 965703
7 2580 998463
7 2581 1088309
7 2582 998275
7 2583 970944
7 2584 1084388
7 2585 965426
7 2586 1476432
7 2587 1091843
7 2588 1474708
7 2589 971436
7 2590 1085731
7 2591 965600
7 2592 992368
7 2593 2014760
7 2594 995532
7 2595 1087488
7 2596 2009578
7 2597 1076317
7 2598 995529
7 2599 2016647
7 2600 992254
7 2601 965524
7 2602 2035816
7 2603 967815
7 2604 992679
7 2605 1085300
7 2606 992087
7 2607 965536
7 2608 1083321
7 2609 965239
7 2610 1983448
7 2611 1069287
7 2612 2007863
7 2613 958728
7 2614 1067058
7 2615 958809
7 2616 1471816
7 2617 2028725
7 2618 1473649
7 2619 1093015
7 2620 2046695
7 2621 1083042
7 2622 1473605
7 2623 2029622
7 2624 1472604
7 2625 971618
7 2626 2051962
7 2627 973980
7 2628 1473471
7 2629 1092569
7 2630 1470827
7 2631 972145
7 2632 1090647
7 2633 970597
7 2634 2016496
7 2635 1073302
7 2636 2022869
7 2637 962164
7 2638 1072712
7 2639 962171
7 2640 997332
7 2641 2938069
7 2642 1003928
7 2643 2027280
7 2644 2946463
7 2645 2028431
7 2646 1000654
7 2647 2944806
7 2648 1006979
7 2649 1092898
7 2650 2956103
7 2651 1095804
7 2652 1004383
7 2653 2046726
7 2654 1003650
7 2655 1096217
7 2656 2051245
7 2657 1085366
7 2658 2936120
7 2659 2045270
7 2660 2944279
7 2661 1093190
7 2662 2050610
7 2663 1085302
7 2664 1000431
7 2665 2945073
7 2666 1003686
7 2667 2029930
7 2668 2948361
7 2669 2027055
7 2670 1000208
7 2671 2941110
7 2672 1001244
7 2673 971306
7 2674 2945914
7 2675 974427
7 2676 1004295
7 2677 2047756
7 2678 1003632
7 2679 973934
7 2680 2050275
7 2681 976634
7 2682 2950139
7 2683 2049439
7 2684 2948791
7 2685 974470
7 2686 2052361
7 2687 976878
7 2688 1000720
7 2689 2942035
7 2690 1006542
7 2691 1094851
7 2692 2953994
7 2693 1094653
7 2694 999930
7 2695 2937223
7 2696 1003831
7 2697 973880
7 2698 2943280
7 2699 974651
7 2700 998132
7 2701 1088796
7 2702 997922
7 2703 970786
7 2704 1086028
7 2705 967809
7 2706 2942842
7 2707 1095927
7 2708 2942206
7 2709 976878
7 2710 1088777
7 2711 970734
7 2712 995539
7 2713 2026970
7 2714 996414
7 2715 1090146
7 2716 2041681
7 2717 1079897
7 2718 996519
7 2719 2027349
7 2720 995499
7 2721 968551
7 2722 2049439
7 2723 971299
7 2724 995624
7 2725 1089372
7 2726 994136
7 2727 968229
7 2728 1088162
7 2729 967988
7 2730 2014458
7 2731 1072722
7 2732 2022518
7 2733 961999
7 2734 1072189
7 2735 962007
7 2736 2905090
7 2737 2021766
7 2738 2912796
7 2739 1088291
7 2740 2042979
7 2741 1082153
7 2742 2912848
7 2743 2022201
7 2744 2913161
7 2745 968259
7 2746 2045688
7 2747 973581
7 2748 2913390
7 2749 1088169
7 2750 2909557
7 2751 971419
7 2752 1084813
7 2753 967686
7 2754 2016896
7 2755 1075297
7 2756 2025452
7 2757 964708
7 2758 1074798
7 2759 964716
7 2760 1450651
7 2761 2936411
7 2762 1475354
7 2763 2026156
7 2764 2948971
7 2765 2026834
7 2766 1452960
7 2767 2941011
7 2768 1482151
7 2769 1091613
7 2770 2951282
7 2771 1093313
7 2772 1481244
7 2773 2048168
7 2774 1476877
7 2775 1097295
7 2776 2049566
7 2777 1083412
7 2778 2943064
7 2779 2049892
7 2780 2945599
7 2781 1095320
7 2782 2048745
7 2783 1081857
7 2784 1452952
7 2785 2941294
7 2786 1474842
7 2787 2026880
7 2788 2949429
7 2789 2026353
7 2790 1452936
7 2791 2942055
7 2792 1478142
7 2793 971747
7 2794 2945913
7 2795 972031
7 2796 1478269
7 2797 2051665
7 2798 1479755
7 2799 976779
7 2800 2051180
7 2801 974924
7 2802 2947866
7 2803 2048806
7 2804 2949113
7 2805 977016
7 2806 2052293
7 2807 971876
7 2808 1453200
7 2809 2941615
7 2810 1482201
7 2811 1093273
7 2812 2952903
7 2813 1093167
7 2814 1451510
7 2815 2935224
7 2816 1478795
7 2817 972375
7 2818 2941461
7 2819 971861
7 2820 1477096
7 2821 1094745
7 2822 1474907
7 2823 976807
7 2824 1088574
7 2825 970505
7 2826 2939525
7 2827 1096236
7 2828 2937789
7 2829 974101
7 2830 1088423
7 2831 968435
7 2832 1473435
7 2833 2032024
7 2834 1474547
7 2835 1095642
7 2836 2044457
7 2837 1085430
7 2838 1474642
7 2839 2032046
7 2840 1473182
7 2841 974538
7 2842 2053785
7 2843 976224
7 2844 1473809
7 2845 1095019
7 2846 1466293
7 2847 974265
7 2848 1093164
7 2849 973222
7 2850 2017586
7 2851 1075645
7 2852 2025520
7 2853 964713
7 2854 1075060
7 2855 964721
7 2856 2909896
7 2857 2026308
7 2858 2913679
7 2859 1091087
7 2860 2046893
7 2861 1082399
7 2862 2914015
7 2863 2026052
7 2864 2915803
7 2865 971272
7 2866 2049319
7 2867 973769
7 2868 2915654
7 2869 1090988
7 2870 2911109
7 2871 972182
7 2872 1088484
7 2873 970264
7 2874 2018192
7 2875 1073047
7 2876 2024384
7 2877 962329
7 2878 1072673
7 2879 962334
7 2880 988143
7 2881 1467479
7 2882 999681
7 2883 3436893
7 2884 1474167
7 2885 3436201
7 2886 991216
7 2887 1471033
7 2888 1004111
7 2889 2017245
7 2890 1477779
7 2891 2024234
7 2892 1001827
7 2893 3465622
7 2894 1000921
7 2895 2028495
7 2896 3457102
7 2897 1999384
7 2898 1475390
7 2899 3468465
7 2900 1475962
7 2901 2024643
7 2902 3457286
7 2903 1998888
7 2904 991072
7 2905 1470794
7 2906 999940
7 2907 3439430
7 2908 1475127
7 2909 3435969
7 2910 994224
7 2911 1477433
7 2912 1004928
7 2913 1089102
7 2914 1481620
7 2915 1090197
7 2916 1006971
7 2917 3490575
7 2918 1007171
7 2919 1094801
7 2920 3489969
7 2921 1091444
7 2922 1480560
7 2923 3485294
7 2924 1484368
7 2925 1095632
7 2926 3490441
7 2927 1090762
7 2928 994072
7 2929 1476750
7 2930 1006787
7 2931 2045934
7 2932 1483628
7 2933 2046812
7 2934 991111
7 2935 1468748
7 2936 1004750
7 2937 1089696
7 2938 1475939
7 2939 1089799
7 2940 1004836
7 2941 2048613
7 2942 1004463
7 2943 1096467
7 2944 2047635
7 2945 1082339
7 2946 1482174
7 2947 2054363
7 2948 1480998
7 2949 1096376
7 2950 2052742
7 2951 1082863
7 2952 998640
7 2953 3467338
7 2954 1001783
7 2955 2045036
7 2956 3457933
7 2957 2017024
7 2958 1001860
7 2959 3473069
7 2960 1001680
7 2961 1094242
7 2962 3492253
7 2963 1094561
7 2964 1002207
7 2965 2049264
7 2966 999963
7 2967 1094315
7 2968 2052768
7 2969 1085154
7 2970 3447995
7 2971 2019460
7 2972 3459396
7 2973 1078400
7 2974 2020841
7 2975 1078325
7 2976 1471965
7 2977 3471053
7 2978 1475255
7 2979 2040443
7 2980 3476047
7 2981 2023898
7 2982 1475578
7 2983 3472518
7 2984 1479377
7 2985 1094032
7 2986 3492793
7 2987 1095039
7 2988 1479781
7 2989 2045081
7 2990 1474670
7 2991 1094892
7 2992 2048675
7 2993 1084908
7 2994 3448734
7 2995 2020203
7 2996 3459283
7 2997 1078500
7 2998 2020792
7 2999 1077972
7 3000 991216
7 3001 1470938
7 3002 1000229
7 3003 3439717
7 3004 1475183
7 3005 3438562
7 3006 991267
7 3007 1470788
7 3008 1004309
7 3009 2021045
7 3010 1477622
7 3011 2026310
7 3012 1001778
7 3013 3468450
7 3014 1000241
7 3015 2027073
7 3016 3457535
7 3017 1998621
7 3018 1475348
7 3019 3471151
7 3020 1475092
7 3021 2024393
7 3022 3457117
7 3023 1996942
7 3024 993761
7 3025 1473250
7 3026 1000179
7 3027 3438434
7 3028 1474998
7 3029 3434952
7 3030 988593
7 3031 1472438
7 3032 998530
7 3033 965584
7 3034 1476200
7 3035 965843
7 3036 1005245
7 3037 3473299
7 3038 1003964
7 3039 973390
7 3040 3468226
7 3041 972443
7 3042 1478597
7 3043 3468889
7 3044 1481888
7 3045 974253
7 3046 3467968
7 3047 971710
7 3048 993724
7 3049 1474532
7 3050 1006498
7 3051 2043845
7 3052 1483033
7 3053 2044717
7 3054 993826
7 3055 1476747
7 3056 1001474
7 3057 968328
7 3058 1478031
7 3059 968342
7 3060 1006862
7 3061 2043835
7 3062 1006412
7 3063 976501
7 3064 2042651
7 3065 974252
7 3066 1483042
7 3067 2051698
7 3068 1484232
7 3069 976888
7 3070 2049532
7 3071 974563
7 3072 1004480
7 3073 3491656
7 3074 1004361
7 3075 2048289
7 3076 3485934
7 3077 2023422
7 3078 1006749
7 3079 3490441
7 3080 1001222
7 3081 971685
7 3082 3493295
7 3083 974081
7 3084 1006639
7 3085 2049778
7 3086 1003830
7 3087 973805
7 3088 2046982
7 3089 976802
7 3090 3482629
7 3091 2023361
7 3092 3487193
7 3093 971618
7 3094 2042896
7 3095 972145
7 3096 1478116
7 3097 3493477
7 3098 1477677
7 3099 2047332
7 3100 3484890
7 3101 2022739
7 3102 1480368
7 3103 3491882
7 3104 1479913
7 3105 972092
7 3106 3495206
7 3107 977019
7 3108 1483902
7 3109 2049057
7 3110 1481661
7 3111 975247
7 3112 2048962
7 3113 976646
7 3114 3482947
7 3115 2023641
7 3116 3486528
7 3117 971779
7 3118 2042031
7 3119 971709
7 3120 993781
7 3121 1473199
7 3122 999974
7 3123 3438324
7 3124 1474956
7 3125 3433262
7 3126 993605
7 3127 1472970
7 3128 1006771
7 3129 1090702
7 3130 1477532
7 3131 1092148
7 3132 1007226
7 3133 3488183
7 3134 1003075
7 3135 1094207
7 3136 3487224
7 3137 1090950
7 3138 1480636
7 3139 3484474
7 3140 1478977
7 3141 1094667
7 3142 3485439
7 3143 1087661
7 3144 990831
7 3145 1465923
7 3146 996041
7 3147 3435480
7 3148 1468199
7 3149 3426227
7 3150 993406
7 3151 1472720
7 3152 1001208
7 3153 968147
7 3154 1476174
7 3155 968335
7 3156 1000680
7 3157 3471461
7 3158 1001765
7 3159 970997
7 3160 3466636
7 3161 971730
7 3162 1472324
7 3163 3459401
7 3164 1477945
7 3165 974180
7 3166 3464150
7 3167 968798
7 3168 988081
7 3169 1467557
7 3170 1001481
7 3171 1087040
7 3172 1476938
7 3173 1087509
7 3174 988029
7 3175 1466828
7 3176 998215
7 3177 965528
7 3178 1467818
7 3179 965537
7 3180 998330
7 3181 1089225
7 3182 998326
7 3183 970945
7 3184 1084169
7 3185 965264
7 3186 1473864
7 3187 1092016
7 3188 1475192
7 3189 971653
7 3190 1085985
7 3191 965602
7 3192 1004233
7 3193 3471245
7 3194 1003686
7 3195 1095626
7 3196 3487218
7 3197 1095247
7 3198 1004318
7 3199 3471874
7 3200 1002418
7 3201 974010
7 3202 3490288
7 3203 977172
7 3204 998295
7 3205 1090683
7 3206 996739
7 3207 970778
7 3208 1087803
7 3209 967819
7 3210 3459203
7 3211 1091907
7 3212 3463884
7 3213 973980
7 3214 1088717
7 3215 970597
7 3216 1477539
7 3217 3470298
7 3218 1478784
7 3219 1096611
7 3220 3488088
7 3221 1092445
7 3222 1476867
7 3223 3470440
7 3224 1478844
7 3225 977019
7 3226 3483383
7 3227 974577
7 3228 1477383
7 3229 1095516
7 3230 1473389
7 3231 976646
7 3232 1089764
7 3233 970662
7 3234 3459051
7 3235 1091670
7 3236 3463365
7 3237 973774
7 3238 1086363
7 3239 968197
7 3240 988532
7 3241 1471831
7 3242 1002117
7 3243 2024412
7 3244 1479295
7 3245 2024311
7 3246 991198
7 3247 1471691
7 3248 1004451
7 3249 1088929
7 3250 1477282
7 3251 1089330
7 3252 1001934
7 3253 2041668
7 3254 1002417
7 3255 1094288
7 3256 2049144
7 3257 1080422
7 3258 1479430
7 3259 2050852
7 3260 1478954
7 3261 1094433
7 3262 2047112
7 3263 1080061
7 3264 991336
7 3265 1473238
7 3266 1001505
7 3267 2023525
7 3268 1477582
7 3269 2023129
7 3270 988168
7 3271 1468668
7 3272 998606
7 3273 965686
7 3274 1473328
7 3275 965700
7 3276 1004323
7 3277 2047478
7 3278 1003492
7 3279 973708
7 3280 2048496
7 3281 972129
7 3282 1480770
7 3283 2048936
7 3284 1479278
7 3285 974465
7 3286 2048243
7 3287 971613
7 3288 988122
7 3289 1467482
7 3290 1001365
7 3291 1086939
7 3292 1475173
7 3293 1086663
7 3294 983503
7 3295 1437574
7 3296 993831
7 3297 962275
7 3298 1441557
7 3299 962275
7 3300 996054
7 3301 1087752
7 3302 995090
7 3303 968232
7 3304 1082648
7 3305 962598
7 3306 1470570
7 3307 1090856
7 3308 1462943
7 3309 968338
7 3310 1082671
7 3311 962597
7 3312 995529
7 3313 2026344
7 3314 996536
7 3315 1090099
7 3316 2038782
7 3317 1079807
7 3318 996408
7 3319 2026922
7 3320 995282
7 3321 968549
7 3322 2049402
7 3323 971076
7 3324 995627
7 3325 1089338
7 3326 994382
7 3327 968385
7 3328 1088116
7 3329 967989
7 3330 2015910
7 3331 1072879
7 3332 2023576
7 3333 962164
7 3334 1072410
7 3335 962171
7 3336 1472627
7 3337 2030215
7 3338 1472943
7 3339 1092762
7 3340 2047390
7 3341 1082836
7 3342 1473278
7 3343 2030337
7 3344 1472804
7 3345 971779
7 3346 2052022
7 3347 973774
7 3348 1472198
7 3349 1092465
7 3350 1465152
7 3351 971709
7 3352 1088136
7 3353 968197
7 3354 2017017
7 3355 1072971
7 3356 2023619
7 3357 962241
7 3358 1072529
7 3359 962247
7 3360 992249
7 3361 3435063
7 3362 995674
7 3363 2021289
7 3364 3448925
7 3365 1998035
7 3366 995520
7 3367 3441463
7 3368 998550
7 3369 1090058
7 3370 3480687
7 3371 1091029
7 3372 998541
7 3373 2043105
7 3374 995831
7 3375 1090144
7 3376 2047751
7 3377 1082760
7 3378 3425822
7 3379 2010748
7 3380 3451276
7 3381 1077811
7 3382 2017418
7 3383 1077729
7 3384 995680
7 3385 3441379
7 3386 995754
7 3387 2023838
7 3388 3454352
7 3389 1996002
7 3390 998031
7 3391 3440687
7 3392 992329
7 3393 965527
7 3394 3463598
7 3395 971506
7 3396 998342
7 3397 2041113
7 3398 998086
7 3399 968867
7 3400 2046535
7 3401 974522
7 3402 3471355
7 3403 2018079
7 3404 3473785
7 3405 968259
7 3406 2033344
7 3407 971419
7 3408 998246
7 3409 3440896
7 3410 998133
7 3411 1091748
7 3412 3480841
7 3413 1090832
7 3414 995594
7 3415 3440286
7 3416 997962
7 3417 968859
7 3418 3464362
7 3419 971992
7 3420 990919
7 3421 1086320
7 3422 991607
7 3423 965303
7 3424 1085727
7 3425 965497
7 3426 3458248
7 3427 1091550
7 3428 3460814
7 3429 973581
7 3430 1085851
7 3431 967686
7 3432 992666
7 3433 2022817
7 3434 995604
7 3435 1088914
7 3436 2042070
7 3437 1080059
7 3438 995590
7 3439 2023980
7 3440 992415
7 3441 965688
7 3442 2046891
7 3443 971353
7 3444 992673
7 3445 1086652
7 3446 990081
7 3447 965150
7 3448 1085826
7 3449 965446
7 3450 2017406
7 3451 1075574
7 3452 2025024
7 3453 964708
7 3454 1074996
7 3455 964716
7 3456 3392578
7 3457 1986321
7 3458 3416779
7 3459 1072153
7 3460 2006217
7 3461 1070365
7 3462 3418055
7 3463 1986194
7 3464 3422258
7 3465 958714
7 3466 2006386
7 3467 964384
7 3468 3422219
7 3469 1072032
7 3470 3420650
7 3471 964384
7 3472 1066974
7 3473 958724
7 3474 1983448
7 3475 1069287
7 3476 2007863
7 3477 958728
7 3478 1067058
7 3479 958809
7 3480 1465297
7 3481 3448444
7 3482 1468980
7 3483 2016942
7 3484 3463248
7 3485 2001527
7 3486 1468899
7 3487 3451203
7 3488 1475718
7 3489 1092051
7 3490 3490198
7 3491 1093186
7 3492 1475857
7 3493 2036862
7 3494 1468753
7 3495 1092548
7 3496 2046884
7 3497 1084692
7 3498 3450293
7 3499 2020665
7 3500 3463175
7 3501 1081057
7 3502 2022926
7 3503 1080390
7 3504 1469070
7 3505 3452532
7 3506 1469114
7 3507 2021162
7 3508 3466156
7 3509 2001125
7 3510 1471751
7 3511 3452659
7 3512 1470936
7 3513 968064
7 3514 3474847
7 3515 974209
7 3516 1475071
7 3517 2039157
7 3518 1475708
7 3519 971915
7 3520 2042186
7 3521 976529
7 3522 3481595
7 3523 2022405
7 3524 3485388
7 3525 973733
7 3526 2041600
7 3527 974081
7 3528 1471876
7 3529 3452635
7 3530 1474944
7 3531 1094112
7 3532 3490049
7 3533 1092974
7 3534 1468413
7 3535 3451802
7 3536 1475179
7 3537 971695
7 3538 3475700
7 3539 974312
7 3540 1467297
7 3541 1091691
7 3542 1468410
7 3543 971387
7 3544 1087814
7 3545 967928
7 3546 3463659
7 3547 1091588
7 3548 3466743
7 3549 973762
7 3550 1088538
7 3551 970415
7 3552 1471033
7 3553 2027108
7 3554 1472767
7 3555 1094094
7 3556 2039911
7 3557 1084783
7 3558 1473371
7 3559 2028267
7 3560 1469617
7 3561 971684
7 3562 2050338
7 3563 975883
7 3564 1470492
7 3565 1092129
7 3566 1459681
7 3567 971177
7 3568 1090419
7 3569 970582
7 3570 2015103
7 3571 1075473
7 3572 2024496
7 3573 964546
7 3574 1074795
7 3575 964556
7 3576 3406901
7 3577 1991995
7 3578 3419757
7 3579 1073246
7 3580 2011928
7 3581 1071287
7 3582 3420527
7 3583 1991792
7 3584 3424667
7 3585 961755
7 3586 2012147
7 3587 965333
7 3588 3424569
7 3589 1073218
7 3590 3421986
7 3591 965333
7 3592 1070259
7 3593 961755
7 3594 1990900
7 3595 1072322
7 3596 2012483
7 3597 961690
7 3598 1070271
7 3599 961767
7 3600 990880
7 3601 2930606
7 3602 993991
7 3603 3440836
7 3604 2915101
7 3605 3431694
7 3606 994109
7 3607 2933995
7 3608 998410
7 3609 2019529
7 3610 2941596
7 3611 2022153
7 3612 998593
7 3613 3463282
7 3614 994424
7 3615 2023635
7 3616 3465556
7 3617 2000698
7 3618 2910972
7 3619 3445383
7 3620 2912999
7 3621 1994304
7 3622 3451849
7 3623 1994645
7 3624 994111
7 3625 2934434
7 3626 994192
7 3627 3444901
7 3628 2917292
7 3629 3432535
7 3630 999919
7 3631 2946616
7 3632 998856
7 3633 1089553
7 3634 2952007
7 3635 1092828
7 3636 1001141
7 3637 3482391
7 3638 1001522
7 3639 1090556
7 3640 3491940
7 3641 1093897
7 3642 2928390
7 3643 3470562
7 3644 2950312
7 3645 1091278
7 3646 3496456
7 3647 1091357
7 3648 999688
7 3649 2943685
7 3650 1001063
7 3651 2044254
7 3652 2952676
7 3653 2043311
7 3654 994503
7 3655 2929362
7 3656 1001621
7 3657 1090343
7 3658 2941575
7 3659 1092989
7 3660 998824
7 3661 2045740
7 3662 998700
7 3663 1091778
7 3664 2047982
7 3665 1083014
7 3666 2948443
7 3667 2050285
7 3668 2944871
7 3669 1094806
7 3670 2047890
7 3671 1084825
7 3672 998534
7 3673 3469543
7 3674 1001157
7 3675 2047075
7 3676 3473833
7 3677 2023470
7 3678 1001175
7 3679 3472269
7 3680 998536
7 3681 1091783
7 3682 3496759
7 3683 1095015
7 3684 998931
7 3685 2045544
7 3686 993954
7 3687 1089583
7 3688 2050449
7 3689 1082784
7 3690 3456835
7 3691 2023413
7 3692 3468785
7 3693 1080980
7 3694 2023114
7 3695 1080433
7 3696 2901894
7 3697 3437960
7 3698 2906270
7 3699 2011642
7 3700 3456694
7 3701 2012957
7 3702 2907967
7 3703 3438548
7 3704 2929904
7 3705 1077600
7 3706 3462991
7 3707 1087671
7 3708 2930254
7 3709 2015151
7 3710 2907216
7 3711 1087859
7 3712 2015381
7 3713 1077651
7 3714 3442982
7 3715 2016585
7 3716 3464902
7 3717 1077750
7 3718 2015720
7 3719 1077110
7 3720 994032
7 3721 2934810
7 3722 994570
7 3723 3445351
7 3724 2917846
7 3725 3433157
7 3726 994183
7 3727 2933949
7 3728 998759
7 3729 2021546
7 3730 2941724
7 3731 2022602
7 3732 998749
7 3733 3465120
7 3734 994407
7 3735 2023494
7 3736 3466173
7 3737 2001160
7 3738 2912206
7 3739 3446059
7 3740 2912730
7 3741 1994417
7 3742 3452019
7 3743 1993922
7 3744 997112
7 3745 2942856
7 3746 997434
7 3747 3446867
7 3748 2920164
7 3749 3433464
7 3750 997310
7 3751 2938079
7 3752 992571
7 3753 965058
7 3754 2942418
7 3755 971078
7 3756 1003805
7 3757 3471958
7 3758 998684
7 3759 968716
7 3760 3478792
7 3761 974491
7 3762 2925322
7 3763 3455106
7 3764 2945548
7 3765 971747
7 3766 3480771
7 3767 972375
7 3768 999812
7 3769 2940912
7 3770 1003939
7 3771 2046923
7 3772 2953878
7 3773 2043885
7 3774 1000290
7 3775 2945145
7 3776 998442
7 3777 968552
7 3778 2945913
7 3779 971705
7 3780 1001440
7 3781 2041644
7 3782 1001030
7 3783 971568
7 3784 2045351
7 3785 974706
7 3786 2953996
7 3787 2049761
7 3788 2956570
7 3789 976779
7 3790 2048519
7 3791 976807
7 3792 1003920
7 3793 3490463
7 3794 1001348
7 3795 2047109
7 3796 3490114
7 3797 2023486
7 3798 1006545
7 3799 3490378
7 3800 1001143
7 3801 971429
7 3802 3496625
7 3803 977090
7 3804 1004045
7 3805 2050645
7 3806 998871
7 3807 968652
7 3808 2051775
7 3809 974734
7 3810 3492511
7 3811 2025930
7 3812 3497069
7 3813 974538
7 3814 2045312
7 3815 974265
7 3816 2914321
7 3817 3462070
7 3818 2913688
7 3819 2016930
7 3820 3468019
7 3821 2016551
7 3822 2925136
7 3823 3466664
7 3824 2940096
7 3825 968064
7 3826 3489385
7 3827 971695
7 3828 2945676
7 3829 2037097
7 3830 2940078
7 3831 971915
7 3832 2039037
7 3833 971387
7 3834 3490865
7 3835 2024687
7 3836 3494681
7 3837 971684
7 3838 2041904
7 3839 971177
7 3840 997285
7 3841 2942861
7 3842 997449
7 3843 3446975
7 3844 2919670
7 3845 3433373
7 3846 999674
7 3847 2945228
7 3848 1003673
7 3849 1092196
7 3850 2957765
7 3851 1095005
7 3852 1003885
7 3853 3480988
7 3854 1001556
7 3855 1092347
7 3856 3500181
7 3857 1093954
7 3858 2931475
7 3859 3473027
7 3860 2950217
7 3861 1091371
7 3862 3496985
7 3863 1090984
7 3864 994236
7 3865 2932857
7 3866 994224
7 3867 3445145
7 3868 2913208
7 3869 3431749
7 3870 999952
7 3871 2945658
7 3872 998574
7 3873 968721
7 3874 2947633
7 3875 972009
7 3876 1001497
7 3877 3475369
7 3878 998662
7 3879 968767
7 3880 3481053
7 3881 974788
7 3882 2919842
7 3883 3454075
7 3884 2946211
7 3885 972031
7 3886 3480643
7 3887 971861
7 3888 997272
7 3889 2933888
7 3890 1001132
7 3891 1092772
7 3892 2946826
7 3893 1092973
7 3894 997245
7 3895 2933961
7 3896 1000905
7 3897 971263
7 3898 2936964
7 3899 971960
7 3900 992293
7 3901 1086217
7 3902 992334
7 3903 965607
7 3904 1085617
7 3905 965327
7 3906 2939870
7 3907 1094824
7 3908 2941473
7 3909 974924
7 3910 1090648
7 3911 970505
7 3912 1000784
7 3913 3466105
7 3914 1003494
7 3915 1095083
7 3916 3483884
7 3917 1095531
7 3918 1003376
7 3919 3468999
7 3920 1000181
7 3921 971084
7 3922 3489631
7 3923 976922
7 3924 998114
7 3925 1090913
7 3926 997677
7 3927 970880
7 3928 1088588
7 3929 968298
7 3930 3461273
7 3931 1094768
7 3932 3472494
7 3933 976224
7 3934 1091545
7 3935 973222
7 3936 2920560
7 3937 3451226
7 3938 2944132
7 3939 1092897
7 3940 3489833
7 3941 1092343
7 3942 2918956
7 3943 3450383
7 3944 2946074
7 3945 974209
7 3946 3489946
7 3947 974312
7 3948 2941362
7 3949 1094155
7 3950 2937161
7 3951 976529
7 3952 1086152
7 3953 967928
7 3954 3461254
7 3955 1094412
7 3956 3472585
7 3957 975883
7 3958 1088806
7 3959 970582
7 3960 997240
7 3961 2934209
7 3962 1003186
7 3963 2027074
7 3964 2946122
7 3965 2025545
7 3966 999955
7 3967 2937979
7 3968 1006704
7 3969 1093921
7 3970 2947427
7 3971 1094956
7 3972 1001204
7 3973 2041877
7 3974 1002862
7 3975 1095223
7 3976 2051374
7 3977 1085735
7 3978 2945814
7 3979 2050646
7 3980 2947653
7 3981 1095500
7 3982 2047298
7 3983 1084488
7 3984 999930
7 3985 2939786
7 3986 1000019
7 3987 2025326
7 3988 2944147
7 3989 2022236
7 3990 997222
7 3991 2928731
7 3992 1001129
7 3993 971099
7 3994 2936691
7 3995 971735
7 3996 1002343
7 3997 2046313
7 3998 999237
7 3999 971080
7 4000 2050004
7 4001 976805
7 4002 2951270
7 4003 2045953
7 4004 2949625
7 4005 977016
7 4006 2049633
7 4007 974101
7 4008 997414
7 4009 2927696
7 4010 1003949
7 4011 1092731
7 4012 2941520
7 4013 1092679
7 4014 992696
7 4015 2902383
7 4016 997269
7 4017 968476
7 4018 2909221
7 4019 968592
7 4020 998045
7 4021 1089876
7 4022 997200
7 4023 970648
7 4024 1087503
7 4025 968144
7 4026 2935047
7 4027 1094253
7 4028 2932296
7 4029 971876
7 4030 1088682
7 4031 968435
7 4032 992548
7 4033 2022299
7 4034 995586
7 4035 1088896
7 4036 2040123
7 4037 1080097
7 4038 995571
7 4039 2023682
7 4040 990832
7 4041 965299
7 4042 2046590
7 4043 971051
7 4044 992442
7 4045 1086547
7 4046 990745
7 4047 965218
7 4048 1085727
7 4049 965288
7 4050 2018002
7 4051 1075785
7 4052 2025345
7 4053 964713
7 4054 1075160
7 4055 964721
7 4056 2932479
7 4057 2028149
7 4058 2935713
7 4059 1093417
7 4060 2045656
7 4061 1084152
7 4062 2936162
7 4063 2027620
7 4064 2936235
7 4065 973733
7 4066 2048355
7 4067 973762
7 4068 2935413
7 4069 1093206
7 4070 2929954
7 4071 974081
7 4072 1088683
7 4073 970415
7 4074 2015518
7 4075 1075613
7 4076 2024321
7 4077 964546
7 4078 1074895
7 4079 964556
7 4080 992263
7 4081 3436404
7 4082 995674
7 4083 2021766
7 4084 3451279
7 4085 1999468
7 4086 995520
7 4087 3441646
7 4088 998540
7 4089 1090168
7 4090 3481460
7 4091 1091463
7 4092 998363
7 4093 2043175
7 4094 995576
7 4095 1089928
7 4096 2049823
7 4097 1082514
7 4098 3439818
7 4099 2017795
7 4100 3453850
7 4101 1078888
7 4102 2021148
7 4103 1078447
7 4104 995666
7 4105 3441655
7 4106 995725
7 4107 2024147
7 4108 3455206
7 4109 1998500
7 4110 998209
7 4111 3440859
7 4112 992552
7 4113 965533
7 4114 3463874
7 4115 972032
7 4116 998012
7 4117 2041232
7 4118 998084
7 4119 968540
7 4120 2047089
7 4121 974241
7 4122 3472711
7 4123 2021117
7 4124 3476702
7 4125 971272
7 4126 2040164
7 4127 972182
7 4128 998233
7 4129 3440747
7 4130 997973
7 4131 1091742
7 4132 3478678
7 4133 1090989
7 4134 995306
7 4135 3438860
7 4136 997639
7 4137 968686
7 4138 3462500
7 4139 971920
7 4140 992087
7 4141 1086542
7 4142 991953
7 4143 965218
7 4144 1085928
7 4145 965434
7 4146 3456991
7 4147 1091880
7 4148 3459513
7 4149 973769
7 4150 1088692
7 4151 970264
7 4152 992482
7 4153 2022010
7 4154 995187
7 4155 1088401
7 4156 2043093
7 4157 1079791
7 4158 995318
7 4159 2022421
7 4160 992127
7 4161 965137
7 4162 2045675
7 4163 970831
7 4164 992089
7 4165 1085961
7 4166 983503
7 4167 962024
7 4168 1082906
7 4169 962361
7 4170 2018753
7 4171 1073330
7 4172 2023956
7 4173 962329
7 4174 1072875
7 4175 962334
7 4176 3406901
7 4177 1991995
7 4178 3419757
7 4179 1073246
7 4180 2011928
7 4181 1071287
7 4182 3420527
7 4183 1991792
7 4184 3424667
7 4185 961755
7 4186 2012147
7 4187 965333
7 4188 3424569
7 4189 1073218
7 4190 3421986
7 4191 965333
7 4192 1070259
7 4193 961755
7 4194 1990900
7 4195 1072322
7 4196 2012483
7 4197 961690
7 4198 1070271
7 4199 961767
7 4200 2870278
7 4201 3405074
7 4202 2874593
7 4203 1985360
7 4204 3427923
7 4205 1987029
7 4206 2875954
7 4207 3404842
7 4208 2902798
7 4209 1072719
7 4210 3443847
7 4211 1082395
7 4212 2902850
7 4213 2005252
7 4214 2874244
7 4215 1082395
7 4216 2009583
7 4217 1074101
7 4218 3424733
7 4219 2010058
7 4220 3446805
7 4221 1074077
7 4222 2008982
7 4223 1070589
7 4224 2876045
7 4225 3409622
7 4226 2874591
7 4227 1987196
7 4228 3430178
7 4229 1986859
7 4230 2887346
7 4231 3414660
7 4232 2899486
7 4233 958714
7 4234 3450116
7 4235 965148
7 4236 2903853
7 4237 2008732
7 4238 2905675
7 4239 964899
7 4240 2008336
7 4241 967620
7 4242 3464946
7 4243 2010895
7 4244 3469072
7 4245 967613
7 4246 2029667
7 4247 965472
7 4248 2887489
7 4249 3414610
7 4250 2904676
7 4251 1082037
7 4252 3448794
7 4253 1082612
7 4254 2876259
7 4255 3409490
7 4256 2906669
7 4257 965148
7 4258 3450444
7 4259 965291
7 4260 2899759
7 4261 1075320
7 4262 2899318
7 4263 967620
7 4264 1066959
7 4265 958710
7 4266 3428826
7 4267 1085150
7 4268 3450057
7 4269 967298
7 4270 1080734
7 4271 964655
7 4272 2901142
7 4273 2011549
7 4274 2905225
7 4275 1086708
7 4276 2008314
7 4277 1077614
7 4278 2906913
7 4279 2010639
7 4280 2898122
7 4281 967613
7 4282 2031063
7 4283 967298
7 4284 2897056
7 4285 1084680
7 4286 2874622
7 4287 965472
7 4288 1080734
7 4289 964655
7 4290 1982465
7 4291 1069275
7 4292 2007438
7 4293 958642
7 4294 1066973
7 4295 958724
7 4296 3392578
7 4297 1986321
7 4298 3416779
7 4299 1072153
7 4300 2006217
7 4301 1070365
7 4302 3418055
7 4303 1986194
7 4304 3422258
7 4305 958714
7 4306 2006386
7 4307 964384
7 4308 3422219
7 4309 1072032
7 4310 3420650
7 4311 964384
7 4312 1066974
7 4313 958724
7 4314 1983448
7 4315 1069287
7 4316 2007863
7 4317 958728
7 4318 1067058
7 4319 958809
7 4320 1437574
7 4321 2898292
7 4322 1440914
7 4323 3411333
7 4324 2904038
7 4325 3405363
7 4326 1441718
7 4327 2900341
7 4328 1464442
7 4329 1984887
7 4330 2907638
7 4331 2010818
7 4332 1464898
7 4333 3433197
7 4334 1441364
7 4335 2010762
7 4336 3431936
7 4337 1989988
7 4338 2906030
7 4339 3435351
7 4340 2906879
7 4341 1989510
7 4342 3431843
7 4343 1986844
7 4344 1441743
7 4345 2901956
7 4346 1441360
7 4347 3414863
7 4348 2905681
7 4349 3405487
7 4350 1451280
7 4351 2930389
7 4352 1472105
7 4353 1072444
7 4354 2936861
7 4355 1086055
7 4356 1470051
7 4357 3461609
7 4358 1472158
7 4359 1083530
7 4360 3460089
7 4361 1085429
7 4362 2920757
7 4363 3455432
7 4364 2941699
7 4365 1087135
7 4366 3477028
7 4367 1084269
7 4368 1451031
7 4369 2930282
7 4370 1468989
7 4371 2029027
7 4372 2939278
7 4373 2032715
7 4374 1442225
7 4375 2900492
7 4376 1471678
7 4377 1083569
7 4378 2916725
7 4379 1084527
7 4380 1469979
7 4381 2013910
7 4382 1468785
7 4383 1088332
7 4384 2009376
7 4385 1074357
7 4386 2936393
7 4387 2040758
7 4388 2935513
7 4389 1087398
7 4390 2037282
7 4391 1078850
7 4392 1470552
7 4393 3462395
7 4394 1471459
7 4395 2036473
7 4396 3454799
7 4397 2014275
7 4398 1469936
7 4399 3457594
7 4400 1467893
7 4401 1089153
7 4402 3478534
7 4403 1088194
7 4404 1471056
7 4405 2034421
7 4406 1441114
7 4407 1085971
7 4408 2037287
7 4409 1078849
7 4410 3429957
7 4411 2012318
7 4412 3453695
7 4413 1074383
7 4414 2012175
7 4415 1074290
7 4416 2901706
7 4417 3437086
7 4418 2905731
7 4419 2011453
7 4420 3454195
7 4421 2012459
7 4422 2907238
7 4423 3436893
7 4424 2927392
7 4425 1074768
7 4426 3455975
7 4427 1086476
7 4428 2927464
7 4429 2013365
7 4430 2902376
7 4431 1086546
7 4432 2011258
7 4433 1074143
7 4434 3430306
7 4435 2012240
7 4436 3451386
7 4437 1074059
7 4438 2008521
7 4439 1070273
7 4440 1441595
7 4441 2902108
7 4442 1441791
7 4443 3414958
7 4444 2905926
7 4445 3406493
7 4446 1441846
7 4447 2899935
7 4448 1465022
7 4449 1986632
7 4450 2908777
7 4451 2011391
7 4452 1465108
7 4453 3435261
7 4454 1441372
7 4455 2010738
7 4456 3432379
7 4457 1990294
7 4458 2906441
7 4459 3435741
7 4460 2906805
7 4461 1989526
7 4462 3432016
7 4463 1986824
7 4464 1445298
7 4465 2913657
7 4466 1445744
7 4467 3416458
7 4468 2913704
7 4469 3411450
7 4470 1449330
7 4471 2927923
7 4472 1466826
7 4473 958718
7 4474 2931637
7 4475 964881
7 4476 1474606
7 4477 3463214
7 4478 1473842
7 4479 965095
7 4480 3458977
7 4481 968260
7 4482 2922757
7 4483 3445997
7 4484 2940168
7 4485 968260
7 4486 3463240
7 4487 965681
7 4488 1451543
7 4489 2931316
7 4490 1474117
7 4491 2031720
7 4492 2945483
7 4493 2037260
7 4494 1452335
7 4495 2933503
7 4496 1473411
7 4497 965095
7 4498 2935568
7 4499 965258
7 4500 1477717
7 4501 2012379
7 4502 1476045
7 4503 970815
7 4504 2008185
7 4505 967944
7 4506 2943262
7 4507 2042317
7 4508 2949252
7 4509 970719
7 4510 2038329
7 4511 971067
7 4512 1476670
7 4513 3483227
7 4514 1472622
7 4515 2037878
7 4516 3478808
7 4517 2017747
7 4518 1479536
7 4519 3482855
7 4520 1478318
7 4521 970815
7 4522 3484221
7 4523 970719
7 4524 1478079
7 4525 2041855
7 4526 1471714
7 4527 965904
7 4528 2040028
7 4529 971212
7 4530 3476547
7 4531 2017102
7 4532 3482394
7 4533 968419
7 4534 2036287
7 4535 968380
7 4536 2913029
7 4537 3460536
7 4538 2910043
7 4539 2015682
7 4540 3461027
7 4541 2012964
7 4542 2924347
7 4543 3465319
7 4544 2939050
7 4545 967944
7 4546 3484131
7 4547 971067
7 4548 2943168
7 4549 2036423
7 4550 2935157
7 4551 971212
7 4552 2036361
7 4553 968229
7 4554 3479220
7 4555 2021061
7 4556 3481272
7 4557 968380
7 4558 2035863
7 4559 965239
7 4560 1445544
7 4561 2914031
7 4562 1445755
7 4563 3416798
7 4564 2913699
7 4565 3411452
7 4566 1451436
7 4567 2932074
7 4568 1478273
7 4569 1083109
7 4570 2944711
7 4571 1088728
7 4572 1474731
7 4573 3461549
7 4574 1474085
7 4575 1086570
7 4576 3479651
7 4577 1087224
7 4578 2929317
7 4579 3463156
7 4580 2944921
7 4581 1087782
7 4582 3480814
7 4583 1084336
7 4584 1442187
7 4585 2902416
7 4586 1441620
7 4587 3415031
7 4588 2904451
7 4589 3405795
7 4590 1451957
7 4591 2934146
7 4592 1474021
7 4593 964881
7 4594 2938130
7 4595 965959
7 4596 1471156
7 4597 3466031
7 4598 1473769
7 4599 965258
7 4600 3464181
7 4601 968747
7 4602 2915237
7 4603 3440824
7 4604 2940825
7 4605 968747
7 4606 3462137
7 4607 965679
7 4608 1449342
7 4609 2928486
7 4610 1475956
7 4611 1084860
7 4612 2943591
7 4613 1089353
7 4614 1449242
7 4615 2928106
7 4616 1475944
7 4617 968260
7 4618 2934722
7 4619 968747
7 4620 1468598
7 4621 1075489
7 4622 1468524
7 4623 967944
7 4624 1066963
7 4625 958714
7 4626 2934980
7 4627 1093052
7 4628 2936503
7 4629 973423
7 4630 1084928
7 4631 965148
7 4632 1474102
7 4633 3463605
7 4634 1476762
7 4635 1091430
7 4636 3465141
7 4637 1091702
7 4638 1476547
7 4639 3468143
7 4640 1475364
7 4641 970719
7 4642 3487567
7 4643 973564
7 4644 1475219
7 4645 1087973
7 4646 1471076
7 4647 971212
7 4648 1081862
7 4649 964899
7 4650 3433165
7 4651 1088428
7 4652 3456886
7 4653 970378
7 4654 1083690
7 4655 967613
7 4656 2918723
7 4657 3446287
7 4658 2940720
7 4659 1091897
7 4660 3481789
7 4661 1088974
7 4662 2917679
7 4663 3446320
7 4664 2940985
7 4665 973423
7 4666 3479008
7 4667 971342
7 4668 2939477
7 4669 1093593
7 4670 2934332
7 4671 976127
7 4672 1085586
7 4673 967620
7 4674 3452884
7 4675 1091227
7 4676 3463083
7 4677 973183
7 4678 1083439
7 4679 965472
7 4680 1449218
7 4681 2930059
7 4682 1474149
7 4683 2019396
7 4684 2947226
7 4685 2021413
7 4686 1451757
7 4687 2933662
7 4688 1480911
7 4689 1088649
7 4690 2946607
7 4691 1091178
7 4692 1477479
7 4693 2011945
7 4694 1475547
7 4695 1092623
7 4696 2038063
7 4697 1081646
7 4698 2940519
7 4699 2042091
7 4700 2947742
7 4701 1092576
7 4702 2041610
7 4703 1081346
7 4704 1451527
7 4705 2935707
7 4706 1469548
7 4707 2018557
7 4708 2945611
7 4709 2017266
7 4710 1448870
7 4711 2926570
7 4712 1475933
7 4713 968260
7 4714 2938013
7 4715 968747
7 4716 1476601
7 4717 2035928
7 4718 1473610
7 4719 970719
7 4720 2040701
7 4721 973423
7 4722 2951657
7 4723 2042708
7 4724 2947006
7 4725 973564
7 4726 2042618
7 4727 971342
7 4728 1449365
7 4729 2925373
7 4730 1478530
7 4731 1088868
7 4732 2942755
7 4733 1088249
7 4734 1441711
7 4735 2900171
7 4736 1469417
7 4737 965681
7 4738 2910716
7 4739 965679
7 4740 1474763
7 4741 1087109
7 4742 1472398
7 4743 971067
7 4744 1082233
7 4745 965148
7 4746 2936432
7 4747 1092137
7 4748 2933783
7 4749 971342
7 4750 1083136
7 4751 965291
7 4752 1468260
7 4753 2016815
7 4754 1471838
7 4755 1090192
7 4756 2010934
7 4757 1079168
7 4758 1471780
7 4759 2018657
7 4760 1465389
7 4761 968419
7 4762 2037520
7 4763 970378
7 4764 1469473
7 4765 1088020
7 4766 1462357
7 4767 968380
7 4768 1085411
7 4769 967613
7 4770 1982101
7 4771 1069275
7 4772 2007327
7 4773 958632
7 4774 1066963
7 4775 958714
7 4776 2926041
7 4777 2022803
7 4778 2934315
7 4779 1090509
7 4780 2040147
7 4781 1083354
7 4782 2934749
7 4783 2023022
7 4784 2931982
7 4785 970378
7 4786 2043905
7 4787 973033
7 4788 2932463
7 4789 1090096
7 4790 2927185
7 4791 973183
7 4792 1084380
7 4793 967298
7 4794 2012470
7 4795 1075241
7 4796 2023294
7 4797 964372
7 4798 1074466
7 4799 964384
7 4800 1464869
7 4801 3444840
7 4802 1468776
7 4803 2016394
7 4804 3458595
7 4805 1999435
7 4806 1468561
7 4807 3447690
7 4808 1475052
7 4809 1091692
7 4810 3486277
7 4811 1092455
7 4812 1474509
7 4813 2036020
7 4814 1466749
7 4815 1091886
7 4816 2043902
7 4817 1084247
7 4818 3431967
7 4819 2012788
7 4820 3459682
7 4821 1079825
7 4822 2018701
7 4823 1079558
7 4824 1468693
7 4825 3451124
7 4826 1468558
7 4827 2020183
7 4828 3463364
7 4829 1996127
7 4830 1471039
7 4831 3448323
7 4832 1469614
7 4833 967944
7 4834 3472378
7 4835 973423
7 4836 1472527
7 4837 2036088
7 4838 1474383
7 4839 971212
7 4840 2041090
7 4841 976127
7 4842 3478776
7 4843 2018292
7 4844 3480779
7 4845 970378
7 4846 2033724
7 4847 973183
7 4848 1471021
7 4849 3446665
7 4850 1470965
7 4851 1092621
7 4852 3484431
7 4853 1089833
7 4854 1464325
7 4855 3440303
7 4856 1470902
7 4857 971067
7 4858 3466207
7 4859 971342
7 4860 1465335
7 4861 1087895
7 4862 1464481
7 4863 968229
7 4864 1086468
7 4865 967620
7 4866 3460646
7 4867 1090946
7 4868 3465506
7 4869 973033
7 4870 1085263
7 4871 967298
7 4872 1469059
7 4873 2022768
7 4874 1469320
7 4875 1090901
7 4876 2036967
7 4877 1082158
7 4878 1470680
7 4879 2023196
7 4880 1466324
7 4881 968380
7 4882 2045859
7 4883 973183
7 4884 1465383
7 4885 1088496
7 4886 1438471
7 4887 965239
7 4888 1085252
7 4889 965472
7 4890 2012371
7 4891 1075241
7 4892 2023268
7 4893 964372
7 4894 1074466
7 4895 964384
7 4896 3391277
7 4897 1986206
7 4898 3416549
7 4899 1072145
7 4900 2006100
7 4901 1070360
7 4902 3417856
7 4903 1986079
7 4904 3422078
7 4905 958632
7 4906 2006270
7 4907 964372
7 4908 3422045
7 4909 1072022
7 4910 3420557
7 4911 964372
7 4912 1066892
7 4913 958642
7 4914 1983267
7 4915 1069210
7 4916 2007755
7 4917 958647
7 4918 1066977
7 4919 958728
7 4920 2870278
7 4921 3405074
7 4922 2874593
7 4923 1985360
7 4924 3427923
7 4925 1987029
7 4926 2875954
7 4927 3404842
7 4928 2902798
7 4929 1072719
7 4930 3443847
7 4931 1082395
7 4932 2902850
7 4933 2005252
7 4934 2874244
7 4935 1082395
7 4936 2009583
7 4937 1074101
7 4938 3424733
7 4939 2010058
7 4940 3446805
7 4941 1074077
7 4942 2008982
7 4943 1070589
7 4944 2876045
7 4945 3409622
7 4946 2874591
7 4947 1987196
7 4948 3430178
7 4949 1986859
7 4950 2887346
7 4951 3414660
7 4952 2899486
7 4953 958714
7 4954 3450116
7 4955 965148
7 4956 2903853
7 4957 2008732
7 4958 2905675
7 4959 964899
7 4960 2008336
7 4961 967620
7 4962 3464946
7 4963 2010895
7 4964 3469072
7 4965 967613
7 4966 2029667
7 4967 965472
7 4968 2887489
7 4969 3414610
7 4970 2904676
7 4971 1082037
7 4972 3448794
7 4973 1082612
7 4974 2876259
7 4975 3409490
7 4976 2906669
7 4977 965148
7 4978 3450444
7 4979 965291
7 4980 2899759
7 4981 1075320
7 4982 2899318
7 4983 967620
7 4984 1066959
7 4985 958710
7 4986 3428826
7 4987 1085150
7 4988 3450057
7 4989 967298
7 4990 1080734
7 4991 964655
7 4992 2901142
7 4993 2011549
7 4994 2905225
7 4995 1086708
7 4996 2008314
7 4997 1077614
7 4998 2906913
7 4999 2010639
7 5000 2898122
7 5001 967613
7 5002 2031063
7 5003 967298
7 5004 2897056
7 5005 1084680
7 5006 2874622
7 5007 965472
7 5008 1080734
7 5009 964655
7 5010 1982465
7 5011 1069275
7 5012 2007438
7 5013 958642
7 5014 1066973
7 5015 958724
7 5016 3392578
7 5017 1986321
7 5018 3416779
7 5019 1072153
7 5020 2006217
7 5021 1070365
7 5022 3418055
7 5023 1986194
7 5024 3422258
7 5025 958714
7 5026 2006386
7 5027 964384
7 5028 3422219
7 5029 1072032
7 5030 3420650
7 5031 964384
7 5032 1066974
7 5033 958724
7 5034 1983448
7 5035 1069287
7 5036 2007863
7 5037 958728
7 5038 1067058
7 5039 958809
