3 0 39916799
3 1 39916800
3 2 39858014
3 3 39916799
3 4 39858014
3 5 39916799
4 0 39858014
4 1 39858014
4 2 39858014
4 3 39916799
4 4 39858014
4 5 39916799
4 6 36153510
4 7 36153510
4 8 36441710
4 9 39858014
4 10 36441710
4 11 39858014
4 12 36441710
4 13 36441710
4 14 36153510
4 15 39858014
4 16 36153510
4 17 39858014
4 18 36153510
4 19 36441710
4 20 36441710
4 21 39858014
4 22 36153510
4 23 39858014
5 0 36153510
5 1 36153510
5 2 36092688
5 3 36441710
5 4 36441710
5 5 36153510
5 6 36153510
5 7 36153510
5 8 36441710
5 9 39858014
5 10 36441710
5 11 39858014
5 12 36441710
5 13 36441710
5 14 36153510
5 15 39858014
5 16 36153510
5 17 39858014
5 18 36153510
5 19 36441710
5 20 36441710
5 21 39858014
5 22 36153510
5 23 39858014
5 24 20598112
5 25 20598112
5 26 20572392
5 27 20863742
5 28 20863742
5 29 20598112
5 30 20863742
5 31 20863742
5 32 20922336
5 33 36153510
5 34 21244523
5 35 36153510
5 36 21016266
5 37 21284288
5 38 21055493
5 39 36092688
5 40 21101676
5 41 36441710
5 42 21244523
5 43 21101676
5 44 21438666
5 45 36441710
5 46 21244523
5 47 36153510
5 48 20863742
5 49 20863742
5 50 21016266
5 51 21244523
5 52 21284288
5 53 21101676
5 54 20598112
5 55 20598112
5 56 21058080
5 57 36153510
5 58 21101676
5 59 36153510
5 60 20901218
5 61 21101676
5 62 20884054
5 63 36441710
5 64 20598112
5 65 36153510
5 66 21101676
5 67 21284288
5 68 21244523
5 69 36441710
5 70 20863742
5 71 36441710
5 72 20922336
5 73 21244523
5 74 21055493
5 75 21438666
5 76 21101676
5 77 21244523
5 78 21058080
5 79 21101676
5 80 20844529
5 81 36441710
5 82 21284288
5 83 36441710
5 84 20884054
5 85 21244523
5 86 20598112
5 87 36153510
5 88 20863742
5 89 36441710
5 90 20598112
5 91 20863742
5 92 20863742
5 93 36153510
5 94 20598112
5 95 36153510
5 96 20598112
5 97 20884054
5 98 20844529
5 99 21055493
5 100 21058080
5 101 20922336
5 102 20884054
5 103 20901218
5 104 21055493
5 105 36153510
5 106 21016266
5 107 36441710
5 108 21058080
5 109 21016266
5 110 20922336
5 111 36441710
5 112 20572392
5 113 36092688
5 114 20598112
5 115 20863742
5 116 20863742
5 117 36153510
5 118 20598112
5 119 36153510
6 0 20598112
6 1 20598112
6 2 20572392
6 3 20863742
6 4 20863742
6 5 20598112
6 6 20572392
6 7 20572392
6 8 20971656
6 9 20922336
6 10 21016266
6 11 21058080
6 12 20971656
6 13 21016266
6 14 20558210
6 15 21055493
6 16 20901218
6 17 20884054
6 18 20922336
6 19 21058080
6 20 21055493
6 21 20844529
6 22 20884054
6 23 20598112
6 24 20598112
6 25 20598112
6 26 20572392
6 27 20863742
6 28 20863742
6 29 20598112
6 30 20863742
6 31 20863742
6 32 20922336
6 33 36153510
6 34 21244523
6 35 36153510
6 36 21016266
6 37 21284288
6 38 21055493
6 39 36092688
6 40 21101676
6 41 36441710
6 42 21244523
6 43 21101676
6 44 21438666
6 45 36441710
6 46 21244523
6 47 36153510
6 48 20863742
6 49 20863742
6 50 21016266
6 51 21244523
6 52 21284288
6 53 21101676
6 54 20598112
6 55 20598112
6 56 21058080
6 57 36153510
6 58 21101676
6 59 36153510
6 60 20901218
6 61 21101676
6 62 20884054
6 63 36441710
6 64 20598112
6 65 36153510
6 66 21101676
6 67 21284288
6 68 21244523
6 69 36441710
6 70 20863742
6 71 36441710
6 72 20922336
6 73 21244523
6 74 21055493
6 75 21438666
6 76 21101676
6 77 21244523
6 78 21058080
6 79 21101676
6 80 20844529
6 81 36441710
6 82 21284288
6 83 36441710
6 84 20884054
6 85 21244523
6 86 20598112
6 87 36153510
6 88 20863742
6 89 36441710
6 90 20598112
6 91 20863742
6 92 20863742
6 93 36153510
6 94 20598112
6 95 36153510
6 96 20598112
6 97 20884054
6 98 20844529
6 99 21055493
6 100 21058080
6 101 20922336
6 102 20884054
6 103 20901218
6 104 21055493
6 105 36153510
6 106 21016266
6 107 36441710
6 108 21058080
6 109 21016266
6 110 20922336
6 111 36441710
6 112 20572392
6 113 36092688
6 114 20598112
6 115 20863742
6 116 20863742
6 117 36153510
6 118 20598112
6 119 36153510
6 120 6081686
6 121 6081686
6 122 6079368
6 123 6126649
6 124 6126649
6 125 6081686
6 126 6079121
6 127 6079121
6 128 6159684
6 129 6140960
6 130 6164947
6 131 6169385
6 132 6159684
6 133 6164947
6 134 6078371
6 135 6169711
6 136 6138280
6 137 6136346
6 138 6140960
6 139 6169385
6 140 6169711
6 141 6131634
6 142 6136346
6 143 6081686
6 144 6126649
6 145 6126649
6 146 6125833
6 147 6151057
6 148 6151057
6 149 6126649
6 150 6140960
6 151 6140960
6 152 6134494
6 153 20598112
6 154 6220027
6 155 20598112
6 156 6239984
6 157 6263585
6 158 6180603
6 159 20572392
6 160 6233647
6 161 20863742
6 162 6245377
6 163 6227216
6 164 6267224
6 165 20863742
6 166 6243632
6 167 20598112
6 168 6164947
6 169 6164947
6 170 6243778
6 171 6263585
6 172 6263137
6 173 6258148
6 174 6169711
6 175 6169711
6 176 6177089
6 177 20572392
6 178 6225173
6 179 20572392
6 180 6224250
6 181 6238601
6 182 6217688
6 183 20971656
6 184 6179596
6 185 20922336
6 186 6263343
6 187 6302595
6 188 6300613
6 189 21016266
6 190 6226906
6 191 21058080
6 192 6247342
6 193 6284262
6 194 6210961
6 195 6293848
6 196 6263626
6 197 6268019
6 198 6283563
6 199 6293848
6 200 6221041
6 201 20971656
6 202 6295973
6 203 21016266
6 204 6245618
6 205 6284126
6 206 6177339
6 207 20558210
6 208 6232019
6 209 21055493
6 210 6231402
6 211 6235874
6 212 6273839
6 213 20901218
6 214 6232590
6 215 20884054
6 216 6220027
6 217 6232590
6 218 6225173
6 219 6232019
6 220 6226906
6 221 6179596
6 222 6267224
6 223 6273839
6 224 6278835
6 225 20922336
6 226 6300613
6 227 21058080
6 228 6300613
6 229 6295973
6 230 6278835
6 231 21055493
6 232 6225173
6 233 20844529
6 234 6243632
6 235 6233647
6 236 6267224
6 237 20884054
6 238 6220027
6 239 20598112
6 240 6126649
6 241 6126649
6 242 6125833
6 243 6151057
6 244 6151057
6 245 6126649
6 246 6164947
6 247 6164947
6 248 6247342
6 249 6220027
6 250 6284262
6 251 6232590
6 252 6243778
6 253 6263137
6 254 6210961
6 255 6225173
6 256 6263626
6 257 6226906
6 258 6263585
6 259 6258148
6 260 6293848
6 261 6232019
6 262 6268019
6 263 6179596
6 264 6081686
6 265 6081686
6 266 6079368
6 267 6126649
6 268 6126649
6 269 6081686
6 270 6169385
6 271 6169385
6 272 6181392
6 273 20598112
6 274 6232590
6 275 20598112
6 276 6205428
6 277 6258148
6 278 6181688
6 279 20572392
6 280 6235874
6 281 20863742
6 282 6227216
6 283 6184421
6 284 6273839
6 285 20863742
6 286 6231402
6 287 20598112
6 288 6138280
6 289 6138280
6 290 6218802
6 291 6233647
6 292 6263626
6 293 6235874
6 294 6136346
6 295 6136346
6 296 6214281
6 297 20863742
6 298 6226906
6 299 20863742
6 300 6139749
6 301 6179596
6 302 6139802
6 303 20922336
6 304 6081686
6 305 20598112
6 306 6231402
6 307 6268019
6 308 6243632
6 309 21244523
6 310 6136346
6 311 20884054
6 312 6218802
6 313 6263626
6 314 6249828
6 315 6295973
6 316 6268251
6 317 6302595
6 318 6248365
6 319 6268019
6 320 6209179
6 321 21016266
6 322 6302595
6 323 21284288
6 324 6184486
6 325 6232019
6 326 6175638
6 327 21055493
6 328 6131634
6 329 20844529
6 330 6184421
6 331 6258148
6 332 6227216
6 333 21101676
6 334 6169385
6 335 21058080
6 336 6233647
6 337 6235874
6 338 6295973
6 339 6284126
6 340 6302595
6 341 6238601
6 342 6243632
6 343 6231402
6 344 6300613
6 345 21244523
6 346 6263343
6 347 21101676
6 348 6273839
6 349 6293848
6 350 6267224
6 351 21438666
6 352 6169711
6 353 21055493
6 354 6227216
6 355 6263585
6 356 6245377
6 357 21244523
6 358 6140960
6 359 20922336
6 360 6140960
6 361 6140960
6 362 6239984
6 363 6245377
6 364 6263585
6 365 6227216
6 366 6169711
6 367 6169711
6 368 6283563
6 369 6267224
6 370 6293848
6 371 6273839
6 372 6224250
6 373 6263343
6 374 6245618
6 375 6300613
6 376 6231402
6 377 6243632
6 378 6238601
6 379 6302595
6 380 6284126
6 381 6295973
6 382 6235874
6 383 6233647
6 384 6169385
6 385 6169385
6 386 6205428
6 387 6227216
6 388 6258148
6 389 6184421
6 390 6131634
6 391 6131634
6 392 6214207
6 393 20863742
6 394 6232019
6 395 20863742
6 396 6251581
6 397 6302595
6 398 6208495
6 399 21016266
6 400 6268019
6 401 21244523
6 402 6302595
6 403 6268251
6 404 6295973
6 405 21284288
6 406 6263626
6 407 21101676
6 408 6136346
6 409 6136346
6 410 6248365
6 411 6243632
6 412 6268019
6 413 6231402
6 414 6081686
6 415 6081686
6 416 6175518
6 417 20598112
6 418 6179596
6 419 20598112
6 420 6184359
6 421 6226906
6 422 6179688
6 423 21058080
6 424 6136346
6 425 20884054
6 426 6235874
6 427 6263626
6 428 6233647
6 429 21101676
6 430 6138280
6 431 20901218
6 432 6139749
6 433 6231402
6 434 6184486
6 435 6273839
6 436 6184421
6 437 6227216
6 438 6184359
6 439 6235874
6 440 6132764
6 441 20901218
6 442 6258148
6 443 21101676
6 444 6142870
6 445 6232590
6 446 6129010
6 447 20884054
6 448 6169385
6 449 21058080
6 450 6081686
6 451 6126649
6 452 6126649
6 453 20598112
6 454 6081686
6 455 20598112
6 456 6179596
6 457 6268019
6 458 6232019
6 459 6293848
6 460 6258148
6 461 6263585
6 462 6226906
6 463 6263626
6 464 6225173
6 465 21101676
6 466 6263137
6 467 21284288
6 468 6232590
6 469 6284262
6 470 6220027
6 471 21244523
6 472 6164947
6 473 21016266
6 474 6126649
6 475 6151057
6 476 6151057
6 477 20863742
6 478 6126649
6 479 20863742
6 480 6134494
6 481 6220027
6 482 6180603
6 483 6267224
6 484 6233647
6 485 6243632
6 486 6177089
6 487 6225173
6 488 6221041
6 489 6278835
6 490 6295973
6 491 6300613
6 492 6217688
6 493 6300613
6 494 6177339
6 495 6278835
6 496 6273839
6 497 6267224
6 498 6179596
6 499 6226906
6 500 6232019
6 501 6225173
6 502 6232590
6 503 6220027
6 504 6181392
6 505 6232590
6 506 6181688
6 507 6273839
6 508 6235874
6 509 6231402
6 510 6214207
6 511 6232019
6 512 6141033
6 513 20922336
6 514 6284126
6 515 21244523
6 516 6208495
6 517 6295973
6 518 6210970
6 519 21055493
6 520 6293848
6 521 21438666
6 522 6268019
6 523 6263626
6 524 6293848
6 525 21101676
6 526 6284262
6 527 21244523
6 528 6214281
6 529 6226906
6 530 6209179
6 531 6300613
6 532 6302595
6 533 6263343
6 534 6175518
6 535 6179596
6 536 6205561
6 537 21058080
6 538 6238601
6 539 21101676
6 540 6132764
6 541 6225173
6 542 6130308
6 543 20844529
6 544 6169711
6 545 21055493
6 546 6258148
6 547 6263137
6 548 6263585
6 549 21284288
6 550 6164947
6 551 21016266
6 552 6139802
6 553 6243632
6 554 6175638
6 555 6267224
6 556 6227216
6 557 6245377
6 558 6179688
6 559 6233647
6 560 6130308
6 561 20884054
6 562 6263585
6 563 21244523
6 564 6129010
6 565 6220027
6 566 6081686
6 567 20598112
6 568 6140960
6 569 20922336
6 570 6126649
6 571 6151057
6 572 6151057
6 573 20863742
6 574 6126649
6 575 20863742
6 576 6081686
6 577 6136346
6 578 6131634
6 579 6169711
6 580 6169385
6 581 6140960
6 582 6136346
6 583 6138280
6 584 6169711
6 585 20598112
6 586 6164947
6 587 20863742
6 588 6169385
6 589 6164947
6 590 6140960
6 591 20863742
6 592 6079121
6 593 20572392
6 594 6081686
6 595 6126649
6 596 6126649
6 597 20598112
6 598 6081686
6 599 20598112
6 600 6081686
6 601 6129010
6 602 6130308
6 603 6175638
6 604 6179688
6 605 6139802
6 606 6130308
6 607 6132764
6 608 6210970
6 609 6177339
6 610 6208495
6 611 6217688
6 612 6205561
6 613 6209179
6 614 6141033
6 615 6221041
6 616 6181688
6 617 6180603
6 618 6175518
6 619 6214281
6 620 6214207
6 621 6177089
6 622 6181392
6 623 6134494
6 624 6129010
6 625 6142870
6 626 6132764
6 627 6184486
6 628 6184359
6 629 6139749
6 630 6175638
6 631 6184486
6 632 6177339
6 633 20598112
6 634 6245618
6 635 20884054
6 636 6209179
6 637 6249828
6 638 6221041
6 639 20844529
6 640 6210961
6 641 21055493
6 642 6248365
6 643 6218802
6 644 6283563
6 645 21058080
6 646 6247342
6 647 20922336
6 648 6179688
6 649 6184359
6 650 6208495
6 651 6245618
6 652 6251581
6 653 6224250
6 654 6139802
6 655 6139749
6 656 6217688
6 657 20884054
6 658 6224250
6 659 20901218
6 660 6181688
6 661 6210961
6 662 6180603
6 663 21055493
6 664 6078371
6 665 20558210
6 666 6205428
6 667 6243778
6 668 6239984
6 669 21016266
6 670 6159684
6 671 20971656
6 672 6175518
6 673 6248365
6 674 6214207
6 675 6283563
6 676 6205428
6 677 6239984
6 678 6214281
6 679 6218802
6 680 6177089
6 681 21058080
6 682 6243778
6 683 21016266
6 684 6181392
6 685 6247342
6 686 6134494
6 687 20922336
6 688 6159684
6 689 20971656
6 690 6079368
6 691 6125833
6 692 6125833
6 693 20572392
6 694 6079368
6 695 20572392
6 696 6081686
6 697 6136346
6 698 6131634
6 699 6169711
6 700 6169385
6 701 6140960
6 702 6136346
6 703 6138280
6 704 6169711
6 705 20598112
6 706 6164947
6 707 20863742
6 708 6169385
6 709 6164947
6 710 6140960
6 711 20863742
6 712 6079121
6 713 20572392
6 714 6081686
6 715 6126649
6 716 6126649
6 717 20598112
6 718 6081686
6 719 20598112
7 0 6081686
7 1 6081686
7 2 6079368
7 3 6126649
7 4 6126649
7 5 6081686
7 6 6079121
7 7 6079121
7 8 6159684
7 9 6140960
7 10 6164947
7 11 6169385
7 12 6159684
7 13 6164947
7 14 6078371
7 15 6169711
7 16 6138280
7 17 6136346
7 18 6140960
7 19 6169385
7 20 6169711
7 21 6131634
7 22 6136346
7 23 6081686
7 24 6079368
7 25 6079368
7 26 6076989
7 27 6125833
7 28 6125833
7 29 6079368
7 30 6159684
7 31 6159684
7 32 6180218
7 33 6134494
7 34 6247342
7 35 6181392
7 36 6195090
7 37 6243778
7 38 6203273
7 39 6177089
7 40 6218802
7 41 6214281
7 42 6239984
7 43 6205428
7 44 6283563
7 45 6214207
7 46 6248365
7 47 6175518
7 48 6159684
7 49 6159684
7 50 6195090
7 51 6239984
7 52 6243778
7 53 6205428
7 54 6078371
7 55 6078371
7 56 6203273
7 57 6180603
7 58 6210961
7 59 6181688
7 60 6174960
7 61 6224250
7 62 6171747
7 63 6217688
7 64 6139749
7 65 6139802
7 66 6224250
7 67 6251581
7 68 6245618
7 69 6208495
7 70 6184359
7 71 6179688
7 72 6180218
7 73 6247342
7 74 6203273
7 75 6283563
7 76 6218802
7 77 6248365
7 78 6203273
7 79 6210961
7 80 6165196
7 81 6221041
7 82 6249828
7 83 6209179
7 84 6171747
7 85 6245618
7 86 6078572
7 87 6177339
7 88 6184486
7 89 6175638
7 90 6139749
7 91 6184359
7 92 6184486
7 93 6132764
7 94 6142870
7 95 6129010
7 96 6134494
7 97 6181392
7 98 6177089
7 99 6214207
7 100 6214281
7 101 6175518
7 102 6180603
7 103 6181688
7 104 6221041
7 105 6141033
7 106 6209179
7 107 6205561
7 108 6217688
7 109 6208495
7 110 6177339
7 111 6210970
7 112 6132764
7 113 6130308
7 114 6139802
7 115 6179688
7 116 6175638
7 117 6130308
7 118 6129010
7 119 6081686
7 120 6081686
7 121 6081686
7 122 6079368
7 123 6126649
7 124 6126649
7 125 6081686
7 126 6079121
7 127 6079121
7 128 6159684
7 129 6140960
7 130 6164947
7 131 6169385
7 132 6159684
7 133 6164947
7 134 6078371
7 135 6169711
7 136 6138280
7 137 6136346
7 138 6140960
7 139 6169385
7 140 6169711
7 141 6131634
7 142 6136346
7 143 6081686
7 144 6126649
7 145 6126649
7 146 6125833
7 147 6151057
7 148 6151057
7 149 6126649
7 150 6140960
7 151 6140960
7 152 6134494
7 153 20598112
7 154 6220027
7 155 20598112
7 156 6239984
7 157 6263585
7 158 6180603
7 159 20572392
7 160 6233647
7 161 20863742
7 162 6245377
7 163 6227216
7 164 6267224
7 165 20863742
7 166 6243632
7 167 20598112
7 168 6164947
7 169 6164947
7 170 6243778
7 171 6263585
7 172 6263137
7 173 6258148
7 174 6169711
7 175 6169711
7 176 6177089
7 177 20572392
7 178 6225173
7 179 20572392
7 180 6224250
7 181 6238601
7 182 6217688
7 183 20971656
7 184 6179596
7 185 20922336
7 186 6263343
7 187 6302595
7 188 6300613
7 189 21016266
7 190 6226906
7 191 21058080
7 192 6247342
7 193 6284262
7 194 6210961
7 195 6293848
7 196 6263626
7 197 6268019
7 198 6283563
7 199 6293848
7 200 6221041
7 201 20971656
7 202 6295973
7 203 21016266
7 204 6245618
7 205 6284126
7 206 6177339
7 207 20558210
7 208 6232019
7 209 21055493
7 210 6231402
7 211 6235874
7 212 6273839
7 213 20901218
7 214 6232590
7 215 20884054
7 216 6220027
7 217 6232590
7 218 6225173
7 219 6232019
7 220 6226906
7 221 6179596
7 222 6267224
7 223 6273839
7 224 6278835
7 225 20922336
7 226 6300613
7 227 21058080
7 228 6300613
7 229 6295973
7 230 6278835
7 231 21055493
7 232 6225173
7 233 20844529
7 234 6243632
7 235 6233647
7 236 6267224
7 237 20884054
7 238 6220027
7 239 20598112
7 240 6126649
7 241 6126649
7 242 6125833
7 243 6151057
7 244 6151057
7 245 6126649
7 246 6164947
7 247 6164947
7 248 6247342
7 249 6220027
7 250 6284262
7 251 6232590
7 252 6243778
7 253 6263137
7 254 6210961
7 255 6225173
7 256 6263626
7 257 6226906
7 258 6263585
7 259 6258148
7 260 6293848
7 261 6232019
7 262 6268019
7 263 6179596
7 264 6081686
7 265 6081686
7 266 6079368
7 267 6126649
7 268 6126649
7 269 6081686
7 270 6169385
7 271 6169385
7 272 6181392
7 273 20598112
7 274 6232590
7 275 20598112
7 276 6205428
7 277 6258148
7 278 6181688
7 279 20572392
7 280 6235874
7 281 20863742
7 282 6227216
7 283 6184421
7 284 6273839
7 285 20863742
7 286 6231402
7 287 20598112
7 288 6138280
7 289 6138280
7 290 6218802
7 291 6233647
7 292 6263626
7 293 6235874
7 294 6136346
7 295 6136346
7 296 6214281
7 297 20863742
7 298 6226906
7 299 20863742
7 300 6139749
7 301 6179596
7 302 6139802
7 303 20922336
7 304 6081686
7 305 20598112
7 306 6231402
7 307 6268019
7 308 6243632
7 309 21244523
7 310 6136346
7 311 20884054
7 312 6218802
7 313 6263626
7 314 6249828
7 315 6295973
7 316 6268251
7 317 6302595
7 318 6248365
7 319 6268019
7 320 6209179
7 321 21016266
7 322 6302595
7 323 21284288
7 324 6184486
7 325 6232019
7 326 6175638
7 327 21055493
7 328 6131634
7 329 20844529
7 330 6184421
7 331 6258148
7 332 6227216
7 333 21101676
7 334 6169385
7 335 21058080
7 336 6233647
7 337 6235874
7 338 6295973
7 339 6284126
7 340 6302595
7 341 6238601
7 342 6243632
7 343 6231402
7 344 6300613
7 345 21244523
7 346 6263343
7 347 21101676
7 348 6273839
7 349 6293848
7 350 6267224
7 351 21438666
7 352 6169711
7 353 21055493
7 354 6227216
7 355 6263585
7 356 6245377
7 357 21244523
7 358 6140960
7 359 20922336
7 360 6140960
7 361 6140960
7 362 6239984
7 363 6245377
7 364 6263585
7 365 6227216
7 366 6169711
7 367 6169711
7 368 6283563
7 369 6267224
7 370 6293848
7 371 6273839
7 372 6224250
7 373 6263343
7 374 6245618
7 375 6300613
7 376 6231402
7 377 6243632
7 378 6238601
7 379 6302595
7 380 6284126
7 381 6295973
7 382 6235874
7 383 6233647
7 384 6169385
7 385 6169385
7 386 6205428
7 387 6227216
7 388 6258148
7 389 6184421
7 390 6131634
7 391 6131634
7 392 6214207
7 393 20863742
7 394 6232019
7 395 20863742
7 396 6251581
7 397 6302595
7 398 6208495
7 399 21016266
7 400 6268019
7 401 21244523
7 402 6302595
7 403 6268251
7 404 6295973
7 405 21284288
7 406 6263626
7 407 21101676
7 408 6136346
7 409 6136346
7 410 6248365
7 411 6243632
7 412 6268019
7 413 6231402
7 414 6081686
7 415 6081686
7 416 6175518
7 417 20598112
7 418 6179596
7 419 20598112
7 420 6184359
7 421 6226906
7 422 6179688
7 423 21058080
7 424 6136346
7 425 20884054
7 426 6235874
7 427 6263626
7 428 6233647
7 429 21101676
7 430 6138280
7 431 20901218
7 432 6139749
7 433 6231402
7 434 6184486
7 435 6273839
7 436 6184421
7 437 6227216
7 438 6184359
7 439 6235874
7 440 6132764
7 441 20901218
7 442 6258148
7 443 21101676
7 444 6142870
7 445 6232590
7 446 6129010
7 447 20884054
7 448 6169385
7 449 21058080
7 450 6081686
7 451 6126649
7 452 6126649
7 453 20598112
7 454 6081686
7 455 20598112
7 456 6179596
7 457 6268019
7 458 6232019
7 459 6293848
7 460 6258148
7 461 6263585
7 462 6226906
7 463 6263626
7 464 6225173
7 465 21101676
7 466 6263137
7 467 21284288
7 468 6232590
7 469 6284262
7 470 6220027
7 471 21244523
7 472 6164947
7 473 21016266
7 474 6126649
7 475 6151057
7 476 6151057
7 477 20863742
7 478 6126649
7 479 20863742
7 480 6134494
7 481 6220027
7 482 6180603
7 483 6267224
7 484 6233647
7 485 6243632
7 486 6177089
7 487 6225173
7 488 6221041
7 489 6278835
7 490 6295973
7 491 6300613
7 492 6217688
7 493 6300613
7 494 6177339
7 495 6278835
7 496 6273839
7 497 6267224
7 498 6179596
7 499 6226906
7 500 6232019
7 501 6225173
7 502 6232590
7 503 6220027
7 504 6181392
7 505 6232590
7 506 6181688
7 507 6273839
7 508 6235874
7 509 6231402
7 510 6214207
7 511 6232019
7 512 6141033
7 513 20922336
7 514 6284126
7 515 21244523
7 516 6208495
7 517 6295973
7 518 6210970
7 519 21055493
7 520 6293848
7 521 21438666
7 522 6268019
7 523 6263626
7 524 6293848
7 525 21101676
7 526 6284262
7 527 21244523
7 528 6214281
7 529 6226906
7 530 6209179
7 531 6300613
7 532 6302595
7 533 6263343
7 534 6175518
7 535 6179596
7 536 6205561
7 537 21058080
7 538 6238601
7 539 21101676
7 540 6132764
7 541 6225173
7 542 6130308
7 543 20844529
7 544 6169711
7 545 21055493
7 546 6258148
7 547 6263137
7 548 6263585
7 549 21284288
7 550 6164947
7 551 21016266
7 552 6139802
7 553 6243632
7 554 6175638
7 555 6267224
7 556 6227216
7 557 6245377
7 558 6179688
7 559 6233647
7 560 6130308
7 561 20884054
7 562 6263585
7 563 21244523
7 564 6129010
7 565 6220027
7 566 6081686
7 567 20598112
7 568 6140960
7 569 20922336
7 570 6126649
7 571 6151057
7 572 6151057
7 573 20863742
7 574 6126649
7 575 20863742
7 576 6081686
7 577 6136346
7 578 6131634
7 579 6169711
7 580 6169385
7 581 6140960
7 582 6136346
7 583 6138280
7 584 6169711
7 585 20598112
7 586 6164947
7 587 20863742
7 588 6169385
7 589 6164947
7 590 6140960
7 591 20863742
7 592 6079121
7 593 20572392
7 594 6081686
7 595 6126649
7 596 6126649
7 597 20598112
7 598 6081686
7 599 20598112
7 600 6081686
7 601 6129010
7 602 6130308
7 603 6175638
7 604 6179688
7 605 6139802
7 606 6130308
7 607 6132764
7 608 6210970
7 609 6177339
7 610 6208495
7 611 6217688
7 612 6205561
7 613 6209179
7 614 6141033
7 615 6221041
7 616 6181688
7 617 6180603
7 618 6175518
7 619 6214281
7 620 6214207
7 621 6177089
7 622 6181392
7 623 6134494
7 624 6129010
7 625 6142870
7 626 6132764
7 627 6184486
7 628 6184359
7 629 6139749
7 630 6175638
7 631 6184486
7 632 6177339
7 633 20598112
7 634 6245618
7 635 20884054
7 636 6209179
7 637 6249828
7 638 6221041
7 639 20844529
7 640 6210961
7 641 21055493
7 642 6248365
7 643 6218802
7 644 6283563
7 645 21058080
7 646 6247342
7 647 20922336
7 648 6179688
7 649 6184359
7 650 6208495
7 651 6245618
7 652 6251581
7 653 6224250
7 654 6139802
7 655 6139749
7 656 6217688
7 657 20884054
7 658 6224250
7 659 20901218
7 660 6181688
7 661 6210961
7 662 6180603
7 663 21055493
7 664 6078371
7 665 20558210
7 666 6205428
7 667 6243778
7 668 6239984
7 669 21016266
7 670 6159684
7 671 20971656
7 672 6175518
7 673 6248365
7 674 6214207
7 675 6283563
7 676 6205428
7 677 6239984
7 678 6214281
7 679 6218802
7 680 6177089
7 681 21058080
7 682 6243778
7 683 21016266
7 684 6181392
7 685 6247342
7 686 6134494
7 687 20922336
7 688 6159684
7 689 20971656
7 690 6079368
7 691 6125833
7 692 6125833
7 693 20572392
7 694 6079368
7 695 20572392
7 696 6081686
7 697 6136346
7 698 6131634
7 699 6169711
7 700 6169385
7 701 6140960
7 702 6136346
7 703 6138280
7 704 6169711
7 705 20598112
7 706 6164947
7 707 20863742
7 708 6169385
7 709 6164947
7 710 6140960
7 711 20863742
7 712 6079121
7 713 20572392
7 714 6081686
7 715 6126649
7 716 6126649
7 717 20598112
7 718 6081686
7 719 20598112
7 720 958809
7 721 958809
7 722 958728
7 723 961767
7 724 961767
7 725 958809
7 726 958724
7 727 958724
7 728 964384
7 729 962334
7 730 964556
7 731 964716
7 732 964384
7 733 964556
7 734 958714
7 735 964721
7 736 962247
7 737 962171
7 738 962334
7 739 964716
7 740 964721
7 741 962007
7 742 962171
7 743 958809
7 744 958724
7 745 958724
7 746 958642
7 747 961755
7 748 961755
7 749 958724
7 750 964655
7 751 964655
7 752 965472
7 753 962361
7 754 970582
7 755 965446
7 756 967298
7 757 970415
7 758 967613
7 759 965288
7 760 968197
7 761 967989
7 762 970264
7 763 967686
7 764 973222
7 765 967988
7 766 970597
7 767 965239
7 768 964655
7 769 964655
7 770 967298
7 771 970264
7 772 970415
7 773 967686
7 774 958710
7 775 958710
7 776 967620
7 777 965434
7 778 967928
7 779 965497
7 780 965291
7 781 968435
7 782 965148
7 783 968144
7 784 962597
7 785 962598
7 786 968435
7 787 970734
7 788 970505
7 789 967809
7 790 965600
7 791 965426
7 792 965472
7 793 970582
7 794 967613
7 795 973222
7 796 968197
7 797 970597
7 798 967620
7 799 967928
7 800 964899
7 801 968298
7 802 970662
7 803 967819
7 804 965148
7 805 970505
7 806 958714
7 807 965327
7 808 965602
7 809 965264
7 810 962597
7 811 965600
7 812 965602
7 813 962335
7 814 962745
7 815 962176
7 816 962361
7 817 965446
7 818 965288
7 819 967988
7 820 967989
7 821 965239
7 822 965434
7 823 965497
7 824 968298
7 825 962672
7 826 967819
7 827 967666
7 828 968144
7 829 967809
7 830 965327
7 831 967909
7 832 962335
7 833 962252
7 834 962598
7 835 965426
7 836 965264
7 837 962252
7 838 962176
7 839 958809
7 840 961767
7 841 961767
7 842 961690
7 843 964470
7 844 964470
7 845 961767
7 846 961755
7 847 961755
7 848 965333
7 849 962804
7 850 965370
7 851 965389
7 852 965333
7 853 965370
7 854 961755
7 855 965402
7 856 962783
7 857 962776
7 858 962804
7 859 965389
7 860 965402
7 861 962674
7 862 962776
7 863 961767
7 864 962334
7 865 962334
7 866 962329
7 867 962804
7 868 962804
7 869 962334
7 870 962361
7 871 962361
7 872 962024
7 873 6081686
7 874 967937
7 875 6081686
7 876 970831
7 877 971223
7 878 965137
7 879 6079368
7 880 968822
7 881 6126649
7 882 969089
7 883 968794
7 884 971065
7 885 6126649
7 886 968996
7 887 6081686
7 888 970264
7 889 970264
7 890 973769
7 891 971763
7 892 974074
7 893 971936
7 894 965434
7 895 965434
7 896 965218
7 897 6079121
7 898 968565
7 899 6079121
7 900 971920
7 901 971786
7 902 968686
7 903 6159684
7 904 968525
7 905 6140960
7 906 974758
7 907 975007
7 908 974458
7 909 6164947
7 910 969530
7 911 6169385
7 912 972182
7 913 974758
7 914 971272
7 915 974821
7 916 972134
7 917 972156
7 918 974241
7 919 974509
7 920 968540
7 921 6159684
7 922 974438
7 923 6164947
7 924 972032
7 925 972714
7 926 965533
7 927 6078371
7 928 969548
7 929 6169711
7 930 969701
7 931 969710
7 932 972394
7 933 6138280
7 934 969575
7 935 6136346
7 936 969089
7 937 969547
7 938 969527
7 939 969316
7 940 969301
7 941 968262
7 942 971932
7 943 972368
7 944 972077
7 945 6140960
7 946 974693
7 947 6169385
7 948 975243
7 949 975004
7 950 972320
7 951 6169711
7 952 969544
7 953 6131634
7 954 969772
7 955 969536
7 956 972072
7 957 6136346
7 958 969005
7 959 6081686
7 960 964556
7 961 964556
7 962 964546
7 963 965370
7 964 965370
7 965 964556
7 966 970415
7 967 970415
7 968 974081
7 969 971223
7 970 976932
7 971 971900
7 972 973762
7 973 974208
7 974 973733
7 975 971893
7 976 974246
7 977 971924
7 978 974074
7 979 974087
7 980 977147
7 981 971930
7 982 974533
7 983 971031
7 984 964721
7 985 964721
7 986 964713
7 987 965402
7 988 965402
7 989 964721
7 990 965288
7 991 965288
7 992 965218
7 993 6079368
7 994 968575
7 995 6079368
7 996 971051
7 997 971893
7 998 965299
7 999 6076989
7 1000 969312
7 1001 6125833
7 1002 969527
7 1003 968866
7 1004 971612
7 1005 6125833
7 1006 969150
7 1007 6079368
7 1008 968435
7 1009 968435
7 1010 971876
7 1011 971786
7 1012 974784
7 1013 972161
7 1014 968144
7 1015 968144
7 1016 970648
7 1017 6159684
7 1018 971741
7 1019 6159684
7 1020 968592
7 1021 968689
7 1022 968476
7 1023 6180218
7 1024 965059
7 1025 6134494
7 1026 974933
7 1027 975024
7 1028 975237
7 1029 6247342
7 1030 968432
7 1031 6181392
7 1032 974101
7 1033 977151
7 1034 977016
7 1035 977694
7 1036 974812
7 1037 977646
7 1038 976805
7 1039 977320
7 1040 971080
7 1041 6195090
7 1042 977624
7 1043 6243778
7 1044 971735
7 1045 972037
7 1046 971099
7 1047 6203273
7 1048 968269
7 1049 6177089
7 1050 971623
7 1051 974857
7 1052 974646
7 1053 6218802
7 1054 971156
7 1055 6214281
7 1056 974758
7 1057 974757
7 1058 978155
7 1059 975662
7 1060 977940
7 1061 974922
7 1062 975243
7 1063 975075
7 1064 977462
7 1065 6239984
7 1066 977240
7 1067 6205428
7 1068 977819
7 1069 977503
7 1070 977645
7 1071 6283563
7 1072 971151
7 1073 6214207
7 1074 974726
7 1075 975095
7 1076 975539
7 1077 6248365
7 1078 968729
7 1079 6175518
7 1080 970582
7 1081 970582
7 1082 975883
7 1083 974758
7 1084 976932
7 1085 973913
7 1086 967928
7 1087 967928
7 1088 976529
7 1089 974509
7 1090 976715
7 1091 974862
7 1092 974312
7 1093 977151
7 1094 974209
7 1095 977320
7 1096 972201
7 1097 972237
7 1098 974784
7 1099 977822
7 1100 975500
7 1101 977223
7 1102 972462
7 1103 972284
7 1104 973222
7 1105 973222
7 1106 976224
7 1107 974821
7 1108 977147
7 1109 973962
7 1110 968298
7 1111 968298
7 1112 970880
7 1113 6159684
7 1114 971922
7 1115 6159684
7 1116 976922
7 1117 977694
7 1118 971084
7 1119 6195090
7 1120 974924
7 1121 6239984
7 1122 978155
7 1123 977401
7 1124 977462
7 1125 6243778
7 1126 974838
7 1127 6205428
7 1128 970505
7 1129 970505
7 1130 974924
7 1131 972714
7 1132 975500
7 1133 972476
7 1134 965327
7 1135 965327
7 1136 965607
7 1137 6078371
7 1138 968428
7 1139 6078371
7 1140 971960
7 1141 972037
7 1142 971263
7 1143 6203273
7 1144 968668
7 1145 6180603
7 1146 975321
7 1147 975191
7 1148 975155
7 1149 6210961
7 1150 968675
7 1151 6181688
7 1152 971861
7 1153 975554
7 1154 972031
7 1155 975645
7 1156 972087
7 1157 972334
7 1158 974788
7 1159 975645
7 1160 968767
7 1161 6174960
7 1162 975591
7 1163 6224250
7 1164 972009
7 1165 973125
7 1166 968721
7 1167 6171747
7 1168 971773
7 1169 6217688
7 1170 968586
7 1171 968826
7 1172 971394
7 1173 6139749
7 1174 968518
7 1175 6139802
7 1176 974933
7 1177 977886
7 1178 975321
7 1179 977866
7 1180 975420
7 1181 975331
7 1182 977819
7 1183 978479
7 1184 975250
7 1185 6224250
7 1186 977467
7 1187 6251581
7 1188 977960
7 1189 978234
7 1190 975099
7 1191 6245618
7 1192 971744
7 1193 6208495
7 1194 969539
7 1195 969565
7 1196 972263
7 1197 6184359
7 1198 971336
7 1199 6179688
7 1200 971177
7 1201 974806
7 1202 971684
7 1203 977450
7 1204 974896
7 1205 974992
7 1206 971387
7 1207 974323
7 1208 971915
7 1209 975306
7 1210 977365
7 1211 977147
7 1212 971695
7 1213 977430
7 1214 968064
7 1215 974761
7 1216 974772
7 1217 974298
7 1218 971377
7 1219 972360
7 1220 972378
7 1221 971770
7 1222 971952
7 1223 971448
7 1224 974265
7 1225 977450
7 1226 974538
7 1227 978107
7 1228 975181
7 1229 975384
7 1230 974734
7 1231 975306
7 1232 968652
7 1233 6180218
7 1234 976001
7 1235 6247342
7 1236 977090
7 1237 978565
7 1238 971429
7 1239 6203273
7 1240 978116
7 1241 6283563
7 1242 975636
7 1243 975832
7 1244 977632
7 1245 6218802
7 1246 977930
7 1247 6248365
7 1248 976807
7 1249 977430
7 1250 976779
7 1251 978565
7 1252 978466
7 1253 978014
7 1254 974706
7 1255 974761
7 1256 971568
7 1257 6203273
7 1258 975027
7 1259 6210961
7 1260 971705
7 1261 973097
7 1262 968552
7 1263 6165196
7 1264 971849
7 1265 6221041
7 1266 977652
7 1267 977710
7 1268 978095
7 1269 6249828
7 1270 971583
7 1271 6209179
7 1272 972375
7 1273 975962
7 1274 971747
7 1275 975634
7 1276 972973
7 1277 972908
7 1278 974491
7 1279 975634
7 1280 968716
7 1281 6171747
7 1282 975525
7 1283 6245618
7 1284 971078
7 1285 972452
7 1286 965058
7 1287 6078572
7 1288 969003
7 1289 6177339
7 1290 969562
7 1291 969573
7 1292 972263
7 1293 6184486
7 1294 971323
7 1295 6175638
7 1296 968894
7 1297 969548
7 1298 969540
7 1299 969391
7 1300 969553
7 1301 968912
7 1302 972084
7 1303 972426
7 1304 972318
7 1305 6139749
7 1306 974612
7 1307 6184359
7 1308 974867
7 1309 974680
7 1310 972350
7 1311 6184486
7 1312 968491
7 1313 6132764
7 1314 969195
7 1315 969306
7 1316 971635
7 1317 6142870
7 1318 968685
7 1319 6129010
7 1320 967937
7 1321 968685
7 1322 968575
7 1323 971323
7 1324 971336
7 1325 968518
7 1326 968565
7 1327 968491
7 1328 971922
7 1329 969003
7 1330 971744
7 1331 971773
7 1332 971741
7 1333 971583
7 1334 968428
7 1335 971849
7 1336 968675
7 1337 968668
7 1338 968729
7 1339 971156
7 1340 971151
7 1341 968269
7 1342 968432
7 1343 965059
7 1344 971065
7 1345 971635
7 1346 971612
7 1347 972263
7 1348 972263
7 1349 971394
7 1350 972077
7 1351 972350
7 1352 971574
7 1353 6134494
7 1354 975099
7 1355 6181392
7 1356 977462
7 1357 978095
7 1358 972577
7 1359 6177089
7 1360 975155
7 1361 6214207
7 1362 975539
7 1363 974646
7 1364 977645
7 1365 6214281
7 1366 975237
7 1367 6175518
7 1368 974458
7 1369 974612
7 1370 977462
7 1371 975525
7 1372 977467
7 1373 975591
7 1374 972320
7 1375 972318
7 1376 972577
7 1377 6180603
7 1378 975250
7 1379 6181688
7 1380 975250
7 1381 975027
7 1382 972577
7 1383 6221041
7 1384 968428
7 1385 6141033
7 1386 977240
7 1387 977624
7 1388 977462
7 1389 6209179
7 1390 971741
7 1391 6205561
7 1392 975237
7 1393 977930
7 1394 975155
7 1395 978116
7 1396 974838
7 1397 974924
7 1398 977645
7 1399 977632
7 1400 972577
7 1401 6217688
7 1402 977462
7 1403 6208495
7 1404 975099
7 1405 976001
7 1406 971574
7 1407 6177339
7 1408 971922
7 1409 6210970
7 1410 969150
7 1411 969312
7 1412 971612
7 1413 6132764
7 1414 968575
7 1415 6130308
7 1416 969005
7 1417 969575
7 1418 969544
7 1419 969548
7 1420 969530
7 1421 968525
7 1422 972072
7 1423 972394
7 1424 972320
7 1425 6139802
7 1426 974458
7 1427 6179688
7 1428 974693
7 1429 974438
7 1430 972077
7 1431 6175638
7 1432 968565
7 1433 6130308
7 1434 968996
7 1435 968822
7 1436 971065
7 1437 6129010
7 1438 967937
7 1439 6081686
7 1440 961767
7 1441 961767
7 1442 961690
7 1443 964470
7 1444 964470
7 1445 961767
7 1446 961755
7 1447 961755
7 1448 965333
7 1449 962804
7 1450 965370
7 1451 965389
7 1452 965333
7 1453 965370
7 1454 961755
7 1455 965402
7 1456 962783
7 1457 962776
7 1458 962804
7 1459 965389
7 1460 965402
7 1461 962674
7 1462 962776
7 1463 961767
7 1464 964556
7 1465 964556
7 1466 964546
7 1467 965370
7 1468 965370
7 1469 964556
7 1470 970582
7 1471 970582
7 1472 971177
7 1473 967937
7 1474 974806
7 1475 968685
7 1476 975883
7 1477 976932
7 1478 971684
7 1479 968575
7 1480 974896
7 1481 971336
7 1482 974758
7 1483 973913
7 1484 977450
7 1485 971323
7 1486 974992
7 1487 968518
7 1488 970415
7 1489 970415
7 1490 973762
7 1491 974074
7 1492 974208
7 1493 974087
7 1494 967928
7 1495 967928
7 1496 971387
7 1497 968565
7 1498 974323
7 1499 968491
7 1500 974312
7 1501 974784
7 1502 971695
7 1503 971741
7 1504 971377
7 1505 968729
7 1506 977151
7 1507 977822
7 1508 977430
7 1509 971583
7 1510 972360
7 1511 971156
7 1512 974081
7 1513 976932
7 1514 973733
7 1515 977147
7 1516 974246
7 1517 974533
7 1518 976529
7 1519 976715
7 1520 971915
7 1521 971922
7 1522 977365
7 1523 971744
7 1524 974209
7 1525 975500
7 1526 968064
7 1527 968428
7 1528 972378
7 1529 971151
7 1530 972201
7 1531 972462
7 1532 974772
7 1533 968675
7 1534 971952
7 1535 968432
7 1536 971223
7 1537 971900
7 1538 971893
7 1539 971930
7 1540 971924
7 1541 971031
7 1542 974509
7 1543 974862
7 1544 975306
7 1545 969003
7 1546 977147
7 1547 971773
7 1548 977320
7 1549 977223
7 1550 974761
7 1551 971849
7 1552 971770
7 1553 968269
7 1554 972237
7 1555 972284
7 1556 974298
7 1557 968668
7 1558 971448
7 1559 965059
7 1560 958809
7 1561 958809
7 1562 958728
7 1563 961767
7 1564 961767
7 1565 958809
7 1566 958724
7 1567 958724
7 1568 964384
7 1569 962334
7 1570 964556
7 1571 964716
7 1572 964384
7 1573 964556
7 1574 958714
7 1575 964721
7 1576 962247
7 1577 962171
7 1578 962334
7 1579 964716
7 1580 964721
7 1581 962007
7 1582 962171
7 1583 958809
7 1584 964716
7 1585 964716
7 1586 964708
7 1587 965389
7 1588 965389
7 1589 964716
7 1590 965446
7 1591 965446
7 1592 965150
7 1593 6081686
7 1594 968685
7 1595 6081686
7 1596 971353
7 1597 971900
7 1598 965688
7 1599 6079368
7 1600 969306
7 1601 6126649
7 1602 969547
7 1603 969040
7 1604 971635
7 1605 6126649
7 1606 969195
7 1607 6081686
7 1608 967686
7 1609 967686
7 1610 973581
7 1611 971936
7 1612 974087
7 1613 971845
7 1614 965497
7 1615 965497
7 1616 965303
7 1617 6079121
7 1618 968491
7 1619 6079121
7 1620 971992
7 1621 972161
7 1622 968859
7 1623 6159684
7 1624 968912
7 1625 6140960
7 1626 974757
7 1627 975017
7 1628 974612
7 1629 6164947
7 1630 969553
7 1631 6169385
7 1632 971419
7 1633 973913
7 1634 968259
7 1635 973962
7 1636 971803
7 1637 971740
7 1638 974522
7 1639 974862
7 1640 968867
7 1641 6159684
7 1642 974680
7 1643 6164947
7 1644 971506
7 1645 972476
7 1646 965527
7 1647 6078371
7 1648 969391
7 1649 6169711
7 1650 969540
7 1651 969467
7 1652 972426
7 1653 6138280
7 1654 969548
7 1655 6136346
7 1656 968794
7 1657 969040
7 1658 968866
7 1659 968736
7 1660 968505
7 1661 965375
7 1662 972368
7 1663 972532
7 1664 972350
7 1665 6140960
7 1666 974867
7 1667 6169385
7 1668 975075
7 1669 974773
7 1670 972318
7 1671 6169711
7 1672 969540
7 1673 6131634
7 1674 969699
7 1675 969126
7 1676 972084
7 1677 6136346
7 1678 968894
7 1679 6081686
7 1680 962247
7 1681 962247
7 1682 962241
7 1683 962783
7 1684 962783
7 1685 962247
7 1686 968197
7 1687 968197
7 1688 971709
7 1689 968822
7 1690 974896
7 1691 969306
7 1692 973774
7 1693 974246
7 1694 971779
7 1695 969312
7 1696 972626
7 1697 969565
7 1698 972134
7 1699 971803
7 1700 975181
7 1701 969573
7 1702 972716
7 1703 968826
7 1704 962171
7 1705 962171
7 1706 962164
7 1707 962776
7 1708 962776
7 1709 962171
7 1710 967989
7 1711 967989
7 1712 968385
7 1713 6126649
7 1714 971336
7 1715 6126649
7 1716 971076
7 1717 971924
7 1718 968549
7 1719 6125833
7 1720 969565
7 1721 6151057
7 1722 969301
7 1723 968505
7 1724 972263
7 1725 6151057
7 1726 969539
7 1727 6126649
7 1728 962597
7 1729 962597
7 1730 968338
7 1731 968525
7 1732 971377
7 1733 968912
7 1734 962598
7 1735 962598
7 1736 968232
7 1737 6140960
7 1738 968729
7 1739 6140960
7 1740 962275
7 1741 965059
7 1742 962275
7 1743 6134494
7 1744 958809
7 1745 6081686
7 1746 968894
7 1747 971448
7 1748 969005
7 1749 6220027
7 1750 962176
7 1751 6129010
7 1752 971613
7 1753 972201
7 1754 974465
7 1755 974924
7 1756 974799
7 1757 975331
7 1758 972129
7 1759 972237
7 1760 973708
7 1761 6239984
7 1762 975095
7 1763 6263585
7 1764 965700
7 1765 968668
7 1766 965686
7 1767 6180603
7 1768 962252
7 1769 6130308
7 1770 969126
7 1771 972284
7 1772 969536
7 1773 6233647
7 1774 965426
7 1775 6179688
7 1776 969701
7 1777 969540
7 1778 975636
7 1779 972908
7 1780 975421
7 1781 972334
7 1782 969772
7 1783 969699
7 1784 975539
7 1785 6245377
7 1786 974726
7 1787 6227216
7 1788 972084
7 1789 974298
7 1790 972072
7 1791 6267224
7 1792 965264
7 1793 6175638
7 1794 969699
7 1795 972237
7 1796 969772
7 1797 6243632
7 1798 962598
7 1799 6139802
7 1800 968197
7 1801 968197
7 1802 973774
7 1803 972134
7 1804 974246
7 1805 971803
7 1806 970662
7 1807 970662
7 1808 976646
7 1809 974438
7 1810 977365
7 1811 974680
7 1812 974577
7 1813 974812
7 1814 977019
7 1815 977624
7 1816 974799
7 1817 975095
7 1818 974812
7 1819 977702
7 1820 978466
7 1821 977710
7 1822 975113
7 1823 974857
7 1824 970597
7 1825 970597
7 1826 973980
7 1827 972156
7 1828 974533
7 1829 971740
7 1830 967819
7 1831 967819
7 1832 970778
7 1833 6164947
7 1834 971744
7 1835 6164947
7 1836 977172
7 1837 977646
7 1838 974010
7 1839 6243778
7 1840 975331
7 1841 6263585
7 1842 977940
7 1843 977425
7 1844 977467
7 1845 6263137
7 1846 975420
7 1847 6258148
7 1848 965602
7 1849 965602
7 1850 971653
7 1851 969548
7 1852 972378
7 1853 969391
7 1854 965264
7 1855 965264
7 1856 970945
7 1857 6169711
7 1858 971151
7 1859 6169711
7 1860 965537
7 1861 968269
7 1862 965528
7 1863 6177089
7 1864 962252
7 1865 6130308
7 1866 969540
7 1867 971770
7 1868 969544
7 1869 6225173
7 1870 962335
7 1871 6132764
7 1872 968798
7 1873 972087
7 1874 974180
7 1875 975591
7 1876 971539
7 1877 974922
7 1878 971730
7 1879 972334
7 1880 970997
7 1881 6224250
7 1882 974922
7 1883 6238601
7 1884 968335
7 1885 971773
7 1886 968147
7 1887 6217688
7 1888 967666
7 1889 6205561
7 1890 965375
7 1891 971031
7 1892 968262
7 1893 6179596
7 1894 965239
7 1895 6175518
7 1896 971623
7 1897 975168
7 1898 977652
7 1899 978014
7 1900 977425
7 1901 977646
7 1902 974726
7 1903 975421
7 1904 977240
7 1905 6263343
7 1906 977940
7 1907 6302595
7 1908 974867
7 1909 977147
7 1910 974693
7 1911 6300613
7 1912 967819
7 1913 6209179
7 1914 968505
7 1915 971924
7 1916 969301
7 1917 6226906
7 1918 967989
7 1919 6214281
7 1920 971709
7 1921 974896
7 1922 971779
7 1923 975181
7 1924 972626
7 1925 972716
7 1926 976646
7 1927 977365
7 1928 975247
7 1929 976001
7 1930 978688
7 1931 978234
7 1932 977019
7 1933 978466
7 1934 972092
7 1935 975027
7 1936 978267
7 1937 977503
7 1938 974799
7 1939 975113
7 1940 978267
7 1941 975191
7 1942 978075
7 1943 975024
7 1944 972145
7 1945 974992
7 1946 971618
7 1947 975384
7 1948 972716
7 1949 972550
7 1950 976802
7 1951 977147
7 1952 973805
7 1953 6247342
7 1954 978234
7 1955 6284262
7 1956 974081
7 1957 978014
7 1958 971685
7 1959 6210961
7 1960 977866
7 1961 6293848
7 1962 975421
7 1963 975168
7 1964 978479
7 1965 6263626
7 1966 977886
7 1967 6268019
7 1968 974563
7 1969 974772
7 1970 976888
7 1971 978116
7 1972 978267
7 1973 977866
7 1974 974252
7 1975 974298
7 1976 976501
7 1977 6283563
7 1978 977503
7 1979 6293848
7 1980 968342
7 1981 971849
7 1982 968328
7 1983 6221041
7 1984 967909
7 1985 6210970
7 1986 974773
7 1987 977223
7 1988 975004
7 1989 6295973
7 1990 967809
7 1991 6208495
7 1992 971710
7 1993 972973
7 1994 974253
7 1995 975525
7 1996 975046
7 1997 975662
7 1998 972443
7 1999 972908
7 2000 973390
7 2001 6245618
7 2002 975662
7 2003 6284126
7 2004 965843
7 2005 969003
7 2006 965584
7 2007 6177339
7 2008 962672
7 2009 6141033
7 2010 968736
7 2011 971930
7 2012 969316
7 2013 6232019
7 2014 967988
7 2015 6214207
7 2016 969126
7 2017 969467
7 2018 974773
7 2019 972476
7 2020 975017
7 2021 972161
7 2022 969699
7 2023 969540
7 2024 975075
7 2025 6231402
7 2026 974757
7 2027 6235874
7 2028 972532
7 2029 974862
7 2030 972368
7 2031 6273839
7 2032 965497
7 2033 6181688
7 2034 969040
7 2035 971900
7 2036 969547
7 2037 6232590
7 2038 965446
7 2039 6181392
7 2040 968822
7 2041 969306
7 2042 969312
7 2043 969573
7 2044 969565
7 2045 968826
7 2046 974438
7 2047 974680
7 2048 976001
7 2049 972452
7 2050 978234
7 2051 973125
7 2052 977624
7 2053 977710
7 2054 975027
7 2055 973097
7 2056 975191
7 2057 972037
7 2058 975095
7 2059 974857
7 2060 977503
7 2061 972037
7 2062 975024
7 2063 968689
7 2064 968996
7 2065 969195
7 2066 969150
7 2067 969562
7 2068 969539
7 2069 968586
7 2070 974693
7 2071 974867
7 2072 975099
7 2073 6220027
7 2074 977960
7 2075 6232590
7 2076 977240
7 2077 977652
7 2078 975250
7 2079 6225173
7 2080 975321
7 2081 6232019
7 2082 974726
7 2083 971623
7 2084 977819
7 2085 6226906
7 2086 974933
7 2087 6179596
7 2088 972394
7 2089 972426
7 2090 977632
7 2091 975634
7 2092 978479
7 2093 975645
7 2094 972072
7 2095 972084
7 2096 977645
7 2097 6267224
7 2098 977819
7 2099 6273839
7 2100 972318
7 2101 974761
7 2102 972320
7 2103 6278835
7 2104 965327
7 2105 6177339
7 2106 975075
7 2107 977320
7 2108 975243
7 2109 6300613
7 2110 968144
7 2111 6217688
7 2112 974646
7 2113 975832
7 2114 978095
7 2115 978565
7 2116 977401
7 2117 977694
7 2118 975539
7 2119 975636
7 2120 977462
7 2121 6300613
7 2122 978155
7 2123 6295973
7 2124 972350
7 2125 975306
7 2126 972077
7 2127 6278835
7 2128 968298
7 2129 6221041
7 2130 968866
7 2131 971893
7 2132 969527
7 2133 6225173
7 2134 965288
7 2135 6177089
7 2136 969536
7 2137 969710
7 2138 975004
7 2139 972714
7 2140 975007
7 2141 971786
7 2142 969772
7 2143 969701
7 2144 975243
7 2145 6243632
7 2146 974758
7 2147 6233647
7 2148 972368
7 2149 974509
7 2150 971932
7 2151 6267224
7 2152 965434
7 2153 6180603
7 2154 968794
7 2155 971223
7 2156 969089
7 2157 6220027
7 2158 962361
7 2159 6134494
7 2160 962334
7 2161 962334
7 2162 962329
7 2163 962804
7 2164 962804
7 2165 962334
7 2166 970264
7 2167 970264
7 2168 972182
7 2169 969089
7 2170 974758
7 2171 969547
7 2172 973769
7 2173 974074
7 2174 971272
7 2175 969527
7 2176 972134
7 2177 969301
7 2178 971763
7 2179 971936
7 2180 974821
7 2181 969316
7 2182 972156
7 2183 968262
7 2184 964721
7 2185 964721
7 2186 964713
7 2187 965402
7 2188 965402
7 2189 964721
7 2190 973222
7 2191 973222
7 2192 974265
7 2193 971065
7 2194 977450
7 2195 971635
7 2196 976224
7 2197 977147
7 2198 974538
7 2199 971612
7 2200 975181
7 2201 972263
7 2202 974821
7 2203 973962
7 2204 978107
7 2205 972263
7 2206 975384
7 2207 971394
7 2208 968435
7 2209 968435
7 2210 974101
7 2211 974758
7 2212 977151
7 2213 974757
7 2214 970505
7 2215 970505
7 2216 976807
7 2217 974458
7 2218 977430
7 2219 974612
7 2220 971861
7 2221 974933
7 2222 972375
7 2223 975237
7 2224 968894
7 2225 969005
7 2226 975554
7 2227 977886
7 2228 975962
7 2229 977930
7 2230 969548
7 2231 969575
7 2232 971876
7 2233 974784
7 2234 977016
7 2235 978155
7 2236 974812
7 2237 977940
7 2238 974924
7 2239 975500
7 2240 976779
7 2241 977462
7 2242 978466
7 2243 977467
7 2244 972031
7 2245 975321
7 2246 971747
7 2247 975155
7 2248 969540
7 2249 969544
7 2250 972087
7 2251 975420
7 2252 972973
7 2253 974838
7 2254 969553
7 2255 969530
7 2256 971786
7 2257 972161
7 2258 977694
7 2259 975662
7 2260 977646
7 2261 974922
7 2262 972714
7 2263 972476
7 2264 978565
7 2265 975525
7 2266 978014
7 2267 975591
7 2268 975645
7 2269 977866
7 2270 975634
7 2271 978116
7 2272 969391
7 2273 969548
7 2274 972334
7 2275 975331
7 2276 972908
7 2277 974924
7 2278 968912
7 2279 968525
7 2280 964716
7 2281 964716
7 2282 964708
7 2283 965389
7 2284 965389
7 2285 964716
7 2286 967686
7 2287 967686
7 2288 971419
7 2289 968794
7 2290 973913
7 2291 969040
7 2292 973581
7 2293 974087
7 2294 968259
7 2295 968866
7 2296 971803
7 2297 968505
7 2298 971936
7 2299 971845
7 2300 973962
7 2301 968736
7 2302 971740
7 2303 965375
7 2304 962007
7 2305 962007
7 2306 961999
7 2307 962674
7 2308 962674
7 2309 962007
7 2310 967988
7 2311 967988
7 2312 968229
7 2313 6126649
7 2314 971323
7 2315 6126649
7 2316 971299
7 2317 971930
7 2318 968551
7 2319 6125833
7 2320 969573
7 2321 6151057
7 2322 969316
7 2323 968736
7 2324 972263
7 2325 6151057
7 2326 969562
7 2327 6126649
7 2328 970734
7 2329 970734
7 2330 976878
7 2331 975007
7 2332 977822
7 2333 975017
7 2334 967809
7 2335 967809
7 2336 970786
7 2337 6164947
7 2338 971583
7 2339 6164947
7 2340 974651
7 2341 975024
7 2342 973880
7 2343 6247342
7 2344 971448
7 2345 6220027
7 2346 977886
7 2347 978075
7 2348 977930
7 2349 6284262
7 2350 971952
7 2351 6232590
7 2352 976878
7 2353 977822
7 2354 974470
7 2355 977401
7 2356 977702
7 2357 977425
7 2358 976634
7 2359 977223
7 2360 973934
7 2361 6243778
7 2362 977710
7 2363 6263137
7 2364 974427
7 2365 975191
7 2366 971306
7 2367 6210961
7 2368 971770
7 2369 6225173
7 2370 975168
7 2371 975113
7 2372 975832
7 2373 6263626
7 2374 972360
7 2375 6226906
7 2376 975007
7 2377 975017
7 2378 977401
7 2379 975046
7 2380 977425
7 2381 971539
7 2382 975004
7 2383 974773
7 2384 978095
7 2385 6263585
7 2386 977652
7 2387 6258148
7 2388 978479
7 2389 978267
7 2390 977632
7 2391 6293848
7 2392 972378
7 2393 6232019
7 2394 975421
7 2395 974799
7 2396 975636
7 2397 6268019
7 2398 971377
7 2399 6179596
7 2400 962171
7 2401 962171
7 2402 962164
7 2403 962776
7 2404 962776
7 2405 962171
7 2406 970597
7 2407 970597
7 2408 972145
7 2409 968996
7 2410 974992
7 2411 969195
7 2412 973980
7 2413 974533
7 2414 971618
7 2415 969150
7 2416 972716
7 2417 969539
7 2418 972156
7 2419 971740
7 2420 975384
7 2421 969562
7 2422 972550
7 2423 968586
7 2424 958809
7 2425 958809
7 2426 958728
7 2427 961767
7 2428 961767
7 2429 958809
7 2430 965239
7 2431 965239
7 2432 965536
7 2433 6081686
7 2434 968518
7 2435 6081686
7 2436 967815
7 2437 971031
7 2438 965524
7 2439 6079368
7 2440 968826
7 2441 6126649
7 2442 968262
7 2443 965375
7 2444 971394
7 2445 6126649
7 2446 968586
7 2447 6081686
7 2448 965600
7 2449 965600
7 2450 971436
7 2451 969530
7 2452 972360
7 2453 969553
7 2454 965426
7 2455 965426
7 2456 970944
7 2457 6169385
7 2458 971156
7 2459 6169385
7 2460 965703
7 2461 968432
7 2462 965698
7 2463 6181392
7 2464 962176
7 2465 6129010
7 2466 969548
7 2467 971952
7 2468 969575
7 2469 6232590
7 2470 962745
7 2471 6142870
7 2472 971777
7 2473 972462
7 2474 974259
7 2475 974838
7 2476 975113
7 2477 975420
7 2478 971682
7 2479 972284
7 2480 971142
7 2481 6205428
7 2482 974857
7 2483 6258148
7 2484 965777
7 2485 968675
7 2486 965757
7 2487 6181688
7 2488 962335
7 2489 6132764
7 2490 969467
7 2491 972462
7 2492 969710
7 2493 6235874
7 2494 965600
7 2495 6184359
7 2496 969710
7 2497 969467
7 2498 975832
7 2499 972973
7 2500 975168
7 2501 972087
7 2502 969536
7 2503 969126
7 2504 974646
7 2505 6227216
7 2506 971623
7 2507 6184421
7 2508 972426
7 2509 974772
7 2510 972394
7 2511 6273839
7 2512 965602
7 2513 6184486
7 2514 969540
7 2515 972201
7 2516 969701
7 2517 6231402
7 2518 962597
7 2519 6139749
7 2520 962597
7 2521 962597
7 2522 971613
7 2523 969701
7 2524 972201
7 2525 969540
7 2526 965602
7 2527 965602
7 2528 974563
7 2529 972394
7 2530 974772
7 2531 972426
7 2532 968798
7 2533 971623
7 2534 971710
7 2535 974646
7 2536 969126
7 2537 969536
7 2538 972087
7 2539 975168
7 2540 972973
7 2541 975832
7 2542 969467
7 2543 969710
7 2544 965600
7 2545 965600
7 2546 971777
7 2547 969710
7 2548 972462
7 2549 969467
7 2550 962335
7 2551 962335
7 2552 968454
7 2553 6138280
7 2554 968675
7 2555 6138280
7 2556 974253
7 2557 974857
7 2558 970988
7 2559 6218802
7 2560 972284
7 2561 6233647
7 2562 975420
7 2563 975113
7 2564 974838
7 2565 6263626
7 2566 972462
7 2567 6235874
7 2568 962745
7 2569 962745
7 2570 971711
7 2571 969575
7 2572 971952
7 2573 969548
7 2574 962176
7 2575 962176
7 2576 968394
7 2577 6136346
7 2578 968432
7 2579 6136346
7 2580 968255
7 2581 971156
7 2582 968233
7 2583 6214281
7 2584 965426
7 2585 6179688
7 2586 969553
7 2587 972360
7 2588 969530
7 2589 6226906
7 2590 965600
7 2591 6184359
7 2592 962283
7 2593 968586
7 2594 965328
7 2595 971394
7 2596 965375
7 2597 968262
7 2598 965329
7 2599 968826
7 2600 962348
7 2601 6139749
7 2602 971031
7 2603 6179596
7 2604 962455
7 2605 968518
7 2606 962262
7 2607 6139802
7 2608 965239
7 2609 6175518
7 2610 958809
7 2611 961767
7 2612 961767
7 2613 6081686
7 2614 958809
7 2615 6081686
7 2616 968586
7 2617 972550
7 2618 969562
7 2619 975384
7 2620 971740
7 2621 972156
7 2622 969539
7 2623 972716
7 2624 969150
7 2625 6231402
7 2626 974533
7 2627 6268019
7 2628 969195
7 2629 974992
7 2630 968996
7 2631 6243632
7 2632 970597
7 2633 6248365
7 2634 962171
7 2635 962776
7 2636 962776
7 2637 6136346
7 2638 962171
7 2639 6136346
7 2640 968338
7 2641 971377
7 2642 974465
7 2643 975636
7 2644 974799
7 2645 975421
7 2646 971653
7 2647 972378
7 2648 976888
7 2649 977632
7 2650 978267
7 2651 978479
7 2652 974180
7 2653 977652
7 2654 974253
7 2655 978095
7 2656 974773
7 2657 975004
7 2658 971539
7 2659 977425
7 2660 975046
7 2661 977401
7 2662 975017
7 2663 975007
7 2664 971436
7 2665 972360
7 2666 974259
7 2667 975832
7 2668 975113
7 2669 975168
7 2670 971398
7 2671 971770
7 2672 971228
7 2673 6218802
7 2674 975191
7 2675 6263626
7 2676 974251
7 2677 977710
7 2678 973622
7 2679 6249828
7 2680 977223
7 2681 6295973
7 2682 977425
7 2683 977702
7 2684 977401
7 2685 6268251
7 2686 977822
7 2687 6302595
7 2688 971711
7 2689 971952
7 2690 976558
7 2691 977930
7 2692 978075
7 2693 977886
7 2694 971160
7 2695 971448
7 2696 973854
7 2697 6248365
7 2698 975024
7 2699 6268019
7 2700 968148
7 2701 971583
7 2702 967984
7 2703 6209179
7 2704 967809
7 2705 6208495
7 2706 975017
7 2707 977822
7 2708 975007
7 2709 6302595
7 2710 970734
7 2711 6251581
7 2712 965328
7 2713 969562
7 2714 966314
7 2715 972263
7 2716 968736
7 2717 969316
7 2718 966331
7 2719 969573
7 2720 965378
7 2721 6184486
7 2722 971930
7 2723 6232019
7 2724 965388
7 2725 971323
7 2726 964967
7 2727 6175638
7 2728 967988
7 2729 6214207
7 2730 962007
7 2731 962674
7 2732 962674
7 2733 6131634
7 2734 962007
7 2735 6131634
7 2736 965375
7 2737 971740
7 2738 968736
7 2739 973962
7 2740 971845
7 2741 971936
7 2742 968505
7 2743 971803
7 2744 968866
7 2745 6184421
7 2746 974087
7 2747 6258148
7 2748 969040
7 2749 973913
7 2750 968794
7 2751 6227216
7 2752 967686
7 2753 6205428
7 2754 964716
7 2755 965389
7 2756 965389
7 2757 6169385
7 2758 964716
7 2759 6169385
7 2760 968525
7 2761 968912
7 2762 974924
7 2763 972908
7 2764 975331
7 2765 972334
7 2766 969548
7 2767 969391
7 2768 978116
7 2769 975634
7 2770 977866
7 2771 975645
7 2772 975591
7 2773 978014
7 2774 975525
7 2775 978565
7 2776 972476
7 2777 972714
7 2778 974922
7 2779 977646
7 2780 975662
7 2781 977694
7 2782 972161
7 2783 971786
7 2784 969530
7 2785 969553
7 2786 974838
7 2787 972973
7 2788 975420
7 2789 972087
7 2790 969544
7 2791 969540
7 2792 975155
7 2793 6233647
7 2794 975321
7 2795 6235874
7 2796 977467
7 2797 978466
7 2798 977462
7 2799 6295973
7 2800 975500
7 2801 6284126
7 2802 977940
7 2803 974812
7 2804 978155
7 2805 6302595
7 2806 974784
7 2807 6238601
7 2808 969575
7 2809 969548
7 2810 977930
7 2811 975962
7 2812 977886
7 2813 975554
7 2814 969005
7 2815 968894
7 2816 975237
7 2817 6243632
7 2818 974933
7 2819 6231402
7 2820 974612
7 2821 977430
7 2822 974458
7 2823 6300613
7 2824 970505
7 2825 6245618
7 2826 974757
7 2827 977151
7 2828 974758
7 2829 6263343
7 2830 968435
7 2831 6224250
7 2832 971394
7 2833 975384
7 2834 972263
7 2835 978107
7 2836 973962
7 2837 974821
7 2838 972263
7 2839 975181
7 2840 971612
7 2841 6273839
7 2842 977147
7 2843 6293848
7 2844 971635
7 2845 977450
7 2846 971065
7 2847 6267224
7 2848 973222
7 2849 6283563
7 2850 964721
7 2851 965402
7 2852 965402
7 2853 6169711
7 2854 964721
7 2855 6169711
7 2856 968262
7 2857 972156
7 2858 969316
7 2859 974821
7 2860 971936
7 2861 971763
7 2862 969301
7 2863 972134
7 2864 969527
7 2865 6227216
7 2866 974074
7 2867 6263585
7 2868 969547
7 2869 974758
7 2870 969089
7 2871 6245377
7 2872 970264
7 2873 6239984
7 2874 962334
7 2875 962804
7 2876 962804
7 2877 6140960
7 2878 962334
7 2879 6140960
7 2880 962361
7 2881 962361
7 2882 970831
7 2883 969089
7 2884 971223
7 2885 968794
7 2886 965434
7 2887 965434
7 2888 974241
7 2889 971932
7 2890 974509
7 2891 972368
7 2892 971920
7 2893 974758
7 2894 972032
7 2895 975243
7 2896 969701
7 2897 969772
7 2898 971786
7 2899 975007
7 2900 972714
7 2901 975004
7 2902 969710
7 2903 969536
7 2904 965288
7 2905 965288
7 2906 971051
7 2907 969527
7 2908 971893
7 2909 968866
7 2910 968298
7 2911 968298
7 2912 974734
7 2913 972077
7 2914 975306
7 2915 972350
7 2916 976922
7 2917 978155
7 2918 977090
7 2919 977462
7 2920 975636
7 2921 975539
7 2922 977694
7 2923 977401
7 2924 978565
7 2925 978095
7 2926 975832
7 2927 974646
7 2928 968144
7 2929 968144
7 2930 976805
7 2931 975243
7 2932 977320
7 2933 975075
7 2934 965327
7 2935 965327
7 2936 974706
7 2937 972320
7 2938 974761
7 2939 972318
7 2940 974788
7 2941 977819
7 2942 974491
7 2943 977645
7 2944 972084
7 2945 972072
7 2946 975645
7 2947 978479
7 2948 975634
7 2949 977632
7 2950 972426
7 2951 972394
7 2952 968592
7 2953 974933
7 2954 971735
7 2955 977819
7 2956 971623
7 2957 974726
7 2958 971960
7 2959 975321
7 2960 971705
7 2961 975250
7 2962 977652
7 2963 977240
7 2964 972009
7 2965 977960
7 2966 971078
7 2967 975099
7 2968 974867
7 2969 974693
7 2970 968586
7 2971 969539
7 2972 969562
7 2973 969150
7 2974 969195
7 2975 968996
7 2976 968689
7 2977 975024
7 2978 972037
7 2979 977503
7 2980 974857
7 2981 975095
7 2982 972037
7 2983 975191
7 2984 973097
7 2985 975027
7 2986 977710
7 2987 977624
7 2988 973125
7 2989 978234
7 2990 972452
7 2991 976001
7 2992 974680
7 2993 974438
7 2994 968826
7 2995 969565
7 2996 969573
7 2997 969312
7 2998 969306
7 2999 968822
7 3000 965446
7 3001 965446
7 3002 971353
7 3003 969547
7 3004 971900
7 3005 969040
7 3006 965497
7 3007 965497
7 3008 974522
7 3009 972368
7 3010 974862
7 3011 972532
7 3012 971992
7 3013 974757
7 3014 971506
7 3015 975075
7 3016 969540
7 3017 969699
7 3018 972161
7 3019 975017
7 3020 972476
7 3021 974773
7 3022 969467
7 3023 969126
7 3024 967988
7 3025 967988
7 3026 971299
7 3027 969316
7 3028 971930
7 3029 968736
7 3030 962672
7 3031 962672
7 3032 968315
7 3033 6140960
7 3034 969003
7 3035 6140960
7 3036 975228
7 3037 975662
7 3038 973794
7 3039 6239984
7 3040 972908
7 3041 6245377
7 3042 975662
7 3043 975046
7 3044 975525
7 3045 6263585
7 3046 972973
7 3047 6227216
7 3048 967809
7 3049 967809
7 3050 976634
7 3051 975004
7 3052 977223
7 3053 974773
7 3054 967909
7 3055 967909
7 3056 971263
7 3057 6169711
7 3058 971849
7 3059 6169711
7 3060 976882
7 3061 977503
7 3062 976504
7 3063 6283563
7 3064 974298
7 3065 6267224
7 3066 977866
7 3067 978267
7 3068 978116
7 3069 6293848
7 3070 974772
7 3071 6273839
7 3072 974651
7 3073 977886
7 3074 974427
7 3075 978479
7 3076 975168
7 3077 975421
7 3078 976882
7 3079 977866
7 3080 971245
7 3081 6224250
7 3082 978014
7 3083 6263343
7 3084 976553
7 3085 978234
7 3086 973854
7 3087 6245618
7 3088 977147
7 3089 6300613
7 3090 972550
7 3091 972716
7 3092 975384
7 3093 6231402
7 3094 974992
7 3095 6243632
7 3096 975024
7 3097 978075
7 3098 975191
7 3099 978267
7 3100 975113
7 3101 974799
7 3102 977503
7 3103 978267
7 3104 975027
7 3105 6238601
7 3106 978466
7 3107 6302595
7 3108 978234
7 3109 978688
7 3110 976001
7 3111 6284126
7 3112 977365
7 3113 6295973
7 3114 972716
7 3115 972626
7 3116 975181
7 3117 6235874
7 3118 974896
7 3119 6233647
7 3120 967989
7 3121 967989
7 3122 971076
7 3123 969301
7 3124 971924
7 3125 968505
7 3126 967819
7 3127 967819
7 3128 976802
7 3129 974693
7 3130 977147
7 3131 974867
7 3132 977172
7 3133 977940
7 3134 974081
7 3135 977240
7 3136 975421
7 3137 974726
7 3138 977646
7 3139 977425
7 3140 978014
7 3141 977652
7 3142 975168
7 3143 971623
7 3144 965239
7 3145 965239
7 3146 967815
7 3147 968262
7 3148 971031
7 3149 965375
7 3150 967666
7 3151 967666
7 3152 971104
7 3153 6169385
7 3154 971773
7 3155 6169385
7 3156 971832
7 3157 974922
7 3158 971671
7 3159 6205428
7 3160 972334
7 3161 6227216
7 3162 974922
7 3163 971539
7 3164 975591
7 3165 6258148
7 3166 972087
7 3167 6184421
7 3168 962335
7 3169 962335
7 3170 971398
7 3171 969544
7 3172 971770
7 3173 969540
7 3174 962252
7 3175 962252
7 3176 968232
7 3177 6131634
7 3178 968269
7 3179 6131634
7 3180 968239
7 3181 971151
7 3182 968239
7 3183 6214207
7 3184 965264
7 3185 6175638
7 3186 969391
7 3187 972378
7 3188 969548
7 3189 6232019
7 3190 965602
7 3191 6184486
7 3192 974253
7 3193 975420
7 3194 974251
7 3195 977467
7 3196 977425
7 3197 977940
7 3198 974421
7 3199 975331
7 3200 973388
7 3201 6251581
7 3202 977646
7 3203 6302595
7 3204 968148
7 3205 971744
7 3206 967822
7 3207 6208495
7 3208 967819
7 3209 6209179
7 3210 971740
7 3211 974533
7 3212 972156
7 3213 6268019
7 3214 970597
7 3215 6248365
7 3216 974857
7 3217 975113
7 3218 977710
7 3219 978466
7 3220 977702
7 3221 974812
7 3222 975095
7 3223 974799
7 3224 977624
7 3225 6302595
7 3226 974812
7 3227 6268251
7 3228 974680
7 3229 977365
7 3230 974438
7 3231 6295973
7 3232 970662
7 3233 6249828
7 3234 971803
7 3235 974246
7 3236 972134
7 3237 6263626
7 3238 968197
7 3239 6218802
7 3240 962598
7 3241 962598
7 3242 972129
7 3243 969772
7 3244 972237
7 3245 969699
7 3246 965264
7 3247 965264
7 3248 974252
7 3249 972072
7 3250 974298
7 3251 972084
7 3252 971730
7 3253 974726
7 3254 972443
7 3255 975539
7 3256 969699
7 3257 969772
7 3258 972334
7 3259 975421
7 3260 972908
7 3261 975636
7 3262 969540
7 3263 969701
7 3264 965426
7 3265 965426
7 3266 971682
7 3267 969536
7 3268 972284
7 3269 969126
7 3270 962252
7 3271 962252
7 3272 968396
7 3273 6136346
7 3274 968668
7 3275 6136346
7 3276 974421
7 3277 975095
7 3278 973549
7 3279 6248365
7 3280 972237
7 3281 6243632
7 3282 975331
7 3283 974799
7 3284 974924
7 3285 6268019
7 3286 972201
7 3287 6231402
7 3288 962176
7 3289 962176
7 3290 971160
7 3291 969005
7 3292 971448
7 3293 968894
7 3294 958809
7 3295 958809
7 3296 964975
7 3297 6081686
7 3298 965059
7 3299 6081686
7 3300 965844
7 3301 968729
7 3302 965668
7 3303 6175518
7 3304 962598
7 3305 6139802
7 3306 968912
7 3307 971377
7 3308 968525
7 3309 6179596
7 3310 962597
7 3311 6139749
7 3312 965329
7 3313 969539
7 3314 966331
7 3315 972263
7 3316 968505
7 3317 969301
7 3318 966326
7 3319 969565
7 3320 965378
7 3321 6184359
7 3322 971924
7 3323 6226906
7 3324 965402
7 3325 971336
7 3326 965134
7 3327 6179688
7 3328 967989
7 3329 6214281
7 3330 962171
7 3331 962776
7 3332 962776
7 3333 6136346
7 3334 962171
7 3335 6136346
7 3336 968826
7 3337 972716
7 3338 969573
7 3339 975181
7 3340 971803
7 3341 972134
7 3342 969565
7 3343 972626
7 3344 969312
7 3345 6235874
7 3346 974246
7 3347 6263626
7 3348 969306
7 3349 974896
7 3350 968822
7 3351 6233647
7 3352 968197
7 3353 6218802
7 3354 962247
7 3355 962783
7 3356 962783
7 3357 6138280
7 3358 962247
7 3359 6138280
7 3360 962275
7 3361 968894
7 3362 965700
7 3363 972084
7 3364 969126
7 3365 969699
7 3366 965537
7 3367 969540
7 3368 968342
7 3369 972318
7 3370 974773
7 3371 975075
7 3372 968335
7 3373 974867
7 3374 965843
7 3375 972350
7 3376 972532
7 3377 972368
7 3378 965375
7 3379 968505
7 3380 968736
7 3381 968866
7 3382 969040
7 3383 968794
7 3384 965703
7 3385 969548
7 3386 965777
7 3387 972426
7 3388 969467
7 3389 969540
7 3390 968239
7 3391 969391
7 3392 962348
7 3393 6139749
7 3394 972476
7 3395 6231402
7 3396 968148
7 3397 974680
7 3398 968003
7 3399 6184486
7 3400 974862
7 3401 6273839
7 3402 971740
7 3403 971803
7 3404 973962
7 3405 6184421
7 3406 973913
7 3407 6227216
7 3408 968255
7 3409 969553
7 3410 968148
7 3411 974612
7 3412 975017
7 3413 974757
7 3414 965844
7 3415 968912
7 3416 967985
7 3417 6184359
7 3418 972161
7 3419 6235874
7 3420 962023
7 3421 968491
7 3422 962175
7 3423 6132764
7 3424 965497
7 3425 6181688
7 3426 971845
7 3427 974087
7 3428 971936
7 3429 6258148
7 3430 967686
7 3431 6205428
7 3432 962455
7 3433 969195
7 3434 965388
7 3435 971635
7 3436 969040
7 3437 969547
7 3438 965402
7 3439 969306
7 3440 962331
7 3441 6142870
7 3442 971900
7 3443 6232590
7 3444 962437
7 3445 968685
7 3446 961849
7 3447 6129010
7 3448 965446
7 3449 6181392
7 3450 964716
7 3451 965389
7 3452 965389
7 3453 6169385
7 3454 964716
7 3455 6169385
7 3456 958809
7 3457 962171
7 3458 962007
7 3459 964721
7 3460 964716
7 3461 962334
7 3462 962171
7 3463 962247
7 3464 964721
7 3465 6081686
7 3466 964556
7 3467 6126649
7 3468 964716
7 3469 964556
7 3470 962334
7 3471 6126649
7 3472 958724
7 3473 6079368
7 3474 958809
7 3475 961767
7 3476 961767
7 3477 6081686
7 3478 958809
7 3479 6081686
7 3480 965059
7 3481 971448
7 3482 968668
7 3483 974298
7 3484 972284
7 3485 972237
7 3486 968269
7 3487 971770
7 3488 971849
7 3489 974761
7 3490 977223
7 3491 977320
7 3492 971773
7 3493 977147
7 3494 969003
7 3495 975306
7 3496 974862
7 3497 974509
7 3498 971031
7 3499 971924
7 3500 971930
7 3501 971893
7 3502 971900
7 3503 971223
7 3504 968432
7 3505 971952
7 3506 968675
7 3507 974772
7 3508 972462
7 3509 972201
7 3510 971151
7 3511 972378
7 3512 968428
7 3513 6179596
7 3514 975500
7 3515 6268019
7 3516 971744
7 3517 977365
7 3518 971922
7 3519 6232019
7 3520 976715
7 3521 6293848
7 3522 974533
7 3523 974246
7 3524 977147
7 3525 6258148
7 3526 976932
7 3527 6263585
7 3528 971156
7 3529 972360
7 3530 971583
7 3531 977430
7 3532 977822
7 3533 977151
7 3534 968729
7 3535 971377
7 3536 971741
7 3537 6226906
7 3538 974784
7 3539 6263626
7 3540 968491
7 3541 974323
7 3542 968565
7 3543 6225173
7 3544 967928
7 3545 6210961
7 3546 974087
7 3547 974208
7 3548 974074
7 3549 6263137
7 3550 970415
7 3551 6243778
7 3552 968518
7 3553 974992
7 3554 971323
7 3555 977450
7 3556 973913
7 3557 974758
7 3558 971336
7 3559 974896
7 3560 968575
7 3561 6232590
7 3562 976932
7 3563 6284262
7 3564 968685
7 3565 974806
7 3566 967937
7 3567 6220027
7 3568 970582
7 3569 6247342
7 3570 964556
7 3571 965370
7 3572 965370
7 3573 6164947
7 3574 964556
7 3575 6164947
7 3576 961767
7 3577 962776
7 3578 962674
7 3579 965402
7 3580 965389
7 3581 962804
7 3582 962776
7 3583 962783
7 3584 965402
7 3585 6126649
7 3586 965370
7 3587 6151057
7 3588 965389
7 3589 965370
7 3590 962804
7 3591 6151057
7 3592 961755
7 3593 6125833
7 3594 961767
7 3595 964470
7 3596 964470
7 3597 6126649
7 3598 961767
7 3599 6126649
7 3600 962024
7 3601 967937
7 3602 965137
7 3603 971065
7 3604 968822
7 3605 968996
7 3606 965218
7 3607 968565
7 3608 968540
7 3609 972077
7 3610 974438
7 3611 974693
7 3612 968686
7 3613 974458
7 3614 965533
7 3615 972320
7 3616 972394
7 3617 972072
7 3618 968525
7 3619 969530
7 3620 969548
7 3621 969544
7 3622 969575
7 3623 969005
7 3624 965218
7 3625 968575
7 3626 965299
7 3627 971612
7 3628 969312
7 3629 969150
7 3630 970880
7 3631 971922
7 3632 968652
7 3633 971574
7 3634 976001
7 3635 975099
7 3636 971084
7 3637 977462
7 3638 971429
7 3639 972577
7 3640 977632
7 3641 977645
7 3642 974924
7 3643 974838
7 3644 978116
7 3645 975155
7 3646 977930
7 3647 975237
7 3648 970648
7 3649 971741
7 3650 971080
7 3651 977462
7 3652 977624
7 3653 977240
7 3654 965607
7 3655 968428
7 3656 971568
7 3657 972577
7 3658 975027
7 3659 975250
7 3660 968767
7 3661 975250
7 3662 968716
7 3663 972577
7 3664 972318
7 3665 972320
7 3666 975591
7 3667 977467
7 3668 975525
7 3669 977462
7 3670 974612
7 3671 974458
7 3672 968476
7 3673 975237
7 3674 971099
7 3675 977645
7 3676 974646
7 3677 975539
7 3678 971263
7 3679 975155
7 3680 968552
7 3681 972577
7 3682 978095
7 3683 977462
7 3684 968721
7 3685 975099
7 3686 965058
7 3687 971574
7 3688 972350
7 3689 972077
7 3690 971394
7 3691 972263
7 3692 972263
7 3693 971612
7 3694 971635
7 3695 971065
7 3696 965059
7 3697 968432
7 3698 968269
7 3699 971151
7 3700 971156
7 3701 968729
7 3702 968668
7 3703 968675
7 3704 971849
7 3705 968428
7 3706 971583
7 3707 971741
7 3708 971773
7 3709 971744
7 3710 969003
7 3711 971922
7 3712 968491
7 3713 968565
7 3714 968518
7 3715 971336
7 3716 971323
7 3717 968575
7 3718 968685
7 3719 967937
7 3720 965150
7 3721 968685
7 3722 965688
7 3723 971635
7 3724 969306
7 3725 969195
7 3726 965303
7 3727 968491
7 3728 968867
7 3729 972350
7 3730 974680
7 3731 974867
7 3732 968859
7 3733 974612
7 3734 965527
7 3735 972318
7 3736 972426
7 3737 972084
7 3738 968912
7 3739 969553
7 3740 969391
7 3741 969540
7 3742 969548
7 3743 968894
7 3744 968229
7 3745 971323
7 3746 968551
7 3747 972263
7 3748 969573
7 3749 969562
7 3750 968315
7 3751 969003
7 3752 962366
7 3753 6134494
7 3754 972452
7 3755 6220027
7 3756 973794
7 3757 975525
7 3758 968482
7 3759 6180603
7 3760 975634
7 3761 6267224
7 3762 972908
7 3763 972973
7 3764 975634
7 3765 6233647
7 3766 975962
7 3767 6243632
7 3768 970786
7 3769 971583
7 3770 973934
7 3771 978095
7 3772 977710
7 3773 977652
7 3774 971263
7 3775 971849
7 3776 968241
7 3777 6177089
7 3778 973097
7 3779 6225173
7 3780 971245
7 3781 975027
7 3782 970948
7 3783 6221041
7 3784 974761
7 3785 6278835
7 3786 978014
7 3787 978466
7 3788 978565
7 3789 6295973
7 3790 977430
7 3791 6300613
7 3792 973880
7 3793 977930
7 3794 971306
7 3795 977632
7 3796 975832
7 3797 975636
7 3798 976504
7 3799 978116
7 3800 970948
7 3801 6217688
7 3802 978565
7 3803 6300613
7 3804 973854
7 3805 976001
7 3806 968677
7 3807 6177339
7 3808 975306
7 3809 6278835
7 3810 975384
7 3811 975181
7 3812 978107
7 3813 6273839
7 3814 977450
7 3815 6267224
7 3816 971448
7 3817 971952
7 3818 971770
7 3819 972378
7 3820 972360
7 3821 971377
7 3822 974298
7 3823 974772
7 3824 974761
7 3825 6179596
7 3826 977430
7 3827 6226906
7 3828 977147
7 3829 977365
7 3830 975306
7 3831 6232019
7 3832 974323
7 3833 6225173
7 3834 974992
7 3835 974896
7 3836 977450
7 3837 6232590
7 3838 974806
7 3839 6220027
7 3840 968385
7 3841 971336
7 3842 968549
7 3843 972263
7 3844 969565
7 3845 969539
7 3846 970778
7 3847 971744
7 3848 973805
7 3849 975099
7 3850 978234
7 3851 977960
7 3852 974010
7 3853 977467
7 3854 971685
7 3855 975250
7 3856 978479
7 3857 977819
7 3858 975331
7 3859 975420
7 3860 977866
7 3861 975321
7 3862 977886
7 3863 974933
7 3864 965536
7 3865 968518
7 3866 965524
7 3867 971394
7 3868 968826
7 3869 968586
7 3870 971104
7 3871 971773
7 3872 968474
7 3873 6181392
7 3874 973125
7 3875 6232590
7 3876 971671
7 3877 975591
7 3878 968609
7 3879 6181688
7 3880 975645
7 3881 6273839
7 3882 972334
7 3883 972087
7 3884 975645
7 3885 6235874
7 3886 975554
7 3887 6231402
7 3888 968454
7 3889 968675
7 3890 971228
7 3891 975155
7 3892 975191
7 3893 975321
7 3894 968396
7 3895 968668
7 3896 970923
7 3897 6214207
7 3898 972037
7 3899 6232019
7 3900 962348
7 3901 968428
7 3902 962352
7 3903 6141033
7 3904 965327
7 3905 6177339
7 3906 972476
7 3907 975500
7 3908 972714
7 3909 6284126
7 3910 970505
7 3911 6245618
7 3912 970988
7 3913 974838
7 3914 973622
7 3915 977462
7 3916 977401
7 3917 978155
7 3918 973549
7 3919 974924
7 3920 970279
7 3921 6208495
7 3922 977694
7 3923 6295973
7 3924 968003
7 3925 971922
7 3926 967891
7 3927 6210970
7 3928 968298
7 3929 6221041
7 3930 973962
7 3931 977147
7 3932 974821
7 3933 6293848
7 3934 973222
7 3935 6283563
7 3936 972284
7 3937 972462
7 3938 977223
7 3939 975500
7 3940 977822
7 3941 974784
7 3942 972237
7 3943 972201
7 3944 977320
7 3945 6268019
7 3946 977151
7 3947 6263626
7 3948 974862
7 3949 976715
7 3950 974509
7 3951 6293848
7 3952 967928
7 3953 6210961
7 3954 973913
7 3955 976932
7 3956 974758
7 3957 6284262
7 3958 970582
7 3959 6247342
7 3960 968232
7 3961 968729
7 3962 973708
7 3963 975539
7 3964 975095
7 3965 974726
7 3966 970945
7 3967 971151
7 3968 976501
7 3969 977645
7 3970 977503
7 3971 977819
7 3972 970997
7 3973 977240
7 3974 973390
7 3975 977462
7 3976 975075
7 3977 975243
7 3978 974922
7 3979 977940
7 3980 975662
7 3981 978155
7 3982 974757
7 3983 974758
7 3984 970944
7 3985 971156
7 3986 971142
7 3987 974646
7 3988 974857
7 3989 971623
7 3990 968232
7 3991 968269
7 3992 970923
7 3993 6214281
7 3994 972037
7 3995 6226906
7 3996 973388
7 3997 977624
7 3998 970279
7 3999 6209179
7 4000 977320
7 4001 6300613
7 4002 977646
7 4003 974812
7 4004 977694
7 4005 6302595
7 4006 977151
7 4007 6263343
7 4008 968394
7 4009 968432
7 4010 973854
7 4011 975237
7 4012 975024
7 4013 974933
7 4014 964975
7 4015 965059
7 4016 968416
7 4017 6175518
7 4018 968689
7 4019 6179596
7 4020 967985
7 4021 971741
7 4022 967809
7 4023 6205561
7 4024 968144
7 4025 6217688
7 4026 972161
7 4027 974784
7 4028 971786
7 4029 6238601
7 4030 968435
7 4031 6224250
7 4032 962348
7 4033 969150
7 4034 965378
7 4035 971612
7 4036 968866
7 4037 969527
7 4038 965378
7 4039 969312
7 4040 961942
7 4041 6132764
7 4042 971893
7 4043 6225173
7 4044 962331
7 4045 968575
7 4046 961933
7 4047 6130308
7 4048 965288
7 4049 6177089
7 4050 964721
7 4051 965402
7 4052 965402
7 4053 6169711
7 4054 964721
7 4055 6169711
7 4056 971031
7 4057 974533
7 4058 971930
7 4059 977147
7 4060 974087
7 4061 974074
7 4062 971924
7 4063 974246
7 4064 971893
7 4065 6258148
7 4066 974208
7 4067 6263137
7 4068 971900
7 4069 976932
7 4070 971223
7 4071 6263585
7 4072 970415
7 4073 6243778
7 4074 964556
7 4075 965370
7 4076 965370
7 4077 6164947
7 4078 964556
7 4079 6164947
7 4080 962275
7 4081 969005
7 4082 965686
7 4083 972072
7 4084 969536
7 4085 969772
7 4086 965528
7 4087 969544
7 4088 968328
7 4089 972320
7 4090 975004
7 4091 975243
7 4092 968147
7 4093 974693
7 4094 965584
7 4095 972077
7 4096 972368
7 4097 971932
7 4098 968262
7 4099 969301
7 4100 969316
7 4101 969527
7 4102 969547
7 4103 969089
7 4104 965698
7 4105 969575
7 4106 965757
7 4107 972394
7 4108 969710
7 4109 969701
7 4110 968239
7 4111 969548
7 4112 962352
7 4113 6139802
7 4114 972714
7 4115 6243632
7 4116 967822
7 4117 974438
7 4118 967891
7 4119 6175638
7 4120 974509
7 4121 6267224
7 4122 972156
7 4123 972134
7 4124 974821
7 4125 6227216
7 4126 974758
7 4127 6245377
7 4128 968233
7 4129 969530
7 4130 967984
7 4131 974458
7 4132 975007
7 4133 974758
7 4134 965668
7 4135 968525
7 4136 967809
7 4137 6179688
7 4138 971786
7 4139 6233647
7 4140 962175
7 4141 968565
7 4142 962090
7 4143 6130308
7 4144 965434
7 4145 6180603
7 4146 971936
7 4147 974074
7 4148 971763
7 4149 6263585
7 4150 970264
7 4151 6239984
7 4152 962262
7 4153 968996
7 4154 964967
7 4155 971065
7 4156 968794
7 4157 969089
7 4158 965134
7 4159 968822
7 4160 961933
7 4161 6129010
7 4162 971223
7 4163 6220027
7 4164 961849
7 4165 967937
7 4166 958809
7 4167 6081686
7 4168 962361
7 4169 6134494
7 4170 962334
7 4171 962804
7 4172 962804
7 4173 6140960
7 4174 962334
7 4175 6140960
7 4176 961767
7 4177 962776
7 4178 962674
7 4179 965402
7 4180 965389
7 4181 962804
7 4182 962776
7 4183 962783
7 4184 965402
7 4185 6126649
7 4186 965370
7 4187 6151057
7 4188 965389
7 4189 965370
7 4190 962804
7 4191 6151057
7 4192 961755
7 4193 6125833
7 4194 961767
7 4195 964470
7 4196 964470
7 4197 6126649
7 4198 961767
7 4199 6126649
7 4200 958809
7 4201 962176
7 4202 962252
7 4203 965264
7 4204 965426
7 4205 962598
7 4206 962252
7 4207 962335
7 4208 967909
7 4209 965327
7 4210 967809
7 4211 968144
7 4212 967666
7 4213 967819
7 4214 962672
7 4215 968298
7 4216 965497
7 4217 965434
7 4218 965239
7 4219 967989
7 4220 967988
7 4221 965288
7 4222 965446
7 4223 962361
7 4224 962176
7 4225 962745
7 4226 962335
7 4227 965602
7 4228 965600
7 4229 962597
7 4230 965264
7 4231 965602
7 4232 965327
7 4233 6081686
7 4234 970505
7 4235 6136346
7 4236 967819
7 4237 970662
7 4238 968298
7 4239 6131634
7 4240 967928
7 4241 6169711
7 4242 970597
7 4243 968197
7 4244 973222
7 4245 6169385
7 4246 970582
7 4247 6140960
7 4248 965426
7 4249 965600
7 4250 967809
7 4251 970505
7 4252 970734
7 4253 968435
7 4254 962598
7 4255 962597
7 4256 968144
7 4257 6136346
7 4258 968435
7 4259 6138280
7 4260 965497
7 4261 967928
7 4262 965434
7 4263 6169711
7 4264 958710
7 4265 6078371
7 4266 967686
7 4267 970415
7 4268 970264
7 4269 6164947
7 4270 964655
7 4271 6159684
7 4272 965239
7 4273 970597
7 4274 967988
7 4275 973222
7 4276 967686
7 4277 970264
7 4278 967989
7 4279 968197
7 4280 965288
7 4281 6169385
7 4282 970415
7 4283 6164947
7 4284 965446
7 4285 970582
7 4286 962361
7 4287 6140960
7 4288 964655
7 4289 6159684
7 4290 958724
7 4291 961755
7 4292 961755
7 4293 6079121
7 4294 958724
7 4295 6079121
7 4296 958809
7 4297 962171
7 4298 962007
7 4299 964721
7 4300 964716
7 4301 962334
7 4302 962171
7 4303 962247
7 4304 964721
7 4305 6081686
7 4306 964556
7 4307 6126649
7 4308 964716
7 4309 964556
7 4310 962334
7 4311 6126649
7 4312 958724
7 4313 6079368
7 4314 958809
7 4315 961767
7 4316 961767
7 4317 6081686
7 4318 958809
7 4319 6081686
7 4320 958809
7 4321 961849
7 4322 961933
7 4323 964967
7 4324 965134
7 4325 962262
7 4326 962090
7 4327 962175
7 4328 967891
7 4329 965584
7 4330 967822
7 4331 968147
7 4332 967809
7 4333 967984
7 4334 962352
7 4335 968328
7 4336 965757
7 4337 965686
7 4338 965668
7 4339 968233
7 4340 968239
7 4341 965528
7 4342 965698
7 4343 962275
7 4344 961933
7 4345 962331
7 4346 961942
7 4347 965378
7 4348 965378
7 4349 962348
7 4350 967891
7 4351 968003
7 4352 968677
7 4353 965058
7 4354 973854
7 4355 968721
7 4356 970279
7 4357 973622
7 4358 970948
7 4359 968552
7 4360 971306
7 4361 971099
7 4362 973549
7 4363 970988
7 4364 976504
7 4365 971263
7 4366 973880
7 4367 968476
7 4368 967809
7 4369 967985
7 4370 970279
7 4371 973390
7 4372 973388
7 4373 970997
7 4374 962352
7 4375 962348
7 4376 970948
7 4377 968716
7 4378 971245
7 4379 968767
7 4380 968609
7 4381 971685
7 4382 968482
7 4383 971429
7 4384 965527
7 4385 965533
7 4386 971671
7 4387 974010
7 4388 973794
7 4389 971084
7 4390 968859
7 4391 968686
7 4392 968416
7 4393 973854
7 4394 970923
7 4395 976501
7 4396 971142
7 4397 973708
7 4398 970923
7 4399 971228
7 4400 968241
7 4401 971568
7 4402 973934
7 4403 971080
7 4404 968474
7 4405 973805
7 4406 962366
7 4407 968652
7 4408 968867
7 4409 968540
7 4410 965524
7 4411 968549
7 4412 968551
7 4413 965299
7 4414 965688
7 4415 965137
7 4416 964975
7 4417 968394
7 4418 968232
7 4419 970945
7 4420 970944
7 4421 968232
7 4422 968396
7 4423 968454
7 4424 971263
7 4425 965607
7 4426 970786
7 4427 970648
7 4428 971104
7 4429 970778
7 4430 968315
7 4431 970880
7 4432 965303
7 4433 965218
7 4434 965536
7 4435 968385
7 4436 968229
7 4437 965218
7 4438 965150
7 4439 962024
7 4440 961849
7 4441 962437
7 4442 962331
7 4443 965388
7 4444 965402
7 4445 962455
7 4446 962175
7 4447 962023
7 4448 968003
7 4449 965843
7 4450 968148
7 4451 968335
7 4452 967985
7 4453 968148
7 4454 962348
7 4455 968342
7 4456 965777
7 4457 965700
7 4458 965844
7 4459 968255
7 4460 968239
7 4461 965537
7 4462 965703
7 4463 962275
7 4464 964967
7 4465 965388
7 4466 965378
7 4467 966314
7 4468 966331
7 4469 965328
7 4470 965584
7 4471 965843
7 4472 965058
7 4473 6081686
7 4474 971078
7 4475 6129010
7 4476 973390
7 4477 974253
7 4478 968716
7 4479 6130308
7 4480 971747
7 4481 6175638
7 4482 972443
7 4483 971710
7 4484 974491
7 4485 6179688
7 4486 972375
7 4487 6139802
7 4488 967984
7 4489 968148
7 4490 973622
7 4491 974253
7 4492 974251
7 4493 974180
7 4494 968328
7 4495 968342
7 4496 968552
7 4497 6130308
7 4498 971705
7 4499 6132764
7 4500 971685
7 4501 972092
7 4502 971429
7 4503 6210970
7 4504 968064
7 4505 6177339
7 4506 974081
7 4507 977019
7 4508 977090
7 4509 6208495
7 4510 971695
7 4511 6217688
7 4512 973854
7 4513 976558
7 4514 971228
7 4515 976888
7 4516 974259
7 4517 974465
7 4518 976501
7 4519 976888
7 4520 971568
7 4521 6205561
7 4522 976779
7 4523 6209179
7 4524 973805
7 4525 975247
7 4526 968652
7 4527 6141033
7 4528 971915
7 4529 6221041
7 4530 971618
7 4531 971779
7 4532 974538
7 4533 6181688
7 4534 971684
7 4535 6180603
7 4536 971160
7 4537 971711
7 4538 971398
7 4539 971653
7 4540 971436
7 4541 968338
7 4542 974252
7 4543 974563
7 4544 974706
7 4545 6175518
7 4546 976807
7 4547 6214281
7 4548 976802
7 4549 976646
7 4550 974734
7 4551 6214207
7 4552 971387
7 4553 6177089
7 4554 972145
7 4555 971709
7 4556 974265
7 4557 6181392
7 4558 971177
7 4559 6134494
7 4560 965134
7 4561 965402
7 4562 965378
7 4563 966331
7 4564 966326
7 4565 965329
7 4566 967822
7 4567 968148
7 4568 973854
7 4569 971078
7 4570 976553
7 4571 972009
7 4572 973388
7 4573 974251
7 4574 971245
7 4575 971705
7 4576 974427
7 4577 971735
7 4578 974421
7 4579 974253
7 4580 976882
7 4581 971960
7 4582 974651
7 4583 968592
7 4584 962262
7 4585 962455
7 4586 962348
7 4587 965328
7 4588 965329
7 4589 962283
7 4590 968147
7 4591 968335
7 4592 968721
7 4593 6129010
7 4594 972009
7 4595 6142870
7 4596 970997
7 4597 974180
7 4598 968767
7 4599 6132764
7 4600 972031
7 4601 6184486
7 4602 971730
7 4603 968798
7 4604 974788
7 4605 6184359
7 4606 971861
7 4607 6139749
7 4608 965757
7 4609 965777
7 4610 971306
7 4611 971747
7 4612 974427
7 4613 972031
7 4614 965686
7 4615 965700
7 4616 971099
7 4617 6175638
7 4618 971735
7 4619 6184486
7 4620 965527
7 4621 968064
7 4622 965533
7 4623 6177339
7 4624 958714
7 4625 6078572
7 4626 971506
7 4627 974209
7 4628 972032
7 4629 6245618
7 4630 965148
7 4631 6171747
7 4632 971142
7 4633 974259
7 4634 973934
7 4635 976779
7 4636 974470
7 4637 977016
7 4638 973708
7 4639 974465
7 4640 971080
7 4641 6209179
7 4642 977016
7 4643 6249828
7 4644 968867
7 4645 971915
7 4646 968540
7 4647 6221041
7 4648 964899
7 4649 6165196
7 4650 968259
7 4651 973733
7 4652 971272
7 4653 6210961
7 4654 967613
7 4655 6203273
7 4656 971682
7 4657 971777
7 4658 976634
7 4659 974924
7 4660 976878
7 4661 971876
7 4662 972129
7 4663 971613
7 4664 976805
7 4665 6248365
7 4666 974101
7 4667 6218802
7 4668 974522
7 4669 976529
7 4670 974241
7 4671 6283563
7 4672 967620
7 4673 6203273
7 4674 971419
7 4675 974081
7 4676 972182
7 4677 6247342
7 4678 965472
7 4679 6180218
7 4680 965668
7 4681 965844
7 4682 973549
7 4683 972443
7 4684 974421
7 4685 971730
7 4686 968239
7 4687 968239
7 4688 976504
7 4689 974491
7 4690 976882
7 4691 974788
7 4692 971671
7 4693 974081
7 4694 973794
7 4695 977090
7 4696 971506
7 4697 972032
7 4698 971832
7 4699 977172
7 4700 975228
7 4701 976922
7 4702 971992
7 4703 971920
7 4704 968233
7 4705 968255
7 4706 970988
7 4707 971710
7 4708 974253
7 4709 968798
7 4710 965528
7 4711 965537
7 4712 971263
7 4713 6179688
7 4714 971960
7 4715 6184359
7 4716 974010
7 4717 977019
7 4718 971084
7 4719 6208495
7 4720 974209
7 4721 6245618
7 4722 977172
7 4723 974577
7 4724 976922
7 4725 6251581
7 4726 974312
7 4727 6224250
7 4728 965698
7 4729 965703
7 4730 973880
7 4731 972375
7 4732 974651
7 4733 971861
7 4734 962275
7 4735 962275
7 4736 968476
7 4737 6139802
7 4738 968592
7 4739 6139749
7 4740 968859
7 4741 971695
7 4742 968686
7 4743 6217688
7 4744 965148
7 4745 6171747
7 4746 971992
7 4747 974312
7 4748 971920
7 4749 6224250
7 4750 965291
7 4751 6174960
7 4752 965524
7 4753 971618
7 4754 968551
7 4755 974538
7 4756 968259
7 4757 971272
7 4758 968549
7 4759 971779
7 4760 965299
7 4761 6181688
7 4762 973733
7 4763 6210961
7 4764 965688
7 4765 971684
7 4766 965137
7 4767 6180603
7 4768 967613
7 4769 6203273
7 4770 958714
7 4771 961755
7 4772 961755
7 4773 6078371
7 4774 958714
7 4775 6078371
7 4776 967815
7 4777 973980
7 4778 971299
7 4779 976224
7 4780 973581
7 4781 973769
7 4782 971076
7 4783 973774
7 4784 971051
7 4785 6205428
7 4786 973762
7 4787 6243778
7 4788 971353
7 4789 975883
7 4790 970831
7 4791 6239984
7 4792 967298
7 4793 6195090
7 4794 964384
7 4795 965333
7 4796 965333
7 4797 6159684
7 4798 964384
7 4799 6159684
7 4800 964975
7 4801 971160
7 4802 968396
7 4803 974252
7 4804 971682
7 4805 972129
7 4806 968232
7 4807 971398
7 4808 971263
7 4809 974706
7 4810 976634
7 4811 976805
7 4812 971104
7 4813 976802
7 4814 968315
7 4815 974734
7 4816 974522
7 4817 974241
7 4818 967815
7 4819 971076
7 4820 971299
7 4821 971051
7 4822 971353
7 4823 970831
7 4824 968394
7 4825 971711
7 4826 968454
7 4827 974563
7 4828 971777
7 4829 971613
7 4830 970945
7 4831 971653
7 4832 965607
7 4833 6175518
7 4834 974924
7 4835 6248365
7 4836 970778
7 4837 976646
7 4838 970880
7 4839 6214207
7 4840 976529
7 4841 6283563
7 4842 973980
7 4843 973774
7 4844 976224
7 4845 6205428
7 4846 975883
7 4847 6239984
7 4848 970944
7 4849 971436
7 4850 970786
7 4851 976807
7 4852 976878
7 4853 974101
7 4854 968232
7 4855 968338
7 4856 970648
7 4857 6214281
7 4858 971876
7 4859 6218802
7 4860 965303
7 4861 971387
7 4862 965218
7 4863 6177089
7 4864 967620
7 4865 6203273
7 4866 973581
7 4867 973762
7 4868 973769
7 4869 6243778
7 4870 967298
7 4871 6195090
7 4872 965536
7 4873 972145
7 4874 968229
7 4875 974265
7 4876 971419
7 4877 972182
7 4878 968385
7 4879 971709
7 4880 965218
7 4881 6181392
7 4882 974081
7 4883 6247342
7 4884 965150
7 4885 971177
7 4886 962024
7 4887 6134494
7 4888 965472
7 4889 6180218
7 4890 964384
7 4891 965333
7 4892 965333
7 4893 6159684
7 4894 964384
7 4895 6159684
7 4896 958728
7 4897 962164
7 4898 961999
7 4899 964713
7 4900 964708
7 4901 962329
7 4902 962164
7 4903 962241
7 4904 964713
7 4905 6079368
7 4906 964546
7 4907 6125833
7 4908 964708
7 4909 964546
7 4910 962329
7 4911 6125833
7 4912 958642
7 4913 6076989
7 4914 958728
7 4915 961690
7 4916 961690
7 4917 6079368
7 4918 958728
7 4919 6079368
7 4920 958809
7 4921 962176
7 4922 962252
7 4923 965264
7 4924 965426
7 4925 962598
7 4926 962252
7 4927 962335
7 4928 967909
7 4929 965327
7 4930 967809
7 4931 968144
7 4932 967666
7 4933 967819
7 4934 962672
7 4935 968298
7 4936 965497
7 4937 965434
7 4938 965239
7 4939 967989
7 4940 967988
7 4941 965288
7 4942 965446
7 4943 962361
7 4944 962176
7 4945 962745
7 4946 962335
7 4947 965602
7 4948 965600
7 4949 962597
7 4950 965264
7 4951 965602
7 4952 965327
7 4953 6081686
7 4954 970505
7 4955 6136346
7 4956 967819
7 4957 970662
7 4958 968298
7 4959 6131634
7 4960 967928
7 4961 6169711
7 4962 970597
7 4963 968197
7 4964 973222
7 4965 6169385
7 4966 970582
7 4967 6140960
7 4968 965426
7 4969 965600
7 4970 967809
7 4971 970505
7 4972 970734
7 4973 968435
7 4974 962598
7 4975 962597
7 4976 968144
7 4977 6136346
7 4978 968435
7 4979 6138280
7 4980 965497
7 4981 967928
7 4982 965434
7 4983 6169711
7 4984 958710
7 4985 6078371
7 4986 967686
7 4987 970415
7 4988 970264
7 4989 6164947
7 4990 964655
7 4991 6159684
7 4992 965239
7 4993 970597
7 4994 967988
7 4995 973222
7 4996 967686
7 4997 970264
7 4998 967989
7 4999 968197
7 5000 965288
7 5001 6169385
7 5002 970415
7 5003 6164947
7 5004 965446
7 5005 970582
7 5006 962361
7 5007 6140960
7 5008 964655
7 5009 6159684
7 5010 958724
7 5011 961755
7 5012 961755
7 5013 6079121
7 5014 958724
7 5015 6079121
7 5016 958809
7 5017 962171
7 5018 962007
7 5019 964721
7 5020 964716
7 5021 962334
7 5022 962171
7 5023 962247
7 5024 964721
7 5025 6081686
7 5026 964556
7 5027 6126649
7 5028 964716
7 5029 964556
7 5030 962334
7 5031 6126649
7 5032 958724
7 5033 6079368
7 5034 958809
7 5035 961767
7 5036 961767
7 5037 6081686
7 5038 958809
7 5039 6081686
