3 0 39916800
3 1 39916800
3 2 39891606
3 3 39916527
3 4 39909650
3 5 39916527
4 0 39891606
4 1 39909650
4 2 39891606
4 3 39916527
4 4 39909650
4 5 39916527
4 6 36387305
4 7 37887578
4 8 36781166
4 9 39159732
4 10 37963193
4 11 39228892
4 12 36781166
4 13 39160624
4 14 36387305
4 15 39228892
4 16 38897496
4 17 39159732
4 18 37887578
4 19 39160624
4 20 37963193
4 21 39119731
4 22 38897496
4 23 39159732
5 0 36387305
5 1 37887578
5 2 36329724
5 3 39160624
5 4 37963193
5 5 38897496
5 6 36387305
5 7 37887578
5 8 36781166
5 9 39159732
5 10 37963193
5 11 39228892
5 12 36781166
5 13 39160624
5 14 36387305
5 15 39228892
5 16 38897496
5 17 39159732
5 18 37887578
5 19 39160624
5 20 37963193
5 21 39119731
5 22 38897496
5 23 39159732
5 24 20598112
5 25 21755552
5 26 20572392
5 27 27516994
5 28 21960858
5 29 26887578
5 30 20863742
5 31 22314430
5 32 20922336
5 33 27689590
5 34 22550746
5 35 28127131
5 36 21016266
5 37 27989024
5 38 21055493
5 39 28154740
5 40 27510717
5 41 28493074
5 42 22309846
5 43 27515113
5 44 22704263
5 45 28409188
5 46 27582232
5 47 28311076
5 48 20863742
5 49 22314430
5 50 21016266
5 51 31510957
5 52 22630575
5 53 31159423
5 54 20598112
5 55 21755552
5 56 21058080
5 57 28234715
5 58 22173438
5 59 28244909
5 60 20901218
5 61 31447791
5 62 20884054
5 63 28418425
5 64 30517696
5 65 27689590
5 66 22425062
5 67 31433132
5 68 22384105
5 69 28332906
5 70 30661307
5 71 28097407
5 72 20922336
5 73 27906494
5 74 21055493
5 75 31757974
5 76 27550052
5 77 31677222
5 78 21058080
5 79 27531096
5 80 20844529
5 81 28356201
5 82 27521457
5 83 28279610
5 84 20884054
5 85 31429461
5 86 20598112
5 87 28225585
5 88 30661307
5 89 28097407
5 90 26887578
5 91 31048466
5 92 26933622
5 93 27592008
5 94 30517696
5 95 27689590
5 96 21755552
5 97 27425962
5 98 22026937
5 99 31396859
5 100 27494463
5 101 31130323
5 102 22043172
5 103 27486690
5 104 22365130
5 105 27539441
5 106 27317101
5 107 28228065
5 108 22394481
5 109 31323503
5 110 21998809
5 111 28237334
5 112 30494779
5 113 27638305
5 114 26887578
5 115 31048466
5 116 26933622
5 117 27592008
5 118 30517696
5 119 27689590
6 0 20598112
6 1 21755552
6 2 20572392
6 3 27516994
6 4 21960858
6 5 26887578
6 6 20572392
6 7 21730969
6 8 20971656
6 9 31181919
6 10 22104687
6 11 31111201
6 12 20971656
6 13 27462689
6 14 20558210
6 15 31117854
6 16 27046063
6 17 31033716
6 18 22036633
6 19 27459790
6 20 22134911
6 21 30956834
6 22 27044426
6 23 30517696
6 24 20598112
6 25 21755552
6 26 20572392
6 27 27516994
6 28 21960858
6 29 26887578
6 30 20863742
6 31 22314430
6 32 20922336
6 33 27689590
6 34 22550746
6 35 28127131
6 36 21016266
6 37 27989024
6 38 21055493
6 39 28154740
6 40 27510717
6 41 28493074
6 42 22309846
6 43 27515113
6 44 22704263
6 45 28409188
6 46 27582232
6 47 28311076
6 48 20863742
6 49 22314430
6 50 21016266
6 51 31510957
6 52 22630575
6 53 31159423
6 54 20598112
6 55 21755552
6 56 21058080
6 57 28234715
6 58 22173438
6 59 28244909
6 60 20901218
6 61 31447791
6 62 20884054
6 63 28418425
6 64 30517696
6 65 27689590
6 66 22425062
6 67 31433132
6 68 22384105
6 69 28332906
6 70 30661307
6 71 28097407
6 72 20922336
6 73 27906494
6 74 21055493
6 75 31757974
6 76 27550052
6 77 31677222
6 78 21058080
6 79 27531096
6 80 20844529
6 81 28356201
6 82 27521457
6 83 28279610
6 84 20884054
6 85 31429461
6 86 20598112
6 87 28225585
6 88 30661307
6 89 28097407
6 90 26887578
6 91 31048466
6 92 26933622
6 93 27592008
6 94 30517696
6 95 27689590
6 96 21755552
6 97 27425962
6 98 22026937
6 99 31396859
6 100 27494463
6 101 31130323
6 102 22043172
6 103 27486690
6 104 22365130
6 105 27539441
6 106 27317101
6 107 28228065
6 108 22394481
6 109 31323503
6 110 21998809
6 111 28237334
6 112 30494779
6 113 27638305
6 114 26887578
6 115 31048466
6 116 26933622
6 117 27592008
6 118 30517696
6 119 27689590
6 120 6081686
6 121 6081686
6 122 6079368
6 123 7582528
6 124 6126649
6 125 7473578
6 126 6079121
6 127 6079121
6 128 6159684
6 129 12665887
6 130 6164947
6 131 12609064
6 132 6159684
6 133 7598566
6 134 6078371
6 135 12617028
6 136 7520199
6 137 12587907
6 138 6140960
6 139 7598741
6 140 6169711
6 141 12564422
6 142 7520257
6 143 12306398
6 144 6126649
6 145 6126649
6 146 6125833
6 147 7720205
6 148 6151057
6 149 7660120
6 150 6140960
6 151 6140960
6 152 6134494
6 153 9299892
6 154 6220027
6 155 9525086
6 156 6239984
6 157 7858904
6 158 6180603
6 159 9557228
6 160 7758121
6 161 9654147
6 162 6245377
6 163 7799541
6 164 6267224
6 165 9616590
6 166 7767988
6 167 9613278
6 168 6164947
6 169 6164947
6 170 6243778
6 171 12929011
6 172 6263137
6 173 12832854
6 174 6169711
6 175 6169711
6 176 6177089
6 177 9571647
6 178 6225173
6 179 9589499
6 180 6224250
6 181 12942155
6 182 6217688
6 183 9701852
6 184 12620711
6 185 9612532
6 186 6263343
6 187 12987664
6 188 6300613
6 189 9697226
6 190 12653457
6 191 9712957
6 192 6247342
6 193 7761922
6 194 6210961
6 195 12994070
6 196 7713272
6 197 13012832
6 198 6283563
6 199 7847657
6 200 6221041
6 201 9726064
6 202 7821395
6 203 9677753
6 204 6245618
6 205 12940909
6 206 6177339
6 207 9647647
6 208 12655095
6 209 9718581
6 210 7620183
6 211 12856710
6 212 7764416
6 213 9659129
6 214 12666368
6 215 9676161
6 216 6220027
6 217 7682413
6 218 6225173
6 219 12875920
6 220 7663948
6 221 12607419
6 222 6267224
6 223 7848101
6 224 6278835
6 225 9606200
6 226 7825041
6 227 9721538
6 228 6300613
6 229 12998682
6 230 6278835
6 231 9747844
6 232 12644282
6 233 9663010
6 234 7647774
6 235 12812075
6 236 7744702
6 237 9662996
6 238 12601258
6 239 9596401
6 240 6126649
6 241 6126649
6 242 6125833
6 243 7720205
6 244 6151057
6 245 7660120
6 246 6164947
6 247 6164947
6 248 6247342
6 249 14331482
6 250 6284262
6 251 14339711
6 252 6243778
6 253 7838145
6 254 6210961
6 255 14323186
6 256 7770064
6 257 14362299
6 258 6263585
6 259 7833383
6 260 6293848
6 261 14375420
6 262 7775496
6 263 14203484
6 264 6081686
6 265 6081686
6 266 6079368
6 267 7582528
6 268 6126649
6 269 7473578
6 270 6169385
6 271 6169385
6 272 6181392
6 273 9557115
6 274 6232590
6 275 9632791
6 276 6205428
6 277 7762562
6 278 6181688
6 279 9590867
6 280 7703064
6 281 9690903
6 282 6227216
6 283 7628864
6 284 6273839
6 285 9689968
6 286 7698879
6 287 9618840
6 288 6138280
6 289 6138280
6 290 6218802
6 291 14352836
6 292 6263626
6 293 14330795
6 294 6136346
6 295 6136346
6 296 6214281
6 297 9661093
6 298 6226906
6 299 9687615
6 300 6139749
6 301 14230702
6 302 6139802
6 303 9594766
6 304 13972610
6 305 9299892
6 306 6231402
6 307 14391167
6 308 6243632
6 309 9740372
6 310 14041140
6 311 9425154
6 312 6218802
6 313 7814959
6 314 6249828
6 315 14495103
6 316 7828783
6 317 14559946
6 318 6248365
6 319 7790502
6 320 6209179
6 321 9689147
6 322 7775735
6 323 9749559
6 324 6184486
6 325 14317525
6 326 6175638
6 327 9699031
6 328 14043738
6 329 9416784
6 330 7679182
6 331 14435292
6 332 7700983
6 333 9614651
6 334 14182680
6 335 9476932
6 336 6233647
6 337 7804930
6 338 6295973
6 339 14493214
6 340 7858867
6 341 14342427
6 342 6243632
6 343 7761798
6 344 6300613
6 345 9732608
6 346 7679027
6 347 9739274
6 348 6273839
6 349 14495162
6 350 6267224
6 351 9790272
6 352 14169923
6 353 9478293
6 354 7729951
6 355 14414865
6 356 7717083
6 357 9688658
6 358 14067163
6 359 9441234
6 360 6140960
6 361 6140960
6 362 6239984
6 363 12934627
6 364 6263585
6 365 12795989
6 366 6169711
6 367 6169711
6 368 6283563
6 369 14419562
6 370 6293848
6 371 14426870
6 372 6224250
6 373 13041404
6 374 6245618
6 375 14528640
6 376 12670327
6 377 14407182
6 378 6238601
6 379 13007321
6 380 6284126
6 381 14525538
6 382 12674882
6 383 14401083
6 384 6169385
6 385 6169385
6 386 6205428
6 387 12820261
6 388 6258148
6 389 12603282
6 390 6131634
6 391 6131634
6 392 6214207
6 393 9630277
6 394 6232019
6 395 9684008
6 396 6251581
6 397 13047006
6 398 6208495
6 399 9684827
6 400 12800654
6 401 9756162
6 402 6302595
6 403 12810534
6 404 6295973
6 405 9730316
6 406 12764549
6 407 9714337
6 408 6136346
6 409 6136346
6 410 6248365
6 411 14351038
6 412 6268019
6 413 14318936
6 414 6081686
6 415 6081686
6 416 6175518
6 417 9617650
6 418 6179596
6 419 9616109
6 420 6184359
6 421 14304985
6 422 6179688
6 423 9699259
6 424 14058796
6 425 9429796
6 426 6235874
6 427 14380416
6 428 6233647
6 429 9701007
6 430 14059221
6 431 9432010
6 432 6139749
6 433 12874007
6 434 6184486
6 435 14458737
6 436 12651241
6 437 14348827
6 438 6184359
6 439 12858099
6 440 6132764
6 441 9637808
6 442 12766949
6 443 9605614
6 444 6142870
6 445 14349384
6 446 6129010
6 447 9651849
6 448 14169896
6 449 9473830
6 450 12306398
6 451 14089507
6 452 12310543
6 453 9280056
6 454 13972610
6 455 9299892
6 456 6179596
6 457 12957364
6 458 6232019
6 459 14530112
6 460 12787871
6 461 14472851
6 462 6226906
6 463 12911334
6 464 6225173
6 465 9633740
6 466 12738088
6 467 9691793
6 468 6232590
6 469 14504766
6 470 6220027
6 471 9730672
6 472 14162272
6 473 9465362
6 474 12355658
6 475 14174455
6 476 12356670
6 477 9370059
6 478 14110170
6 479 9380531
6 480 6134494
6 481 7721159
6 482 6180603
6 483 13052085
6 484 7703016
6 485 13045059
6 486 6177089
6 487 7748329
6 488 6221041
6 489 14458857
6 490 7797719
6 491 14542034
6 492 6217688
6 493 13063922
6 494 6177339
6 495 14450949
6 496 12830660
6 497 14484047
6 498 7631313
6 499 12864060
6 500 7689982
6 501 14330142
6 502 12795970
6 503 14336672
6 504 6181392
6 505 7732157
6 506 6181688
6 507 13050349
6 508 7677529
6 509 12996195
6 510 6214207
6 511 7794109
6 512 6141033
6 513 9588390
6 514 7833406
6 515 9712881
6 516 6208495
6 517 13030701
6 518 6210970
6 519 9743033
6 520 12929263
6 521 9800472
6 522 7710006
6 523 12979232
6 524 7820932
6 525 9643250
6 526 12928277
6 527 9741293
6 528 6214281
6 529 7794225
6 530 6209179
6 531 14539478
6 532 7853594
6 533 14458241
6 534 6175518
6 535 7606012
6 536 6205561
6 537 9727228
6 538 7657044
6 539 9734595
6 540 6132764
6 541 14324584
6 542 6130308
6 543 9642792
6 544 14161234
6 545 9476493
6 546 7796359
6 547 14437609
6 548 7745022
6 549 9689698
6 550 14153542
6 551 9463560
6 552 6139802
6 553 12889612
6 554 6175638
6 555 14402586
6 556 12692710
6 557 14421313
6 558 6179688
6 559 12796833
6 560 6130308
6 561 9640836
6 562 12738867
6 563 9684447
6 564 6129010
6 565 14272125
6 566 6081686
6 567 9573113
6 568 14053392
6 569 9437898
6 570 12355658
6 571 14174455
6 572 12356670
6 573 9370059
6 574 14110170
6 575 9380531
6 576 7473578
6 577 12582560
6 578 7538893
6 579 14194304
6 580 12576802
6 581 14132078
6 582 7539218
6 583 12600881
6 584 7650615
6 585 9266088
6 586 12533220
6 587 9518925
6 588 7655663
6 589 14182200
6 590 7509520
6 591 9518750
6 592 13962026
6 593 9293412
6 594 12306398
6 595 14089507
6 596 12310543
6 597 9280056
6 598 13972610
6 599 9299892
6 600 6081686
6 601 7561500
6 602 6130308
6 603 12808698
6 604 7617616
6 605 12602468
6 606 6130308
6 607 7590982
6 608 6210970
6 609 14215935
6 610 7651492
6 611 14321398
6 612 6205561
6 613 12803378
6 614 6141033
6 615 14331756
6 616 12606316
6 617 14227582
6 618 7628249
6 619 12789420
6 620 7660786
6 621 14208637
6 622 12611211
6 623 14116034
6 624 6129010
6 625 7599183
6 626 6132764
6 627 12840606
6 628 7623605
6 629 12604552
6 630 6175638
6 631 7756744
6 632 6177339
6 633 9268341
6 634 7771853
6 635 9572136
6 636 6209179
6 637 12961691
6 638 6221041
6 639 9564318
6 640 12757276
6 641 9635240
6 642 7681780
6 643 12794380
6 644 7812482
6 645 9620021
6 646 12780326
6 647 9627825
6 648 6179688
6 649 7753941
6 650 6208495
6 651 14388092
6 652 7811273
6 653 14353382
6 654 6139802
6 655 7577623
6 656 6217688
6 657 9591926
6 658 7653614
6 659 9594661
6 660 6181688
6 661 14323402
6 662 6180603
6 663 9622866
6 664 13959948
6 665 9291011
6 666 7737261
6 667 14387222
6 668 7713044
6 669 9590299
6 670 14152612
6 671 9449681
6 672 6175518
6 673 12931270
6 674 6214207
6 675 14492081
6 676 12735478
6 677 14377908
6 678 6214281
6 679 12778971
6 680 6177089
6 681 9614231
6 682 12714379
6 683 9584140
6 684 6181392
6 685 14396242
6 686 6134494
6 687 9614545
6 688 14153979
6 689 9449810
6 690 12304048
6 691 14083829
6 692 12308295
6 693 9275730
6 694 13962268
6 695 9296307
6 696 7473578
6 697 12582560
6 698 7538893
6 699 14194304
6 700 12576802
6 701 14132078
6 702 7539218
6 703 12600881
6 704 7650615
6 705 9266088
6 706 12533220
6 707 9518925
6 708 7655663
6 709 14182200
6 710 7509520
6 711 9518750
6 712 13962026
6 713 9293412
6 714 12306398
6 715 14089507
6 716 12310543
6 717 9280056
6 718 13972610
6 719 9299892
7 0 6081686
7 1 6081686
7 2 6079368
7 3 7582528
7 4 6126649
7 5 7473578
7 6 6079121
7 7 6079121
7 8 6159684
7 9 12665887
7 10 6164947
7 11 12609064
7 12 6159684
7 13 7598566
7 14 6078371
7 15 12617028
7 16 7520199
7 17 12587907
7 18 6140960
7 19 7598741
7 20 6169711
7 21 12564422
7 22 7520257
7 23 12306398
7 24 6079368
7 25 6079368
7 26 6076989
7 27 7581716
7 28 6125833
7 29 7471320
7 30 6159684
7 31 6159684
7 32 6180218
7 33 14110040
7 34 6247342
7 35 14171515
7 36 6195090
7 37 7731900
7 38 6203273
7 39 14174328
7 40 7659035
7 41 14311610
7 42 6239984
7 43 7638179
7 44 6283563
7 45 14298641
7 46 7687589
7 47 14171330
7 48 6159684
7 49 6159684
7 50 6195090
7 51 12786698
7 52 6243778
7 53 12579598
7 54 6078371
7 55 6078371
7 56 6203273
7 57 14189018
7 58 6210961
7 59 14186587
7 60 6174960
7 61 12811463
7 62 6171747
7 63 14301638
7 64 12406578
7 65 14115775
7 66 6224250
7 67 12715846
7 68 6245618
7 69 14281647
7 70 12440336
7 71 14244610
7 72 6180218
7 73 7726740
7 74 6203273
7 75 12946835
7 76 7650336
7 77 12923669
7 78 6203273
7 79 7635108
7 80 6165196
7 81 14301611
7 82 7665269
7 83 14269179
7 84 6171747
7 85 12761372
7 86 6078572
7 87 14162381
7 88 12443024
7 89 14232913
7 90 7526946
7 91 12636573
7 92 7558491
7 93 14091652
7 94 12399193
7 95 14088820
7 96 6134494
7 97 7613584
7 98 6177089
7 99 12805679
7 100 7649910
7 101 12586429
7 102 6180603
7 103 7620330
7 104 6221041
7 105 14114105
7 106 7626075
7 107 14271859
7 108 6217688
7 109 12712223
7 110 6177339
7 111 14289701
7 112 12345509
7 113 14087536
7 114 7527898
7 115 12603885
7 116 7546471
7 117 14083003
7 118 12348108
7 119 13972610
7 120 6081686
7 121 6081686
7 122 6079368
7 123 7582528
7 124 6126649
7 125 7473578
7 126 6079121
7 127 6079121
7 128 6159684
7 129 12665887
7 130 6164947
7 131 12609064
7 132 6159684
7 133 7598566
7 134 6078371
7 135 12617028
7 136 7520199
7 137 12587907
7 138 6140960
7 139 7598741
7 140 6169711
7 141 12564422
7 142 7520257
7 143 12306398
7 144 6126649
7 145 6126649
7 146 6125833
7 147 7720205
7 148 6151057
7 149 7660120
7 150 6140960
7 151 6140960
7 152 6134494
7 153 9299892
7 154 6220027
7 155 9525086
7 156 6239984
7 157 7858904
7 158 6180603
7 159 9557228
7 160 7758121
7 161 9654147
7 162 6245377
7 163 7799541
7 164 6267224
7 165 9616590
7 166 7767988
7 167 9613278
7 168 6164947
7 169 6164947
7 170 6243778
7 171 12929011
7 172 6263137
7 173 12832854
7 174 6169711
7 175 6169711
7 176 6177089
7 177 9571647
7 178 6225173
7 179 9589499
7 180 6224250
7 181 12942155
7 182 6217688
7 183 9701852
7 184 12620711
7 185 9612532
7 186 6263343
7 187 12987664
7 188 6300613
7 189 9697226
7 190 12653457
7 191 9712957
7 192 6247342
7 193 7761922
7 194 6210961
7 195 12994070
7 196 7713272
7 197 13012832
7 198 6283563
7 199 7847657
7 200 6221041
7 201 9726064
7 202 7821395
7 203 9677753
7 204 6245618
7 205 12940909
7 206 6177339
7 207 9647647
7 208 12655095
7 209 9718581
7 210 7620183
7 211 12856710
7 212 7764416
7 213 9659129
7 214 12666368
7 215 9676161
7 216 6220027
7 217 7682413
7 218 6225173
7 219 12875920
7 220 7663948
7 221 12607419
7 222 6267224
7 223 7848101
7 224 6278835
7 225 9606200
7 226 7825041
7 227 9721538
7 228 6300613
7 229 12998682
7 230 6278835
7 231 9747844
7 232 12644282
7 233 9663010
7 234 7647774
7 235 12812075
7 236 7744702
7 237 9662996
7 238 12601258
7 239 9596401
7 240 6126649
7 241 6126649
7 242 6125833
7 243 7720205
7 244 6151057
7 245 7660120
7 246 6164947
7 247 6164947
7 248 6247342
7 249 14331482
7 250 6284262
7 251 14339711
7 252 6243778
7 253 7838145
7 254 6210961
7 255 14323186
7 256 7770064
7 257 14362299
7 258 6263585
7 259 7833383
7 260 6293848
7 261 14375420
7 262 7775496
7 263 14203484
7 264 6081686
7 265 6081686
7 266 6079368
7 267 7582528
7 268 6126649
7 269 7473578
7 270 6169385
7 271 6169385
7 272 6181392
7 273 9557115
7 274 6232590
7 275 9632791
7 276 6205428
7 277 7762562
7 278 6181688
7 279 9590867
7 280 7703064
7 281 9690903
7 282 6227216
7 283 7628864
7 284 6273839
7 285 9689968
7 286 7698879
7 287 9618840
7 288 6138280
7 289 6138280
7 290 6218802
7 291 14352836
7 292 6263626
7 293 14330795
7 294 6136346
7 295 6136346
7 296 6214281
7 297 9661093
7 298 6226906
7 299 9687615
7 300 6139749
7 301 14230702
7 302 6139802
7 303 9594766
7 304 13972610
7 305 9299892
7 306 6231402
7 307 14391167
7 308 6243632
7 309 9740372
7 310 14041140
7 311 9425154
7 312 6218802
7 313 7814959
7 314 6249828
7 315 14495103
7 316 7828783
7 317 14559946
7 318 6248365
7 319 7790502
7 320 6209179
7 321 9689147
7 322 7775735
7 323 9749559
7 324 6184486
7 325 14317525
7 326 6175638
7 327 9699031
7 328 14043738
7 329 9416784
7 330 7679182
7 331 14435292
7 332 7700983
7 333 9614651
7 334 14182680
7 335 9476932
7 336 6233647
7 337 7804930
7 338 6295973
7 339 14493214
7 340 7858867
7 341 14342427
7 342 6243632
7 343 7761798
7 344 6300613
7 345 9732608
7 346 7679027
7 347 9739274
7 348 6273839
7 349 14495162
7 350 6267224
7 351 9790272
7 352 14169923
7 353 9478293
7 354 7729951
7 355 14414865
7 356 7717083
7 357 9688658
7 358 14067163
7 359 9441234
7 360 6140960
7 361 6140960
7 362 6239984
7 363 12934627
7 364 6263585
7 365 12795989
7 366 6169711
7 367 6169711
7 368 6283563
7 369 14419562
7 370 6293848
7 371 14426870
7 372 6224250
7 373 13041404
7 374 6245618
7 375 14528640
7 376 12670327
7 377 14407182
7 378 6238601
7 379 13007321
7 380 6284126
7 381 14525538
7 382 12674882
7 383 14401083
7 384 6169385
7 385 6169385
7 386 6205428
7 387 12820261
7 388 6258148
7 389 12603282
7 390 6131634
7 391 6131634
7 392 6214207
7 393 9630277
7 394 6232019
7 395 9684008
7 396 6251581
7 397 13047006
7 398 6208495
7 399 9684827
7 400 12800654
7 401 9756162
7 402 6302595
7 403 12810534
7 404 6295973
7 405 9730316
7 406 12764549
7 407 9714337
7 408 6136346
7 409 6136346
7 410 6248365
7 411 14351038
7 412 6268019
7 413 14318936
7 414 6081686
7 415 6081686
7 416 6175518
7 417 9617650
7 418 6179596
7 419 9616109
7 420 6184359
7 421 14304985
7 422 6179688
7 423 9699259
7 424 14058796
7 425 9429796
7 426 6235874
7 427 14380416
7 428 6233647
7 429 9701007
7 430 14059221
7 431 9432010
7 432 6139749
7 433 12874007
7 434 6184486
7 435 14458737
7 436 12651241
7 437 14348827
7 438 6184359
7 439 12858099
7 440 6132764
7 441 9637808
7 442 12766949
7 443 9605614
7 444 6142870
7 445 14349384
7 446 6129010
7 447 9651849
7 448 14169896
7 449 9473830
7 450 12306398
7 451 14089507
7 452 12310543
7 453 9280056
7 454 13972610
7 455 9299892
7 456 6179596
7 457 12957364
7 458 6232019
7 459 14530112
7 460 12787871
7 461 14472851
7 462 6226906
7 463 12911334
7 464 6225173
7 465 9633740
7 466 12738088
7 467 9691793
7 468 6232590
7 469 14504766
7 470 6220027
7 471 9730672
7 472 14162272
7 473 9465362
7 474 12355658
7 475 14174455
7 476 12356670
7 477 9370059
7 478 14110170
7 479 9380531
7 480 6134494
7 481 7721159
7 482 6180603
7 483 13052085
7 484 7703016
7 485 13045059
7 486 6177089
7 487 7748329
7 488 6221041
7 489 14458857
7 490 7797719
7 491 14542034
7 492 6217688
7 493 13063922
7 494 6177339
7 495 14450949
7 496 12830660
7 497 14484047
7 498 7631313
7 499 12864060
7 500 7689982
7 501 14330142
7 502 12795970
7 503 14336672
7 504 6181392
7 505 7732157
7 506 6181688
7 507 13050349
7 508 7677529
7 509 12996195
7 510 6214207
7 511 7794109
7 512 6141033
7 513 9588390
7 514 7833406
7 515 9712881
7 516 6208495
7 517 13030701
7 518 6210970
7 519 9743033
7 520 12929263
7 521 9800472
7 522 7710006
7 523 12979232
7 524 7820932
7 525 9643250
7 526 12928277
7 527 9741293
7 528 6214281
7 529 7794225
7 530 6209179
7 531 14539478
7 532 7853594
7 533 14458241
7 534 6175518
7 535 7606012
7 536 6205561
7 537 9727228
7 538 7657044
7 539 9734595
7 540 6132764
7 541 14324584
7 542 6130308
7 543 9642792
7 544 14161234
7 545 9476493
7 546 7796359
7 547 14437609
7 548 7745022
7 549 9689698
7 550 14153542
7 551 9463560
7 552 6139802
7 553 12889612
7 554 6175638
7 555 14402586
7 556 12692710
7 557 14421313
7 558 6179688
7 559 12796833
7 560 6130308
7 561 9640836
7 562 12738867
7 563 9684447
7 564 6129010
7 565 14272125
7 566 6081686
7 567 9573113
7 568 14053392
7 569 9437898
7 570 12355658
7 571 14174455
7 572 12356670
7 573 9370059
7 574 14110170
7 575 9380531
7 576 7473578
7 577 12582560
7 578 7538893
7 579 14194304
7 580 12576802
7 581 14132078
7 582 7539218
7 583 12600881
7 584 7650615
7 585 9266088
7 586 12533220
7 587 9518925
7 588 7655663
7 589 14182200
7 590 7509520
7 591 9518750
7 592 13962026
7 593 9293412
7 594 12306398
7 595 14089507
7 596 12310543
7 597 9280056
7 598 13972610
7 599 9299892
7 600 6081686
7 601 7561500
7 602 6130308
7 603 12808698
7 604 7617616
7 605 12602468
7 606 6130308
7 607 7590982
7 608 6210970
7 609 14215935
7 610 7651492
7 611 14321398
7 612 6205561
7 613 12803378
7 614 6141033
7 615 14331756
7 616 12606316
7 617 14227582
7 618 7628249
7 619 12789420
7 620 7660786
7 621 14208637
7 622 12611211
7 623 14116034
7 624 6129010
7 625 7599183
7 626 6132764
7 627 12840606
7 628 7623605
7 629 12604552
7 630 6175638
7 631 7756744
7 632 6177339
7 633 9268341
7 634 7771853
7 635 9572136
7 636 6209179
7 637 12961691
7 638 6221041
7 639 9564318
7 640 12757276
7 641 9635240
7 642 7681780
7 643 12794380
7 644 7812482
7 645 9620021
7 646 12780326
7 647 9627825
7 648 6179688
7 649 7753941
7 650 6208495
7 651 14388092
7 652 7811273
7 653 14353382
7 654 6139802
7 655 7577623
7 656 6217688
7 657 9591926
7 658 7653614
7 659 9594661
7 660 6181688
7 661 14323402
7 662 6180603
7 663 9622866
7 664 13959948
7 665 9291011
7 666 7737261
7 667 14387222
7 668 7713044
7 669 9590299
7 670 14152612
7 671 9449681
7 672 6175518
7 673 12931270
7 674 6214207
7 675 14492081
7 676 12735478
7 677 14377908
7 678 6214281
7 679 12778971
7 680 6177089
7 681 9614231
7 682 12714379
7 683 9584140
7 684 6181392
7 685 14396242
7 686 6134494
7 687 9614545
7 688 14153979
7 689 9449810
7 690 12304048
7 691 14083829
7 692 12308295
7 693 9275730
7 694 13962268
7 695 9296307
7 696 7473578
7 697 12582560
7 698 7538893
7 699 14194304
7 700 12576802
7 701 14132078
7 702 7539218
7 703 12600881
7 704 7650615
7 705 9266088
7 706 12533220
7 707 9518925
7 708 7655663
7 709 14182200
7 710 7509520
7 711 9518750
7 712 13962026
7 713 9293412
7 714 12306398
7 715 14089507
7 716 12310543
7 717 9280056
7 718 13972610
7 719 9299892
7 720 958809
7 721 958809
7 722 958728
7 723 961767
7 724 961767
7 725 958809
7 726 958724
7 727 958724
7 728 964384
7 729 1724426
7 730 964556
7 731 1721856
7 732 964384
7 733 964556
7 734 958714
7 735 1722408
7 736 962247
7 737 1719597
7 738 962334
7 739 964716
7 740 964721
7 741 1718087
7 742 962171
7 743 1697750
7 744 958724
7 745 958724
7 746 958642
7 747 961755
7 748 961755
7 749 958724
7 750 964655
7 751 964655
7 752 965472
7 753 3511610
7 754 970582
7 755 3512936
7 756 967298
7 757 970415
7 758 967613
7 759 3511619
7 760 968197
7 761 3534105
7 762 970264
7 763 967686
7 764 973222
7 765 3534131
7 766 970597
7 767 3507002
7 768 964655
7 769 964655
7 770 967298
7 771 1739044
7 772 970415
7 773 1721740
7 774 958710
7 775 958710
7 776 967620
7 777 3512799
7 778 967928
7 779 3512406
7 780 965291
7 781 1739502
7 782 965148
7 783 3533973
7 784 1703921
7 785 3512328
7 786 968435
7 787 1735087
7 788 970505
7 789 3530921
7 790 1707547
7 791 3532237
7 792 965472
7 793 970582
7 794 967613
7 795 1753465
7 796 968197
7 797 1750819
7 798 967620
7 799 967928
7 800 964899
7 801 3536495
7 802 970662
7 803 3531102
7 804 965148
7 805 1737506
7 806 958714
7 807 3508389
7 808 1707672
7 809 3529643
7 810 962597
7 811 1723502
7 812 965602
7 813 3509265
7 814 1703870
7 815 3505468
7 816 962361
7 817 965446
7 818 965288
7 819 1738852
7 820 967989
7 821 1721385
7 822 965434
7 823 965497
7 824 968298
7 825 3514897
7 826 967819
7 827 3531036
7 828 968144
7 829 1733765
7 830 965327
7 831 3534973
7 832 1700944
7 833 3506754
7 834 962598
7 835 1721923
7 836 965264
7 837 3507988
7 838 1701064
7 839 3472149
7 840 961767
7 841 961767
7 842 961690
7 843 964470
7 844 964470
7 845 961767
7 846 961755
7 847 961755
7 848 965333
7 849 1732499
7 850 965370
7 851 1732737
7 852 965333
7 853 965370
7 854 961755
7 855 1733315
7 856 962783
7 857 1731652
7 858 962804
7 859 965389
7 860 965402
7 861 1730710
7 862 962776
7 863 1724593
7 864 962334
7 865 962334
7 866 962329
7 867 962804
7 868 962804
7 869 962334
7 870 962361
7 871 962361
7 872 962024
7 873 1465382
7 874 967937
7 875 1496220
7 876 970831
7 877 971223
7 878 965137
7 879 1498930
7 880 968822
7 881 1505346
7 882 969089
7 883 968794
7 884 971065
7 885 1502380
7 886 968996
7 887 1503222
7 888 970264
7 889 970264
7 890 973769
7 891 1756673
7 892 974074
7 893 1755285
7 894 965434
7 895 965434
7 896 965218
7 897 1501677
7 898 968565
7 899 1503154
7 900 971920
7 901 1756414
7 902 968686
7 903 1510201
7 904 1733196
7 905 1505824
7 906 974758
7 907 1769241
7 908 974458
7 909 1510356
7 910 1734184
7 911 1512051
7 912 972182
7 913 974758
7 914 971272
7 915 1771443
7 916 972134
7 917 1769394
7 918 974241
7 919 974509
7 920 968540
7 921 1511212
7 922 974438
7 923 1507663
7 924 972032
7 925 1756937
7 926 965533
7 927 1506467
7 928 1734092
7 929 1512088
7 930 969701
7 931 1756034
7 932 972394
7 933 1508650
7 934 1736524
7 935 1509122
7 936 969089
7 937 969547
7 938 969527
7 939 1756390
7 940 969301
7 941 1749060
7 942 971932
7 943 972368
7 944 972077
7 945 1504084
7 946 974693
7 947 1510586
7 948 975243
7 949 1769017
7 950 972320
7 951 1513585
7 952 1736015
7 953 1508757
7 954 969772
7 955 1755306
7 956 972072
7 957 1508728
7 958 1733457
7 959 1503633
7 960 964556
7 961 964556
7 962 964546
7 963 965370
7 964 965370
7 965 964556
7 966 970415
7 967 970415
7 968 974081
7 969 3543660
7 970 976932
7 971 3544387
7 972 973762
7 973 974208
7 974 973733
7 975 3544153
7 976 974246
7 977 3547521
7 978 974074
7 979 974087
7 980 977147
7 981 3547804
7 982 974533
7 983 3534799
7 984 964721
7 985 964721
7 986 964713
7 987 965402
7 988 965402
7 989 964721
7 990 965288
7 991 965288
7 992 965218
7 993 1498791
7 994 968575
7 995 1504815
7 996 971051
7 997 971893
7 998 965299
7 999 1500273
7 1000 969312
7 1001 1509002
7 1002 969527
7 1003 968866
7 1004 971612
7 1005 1509021
7 1006 969150
7 1007 1505259
7 1008 968435
7 1009 968435
7 1010 971876
7 1011 3549327
7 1012 974784
7 1013 3548667
7 1014 968144
7 1015 968144
7 1016 970648
7 1017 1509645
7 1018 971741
7 1019 1512526
7 1020 968592
7 1021 3544039
7 1022 968476
7 1023 1507590
7 1024 3506512
7 1025 1498475
7 1026 974933
7 1027 3572486
7 1028 975237
7 1029 1519199
7 1030 3509889
7 1031 1507599
7 1032 974101
7 1033 977151
7 1034 977016
7 1035 3594496
7 1036 974812
7 1037 3594063
7 1038 976805
7 1039 977320
7 1040 971080
7 1041 1510376
7 1042 977624
7 1043 1514177
7 1044 971735
7 1045 3547063
7 1046 971099
7 1047 1515967
7 1048 3508599
7 1049 1507281
7 1050 971623
7 1051 3571216
7 1052 974646
7 1053 1510999
7 1054 3531706
7 1055 1511069
7 1056 974758
7 1057 974757
7 1058 978155
7 1059 3579977
7 1060 977940
7 1061 3568022
7 1062 975243
7 1063 975075
7 1064 977462
7 1065 1516311
7 1066 977240
7 1067 1515937
7 1068 977819
7 1069 3594509
7 1070 977645
7 1071 1522617
7 1072 3531644
7 1073 1511142
7 1074 974726
7 1075 3570884
7 1076 975539
7 1077 1516734
7 1078 3509321
7 1079 1508179
7 1080 970582
7 1081 970582
7 1082 975883
7 1083 1753678
7 1084 976932
7 1085 1745880
7 1086 967928
7 1087 967928
7 1088 976529
7 1089 3571913
7 1090 976715
7 1091 3571079
7 1092 974312
7 1093 1767271
7 1094 974209
7 1095 3593640
7 1096 1733915
7 1097 3575065
7 1098 974784
7 1099 1764315
7 1100 975500
7 1101 3594708
7 1102 1734261
7 1103 3574483
7 1104 973222
7 1105 973222
7 1106 976224
7 1107 1756891
7 1108 977147
7 1109 1751857
7 1110 968298
7 1111 968298
7 1112 970880
7 1113 1511191
7 1114 971922
7 1115 1513420
7 1116 976922
7 1117 1772767
7 1118 971084
7 1119 1510868
7 1120 1754090
7 1121 1519422
7 1122 978155
7 1123 1767821
7 1124 977462
7 1125 1518207
7 1126 1753844
7 1127 1516356
7 1128 970505
7 1129 970505
7 1130 974924
7 1131 3551724
7 1132 975500
7 1133 3549803
7 1134 965327
7 1135 965327
7 1136 965607
7 1137 1506147
7 1138 968428
7 1139 1506068
7 1140 971960
7 1141 3547419
7 1142 971263
7 1143 1516279
7 1144 3510015
7 1145 1508281
7 1146 975321
7 1147 3571719
7 1148 975155
7 1149 1516754
7 1150 3509974
7 1151 1508209
7 1152 971861
7 1153 1752885
7 1154 972031
7 1155 3580271
7 1156 1733314
7 1157 3576362
7 1158 974788
7 1159 1756926
7 1160 968767
7 1161 1513964
7 1162 1755518
7 1163 1516131
7 1164 972009
7 1165 3553299
7 1166 968721
7 1167 1514048
7 1168 3533927
7 1169 1512021
7 1170 1710204
7 1171 3540855
7 1172 1732310
7 1173 1504101
7 1174 3511897
7 1175 1504523
7 1176 974933
7 1177 1760196
7 1178 975321
7 1179 3599333
7 1180 1747752
7 1181 3597955
7 1182 977819
7 1183 1769956
7 1184 975250
7 1185 1516536
7 1186 1763516
7 1187 1519803
7 1188 977960
7 1189 3597039
7 1190 975099
7 1191 1520267
7 1192 3533313
7 1193 1511658
7 1194 1712398
7 1195 3546163
7 1196 1734884
7 1197 1508541
7 1198 3533452
7 1199 1508465
7 1200 971177
7 1201 974806
7 1202 971684
7 1203 1764628
7 1204 974896
7 1205 1762961
7 1206 971387
7 1207 974323
7 1208 971915
7 1209 3579338
7 1210 977365
7 1211 3591320
7 1212 971695
7 1213 1765377
7 1214 968064
7 1215 3571319
7 1216 1746730
7 1217 3588247
7 1218 971377
7 1219 1748241
7 1220 972378
7 1221 3572634
7 1222 1743726
7 1223 3567009
7 1224 974265
7 1225 977450
7 1226 974538
7 1227 1774299
7 1228 975181
7 1229 1771307
7 1230 974734
7 1231 975306
7 1232 968652
7 1233 1512035
7 1234 976001
7 1235 1519500
7 1236 977090
7 1237 1774314
7 1238 971429
7 1239 1517376
7 1240 1768904
7 1241 1523512
7 1242 975636
7 1243 1775143
7 1244 977632
7 1245 1514033
7 1246 1769778
7 1247 1520232
7 1248 976807
7 1249 977430
7 1250 976779
7 1251 3601659
7 1252 978466
7 1253 3596523
7 1254 974706
7 1255 974761
7 1256 971568
7 1257 1517033
7 1258 975027
7 1259 1517082
7 1260 971705
7 1261 3553438
7 1262 968552
7 1263 1513851
7 1264 3534308
7 1265 1512451
7 1266 977652
7 1267 3591713
7 1268 978095
7 1269 1519214
7 1270 3533291
7 1271 1511331
7 1272 972375
7 1273 1754772
7 1274 971747
7 1275 3577295
7 1276 1735440
7 1277 3580002
7 1278 974491
7 1279 1756452
7 1280 968716
7 1281 1514264
7 1282 1754089
7 1283 1519924
7 1284 971078
7 1285 3546680
7 1286 965058
7 1287 1506425
7 1288 3509680
7 1289 1508716
7 1290 1712712
7 1291 3545904
7 1292 1734733
7 1293 1508562
7 1294 3532564
7 1295 1508277
7 1296 968894
7 1297 1730613
7 1298 969540
7 1299 3550394
7 1300 1730626
7 1301 3542387
7 1302 972084
7 1303 1755683
7 1304 972318
7 1305 1504159
7 1306 1751396
7 1307 1513306
7 1308 974867
7 1309 3571686
7 1310 972350
7 1311 1513362
7 1312 3509252
7 1313 1504621
7 1314 1712905
7 1315 3541769
7 1316 1732098
7 1317 1504952
7 1318 3511393
7 1319 1504450
7 1320 967937
7 1321 968685
7 1322 968575
7 1323 1745557
7 1324 971336
7 1325 1727995
7 1326 968565
7 1327 968491
7 1328 971922
7 1329 3549485
7 1330 971744
7 1331 3549901
7 1332 971741
7 1333 1742597
7 1334 968428
7 1335 3551498
7 1336 1726871
7 1337 3543442
7 1338 968729
7 1339 1742286
7 1340 971151
7 1341 3539060
7 1342 1726686
7 1343 3506585
7 1344 971065
7 1345 971635
7 1346 971612
7 1347 1759568
7 1348 972263
7 1349 1753390
7 1350 972077
7 1351 972350
7 1352 971574
7 1353 1499890
7 1354 975099
7 1355 1513123
7 1356 977462
7 1357 1773712
7 1358 972577
7 1359 1512853
7 1360 1756443
7 1361 1516640
7 1362 975539
7 1363 1769695
7 1364 977645
7 1365 1513891
7 1366 1757339
7 1367 1512480
7 1368 974458
7 1369 974612
7 1370 977462
7 1371 3578999
7 1372 977467
7 1373 3576548
7 1374 972320
7 1375 972318
7 1376 972577
7 1377 1513188
7 1378 975250
7 1379 1512758
7 1380 975250
7 1381 3577687
7 1382 972577
7 1383 1516904
7 1384 3512314
7 1385 1504519
7 1386 977240
7 1387 3590699
7 1388 977462
7 1389 1515543
7 1390 3533563
7 1391 1511576
7 1392 975237
7 1393 1762640
7 1394 975155
7 1395 3601124
7 1396 1745972
7 1397 3592819
7 1398 977645
7 1399 1766018
7 1400 972577
7 1401 1517005
7 1402 1764014
7 1403 1516181
7 1404 975099
7 1405 3579140
7 1406 971574
7 1407 1514089
7 1408 3534263
7 1409 1512199
7 1410 1712355
7 1411 3542475
7 1412 1731882
7 1413 1504471
7 1414 3509549
7 1415 1504546
7 1416 969005
7 1417 1731116
7 1418 969544
7 1419 3551836
7 1420 1730610
7 1421 3536237
7 1422 972072
7 1423 1754917
7 1424 972320
7 1425 1504317
7 1426 1750252
7 1427 1512907
7 1428 974693
7 1429 3568173
7 1430 972077
7 1431 1512880
7 1432 3510216
7 1433 1504517
7 1434 1712387
7 1435 3535625
7 1436 1728951
7 1437 1503970
7 1438 3503167
7 1439 1499322
7 1440 961767
7 1441 961767
7 1442 961690
7 1443 964470
7 1444 964470
7 1445 961767
7 1446 961755
7 1447 961755
7 1448 965333
7 1449 1732499
7 1450 965370
7 1451 1732737
7 1452 965333
7 1453 965370
7 1454 961755
7 1455 1733315
7 1456 962783
7 1457 1731652
7 1458 962804
7 1459 965389
7 1460 965402
7 1461 1730710
7 1462 962776
7 1463 1724593
7 1464 964556
7 1465 964556
7 1466 964546
7 1467 965370
7 1468 965370
7 1469 964556
7 1470 970582
7 1471 970582
7 1472 971177
7 1473 3166474
7 1474 974806
7 1475 3169380
7 1476 975883
7 1477 976932
7 1478 971684
7 1479 3168957
7 1480 974896
7 1481 3181774
7 1482 974758
7 1483 973913
7 1484 977450
7 1485 3181764
7 1486 974992
7 1487 3169195
7 1488 970415
7 1489 970415
7 1490 973762
7 1491 1757447
7 1492 974208
7 1493 1753267
7 1494 967928
7 1495 967928
7 1496 971387
7 1497 3169077
7 1498 974323
7 1499 3169154
7 1500 974312
7 1501 1760040
7 1502 971695
7 1503 3186912
7 1504 1735229
7 1505 3173357
7 1506 977151
7 1507 1768263
7 1508 977430
7 1509 3186675
7 1510 1736020
7 1511 3184690
7 1512 974081
7 1513 976932
7 1514 973733
7 1515 1772674
7 1516 974246
7 1517 1771248
7 1518 976529
7 1519 976715
7 1520 971915
7 1521 3187113
7 1522 977365
7 1523 3186956
7 1524 974209
7 1525 1759023
7 1526 968064
7 1527 3168854
7 1528 1736007
7 1529 3184680
7 1530 972201
7 1531 1756758
7 1532 974772
7 1533 3172978
7 1534 1735273
7 1535 3172487
7 1536 971223
7 1537 971900
7 1538 971893
7 1539 1758617
7 1540 971924
7 1541 1752816
7 1542 974509
7 1543 974862
7 1544 975306
7 1545 3173699
7 1546 977147
7 1547 3187128
7 1548 977320
7 1549 1768055
7 1550 974761
7 1551 3187241
7 1552 1732699
7 1553 3171844
7 1554 972237
7 1555 1755061
7 1556 974298
7 1557 3172784
7 1558 1732620
7 1559 3158309
7 1560 958809
7 1561 958809
7 1562 958728
7 1563 961767
7 1564 961767
7 1565 958809
7 1566 958724
7 1567 958724
7 1568 964384
7 1569 1724426
7 1570 964556
7 1571 1721856
7 1572 964384
7 1573 964556
7 1574 958714
7 1575 1722408
7 1576 962247
7 1577 1719597
7 1578 962334
7 1579 964716
7 1580 964721
7 1581 1718087
7 1582 962171
7 1583 1697750
7 1584 964716
7 1585 964716
7 1586 964708
7 1587 965389
7 1588 965389
7 1589 964716
7 1590 965446
7 1591 965446
7 1592 965150
7 1593 1496297
7 1594 968685
7 1595 1505647
7 1596 971353
7 1597 971900
7 1598 965688
7 1599 1504793
7 1600 969306
7 1601 1509515
7 1602 969547
7 1603 969040
7 1604 971635
7 1605 1509074
7 1606 969195
7 1607 1506345
7 1608 967686
7 1609 967686
7 1610 973581
7 1611 1751946
7 1612 974087
7 1613 1747819
7 1614 965497
7 1615 965497
7 1616 965303
7 1617 1502734
7 1618 968491
7 1619 1500549
7 1620 971992
7 1621 1754783
7 1622 968859
7 1623 1512853
7 1624 1732661
7 1625 1508681
7 1626 974757
7 1627 1764925
7 1628 974612
7 1629 1512705
7 1630 1733279
7 1631 1512555
7 1632 971419
7 1633 973913
7 1634 968259
7 1635 1758860
7 1636 971803
7 1637 1760090
7 1638 974522
7 1639 974862
7 1640 968867
7 1641 1513346
7 1642 974680
7 1643 1512441
7 1644 971506
7 1645 1753645
7 1646 965527
7 1647 1506170
7 1648 1733016
7 1649 1512060
7 1650 969540
7 1651 1750378
7 1652 972426
7 1653 1509155
7 1654 1735577
7 1655 1509186
7 1656 968794
7 1657 969040
7 1658 968866
7 1659 1745273
7 1660 968505
7 1661 1723518
7 1662 972368
7 1663 972532
7 1664 972350
7 1665 1508366
7 1666 974867
7 1667 1513620
7 1668 975075
7 1669 1763464
7 1670 972318
7 1671 1513702
7 1672 1735085
7 1673 1508967
7 1674 969699
7 1675 1748492
7 1676 972084
7 1677 1509070
7 1678 1732420
7 1679 1503554
7 1680 962247
7 1681 962247
7 1682 962241
7 1683 962783
7 1684 962783
7 1685 962247
7 1686 968197
7 1687 968197
7 1688 971709
7 1689 3170028
7 1690 974896
7 1691 3171648
7 1692 973774
7 1693 974246
7 1694 971779
7 1695 3171538
7 1696 972626
7 1697 3175535
7 1698 972134
7 1699 971803
7 1700 975181
7 1701 3175487
7 1702 972716
7 1703 3169388
7 1704 962171
7 1705 962171
7 1706 962164
7 1707 962776
7 1708 962776
7 1709 962171
7 1710 967989
7 1711 967989
7 1712 968385
7 1713 1505230
7 1714 971336
7 1715 1509661
7 1716 971076
7 1717 971924
7 1718 968549
7 1719 1509534
7 1720 969565
7 1721 1510594
7 1722 969301
7 1723 968505
7 1724 972263
7 1725 1510645
7 1726 969539
7 1727 1508699
7 1728 962597
7 1729 962597
7 1730 968338
7 1731 3166082
7 1732 971377
7 1733 3166129
7 1734 962598
7 1735 962598
7 1736 968232
7 1737 1505526
7 1738 968729
7 1739 1508446
7 1740 962275
7 1741 3145798
7 1742 962275
7 1743 1498810
7 1744 3128385
7 1745 1465382
7 1746 968894
7 1747 3171150
7 1748 969005
7 1749 1511317
7 1750 3143691
7 1751 1474271
7 1752 971613
7 1753 972201
7 1754 974465
7 1755 3184635
7 1756 974799
7 1757 3190916
7 1758 972129
7 1759 972237
7 1760 973708
7 1761 1519262
7 1762 975095
7 1763 1520252
7 1764 965700
7 1765 3164479
7 1766 965686
7 1767 1508534
7 1768 3145481
7 1769 1474692
7 1770 969126
7 1771 3180490
7 1772 969536
7 1773 1511761
7 1774 3160694
7 1775 1478911
7 1776 969701
7 1777 969540
7 1778 975636
7 1779 3183323
7 1780 975421
7 1781 3178700
7 1782 969772
7 1783 969699
7 1784 975539
7 1785 1516495
7 1786 974726
7 1787 1516547
7 1788 972084
7 1789 3182910
7 1790 972072
7 1791 1515309
7 1792 3158681
7 1793 1478465
7 1794 969699
7 1795 3178991
7 1796 969772
7 1797 1512757
7 1798 3148805
7 1799 1475670
7 1800 968197
7 1801 968197
7 1802 973774
7 1803 1753759
7 1804 974246
7 1805 1749232
7 1806 970662
7 1807 970662
7 1808 976646
7 1809 3185631
7 1810 977365
7 1811 3186977
7 1812 974577
7 1813 1773361
7 1814 977019
7 1815 3205046
7 1816 1755701
7 1817 3193993
7 1818 974812
7 1819 1772040
7 1820 978466
7 1821 3206145
7 1822 1755956
7 1823 3195137
7 1824 970597
7 1825 970597
7 1826 973980
7 1827 1753088
7 1828 974533
7 1829 1747533
7 1830 967819
7 1831 967819
7 1832 970778
7 1833 1507279
7 1834 971744
7 1835 1512403
7 1836 977172
7 1837 1770814
7 1838 974010
7 1839 1514254
7 1840 1755280
7 1841 1519933
7 1842 977940
7 1843 1765007
7 1844 977467
7 1845 1517277
7 1846 1755211
7 1847 1520025
7 1848 965602
7 1849 965602
7 1850 971653
7 1851 3171514
7 1852 972378
7 1853 3170501
7 1854 965264
7 1855 965264
7 1856 970945
7 1857 1511909
7 1858 971151
7 1859 1511960
7 1860 965537
7 1861 3163446
7 1862 965528
7 1863 1507932
7 1864 3148008
7 1865 1474850
7 1866 969540
7 1867 3176935
7 1868 969544
7 1869 1512437
7 1870 3149086
7 1871 1474947
7 1872 968798
7 1873 1753582
7 1874 974180
7 1875 3196653
7 1876 1752249
7 1877 3190756
7 1878 971730
7 1879 1753752
7 1880 970997
7 1881 1515960
7 1882 1754677
7 1883 1511004
7 1884 968335
7 1885 3184911
7 1886 968147
7 1887 1512252
7 1888 3173076
7 1889 1481647
7 1890 1726273
7 1891 3178230
7 1892 1727718
7 1893 1499660
7 1894 3161383
7 1895 1477949
7 1896 971623
7 1897 1764370
7 1898 977652
7 1899 3206405
7 1900 1768956
7 1901 3203265
7 1902 974726
7 1903 1765540
7 1904 977240
7 1905 1514354
7 1906 1763206
7 1907 1522508
7 1908 974867
7 1909 3201694
7 1910 974693
7 1911 1518722
7 1912 3173367
7 1913 1481933
7 1914 1729700
7 1915 3185430
7 1916 1729988
7 1917 1506276
7 1918 3174601
7 1919 1482144
7 1920 971709
7 1921 974896
7 1922 971779
7 1923 1770332
7 1924 972626
7 1925 1768743
7 1926 976646
7 1927 977365
7 1928 975247
7 1929 3198345
7 1930 978688
7 1931 3207327
7 1932 977019
7 1933 1776035
7 1934 972092
7 1935 3189709
7 1936 1771024
7 1937 3203151
7 1938 974799
7 1939 1772273
7 1940 978267
7 1941 3191984
7 1942 1771341
7 1943 3191832
7 1944 972145
7 1945 974992
7 1946 971618
7 1947 1770151
7 1948 972716
7 1949 1766361
7 1950 976802
7 1951 977147
7 1952 973805
7 1953 1519459
7 1954 978234
7 1955 1522828
7 1956 974081
7 1957 1768962
7 1958 971685
7 1959 1517373
7 1960 1764694
7 1961 1523345
7 1962 975421
7 1963 1768302
7 1964 978479
7 1965 1520098
7 1966 1767114
7 1967 1521130
7 1968 974563
7 1969 974772
7 1970 976888
7 1971 3204726
7 1972 978267
7 1973 3203929
7 1974 974252
7 1975 974298
7 1976 976501
7 1977 1523456
7 1978 977503
7 1979 1523395
7 1980 968342
7 1981 3184168
7 1982 968328
7 1983 1512848
7 1984 3173489
7 1985 1482444
7 1986 974773
7 1987 3201852
7 1988 975004
7 1989 1518451
7 1990 3170680
7 1991 1481747
7 1992 971710
7 1993 1755879
7 1994 974253
7 1995 3191658
7 1996 1755737
7 1997 3196790
7 1998 972443
7 1999 1753365
7 2000 973390
7 2001 1519935
7 2002 1755011
7 2003 1520229
7 2004 965843
7 2005 3169890
7 2006 965584
7 2007 1509044
7 2008 3151437
7 2009 1476030
7 2010 1729833
7 2011 3185670
7 2012 1729637
7 2013 1506710
7 2014 3174656
7 2015 1482146
7 2016 969126
7 2017 1750900
7 2018 974773
7 2019 3183594
7 2020 1757680
7 2021 3182979
7 2022 969699
7 2023 1752005
7 2024 975075
7 2025 1509757
7 2026 1750399
7 2027 1515143
7 2028 972532
7 2029 3189431
7 2030 972368
7 2031 1515409
7 2032 3162869
7 2033 1478942
7 2034 1732395
7 2035 3181800
7 2036 1731818
7 2037 1506848
7 2038 3163471
7 2039 1478949
7 2040 968822
7 2041 969306
7 2042 969312
7 2043 1756244
7 2044 969565
7 2045 1750629
7 2046 974438
7 2047 974680
7 2048 976001
7 2049 3183421
7 2050 978234
7 2051 3190195
7 2052 977624
7 2053 1773040
7 2054 975027
7 2055 3189905
7 2056 1755515
7 2057 3182498
7 2058 975095
7 2059 1771633
7 2060 977503
7 2061 3182155
7 2062 1755537
7 2063 3168405
7 2064 968996
7 2065 969195
7 2066 969150
7 2067 1754870
7 2068 969539
7 2069 1745729
7 2070 974693
7 2071 974867
7 2072 975099
7 2073 1509805
7 2074 977960
7 2075 1516973
7 2076 977240
7 2077 1768780
7 2078 975250
7 2079 1516702
7 2080 1754771
7 2081 1517470
7 2082 974726
7 2083 1744933
7 2084 977819
7 2085 1516809
7 2086 1752535
7 2087 1512660
7 2088 972394
7 2089 972426
7 2090 977632
7 2091 3193908
7 2092 978479
7 2093 3196374
7 2094 972072
7 2095 972084
7 2096 977645
7 2097 1519099
7 2098 977819
7 2099 1519749
7 2100 972318
7 2101 3188563
7 2102 972320
7 2103 1515887
7 2104 3159782
7 2105 1478324
7 2106 975075
7 2107 3200343
7 2108 975243
7 2109 1518846
7 2110 3173460
7 2111 1482484
7 2112 974646
7 2113 1768485
7 2114 978095
7 2115 3206464
7 2116 1769428
7 2117 3199405
7 2118 975539
7 2119 1764444
7 2120 977462
7 2121 1522279
7 2122 1765482
7 2123 1521947
7 2124 972350
7 2125 3196002
7 2126 972077
7 2127 1516765
7 2128 3176023
7 2129 1482985
7 2130 1731975
7 2131 3181829
7 2132 1731914
7 2133 1506405
7 2134 3162566
7 2135 1478777
7 2136 969536
7 2137 1752200
7 2138 975004
7 2139 3184250
7 2140 1757780
7 2141 3179524
7 2142 969772
7 2143 1752139
7 2144 975243
7 2145 1510708
7 2146 1750309
7 2147 1515270
7 2148 972368
7 2149 3188349
7 2150 971932
7 2151 1515236
7 2152 3162755
7 2153 1478915
7 2154 1730050
7 2155 3177072
7 2156 1728318
7 2157 1506172
7 2158 3149085
7 2159 1475046
7 2160 962334
7 2161 962334
7 2162 962329
7 2163 962804
7 2164 962804
7 2165 962334
7 2166 970264
7 2167 970264
7 2168 972182
7 2169 3547996
7 2170 974758
7 2171 3548089
7 2172 973769
7 2173 974074
7 2174 971272
7 2175 3547480
7 2176 972134
7 2177 3546665
7 2178 971763
7 2179 971936
7 2180 974821
7 2181 3547689
7 2182 972156
7 2183 3532111
7 2184 964721
7 2185 964721
7 2186 964713
7 2187 965402
7 2188 965402
7 2189 964721
7 2190 973222
7 2191 973222
7 2192 974265
7 2193 3172700
7 2194 977450
7 2195 3176788
7 2196 976224
7 2197 977147
7 2198 974538
7 2199 3177095
7 2200 975181
7 2201 3183288
7 2202 974821
7 2203 973962
7 2204 978107
7 2205 3183013
7 2206 975384
7 2207 3176426
7 2208 968435
7 2209 968435
7 2210 974101
7 2211 3575897
7 2212 977151
7 2213 3571720
7 2214 970505
7 2215 970505
7 2216 976807
7 2217 3187645
7 2218 977430
7 2219 3188543
7 2220 971861
7 2221 3575613
7 2222 972375
7 2223 3190634
7 2224 3514890
7 2225 3160909
7 2226 975554
7 2227 3593055
7 2228 975962
7 2229 3204146
7 2230 3515615
7 2231 3165039
7 2232 971876
7 2233 974784
7 2234 977016
7 2235 3602809
7 2236 974812
7 2237 3602889
7 2238 974924
7 2239 975500
7 2240 976779
7 2241 3202294
7 2242 978466
7 2243 3204101
7 2244 972031
7 2245 3574644
7 2246 971747
7 2247 3192412
7 2248 3515477
7 2249 3164958
7 2250 972087
7 2251 3575264
7 2252 972973
7 2253 3191851
7 2254 3519178
7 2255 3168436
7 2256 971786
7 2257 972161
7 2258 977694
7 2259 3581888
7 2260 977646
7 2261 3570506
7 2262 972714
7 2263 972476
7 2264 978565
7 2265 3197498
7 2266 978014
7 2267 3197351
7 2268 975645
7 2269 3596876
7 2270 975634
7 2271 3208291
7 2272 3516686
7 2273 3168433
7 2274 972334
7 2275 3573594
7 2276 972908
7 2277 3193976
7 2278 3512449
7 2279 3162557
7 2280 964716
7 2281 964716
7 2282 964708
7 2283 965389
7 2284 965389
7 2285 964716
7 2286 967686
7 2287 967686
7 2288 971419
7 2289 3544791
7 2290 973913
7 2291 3543224
7 2292 973581
7 2293 974087
7 2294 968259
7 2295 3540783
7 2296 971803
7 2297 3536887
7 2298 971936
7 2299 971845
7 2300 973962
7 2301 3540461
7 2302 971740
7 2303 3507511
7 2304 962007
7 2305 962007
7 2306 961999
7 2307 962674
7 2308 962674
7 2309 962007
7 2310 967988
7 2311 967988
7 2312 968229
7 2313 1502707
7 2314 971323
7 2315 1509452
7 2316 971299
7 2317 971930
7 2318 968551
7 2319 1509536
7 2320 969573
7 2321 1510821
7 2322 969316
7 2323 968736
7 2324 972263
7 2325 1510316
7 2326 969562
7 2327 1508790
7 2328 970734
7 2329 970734
7 2330 976878
7 2331 3574929
7 2332 977822
7 2333 3572837
7 2334 967809
7 2335 967809
7 2336 970786
7 2337 1510227
7 2338 971583
7 2339 1512896
7 2340 974651
7 2341 3575445
7 2342 973880
7 2343 1519682
7 2344 3538176
7 2345 1511216
7 2346 977886
7 2347 3596328
7 2348 977930
7 2349 1523309
7 2350 3538601
7 2351 1512757
7 2352 976878
7 2353 977822
7 2354 974470
7 2355 3592749
7 2356 977702
7 2357 3593000
7 2358 976634
7 2359 977223
7 2360 973934
7 2361 1518163
7 2362 977710
7 2363 1517562
7 2364 974427
7 2365 3573948
7 2366 971306
7 2367 1516857
7 2368 3537831
7 2369 1512087
7 2370 975168
7 2371 3571333
7 2372 975832
7 2373 1517364
7 2374 3542453
7 2375 1512362
7 2376 975007
7 2377 975017
7 2378 977401
7 2379 3575028
7 2380 977425
7 2381 3540211
7 2382 975004
7 2383 974773
7 2384 978095
7 2385 1517402
7 2386 977652
7 2387 1519099
7 2388 978479
7 2389 3598695
7 2390 977632
7 2391 1523406
7 2392 3543466
7 2393 1512582
7 2394 975421
7 2395 3566788
7 2396 975636
7 2397 1517555
7 2398 3532062
7 2399 1508301
7 2400 962171
7 2401 962171
7 2402 962164
7 2403 962776
7 2404 962776
7 2405 962171
7 2406 970597
7 2407 970597
7 2408 972145
7 2409 3168794
7 2410 974992
7 2411 3170222
7 2412 973980
7 2413 974533
7 2414 971618
7 2415 3169916
7 2416 972716
7 2417 3175086
7 2418 972156
7 2419 971740
7 2420 975384
7 2421 3175181
7 2422 972550
7 2423 3167795
7 2424 958809
7 2425 958809
7 2426 958728
7 2427 961767
7 2428 961767
7 2429 958809
7 2430 965239
7 2431 965239
7 2432 965536
7 2433 1503180
7 2434 968518
7 2435 1506684
7 2436 967815
7 2437 971031
7 2438 965524
7 2439 1505941
7 2440 968826
7 2441 1508950
7 2442 968262
7 2443 965375
7 2444 971394
7 2445 1508930
7 2446 968586
7 2447 1503800
7 2448 965600
7 2449 965600
7 2450 971436
7 2451 3171102
7 2452 972360
7 2453 3170971
7 2454 965426
7 2455 965426
7 2456 970944
7 2457 1511944
7 2458 971156
7 2459 1512653
7 2460 965703
7 2461 3164888
7 2462 965698
7 2463 1508276
7 2464 3147536
7 2465 1474523
7 2466 969548
7 2467 3177600
7 2468 969575
7 2469 1513179
7 2470 3151104
7 2471 1476071
7 2472 971777
7 2473 972462
7 2474 974259
7 2475 3185229
7 2476 975113
7 2477 3191982
7 2478 971682
7 2479 972284
7 2480 971142
7 2481 1516410
7 2482 974857
7 2483 1520477
7 2484 965777
7 2485 3166980
7 2486 965757
7 2487 1508621
7 2488 3148944
7 2489 1474946
7 2490 969467
7 2491 3182999
7 2492 969710
7 2493 1512403
7 2494 3163343
7 2495 1479479
7 2496 969710
7 2497 969467
7 2498 975832
7 2499 3184256
7 2500 975168
7 2501 3177305
7 2502 969536
7 2503 969126
7 2504 974646
7 2505 1516097
7 2506 971623
7 2507 1512807
7 2508 972426
7 2509 3189238
7 2510 972394
7 2511 1516577
7 2512 3163352
7 2513 1479503
7 2514 969540
7 2515 3179280
7 2516 969701
7 2517 1512118
7 2518 3149590
7 2519 1475670
7 2520 962597
7 2521 962597
7 2522 971613
7 2523 3553020
7 2524 972201
7 2525 3549348
7 2526 965602
7 2527 965602
7 2528 974563
7 2529 3181758
7 2530 974772
7 2531 3182326
7 2532 968798
7 2533 3573911
7 2534 971710
7 2535 3184707
7 2536 3519570
7 2537 3161639
7 2538 972087
7 2539 3577138
7 2540 972973
7 2541 3196747
7 2542 3520001
7 2543 3164676
7 2544 965600
7 2545 965600
7 2546 971777
7 2547 3552885
7 2548 972462
7 2549 3548361
7 2550 962335
7 2551 962335
7 2552 968454
7 2553 1508661
7 2554 968675
7 2555 1509216
7 2556 974253
7 2557 3575951
7 2558 970988
7 2559 1511633
7 2560 3544881
7 2561 1511645
7 2562 975420
7 2563 3573248
7 2564 974838
7 2565 1517762
7 2566 3544268
7 2567 1512189
7 2568 962745
7 2569 962745
7 2570 971711
7 2571 3175655
7 2572 971952
7 2573 3175561
7 2574 962176
7 2575 962176
7 2576 968394
7 2577 1509057
7 2578 968432
7 2579 1509237
7 2580 968255
7 2581 3176686
7 2582 968233
7 2583 1511664
7 2584 3162058
7 2585 1478991
7 2586 969553
7 2587 3180847
7 2588 969530
7 2589 1512721
7 2590 3163098
7 2591 1479470
7 2592 962283
7 2593 3543986
7 2594 965328
7 2595 3176007
7 2596 3512155
7 2597 3153937
7 2598 965329
7 2599 3543984
7 2600 962348
7 2601 1504376
7 2602 3535856
7 2603 1499888
7 2604 962455
7 2605 3168317
7 2606 962262
7 2607 1504640
7 2608 3158643
7 2609 1477783
7 2610 3472149
7 2611 3136092
7 2612 3472251
7 2613 1464195
7 2614 3128385
7 2615 1465382
7 2616 968586
7 2617 3575897
7 2618 969562
7 2619 3196480
7 2620 3541238
7 2621 3172120
7 2622 969539
7 2623 3576709
7 2624 969150
7 2625 1512149
7 2626 3559816
7 2627 1510290
7 2628 969195
7 2629 3195532
7 2630 968996
7 2631 1513068
7 2632 3183169
7 2633 1485242
7 2634 3475324
7 2635 3145086
7 2636 3475324
7 2637 1470047
7 2638 3144066
7 2639 1470199
7 2640 968338
7 2641 971377
7 2642 974465
7 2643 3607066
7 2644 974799
7 2645 3603264
7 2646 971653
7 2647 972378
7 2648 976888
7 2649 3202572
7 2650 978267
7 2651 3211088
7 2652 974180
7 2653 3599740
7 2654 974253
7 2655 3200818
7 2656 3563960
7 2657 3180666
7 2658 971539
7 2659 3597870
7 2660 975046
7 2661 3195798
7 2662 3567903
7 2663 3184624
7 2664 971436
7 2665 972360
7 2666 974259
7 2667 3607408
7 2668 975113
7 2669 3600571
7 2670 971398
7 2671 971770
7 2672 971228
7 2673 1514311
7 2674 975191
7 2675 1520534
7 2676 974251
7 2677 3597303
7 2678 973622
7 2679 1519844
7 2680 3583890
7 2681 1518318
7 2682 977425
7 2683 3596091
7 2684 977401
7 2685 1518057
7 2686 3589624
7 2687 1518704
7 2688 971711
7 2689 971952
7 2690 976558
7 2691 3206503
7 2692 978075
7 2693 3209697
7 2694 971160
7 2695 971448
7 2696 973854
7 2697 1520239
7 2698 975024
7 2699 1521186
7 2700 968148
7 2701 3182728
7 2702 967984
7 2703 1511855
7 2704 3172822
7 2705 1481894
7 2706 975017
7 2707 3208095
7 2708 975007
7 2709 1518878
7 2710 3185762
7 2711 1485353
7 2712 965328
7 2713 3546947
7 2714 966314
7 2715 3183542
7 2716 3515176
7 2717 3163033
7 2718 966331
7 2719 3546422
7 2720 965378
7 2721 1508840
7 2722 3538427
7 2723 1506935
7 2724 965388
7 2725 3181162
7 2726 964967
7 2727 1508454
7 2728 3171804
7 2729 1481976
7 2730 3474009
7 2731 3144529
7 2732 3474009
7 2733 1469831
7 2734 3143344
7 2735 1470006
7 2736 965375
7 2737 3569189
7 2738 968736
7 2739 3186330
7 2740 3543868
7 2741 3175412
7 2742 968505
7 2743 3568632
7 2744 968866
7 2745 1503529
7 2746 3557471
7 2747 1509449
7 2748 969040
7 2749 3186220
7 2750 968794
7 2751 1510624
7 2752 3169211
7 2753 1480766
7 2754 3496803
7 2755 3156780
7 2756 3496803
7 2757 1473232
7 2758 3155550
7 2759 1473410
7 2760 968525
7 2761 968912
7 2762 974924
7 2763 3583384
7 2764 975331
7 2765 3574168
7 2766 969548
7 2767 969391
7 2768 978116
7 2769 3198132
7 2770 977866
7 2771 3198372
7 2772 975591
7 2773 3603907
7 2774 975525
7 2775 3209417
7 2776 3546524
7 2777 3177632
7 2778 974922
7 2779 3596852
7 2780 975662
7 2781 3201646
7 2782 3542589
7 2783 3172165
7 2784 969530
7 2785 969553
7 2786 974838
7 2787 3583803
7 2788 975420
7 2789 3571015
7 2790 969544
7 2791 969540
7 2792 975155
7 2793 1512617
7 2794 975321
7 2795 1516493
7 2796 977467
7 2797 3604193
7 2798 977462
7 2799 1520507
7 2800 3571720
7 2801 1516012
7 2802 977940
7 2803 3569308
7 2804 978155
7 2805 1520538
7 2806 3561726
7 2807 1512593
7 2808 969575
7 2809 969548
7 2810 977930
7 2811 3202443
7 2812 977886
7 2813 3199536
7 2814 969005
7 2815 968894
7 2816 975237
7 2817 1516651
7 2818 974933
7 2819 1516106
7 2820 974612
7 2821 3202424
7 2822 974458
7 2823 1518818
7 2824 3184240
7 2825 1485139
7 2826 974757
7 2827 3199335
7 2828 974758
7 2829 1515432
7 2830 3175580
7 2831 1482966
7 2832 971394
7 2833 3598354
7 2834 972263
7 2835 3208559
7 2836 3561515
7 2837 3183409
7 2838 972263
7 2839 3595201
7 2840 971612
7 2841 1515780
7 2842 3581385
7 2843 1513041
7 2844 971635
7 2845 3206701
7 2846 971065
7 2847 1515762
7 2848 3194866
7 2849 1488539
7 2850 3496852
7 2851 3156868
7 2852 3496852
7 2853 1473256
7 2854 3155593
7 2855 1473437
7 2856 968262
7 2857 3571464
7 2858 969316
7 2859 3193463
7 2860 3542098
7 2861 3173658
7 2862 969301
7 2863 3570598
7 2864 969527
7 2865 1508584
7 2866 3555336
7 2867 1509957
7 2868 969547
7 2869 3192957
7 2870 969089
7 2871 1512064
7 2872 3181126
7 2873 1484346
7 2874 3475370
7 2875 3145842
7 2876 3475370
7 2877 1470281
7 2878 3145017
7 2879 1470396
7 2880 962361
7 2881 962361
7 2882 970831
7 2883 1749323
7 2884 971223
7 2885 1743792
7 2886 965434
7 2887 965434
7 2888 974241
7 2889 3578675
7 2890 974509
7 2891 3577521
7 2892 971920
7 2893 1766543
7 2894 972032
7 2895 3601851
7 2896 1732063
7 2897 3580996
7 2898 971786
7 2899 1764271
7 2900 972714
7 2901 3601609
7 2902 1732082
7 2903 3576223
7 2904 965288
7 2905 965288
7 2906 971051
7 2907 1752413
7 2908 971893
7 2909 1746573
7 2910 968298
7 2911 968298
7 2912 974734
7 2913 3177736
7 2914 975306
7 2915 3180995
7 2916 976922
7 2917 1774874
7 2918 977090
7 2919 3202563
7 2920 1757000
7 2921 3199715
7 2922 977694
7 2923 1769185
7 2924 978565
7 2925 3208077
7 2926 1757211
7 2927 3194220
7 2928 968144
7 2929 968144
7 2930 976805
7 2931 3577538
7 2932 977320
7 2933 3573964
7 2934 965327
7 2935 965327
7 2936 974706
7 2937 3180624
7 2938 974761
7 2939 3180672
7 2940 974788
7 2941 3598571
7 2942 974491
7 2943 3200027
7 2944 3541805
7 2945 3172296
7 2946 975645
7 2947 3601921
7 2948 975634
7 2949 3200445
7 2950 3542069
7 2951 3173873
7 2952 968592
7 2953 1766979
7 2954 971735
7 2955 3604850
7 2956 1747774
7 2957 3603171
7 2958 971960
7 2959 1767159
7 2960 971705
7 2961 3187083
7 2962 1766863
7 2963 3193883
7 2964 972009
7 2965 3599485
7 2966 971078
7 2967 3188302
7 2968 3563686
7 2969 3184228
7 2970 1728433
7 2971 3549500
7 2972 1729652
7 2973 3159059
7 2974 3541728
7 2975 3159474
7 2976 968689
7 2977 1762003
7 2978 972037
7 2979 3604552
7 2980 1751680
7 2981 3600611
7 2982 972037
7 2983 1764823
7 2984 973097
7 2985 3187520
7 2986 1764954
7 2987 3202755
7 2988 973125
7 2989 3607293
7 2990 972452
7 2991 3197665
7 2992 3564423
7 2993 3184716
7 2994 1728732
7 2995 3549409
7 2996 1729364
7 2997 3161677
7 2998 3542365
7 2999 3161526
7 3000 965446
7 3001 965446
7 3002 971353
7 3003 1750904
7 3004 971900
7 3005 1743737
7 3006 965497
7 3007 965497
7 3008 974522
7 3009 3580304
7 3010 974862
7 3011 3577567
7 3012 971992
7 3013 1763348
7 3014 971506
7 3015 3600441
7 3016 1728268
7 3017 3580065
7 3018 972161
7 3019 1761295
7 3020 972476
7 3021 3598548
7 3022 1728261
7 3023 3572184
7 3024 967988
7 3025 967988
7 3026 971299
7 3027 1752227
7 3028 971930
7 3029 1747714
7 3030 962672
7 3031 962672
7 3032 968315
7 3033 1504267
7 3034 969003
7 3035 1508730
7 3036 975228
7 3037 1773815
7 3038 973794
7 3039 1516912
7 3040 1755711
7 3041 1516687
7 3042 975662
7 3043 1769049
7 3044 975525
7 3045 1517556
7 3046 1755632
7 3047 1516127
7 3048 967809
7 3049 967809
7 3050 976634
7 3051 3576268
7 3052 977223
7 3053 3572138
7 3054 967909
7 3055 967909
7 3056 971263
7 3057 1513223
7 3058 971849
7 3059 1513655
7 3060 976882
7 3061 3598276
7 3062 976504
7 3063 1522900
7 3064 3564604
7 3065 1514948
7 3066 977866
7 3067 3601858
7 3068 978116
7 3069 1523377
7 3070 3564648
7 3071 1516104
7 3072 974651
7 3073 1768220
7 3074 974427
7 3075 3610442
7 3076 1750865
7 3077 3606118
7 3078 976882
7 3079 1771437
7 3080 971245
7 3081 1516594
7 3082 1771251
7 3083 1514752
7 3084 976553
7 3085 3601577
7 3086 973854
7 3087 1520062
7 3088 3587221
7 3089 1518117
7 3090 1732791
7 3091 3577902
7 3092 1756537
7 3093 1511871
7 3094 3571128
7 3095 1512815
7 3096 975024
7 3097 1766024
7 3098 975191
7 3099 3608495
7 3100 1748156
7 3101 3597290
7 3102 977503
7 3103 1772758
7 3104 975027
7 3105 1515482
7 3106 1772486
7 3107 1520732
7 3108 978234
7 3109 3607720
7 3110 976001
7 3111 1520773
7 3112 3587870
7 3113 1518276
7 3114 1734064
7 3115 3575696
7 3116 1754216
7 3117 1512073
7 3118 3569775
7 3119 1512253
7 3120 967989
7 3121 967989
7 3122 971076
7 3123 1752759
7 3124 971924
7 3125 1747792
7 3126 967819
7 3127 967819
7 3128 976802
7 3129 3190708
7 3130 977147
7 3131 3191915
7 3132 977172
7 3133 1776046
7 3134 974081
7 3135 3204633
7 3136 1755716
7 3137 3198522
7 3138 977646
7 3139 1771708
7 3140 978014
7 3141 3209920
7 3142 1754299
7 3143 3185845
7 3144 965239
7 3145 965239
7 3146 967815
7 3147 1737713
7 3148 971031
7 3149 1720363
7 3150 967666
7 3151 967666
7 3152 971104
7 3153 1510090
7 3154 971773
7 3155 1513471
7 3156 971832
7 3157 1761635
7 3158 971671
7 3159 1516147
7 3160 1746257
7 3161 1516511
7 3162 974922
7 3163 1740550
7 3164 975591
7 3165 1518978
7 3166 1745863
7 3167 1512674
7 3168 962335
7 3169 962335
7 3170 971398
7 3171 3175247
7 3172 971770
7 3173 3175243
7 3174 962252
7 3175 962252
7 3176 968232
7 3177 1508541
7 3178 968269
7 3179 1508876
7 3180 968239
7 3181 3175405
7 3182 968239
7 3183 1511636
7 3184 3159788
7 3185 1478550
7 3186 969391
7 3187 3180754
7 3188 969548
7 3189 1512920
7 3190 3162574
7 3191 1479481
7 3192 974253
7 3193 1771042
7 3194 974251
7 3195 3202228
7 3196 1770742
7 3197 3207013
7 3198 974421
7 3199 1768117
7 3200 973388
7 3201 1519539
7 3202 1765547
7 3203 1522478
7 3204 968148
7 3205 3183061
7 3206 967822
7 3207 1511746
7 3208 3170804
7 3209 1481777
7 3210 1749086
7 3211 3197291
7 3212 1748507
7 3213 1510024
7 3214 3185279
7 3215 1485394
7 3216 974857
7 3217 1767784
7 3218 977710
7 3219 3209751
7 3220 1770588
7 3221 3194428
7 3222 975095
7 3223 1761589
7 3224 977624
7 3225 1520229
7 3226 1744918
7 3227 1519790
7 3228 974680
7 3229 3202399
7 3230 974438
7 3231 1518598
7 3232 3183485
7 3233 1485223
7 3234 1749260
7 3235 3194815
7 3236 1748254
7 3237 1509851
7 3238 3174627
7 3239 1482321
7 3240 962598
7 3241 962598
7 3242 972129
7 3243 3553130
7 3244 972237
7 3245 3550840
7 3246 965264
7 3247 965264
7 3248 974252
7 3249 3177082
7 3250 974298
7 3251 3177519
7 3252 971730
7 3253 3576481
7 3254 972443
7 3255 3192631
7 3256 3520177
7 3257 3165386
7 3258 972334
7 3259 3578113
7 3260 972908
7 3261 3195079
7 3262 3519949
7 3263 3165041
7 3264 965426
7 3265 965426
7 3266 971682
7 3267 3550584
7 3268 972284
7 3269 3544212
7 3270 962252
7 3271 962252
7 3272 968396
7 3273 1508645
7 3274 968668
7 3275 1509079
7 3276 974421
7 3277 3574429
7 3278 973549
7 3279 1517329
7 3280 3543325
7 3281 1512521
7 3282 975331
7 3283 3569483
7 3284 974924
7 3285 1517811
7 3286 3542269
7 3287 1511870
7 3288 962176
7 3289 962176
7 3290 971160
7 3291 3168004
7 3292 971448
7 3293 3167617
7 3294 958809
7 3295 958809
7 3296 964975
7 3297 1503592
7 3298 965059
7 3299 1503606
7 3300 965844
7 3301 3165147
7 3302 965668
7 3303 1508633
7 3304 3149257
7 3305 1475684
7 3306 968912
7 3307 3172594
7 3308 968525
7 3309 1508602
7 3310 3149129
7 3311 1475658
7 3312 965329
7 3313 3546900
7 3314 966331
7 3315 3183453
7 3316 3515143
7 3317 3162721
7 3318 966326
7 3319 3546596
7 3320 965378
7 3321 1508826
7 3322 3538580
7 3323 1506572
7 3324 965402
7 3325 3181092
7 3326 965134
7 3327 1508671
7 3328 3171776
7 3329 1481982
7 3330 3475240
7 3331 3145359
7 3332 3475240
7 3333 1470047
7 3334 3144204
7 3335 1470208
7 3336 968826
7 3337 3576638
7 3338 969573
7 3339 3194560
7 3340 3540986
7 3341 3172429
7 3342 969565
7 3343 3574916
7 3344 969312
7 3345 1512316
7 3346 3556655
7 3347 1510069
7 3348 969306
7 3349 3193444
7 3350 968822
7 3351 1512485
7 3352 3172563
7 3353 1482173
7 3354 3475323
7 3355 3145412
7 3356 3475323
7 3357 1470147
7 3358 3144512
7 3359 1470279
7 3360 962275
7 3361 1745222
7 3362 965700
7 3363 3577112
7 3364 1731500
7 3365 3580711
7 3366 965537
7 3367 1748951
7 3368 968342
7 3369 3178155
7 3370 1751446
7 3371 3192455
7 3372 968335
7 3373 3575811
7 3374 965843
7 3375 3180581
7 3376 3548232
7 3377 3176705
7 3378 1723970
7 3379 3544666
7 3380 1728891
7 3381 3153918
7 3382 3542100
7 3383 3156721
7 3384 965703
7 3385 1748597
7 3386 965777
7 3387 3579388
7 3388 1731668
7 3389 3580588
7 3390 968239
7 3391 1749408
7 3392 962348
7 3393 1504465
7 3394 1752024
7 3395 1509804
7 3396 968148
7 3397 3574759
7 3398 968003
7 3399 1513400
7 3400 3568734
7 3401 1514928
7 3402 1733485
7 3403 3571116
7 3404 1752099
7 3405 1503219
7 3406 3566636
7 3407 1510113
7 3408 968255
7 3409 1752043
7 3410 968148
7 3411 3188895
7 3412 1755007
7 3413 3193094
7 3414 965844
7 3415 1740913
7 3416 967985
7 3417 1513136
7 3418 1743696
7 3419 1514835
7 3420 962023
7 3421 3168359
7 3422 962175
7 3423 1504745
7 3424 3159929
7 3425 1478768
7 3426 1750958
7 3427 3190624
7 3428 1746742
7 3429 1509046
7 3430 3167691
7 3431 1480680
7 3432 962455
7 3433 3545277
7 3434 965388
7 3435 3177647
7 3436 3518842
7 3437 3167702
7 3438 965402
7 3439 3544301
7 3440 962331
7 3441 1505214
7 3442 3539480
7 3443 1506960
7 3444 962437
7 3445 3169379
7 3446 961849
7 3447 1504622
7 3448 3160441
7 3449 1478770
7 3450 3496859
7 3451 3156598
7 3452 3496859
7 3453 1473232
7 3454 3155458
7 3455 1473404
7 3456 1697750
7 3457 3506396
7 3458 1702580
7 3459 3142690
7 3460 3503861
7 3461 3138584
7 3462 1702548
7 3463 3507496
7 3464 1722456
7 3465 1463627
7 3466 3501376
7 3467 1493054
7 3468 1722703
7 3469 3142262
7 3470 1699324
7 3471 1492980
7 3472 3127056
7 3473 1465147
7 3474 3472149
7 3475 3136092
7 3476 3472251
7 3477 1464195
7 3478 3128385
7 3479 1465382
7 3480 965059
7 3481 1753519
7 3482 968668
7 3483 3599173
7 3484 1744680
7 3485 3599622
7 3486 968269
7 3487 1757158
7 3488 971849
7 3489 3187078
7 3490 1760109
7 3491 3203302
7 3492 971773
7 3493 3601098
7 3494 969003
7 3495 3196104
7 3496 3567968
7 3497 3185055
7 3498 1741348
7 3499 3570466
7 3500 1742534
7 3501 3169412
7 3502 3563946
7 3503 3169143
7 3504 968432
7 3505 1756789
7 3506 968675
7 3507 3601312
7 3508 1744269
7 3509 3599225
7 3510 971151
7 3511 1764147
7 3512 968428
7 3513 1503524
7 3514 1766888
7 3515 1513573
7 3516 971744
7 3517 3601692
7 3518 971922
7 3519 1515647
7 3520 3586051
7 3521 1516918
7 3522 1743488
7 3523 3588706
7 3524 1765718
7 3525 1511481
7 3526 3587880
7 3527 1514274
7 3528 971156
7 3529 1764829
7 3530 971583
7 3531 3201072
7 3532 1770283
7 3533 3205121
7 3534 968729
7 3535 1748625
7 3536 971741
7 3537 1515164
7 3538 1753327
7 3539 1517617
7 3540 968491
7 3541 3188994
7 3542 968565
7 3543 1511716
7 3544 3168803
7 3545 1481413
7 3546 1761615
7 3547 3193730
7 3548 1755783
7 3549 1509612
7 3550 3181281
7 3551 1484471
7 3552 968518
7 3553 3596760
7 3554 971323
7 3555 3202220
7 3556 3563497
7 3557 3184586
7 3558 971336
7 3559 3593139
7 3560 968575
7 3561 1512145
7 3562 3580446
7 3563 1512423
7 3564 968685
7 3565 3194753
7 3566 967937
7 3567 1511890
7 3568 3182855
7 3569 1485186
7 3570 3496724
7 3571 3156296
7 3572 3496724
7 3573 1473015
7 3574 3154736
7 3575 1473239
7 3576 1701925
7 3577 3510193
7 3578 1703719
7 3579 3150347
7 3580 3508434
7 3581 3144452
7 3582 1703767
7 3583 3510509
7 3584 1725612
7 3585 1468724
7 3586 3507808
7 3587 1494675
7 3588 1725664
7 3589 3150112
7 3590 1702205
7 3591 1494638
7 3592 3141324
7 3593 1469066
7 3594 3494040
7 3595 3149061
7 3596 3494142
7 3597 1468001
7 3598 3141924
7 3599 1469102
7 3600 962024
7 3601 967937
7 3602 965137
7 3603 1756652
7 3604 968822
7 3605 1756173
7 3606 965218
7 3607 968565
7 3608 968540
7 3609 3579709
7 3610 974438
7 3611 3599639
7 3612 968686
7 3613 1762986
7 3614 965533
7 3615 3578139
7 3616 1744658
7 3617 3597708
7 3618 968525
7 3619 1745739
7 3620 969548
7 3621 3582425
7 3622 1741690
7 3623 3573519
7 3624 965218
7 3625 968575
7 3626 965299
7 3627 1759908
7 3628 969312
7 3629 1758374
7 3630 970880
7 3631 971922
7 3632 968652
7 3633 3173782
7 3634 976001
7 3635 3194422
7 3636 971084
7 3637 1770779
7 3638 971429
7 3639 3187504
7 3640 1765252
7 3641 3209681
7 3642 974924
7 3643 1765612
7 3644 978116
7 3645 3194221
7 3646 1767521
7 3647 3199079
7 3648 970648
7 3649 971741
7 3650 971080
7 3651 3597709
7 3652 977624
7 3653 3594957
7 3654 965607
7 3655 968428
7 3656 971568
7 3657 3187575
7 3658 975027
7 3659 3197225
7 3660 968767
7 3661 3577881
7 3662 968716
7 3663 3180827
7 3664 3545216
7 3665 3176489
7 3666 975591
7 3667 3590501
7 3668 975525
7 3669 3201966
7 3670 3564218
7 3671 3184818
7 3672 968476
7 3673 1767355
7 3674 971099
7 3675 3600055
7 3676 1751731
7 3677 3607296
7 3678 971263
7 3679 1764847
7 3680 968552
7 3681 3179850
7 3682 1765292
7 3683 3200349
7 3684 968721
7 3685 3575506
7 3686 965058
7 3687 3176379
7 3688 3543765
7 3689 3174504
7 3690 1742308
7 3691 3570918
7 3692 1742869
7 3693 3168958
7 3694 3560433
7 3695 3168605
7 3696 965059
7 3697 1739468
7 3698 968269
7 3699 3569850
7 3700 1743669
7 3701 3545412
7 3702 968668
7 3703 1742819
7 3704 971849
7 3705 3152502
7 3706 1743945
7 3707 3174292
7 3708 971773
7 3709 3571658
7 3710 969003
7 3711 3175486
7 3712 3535473
7 3713 3155737
7 3714 1738255
7 3715 3564490
7 3716 1739834
7 3717 3154608
7 3718 3538661
7 3719 3154722
7 3720 965150
7 3721 968685
7 3722 965688
7 3723 1759769
7 3724 969306
7 3725 1758029
7 3726 965303
7 3727 968491
7 3728 968867
7 3729 3581079
7 3730 974680
7 3731 3601581
7 3732 968859
7 3733 1762855
7 3734 965527
7 3735 3578077
7 3736 1744745
7 3737 3597774
7 3738 968912
7 3739 1745623
7 3740 969391
7 3741 3582229
7 3742 1740801
7 3743 3572314
7 3744 968229
7 3745 971323
7 3746 968551
7 3747 1768827
7 3748 969573
7 3749 1765656
7 3750 968315
7 3751 969003
7 3752 962366
7 3753 1499939
7 3754 972452
7 3755 1510071
7 3756 973794
7 3757 1771458
7 3758 968482
7 3759 1513762
7 3760 1766901
7 3761 1519331
7 3762 972908
7 3763 1773179
7 3764 975634
7 3765 1512321
7 3766 1771400
7 3767 1516716
7 3768 970786
7 3769 971583
7 3770 973934
7 3771 3604718
7 3772 977710
7 3773 3601244
7 3774 971263
7 3775 971849
7 3776 968241
7 3777 1512398
7 3778 973097
7 3779 1516354
7 3780 971245
7 3781 3579198
7 3782 970948
7 3783 1516814
7 3784 3569780
7 3785 1515310
7 3786 978014
7 3787 3605290
7 3788 978565
7 3789 1519938
7 3790 3589674
7 3791 1518264
7 3792 973880
7 3793 1769108
7 3794 971306
7 3795 3598927
7 3796 1752227
7 3797 3608077
7 3798 976504
7 3799 1774250
7 3800 970948
7 3801 1517250
7 3802 1773967
7 3803 1522765
7 3804 973854
7 3805 3582223
7 3806 968677
7 3807 1514177
7 3808 3569202
7 3809 1516426
7 3810 1747096
7 3811 3596141
7 3812 1770085
7 3813 1515532
7 3814 3589366
7 3815 1515552
7 3816 971448
7 3817 1748283
7 3818 971770
7 3819 3581769
7 3820 1747674
7 3821 3567150
7 3822 974298
7 3823 1772587
7 3824 974761
7 3825 1503507
7 3826 1769401
7 3827 1515831
7 3828 977147
7 3829 3602153
7 3830 975306
7 3831 1515536
7 3832 3566417
7 3833 1511510
7 3834 1747116
7 3835 3592323
7 3836 1767132
7 3837 1511954
7 3838 3568298
7 3839 1511696
7 3840 968385
7 3841 971336
7 3842 968549
7 3843 1768438
7 3844 969565
7 3845 1765577
7 3846 970778
7 3847 971744
7 3848 973805
7 3849 3192698
7 3850 978234
7 3851 3208796
7 3852 974010
7 3853 1773166
7 3854 971685
7 3855 3196913
7 3856 1769194
7 3857 3211878
7 3858 975331
7 3859 1773033
7 3860 977866
7 3861 3198144
7 3862 1768619
7 3863 3199178
7 3864 965536
7 3865 968518
7 3866 965524
7 3867 1756035
7 3868 968826
7 3869 1750909
7 3870 971104
7 3871 971773
7 3872 968474
7 3873 1512952
7 3874 973125
7 3875 1516911
7 3876 971671
7 3877 1766454
7 3878 968609
7 3879 1512823
7 3880 1763696
7 3881 1519654
7 3882 972334
7 3883 1758704
7 3884 975645
7 3885 1516148
7 3886 1764854
7 3887 1515700
7 3888 968454
7 3889 968675
7 3890 971228
7 3891 3192618
7 3892 975191
7 3893 3197748
7 3894 968396
7 3895 968668
7 3896 970923
7 3897 1516431
7 3898 972037
7 3899 1517293
7 3900 962348
7 3901 3165988
7 3902 962352
7 3903 1504720
7 3904 3157324
7 3905 1478164
7 3906 972476
7 3907 3197209
7 3908 972714
7 3909 1516034
7 3910 3181581
7 3911 1484974
7 3912 970988
7 3913 1766344
7 3914 973622
7 3915 3202424
7 3916 1769283
7 3917 3211578
7 3918 973549
7 3919 1765280
7 3920 970279
7 3921 1516099
7 3922 1764981
7 3923 1521876
7 3924 968003
7 3925 3185468
7 3926 967891
7 3927 1512525
7 3928 3175383
7 3929 1482968
7 3930 1760942
7 3931 3208644
7 3932 1761749
7 3933 1512660
7 3934 3196984
7 3935 1488685
7 3936 972284
7 3937 1769465
7 3938 977223
7 3939 3197553
7 3940 1772789
7 3941 3197985
7 3942 972237
7 3943 1765388
7 3944 977320
7 3945 1513335
7 3946 1759873
7 3947 1517811
7 3948 974862
7 3949 3193374
7 3950 974509
7 3951 1517355
7 3952 3170762
7 3953 1481556
7 3954 1762914
7 3955 3203812
7 3956 1761276
7 3957 1512083
7 3958 3185196
7 3959 1485337
7 3960 968232
7 3961 968729
7 3962 973708
7 3963 3604369
7 3964 975095
7 3965 3593993
7 3966 970945
7 3967 971151
7 3968 976501
7 3969 3201777
7 3970 977503
7 3971 3203738
7 3972 970997
7 3973 3598594
7 3974 973390
7 3975 3194628
7 3976 3567551
7 3977 3185389
7 3978 974922
7 3979 3598725
7 3980 975662
7 3981 3204926
7 3982 3566906
7 3983 3185797
7 3984 970944
7 3985 971156
7 3986 971142
7 3987 3594715
7 3988 974857
7 3989 3566584
7 3990 968232
7 3991 968269
7 3992 970923
7 3993 1514027
7 3994 972037
7 3995 1516940
7 3996 973388
7 3997 3596725
7 3998 970279
7 3999 1516007
7 4000 3585766
7 4001 1518610
7 4002 977646
7 4003 3571125
7 4004 977694
7 4005 1520456
7 4006 3582906
7 4007 1515166
7 4008 968394
7 4009 968432
7 4010 973854
7 4011 3194765
7 4012 975024
7 4013 3194177
7 4014 964975
7 4015 965059
7 4016 968416
7 4017 1512518
7 4018 968689
7 4019 1512764
7 4020 967985
7 4021 3184095
7 4022 967809
7 4023 1512034
7 4024 3174914
7 4025 1482565
7 4026 972161
7 4027 3193130
7 4028 971786
7 4029 1512773
7 4030 3175573
7 4031 1482961
7 4032 962348
7 4033 3544615
7 4034 965378
7 4035 3177494
7 4036 3518437
7 4037 3167395
7 4038 965378
7 4039 3544335
7 4040 961942
7 4041 1504707
7 4042 3539192
7 4043 1506579
7 4044 962331
7 4045 3168926
7 4046 961933
7 4047 1504730
7 4048 3159813
7 4049 1478608
7 4050 3496880
7 4051 3156773
7 4052 3496880
7 4053 1473256
7 4054 3155543
7 4055 1473434
7 4056 971031
7 4057 3589176
7 4058 971930
7 4059 3202681
7 4060 3560332
7 4061 3184120
7 4062 971924
7 4063 3585414
7 4064 971893
7 4065 1511545
7 4066 3556959
7 4067 1509920
7 4068 971900
7 4069 3201635
7 4070 971223
7 4071 1514569
7 4072 3181737
7 4073 1484477
7 4074 3496752
7 4075 3156201
7 4076 3496752
7 4077 1473015
7 4078 3154686
7 4079 1473236
7 4080 962275
7 4081 1745522
7 4082 965686
7 4083 3576606
7 4084 1732345
7 4085 3580911
7 4086 965528
7 4087 1749055
7 4088 968328
7 4089 3178147
7 4090 1751925
7 4091 3194854
7 4092 968147
7 4093 3573108
7 4094 965584
7 4095 3177362
7 4096 3544071
7 4097 3172475
7 4098 1728216
7 4099 3549025
7 4100 1729940
7 4101 3161622
7 4102 3545953
7 4103 3161994
7 4104 965698
7 4105 1748069
7 4106 965757
7 4107 3578577
7 4108 1731148
7 4109 3580221
7 4110 968239
7 4111 1751431
7 4112 962352
7 4113 1504603
7 4114 1754103
7 4115 1510849
7 4116 967822
7 4117 3571395
7 4118 967891
7 4119 1512921
7 4120 3563931
7 4121 1514784
7 4122 1733532
7 4123 3572947
7 4124 1755672
7 4125 1508403
7 4126 3571633
7 4127 1511728
7 4128 968233
7 4129 1751836
7 4130 967984
7 4131 3188362
7 4132 1754717
7 4133 3195556
7 4134 965668
7 4135 1736405
7 4136 967809
7 4137 1512735
7 4138 1739366
7 4139 1515031
7 4140 962175
7 4141 3168425
7 4142 962090
7 4143 1504642
7 4144 3159826
7 4145 1478741
7 4146 1749945
7 4147 3193339
7 4148 1743882
7 4149 1509640
7 4150 3180423
7 4151 1484328
7 4152 962262
7 4153 3543015
7 4154 964967
7 4155 3172083
7 4156 3514567
7 4157 3163212
7 4158 965134
7 4159 3539483
7 4160 961933
7 4161 1504179
7 4162 3532270
7 4163 1506232
7 4164 961849
7 4165 3161504
7 4166 958809
7 4167 1499368
7 4168 3146219
7 4169 1474872
7 4170 3475426
7 4171 3145656
7 4172 3475426
7 4173 1470281
7 4174 3144921
7 4175 1470390
7 4176 1701925
7 4177 3510193
7 4178 1703719
7 4179 3150347
7 4180 3508434
7 4181 3144452
7 4182 1703767
7 4183 3510509
7 4184 1725612
7 4185 1468724
7 4186 3507808
7 4187 1494675
7 4188 1725664
7 4189 3150112
7 4190 1702205
7 4191 1494638
7 4192 3141324
7 4193 1469066
7 4194 3494040
7 4195 3149061
7 4196 3494142
7 4197 1468001
7 4198 3141924
7 4199 1469102
7 4200 958809
7 4201 1717312
7 4202 962252
7 4203 3540525
7 4204 1722121
7 4205 3512912
7 4206 962252
7 4207 1720849
7 4208 967909
7 4209 3143701
7 4210 1724821
7 4211 3164667
7 4212 967666
7 4213 3538710
7 4214 962672
7 4215 3164989
7 4216 3510770
7 4217 3146684
7 4218 1723501
7 4219 3536007
7 4220 1725287
7 4221 3144864
7 4222 3510899
7 4223 3138871
7 4224 962176
7 4225 1721188
7 4226 962335
7 4227 3542854
7 4228 1722400
7 4229 3512970
7 4230 965264
7 4231 1745425
7 4232 965327
7 4233 1463569
7 4234 1744740
7 4235 1499307
7 4236 967819
7 4237 3562330
7 4238 968298
7 4239 1497537
7 4240 3533857
7 4241 1501086
7 4242 1727058
7 4243 3536766
7 4244 1748764
7 4245 1501200
7 4246 3534204
7 4247 1501783
7 4248 965426
7 4249 1745192
7 4250 967809
7 4251 3170636
7 4252 1749394
7 4253 3168473
7 4254 962598
7 4255 1719064
7 4256 968144
7 4257 1499100
7 4258 1724638
7 4259 1499908
7 4260 965497
7 4261 3154839
7 4262 965434
7 4263 1501300
7 4264 3126704
7 4265 1465098
7 4266 1742191
7 4267 3172736
7 4268 1738767
7 4269 1498588
7 4270 3155040
7 4271 1476575
7 4272 965239
7 4273 3560738
7 4274 967988
7 4275 3179419
7 4276 3532473
7 4277 3160627
7 4278 967989
7 4279 3539168
7 4280 965288
7 4281 1501395
7 4282 3530335
7 4283 1498921
7 4284 965446
7 4285 3171264
7 4286 962361
7 4287 1501938
7 4288 3155153
7 4289 1476577
7 4290 3472097
7 4291 3135839
7 4292 3472199
7 4293 1464077
7 4294 3127967
7 4295 1465287
7 4296 1697750
7 4297 3506396
7 4298 1702580
7 4299 3142690
7 4300 3503861
7 4301 3138584
7 4302 1702548
7 4303 3507496
7 4304 1722456
7 4305 1463627
7 4306 3501376
7 4307 1493054
7 4308 1722703
7 4309 3142262
7 4310 1699324
7 4311 1492980
7 4312 3127056
7 4313 1465147
7 4314 3472149
7 4315 3136092
7 4316 3472251
7 4317 1464195
7 4318 3128385
7 4319 1465382
7 4320 958809
7 4321 961849
7 4322 961933
7 4323 1735724
7 4324 965134
7 4325 1718559
7 4326 962090
7 4327 962175
7 4328 967891
7 4329 3545733
7 4330 967822
7 4331 3541778
7 4332 967809
7 4333 1738706
7 4334 962352
7 4335 3544581
7 4336 1723339
7 4337 3541954
7 4338 965668
7 4339 1738984
7 4340 968239
7 4341 3540673
7 4342 1723722
7 4343 3507874
7 4344 961933
7 4345 962331
7 4346 961942
7 4347 1738995
7 4348 965378
7 4349 1720419
7 4350 967891
7 4351 968003
7 4352 968677
7 4353 3143286
7 4354 973854
7 4355 3165882
7 4356 970279
7 4357 1759427
7 4358 970948
7 4359 3167507
7 4360 1744229
7 4361 3180372
7 4362 973549
7 4363 1742561
7 4364 976504
7 4365 3178660
7 4366 1746589
7 4367 3169904
7 4368 967809
7 4369 967985
7 4370 970279
7 4371 3566186
7 4372 973388
7 4373 3541155
7 4374 962352
7 4375 962348
7 4376 970948
7 4377 3169072
7 4378 971245
7 4379 3168986
7 4380 968609
7 4381 3571191
7 4382 968482
7 4383 3179273
7 4384 3511871
7 4385 3146594
7 4386 971671
7 4387 3562330
7 4388 973794
7 4389 3177668
7 4390 3518044
7 4391 3164796
7 4392 968416
7 4393 1758347
7 4394 970923
7 4395 3592342
7 4396 1742977
7 4397 3588796
7 4398 970923
7 4399 1742065
7 4400 968241
7 4401 3177856
7 4402 1743650
7 4403 3175601
7 4404 968474
7 4405 3566901
7 4406 962366
7 4407 3168321
7 4408 3518225
7 4409 3164473
7 4410 1723953
7 4411 3540921
7 4412 1725608
7 4413 3144880
7 4414 3511405
7 4415 3145888
7 4416 964975
7 4417 1739226
7 4418 968232
7 4419 3565637
7 4420 1743149
7 4421 3537276
7 4422 968396
7 4423 1740870
7 4424 971263
7 4425 3145089
7 4426 1740601
7 4427 3171925
7 4428 971104
7 4429 3558278
7 4430 968315
7 4431 3172617
7 4432 3506834
7 4433 3145865
7 4434 1724045
7 4435 3538243
7 4436 1725064
7 4437 3144737
7 4438 3506931
7 4439 3138037
7 4440 961849
7 4441 962437
7 4442 962331
7 4443 1739020
7 4444 965402
7 4445 1720711
7 4446 962175
7 4447 962023
7 4448 968003
7 4449 3547108
7 4450 968148
7 4451 3544026
7 4452 967985
7 4453 1738935
7 4454 962348
7 4455 3544745
7 4456 1723711
7 4457 3542112
7 4458 965844
7 4459 1739285
7 4460 968239
7 4461 3540793
7 4462 1723733
7 4463 3507876
7 4464 964967
7 4465 965388
7 4466 965378
7 4467 1752758
7 4468 966331
7 4469 1745835
7 4470 965584
7 4471 965843
7 4472 965058
7 4473 1463699
7 4474 971078
7 4475 1499639
7 4476 973390
7 4477 1769417
7 4478 968716
7 4479 1502234
7 4480 1752429
7 4481 1508407
7 4482 972443
7 4483 1766574
7 4484 974491
7 4485 1505783
7 4486 1754394
7 4487 1506813
7 4488 967984
7 4489 968148
7 4490 973622
7 4491 3576121
7 4492 974251
7 4493 3569644
7 4494 968328
7 4495 968342
7 4496 968552
7 4497 1501803
7 4498 971705
7 4499 1503006
7 4500 971685
7 4501 3578626
7 4502 971429
7 4503 1510066
7 4504 3536199
7 4505 1501894
7 4506 974081
7 4507 3590522
7 4508 977090
7 4509 1509485
7 4510 3543450
7 4511 1510373
7 4512 973854
7 4513 1760977
7 4514 971228
7 4515 3595592
7 4516 1748288
7 4517 3594896
7 4518 976501
7 4519 1769433
7 4520 971568
7 4521 1513323
7 4522 1766456
7 4523 1509775
7 4524 973805
7 4525 3579059
7 4526 968652
7 4527 1508906
7 4528 3543870
7 4529 1510870
7 4530 1730611
7 4531 3567473
7 4532 1753417
7 4533 1507235
7 4534 3541002
7 4535 1507854
7 4536 971160
7 4537 1746042
7 4538 971398
7 4539 3571113
7 4540 1743777
7 4541 3538385
7 4542 974252
7 4543 1770783
7 4544 974706
7 4545 1503071
7 4546 1766535
7 4547 1512928
7 4548 976802
7 4549 3591361
7 4550 974734
7 4551 1514494
7 4552 3539623
7 4553 1507362
7 4554 1733549
7 4555 3562685
7 4556 1751380
7 4557 1507491
7 4558 3534641
7 4559 1503097
7 4560 965134
7 4561 965402
7 4562 965378
7 4563 1752542
7 4564 966326
7 4565 1745820
7 4566 967822
7 4567 968148
7 4568 973854
7 4569 3175377
7 4570 976553
7 4571 3182637
7 4572 973388
7 4573 1769397
7 4574 971245
7 4575 3182172
7 4576 1754470
7 4577 3185338
7 4578 974421
7 4579 1769508
7 4580 976882
7 4581 3185787
7 4582 1754798
7 4583 3172562
7 4584 962262
7 4585 962455
7 4586 962348
7 4587 1738427
7 4588 965329
7 4589 1718921
7 4590 968147
7 4591 968335
7 4592 968721
7 4593 1499662
7 4594 972009
7 4595 1508132
7 4596 970997
7 4597 1761857
7 4598 968767
7 4599 1503125
7 4600 1748426
7 4601 1511049
7 4602 971730
7 4603 1741856
7 4604 974788
7 4605 1510989
7 4606 1748054
7 4607 1506507
7 4608 965757
7 4609 965777
7 4610 971306
7 4611 3176988
7 4612 974427
7 4613 3179647
7 4614 965686
7 4615 965700
7 4616 971099
7 4617 1508052
7 4618 971735
7 4619 1511002
7 4620 965527
7 4621 3155566
7 4622 965533
7 4623 1502218
7 4624 3126879
7 4625 1465110
7 4626 971506
7 4627 3183494
7 4628 972032
7 4629 1513450
7 4630 3156458
7 4631 1477848
7 4632 971142
7 4633 1764069
7 4634 973934
7 4635 3194420
7 4636 1768275
7 4637 3200341
7 4638 973708
7 4639 1761962
7 4640 971080
7 4641 1509334
7 4642 1761454
7 4643 1512815
7 4644 968867
7 4645 3178473
7 4646 968540
7 4647 1511132
7 4648 3157644
7 4649 1477444
7 4650 1745167
7 4651 3189417
7 4652 1746976
7 4653 1502729
7 4654 3171078
7 4655 1480939
7 4656 971682
7 4657 1766227
7 4658 976634
7 4659 3192910
7 4660 1770569
7 4661 3181529
7 4662 972129
7 4663 1762567
7 4664 976805
7 4665 1511872
7 4666 1743914
7 4667 1513776
7 4668 974522
7 4669 3192607
7 4670 974241
7 4671 1516566
7 4672 3168888
7 4673 1481013
7 4674 1750531
7 4675 3188977
7 4676 1748727
7 4677 1508618
7 4678 3161584
7 4679 1478694
7 4680 965668
7 4681 965844
7 4682 973549
7 4683 3579963
7 4684 974421
7 4685 3567767
7 4686 968239
7 4687 968239
7 4688 976504
7 4689 3186137
7 4690 976882
7 4691 3189271
7 4692 971671
7 4693 3596621
7 4694 973794
7 4695 3195285
7 4696 3541337
7 4697 3169122
7 4698 971832
7 4699 3595383
7 4700 975228
7 4701 3195417
7 4702 3545365
7 4703 3175005
7 4704 968233
7 4705 968255
7 4706 970988
7 4707 3571645
7 4708 974253
7 4709 3543464
7 4710 965528
7 4711 965537
7 4712 971263
7 4713 1506136
7 4714 971960
7 4715 1511162
7 4716 974010
7 4717 3596586
7 4718 971084
7 4719 1510113
7 4720 3562105
7 4721 1513458
7 4722 977172
7 4723 3569120
7 4724 976922
7 4725 1512205
7 4726 3561545
7 4727 1510946
7 4728 965698
7 4729 965703
7 4730 973880
7 4731 3181704
7 4732 974651
7 4733 3179827
7 4734 962275
7 4735 962275
7 4736 968476
7 4737 1506741
7 4738 968592
7 4739 1506681
7 4740 968859
7 4741 3176321
7 4742 968686
7 4743 1511031
7 4744 3159587
7 4745 1478070
7 4746 971992
7 4747 3185155
7 4748 971920
7 4749 1511071
7 4750 3159744
7 4751 1478184
7 4752 965524
7 4753 3571678
7 4754 968551
7 4755 3188714
7 4756 3538709
7 4757 3164757
7 4758 968549
7 4759 3570604
7 4760 965299
7 4761 1507452
7 4762 3558669
7 4763 1503030
7 4764 965688
7 4765 3180797
7 4766 965137
7 4767 1507953
7 4768 3168987
7 4769 1480792
7 4770 3472097
7 4771 3135802
7 4772 3472199
7 4773 1464067
7 4774 3127930
7 4775 1465277
7 4776 967815
7 4777 3585210
7 4778 971299
7 4779 3194178
7 4780 3557923
7 4781 3180810
7 4782 971076
7 4783 3581495
7 4784 971051
7 4785 1505977
7 4786 3553522
7 4787 1508722
7 4788 971353
7 4789 3193298
7 4790 970831
7 4791 1512848
7 4792 3167314
7 4793 1480334
7 4794 3496599
7 4795 3155614
7 4796 3496599
7 4797 1472758
7 4798 3153814
7 4799 1473022
7 4800 964975
7 4801 1753240
7 4802 968396
7 4803 3598333
7 4804 1743718
7 4805 3598536
7 4806 968232
7 4807 1756652
7 4808 971263
7 4809 3186302
7 4810 1759389
7 4811 3197540
7 4812 971104
7 4813 3596309
7 4814 968315
7 4815 3188991
7 4816 3565695
7 4817 3182167
7 4818 1736774
7 4819 3565162
7 4820 1741429
7 4821 3160762
7 4822 3559115
7 4823 3163433
7 4824 968394
7 4825 1754287
7 4826 968454
7 4827 3598591
7 4828 1740235
7 4829 3594870
7 4830 970945
7 4831 1760885
7 4832 965607
7 4833 1503189
7 4834 1763537
7 4835 1512062
7 4836 970778
7 4837 3594119
7 4838 970880
7 4839 1514668
7 4840 3583946
7 4841 1516229
7 4842 1742460
7 4843 3584733
7 4844 1762343
7 4845 1505757
7 4846 3579988
7 4847 1512360
7 4848 970944
7 4849 1760945
7 4850 970786
7 4851 3198193
7 4852 1765273
7 4853 3190663
7 4854 968232
7 4855 1734006
7 4856 970648
7 4857 1512466
7 4858 1737565
7 4859 1513503
7 4860 965303
7 4861 3178099
7 4862 965218
7 4863 1507513
7 4864 3167686
7 4865 1480936
7 4866 1760093
7 4867 3188845
7 4868 1754322
7 4869 1508258
7 4870 3165911
7 4871 1480253
7 4872 965536
7 4873 3572956
7 4874 968229
7 4875 3185402
7 4876 3543644
7 4877 3174812
7 4878 968385
7 4879 3566044
7 4880 965218
7 4881 1507633
7 4882 3557872
7 4883 1508876
7 4884 965150
7 4885 3175051
7 4886 962024
7 4887 1503142
7 4888 3159440
7 4889 1478544
7 4890 3496599
7 4891 3155616
7 4892 3496599
7 4893 1472758
7 4894 3153816
7 4895 1473022
7 4896 1697619
7 4897 3506294
7 4898 1702563
7 4899 3142487
7 4900 3503673
7 4901 3138468
7 4902 1702529
7 4903 3507415
7 4904 1722345
7 4905 1463516
7 4906 3501142
7 4907 1493036
7 4908 1722596
7 4909 3142062
7 4910 1699217
7 4911 1492960
7 4912 3126683
7 4913 1465063
7 4914 3470963
7 4915 3135761
7 4916 3471065
7 4917 1464114
7 4918 3128054
7 4919 1465301
7 4920 958809
7 4921 1717312
7 4922 962252
7 4923 3540525
7 4924 1722121
7 4925 3512912
7 4926 962252
7 4927 1720849
7 4928 967909
7 4929 3143701
7 4930 1724821
7 4931 3164667
7 4932 967666
7 4933 3538710
7 4934 962672
7 4935 3164989
7 4936 3510770
7 4937 3146684
7 4938 1723501
7 4939 3536007
7 4940 1725287
7 4941 3144864
7 4942 3510899
7 4943 3138871
7 4944 962176
7 4945 1721188
7 4946 962335
7 4947 3542854
7 4948 1722400
7 4949 3512970
7 4950 965264
7 4951 1745425
7 4952 965327
7 4953 1463569
7 4954 1744740
7 4955 1499307
7 4956 967819
7 4957 3562330
7 4958 968298
7 4959 1497537
7 4960 3533857
7 4961 1501086
7 4962 1727058
7 4963 3536766
7 4964 1748764
7 4965 1501200
7 4966 3534204
7 4967 1501783
7 4968 965426
7 4969 1745192
7 4970 967809
7 4971 3170636
7 4972 1749394
7 4973 3168473
7 4974 962598
7 4975 1719064
7 4976 968144
7 4977 1499100
7 4978 1724638
7 4979 1499908
7 4980 965497
7 4981 3154839
7 4982 965434
7 4983 1501300
7 4984 3126704
7 4985 1465098
7 4986 1742191
7 4987 3172736
7 4988 1738767
7 4989 1498588
7 4990 3155040
7 4991 1476575
7 4992 965239
7 4993 3560738
7 4994 967988
7 4995 3179419
7 4996 3532473
7 4997 3160627
7 4998 967989
7 4999 3539168
7 5000 965288
7 5001 1501395
7 5002 3530335
7 5003 1498921
7 5004 965446
7 5005 3171264
7 5006 962361
7 5007 1501938
7 5008 3155153
7 5009 1476577
7 5010 3472097
7 5011 3135839
7 5012 3472199
7 5013 1464077
7 5014 3127967
7 5015 1465287
7 5016 1697750
7 5017 3506396
7 5018 1702580
7 5019 3142690
7 5020 3503861
7 5021 3138584
7 5022 1702548
7 5023 3507496
7 5024 1722456
7 5025 1463627
7 5026 3501376
7 5027 1493054
7 5028 1722703
7 5029 3142262
7 5030 1699324
7 5031 1492980
7 5032 3127056
7 5033 1465147
7 5034 3472149
7 5035 3136092
7 5036 3472251
7 5037 1464195
7 5038 3128385
7 5039 1465382
