3 0 39916800
3 1 39916800
3 2 39916800
3 3 39909728
3 4 39909650
3 5 39891606
4 0 39914512
4 1 39893205
4 2 39914512
4 3 39839008
4 4 39893205
4 5 39839008
4 6 39691991
4 7 39428126
4 8 39722749
4 9 38270883
4 10 39692840
4 11 38640162
4 12 39228892
4 13 37963193
4 14 39159732
4 15 36781166
4 16 37887578
4 17 36387305
4 18 38897496
4 19 37963193
4 20 39160624
4 21 36329724
4 22 37887578
4 23 36387305
5 0 37986586
5 1 38029794
5 2 37910532
5 3 36504611
5 4 38410669
5 5 36432506
5 6 37986586
5 7 38029794
5 8 38148748
5 9 33885225
5 10 38410669
5 11 34408550
5 12 38148748
5 13 36504611
5 14 37986586
5 15 34408550
5 16 36432506
5 17 33885225
5 18 38029794
5 19 36504611
5 20 38410669
5 21 33829411
5 22 36432506
5 23 33885225
5 24 33817876
5 25 34342801
5 26 33745458
5 27 31738444
5 28 34834179
5 29 31681956
5 30 34639040
5 31 34688394
5 32 34383805
5 33 27858592
5 34 36026029
5 35 28617204
5 36 34888602
5 37 32889936
5 38 34972979
5 39 28540531
5 40 32936397
5 41 28756696
5 42 36140631
5 43 33045423
5 44 36201965
5 45 28802382
5 46 33752620
5 47 28960838
5 48 28097407
5 49 30661307
5 50 28332906
5 51 22384105
5 52 31433132
5 53 22425062
5 54 27689590
5 55 30517696
5 56 28418425
5 57 20884054
5 58 31447791
5 59 20901218
5 60 28244909
5 61 22173438
5 62 28234715
5 63 21058080
5 64 21755552
5 65 20598112
5 66 31159423
5 67 22630575
5 68 31510957
5 69 21016266
5 70 22314430
5 71 20863742
5 72 28311076
5 73 27582232
5 74 28409188
5 75 22704263
5 76 27515113
5 77 22309846
5 78 28493074
5 79 27510717
5 80 28154740
5 81 21055493
5 82 27989024
5 83 21016266
5 84 28127131
5 85 22550746
5 86 27689590
5 87 20922336
5 88 22314430
5 89 20863742
5 90 26887578
5 91 21960858
5 92 27516994
5 93 20572392
5 94 21755552
5 95 20598112
5 96 30517696
5 97 27044426
5 98 30956834
5 99 22134911
5 100 27459790
5 101 22036633
5 102 31033716
5 103 27046063
5 104 31117854
5 105 20558210
5 106 27462689
5 107 20971656
5 108 31111201
5 109 22104687
5 110 31181919
5 111 20971656
5 112 21730969
5 113 20572392
5 114 26887578
5 115 21960858
5 116 27516994
5 117 20572392
5 118 21755552
5 119 20598112
6 0 22064460
6 1 26763396
6 2 21986404
6 3 23374736
6 4 27146900
6 5 23354914
6 6 22033825
6 7 26742628
6 8 22591327
6 9 17447089
6 10 27376129
6 11 17824939
6 12 22587807
6 13 23759978
6 14 21945154
6 15 17803511
6 16 23920435
6 17 17505070
6 18 27214231
6 19 23896323
6 20 27419645
6 21 17500010
6 22 23870110
6 23 17303253
6 24 22064460
6 25 26763396
6 26 21986404
6 27 23374736
6 28 27146900
6 29 23354914
6 30 22400356
6 31 26886134
6 32 22656315
6 33 15819232
6 34 27491057
6 35 16009686
6 36 22646261
6 37 23904485
6 38 22722018
6 39 15987631
6 40 23939080
6 41 16136593
6 42 27683205
6 43 23952126
6 44 27766255
6 45 16135570
6 46 24300056
6 47 16031477
6 48 22400356
6 49 26886134
6 50 22682990
6 51 17777034
6 52 27512221
6 53 17842110
6 54 22064460
6 55 26763396
6 56 22768471
6 57 16009686
6 58 27474986
6 59 16019806
6 60 22663916
6 61 17576691
6 62 22648692
6 63 16136593
6 64 17303253
6 65 15819232
6 66 27284840
6 67 17999784
6 68 27564625
6 69 16113570
6 70 17796570
6 71 15998422
6 72 22724724
6 73 23950542
6 74 22758813
6 75 18038306
6 76 23920336
6 77 17679849
6 78 22828289
6 79 23912493
6 80 22584804
6 81 16135570
6 82 24375890
6 83 16113570
6 84 22557315
6 85 17937964
6 86 22064460
6 87 16031477
6 88 17796570
6 89 15998422
6 90 23354914
6 91 17429610
6 92 23939432
6 93 15805878
6 94 17303253
6 95 15819232
6 96 26763396
6 97 23467906
6 98 27085080
6 99 17554240
6 100 23873927
6 101 17485050
6 102 27144106
6 103 23468324
6 104 27226463
6 105 15800510
6 106 23876963
6 107 16089480
6 108 27223196
6 109 17538543
6 110 27225484
6 111 16089480
6 112 17290383
6 113 15805878
6 114 23354914
6 115 17429610
6 116 23939432
6 117 15805878
6 118 17303253
6 119 15819232
6 120 18738242
6 121 21782815
6 122 18693437
6 123 18582887
6 124 22075228
6 125 18554067
6 126 18729223
6 127 21773054
6 128 19005168
6 129 14321236
6 130 22193161
6 131 14557721
6 132 19003473
6 133 18816371
6 134 18692266
6 135 14552495
6 136 18879744
6 137 14357551
6 138 22004498
6 139 18882092
6 140 22214743
6 141 14344914
6 142 18849029
6 143 14269085
6 144 19345220
6 145 22337238
6 146 19321061
6 147 18920193
6 148 22496668
6 149 18913246
6 150 19555217
6 151 22046341
6 152 19550754
6 153 13231178
6 154 23073256
6 155 13532792
6 156 20494818
6 157 20148950
6 158 20038061
6 159 13557454
6 160 20393845
6 161 13732815
6 162 23725846
6 163 20211656
6 164 23377031
6 165 13693470
6 166 20823601
6 167 13659000
6 168 19765898
6 169 22488098
6 170 19935187
6 171 15166191
6 172 22908975
6 173 15224375
6 174 19880378
6 175 22521351
6 176 20052960
6 177 13581482
6 178 23400968
6 179 13596113
6 180 20041218
6 181 15050303
6 182 20081069
6 183 13720155
6 184 14725559
6 185 13578554
6 186 23116458
6 187 15523266
6 188 23536442
6 189 13728517
6 190 15168041
6 191 13786675
6 192 20210228
6 193 20261118
6 194 20205745
6 195 15425126
6 196 20338190
6 197 15197236
6 198 20591733
6 199 20284921
6 200 20118284
6 201 13780861
6 202 20595117
6 203 13709594
6 204 20372678
6 205 15473384
6 206 20144629
6 207 13695423
6 208 15191265
6 209 13788374
6 210 20483424
6 211 15062326
6 212 20648576
6 213 13671188
6 214 15185399
6 215 13696235
6 216 23099257
6 217 19914541
6 218 23116993
6 219 15109737
6 220 20169810
6 221 15071804
6 222 23609254
6 223 20103877
6 224 23362822
6 225 13604154
6 226 20858088
6 227 13776726
6 228 23552222
6 229 15553124
6 230 23505450
6 231 13815724
6 232 15255537
6 233 13677393
6 234 20797873
6 235 15272852
6 236 20853974
6 237 13691935
6 238 15303745
6 239 13676541
6 240 9380531
6 241 14110170
6 242 9370059
6 243 12356670
6 244 14174455
6 245 12355658
6 246 9465362
6 247 14162272
6 248 9730672
6 249 6220027
6 250 14504766
6 251 6232590
6 252 9691793
6 253 12738088
6 254 9633740
6 255 6225173
6 256 12911334
6 257 6226906
6 258 14472851
6 259 12787871
6 260 14530112
6 261 6232019
6 262 12957364
6 263 6179596
6 264 9299892
6 265 13972610
6 266 9280056
6 267 12310543
6 268 14089507
6 269 12306398
6 270 9473830
6 271 14169896
6 272 9651849
6 273 6129010
6 274 14349384
6 275 6142870
6 276 9605614
6 277 12766949
6 278 9637808
6 279 6132764
6 280 12858099
6 281 6184359
6 282 14348827
6 283 12651241
6 284 14458737
6 285 6184486
6 286 12874007
6 287 6139749
6 288 9432010
6 289 14059221
6 290 9701007
6 291 6233647
6 292 14380416
6 293 6235874
6 294 9429796
6 295 14058796
6 296 9699259
6 297 6179688
6 298 14304985
6 299 6184359
6 300 9616109
6 301 6179596
6 302 9617650
6 303 6175518
6 304 6081686
6 305 6081686
6 306 14318936
6 307 6268019
6 308 14351038
6 309 6248365
6 310 6136346
6 311 6136346
6 312 9714337
6 313 12764549
6 314 9730316
6 315 6295973
6 316 12810534
6 317 6302595
6 318 9756162
6 319 12800654
6 320 9684827
6 321 6208495
6 322 13047006
6 323 6251581
6 324 9684008
6 325 6232019
6 326 9630277
6 327 6214207
6 328 6131634
6 329 6131634
6 330 12603282
6 331 6258148
6 332 12820261
6 333 6205428
6 334 6169385
6 335 6169385
6 336 14401083
6 337 12674882
6 338 14525538
6 339 6284126
6 340 13007321
6 341 6238601
6 342 14407182
6 343 12670327
6 344 14528640
6 345 6245618
6 346 13041404
6 347 6224250
6 348 14426870
6 349 6293848
6 350 14419562
6 351 6283563
6 352 6169711
6 353 6169711
6 354 12795989
6 355 6263585
6 356 12934627
6 357 6239984
6 358 6140960
6 359 6140960
6 360 9441234
6 361 14067163
6 362 9688658
6 363 7717083
6 364 14414865
6 365 7729951
6 366 9478293
6 367 14169923
6 368 9790272
6 369 6267224
6 370 14495162
6 371 6273839
6 372 9739274
6 373 7679027
6 374 9732608
6 375 6300613
6 376 7761798
6 377 6243632
6 378 14342427
6 379 7858867
6 380 14493214
6 381 6295973
6 382 7804930
6 383 6233647
6 384 9476932
6 385 14182680
6 386 9614651
6 387 7700983
6 388 14435292
6 389 7679182
6 390 9416784
6 391 14043738
6 392 9699031
6 393 6175638
6 394 14317525
6 395 6184486
6 396 9749559
6 397 7775735
6 398 9689147
6 399 6209179
6 400 7790502
6 401 6248365
6 402 14559946
6 403 7828783
6 404 14495103
6 405 6249828
6 406 7814959
6 407 6218802
6 408 9425154
6 409 14041140
6 410 9740372
6 411 6243632
6 412 14391167
6 413 6231402
6 414 9299892
6 415 13972610
6 416 9594766
6 417 6139802
6 418 14230702
6 419 6139749
6 420 9687615
6 421 6226906
6 422 9661093
6 423 6214281
6 424 6136346
6 425 6136346
6 426 14330795
6 427 6263626
6 428 14352836
6 429 6218802
6 430 6138280
6 431 6138280
6 432 9618840
6 433 7698879
6 434 9689968
6 435 6273839
6 436 7628864
6 437 6227216
6 438 9690903
6 439 7703064
6 440 9590867
6 441 6181688
6 442 7762562
6 443 6205428
6 444 9632791
6 445 6232590
6 446 9557115
6 447 6181392
6 448 6169385
6 449 6169385
6 450 7473578
6 451 6126649
6 452 7582528
6 453 6079368
6 454 6081686
6 455 6081686
6 456 14203484
6 457 7775496
6 458 14375420
6 459 6293848
6 460 7833383
6 461 6263585
6 462 14362299
6 463 7770064
6 464 14323186
6 465 6210961
6 466 7838145
6 467 6243778
6 468 14339711
6 469 6284262
6 470 14331482
6 471 6247342
6 472 6164947
6 473 6164947
6 474 7660120
6 475 6151057
6 476 7720205
6 477 6125833
6 478 6126649
6 479 6126649
6 480 9596401
6 481 12601258
6 482 9662996
6 483 7744702
6 484 12812075
6 485 7647774
6 486 9663010
6 487 12644282
6 488 9747844
6 489 6278835
6 490 12998682
6 491 6300613
6 492 9721538
6 493 7825041
6 494 9606200
6 495 6278835
6 496 7848101
6 497 6267224
6 498 12607419
6 499 7663948
6 500 12875920
6 501 6225173
6 502 7682413
6 503 6220027
6 504 9676161
6 505 12666368
6 506 9659129
6 507 7764416
6 508 12856710
6 509 7620183
6 510 9718581
6 511 12655095
6 512 9647647
6 513 6177339
6 514 12940909
6 515 6245618
6 516 9677753
6 517 7821395
6 518 9726064
6 519 6221041
6 520 7847657
6 521 6283563
6 522 13012832
6 523 7713272
6 524 12994070
6 525 6210961
6 526 7761922
6 527 6247342
6 528 9712957
6 529 12653457
6 530 9697226
6 531 6300613
6 532 12987664
6 533 6263343
6 534 9612532
6 535 12620711
6 536 9701852
6 537 6217688
6 538 12942155
6 539 6224250
6 540 9589499
6 541 6225173
6 542 9571647
6 543 6177089
6 544 6169711
6 545 6169711
6 546 12832854
6 547 6263137
6 548 12929011
6 549 6243778
6 550 6164947
6 551 6164947
6 552 9613278
6 553 7767988
6 554 9616590
6 555 6267224
6 556 7799541
6 557 6245377
6 558 9654147
6 559 7758121
6 560 9557228
6 561 6180603
6 562 7858904
6 563 6239984
6 564 9525086
6 565 6220027
6 566 9299892
6 567 6134494
6 568 6140960
6 569 6140960
6 570 7660120
6 571 6151057
6 572 7720205
6 573 6125833
6 574 6126649
6 575 6126649
6 576 12306398
6 577 7520257
6 578 12564422
6 579 6169711
6 580 7598741
6 581 6140960
6 582 12587907
6 583 7520199
6 584 12617028
6 585 6078371
6 586 7598566
6 587 6159684
6 588 12609064
6 589 6164947
6 590 12665887
6 591 6159684
6 592 6079121
6 593 6079121
6 594 7473578
6 595 6126649
6 596 7582528
6 597 6079368
6 598 6081686
6 599 6081686
6 600 13972610
6 601 12348108
6 602 14083003
6 603 7546471
6 604 12603885
6 605 7527898
6 606 14087536
6 607 12345509
6 608 14289701
6 609 6177339
6 610 12712223
6 611 6217688
6 612 14271859
6 613 7626075
6 614 14114105
6 615 6221041
6 616 7620330
6 617 6180603
6 618 12586429
6 619 7649910
6 620 12805679
6 621 6177089
6 622 7613584
6 623 6134494
6 624 14088820
6 625 12399193
6 626 14091652
6 627 7558491
6 628 12636573
6 629 7526946
6 630 14232913
6 631 12443024
6 632 14162381
6 633 6078572
6 634 12761372
6 635 6171747
6 636 14269179
6 637 7665269
6 638 14301611
6 639 6165196
6 640 7635108
6 641 6203273
6 642 12923669
6 643 7650336
6 644 12946835
6 645 6203273
6 646 7726740
6 647 6180218
6 648 14244610
6 649 12440336
6 650 14281647
6 651 6245618
6 652 12715846
6 653 6224250
6 654 14115775
6 655 12406578
6 656 14301638
6 657 6171747
6 658 12811463
6 659 6174960
6 660 14186587
6 661 6210961
6 662 14189018
6 663 6203273
6 664 6078371
6 665 6078371
6 666 12579598
6 667 6243778
6 668 12786698
6 669 6195090
6 670 6159684
6 671 6159684
6 672 14171330
6 673 7687589
6 674 14298641
6 675 6283563
6 676 7638179
6 677 6239984
6 678 14311610
6 679 7659035
6 680 14174328
6 681 6203273
6 682 7731900
6 683 6195090
6 684 14171515
6 685 6247342
6 686 14110040
6 687 6180218
6 688 6159684
6 689 6159684
6 690 7471320
6 691 6125833
6 692 7581716
6 693 6076989
6 694 6079368
6 695 6079368
6 696 12306398
6 697 7520257
6 698 12564422
6 699 6169711
6 700 7598741
6 701 6140960
6 702 12587907
6 703 7520199
6 704 12617028
6 705 6078371
6 706 7598566
6 707 6159684
6 708 12609064
6 709 6164947
6 710 12665887
6 711 6159684
6 712 6079121
6 713 6079121
6 714 7473578
6 715 6126649
6 716 7582528
6 717 6079368
6 718 6081686
6 719 6081686
7 0 5528490
7 1 9740060
7 2 5520405
7 3 9417859
7 4 9784445
7 5 9417100
7 6 5526532
7 7 9733053
7 8 5658323
7 9 5149507
7 10 9820327
7 11 5250157
7 12 5658851
7 13 9554072
7 14 5515620
7 15 5248144
7 16 9590559
7 17 5167833
7 18 9800725
7 19 9571265
7 20 9823495
7 21 5168075
7 22 9583145
7 23 5138100
7 24 5527698
7 25 9736716
7 26 5519393
7 27 9417353
7 28 9782454
7 29 9416594
7 30 5595282
7 31 9852414
7 32 5709429
7 33 3730507
7 34 9946761
7 35 3750439
7 36 5691345
7 37 9667108
7 38 5706228
7 39 3749119
7 40 9709249
7 41 3765916
7 42 9915565
7 43 9679450
7 44 9991113
7 45 3765905
7 46 9804960
7 47 3748855
7 48 5595260
7 49 9851688
7 50 5690905
7 51 5290098
7 52 9951876
7 53 5308776
7 54 5526125
7 55 9731964
7 56 5707383
7 57 3750307
7 58 9886899
7 59 3750791
7 60 5698473
7 61 5239256
7 62 5695063
7 63 3767093
7 64 5205783
7 65 3732311
7 66 9931328
7 67 5347419
7 68 9942031
7 69 3764354
7 70 5322207
7 71 3750153
7 72 5711695
7 73 9693167
7 74 5706514
7 75 5344603
7 76 9705949
7 77 5253534
7 78 5709253
7 79 9687865
7 80 5684195
7 81 3768259
7 82 9818303
7 83 3764464
7 84 5691499
7 85 5324275
7 86 5516280
7 87 3749471
7 88 5323681
7 89 3748877
7 90 9592429
7 91 5225770
7 92 9734846
7 93 3730232
7 94 5217267
7 95 3729000
7 96 9796754
7 97 9587281
7 98 9831162
7 99 5243502
7 100 9701725
7 101 5231259
7 102 9841733
7 103 9586082
7 104 9913552
7 105 3732828
7 106 9712791
7 107 3763254
7 108 9910846
7 109 5240070
7 110 9828412
7 111 3765069
7 112 5214715
7 113 3729517
7 114 9591890
7 115 5223658
7 116 9720854
7 117 3729517
7 118 5197632
7 119 3709310
7 120 5528490
7 121 9740060
7 122 5520405
7 123 9417859
7 124 9784445
7 125 9417100
7 126 5526532
7 127 9733053
7 128 5658323
7 129 5149507
7 130 9820327
7 131 5250157
7 132 5658851
7 133 9554072
7 134 5515620
7 135 5248144
7 136 9590559
7 137 5167833
7 138 9800725
7 139 9571265
7 140 9823495
7 141 5168075
7 142 9583145
7 143 5138100
7 144 5558157
7 145 9815135
7 146 5555649
7 147 9436592
7 148 9829655
7 149 9436592
7 150 5588011
7 151 9802529
7 152 5695712
7 153 3709310
7 154 9890837
7 155 3729000
7 156 5733255
7 157 9676942
7 158 5723707
7 159 3729517
7 160 9713132
7 161 3750153
7 162 9931383
7 163 9629554
7 164 9948664
7 165 3748877
7 166 9756439
7 167 3732311
7 168 5599660
7 169 9851754
7 170 5731759
7 171 5303540
7 172 9978122
7 173 5335385
7 174 5603895
7 175 9857001
7 176 5723245
7 177 3729517
7 178 9914410
7 179 3730232
7 180 5761569
7 181 5236528
7 182 5756564
7 183 3763254
7 184 5216046
7 185 3748855
7 186 9985470
7 187 5362544
7 188 10022991
7 189 3764464
7 190 5337651
7 191 3765916
7 192 5758082
7 193 9797062
7 194 5716678
7 195 5347001
7 196 9824617
7 197 5265843
7 198 5781336
7 199 9796314
7 200 5768675
7 201 3765069
7 202 9849741
7 203 3764354
7 204 5750591
7 205 5353227
7 206 5697307
7 207 3732828
7 208 5337167
7 209 3765905
7 210 9845121
7 211 5250421
7 212 9867781
7 213 3750791
7 214 5299052
7 215 3750439
7 216 9891651
7 217 9707687
7 218 9879144
7 219 5258836
7 220 9743206
7 221 5232029
7 222 9969311
7 223 9722471
7 224 9971071
7 225 3749471
7 226 9863535
7 227 3767093
7 228 10021011
7 229 5330149
7 230 9966055
7 231 3768259
7 232 5311361
7 233 3749119
7 234 9868155
7 235 5268615
7 236 9867550
7 237 3750307
7 238 5295422
7 239 3730507
7 240 5558157
7 241 9815135
7 242 5555649
7 243 9436592
7 244 9829655
7 245 9436592
7 246 5600298
7 247 9858024
7 248 5757961
7 249 3767797
7 250 10004522
7 251 3771999
7 252 5734718
7 253 9676689
7 254 5715215
7 255 3769557
7 256 9798492
7 257 3769854
7 258 9965263
7 259 9702165
7 260 10011309
7 261 3771614
7 262 9821339
7 263 3749856
7 264 5528490
7 265 9740060
7 266 5520405
7 267 9417859
7 268 9784445
7 269 9417100
7 270 5602784
7 271 9863194
7 272 5726622
7 273 3729000
7 274 9927907
7 275 3733422
7 276 5697978
7 277 9693607
7 278 5722354
7 279 3730232
7 280 9743118
7 281 3751539
7 282 9888681
7 283 9610414
7 284 9973744
7 285 3751561
7 286 9749861
7 287 3732300
7 288 5586152
7 289 9807391
7 290 5744981
7 291 3772186
7 292 9942790
7 293 3772857
7 294 5585580
7 295 9807424
7 296 5745146
7 297 3750153
7 298 9899472
7 299 3751539
7 300 5717558
7 301 3749856
7 302 5717822
7 303 3748855
7 304 3709310
7 305 3709310
7 306 9915752
7 307 3788202
7 308 9926774
7 309 3781899
7 310 3731431
7 311 3731431
7 312 5747445
7 313 9682992
7 314 5754650
7 315 3801952
7 316 9713902
7 317 3803954
7 318 5764825
7 319 9706422
7 320 5740625
7 321 3764354
7 322 9853756
7 323 3783043
7 324 5745300
7 325 3771614
7 326 5715842
7 327 3765905
7 328 3730045
7 329 3730045
7 330 9590405
7 331 3785034
7 332 9723219
7 333 3763540
7 334 3746930
7 335 3746930
7 336 9928160
7 337 9619500
7 338 10010132
7 339 3793295
7 340 9835793
7 341 3773594
7 342 9922055
7 343 9618125
7 344 10008735
7 345 3781140
7 346 9853437
7 347 3769392
7 348 9965021
7 349 3801303
7 350 9952965
7 351 3798069
7 352 3746985
7 353 3746985
7 354 9703606
7 355 3786552
7 356 9776316
7 357 3779292
7 358 3732806
7 359 3732806
7 360 5589243
7 361 9813166
7 362 5732232
7 363 5275985
7 364 9967540
7 365 5285489
7 366 5604533
7 367 9863260
7 368 5780478
7 369 3787773
7 370 9996129
7 371 3790072
7 372 5763692
7 373 5248177
7 374 5753341
7 375 3803327
7 376 5320733
7 377 3775651
7 378 9927544
7 379 5367153
7 380 9996503
7 381 3801952
7 382 5343613
7 383 3772186
7 384 5603972
7 385 9873226
7 386 5698341
7 387 5270826
7 388 9977462
7 389 5260981
7 390 5581345
7 391 9800197
7 392 5745014
7 393 3748877
7 394 9910098
7 395 3751561
7 396 5761085
7 397 5316982
7 398 5738975
7 399 3764464
7 400 5332008
7 401 3781899
7 402 10034211
7 403 5353139
7 404 9998516
7 405 3782449
7 406 5345197
7 407 3767577
7 408 5583798
7 409 9793245
7 410 5761349
7 411 3775651
7 412 9943461
7 413 3771504
7 414 5528490
7 415 9740060
7 416 5694744
7 417 3732311
7 418 9841106
7 419 3732300
7 420 5744717
7 421 3769854
7 422 5729669
7 423 3765916
7 424 3731431
7 425 3731431
7 426 9916445
7 427 3786563
7 428 9921505
7 429 3767577
7 430 3732058
7 431 3732058
7 432 5716854
7 433 5267086
7 434 5744849
7 435 3790072
7 436 5230390
7 437 3770206
7 438 5745355
7 439 5268373
7 440 5701267
7 441 3750791
7 442 5316421
7 443 3763540
7 444 5725346
7 445 3771999
7 446 5680796
7 447 3750439
7 448 3746930
7 449 3746930
7 450 5138100
7 451 3728307
7 452 5211624
7 453 3708628
7 454 3709310
7 455 3709310
7 456 9872434
7 457 5305850
7 458 9950369
7 459 3801303
7 460 5358485
7 461 3786552
7 462 9947410
7 463 5303760
7 464 9925300
7 465 3765377
7 466 5359871
7 467 3780535
7 468 9930096
7 469 3798487
7 470 9920438
7 471 3781734
7 472 3745588
7 473 3745588
7 474 5259243
7 475 3736007
7 476 5291660
7 477 3728175
7 478 3728307
7 479 3728307
7 480 5699452
7 481 9572244
7 482 5726699
7 483 5287755
7 484 9705069
7 485 5217476
7 486 5726116
7 487 9599480
7 488 5768070
7 489 3791513
7 490 9831140
7 491 3803327
7 492 5757609
7 493 5345857
7 494 5700200
7 495 3791513
7 496 5365239
7 497 3787773
7 498 9587006
7 499 5243579
7 500 9746594
7 501 3769557
7 502 5255261
7 503 3767797
7 504 5730230
7 505 9609325
7 506 5724961
7 507 5300075
7 508 9731788
7 509 5202164
7 510 5747115
7 511 9603858
7 512 5731462
7 513 3749471
7 514 9772026
7 515 3781140
7 516 5737743
7 517 5344911
7 518 5761063
7 519 3768259
7 520 5361136
7 521 3798069
7 522 9840336
7 523 5270188
7 524 9829754
7 525 3765377
7 526 5311405
7 527 3781734
7 528 5744387
7 529 9603000
7 530 5740548
7 531 3803327
7 532 9821570
7 533 3786519
7 534 5696482
7 535 9588810
7 536 5742539
7 537 3767093
7 538 9771993
7 539 3769392
7 540 5699958
7 541 3769557
7 542 5691290
7 543 3749119
7 544 3746985
7 545 3746985
7 546 9720920
7 547 3786475
7 548 9767065
7 549 3780535
7 550 3745588
7 551 3745588
7 552 5717690
7 553 5305421
7 554 5711354
7 555 3787773
7 556 5342535
7 557 3776245
7 558 5729867
7 559 5301978
7 560 5690256
7 561 3750307
7 562 5373698
7 563 3779292
7 564 5674207
7 565 3767797
7 566 5528490
7 567 3730507
7 568 3732806
7 569 3732806
7 570 5259243
7 571 3736007
7 572 5291660
7 573 3728175
7 574 3728307
7 575 3728307
7 576 9417100
7 577 5156943
7 578 9571001
7 579 3746985
7 580 5214220
7 581 3732806
7 582 9580769
7 583 5156690
7 584 9591373
7 585 3708474
7 586 5214693
7 587 3744114
7 588 9589723
7 589 3745588
7 590 9615694
7 591 3744114
7 592 3708584
7 593 3708584
7 594 5138100
7 595 3728307
7 596 5211624
7 597 3708628
7 598 3709310
7 599 3709310
7 600 9740060
7 601 9435558
7 602 9778989
7 603 5166535
7 604 9587655
7 605 5160045
7 606 9784335
7 607 9434700
7 608 9902255
7 609 3749471
7 610 9667097
7 611 3767093
7 612 9897272
7 613 5224252
7 614 9785611
7 615 3768259
7 616 5224681
7 617 3750307
7 618 9578789
7 619 5238486
7 620 9712967
7 621 3749119
7 622 5219445
7 623 3730507
7 624 9785446
7 625 9462211
7 626 9781090
7 627 5170990
7 628 9603847
7 629 5159627
7 630 9862303
7 631 9480482
7 632 9845946
7 633 3708518
7 634 9690153
7 635 3747942
7 636 9896546
7 637 5241687
7 638 9908008
7 639 3745951
7 640 5230423
7 641 3762891
7 642 9798811
7 643 5238156
7 644 9807490
7 645 3762891
7 646 5295246
7 647 3750560
7 648 9865009
7 649 9479690
7 650 9904444
7 651 3781140
7 652 9667515
7 653 3769392
7 654 9791210
7 655 9465423
7 656 9912111
7 657 3747942
7 658 9717389
7 659 3749086
7 660 9854845
7 661 3765377
7 662 9854955
7 663 3762891
7 664 3708474
7 665 3708474
7 666 9574004
7 667 3780535
7 668 9700262
7 669 3760317
7 670 3744114
7 671 3744114
7 672 9854933
7 673 5257868
7 674 9910714
7 675 3798069
7 676 5234394
7 677 3779292
7 678 9920724
7 679 5243986
7 680 9847761
7 681 3762891
7 682 5299899
7 683 3760317
7 684 9840743
7 685 3781734
7 686 9788790
7 687 3750560
7 688 3744114
7 689 3744114
7 690 5137429
7 691 3728175
7 692 5211492
7 693 3707935
7 694 3708628
7 695 3708628
7 696 9417100
7 697 5156943
7 698 9571001
7 699 3746985
7 700 5214220
7 701 3732806
7 702 9580769
7 703 5156690
7 704 9591373
7 705 3708474
7 706 5214693
7 707 3744114
7 708 9589723
7 709 3745588
7 710 9615694
7 711 3744114
7 712 3708584
7 713 3708584
7 714 5138100
7 715 3728307
7 716 5211624
7 717 3708628
7 718 3709310
7 719 3709310
7 720 6077404
7 721 8902660
7 722 6064014
7 723 7630122
7 724 8985983
7 725 7626532
7 726 6073037
7 727 8897872
7 728 6206761
7 729 4676330
7 730 9042662
7 731 4757325
7 732 6206417
7 733 7739926
7 734 6057747
7 735 4754363
7 736 7770984
7 737 4688964
7 738 8999858
7 739 7764615
7 740 9050516
7 741 4688268
7 742 7761121
7 743 4652800
7 744 6077236
7 745 8901893
7 746 6063800
7 747 7630018
7 748 8985546
7 749 7626428
7 750 6147688
7 751 8956048
7 752 6227188
7 753 3845998
7 754 9098161
7 755 3877421
7 756 6223184
7 757 7799948
7 758 6238091
7 759 3874406
7 760 7816292
7 761 3899957
7 762 9129094
7 763 7810184
7 764 9164322
7 765 3899839
7 766 7910844
7 767 3879631
7 768 6147675
7 769 8955798
7 770 6228705
7 771 4771931
7 772 9102199
7 773 4782758
7 774 6076880
7 775 8900271
7 776 6245617
7 777 3877404
7 778 9078106
7 779 3878776
7 780 6226018
7 781 4727940
7 782 6223167
7 783 3900365
7 784 4679567
7 785 3846557
7 786 9050161
7 787 4816780
7 788 9107993
7 789 3896908
7 790 4779316
7 791 3876112
7 792 6238802
7 793 7818496
7 794 6244144
7 795 4823158
7 796 7814941
7 797 4747341
7 798 6255938
7 799 7810609
7 800 6210635
7 801 3900503
7 802 7926041
7 803 3896803
7 804 6207131
7 805 4801541
7 806 6074144
7 807 3879927
7 808 4779932
7 809 3875837
7 810 7687819
7 811 4703389
7 812 7825414
7 813 3844319
7 814 4683041
7 815 3845810
7 816 8920594
7 817 7702196
7 818 8991516
7 819 4726667
7 820 7806533
7 821 4712051
7 822 9002842
7 823 7701850
7 824 9037161
7 825 3844475
7 826 7810286
7 827 3893575
7 828 9035972
7 829 4723482
7 830 9012288
7 831 3894128
7 832 4680598
7 833 3844301
7 834 7687591
7 835 4702687
7 836 7820556
7 837 3844165
7 838 4676129
7 839 3840270
7 840 6150038
7 841 9076108
7 842 6138872
7 843 7769700
7 844 9145827
7 845 7766412
7 846 6149637
7 847 9074418
7 848 6256753
7 849 4710764
7 850 9156458
7 851 4795023
7 852 6256829
7 853 7810752
7 854 6146876
7 855 4794643
7 856 7818020
7 857 4716364
7 858 9093622
7 859 7815943
7 860 9157623
7 861 4714990
7 862 7815308
7 863 4707994
7 864 6178005
7 865 9098348
7 866 6176687
7 867 7691144
7 868 9107080
7 869 7691042
7 870 6215273
7 871 8986483
7 872 6332809
7 873 3840270
7 874 9188689
7 875 3882182
7 876 6481078
7 877 8102132
7 878 6411711
7 879 3884818
7 880 8174911
7 881 3920561
7 882 9345284
7 883 8037496
7 884 9293215
7 885 3916148
7 886 8233432
7 887 3893389
7 888 6366561
7 889 9378446
7 890 6464237
7 891 4938969
7 892 9466947
7 893 4963030
7 894 6283644
7 895 9147973
7 896 6423397
7 897 3889413
7 898 9284199
7 899 3891559
7 900 6519633
7 901 4939053
7 902 6470425
7 903 3940763
7 904 4897882
7 905 3925677
7 906 9528123
7 907 5020702
7 908 9430540
7 909 3944324
7 910 4973200
7 911 3950598
7 912 6495890
7 913 8302837
7 914 6491443
7 915 5017207
7 916 8316988
7 917 4934205
7 918 6534252
7 919 8225573
7 920 6468396
7 921 3942717
7 922 8310252
7 923 3939657
7 924 6532172
7 925 5005918
7 926 6429168
7 927 3896599
7 928 4969938
7 929 3950569
7 930 8388799
7 931 4910578
7 932 8367981
7 933 3928980
7 934 4981546
7 935 3928824
7 936 9331913
7 937 8147756
7 938 9340101
7 939 4905444
7 940 8178924
7 941 4899491
7 942 9425885
7 943 8142491
7 944 9351152
7 945 3923313
7 946 8356135
7 947 3947291
7 948 9567663
7 949 5039681
7 950 9383582
7 951 3952283
7 952 4993175
7 953 3925346
7 954 8411544
7 955 4931450
7 956 8357175
7 957 3928003
7 958 4974719
7 959 3895224
7 960 6223260
7 961 9200871
7 962 6219900
7 963 7810616
7 964 9223550
7 965 7810208
7 966 6287710
7 967 9234323
7 968 6426942
7 969 3964563
7 970 9425898
7 971 3974006
7 972 6395732
7 973 7977126
7 974 6399592
7 975 3973651
7 976 8088491
7 977 3968588
7 978 9365729
7 979 7996039
7 980 9422012
7 981 3968634
7 982 8107342
7 983 3963625
7 984 6230723
7 985 9221425
7 986 6228703
7 987 7816250
7 988 9235077
7 989 7816046
7 990 6281909
7 991 9143273
7 992 6427042
7 993 3887583
7 994 9290374
7 995 3896682
7 996 6499622
7 997 8168023
7 998 6430032
7 999 3887538
7 1000 8241393
7 1001 3927966
7 1002 9413393
7 1003 8067557
7 1004 9380040
7 1005 3927993
7 1006 8250140
7 1007 3898187
7 1008 6279656
7 1009 9155963
7 1010 6416126
7 1011 3977083
7 1012 9319650
7 1013 3981280
7 1014 6276479
7 1015 9158957
7 1016 6468185
7 1017 3923573
7 1018 9309785
7 1019 3928543
7 1020 6404003
7 1021 3939248
7 1022 6404525
7 1023 3923693
7 1024 3885461
7 1025 3885299
7 1026 9349543
7 1027 4018076
7 1028 9373276
7 1029 3975974
7 1030 3926961
7 1031 3926020
7 1032 6475881
7 1033 8183728
7 1034 6539828
7 1035 4050175
7 1036 8111035
7 1037 4041958
7 1038 6532162
7 1039 8225723
7 1040 6465166
7 1041 3940523
7 1042 8333469
7 1043 3970304
7 1044 6466698
7 1045 3979403
7 1046 6448369
7 1047 3952947
7 1048 3923287
7 1049 3922694
7 1050 8071474
7 1051 4007008
7 1052 8268862
7 1053 3948437
7 1054 3953272
7 1055 3949051
7 1056 9424659
7 1057 8120760
7 1058 9485624
7 1059 4027344
7 1060 8259579
7 1061 4024648
7 1062 9475428
7 1063 8159060
7 1064 9442667
7 1065 3971881
7 1066 8381484
7 1067 3956250
7 1068 9435975
7 1069 4039189
7 1070 9438339
7 1071 4000494
7 1072 3953305
7 1073 3949039
7 1074 8248355
7 1075 4017636
7 1076 8353597
7 1077 3972713
7 1078 3934731
7 1079 3930331
7 1080 6314338
7 1081 9267640
7 1082 6448471
7 1083 4951843
7 1084 9440297
7 1085 4959945
7 1086 6317930
7 1087 9279054
7 1088 6492846
7 1089 4005982
7 1090 9454228
7 1091 4013277
7 1092 6478097
7 1093 4956926
7 1094 6451035
7 1095 4030633
7 1096 4958853
7 1097 3983292
7 1098 9372567
7 1099 5001313
7 1100 9415142
7 1101 4025295
7 1102 4971773
7 1103 3982805
7 1104 6370300
7 1105 9394158
7 1106 6467394
7 1107 4958662
7 1108 9491569
7 1109 4951810
7 1110 6286565
7 1111 9162720
7 1112 6481727
7 1113 3926454
7 1114 9319784
7 1115 3929712
7 1116 6574440
7 1117 4987727
7 1118 6470129
7 1119 3940225
7 1120 4973288
7 1121 3975878
7 1122 9556024
7 1123 5021016
7 1124 9439470
7 1125 3977018
7 1126 4979390
7 1127 3956450
7 1128 6335111
7 1129 9285207
7 1130 6473437
7 1131 3994800
7 1132 9416342
7 1133 3989943
7 1134 6288598
7 1135 9181549
7 1136 6441330
7 1137 3899434
7 1138 9310888
7 1139 3899143
7 1140 6479551
7 1141 3980536
7 1142 6475100
7 1143 3953099
7 1144 3933652
7 1145 3926964
7 1146 9428516
7 1147 4023829
7 1148 9408016
7 1149 3957150
7 1150 3933417
7 1151 3928029
7 1152 6468632
7 1153 4982585
7 1154 6474276
7 1155 4021340
7 1156 4953599
7 1157 3989490
7 1158 6529227
7 1159 4978625
7 1160 6432986
7 1161 3933207
7 1162 4979875
7 1163 3955715
7 1164 6487434
7 1165 3991971
7 1166 6431591
7 1167 3932436
7 1168 3962210
7 1169 3949712
7 1170 4891999
7 1171 3940448
7 1172 4926894
7 1173 3894779
7 1174 3934454
7 1175 3895312
7 1176 9408018
7 1177 4994572
7 1178 9428546
7 1179 4042434
7 1180 5019963
7 1181 4023870
7 1182 9557087
7 1183 5005466
7 1184 9386260
7 1185 3956281
7 1186 5014571
7 1187 3979613
7 1188 9507935
7 1189 4047402
7 1190 9392716
7 1191 3977586
7 1192 3962031
7 1193 3946518
7 1194 4954686
7 1195 3951081
7 1196 4983812
7 1197 3926157
7 1198 3963907
7 1199 3926165
7 1200 6421649
7 1201 8158580
7 1202 6425907
7 1203 4978164
7 1204 8273365
7 1205 4916431
7 1206 6424572
7 1207 8143831
7 1208 6466588
7 1209 4011571
7 1210 8310225
7 1211 4031928
7 1212 6465127
7 1213 5002230
7 1214 6423819
7 1215 4014535
7 1216 5003596
7 1217 4007896
7 1218 8153462
7 1219 4901518
7 1220 8235556
7 1221 3978190
7 1222 4905138
7 1223 3977984
7 1224 6490068
7 1225 8279101
7 1226 6491148
7 1227 5009657
7 1228 8293370
7 1229 4922753
7 1230 6505157
7 1231 8154208
7 1232 6432039
7 1233 3931698
7 1234 8275803
7 1235 3976066
7 1236 6579214
7 1237 5031412
7 1238 6478907
7 1239 3954066
7 1240 5027945
7 1241 4000824
7 1242 8401974
7 1243 4947914
7 1244 8324750
7 1245 3952182
7 1246 5026214
7 1247 3976799
7 1248 6532264
7 1249 8254023
7 1250 6552567
7 1251 4058355
7 1252 8317593
7 1253 4049743
7 1254 6508729
7 1255 8166803
7 1256 6486259
7 1257 3954873
7 1258 8260887
7 1259 3957910
7 1260 6481100
7 1261 3991265
7 1262 6430731
7 1263 3929770
7 1264 3964224
7 1265 3950634
7 1266 8290322
7 1267 4042034
7 1268 8345153
7 1269 3979770
7 1270 3957577
7 1271 3946339
7 1272 6481838
7 1273 5018906
7 1274 6479042
7 1275 4028039
7 1276 5012998
7 1277 3998637
7 1278 6535974
7 1279 5004638
7 1280 6437629
7 1281 3933025
7 1282 5015928
7 1283 3977859
7 1284 6474407
7 1285 3992211
7 1286 6409963
7 1287 3900676
7 1288 3943233
7 1289 3930977
7 1290 4956155
7 1291 3952205
7 1292 4985249
7 1293 3926193
7 1294 3964129
7 1295 3926005
7 1296 8198808
7 1297 4858278
7 1298 8234277
7 1299 3954108
7 1300 4881183
7 1301 3950302
7 1302 8353633
7 1303 4902838
7 1304 8221913
7 1305 3894964
7 1306 4987722
7 1307 3929777
7 1308 8331207
7 1309 4018272
7 1310 8231207
7 1311 3930168
7 1312 3938930
7 1313 3894467
7 1314 4945331
7 1315 3953010
7 1316 4961628
7 1317 3896379
7 1318 3940315
7 1319 3896114
7 1320 9137345
7 1321 7968207
7 1322 9146438
7 1323 4848850
7 1324 8085893
7 1325 4832468
7 1326 9145920
7 1327 7933094
7 1328 9200245
7 1329 3939648
7 1330 8105682
7 1331 3964518
7 1332 9198405
7 1333 4867445
7 1334 9151289
7 1335 3964695
7 1336 4856323
7 1337 3940335
7 1338 8015694
7 1339 4874262
7 1340 8127752
7 1341 3938468
7 1342 4853519
7 1343 3934474
7 1344 9309917
7 1345 8100281
7 1346 9322210
7 1347 4886391
7 1348 8144702
7 1349 4883227
7 1350 9377640
7 1351 8029527
7 1352 9259476
7 1353 3887960
7 1354 8254921
7 1355 3930329
7 1356 9547291
7 1357 5020810
7 1358 9315157
7 1359 3926861
7 1360 5001977
7 1361 3953117
7 1362 8425327
7 1363 4957036
7 1364 8355045
7 1365 3948468
7 1366 5019063
7 1367 3932221
7 1368 9432940
7 1369 8116718
7 1370 9470654
7 1371 4027558
7 1372 8211595
7 1373 4025024
7 1374 9404073
7 1375 8035214
7 1376 9323164
7 1377 3931010
7 1378 8273525
7 1379 3931339
7 1380 9410727
7 1381 4020474
7 1382 9309023
7 1383 3954033
7 1384 3931962
7 1385 3893276
7 1386 8286113
7 1387 4042516
7 1388 8319206
7 1389 3949480
7 1390 3961968
7 1391 3943870
7 1392 9431025
7 1393 5019230
7 1394 9443116
7 1395 4049090
7 1396 5014003
7 1397 4025166
7 1398 9557729
7 1399 5009261
7 1400 9309783
7 1401 3954744
7 1402 5030952
7 1403 3950256
7 1404 9441488
7 1405 4029900
7 1406 9301219
7 1407 3935741
7 1408 3967042
7 1409 3944602
7 1410 4953519
7 1411 3952484
7 1412 4967163
7 1413 3894321
7 1414 3938380
7 1415 3894463
7 1416 8222172
7 1417 4872812
7 1418 8250150
7 1419 3955626
7 1420 4894704
7 1421 3951654
7 1422 8363547
7 1423 4912654
7 1424 8228719
7 1425 3895338
7 1426 4995261
7 1427 3929295
7 1428 8340161
7 1429 4019116
7 1430 8235149
7 1431 3930130
7 1432 3939342
7 1433 3894439
7 1434 4951932
7 1435 3951783
7 1436 4965113
7 1437 3895670
7 1438 3938150
7 1439 3893050
7 1440 1469102
7 1441 3141924
7 1442 1468001
7 1443 3494142
7 1444 3149061
7 1445 3494040
7 1446 1469066
7 1447 3141324
7 1448 1494638
7 1449 1702205
7 1450 3150112
7 1451 1725664
7 1452 1494675
7 1453 3507808
7 1454 1468724
7 1455 1725612
7 1456 3510509
7 1457 1703767
7 1458 3144452
7 1459 3508434
7 1460 3150347
7 1461 1703719
7 1462 3510193
7 1463 1701925
7 1464 1473239
7 1465 3154736
7 1466 1473015
7 1467 3496724
7 1468 3156296
7 1469 3496724
7 1470 1485186
7 1471 3182855
7 1472 1511890
7 1473 967937
7 1474 3194753
7 1475 968685
7 1476 1512423
7 1477 3580446
7 1478 1512145
7 1479 968575
7 1480 3593139
7 1481 971336
7 1482 3184586
7 1483 3563497
7 1484 3202220
7 1485 971323
7 1486 3596760
7 1487 968518
7 1488 1484471
7 1489 3181281
7 1490 1509612
7 1491 1755783
7 1492 3193730
7 1493 1761615
7 1494 1481413
7 1495 3168803
7 1496 1511716
7 1497 968565
7 1498 3188994
7 1499 968491
7 1500 1517617
7 1501 1753327
7 1502 1515164
7 1503 971741
7 1504 1748625
7 1505 968729
7 1506 3205121
7 1507 1770283
7 1508 3201072
7 1509 971583
7 1510 1764829
7 1511 971156
7 1512 1514274
7 1513 3587880
7 1514 1511481
7 1515 1765718
7 1516 3588706
7 1517 1743488
7 1518 1516918
7 1519 3586051
7 1520 1515647
7 1521 971922
7 1522 3601692
7 1523 971744
7 1524 1513573
7 1525 1766888
7 1526 1503524
7 1527 968428
7 1528 1764147
7 1529 971151
7 1530 3599225
7 1531 1744269
7 1532 3601312
7 1533 968675
7 1534 1756789
7 1535 968432
7 1536 3169143
7 1537 3563946
7 1538 3169412
7 1539 1742534
7 1540 3570466
7 1541 1741348
7 1542 3185055
7 1543 3567968
7 1544 3196104
7 1545 969003
7 1546 3601098
7 1547 971773
7 1548 3203302
7 1549 1760109
7 1550 3187078
7 1551 971849
7 1552 1757158
7 1553 968269
7 1554 3599622
7 1555 1744680
7 1556 3599173
7 1557 968668
7 1558 1753519
7 1559 965059
7 1560 1465382
7 1561 3128385
7 1562 1464195
7 1563 3472251
7 1564 3136092
7 1565 3472149
7 1566 1465147
7 1567 3127056
7 1568 1492980
7 1569 1699324
7 1570 3142262
7 1571 1722703
7 1572 1493054
7 1573 3501376
7 1574 1463627
7 1575 1722456
7 1576 3507496
7 1577 1702548
7 1578 3138584
7 1579 3503861
7 1580 3142690
7 1581 1702580
7 1582 3506396
7 1583 1697750
7 1584 1473404
7 1585 3155458
7 1586 1473232
7 1587 3496859
7 1588 3156598
7 1589 3496859
7 1590 1478770
7 1591 3160441
7 1592 1504622
7 1593 961849
7 1594 3169379
7 1595 962437
7 1596 1506960
7 1597 3539480
7 1598 1505214
7 1599 962331
7 1600 3544301
7 1601 965402
7 1602 3167702
7 1603 3518842
7 1604 3177647
7 1605 965388
7 1606 3545277
7 1607 962455
7 1608 1480680
7 1609 3167691
7 1610 1509046
7 1611 1746742
7 1612 3190624
7 1613 1750958
7 1614 1478768
7 1615 3159929
7 1616 1504745
7 1617 962175
7 1618 3168359
7 1619 962023
7 1620 1514835
7 1621 1743696
7 1622 1513136
7 1623 967985
7 1624 1740913
7 1625 965844
7 1626 3193094
7 1627 1755007
7 1628 3188895
7 1629 968148
7 1630 1752043
7 1631 968255
7 1632 1510113
7 1633 3566636
7 1634 1503219
7 1635 1752099
7 1636 3571116
7 1637 1733485
7 1638 1514928
7 1639 3568734
7 1640 1513400
7 1641 968003
7 1642 3574759
7 1643 968148
7 1644 1509804
7 1645 1752024
7 1646 1504465
7 1647 962348
7 1648 1749408
7 1649 968239
7 1650 3580588
7 1651 1731668
7 1652 3579388
7 1653 965777
7 1654 1748597
7 1655 965703
7 1656 3156721
7 1657 3542100
7 1658 3153918
7 1659 1728891
7 1660 3544666
7 1661 1723970
7 1662 3176705
7 1663 3548232
7 1664 3180581
7 1665 965843
7 1666 3575811
7 1667 968335
7 1668 3192455
7 1669 1751446
7 1670 3178155
7 1671 968342
7 1672 1748951
7 1673 965537
7 1674 3580711
7 1675 1731500
7 1676 3577112
7 1677 965700
7 1678 1745222
7 1679 962275
7 1680 1470279
7 1681 3144512
7 1682 1470147
7 1683 3475323
7 1684 3145412
7 1685 3475323
7 1686 1482173
7 1687 3172563
7 1688 1512485
7 1689 968822
7 1690 3193444
7 1691 969306
7 1692 1510069
7 1693 3556655
7 1694 1512316
7 1695 969312
7 1696 3574916
7 1697 969565
7 1698 3172429
7 1699 3540986
7 1700 3194560
7 1701 969573
7 1702 3576638
7 1703 968826
7 1704 1470208
7 1705 3144204
7 1706 1470047
7 1707 3475240
7 1708 3145359
7 1709 3475240
7 1710 1481982
7 1711 3171776
7 1712 1508671
7 1713 965134
7 1714 3181092
7 1715 965402
7 1716 1506572
7 1717 3538580
7 1718 1508826
7 1719 965378
7 1720 3546596
7 1721 966326
7 1722 3162721
7 1723 3515143
7 1724 3183453
7 1725 966331
7 1726 3546900
7 1727 965329
7 1728 1475658
7 1729 3149129
7 1730 1508602
7 1731 968525
7 1732 3172594
7 1733 968912
7 1734 1475684
7 1735 3149257
7 1736 1508633
7 1737 965668
7 1738 3165147
7 1739 965844
7 1740 1503606
7 1741 965059
7 1742 1503592
7 1743 964975
7 1744 958809
7 1745 958809
7 1746 3167617
7 1747 971448
7 1748 3168004
7 1749 971160
7 1750 962176
7 1751 962176
7 1752 1511870
7 1753 3542269
7 1754 1517811
7 1755 974924
7 1756 3569483
7 1757 975331
7 1758 1512521
7 1759 3543325
7 1760 1517329
7 1761 973549
7 1762 3574429
7 1763 974421
7 1764 1509079
7 1765 968668
7 1766 1508645
7 1767 968396
7 1768 962252
7 1769 962252
7 1770 3544212
7 1771 972284
7 1772 3550584
7 1773 971682
7 1774 965426
7 1775 965426
7 1776 3165041
7 1777 3519949
7 1778 3195079
7 1779 972908
7 1780 3578113
7 1781 972334
7 1782 3165386
7 1783 3520177
7 1784 3192631
7 1785 972443
7 1786 3576481
7 1787 971730
7 1788 3177519
7 1789 974298
7 1790 3177082
7 1791 974252
7 1792 965264
7 1793 965264
7 1794 3550840
7 1795 972237
7 1796 3553130
7 1797 972129
7 1798 962598
7 1799 962598
7 1800 1482321
7 1801 3174627
7 1802 1509851
7 1803 1748254
7 1804 3194815
7 1805 1749260
7 1806 1485223
7 1807 3183485
7 1808 1518598
7 1809 974438
7 1810 3202399
7 1811 974680
7 1812 1519790
7 1813 1744918
7 1814 1520229
7 1815 977624
7 1816 1761589
7 1817 975095
7 1818 3194428
7 1819 1770588
7 1820 3209751
7 1821 977710
7 1822 1767784
7 1823 974857
7 1824 1485394
7 1825 3185279
7 1826 1510024
7 1827 1748507
7 1828 3197291
7 1829 1749086
7 1830 1481777
7 1831 3170804
7 1832 1511746
7 1833 967822
7 1834 3183061
7 1835 968148
7 1836 1522478
7 1837 1765547
7 1838 1519539
7 1839 973388
7 1840 1768117
7 1841 974421
7 1842 3207013
7 1843 1770742
7 1844 3202228
7 1845 974251
7 1846 1771042
7 1847 974253
7 1848 1479481
7 1849 3162574
7 1850 1512920
7 1851 969548
7 1852 3180754
7 1853 969391
7 1854 1478550
7 1855 3159788
7 1856 1511636
7 1857 968239
7 1858 3175405
7 1859 968239
7 1860 1508876
7 1861 968269
7 1862 1508541
7 1863 968232
7 1864 962252
7 1865 962252
7 1866 3175243
7 1867 971770
7 1868 3175247
7 1869 971398
7 1870 962335
7 1871 962335
7 1872 1512674
7 1873 1745863
7 1874 1518978
7 1875 975591
7 1876 1740550
7 1877 974922
7 1878 1516511
7 1879 1746257
7 1880 1516147
7 1881 971671
7 1882 1761635
7 1883 971832
7 1884 1513471
7 1885 971773
7 1886 1510090
7 1887 971104
7 1888 967666
7 1889 967666
7 1890 1720363
7 1891 971031
7 1892 1737713
7 1893 967815
7 1894 965239
7 1895 965239
7 1896 3185845
7 1897 1754299
7 1898 3209920
7 1899 978014
7 1900 1771708
7 1901 977646
7 1902 3198522
7 1903 1755716
7 1904 3204633
7 1905 974081
7 1906 1776046
7 1907 977172
7 1908 3191915
7 1909 977147
7 1910 3190708
7 1911 976802
7 1912 967819
7 1913 967819
7 1914 1747792
7 1915 971924
7 1916 1752759
7 1917 971076
7 1918 967989
7 1919 967989
7 1920 1512253
7 1921 3569775
7 1922 1512073
7 1923 1754216
7 1924 3575696
7 1925 1734064
7 1926 1518276
7 1927 3587870
7 1928 1520773
7 1929 976001
7 1930 3607720
7 1931 978234
7 1932 1520732
7 1933 1772486
7 1934 1515482
7 1935 975027
7 1936 1772758
7 1937 977503
7 1938 3597290
7 1939 1748156
7 1940 3608495
7 1941 975191
7 1942 1766024
7 1943 975024
7 1944 1512815
7 1945 3571128
7 1946 1511871
7 1947 1756537
7 1948 3577902
7 1949 1732791
7 1950 1518117
7 1951 3587221
7 1952 1520062
7 1953 973854
7 1954 3601577
7 1955 976553
7 1956 1514752
7 1957 1771251
7 1958 1516594
7 1959 971245
7 1960 1771437
7 1961 976882
7 1962 3606118
7 1963 1750865
7 1964 3610442
7 1965 974427
7 1966 1768220
7 1967 974651
7 1968 1516104
7 1969 3564648
7 1970 1523377
7 1971 978116
7 1972 3601858
7 1973 977866
7 1974 1514948
7 1975 3564604
7 1976 1522900
7 1977 976504
7 1978 3598276
7 1979 976882
7 1980 1513655
7 1981 971849
7 1982 1513223
7 1983 971263
7 1984 967909
7 1985 967909
7 1986 3572138
7 1987 977223
7 1988 3576268
7 1989 976634
7 1990 967809
7 1991 967809
7 1992 1516127
7 1993 1755632
7 1994 1517556
7 1995 975525
7 1996 1769049
7 1997 975662
7 1998 1516687
7 1999 1755711
7 2000 1516912
7 2001 973794
7 2002 1773815
7 2003 975228
7 2004 1508730
7 2005 969003
7 2006 1504267
7 2007 968315
7 2008 962672
7 2009 962672
7 2010 1747714
7 2011 971930
7 2012 1752227
7 2013 971299
7 2014 967988
7 2015 967988
7 2016 3572184
7 2017 1728261
7 2018 3598548
7 2019 972476
7 2020 1761295
7 2021 972161
7 2022 3580065
7 2023 1728268
7 2024 3600441
7 2025 971506
7 2026 1763348
7 2027 971992
7 2028 3577567
7 2029 974862
7 2030 3580304
7 2031 974522
7 2032 965497
7 2033 965497
7 2034 1743737
7 2035 971900
7 2036 1750904
7 2037 971353
7 2038 965446
7 2039 965446
7 2040 3161526
7 2041 3542365
7 2042 3161677
7 2043 1729364
7 2044 3549409
7 2045 1728732
7 2046 3184716
7 2047 3564423
7 2048 3197665
7 2049 972452
7 2050 3607293
7 2051 973125
7 2052 3202755
7 2053 1764954
7 2054 3187520
7 2055 973097
7 2056 1764823
7 2057 972037
7 2058 3600611
7 2059 1751680
7 2060 3604552
7 2061 972037
7 2062 1762003
7 2063 968689
7 2064 3159474
7 2065 3541728
7 2066 3159059
7 2067 1729652
7 2068 3549500
7 2069 1728433
7 2070 3184228
7 2071 3563686
7 2072 3188302
7 2073 971078
7 2074 3599485
7 2075 972009
7 2076 3193883
7 2077 1766863
7 2078 3187083
7 2079 971705
7 2080 1767159
7 2081 971960
7 2082 3603171
7 2083 1747774
7 2084 3604850
7 2085 971735
7 2086 1766979
7 2087 968592
7 2088 3173873
7 2089 3542069
7 2090 3200445
7 2091 975634
7 2092 3601921
7 2093 975645
7 2094 3172296
7 2095 3541805
7 2096 3200027
7 2097 974491
7 2098 3598571
7 2099 974788
7 2100 3180672
7 2101 974761
7 2102 3180624
7 2103 974706
7 2104 965327
7 2105 965327
7 2106 3573964
7 2107 977320
7 2108 3577538
7 2109 976805
7 2110 968144
7 2111 968144
7 2112 3194220
7 2113 1757211
7 2114 3208077
7 2115 978565
7 2116 1769185
7 2117 977694
7 2118 3199715
7 2119 1757000
7 2120 3202563
7 2121 977090
7 2122 1774874
7 2123 976922
7 2124 3180995
7 2125 975306
7 2126 3177736
7 2127 974734
7 2128 968298
7 2129 968298
7 2130 1746573
7 2131 971893
7 2132 1752413
7 2133 971051
7 2134 965288
7 2135 965288
7 2136 3576223
7 2137 1732082
7 2138 3601609
7 2139 972714
7 2140 1764271
7 2141 971786
7 2142 3580996
7 2143 1732063
7 2144 3601851
7 2145 972032
7 2146 1766543
7 2147 971920
7 2148 3577521
7 2149 974509
7 2150 3578675
7 2151 974241
7 2152 965434
7 2153 965434
7 2154 1743792
7 2155 971223
7 2156 1749323
7 2157 970831
7 2158 962361
7 2159 962361
7 2160 1470396
7 2161 3145017
7 2162 1470281
7 2163 3475370
7 2164 3145842
7 2165 3475370
7 2166 1484346
7 2167 3181126
7 2168 1512064
7 2169 969089
7 2170 3192957
7 2171 969547
7 2172 1509957
7 2173 3555336
7 2174 1508584
7 2175 969527
7 2176 3570598
7 2177 969301
7 2178 3173658
7 2179 3542098
7 2180 3193463
7 2181 969316
7 2182 3571464
7 2183 968262
7 2184 1473437
7 2185 3155593
7 2186 1473256
7 2187 3496852
7 2188 3156868
7 2189 3496852
7 2190 1488539
7 2191 3194866
7 2192 1515762
7 2193 971065
7 2194 3206701
7 2195 971635
7 2196 1513041
7 2197 3581385
7 2198 1515780
7 2199 971612
7 2200 3595201
7 2201 972263
7 2202 3183409
7 2203 3561515
7 2204 3208559
7 2205 972263
7 2206 3598354
7 2207 971394
7 2208 1482966
7 2209 3175580
7 2210 1515432
7 2211 974758
7 2212 3199335
7 2213 974757
7 2214 1485139
7 2215 3184240
7 2216 1518818
7 2217 974458
7 2218 3202424
7 2219 974612
7 2220 1516106
7 2221 974933
7 2222 1516651
7 2223 975237
7 2224 968894
7 2225 969005
7 2226 3199536
7 2227 977886
7 2228 3202443
7 2229 977930
7 2230 969548
7 2231 969575
7 2232 1512593
7 2233 3561726
7 2234 1520538
7 2235 978155
7 2236 3569308
7 2237 977940
7 2238 1516012
7 2239 3571720
7 2240 1520507
7 2241 977462
7 2242 3604193
7 2243 977467
7 2244 1516493
7 2245 975321
7 2246 1512617
7 2247 975155
7 2248 969540
7 2249 969544
7 2250 3571015
7 2251 975420
7 2252 3583803
7 2253 974838
7 2254 969553
7 2255 969530
7 2256 3172165
7 2257 3542589
7 2258 3201646
7 2259 975662
7 2260 3596852
7 2261 974922
7 2262 3177632
7 2263 3546524
7 2264 3209417
7 2265 975525
7 2266 3603907
7 2267 975591
7 2268 3198372
7 2269 977866
7 2270 3198132
7 2271 978116
7 2272 969391
7 2273 969548
7 2274 3574168
7 2275 975331
7 2276 3583384
7 2277 974924
7 2278 968912
7 2279 968525
7 2280 1473410
7 2281 3155550
7 2282 1473232
7 2283 3496803
7 2284 3156780
7 2285 3496803
7 2286 1480766
7 2287 3169211
7 2288 1510624
7 2289 968794
7 2290 3186220
7 2291 969040
7 2292 1509449
7 2293 3557471
7 2294 1503529
7 2295 968866
7 2296 3568632
7 2297 968505
7 2298 3175412
7 2299 3543868
7 2300 3186330
7 2301 968736
7 2302 3569189
7 2303 965375
7 2304 1470006
7 2305 3143344
7 2306 1469831
7 2307 3474009
7 2308 3144529
7 2309 3474009
7 2310 1481976
7 2311 3171804
7 2312 1508454
7 2313 964967
7 2314 3181162
7 2315 965388
7 2316 1506935
7 2317 3538427
7 2318 1508840
7 2319 965378
7 2320 3546422
7 2321 966331
7 2322 3163033
7 2323 3515176
7 2324 3183542
7 2325 966314
7 2326 3546947
7 2327 965328
7 2328 1485353
7 2329 3185762
7 2330 1518878
7 2331 975007
7 2332 3208095
7 2333 975017
7 2334 1481894
7 2335 3172822
7 2336 1511855
7 2337 967984
7 2338 3182728
7 2339 968148
7 2340 1521186
7 2341 975024
7 2342 1520239
7 2343 973854
7 2344 971448
7 2345 971160
7 2346 3209697
7 2347 978075
7 2348 3206503
7 2349 976558
7 2350 971952
7 2351 971711
7 2352 1518704
7 2353 3589624
7 2354 1518057
7 2355 977401
7 2356 3596091
7 2357 977425
7 2358 1518318
7 2359 3583890
7 2360 1519844
7 2361 973622
7 2362 3597303
7 2363 974251
7 2364 1520534
7 2365 975191
7 2366 1514311
7 2367 971228
7 2368 971770
7 2369 971398
7 2370 3600571
7 2371 975113
7 2372 3607408
7 2373 974259
7 2374 972360
7 2375 971436
7 2376 3184624
7 2377 3567903
7 2378 3195798
7 2379 975046
7 2380 3597870
7 2381 971539
7 2382 3180666
7 2383 3563960
7 2384 3200818
7 2385 974253
7 2386 3599740
7 2387 974180
7 2388 3211088
7 2389 978267
7 2390 3202572
7 2391 976888
7 2392 972378
7 2393 971653
7 2394 3603264
7 2395 974799
7 2396 3607066
7 2397 974465
7 2398 971377
7 2399 968338
7 2400 1470199
7 2401 3144066
7 2402 1470047
7 2403 3475324
7 2404 3145086
7 2405 3475324
7 2406 1485242
7 2407 3183169
7 2408 1513068
7 2409 968996
7 2410 3195532
7 2411 969195
7 2412 1510290
7 2413 3559816
7 2414 1512149
7 2415 969150
7 2416 3576709
7 2417 969539
7 2418 3172120
7 2419 3541238
7 2420 3196480
7 2421 969562
7 2422 3575897
7 2423 968586
7 2424 1465382
7 2425 3128385
7 2426 1464195
7 2427 3472251
7 2428 3136092
7 2429 3472149
7 2430 1477783
7 2431 3158643
7 2432 1504640
7 2433 962262
7 2434 3168317
7 2435 962455
7 2436 1499888
7 2437 3535856
7 2438 1504376
7 2439 962348
7 2440 3543984
7 2441 965329
7 2442 3153937
7 2443 3512155
7 2444 3176007
7 2445 965328
7 2446 3543986
7 2447 962283
7 2448 1479470
7 2449 3163098
7 2450 1512721
7 2451 969530
7 2452 3180847
7 2453 969553
7 2454 1478991
7 2455 3162058
7 2456 1511664
7 2457 968233
7 2458 3176686
7 2459 968255
7 2460 1509237
7 2461 968432
7 2462 1509057
7 2463 968394
7 2464 962176
7 2465 962176
7 2466 3175561
7 2467 971952
7 2468 3175655
7 2469 971711
7 2470 962745
7 2471 962745
7 2472 1512189
7 2473 3544268
7 2474 1517762
7 2475 974838
7 2476 3573248
7 2477 975420
7 2478 1511645
7 2479 3544881
7 2480 1511633
7 2481 970988
7 2482 3575951
7 2483 974253
7 2484 1509216
7 2485 968675
7 2486 1508661
7 2487 968454
7 2488 962335
7 2489 962335
7 2490 3548361
7 2491 972462
7 2492 3552885
7 2493 971777
7 2494 965600
7 2495 965600
7 2496 3164676
7 2497 3520001
7 2498 3196747
7 2499 972973
7 2500 3577138
7 2501 972087
7 2502 3161639
7 2503 3519570
7 2504 3184707
7 2505 971710
7 2506 3573911
7 2507 968798
7 2508 3182326
7 2509 974772
7 2510 3181758
7 2511 974563
7 2512 965602
7 2513 965602
7 2514 3549348
7 2515 972201
7 2516 3553020
7 2517 971613
7 2518 962597
7 2519 962597
7 2520 1475670
7 2521 3149590
7 2522 1512118
7 2523 969701
7 2524 3179280
7 2525 969540
7 2526 1479503
7 2527 3163352
7 2528 1516577
7 2529 972394
7 2530 3189238
7 2531 972426
7 2532 1512807
7 2533 971623
7 2534 1516097
7 2535 974646
7 2536 969126
7 2537 969536
7 2538 3177305
7 2539 975168
7 2540 3184256
7 2541 975832
7 2542 969467
7 2543 969710
7 2544 1479479
7 2545 3163343
7 2546 1512403
7 2547 969710
7 2548 3182999
7 2549 969467
7 2550 1474946
7 2551 3148944
7 2552 1508621
7 2553 965757
7 2554 3166980
7 2555 965777
7 2556 1520477
7 2557 974857
7 2558 1516410
7 2559 971142
7 2560 972284
7 2561 971682
7 2562 3191982
7 2563 975113
7 2564 3185229
7 2565 974259
7 2566 972462
7 2567 971777
7 2568 1476071
7 2569 3151104
7 2570 1513179
7 2571 969575
7 2572 3177600
7 2573 969548
7 2574 1474523
7 2575 3147536
7 2576 1508276
7 2577 965698
7 2578 3164888
7 2579 965703
7 2580 1512653
7 2581 971156
7 2582 1511944
7 2583 970944
7 2584 965426
7 2585 965426
7 2586 3170971
7 2587 972360
7 2588 3171102
7 2589 971436
7 2590 965600
7 2591 965600
7 2592 1503800
7 2593 968586
7 2594 1508930
7 2595 971394
7 2596 965375
7 2597 968262
7 2598 1508950
7 2599 968826
7 2600 1505941
7 2601 965524
7 2602 971031
7 2603 967815
7 2604 1506684
7 2605 968518
7 2606 1503180
7 2607 965536
7 2608 965239
7 2609 965239
7 2610 958809
7 2611 961767
7 2612 961767
7 2613 958728
7 2614 958809
7 2615 958809
7 2616 3167795
7 2617 972550
7 2618 3175181
7 2619 975384
7 2620 971740
7 2621 972156
7 2622 3175086
7 2623 972716
7 2624 3169916
7 2625 971618
7 2626 974533
7 2627 973980
7 2628 3170222
7 2629 974992
7 2630 3168794
7 2631 972145
7 2632 970597
7 2633 970597
7 2634 962171
7 2635 962776
7 2636 962776
7 2637 962164
7 2638 962171
7 2639 962171
7 2640 1508301
7 2641 3532062
7 2642 1517555
7 2643 975636
7 2644 3566788
7 2645 975421
7 2646 1512582
7 2647 3543466
7 2648 1523406
7 2649 977632
7 2650 3598695
7 2651 978479
7 2652 1519099
7 2653 977652
7 2654 1517402
7 2655 978095
7 2656 974773
7 2657 975004
7 2658 3540211
7 2659 977425
7 2660 3575028
7 2661 977401
7 2662 975017
7 2663 975007
7 2664 1512362
7 2665 3542453
7 2666 1517364
7 2667 975832
7 2668 3571333
7 2669 975168
7 2670 1512087
7 2671 3537831
7 2672 1516857
7 2673 971306
7 2674 3573948
7 2675 974427
7 2676 1517562
7 2677 977710
7 2678 1518163
7 2679 973934
7 2680 977223
7 2681 976634
7 2682 3593000
7 2683 977702
7 2684 3592749
7 2685 974470
7 2686 977822
7 2687 976878
7 2688 1512757
7 2689 3538601
7 2690 1523309
7 2691 977930
7 2692 3596328
7 2693 977886
7 2694 1511216
7 2695 3538176
7 2696 1519682
7 2697 973880
7 2698 3575445
7 2699 974651
7 2700 1512896
7 2701 971583
7 2702 1510227
7 2703 970786
7 2704 967809
7 2705 967809
7 2706 3572837
7 2707 977822
7 2708 3574929
7 2709 976878
7 2710 970734
7 2711 970734
7 2712 1508790
7 2713 969562
7 2714 1510316
7 2715 972263
7 2716 968736
7 2717 969316
7 2718 1510821
7 2719 969573
7 2720 1509536
7 2721 968551
7 2722 971930
7 2723 971299
7 2724 1509452
7 2725 971323
7 2726 1502707
7 2727 968229
7 2728 967988
7 2729 967988
7 2730 962007
7 2731 962674
7 2732 962674
7 2733 961999
7 2734 962007
7 2735 962007
7 2736 3507511
7 2737 971740
7 2738 3540461
7 2739 973962
7 2740 971845
7 2741 971936
7 2742 3536887
7 2743 971803
7 2744 3540783
7 2745 968259
7 2746 974087
7 2747 973581
7 2748 3543224
7 2749 973913
7 2750 3544791
7 2751 971419
7 2752 967686
7 2753 967686
7 2754 964716
7 2755 965389
7 2756 965389
7 2757 964708
7 2758 964716
7 2759 964716
7 2760 3162557
7 2761 3512449
7 2762 3193976
7 2763 972908
7 2764 3573594
7 2765 972334
7 2766 3168433
7 2767 3516686
7 2768 3208291
7 2769 975634
7 2770 3596876
7 2771 975645
7 2772 3197351
7 2773 978014
7 2774 3197498
7 2775 978565
7 2776 972476
7 2777 972714
7 2778 3570506
7 2779 977646
7 2780 3581888
7 2781 977694
7 2782 972161
7 2783 971786
7 2784 3168436
7 2785 3519178
7 2786 3191851
7 2787 972973
7 2788 3575264
7 2789 972087
7 2790 3164958
7 2791 3515477
7 2792 3192412
7 2793 971747
7 2794 3574644
7 2795 972031
7 2796 3204101
7 2797 978466
7 2798 3202294
7 2799 976779
7 2800 975500
7 2801 974924
7 2802 3602889
7 2803 974812
7 2804 3602809
7 2805 977016
7 2806 974784
7 2807 971876
7 2808 3165039
7 2809 3515615
7 2810 3204146
7 2811 975962
7 2812 3593055
7 2813 975554
7 2814 3160909
7 2815 3514890
7 2816 3190634
7 2817 972375
7 2818 3575613
7 2819 971861
7 2820 3188543
7 2821 977430
7 2822 3187645
7 2823 976807
7 2824 970505
7 2825 970505
7 2826 3571720
7 2827 977151
7 2828 3575897
7 2829 974101
7 2830 968435
7 2831 968435
7 2832 3176426
7 2833 975384
7 2834 3183013
7 2835 978107
7 2836 973962
7 2837 974821
7 2838 3183288
7 2839 975181
7 2840 3177095
7 2841 974538
7 2842 977147
7 2843 976224
7 2844 3176788
7 2845 977450
7 2846 3172700
7 2847 974265
7 2848 973222
7 2849 973222
7 2850 964721
7 2851 965402
7 2852 965402
7 2853 964713
7 2854 964721
7 2855 964721
7 2856 3532111
7 2857 972156
7 2858 3547689
7 2859 974821
7 2860 971936
7 2861 971763
7 2862 3546665
7 2863 972134
7 2864 3547480
7 2865 971272
7 2866 974074
7 2867 973769
7 2868 3548089
7 2869 974758
7 2870 3547996
7 2871 972182
7 2872 970264
7 2873 970264
7 2874 962334
7 2875 962804
7 2876 962804
7 2877 962329
7 2878 962334
7 2879 962334
7 2880 1475046
7 2881 3149085
7 2882 1506172
7 2883 1728318
7 2884 3177072
7 2885 1730050
7 2886 1478915
7 2887 3162755
7 2888 1515236
7 2889 971932
7 2890 3188349
7 2891 972368
7 2892 1515270
7 2893 1750309
7 2894 1510708
7 2895 975243
7 2896 1752139
7 2897 969772
7 2898 3179524
7 2899 1757780
7 2900 3184250
7 2901 975004
7 2902 1752200
7 2903 969536
7 2904 1478777
7 2905 3162566
7 2906 1506405
7 2907 1731914
7 2908 3181829
7 2909 1731975
7 2910 1482985
7 2911 3176023
7 2912 1516765
7 2913 972077
7 2914 3196002
7 2915 972350
7 2916 1521947
7 2917 1765482
7 2918 1522279
7 2919 977462
7 2920 1764444
7 2921 975539
7 2922 3199405
7 2923 1769428
7 2924 3206464
7 2925 978095
7 2926 1768485
7 2927 974646
7 2928 1482484
7 2929 3173460
7 2930 1518846
7 2931 975243
7 2932 3200343
7 2933 975075
7 2934 1478324
7 2935 3159782
7 2936 1515887
7 2937 972320
7 2938 3188563
7 2939 972318
7 2940 1519749
7 2941 977819
7 2942 1519099
7 2943 977645
7 2944 972084
7 2945 972072
7 2946 3196374
7 2947 978479
7 2948 3193908
7 2949 977632
7 2950 972426
7 2951 972394
7 2952 1512660
7 2953 1752535
7 2954 1516809
7 2955 977819
7 2956 1744933
7 2957 974726
7 2958 1517470
7 2959 1754771
7 2960 1516702
7 2961 975250
7 2962 1768780
7 2963 977240
7 2964 1516973
7 2965 977960
7 2966 1509805
7 2967 975099
7 2968 974867
7 2969 974693
7 2970 1745729
7 2971 969539
7 2972 1754870
7 2973 969150
7 2974 969195
7 2975 968996
7 2976 3168405
7 2977 1755537
7 2978 3182155
7 2979 977503
7 2980 1771633
7 2981 975095
7 2982 3182498
7 2983 1755515
7 2984 3189905
7 2985 975027
7 2986 1773040
7 2987 977624
7 2988 3190195
7 2989 978234
7 2990 3183421
7 2991 976001
7 2992 974680
7 2993 974438
7 2994 1750629
7 2995 969565
7 2996 1756244
7 2997 969312
7 2998 969306
7 2999 968822
7 3000 1478949
7 3001 3163471
7 3002 1506848
7 3003 1731818
7 3004 3181800
7 3005 1732395
7 3006 1478942
7 3007 3162869
7 3008 1515409
7 3009 972368
7 3010 3189431
7 3011 972532
7 3012 1515143
7 3013 1750399
7 3014 1509757
7 3015 975075
7 3016 1752005
7 3017 969699
7 3018 3182979
7 3019 1757680
7 3020 3183594
7 3021 974773
7 3022 1750900
7 3023 969126
7 3024 1482146
7 3025 3174656
7 3026 1506710
7 3027 1729637
7 3028 3185670
7 3029 1729833
7 3030 1476030
7 3031 3151437
7 3032 1509044
7 3033 965584
7 3034 3169890
7 3035 965843
7 3036 1520229
7 3037 1755011
7 3038 1519935
7 3039 973390
7 3040 1753365
7 3041 972443
7 3042 3196790
7 3043 1755737
7 3044 3191658
7 3045 974253
7 3046 1755879
7 3047 971710
7 3048 1481747
7 3049 3170680
7 3050 1518451
7 3051 975004
7 3052 3201852
7 3053 974773
7 3054 1482444
7 3055 3173489
7 3056 1512848
7 3057 968328
7 3058 3184168
7 3059 968342
7 3060 1523395
7 3061 977503
7 3062 1523456
7 3063 976501
7 3064 974298
7 3065 974252
7 3066 3203929
7 3067 978267
7 3068 3204726
7 3069 976888
7 3070 974772
7 3071 974563
7 3072 1521130
7 3073 1767114
7 3074 1520098
7 3075 978479
7 3076 1768302
7 3077 975421
7 3078 1523345
7 3079 1764694
7 3080 1517373
7 3081 971685
7 3082 1768962
7 3083 974081
7 3084 1522828
7 3085 978234
7 3086 1519459
7 3087 973805
7 3088 977147
7 3089 976802
7 3090 1766361
7 3091 972716
7 3092 1770151
7 3093 971618
7 3094 974992
7 3095 972145
7 3096 3191832
7 3097 1771341
7 3098 3191984
7 3099 978267
7 3100 1772273
7 3101 974799
7 3102 3203151
7 3103 1771024
7 3104 3189709
7 3105 972092
7 3106 1776035
7 3107 977019
7 3108 3207327
7 3109 978688
7 3110 3198345
7 3111 975247
7 3112 977365
7 3113 976646
7 3114 1768743
7 3115 972626
7 3116 1770332
7 3117 971779
7 3118 974896
7 3119 971709
7 3120 1482144
7 3121 3174601
7 3122 1506276
7 3123 1729988
7 3124 3185430
7 3125 1729700
7 3126 1481933
7 3127 3173367
7 3128 1518722
7 3129 974693
7 3130 3201694
7 3131 974867
7 3132 1522508
7 3133 1763206
7 3134 1514354
7 3135 977240
7 3136 1765540
7 3137 974726
7 3138 3203265
7 3139 1768956
7 3140 3206405
7 3141 977652
7 3142 1764370
7 3143 971623
7 3144 1477949
7 3145 3161383
7 3146 1499660
7 3147 1727718
7 3148 3178230
7 3149 1726273
7 3150 1481647
7 3151 3173076
7 3152 1512252
7 3153 968147
7 3154 3184911
7 3155 968335
7 3156 1511004
7 3157 1754677
7 3158 1515960
7 3159 970997
7 3160 1753752
7 3161 971730
7 3162 3190756
7 3163 1752249
7 3164 3196653
7 3165 974180
7 3166 1753582
7 3167 968798
7 3168 1474947
7 3169 3149086
7 3170 1512437
7 3171 969544
7 3172 3176935
7 3173 969540
7 3174 1474850
7 3175 3148008
7 3176 1507932
7 3177 965528
7 3178 3163446
7 3179 965537
7 3180 1511960
7 3181 971151
7 3182 1511909
7 3183 970945
7 3184 965264
7 3185 965264
7 3186 3170501
7 3187 972378
7 3188 3171514
7 3189 971653
7 3190 965602
7 3191 965602
7 3192 1520025
7 3193 1755211
7 3194 1517277
7 3195 977467
7 3196 1765007
7 3197 977940
7 3198 1519933
7 3199 1755280
7 3200 1514254
7 3201 974010
7 3202 1770814
7 3203 977172
7 3204 1512403
7 3205 971744
7 3206 1507279
7 3207 970778
7 3208 967819
7 3209 967819
7 3210 1747533
7 3211 974533
7 3212 1753088
7 3213 973980
7 3214 970597
7 3215 970597
7 3216 3195137
7 3217 1755956
7 3218 3206145
7 3219 978466
7 3220 1772040
7 3221 974812
7 3222 3193993
7 3223 1755701
7 3224 3205046
7 3225 977019
7 3226 1773361
7 3227 974577
7 3228 3186977
7 3229 977365
7 3230 3185631
7 3231 976646
7 3232 970662
7 3233 970662
7 3234 1749232
7 3235 974246
7 3236 1753759
7 3237 973774
7 3238 968197
7 3239 968197
7 3240 1475670
7 3241 3148805
7 3242 1512757
7 3243 969772
7 3244 3178991
7 3245 969699
7 3246 1478465
7 3247 3158681
7 3248 1515309
7 3249 972072
7 3250 3182910
7 3251 972084
7 3252 1516547
7 3253 974726
7 3254 1516495
7 3255 975539
7 3256 969699
7 3257 969772
7 3258 3178700
7 3259 975421
7 3260 3183323
7 3261 975636
7 3262 969540
7 3263 969701
7 3264 1478911
7 3265 3160694
7 3266 1511761
7 3267 969536
7 3268 3180490
7 3269 969126
7 3270 1474692
7 3271 3145481
7 3272 1508534
7 3273 965686
7 3274 3164479
7 3275 965700
7 3276 1520252
7 3277 975095
7 3278 1519262
7 3279 973708
7 3280 972237
7 3281 972129
7 3282 3190916
7 3283 974799
7 3284 3184635
7 3285 974465
7 3286 972201
7 3287 971613
7 3288 1474271
7 3289 3143691
7 3290 1511317
7 3291 969005
7 3292 3171150
7 3293 968894
7 3294 1465382
7 3295 3128385
7 3296 1498810
7 3297 962275
7 3298 3145798
7 3299 962275
7 3300 1508446
7 3301 968729
7 3302 1505526
7 3303 968232
7 3304 962598
7 3305 962598
7 3306 3166129
7 3307 971377
7 3308 3166082
7 3309 968338
7 3310 962597
7 3311 962597
7 3312 1508699
7 3313 969539
7 3314 1510645
7 3315 972263
7 3316 968505
7 3317 969301
7 3318 1510594
7 3319 969565
7 3320 1509534
7 3321 968549
7 3322 971924
7 3323 971076
7 3324 1509661
7 3325 971336
7 3326 1505230
7 3327 968385
7 3328 967989
7 3329 967989
7 3330 962171
7 3331 962776
7 3332 962776
7 3333 962164
7 3334 962171
7 3335 962171
7 3336 3169388
7 3337 972716
7 3338 3175487
7 3339 975181
7 3340 971803
7 3341 972134
7 3342 3175535
7 3343 972626
7 3344 3171538
7 3345 971779
7 3346 974246
7 3347 973774
7 3348 3171648
7 3349 974896
7 3350 3170028
7 3351 971709
7 3352 968197
7 3353 968197
7 3354 962247
7 3355 962783
7 3356 962783
7 3357 962241
7 3358 962247
7 3359 962247
7 3360 1503554
7 3361 1732420
7 3362 1509070
7 3363 972084
7 3364 1748492
7 3365 969699
7 3366 1508967
7 3367 1735085
7 3368 1513702
7 3369 972318
7 3370 1763464
7 3371 975075
7 3372 1513620
7 3373 974867
7 3374 1508366
7 3375 972350
7 3376 972532
7 3377 972368
7 3378 1723518
7 3379 968505
7 3380 1745273
7 3381 968866
7 3382 969040
7 3383 968794
7 3384 1509186
7 3385 1735577
7 3386 1509155
7 3387 972426
7 3388 1750378
7 3389 969540
7 3390 1512060
7 3391 1733016
7 3392 1506170
7 3393 965527
7 3394 1753645
7 3395 971506
7 3396 1512441
7 3397 974680
7 3398 1513346
7 3399 968867
7 3400 974862
7 3401 974522
7 3402 1760090
7 3403 971803
7 3404 1758860
7 3405 968259
7 3406 973913
7 3407 971419
7 3408 1512555
7 3409 1733279
7 3410 1512705
7 3411 974612
7 3412 1764925
7 3413 974757
7 3414 1508681
7 3415 1732661
7 3416 1512853
7 3417 968859
7 3418 1754783
7 3419 971992
7 3420 1500549
7 3421 968491
7 3422 1502734
7 3423 965303
7 3424 965497
7 3425 965497
7 3426 1747819
7 3427 974087
7 3428 1751946
7 3429 973581
7 3430 967686
7 3431 967686
7 3432 1506345
7 3433 969195
7 3434 1509074
7 3435 971635
7 3436 969040
7 3437 969547
7 3438 1509515
7 3439 969306
7 3440 1504793
7 3441 965688
7 3442 971900
7 3443 971353
7 3444 1505647
7 3445 968685
7 3446 1496297
7 3447 965150
7 3448 965446
7 3449 965446
7 3450 964716
7 3451 965389
7 3452 965389
7 3453 964708
7 3454 964716
7 3455 964716
7 3456 1697750
7 3457 962171
7 3458 1718087
7 3459 964721
7 3460 964716
7 3461 962334
7 3462 1719597
7 3463 962247
7 3464 1722408
7 3465 958714
7 3466 964556
7 3467 964384
7 3468 1721856
7 3469 964556
7 3470 1724426
7 3471 964384
7 3472 958724
7 3473 958724
7 3474 958809
7 3475 961767
7 3476 961767
7 3477 958728
7 3478 958809
7 3479 958809
7 3480 3158309
7 3481 1732620
7 3482 3172784
7 3483 974298
7 3484 1755061
7 3485 972237
7 3486 3171844
7 3487 1732699
7 3488 3187241
7 3489 974761
7 3490 1768055
7 3491 977320
7 3492 3187128
7 3493 977147
7 3494 3173699
7 3495 975306
7 3496 974862
7 3497 974509
7 3498 1752816
7 3499 971924
7 3500 1758617
7 3501 971893
7 3502 971900
7 3503 971223
7 3504 3172487
7 3505 1735273
7 3506 3172978
7 3507 974772
7 3508 1756758
7 3509 972201
7 3510 3184680
7 3511 1736007
7 3512 3168854
7 3513 968064
7 3514 1759023
7 3515 974209
7 3516 3186956
7 3517 977365
7 3518 3187113
7 3519 971915
7 3520 976715
7 3521 976529
7 3522 1771248
7 3523 974246
7 3524 1772674
7 3525 973733
7 3526 976932
7 3527 974081
7 3528 3184690
7 3529 1736020
7 3530 3186675
7 3531 977430
7 3532 1768263
7 3533 977151
7 3534 3173357
7 3535 1735229
7 3536 3186912
7 3537 971695
7 3538 1760040
7 3539 974312
7 3540 3169154
7 3541 974323
7 3542 3169077
7 3543 971387
7 3544 967928
7 3545 967928
7 3546 1753267
7 3547 974208
7 3548 1757447
7 3549 973762
7 3550 970415
7 3551 970415
7 3552 3169195
7 3553 974992
7 3554 3181764
7 3555 977450
7 3556 973913
7 3557 974758
7 3558 3181774
7 3559 974896
7 3560 3168957
7 3561 971684
7 3562 976932
7 3563 975883
7 3564 3169380
7 3565 974806
7 3566 3166474
7 3567 971177
7 3568 970582
7 3569 970582
7 3570 964556
7 3571 965370
7 3572 965370
7 3573 964546
7 3574 964556
7 3575 964556
7 3576 1724593
7 3577 962776
7 3578 1730710
7 3579 965402
7 3580 965389
7 3581 962804
7 3582 1731652
7 3583 962783
7 3584 1733315
7 3585 961755
7 3586 965370
7 3587 965333
7 3588 1732737
7 3589 965370
7 3590 1732499
7 3591 965333
7 3592 961755
7 3593 961755
7 3594 961767
7 3595 964470
7 3596 964470
7 3597 961690
7 3598 961767
7 3599 961767
7 3600 1499322
7 3601 3503167
7 3602 1503970
7 3603 1728951
7 3604 3535625
7 3605 1712387
7 3606 1504517
7 3607 3510216
7 3608 1512880
7 3609 972077
7 3610 3568173
7 3611 974693
7 3612 1512907
7 3613 1750252
7 3614 1504317
7 3615 972320
7 3616 1754917
7 3617 972072
7 3618 3536237
7 3619 1730610
7 3620 3551836
7 3621 969544
7 3622 1731116
7 3623 969005
7 3624 1504546
7 3625 3509549
7 3626 1504471
7 3627 1731882
7 3628 3542475
7 3629 1712355
7 3630 1512199
7 3631 3534263
7 3632 1514089
7 3633 971574
7 3634 3579140
7 3635 975099
7 3636 1516181
7 3637 1764014
7 3638 1517005
7 3639 972577
7 3640 1766018
7 3641 977645
7 3642 3592819
7 3643 1745972
7 3644 3601124
7 3645 975155
7 3646 1762640
7 3647 975237
7 3648 1511576
7 3649 3533563
7 3650 1515543
7 3651 977462
7 3652 3590699
7 3653 977240
7 3654 1504519
7 3655 3512314
7 3656 1516904
7 3657 972577
7 3658 3577687
7 3659 975250
7 3660 1512758
7 3661 975250
7 3662 1513188
7 3663 972577
7 3664 972318
7 3665 972320
7 3666 3576548
7 3667 977467
7 3668 3578999
7 3669 977462
7 3670 974612
7 3671 974458
7 3672 1512480
7 3673 1757339
7 3674 1513891
7 3675 977645
7 3676 1769695
7 3677 975539
7 3678 1516640
7 3679 1756443
7 3680 1512853
7 3681 972577
7 3682 1773712
7 3683 977462
7 3684 1513123
7 3685 975099
7 3686 1499890
7 3687 971574
7 3688 972350
7 3689 972077
7 3690 1753390
7 3691 972263
7 3692 1759568
7 3693 971612
7 3694 971635
7 3695 971065
7 3696 3506585
7 3697 1726686
7 3698 3539060
7 3699 971151
7 3700 1742286
7 3701 968729
7 3702 3543442
7 3703 1726871
7 3704 3551498
7 3705 968428
7 3706 1742597
7 3707 971741
7 3708 3549901
7 3709 971744
7 3710 3549485
7 3711 971922
7 3712 968491
7 3713 968565
7 3714 1727995
7 3715 971336
7 3716 1745557
7 3717 968575
7 3718 968685
7 3719 967937
7 3720 1504450
7 3721 3511393
7 3722 1504952
7 3723 1732098
7 3724 3541769
7 3725 1712905
7 3726 1504621
7 3727 3509252
7 3728 1513362
7 3729 972350
7 3730 3571686
7 3731 974867
7 3732 1513306
7 3733 1751396
7 3734 1504159
7 3735 972318
7 3736 1755683
7 3737 972084
7 3738 3542387
7 3739 1730626
7 3740 3550394
7 3741 969540
7 3742 1730613
7 3743 968894
7 3744 1508277
7 3745 3532564
7 3746 1508562
7 3747 1734733
7 3748 3545904
7 3749 1712712
7 3750 1508716
7 3751 3509680
7 3752 1506425
7 3753 965058
7 3754 3546680
7 3755 971078
7 3756 1519924
7 3757 1754089
7 3758 1514264
7 3759 968716
7 3760 1756452
7 3761 974491
7 3762 3580002
7 3763 1735440
7 3764 3577295
7 3765 971747
7 3766 1754772
7 3767 972375
7 3768 1511331
7 3769 3533291
7 3770 1519214
7 3771 978095
7 3772 3591713
7 3773 977652
7 3774 1512451
7 3775 3534308
7 3776 1513851
7 3777 968552
7 3778 3553438
7 3779 971705
7 3780 1517082
7 3781 975027
7 3782 1517033
7 3783 971568
7 3784 974761
7 3785 974706
7 3786 3596523
7 3787 978466
7 3788 3601659
7 3789 976779
7 3790 977430
7 3791 976807
7 3792 1520232
7 3793 1769778
7 3794 1514033
7 3795 977632
7 3796 1775143
7 3797 975636
7 3798 1523512
7 3799 1768904
7 3800 1517376
7 3801 971429
7 3802 1774314
7 3803 977090
7 3804 1519500
7 3805 976001
7 3806 1512035
7 3807 968652
7 3808 975306
7 3809 974734
7 3810 1771307
7 3811 975181
7 3812 1774299
7 3813 974538
7 3814 977450
7 3815 974265
7 3816 3567009
7 3817 1743726
7 3818 3572634
7 3819 972378
7 3820 1748241
7 3821 971377
7 3822 3588247
7 3823 1746730
7 3824 3571319
7 3825 968064
7 3826 1765377
7 3827 971695
7 3828 3591320
7 3829 977365
7 3830 3579338
7 3831 971915
7 3832 974323
7 3833 971387
7 3834 1762961
7 3835 974896
7 3836 1764628
7 3837 971684
7 3838 974806
7 3839 971177
7 3840 1508465
7 3841 3533452
7 3842 1508541
7 3843 1734884
7 3844 3546163
7 3845 1712398
7 3846 1511658
7 3847 3533313
7 3848 1520267
7 3849 975099
7 3850 3597039
7 3851 977960
7 3852 1519803
7 3853 1763516
7 3854 1516536
7 3855 975250
7 3856 1769956
7 3857 977819
7 3858 3597955
7 3859 1747752
7 3860 3599333
7 3861 975321
7 3862 1760196
7 3863 974933
7 3864 1504523
7 3865 3511897
7 3866 1504101
7 3867 1732310
7 3868 3540855
7 3869 1710204
7 3870 1512021
7 3871 3533927
7 3872 1514048
7 3873 968721
7 3874 3553299
7 3875 972009
7 3876 1516131
7 3877 1755518
7 3878 1513964
7 3879 968767
7 3880 1756926
7 3881 974788
7 3882 3576362
7 3883 1733314
7 3884 3580271
7 3885 972031
7 3886 1752885
7 3887 971861
7 3888 1508209
7 3889 3509974
7 3890 1516754
7 3891 975155
7 3892 3571719
7 3893 975321
7 3894 1508281
7 3895 3510015
7 3896 1516279
7 3897 971263
7 3898 3547419
7 3899 971960
7 3900 1506068
7 3901 968428
7 3902 1506147
7 3903 965607
7 3904 965327
7 3905 965327
7 3906 3549803
7 3907 975500
7 3908 3551724
7 3909 974924
7 3910 970505
7 3911 970505
7 3912 1516356
7 3913 1753844
7 3914 1518207
7 3915 977462
7 3916 1767821
7 3917 978155
7 3918 1519422
7 3919 1754090
7 3920 1510868
7 3921 971084
7 3922 1772767
7 3923 976922
7 3924 1513420
7 3925 971922
7 3926 1511191
7 3927 970880
7 3928 968298
7 3929 968298
7 3930 1751857
7 3931 977147
7 3932 1756891
7 3933 976224
7 3934 973222
7 3935 973222
7 3936 3574483
7 3937 1734261
7 3938 3594708
7 3939 975500
7 3940 1764315
7 3941 974784
7 3942 3575065
7 3943 1733915
7 3944 3593640
7 3945 974209
7 3946 1767271
7 3947 974312
7 3948 3571079
7 3949 976715
7 3950 3571913
7 3951 976529
7 3952 967928
7 3953 967928
7 3954 1745880
7 3955 976932
7 3956 1753678
7 3957 975883
7 3958 970582
7 3959 970582
7 3960 1508179
7 3961 3509321
7 3962 1516734
7 3963 975539
7 3964 3570884
7 3965 974726
7 3966 1511142
7 3967 3531644
7 3968 1522617
7 3969 977645
7 3970 3594509
7 3971 977819
7 3972 1515937
7 3973 977240
7 3974 1516311
7 3975 977462
7 3976 975075
7 3977 975243
7 3978 3568022
7 3979 977940
7 3980 3579977
7 3981 978155
7 3982 974757
7 3983 974758
7 3984 1511069
7 3985 3531706
7 3986 1510999
7 3987 974646
7 3988 3571216
7 3989 971623
7 3990 1507281
7 3991 3508599
7 3992 1515967
7 3993 971099
7 3994 3547063
7 3995 971735
7 3996 1514177
7 3997 977624
7 3998 1510376
7 3999 971080
7 4000 977320
7 4001 976805
7 4002 3594063
7 4003 974812
7 4004 3594496
7 4005 977016
7 4006 977151
7 4007 974101
7 4008 1507599
7 4009 3509889
7 4010 1519199
7 4011 975237
7 4012 3572486
7 4013 974933
7 4014 1498475
7 4015 3506512
7 4016 1507590
7 4017 968476
7 4018 3544039
7 4019 968592
7 4020 1512526
7 4021 971741
7 4022 1509645
7 4023 970648
7 4024 968144
7 4025 968144
7 4026 3548667
7 4027 974784
7 4028 3549327
7 4029 971876
7 4030 968435
7 4031 968435
7 4032 1505259
7 4033 969150
7 4034 1509021
7 4035 971612
7 4036 968866
7 4037 969527
7 4038 1509002
7 4039 969312
7 4040 1500273
7 4041 965299
7 4042 971893
7 4043 971051
7 4044 1504815
7 4045 968575
7 4046 1498791
7 4047 965218
7 4048 965288
7 4049 965288
7 4050 964721
7 4051 965402
7 4052 965402
7 4053 964713
7 4054 964721
7 4055 964721
7 4056 3534799
7 4057 974533
7 4058 3547804
7 4059 977147
7 4060 974087
7 4061 974074
7 4062 3547521
7 4063 974246
7 4064 3544153
7 4065 973733
7 4066 974208
7 4067 973762
7 4068 3544387
7 4069 976932
7 4070 3543660
7 4071 974081
7 4072 970415
7 4073 970415
7 4074 964556
7 4075 965370
7 4076 965370
7 4077 964546
7 4078 964556
7 4079 964556
7 4080 1503633
7 4081 1733457
7 4082 1508728
7 4083 972072
7 4084 1755306
7 4085 969772
7 4086 1508757
7 4087 1736015
7 4088 1513585
7 4089 972320
7 4090 1769017
7 4091 975243
7 4092 1510586
7 4093 974693
7 4094 1504084
7 4095 972077
7 4096 972368
7 4097 971932
7 4098 1749060
7 4099 969301
7 4100 1756390
7 4101 969527
7 4102 969547
7 4103 969089
7 4104 1509122
7 4105 1736524
7 4106 1508650
7 4107 972394
7 4108 1756034
7 4109 969701
7 4110 1512088
7 4111 1734092
7 4112 1506467
7 4113 965533
7 4114 1756937
7 4115 972032
7 4116 1507663
7 4117 974438
7 4118 1511212
7 4119 968540
7 4120 974509
7 4121 974241
7 4122 1769394
7 4123 972134
7 4124 1771443
7 4125 971272
7 4126 974758
7 4127 972182
7 4128 1512051
7 4129 1734184
7 4130 1510356
7 4131 974458
7 4132 1769241
7 4133 974758
7 4134 1505824
7 4135 1733196
7 4136 1510201
7 4137 968686
7 4138 1756414
7 4139 971920
7 4140 1503154
7 4141 968565
7 4142 1501677
7 4143 965218
7 4144 965434
7 4145 965434
7 4146 1755285
7 4147 974074
7 4148 1756673
7 4149 973769
7 4150 970264
7 4151 970264
7 4152 1503222
7 4153 968996
7 4154 1502380
7 4155 971065
7 4156 968794
7 4157 969089
7 4158 1505346
7 4159 968822
7 4160 1498930
7 4161 965137
7 4162 971223
7 4163 970831
7 4164 1496220
7 4165 967937
7 4166 1465382
7 4167 962024
7 4168 962361
7 4169 962361
7 4170 962334
7 4171 962804
7 4172 962804
7 4173 962329
7 4174 962334
7 4175 962334
7 4176 1724593
7 4177 962776
7 4178 1730710
7 4179 965402
7 4180 965389
7 4181 962804
7 4182 1731652
7 4183 962783
7 4184 1733315
7 4185 961755
7 4186 965370
7 4187 965333
7 4188 1732737
7 4189 965370
7 4190 1732499
7 4191 965333
7 4192 961755
7 4193 961755
7 4194 961767
7 4195 964470
7 4196 964470
7 4197 961690
7 4198 961767
7 4199 961767
7 4200 3472149
7 4201 1701064
7 4202 3507988
7 4203 965264
7 4204 1721923
7 4205 962598
7 4206 3506754
7 4207 1700944
7 4208 3534973
7 4209 965327
7 4210 1733765
7 4211 968144
7 4212 3531036
7 4213 967819
7 4214 3514897
7 4215 968298
7 4216 965497
7 4217 965434
7 4218 1721385
7 4219 967989
7 4220 1738852
7 4221 965288
7 4222 965446
7 4223 962361
7 4224 3505468
7 4225 1703870
7 4226 3509265
7 4227 965602
7 4228 1723502
7 4229 962597
7 4230 3529643
7 4231 1707672
7 4232 3508389
7 4233 958714
7 4234 1737506
7 4235 965148
7 4236 3531102
7 4237 970662
7 4238 3536495
7 4239 964899
7 4240 967928
7 4241 967620
7 4242 1750819
7 4243 968197
7 4244 1753465
7 4245 967613
7 4246 970582
7 4247 965472
7 4248 3532237
7 4249 1707547
7 4250 3530921
7 4251 970505
7 4252 1735087
7 4253 968435
7 4254 3512328
7 4255 1703921
7 4256 3533973
7 4257 965148
7 4258 1739502
7 4259 965291
7 4260 3512406
7 4261 967928
7 4262 3512799
7 4263 967620
7 4264 958710
7 4265 958710
7 4266 1721740
7 4267 970415
7 4268 1739044
7 4269 967298
7 4270 964655
7 4271 964655
7 4272 3507002
7 4273 970597
7 4274 3534131
7 4275 973222
7 4276 967686
7 4277 970264
7 4278 3534105
7 4279 968197
7 4280 3511619
7 4281 967613
7 4282 970415
7 4283 967298
7 4284 3512936
7 4285 970582
7 4286 3511610
7 4287 965472
7 4288 964655
7 4289 964655
7 4290 958724
7 4291 961755
7 4292 961755
7 4293 958642
7 4294 958724
7 4295 958724
7 4296 1697750
7 4297 962171
7 4298 1718087
7 4299 964721
7 4300 964716
7 4301 962334
7 4302 1719597
7 4303 962247
7 4304 1722408
7 4305 958714
7 4306 964556
7 4307 964384
7 4308 1721856
7 4309 964556
7 4310 1724426
7 4311 964384
7 4312 958724
7 4313 958724
7 4314 958809
7 4315 961767
7 4316 961767
7 4317 958728
7 4318 958809
7 4319 958809
7 4320 3128385
7 4321 3475100
7 4322 3134973
7 4323 1702086
7 4324 3507262
7 4325 1701129
7 4326 3136334
7 4327 3477616
7 4328 3163542
7 4329 965584
7 4330 3530839
7 4331 968147
7 4332 3163204
7 4333 1721780
7 4334 3135576
7 4335 968328
7 4336 1722395
7 4337 965686
7 4338 3512476
7 4339 1724965
7 4340 3539011
7 4341 965528
7 4342 1721056
7 4343 962275
7 4344 3136179
7 4345 3478873
7 4346 3134846
7 4347 1702720
7 4348 3509952
7 4349 1701151
7 4350 3162521
7 4351 3505059
7 4352 3167830
7 4353 965058
7 4354 3563220
7 4355 968721
7 4356 3173679
7 4357 1738149
7 4358 3176250
7 4359 968552
7 4360 1736979
7 4361 971099
7 4362 3581304
7 4363 1738072
7 4364 3587304
7 4365 971263
7 4366 1753530
7 4367 968476
7 4368 3162382
7 4369 3504672
7 4370 3175285
7 4371 973390
7 4372 3552605
7 4373 970997
7 4374 3136821
7 4375 3480797
7 4376 3177570
7 4377 968716
7 4378 3563825
7 4379 968767
7 4380 3168307
7 4381 971685
7 4382 3168157
7 4383 971429
7 4384 965527
7 4385 965533
7 4386 3542833
7 4387 974010
7 4388 3564554
7 4389 971084
7 4390 968859
7 4391 968686
7 4392 3169418
7 4393 1745677
7 4394 3177439
7 4395 976501
7 4396 1742058
7 4397 973708
7 4398 3179634
7 4399 1742152
7 4400 3166217
7 4401 971568
7 4402 1756636
7 4403 971080
7 4404 3165022
7 4405 973805
7 4406 3135760
7 4407 968652
7 4408 968867
7 4409 968540
7 4410 1722059
7 4411 968549
7 4412 1741476
7 4413 965299
7 4414 965688
7 4415 965137
7 4416 3505465
7 4417 1726377
7 4418 3538507
7 4419 970945
7 4420 1741484
7 4421 968232
7 4422 3539913
7 4423 1726037
7 4424 3545754
7 4425 965607
7 4426 1741292
7 4427 970648
7 4428 3543076
7 4429 970778
7 4430 3544062
7 4431 970880
7 4432 965303
7 4433 965218
7 4434 1721940
7 4435 968385
7 4436 1739019
7 4437 965218
7 4438 965150
7 4439 962024
7 4440 3136211
7 4441 3480780
7 4442 3135916
7 4443 1702931
7 4444 3510291
7 4445 1701619
7 4446 3136546
7 4447 3475236
7 4448 3163732
7 4449 965843
7 4450 3535642
7 4451 968335
7 4452 3163601
7 4453 1721993
7 4454 3135574
7 4455 968342
7 4456 1722567
7 4457 965700
7 4458 3515484
7 4459 1725146
7 4460 3539114
7 4461 965537
7 4462 1721121
7 4463 962275
7 4464 3150004
7 4465 3502478
7 4466 3150190
7 4467 1705840
7 4468 3516810
7 4469 1705690
7 4470 3153110
7 4471 3483392
7 4472 3153813
7 4473 958718
7 4474 3535101
7 4475 964881
7 4476 3188575
7 4477 1739655
7 4478 3168371
7 4479 965095
7 4480 1739250
7 4481 968260
7 4482 3574273
7 4483 1732102
7 4484 3566607
7 4485 968260
7 4486 1747457
7 4487 965681
7 4488 3163220
7 4489 3504631
7 4490 3190122
7 4491 974253
7 4492 3559258
7 4493 974180
7 4494 3164425
7 4495 3505437
7 4496 3168365
7 4497 965095
7 4498 3542830
7 4499 965258
7 4500 3184107
7 4501 972092
7 4502 3183464
7 4503 970815
7 4504 968064
7 4505 967944
7 4506 3559279
7 4507 977019
7 4508 3586610
7 4509 970719
7 4510 971695
7 4511 971067
7 4512 3193735
7 4513 1758198
7 4514 3179312
7 4515 976888
7 4516 1757228
7 4517 974465
7 4518 3205527
7 4519 1757639
7 4520 3183925
7 4521 970815
7 4522 1761561
7 4523 970719
7 4524 3190130
7 4525 975247
7 4526 3165890
7 4527 965904
7 4528 971915
7 4529 971212
7 4530 1753818
7 4531 971779
7 4532 1758688
7 4533 968419
7 4534 971684
7 4535 968380
7 4536 3563503
7 4537 1742187
7 4538 3569643
7 4539 971653
7 4540 1744444
7 4541 968338
7 4542 3587707
7 4543 1745690
7 4544 3570741
7 4545 967944
7 4546 1764300
7 4547 971067
7 4548 3588715
7 4549 976646
7 4550 3575578
7 4551 971212
7 4552 971387
7 4553 968229
7 4554 1758230
7 4555 971709
7 4556 1759097
7 4557 968380
7 4558 971177
7 4559 965239
7 4560 3150347
7 4561 3502763
7 4562 3150189
7 4563 1706012
7 4564 3516687
7 4565 1705676
7 4566 3163026
7 4567 3504540
7 4568 3191410
7 4569 971078
7 4570 3584837
7 4571 972009
7 4572 3189125
7 4573 1739662
7 4574 3177367
7 4575 971705
7 4576 1750785
7 4577 971735
7 4578 3586881
7 4579 1742344
7 4580 3589873
7 4581 971960
7 4582 1754790
7 4583 968592
7 4584 3136938
7 4585 3481287
7 4586 3135923
7 4587 1702915
7 4588 3510793
7 4589 1701303
7 4590 3164044
7 4591 3505560
7 4592 3168998
7 4593 964881
7 4594 3545112
7 4595 965959
7 4596 3176248
7 4597 1742239
7 4598 3168470
7 4599 965258
7 4600 1744027
7 4601 968747
7 4602 3571314
7 4603 1727872
7 4604 3572610
7 4605 968747
7 4606 1745000
7 4607 965679
7 4608 3153214
7 4609 3484002
7 4610 3180783
7 4611 971747
7 4612 3561689
7 4613 972031
7 4614 3152906
7 4615 3483937
7 4616 3180036
7 4617 968260
7 4618 3543944
7 4619 968747
7 4620 3157216
7 4621 968064
7 4622 3157345
7 4623 967944
7 4624 958714
7 4625 958714
7 4626 3538836
7 4627 974209
7 4628 3544882
7 4629 973423
7 4630 965148
7 4631 965148
7 4632 3182379
7 4633 1744111
7 4634 3192023
7 4635 976779
7 4636 1743030
7 4637 977016
7 4638 3193425
7 4639 1745224
7 4640 3179340
7 4641 970719
7 4642 1763283
7 4643 973564
7 4644 3171111
7 4645 971915
7 4646 3168327
7 4647 971212
7 4648 964899
7 4649 964899
7 4650 1722912
7 4651 973733
7 4652 1740503
7 4653 970378
7 4654 967613
7 4655 967613
7 4656 3567356
7 4657 1730135
7 4658 3588529
7 4659 974924
7 4660 1760489
7 4661 971876
7 4662 3573567
7 4663 1729871
7 4664 3590455
7 4665 973423
7 4666 1761392
7 4667 971342
7 4668 3567322
7 4669 976529
7 4670 3570046
7 4671 976127
7 4672 967620
7 4673 967620
7 4674 1743223
7 4675 974081
7 4676 1750703
7 4677 973183
7 4678 965472
7 4679 965472
7 4680 3153407
7 4681 3483494
7 4682 3189681
7 4683 972443
7 4684 3560010
7 4685 971730
7 4686 3164295
7 4687 3505071
7 4688 3203428
7 4689 974491
7 4690 3585365
7 4691 974788
7 4692 3184109
7 4693 974081
7 4694 3192792
7 4695 977090
7 4696 971506
7 4697 972032
7 4698 3537011
7 4699 977172
7 4700 3571524
7 4701 976922
7 4702 971992
7 4703 971920
7 4704 3164252
7 4705 3505499
7 4706 3177767
7 4707 971710
7 4708 3561859
7 4709 968798
7 4710 3152046
7 4711 3482734
7 4712 3180354
7 4713 968260
7 4714 3543934
7 4715 968747
7 4716 3194309
7 4717 977019
7 4718 3181372
7 4719 970719
7 4720 974209
7 4721 973423
7 4722 3587025
7 4723 974577
7 4724 3585324
7 4725 973564
7 4726 974312
7 4727 971342
7 4728 3152768
7 4729 3484040
7 4730 3191731
7 4731 972375
7 4732 3565102
7 4733 971861
7 4734 3136927
7 4735 3481170
7 4736 3167044
7 4737 965681
7 4738 3541981
7 4739 965679
7 4740 3171635
7 4741 971695
7 4742 3170596
7 4743 971067
7 4744 965148
7 4745 965148
7 4746 3543997
7 4747 974312
7 4748 3548953
7 4749 971342
7 4750 965291
7 4751 965291
7 4752 3157667
7 4753 971618
7 4754 3171442
7 4755 974538
7 4756 968259
7 4757 971272
7 4758 3171433
7 4759 971779
7 4760 3157041
7 4761 968419
7 4762 973733
7 4763 970378
7 4764 3159192
7 4765 971684
7 4766 3155629
7 4767 968380
7 4768 967613
7 4769 967613
7 4770 958714
7 4771 961755
7 4772 961755
7 4773 958632
7 4774 958714
7 4775 958714
7 4776 3504509
7 4777 973980
7 4778 3538819
7 4779 976224
7 4780 973581
7 4781 973769
7 4782 3535460
7 4783 973774
7 4784 3536029
7 4785 970378
7 4786 973762
7 4787 973033
7 4788 3538514
7 4789 975883
7 4790 3539876
7 4791 973183
7 4792 967298
7 4793 967298
7 4794 964384
7 4795 965333
7 4796 965333
7 4797 964372
7 4798 964384
7 4799 964384
7 4800 3156466
7 4801 1729748
7 4802 3170848
7 4803 974252
7 4804 1746310
7 4805 972129
7 4806 3170652
7 4807 1730638
7 4808 3184123
7 4809 974706
7 4810 1760765
7 4811 976805
7 4812 3181555
7 4813 976802
7 4814 3167890
7 4815 974734
7 4816 974522
7 4817 974241
7 4818 1725386
7 4819 971076
7 4820 1746870
7 4821 971051
7 4822 971353
7 4823 970831
7 4824 3171559
7 4825 1733266
7 4826 3170959
7 4827 974563
7 4828 1747732
7 4829 971613
7 4830 3182748
7 4831 1731249
7 4832 3159521
7 4833 967944
7 4834 1752909
7 4835 973423
7 4836 3178780
7 4837 976646
7 4838 3181592
7 4839 971212
7 4840 976529
7 4841 976127
7 4842 1760216
7 4843 973774
7 4844 1759409
7 4845 970378
7 4846 975883
7 4847 973183
7 4848 3182692
7 4849 1731261
7 4850 3181465
7 4851 976807
7 4852 1760926
7 4853 974101
7 4854 3169491
7 4855 1728260
7 4856 3181182
7 4857 971067
7 4858 1752658
7 4859 971342
7 4860 3157185
7 4861 971387
7 4862 3156105
7 4863 968229
7 4864 967620
7 4865 967620
7 4866 1745733
7 4867 973762
7 4868 1751671
7 4869 973033
7 4870 967298
7 4871 967298
7 4872 3156887
7 4873 972145
7 4874 3166777
7 4875 974265
7 4876 971419
7 4877 972182
7 4878 3168788
7 4879 971709
7 4880 3153578
7 4881 968380
7 4882 974081
7 4883 973183
7 4884 3151791
7 4885 971177
7 4886 3136633
7 4887 965239
7 4888 965472
7 4889 965472
7 4890 964384
7 4891 965333
7 4892 965333
7 4893 964372
7 4894 964384
7 4895 964384
7 4896 1697670
7 4897 962164
7 4898 1718079
7 4899 964713
7 4900 964708
7 4901 962329
7 4902 1719590
7 4903 962241
7 4904 1722400
7 4905 958632
7 4906 964546
7 4907 964372
7 4908 1721848
7 4909 964546
7 4910 1724421
7 4911 964372
7 4912 958642
7 4913 958642
7 4914 958728
7 4915 961690
7 4916 961690
7 4917 958647
7 4918 958728
7 4919 958728
7 4920 3472149
7 4921 1701064
7 4922 3507988
7 4923 965264
7 4924 1721923
7 4925 962598
7 4926 3506754
7 4927 1700944
7 4928 3534973
7 4929 965327
7 4930 1733765
7 4931 968144
7 4932 3531036
7 4933 967819
7 4934 3514897
7 4935 968298
7 4936 965497
7 4937 965434
7 4938 1721385
7 4939 967989
7 4940 1738852
7 4941 965288
7 4942 965446
7 4943 962361
7 4944 3505468
7 4945 1703870
7 4946 3509265
7 4947 965602
7 4948 1723502
7 4949 962597
7 4950 3529643
7 4951 1707672
7 4952 3508389
7 4953 958714
7 4954 1737506
7 4955 965148
7 4956 3531102
7 4957 970662
7 4958 3536495
7 4959 964899
7 4960 967928
7 4961 967620
7 4962 1750819
7 4963 968197
7 4964 1753465
7 4965 967613
7 4966 970582
7 4967 965472
7 4968 3532237
7 4969 1707547
7 4970 3530921
7 4971 970505
7 4972 1735087
7 4973 968435
7 4974 3512328
7 4975 1703921
7 4976 3533973
7 4977 965148
7 4978 1739502
7 4979 965291
7 4980 3512406
7 4981 967928
7 4982 3512799
7 4983 967620
7 4984 958710
7 4985 958710
7 4986 1721740
7 4987 970415
7 4988 1739044
7 4989 967298
7 4990 964655
7 4991 964655
7 4992 3507002
7 4993 970597
7 4994 3534131
7 4995 973222
7 4996 967686
7 4997 970264
7 4998 3534105
7 4999 968197
7 5000 3511619
7 5001 967613
7 5002 970415
7 5003 967298
7 5004 3512936
7 5005 970582
7 5006 3511610
7 5007 965472
7 5008 964655
7 5009 964655
7 5010 958724
7 5011 961755
7 5012 961755
7 5013 958642
7 5014 958724
7 5015 958724
7 5016 1697750
7 5017 962171
7 5018 1718087
7 5019 964721
7 5020 964716
7 5021 962334
7 5022 1719597
7 5023 962247
7 5024 1722408
7 5025 958714
7 5026 964556
7 5027 964384
7 5028 1721856
7 5029 964556
7 5030 1724426
7 5031 964384
7 5032 958724
7 5033 958724
7 5034 958809
7 5035 961767
7 5036 961767
7 5037 958728
7 5038 958809
7 5039 958809
