3 0 39916800
3 1 39916800
3 2 39916800
3 3 39915162
3 4 39911256
3 5 39910612
4 0 39898782
4 1 39897396
4 2 39898782
4 3 39898782
4 4 39897396
4 5 39898782
4 6 39358150
4 7 39440928
4 8 39500725
4 9 38787685
4 10 39656808
4 11 39088169
4 12 38370958
4 13 38868640
4 14 38101895
4 15 37838638
4 16 38755560
4 17 37462780
4 18 38906348
4 19 38868640
4 20 39074614
4 21 37364999
4 22 38755560
4 23 37462780
5 0 35818585
5 1 37850648
5 2 35694945
5 3 38037296
5 4 38037296
5 5 37850648
5 6 35818585
5 7 37850648
5 8 36317446
5 9 35818585
5 10 38037296
5 11 36317446
5 12 36317446
5 13 38037296
5 14 35818585
5 15 36317446
5 16 37850648
5 17 35818585
5 18 37850648
5 19 38037296
5 20 38037296
5 21 35694945
5 22 37850648
5 23 35818585
5 24 30984914
5 25 33761701
5 26 30912710
5 27 33649398
5 28 33928785
5 29 33428466
5 30 32100310
5 31 34233883
5 32 32438282
5 33 28516524
5 34 34922027
5 35 29526816
5 36 32666688
5 37 34812952
5 38 32965647
5 39 29321116
5 40 34881424
5 41 29519334
5 42 34858208
5 43 34926016
5 44 35117726
5 45 29660081
5 46 35370270
5 47 29835974
5 48 23464948
5 49 28719535
5 50 23791795
5 51 26796528
5 52 29063891
5 53 26878545
5 54 23044469
5 55 28340756
5 56 23932627
5 57 22200666
5 58 28689699
5 59 22266326
5 60 23836612
5 61 26479741
5 62 23778395
5 63 22387585
5 64 26224296
5 65 21623264
5 66 28912634
5 67 27027709
5 68 28962216
5 69 22277607
5 70 26790221
5 71 22000726
5 72 23892419
5 73 30533940
5 74 23916301
5 75 26965441
5 76 30480502
5 77 26568164
5 78 23896123
5 79 30482789
5 80 23700895
5 81 22433630
5 82 30828679
5 83 22328543
5 84 23818208
5 85 26858003
5 86 23044469
5 87 22385720
5 88 26790221
5 89 22000726
5 90 29693596
5 91 26298165
5 92 30230185
5 93 21588591
5 94 26224296
5 95 21623264
5 96 28340756
5 97 30152083
5 98 28462266
5 99 26342901
5 100 30397974
5 101 26419812
5 102 28552979
5 103 30164189
5 104 28765759
5 105 21551776
5 106 30374525
5 107 22166708
5 108 28774391
5 109 26317607
5 110 28495541
5 111 22159536
5 112 26134938
5 113 21591638
5 114 29693596
5 115 26298165
5 116 30230185
5 117 21588591
5 118 26224296
5 119 21623264
6 0 17240124
6 1 22859441
6 2 17214725
6 3 26506920
6 4 22908809
6 5 26121876
6 6 17221061
6 7 22790284
6 8 17713410
6 9 22914650
6 10 22924154
6 11 23284085
6 12 17719812
6 13 26716976
6 14 17188358
6 15 23270632
6 16 26596966
6 17 22990209
6 18 23008205
6 19 26746335
6 20 22939246
6 21 22926574
6 22 26583128
6 23 22859441
6 24 17240124
6 25 22859441
6 26 17214725
6 27 26506920
6 28 22908809
6 29 26121876
6 30 17532614
6 31 23308175
6 32 17915238
6 33 17240124
6 34 23370567
6 35 17855607
6 36 17852428
6 37 27065962
6 38 17937931
6 39 17722947
6 40 26833224
6 41 17835081
6 42 23126202
6 43 26822466
6 44 23461053
6 45 17894492
6 46 26910862
6 47 17842902
6 48 17532614
6 49 23308175
6 50 17809099
6 51 23365023
6 52 23506516
6 53 23403490
6 54 17240124
6 55 22859441
6 56 17899409
6 57 17764054
6 58 23051787
6 59 17818526
6 60 17818526
6 61 23051787
6 62 17764054
6 63 17899409
6 64 22859441
6 65 17240124
6 66 23403490
6 67 23506516
6 68 23365023
6 69 17809099
6 70 23308175
6 71 17532614
6 72 17842902
6 73 26910862
6 74 17894492
6 75 23461053
6 76 26822466
6 77 23126202
6 78 17835081
6 79 26833224
6 80 17722947
6 81 17937931
6 82 27065962
6 83 17852428
6 84 17855607
6 85 23370567
6 86 17240124
6 87 17915238
6 88 23308175
6 89 17532614
6 90 26121876
6 91 22908809
6 92 26506920
6 93 17214725
6 94 22859441
6 95 17240124
6 96 22859441
6 97 26583128
6 98 22926574
6 99 22939246
6 100 26746335
6 101 23008205
6 102 22990209
6 103 26596966
6 104 23270632
6 105 17188358
6 106 26716976
6 107 17719812
6 108 23284085
6 109 22924154
6 110 22914650
6 111 17713410
6 112 22790284
6 113 17221061
6 114 26121876
6 115 22908809
6 116 26506920
6 117 17214725
6 118 22859441
6 119 17240124
6 120 15188396
6 121 19415999
6 122 15151584
6 123 20966409
6 124 19501368
6 125 20779009
6 126 15183177
6 127 19391892
6 128 15524468
6 129 17830115
6 130 19511900
6 131 18127788
6 132 15526047
6 133 21068743
6 134 15172324
6 135 18124089
6 136 20994282
6 137 17868573
6 138 19476225
6 139 21075990
6 140 19518170
6 141 17825651
6 142 20992487
6 143 17800922
6 144 15655654
6 145 20061266
6 146 15648242
6 147 21171488
6 148 20078794
6 149 21035114
6 150 15980129
6 151 20233807
6 152 16412531
6 153 13307111
6 154 20434938
6 155 13665372
6 156 16821976
6 157 22363153
6 158 16750138
6 159 13670073
6 160 22397757
6 161 13842978
6 162 20585009
6 163 22349468
6 164 20680311
6 165 13819587
6 166 22621883
6 167 13785082
6 168 16067768
6 169 20493571
6 170 16325350
6 171 19036853
6 172 20637973
6 173 19088970
6 174 16172726
6 175 20614905
6 176 16732969
6 177 13685076
6 178 20715923
6 179 13698320
6 180 16619701
6 181 18947682
6 182 16617710
6 183 13817757
6 184 18735488
6 185 13666985
6 186 20563191
6 187 19531750
6 188 20818176
6 189 13838765
6 190 19270699
6 191 13903017
6 192 16563613
6 193 22466629
6 194 16566951
6 195 19264056
6 196 22435426
6 197 19008651
6 198 16846866
6 199 22455752
6 200 16756313
6 201 13891560
6 202 22570576
6 203 13820296
6 204 16856090
6 205 19547236
6 206 16744300
6 207 13806783
6 208 19418550
6 209 13890182
6 210 22375764
6 211 19053287
6 212 22600589
6 213 13772859
6 214 19583704
6 215 13797742
6 216 20008995
6 217 22150699
6 218 19999460
6 219 18936011
6 220 22248447
6 221 18946920
6 222 20585551
6 223 22301530
6 224 20741729
6 225 13716302
6 226 22671227
6 227 13898671
6 228 20834937
6 229 19566112
6 230 20842442
6 231 13937448
6 232 19530287
6 233 13789326
6 234 22526863
6 235 19296087
6 236 22665341
6 237 13803624
6 238 19698185
6 239 13788226
6 240 6638055
6 241 9821237
6 242 6637255
6 243 13671355
6 244 9825335
6 245 13537113
6 246 6698496
6 247 9977101
6 248 6873770
6 249 7966618
6 250 10017218
6 251 8072010
6 252 6846223
6 253 13977748
6 254 6828794
6 255 8039642
6 256 13958292
6 257 8058420
6 258 9931454
6 259 13906411
6 260 10026979
6 261 8062899
6 262 13941451
6 263 8020474
6 264 6584611
6 265 9714204
6 266 6580262
6 267 13632913
6 268 9727411
6 269 13452964
6 270 6704612
6 271 10005359
6 272 6826772
6 273 6253987
6 274 10024436
6 275 6289443
6 276 6802411
6 277 13977489
6 278 6822266
6 279 6264221
6 280 13888992
6 281 6325080
6 282 9820185
6 283 13746089
6 284 10043024
6 285 6327113
6 286 13839967
6 287 6281111
6 288 6676020
6 289 9988442
6 290 6851640
6 291 7999050
6 292 10088994
6 293 8086024
6 294 6673339
6 295 9980220
6 296 6852587
6 297 6314627
6 298 9996800
6 299 6327615
6 300 6785316
6 301 7843266
6 302 6784073
6 303 6307335
6 304 7775513
6 305 6182271
6 306 10045965
6 307 8140569
6 308 10060499
6 309 6390379
6 310 8034683
6 311 6250851
6 312 6833719
6 313 13965398
6 314 6869282
6 315 8092964
6 316 13980679
6 317 8109621
6 318 6860837
6 319 13997392
6 320 6842462
6 321 6340429
6 322 14063015
6 323 6382832
6 324 6837604
6 325 8062597
6 326 6794602
6 327 6358027
6 328 7993470
6 329 6241872
6 330 13741897
6 331 8069120
6 332 13846355
6 333 6330149
6 334 8022006
6 335 6278428
6 336 9901092
6 337 13899656
6 338 10056933
6 339 8131237
6 340 14016936
6 341 8106221
6 342 9896391
6 343 13899499
6 344 10064893
6 345 6375673
6 346 13926423
6 347 6365594
6 348 10084420
6 349 8120044
6 350 10017073
6 351 6424211
6 352 8043118
6 353 6281761
6 354 13811700
6 355 8126499
6 356 13873272
6 357 6371810
6 358 8036886
6 359 6253012
6 360 6681287
6 361 10008149
6 362 6841132
6 363 12331931
6 364 10105365
6 365 12326681
6 366 6707157
6 367 10007702
6 368 6911927
6 369 8054506
6 370 10069861
6 371 8116798
6 372 6862820
6 373 12312410
6 374 6850151
6 375 8102563
6 376 12462036
6 377 7950321
6 378 10085302
6 379 12503025
6 380 10110938
6 381 8097043
6 382 12474760
6 383 7945759
6 384 6701759
6 385 10013591
6 386 6787708
6 387 12312934
6 388 10062090
6 389 12276111
6 390 6665480
6 391 9957327
6 392 6853129
6 393 6309802
6 394 10027100
6 395 6331049
6 396 6861060
6 397 12491449
6 398 6820067
6 399 6350523
6 400 12521121
6 401 6378978
6 402 10108379
6 403 12512223
6 404 10069251
6 405 6386396
6 406 12519624
6 407 6350098
6 408 6677589
6 409 9965240
6 410 6880815
6 411 8087937
6 412 10077703
6 413 8078069
6 414 6584611
6 415 9714204
6 416 6779012
6 417 6281846
6 418 9777271
6 419 6282385
6 420 6829325
6 421 8040030
6 422 6802975
6 423 6357380
6 424 8010807
6 425 6247212
6 426 10039793
6 427 8133774
6 428 9975086
6 429 6359512
6 430 8024306
6 431 6249704
6 432 6780010
6 433 12298965
6 434 6827526
6 435 8082737
6 436 12248196
6 437 7891999
6 438 6825081
6 439 12341678
6 440 6747599
6 441 6326095
6 442 12491016
6 443 6336677
6 444 6791643
6 445 8062302
6 446 6722196
6 447 6327833
6 448 8039055
6 449 6280731
6 450 11991139
6 451 7795977
6 452 12215869
6 453 6179988
6 454 7775513
6 455 6182271
6 456 10002926
6 457 12389791
6 458 10049085
6 459 8064766
6 460 12450742
6 461 7977199
6 462 10055689
6 463 12401997
6 464 10023335
6 465 6351040
6 466 12529440
6 467 6374506
6 468 10036464
6 469 8053430
6 470 9948959
6 471 6386773
6 472 8014169
6 473 6275807
6 474 12150382
6 475 7880083
6 476 12308901
6 477 6229332
6 478 7867497
6 479 6230144
6 480 6748860
6 481 13874338
6 482 6796038
6 483 12307983
6 484 13867627
6 485 12236147
6 486 6792534
6 487 13874082
6 488 6861068
6 489 8101885
6 490 14026677
6 491 8109909
6 492 6860922
6 493 12441389
6 494 6781907
6 495 8125498
6 496 12516551
6 497 7983861
6 498 13736354
6 499 12286547
6 500 13851569
6 501 7904735
6 502 12371753
6 503 7906504
6 504 6793469
6 505 13920953
6 506 6791734
6 507 12348369
6 508 13890292
6 509 12204798
6 510 6824477
6 511 13884018
6 512 6787555
6 513 6322514
6 514 13997792
6 515 6388869
6 516 6837459
6 517 12436042
6 518 6850054
6 519 6366199
6 520 12499078
6 521 6416683
6 522 13949817
6 523 12361810
6 524 13996076
6 525 6342927
6 526 12453266
6 527 6379298
6 528 6828432
6 529 13851653
6 530 6820987
6 531 8115579
6 532 14029044
6 533 8079986
6 534 6752562
6 535 13745625
6 536 6817130
6 537 6357451
6 538 13876559
6 539 6368868
6 540 6747590
6 541 8046942
6 542 6738462
6 543 6324256
6 544 8054453
6 545 6282947
6 546 13902563
6 547 8112449
6 548 13925491
6 549 6376195
6 550 8025479
6 551 6276995
6 552 6790329
6 553 12341360
6 554 6808891
6 555 8102613
6 556 12393271
6 557 7958529
6 558 6814610
6 559 12358215
6 560 6760838
6 561 6328491
6 562 12528798
6 563 6374498
6 564 6763281
6 565 8067853
6 566 6584611
6 567 6283104
6 568 8055665
6 569 6255465
6 570 12150382
6 571 7880083
6 572 12308901
6 573 6229332
6 574 7867497
6 575 6230144
6 576 13452964
6 577 12061976
6 578 13557441
6 579 7824274
6 580 12208105
6 581 7822017
6 582 13576693
6 583 12058986
6 584 13641517
6 585 6178965
6 586 12212055
6 587 6279363
6 588 13640293
6 589 7821052
6 590 13583187
6 591 6279363
6 592 7766961
6 593 6179708
6 594 11991139
6 595 7795977
6 596 12215869
6 597 6179988
6 598 7775513
6 599 6182271
6 600 9714204
6 601 13653587
6 602 9746826
6 603 12060677
6 604 13753217
6 605 12072676
6 606 9758891
6 607 13658696
6 608 9965943
6 609 7821822
6 610 13813772
6 611 7991387
6 612 9971416
6 613 12210782
6 614 9742393
6 615 7987241
6 616 12262189
6 617 7866496
6 618 13718455
6 619 12265929
6 620 13796554
6 621 7865967
6 622 12266243
6 623 7824665
6 624 9761836
6 625 13695440
6 626 9749744
6 627 12096513
6 628 13767264
6 629 12070044
6 630 9856788
6 631 13776467
6 632 9970356
6 633 6179157
6 634 13889316
6 635 6310567
6 636 9992012
6 637 12278844
6 638 10014822
6 639 6289546
6 640 12250048
6 641 6322859
6 642 13891251
6 643 12286531
6 644 13957684
6 645 6332183
6 646 12406107
6 647 6309160
6 648 9860206
6 649 13778540
6 650 9989983
6 651 7964673
6 652 13921119
6 653 8004403
6 654 9766624
6 655 13689595
6 656 10019708
6 657 6296078
6 658 13863829
6 659 6303910
6 660 9962337
6 661 7861407
6 662 9951059
6 663 6331660
6 664 7760304
6 665 6178956
6 666 13781426
6 667 8031249
6 668 13869064
6 669 6319331
6 670 7981095
6 671 6268731
6 672 9977791
6 673 12297189
6 674 9991666
6 675 8030793
6 676 12236776
6 677 7892103
6 678 9998404
6 679 12293374
6 680 9940823
6 681 6336797
6 682 12436309
6 683 6323967
6 684 9949138
6 685 8010036
6 686 9728290
6 687 6319038
6 688 7979477
6 689 6268731
6 690 11973068
6 691 7793047
6 692 12206641
6 693 6177609
6 694 7771566
6 695 6179953
6 696 13452964
6 697 12061976
6 698 13557441
6 699 7824274
6 700 12208105
6 701 7822017
6 702 13576693
6 703 12058986
6 704 13641517
6 705 6178965
6 706 12212055
6 707 6279363
6 708 13640293
6 709 7821052
6 710 13583187
6 711 6279363
6 712 7766961
6 713 6179708
6 714 11991139
6 715 7795977
6 716 12215869
6 717 6179988
6 718 7775513
6 719 6182271
7 0 3834589
7 1 5568915
7 2 3833918
7 3 9453609
7 4 5573623
7 5 9326680
7 6 3833863
7 7 5563580
7 8 3889358
7 9 9356974
7 10 5581532
7 11 9424547
7 12 3889358
7 13 9463014
7 14 3833753
7 15 9424844
7 16 9373364
7 17 9362815
7 18 5587252
7 19 9461782
7 20 5582511
7 21 9353740
7 22 9374321
7 23 9326680
7 24 3833907
7 25 5567441
7 26 3833225
7 27 9451013
7 28 5572402
7 29 9318353
7 30 3876466
7 31 5700288
7 32 3911083
7 33 5573623
7 34 5703720
7 35 5713554
7 36 3913019
7 37 9603913
7 38 3919333
7 39 5699452
7 40 9520588
7 41 5714632
7 42 5615401
7 43 9487269
7 44 5710991
7 45 5719901
7 46 9522458
7 47 5716315
7 48 3876466
7 49 5701069
7 50 3909279
7 51 9559770
7 52 5718757
7 53 9537924
7 54 3833753
7 55 5560654
7 56 3915296
7 57 5703280
7 58 5600353
7 59 5711662
7 60 3901810
7 61 9524790
7 62 3896937
7 63 5735763
7 64 9468514
7 65 5594303
7 66 5704974
7 67 9603297
7 68 5680928
7 69 5721650
7 70 9548451
7 71 5633298
7 72 3903284
7 73 9582397
7 74 3915604
7 75 9592352
7 76 9511326
7 77 9528134
7 78 3908113
7 79 9496080
7 80 3894946
7 81 5738381
7 82 9521259
7 83 5726985
7 84 3908465
7 85 9572431
7 86 3833797
7 87 5721727
7 88 9546988
7 89 5632396
7 90 9377357
7 91 9490646
7 92 9404901
7 93 5590189
7 94 9475939
7 95 5593049
7 96 5589111
7 97 9493726
7 98 5605512
7 99 9485388
7 100 9496443
7 101 9472045
7 102 5607107
7 103 9492923
7 104 5693358
7 105 5588638
7 106 9478106
7 107 5712641
7 108 5695404
7 109 9508334
7 110 5580014
7 111 5710078
7 112 9461573
7 113 5591960
7 114 9378061
7 115 9487566
7 116 9386949
7 117 5588253
7 118 9456403
7 119 5568915
7 120 3834589
7 121 5568915
7 122 3833918
7 123 9453609
7 124 5573623
7 125 9326680
7 126 3833863
7 127 5563580
7 128 3889358
7 129 9356974
7 130 5581532
7 131 9424547
7 132 3889358
7 133 9463014
7 134 3833753
7 135 9424844
7 136 9373364
7 137 9362815
7 138 5587252
7 139 9461782
7 140 5582511
7 141 9353740
7 142 9374321
7 143 9326680
7 144 3855225
7 145 5614367
7 146 3855093
7 147 9481109
7 148 5616831
7 149 9400479
7 150 3868161
7 151 5740130
7 152 3896211
7 153 3834589
7 154 5738139
7 155 3894704
7 156 3935041
7 157 9626980
7 158 3915648
7 159 3891063
7 160 9533865
7 161 3910676
7 162 5651129
7 163 9550189
7 164 5752373
7 165 3912491
7 166 9521666
7 167 3895925
7 168 3879601
7 169 5721386
7 170 3935206
7 171 9576501
7 172 5759589
7 173 9579845
7 174 3881658
7 175 5736467
7 176 3914097
7 177 3883264
7 178 5724807
7 179 3884980
7 180 3933006
7 181 9520973
7 182 3926912
7 183 3917298
7 184 9482011
7 185 3894066
7 186 5741736
7 187 9636187
7 188 5758291
7 189 3919201
7 190 9571716
7 191 3921665
7 192 3936119
7 193 9618983
7 194 3919762
7 195 9609567
7 196 9554116
7 197 9555051
7 198 3953103
7 199 9628619
7 200 3932192
7 201 3926615
7 202 9600437
7 203 3925559
7 204 3944050
7 205 9623493
7 206 3913404
7 207 3895067
7 208 9592847
7 209 3919278
7 210 9469284
7 211 9541510
7 212 9543369
7 213 3903834
7 214 9611162
7 215 3903482
7 216 5624916
7 217 9556855
7 218 5620032
7 219 9512030
7 220 9510424
7 221 9479206
7 222 5664857
7 223 9627211
7 224 5764781
7 225 3904197
7 226 9602230
7 227 3929959
7 228 5754023
7 229 9624747
7 230 5747896
7 231 3930784
7 232 9585246
7 233 3903845
7 234 9481901
7 235 9541576
7 236 9523118
7 237 3904692
7 238 9595751
7 239 3884914
7 240 3855225
7 241 5614367
7 242 3855093
7 243 9481109
7 244 5616831
7 245 9400479
7 246 3878941
7 247 5717470
7 248 3942598
7 249 5687308
7 250 5724664
7 251 5742066
7 252 3934249
7 253 9633998
7 254 3926582
7 255 5728690
7 256 9568075
7 257 5738073
7 258 5659874
7 259 9588733
7 260 5728096
7 261 5737600
7 262 9558076
7 263 5721496
7 264 3834589
7 265 5568915
7 266 3833918
7 267 9453609
7 268 5573623
7 269 9326680
7 270 3880580
7 271 5731264
7 272 3915054
7 273 3878336
7 274 5735015
7 275 3898070
7 276 3917562
7 277 9624098
7 278 3914350
7 279 3884309
7 280 9533260
7 281 3913085
7 282 5614609
7 283 9479668
7 284 5740295
7 285 3914130
7 286 9506772
7 287 3894187
7 288 3865730
7 289 5727579
7 290 3929123
7 291 5703148
7 292 5771810
7 293 5746774
7 294 3864784
7 295 5720748
7 296 3928782
7 297 3907321
7 298 5724026
7 299 3914449
7 300 3894869
7 301 5593170
7 302 3894550
7 303 3903196
7 304 5568915
7 305 3834589
7 306 5745872
7 307 5771755
7 308 5753308
7 309 3944138
7 310 5727348
7 311 3866786
7 312 3921610
7 313 9628872
7 314 3940563
7 315 5749678
7 316 9624791
7 317 5758302
7 318 3935580
7 319 9636990
7 320 3926351
7 321 3918728
7 322 9639608
7 323 3937065
7 324 3916209
7 325 5738095
7 326 3905660
7 327 3929134
7 328 5711882
7 329 3863057
7 330 9484233
7 331 5740086
7 332 9516683
7 333 3912799
7 334 5725973
7 335 3879282
7 336 5645772
7 337 9596994
7 338 5745751
7 339 5769192
7 340 9624846
7 341 5760931
7 342 5649083
7 343 9595025
7 344 5749436
7 345 3934502
7 346 9534998
7 347 3931279
7 348 5763274
7 349 5759083
7 350 5727755
7 351 3959604
7 352 5732540
7 353 3880998
7 354 9511964
7 355 5769929
7 356 9524900
7 357 3933633
7 358 5734388
7 359 3866819
7 360 3866819
7 361 5734388
7 362 3933633
7 363 9524900
7 364 5769929
7 365 9511964
7 366 3880998
7 367 5732540
7 368 3959604
7 369 5727755
7 370 5759083
7 371 5763274
7 372 3931279
7 373 9534998
7 374 3934502
7 375 5749436
7 376 9595025
7 377 5649083
7 378 5760931
7 379 9624846
7 380 5769192
7 381 5745751
7 382 9596994
7 383 5645772
7 384 3879282
7 385 5725973
7 386 3912799
7 387 9516683
7 388 5740086
7 389 9484233
7 390 3863057
7 391 5711882
7 392 3929134
7 393 3905660
7 394 5738095
7 395 3916209
7 396 3937065
7 397 9639608
7 398 3918728
7 399 3926351
7 400 9636990
7 401 3935580
7 402 5758302
7 403 9624791
7 404 5749678
7 405 3940563
7 406 9628872
7 407 3921610
7 408 3866786
7 409 5727348
7 410 3944138
7 411 5753308
7 412 5771755
7 413 5745872
7 414 3834589
7 415 5568915
7 416 3903196
7 417 3894550
7 418 5593170
7 419 3894869
7 420 3914449
7 421 5724026
7 422 3907321
7 423 3928782
7 424 5720748
7 425 3864784
7 426 5746774
7 427 5771810
7 428 5703148
7 429 3929123
7 430 5727579
7 431 3865730
7 432 3894187
7 433 9506772
7 434 3914130
7 435 5740295
7 436 9479668
7 437 5614609
7 438 3913085
7 439 9533260
7 440 3884309
7 441 3914350
7 442 9624098
7 443 3917562
7 444 3898070
7 445 5735015
7 446 3878336
7 447 3915054
7 448 5731264
7 449 3880580
7 450 9326680
7 451 5573623
7 452 9453609
7 453 3833918
7 454 5568915
7 455 3834589
7 456 5721496
7 457 9558076
7 458 5737600
7 459 5728096
7 460 9588733
7 461 5659874
7 462 5738073
7 463 9568075
7 464 5728690
7 465 3926582
7 466 9633998
7 467 3934249
7 468 5742066
7 469 5724664
7 470 5687308
7 471 3942598
7 472 5717470
7 473 3878941
7 474 9400479
7 475 5616831
7 476 9481109
7 477 3855093
7 478 5614367
7 479 3855225
7 480 3884914
7 481 9595751
7 482 3904692
7 483 9523118
7 484 9541576
7 485 9481901
7 486 3903845
7 487 9585246
7 488 3930784
7 489 5747896
7 490 9624747
7 491 5754023
7 492 3929959
7 493 9602230
7 494 3904197
7 495 5764781
7 496 9627211
7 497 5664857
7 498 9479206
7 499 9510424
7 500 9512030
7 501 5620032
7 502 9556855
7 503 5624916
7 504 3903482
7 505 9611162
7 506 3903834
7 507 9543369
7 508 9541510
7 509 9469284
7 510 3919278
7 511 9592847
7 512 3895067
7 513 3913404
7 514 9623493
7 515 3944050
7 516 3925559
7 517 9600437
7 518 3926615
7 519 3932192
7 520 9628619
7 521 3953103
7 522 9555051
7 523 9554116
7 524 9609567
7 525 3919762
7 526 9618983
7 527 3936119
7 528 3921665
7 529 9571716
7 530 3919201
7 531 5758291
7 532 9636187
7 533 5741736
7 534 3894066
7 535 9482011
7 536 3917298
7 537 3926912
7 538 9520973
7 539 3933006
7 540 3884980
7 541 5724807
7 542 3883264
7 543 3914097
7 544 5736467
7 545 3881658
7 546 9579845
7 547 5759589
7 548 9576501
7 549 3935206
7 550 5721386
7 551 3879601
7 552 3895925
7 553 9521666
7 554 3912491
7 555 5752373
7 556 9550189
7 557 5651129
7 558 3910676
7 559 9533865
7 560 3891063
7 561 3915648
7 562 9626980
7 563 3935041
7 564 3894704
7 565 5738139
7 566 3834589
7 567 3896211
7 568 5740130
7 569 3868161
7 570 9400479
7 571 5616831
7 572 9481109
7 573 3855093
7 574 5614367
7 575 3855225
7 576 9326680
7 577 9374321
7 578 9353740
7 579 5582511
7 580 9461782
7 581 5587252
7 582 9362815
7 583 9373364
7 584 9424844
7 585 3833753
7 586 9463014
7 587 3889358
7 588 9424547
7 589 5581532
7 590 9356974
7 591 3889358
7 592 5563580
7 593 3833863
7 594 9326680
7 595 5573623
7 596 9453609
7 597 3833918
7 598 5568915
7 599 3834589
7 600 5568915
7 601 9456403
7 602 5588253
7 603 9386949
7 604 9487566
7 605 9378061
7 606 5591960
7 607 9461573
7 608 5710078
7 609 5580014
7 610 9508334
7 611 5695404
7 612 5712641
7 613 9478106
7 614 5588638
7 615 5693358
7 616 9492923
7 617 5607107
7 618 9472045
7 619 9496443
7 620 9485388
7 621 5605512
7 622 9493726
7 623 5589111
7 624 5593049
7 625 9475939
7 626 5590189
7 627 9404901
7 628 9490646
7 629 9377357
7 630 5632396
7 631 9546988
7 632 5721727
7 633 3833797
7 634 9572431
7 635 3908465
7 636 5726985
7 637 9521259
7 638 5738381
7 639 3894946
7 640 9496080
7 641 3908113
7 642 9528134
7 643 9511326
7 644 9592352
7 645 3915604
7 646 9582397
7 647 3903284
7 648 5633298
7 649 9548451
7 650 5721650
7 651 5680928
7 652 9603297
7 653 5704974
7 654 5594303
7 655 9468514
7 656 5735763
7 657 3896937
7 658 9524790
7 659 3901810
7 660 5711662
7 661 5600353
7 662 5703280
7 663 3915296
7 664 5560654
7 665 3833753
7 666 9537924
7 667 5718757
7 668 9559770
7 669 3909279
7 670 5701069
7 671 3876466
7 672 5716315
7 673 9522458
7 674 5719901
7 675 5710991
7 676 9487269
7 677 5615401
7 678 5714632
7 679 9520588
7 680 5699452
7 681 3919333
7 682 9603913
7 683 3913019
7 684 5713554
7 685 5703720
7 686 5573623
7 687 3911083
7 688 5700288
7 689 3876466
7 690 9318353
7 691 5572402
7 692 9451013
7 693 3833225
7 694 5567441
7 695 3833907
7 696 9326680
7 697 9374321
7 698 9353740
7 699 5582511
7 700 9461782
7 701 5587252
7 702 9362815
7 703 9373364
7 704 9424844
7 705 3833753
7 706 9463014
7 707 3889358
7 708 9424547
7 709 5581532
7 710 9356974
7 711 3889358
7 712 5563580
7 713 3833863
7 714 9326680
7 715 5573623
7 716 9453609
7 717 3833918
7 718 5568915
7 719 3834589
7 720 4267472
7 721 6462818
7 722 4263670
7 723 8621896
7 724 6472544
7 725 8531632
7 726 4264946
7 727 6451153
7 728 4364601
7 729 7284919
7 730 6478130
7 731 7378633
7 732 4365428
7 733 8670553
7 734 4260323
7 735 7376756
7 736 8630004
7 737 7299275
7 738 6491043
7 739 8674973
7 740 6480260
7 741 7288220
7 742 8628030
7 743 7269357
7 744 4267324
7 745 6462506
7 746 4263520
7 747 8621296
7 748 6472292
7 749 8529363
7 750 4322078
7 751 6577171
7 752 4401089
7 753 4795682
7 754 6590082
7 755 4922390
7 756 4391763
7 757 8762053
7 758 4406019
7 759 4898678
7 760 8705842
7 761 4918153
7 762 6519041
7 763 8695058
7 764 6607379
7 765 4929518
7 766 8729979
7 767 4918156
7 768 4322076
7 769 6577329
7 770 4384124
7 771 7428518
7 772 6614998
7 773 7432729
7 774 4267289
7 775 6460800
7 776 4399138
7 777 4904264
7 778 6502588
7 779 4914265
7 780 4383842
7 781 7357276
7 782 4374305
7 783 4935342
7 784 7315492
7 785 4802616
7 786 6596203
7 787 7466705
7 788 6586190
7 789 4920184
7 790 7425986
7 791 4852976
7 792 4387856
7 793 8732768
7 794 4398565
7 795 7455199
7 796 8700831
7 797 7368474
7 798 4387056
7 799 8697480
7 800 4367994
7 801 4941942
7 802 8754276
7 803 4927869
7 804 4391899
7 805 7437677
7 806 4267297
7 807 4931130
7 808 7425548
7 809 4852874
7 810 8545980
7 811 7327801
7 812 8626492
7 813 4798717
7 814 7317546
7 815 4802460
7 816 6468443
7 817 8646381
7 818 6483076
7 819 7330252
7 820 8685503
7 821 7336331
7 822 6493300
7 823 8647824
7 824 6571825
7 825 4795675
7 826 8677176
7 827 4906289
7 828 6573776
7 829 7334817
7 830 6475480
7 831 4904978
7 832 7303622
7 833 4799815
7 834 8546229
7 835 7326742
7 836 8621367
7 837 4798125
7 838 7311390
7 839 4794536
7 840 4314004
7 841 6542247
7 842 4310403
7 843 8762968
7 844 6551768
7 845 8684500
7 846 4313856
7 847 6540970
7 848 4395596
7 849 7324351
7 850 6553669
7 851 7421860
7 852 4395594
7 853 8766490
7 854 4313829
7 855 7421959
7 856 8697260
7 857 7326280
7 858 6546642
7 859 8765794
7 860 6553878
7 861 7315279
7 862 8697890
7 863 7317396
7 864 4334498
7 865 6604631
7 866 4334413
7 867 8668506
7 868 6605322
7 869 8643256
7 870 4366731
7 871 6758447
7 872 4454743
7 873 3840270
7 874 6761066
7 875 3882182
7 876 4535225
7 877 8951080
7 878 4501938
7 879 3884818
7 880 8872439
7 881 3920561
7 882 6677158
7 883 8919505
7 884 6801086
7 885 3916148
7 886 8894082
7 887 3893389
7 888 4458911
7 889 6865080
7 890 4536395
7 891 7723914
7 892 6881258
7 893 7736138
7 894 4410055
7 895 6828828
7 896 4506273
7 897 3889413
7 898 6807448
7 899 3891559
7 900 4566671
7 901 7780539
7 902 4532981
7 903 3940763
7 904 7750916
7 905 3925677
7 906 6859776
7 907 7874641
7 908 6851033
7 909 3944324
7 910 7826976
7 911 3950598
7 912 4540970
7 913 9110717
7 914 4540616
7 915 7797343
7 916 9046355
7 917 7708819
7 918 4564354
7 919 9043255
7 920 4532559
7 921 3942717
7 922 9014712
7 923 3939657
7 924 4580217
7 925 7856153
7 926 4514985
7 927 3896599
7 928 7844538
7 929 3950569
7 930 8970349
7 931 7728111
7 932 9023008
7 933 3928980
7 934 7885270
7 935 3928824
7 936 6636675
7 937 8982395
7 938 6636895
7 939 7632332
7 940 8978717
7 941 7630643
7 942 6710010
7 943 9013162
7 944 6837066
7 945 3923313
7 946 9035095
7 947 3947291
7 948 6874541
7 949 7902716
7 950 6842495
7 951 3952283
7 952 7861247
7 953 3925346
7 954 8976303
7 955 7737722
7 956 9004645
7 957 3928003
7 958 7858268
7 959 3895224
7 960 4361802
7 961 6640270
7 962 4361551
7 963 8797122
7 964 6641184
7 965 8758664
7 966 4412038
7 967 6746403
7 968 4529951
7 969 5047555
7 970 6777463
7 971 5106266
7 972 4497103
7 973 8943889
7 974 4517336
7 975 5099431
7 976 8943695
7 977 5080488
7 978 6688169
7 979 8938016
7 980 6778795
7 981 5082064
7 982 8946330
7 983 5079372
7 984 4367093
7 985 6651856
7 986 4366952
7 987 8800746
7 988 6652594
7 989 8770582
7 990 4408144
7 991 6829335
7 992 4509198
7 993 3887583
7 994 6813326
7 995 3896682
7 996 4546248
7 997 9046669
7 998 4509675
7 999 3887538
7 1000 8943119
7 1001 3927966
7 1002 6698512
7 1003 8981477
7 1004 6830262
7 1005 3927993
7 1006 8939929
7 1007 3898187
7 1008 4407471
7 1009 6807567
7 1010 4520272
7 1011 5077280
7 1012 6844781
7 1013 5117860
7 1014 4403943
7 1015 6805127
7 1016 4530326
7 1017 3923573
7 1018 6809661
7 1019 3928543
7 1020 4498280
7 1021 4977491
7 1022 4493028
7 1023 3923693
7 1024 4930116
7 1025 3885299
7 1026 6811157
7 1027 5177112
7 1028 6818792
7 1029 3975974
7 1030 5092489
7 1031 3926020
7 1032 4525953
7 1033 9045997
7 1034 4574301
7 1035 5179175
7 1036 9014656
7 1037 5169003
7 1038 4559026
7 1039 9084849
7 1040 4528016
7 1041 3940523
7 1042 9065538
7 1043 3970304
7 1044 4535244
7 1045 5113452
7 1046 4509834
7 1047 3952947
7 1048 5062275
7 1049 3922694
7 1050 8878357
7 1051 5128065
7 1052 8993667
7 1053 3948437
7 1054 5100266
7 1055 3949051
7 1056 6695371
7 1057 9031512
7 1058 6812071
7 1059 5176319
7 1060 9106848
7 1061 5181028
7 1062 6721929
7 1063 9061850
7 1064 6861081
7 1065 3971881
7 1066 9079800
7 1067 3956250
7 1068 6842489
7 1069 5181179
7 1070 6828791
7 1071 4000494
7 1072 5117033
7 1073 3949039
7 1074 8947462
7 1075 5172367
7 1076 9023977
7 1077 3972713
7 1078 5110438
7 1079 3930331
7 1080 4426398
7 1081 6811536
7 1082 4527308
7 1083 7749023
7 1084 6856767
7 1085 7752807
7 1086 4429168
7 1087 6811487
7 1088 4566814
7 1089 5107521
7 1090 6854580
7 1091 5149194
7 1092 4551791
7 1093 7766050
7 1094 4523948
7 1095 5141965
7 1096 7784532
7 1097 5038223
7 1098 6828895
7 1099 7804235
7 1100 6832211
7 1101 5121924
7 1102 7787074
7 1103 5042451
7 1104 4461268
7 1105 6869104
7 1106 4538449
7 1107 7748634
7 1108 6884665
7 1109 7736102
7 1110 4411929
7 1111 6830783
7 1112 4540603
7 1113 3926454
7 1114 6835288
7 1115 3929712
7 1116 4596424
7 1117 7834573
7 1118 4529872
7 1119 3940225
7 1120 7831699
7 1121 3975878
7 1122 6884016
7 1123 7884344
7 1124 6860693
7 1125 3977018
7 1126 7844065
7 1127 3956450
7 1128 4442443
7 1129 6858949
7 1130 4555190
7 1131 5153187
7 1132 6880881
7 1133 5144980
7 1134 4414148
7 1135 6820657
7 1136 4517635
7 1137 3899434
7 1138 6801364
7 1139 3899143
7 1140 4538873
7 1141 5111703
7 1142 4531786
7 1143 3953099
7 1144 5093888
7 1145 3926964
7 1146 6844795
7 1147 5188517
7 1148 6844942
7 1149 3957150
7 1150 5091420
7 1151 3928029
7 1152 4535596
7 1153 7838514
7 1154 4540047
7 1155 5149115
7 1156 7819539
7 1157 5026375
7 1158 4570545
7 1159 7838593
7 1160 4508956
7 1161 3933207
7 1162 7860885
7 1163 3955715
7 1164 4547783
7 1165 5153119
7 1166 4509907
7 1167 3932436
7 1168 5121914
7 1169 3949712
7 1170 7762017
7 1171 4977020
7 1172 7801089
7 1173 3894779
7 1174 5067072
7 1175 3895312
7 1176 6804486
7 1177 7869526
7 1178 6808603
7 1179 5146823
7 1180 7899203
7 1181 5097274
7 1182 6868008
7 1183 7872928
7 1184 6827446
7 1185 3956281
7 1186 7875507
7 1187 3979613
7 1188 6869048
7 1189 5180620
7 1190 6823717
7 1191 3977586
7 1192 5125680
7 1193 3946518
7 1194 7820657
7 1195 5030031
7 1196 7848807
7 1197 3926157
7 1198 5126609
7 1199 3926165
7 1200 4491641
7 1201 8976748
7 1202 4495696
7 1203 7750364
7 1204 8986243
7 1205 7683419
7 1206 4493774
7 1207 8968974
7 1208 4534007
7 1209 5151381
7 1210 9047577
7 1211 5155845
7 1212 4533916
7 1213 7781342
7 1214 4497402
7 1215 5163260
7 1216 7796072
7 1217 5074086
7 1218 8887015
7 1219 7673693
7 1220 8918579
7 1221 5022639
7 1222 7694667
7 1223 5025542
7 1224 4534601
7 1225 9109757
7 1226 4537192
7 1227 7782615
7 1228 9043227
7 1229 7686217
7 1230 4545925
7 1231 9015699
7 1232 4509153
7 1233 3931698
7 1234 9043882
7 1235 3976066
7 1236 4604148
7 1237 7870755
7 1238 4539370
7 1239 3954066
7 1240 7904315
7 1241 4000824
7 1242 9046427
7 1243 7741106
7 1244 9049995
7 1245 3952182
7 1246 7902079
7 1247 3976799
7 1248 4561644
7 1249 9098101
7 1250 4580791
7 1251 5215807
7 1252 9135221
7 1253 5193869
7 1254 4548753
7 1255 9033802
7 1256 4542220
7 1257 3954873
7 1258 9025500
7 1259 3957910
7 1260 4543434
7 1261 5169482
7 1262 4509863
7 1263 3929770
7 1264 5157112
7 1265 3950634
7 1266 9058661
7 1267 5191213
7 1268 9082322
7 1269 3979770
7 1270 5137035
7 1271 3946339
7 1272 4545475
7 1273 7875972
7 1274 4548088
7 1275 5189531
7 1276 7876863
7 1277 5078278
7 1278 4578196
7 1279 7861439
7 1280 4516107
7 1281 3933025
7 1282 7889997
7 1283 3977859
7 1284 4547814
7 1285 5173019
7 1286 4505585
7 1287 3900676
7 1288 5140580
7 1289 3930977
7 1290 7833677
7 1291 5036880
7 1292 7856486
7 1293 3926193
7 1294 5131043
7 1295 3926005
7 1296 8800369
7 1297 7663617
7 1298 8805552
7 1299 5005658
7 1300 7697382
7 1301 5007103
7 1302 8969944
7 1303 7707862
7 1304 8931934
7 1305 3894964
7 1306 7867481
7 1307 3929777
7 1308 9017434
7 1309 5142137
7 1310 8931685
7 1311 3930168
7 1312 5105095
7 1313 3894467
7 1314 7842829
7 1315 5039971
7 1316 7847706
7 1317 3896379
7 1318 5108741
7 1319 3896114
7 1320 6554850
7 1321 8817543
7 1322 6550449
7 1323 7568764
7 1324 8881897
7 1325 7565100
7 1326 6559054
7 1327 8800521
7 1328 6665712
7 1329 4981612
7 1330 8886585
7 1331 5070635
7 1332 6666385
7 1333 7597351
7 1334 6561064
7 1335 5068332
7 1336 7602543
7 1337 4992264
7 1338 8821914
7 1339 7608964
7 1340 8882511
7 1341 4989158
7 1342 7603179
7 1343 4985925
7 1344 6629979
7 1345 8966790
7 1346 6631760
7 1347 7604985
7 1348 8973207
7 1349 7605745
7 1350 6693525
7 1351 8963777
7 1352 6808488
7 1353 3887960
7 1354 9016226
7 1355 3930329
7 1356 6888196
7 1357 7880063
7 1358 6844076
7 1359 3926861
7 1360 7864458
7 1361 3953117
7 1362 9045331
7 1363 7746200
7 1364 9045216
7 1365 3948468
7 1366 7886652
7 1367 3932221
7 1368 6712838
7 1369 9037424
7 1370 6811904
7 1371 5162648
7 1372 9086780
7 1373 5171811
7 1374 6703405
7 1375 8984697
7 1376 6847205
7 1377 3931010
7 1378 9037414
7 1379 3931339
7 1380 6837816
7 1381 5160292
7 1382 6815356
7 1383 3954033
7 1384 5090806
7 1385 3893276
7 1386 9039741
7 1387 5194851
7 1388 9057359
7 1389 3949480
7 1390 5151144
7 1391 3943870
7 1392 6815704
7 1393 7889900
7 1394 6815995
7 1395 5181065
7 1396 7887336
7 1397 5103807
7 1398 6870744
7 1399 7868516
7 1400 6822609
7 1401 3954744
7 1402 7895855
7 1403 3950256
7 1404 6852642
7 1405 5197132
7 1406 6805400
7 1407 3935741
7 1408 5158881
7 1409 3944602
7 1410 7829419
7 1411 5041134
7 1412 7837336
7 1413 3894321
7 1414 5108013
7 1415 3894463
7 1416 8803899
7 1417 7672812
7 1418 8807344
7 1419 5018386
7 1420 7705091
7 1421 5018815
7 1422 8970717
7 1423 7713033
7 1424 8933306
7 1425 3895338
7 1426 7865577
7 1427 3929295
7 1428 9016267
7 1429 5151473
7 1430 8928271
7 1431 3930130
7 1432 5110600
7 1433 3894439
7 1434 7836166
7 1435 5042172
7 1436 7841941
7 1437 3895670
7 1438 5106605
7 1439 3893050
7 1440 986475
7 1441 1441127
7 1442 986399
7 1443 2907288
7 1444 1441966
7 1445 2881796
7 1446 986463
7 1447 1441115
7 1448 993077
7 1449 3403202
7 1450 1442850
7 1451 3416895
7 1452 993077
7 1453 2906400
7 1454 986463
7 1455 3416932
7 1456 2882700
7 1457 3403234
7 1458 1442079
7 1459 2906080
7 1460 1442866
7 1461 3401930
7 1462 2883016
7 1463 3397603
7 1464 989433
7 1465 1447686
7 1466 989423
7 1467 2913164
7 1468 1448001
7 1469 2900304
7 1470 996496
7 1471 1477153
7 1472 1001362
7 1473 1080003
7 1474 1476174
7 1475 1086026
7 1476 1004871
7 1477 2952793
7 1478 1001870
7 1479 1085344
7 1480 2931873
7 1481 1088184
7 1482 1456739
7 1483 2936572
7 1484 1476952
7 1485 1088468
7 1486 2928996
7 1487 1085658
7 1488 996192
7 1489 1473314
7 1490 1002642
7 1491 3468371
7 1492 1476055
7 1493 3469245
7 1494 993844
7 1495 1472556
7 1496 1001573
7 1497 1084444
7 1498 1473573
7 1499 1083761
7 1500 1004281
7 1501 3479564
7 1502 1001884
7 1503 1089067
7 1504 3473167
7 1505 1084347
7 1506 1475812
7 1507 3492069
7 1508 1476845
7 1509 1089011
7 1510 3478596
7 1511 1087386
7 1512 1002931
7 1513 2946477
7 1514 1002582
7 1515 3478921
7 1516 2924450
7 1517 3465396
7 1518 1005518
7 1519 2944199
7 1520 1002066
7 1521 1089573
7 1522 2942291
7 1523 1089450
7 1524 1004180
7 1525 3483772
7 1526 998255
7 1527 1085465
7 1528 3479687
7 1529 1087148
7 1530 2903806
7 1531 3466322
7 1532 2922050
7 1533 1084802
7 1534 3478133
7 1535 1084564
7 1536 1451164
7 1537 2926094
7 1538 1451883
7 1539 3455047
7 1540 2920183
7 1541 3450104
7 1542 1457009
7 1543 2946541
7 1544 1476311
7 1545 1085160
7 1546 2940050
7 1547 1089671
7 1548 1475182
7 1549 3488936
7 1550 1473520
7 1551 1089651
7 1552 3477241
7 1553 1084412
7 1554 2904253
7 1555 3465027
7 1556 2917373
7 1557 1084720
7 1558 3474605
7 1559 1081032
7 1560 983503
7 1561 1437574
7 1562 983423
7 1563 2898382
7 1564 1438471
7 1565 2870278
7 1566 983418
7 1567 1436925
7 1568 992108
7 1569 3401798
7 1570 1440109
7 1571 3415293
7 1572 992108
7 1573 2899488
7 1574 983408
7 1575 3415338
7 1576 2877315
7 1577 3402577
7 1578 1440510
7 1579 2899318
7 1580 1440222
7 1581 3401176
7 1582 2877455
7 1583 3392578
7 1584 989594
7 1585 1447956
7 1586 989586
7 1587 2913397
7 1588 1448238
7 1589 2902220
7 1590 991383
7 1591 1473106
7 1592 995386
7 1593 961849
7 1594 1471319
7 1595 962437
7 1596 1000364
7 1597 2941267
7 1598 995920
7 1599 962331
7 1600 2916866
7 1601 965402
7 1602 1452683
7 1603 2930568
7 1604 1472339
7 1605 965388
7 1606 2914035
7 1607 962455
7 1608 993464
7 1609 1469177
7 1610 1002465
7 1611 3456447
7 1612 1475136
7 1613 3456872
7 1614 991428
7 1615 1472885
7 1616 995533
7 1617 962175
7 1618 1470730
7 1619 962023
7 1620 1001983
7 1621 3461636
7 1622 999082
7 1623 967985
7 1624 3453610
7 1625 965844
7 1626 1473016
7 1627 3472806
7 1628 1475708
7 1629 968148
7 1630 3457461
7 1631 968255
7 1632 1000302
7 1633 2933295
7 1634 997144
7 1635 3460690
7 1636 2915674
7 1637 3448632
7 1638 1003525
7 1639 2943693
7 1640 999088
7 1641 968003
7 1642 2937184
7 1643 968148
7 1644 1001491
7 1645 3463299
7 1646 995709
7 1647 962348
7 1648 3456534
7 1649 968239
7 1650 2893849
7 1651 3443979
7 1652 2918429
7 1653 965777
7 1654 3457489
7 1655 965703
7 1656 1447998
7 1657 2916030
7 1658 1447058
7 1659 3436274
7 1660 2906980
7 1661 3426289
7 1662 1455306
7 1663 2942566
7 1664 1474427
7 1665 965843
7 1666 2939113
7 1667 968335
7 1668 1472663
7 1669 3472027
7 1670 1473908
7 1671 968342
7 1672 3457234
7 1673 965537
7 1674 2895779
7 1675 3441537
7 1676 2915539
7 1677 965700
7 1678 3452875
7 1679 962275
7 1680 987125
7 1681 1445747
7 1682 987119
7 1683 2906350
7 1684 1445954
7 1685 2897167
7 1686 994116
7 1687 1475245
7 1688 1001897
7 1689 1082639
7 1690 1476837
7 1691 1087166
7 1692 1002803
7 1693 2945154
7 1694 1001971
7 1695 1086714
7 1696 2924293
7 1697 1087136
7 1698 1455578
7 1699 2935438
7 1700 1477064
7 1701 1087323
7 1702 2923585
7 1703 1086570
7 1704 987048
7 1705 1445650
7 1706 987041
7 1707 2906483
7 1708 1445854
7 1709 2896788
7 1710 993915
7 1711 1475310
7 1712 998610
7 1713 965134
7 1714 1474121
7 1715 965402
7 1716 1000112
7 1717 2940713
7 1718 998764
7 1719 965378
7 1720 2917577
7 1721 966326
7 1722 1452387
7 1723 2925756
7 1724 1474480
7 1725 966331
7 1726 2916190
7 1727 965329
7 1728 988519
7 1729 1471498
7 1730 998532
7 1731 1082023
7 1732 1477171
7 1733 1086936
7 1734 988524
7 1735 1471452
7 1736 998442
7 1737 965668
7 1738 1473932
7 1739 965844
7 1740 992479
7 1741 1072490
7 1742 992480
7 1743 964975
7 1744 1067058
7 1745 958809
7 1746 1472407
7 1747 1091197
7 1748 1472804
7 1749 971160
7 1750 1082721
7 1751 962176
7 1752 1000609
7 1753 2940837
7 1754 1004627
7 1755 1093703
7 1756 2943835
7 1757 1094166
7 1758 1001129
7 1759 2941044
7 1760 1003908
7 1761 973549
7 1762 2942670
7 1763 974421
7 1764 995924
7 1765 1087802
7 1766 995838
7 1767 968396
7 1768 1082179
7 1769 962252
7 1770 2913536
7 1771 1091123
7 1772 2913694
7 1773 971682
7 1774 1085206
7 1775 965426
7 1776 1452987
7 1777 2936920
7 1778 1479846
7 1779 1092353
7 1780 2942968
7 1781 1091793
7 1782 1453690
7 1783 2938650
7 1784 1479389
7 1785 972443
7 1786 2935432
7 1787 971730
7 1788 1474361
7 1789 1093751
7 1790 1473684
7 1791 974252
7 1792 1085511
7 1793 965264
7 1794 2915095
7 1795 1091702
7 1796 2915193
7 1797 972129
7 1798 1082845
7 1799 962598
7 1800 993975
7 1801 1473798
7 1802 1002654
7 1803 3457061
7 1804 1477623
7 1805 3456278
7 1806 996513
7 1807 1476166
7 1808 1006762
7 1809 1090022
7 1810 1479968
7 1811 1092070
7 1812 1004624
7 1813 3466572
7 1814 1006552
7 1815 1093942
7 1816 3481001
7 1817 1091896
7 1818 1478206
7 1819 3485586
7 1820 1481994
7 1821 1094212
7 1822 3482353
7 1823 1092332
7 1824 996374
7 1825 1476039
7 1826 1002863
7 1827 3458023
7 1828 1477790
7 1829 3457035
7 1830 993739
7 1831 1474830
7 1832 1000991
7 1833 967822
7 1834 1477044
7 1835 968148
7 1836 1007222
7 1837 3488362
7 1838 1004213
7 1839 973388
7 1840 3485047
7 1841 974421
7 1842 1480462
7 1843 3487527
7 1844 1480855
7 1845 974251
7 1846 3485382
7 1847 974253
7 1848 991539
7 1849 1475269
7 1850 1001853
7 1851 1088010
7 1852 1479013
7 1853 1087383
7 1854 991106
7 1855 1470971
7 1856 1001075
7 1857 968239
7 1858 1473638
7 1859 968239
7 1860 995745
7 1861 1084582
7 1862 995684
7 1863 968232
7 1864 1080378
7 1865 962252
7 1866 1474002
7 1867 1090195
7 1868 1473080
7 1869 971398
7 1870 1080480
7 1871 962335
7 1872 998774
7 1873 3458555
7 1874 1004271
7 1875 1092591
7 1876 3457169
7 1877 1089683
7 1878 1001710
7 1879 3462970
7 1880 1001197
7 1881 971671
7 1882 3482455
7 1883 971832
7 1884 998559
7 1885 1089624
7 1886 997642
7 1887 971104
7 1888 1085703
7 1889 967666
7 1890 3427227
7 1891 1085758
7 1892 3449954
7 1893 967815
7 1894 1081315
7 1895 965239
7 1896 1472104
7 1897 3473895
7 1898 1479354
7 1899 1094395
7 1900 3485400
7 1901 1095353
7 1902 1475332
7 1903 3476817
7 1904 1478854
7 1905 974081
7 1906 3496149
7 1907 977172
7 1908 1477221
7 1909 1093486
7 1910 1474114
7 1911 976802
7 1912 1086101
7 1913 967819
7 1914 3444873
7 1915 1089726
7 1916 3455969
7 1917 971076
7 1918 1086417
7 1919 967989
7 1920 1000559
7 1921 2947216
7 1922 1000628
7 1923 3467064
7 1924 2924501
7 1925 3454604
7 1926 1005606
7 1927 2951412
7 1928 1005259
7 1929 1094596
7 1930 2954369
7 1931 1096917
7 1932 1006998
7 1933 3492003
7 1934 1002144
7 1935 1093148
7 1936 3497215
7 1937 1094758
7 1938 2926448
7 1939 3471206
7 1940 2948423
7 1941 1092499
7 1942 3498696
7 1943 1092286
7 1944 1001031
7 1945 2946366
7 1946 1000504
7 1947 3468117
7 1948 2923971
7 1949 3454200
7 1950 1005794
7 1951 2948627
7 1952 1004009
7 1953 973854
7 1954 2952019
7 1955 976553
7 1956 1004091
7 1957 3491354
7 1958 1001807
7 1959 971245
7 1960 3495669
7 1961 976882
7 1962 2924689
7 1963 3471489
7 1964 2947615
7 1965 974427
7 1966 3495589
7 1967 974651
7 1968 1003572
7 1969 2945721
7 1970 1006942
7 1971 1096746
7 1972 2952171
7 1973 1096637
7 1974 1003165
7 1975 2940009
7 1976 1006627
7 1977 976504
7 1978 2944314
7 1979 976882
7 1980 998474
7 1981 1090747
7 1982 998374
7 1983 971263
7 1984 1087840
7 1985 967909
7 1986 2941052
7 1987 1096208
7 1988 2940796
7 1989 976634
7 1990 1087691
7 1991 967809
7 1992 1001701
7 1993 3465782
7 1994 1004353
7 1995 1094182
7 1996 3480419
7 1997 1093006
7 1998 1002337
7 1999 3466948
7 2000 1003473
7 2001 973794
7 2002 3487119
7 2003 975228
7 2004 996079
7 2005 1087992
7 2006 995583
7 2007 968315
7 2008 1082702
7 2009 962672
7 2010 3448720
7 2011 1089251
7 2012 3456850
7 2013 971299
7 2014 1086054
7 2015 967988
7 2016 2895719
7 2017 3444263
7 2018 2923614
7 2019 1089530
7 2020 3483198
7 2021 1089338
7 2022 2896266
7 2023 3444371
7 2024 2925689
7 2025 971506
7 2026 3483330
7 2027 971992
7 2028 2921226
7 2029 1091968
7 2030 2917316
7 2031 974522
7 2032 1083511
7 2033 965497
7 2034 3453557
7 2035 1089126
7 2036 3458847
7 2037 971353
7 2038 1083460
7 2039 965446
7 2040 1448880
7 2041 2921667
7 2042 1449410
7 2043 3438968
7 2044 2918985
7 2045 3435200
7 2046 1457466
7 2047 2947730
7 2048 1480060
7 2049 1089919
7 2050 2949718
7 2051 1092230
7 2052 1478491
7 2053 3487502
7 2054 1477032
7 2055 1092107
7 2056 3486397
7 2057 1089752
7 2058 2926386
7 2059 3468420
7 2060 2942340
7 2061 1089676
7 2062 3486123
7 2063 1086245
7 2064 1449301
7 2065 2920329
7 2066 1449067
7 2067 3439163
7 2068 2918236
7 2069 3434968
7 2070 1457733
7 2071 2950440
7 2072 1479651
7 2073 971078
7 2074 2950551
7 2075 972009
7 2076 1476210
7 2077 3488503
7 2078 1479371
7 2079 971705
7 2080 3485373
7 2081 971960
7 2082 2917955
7 2083 3460459
7 2084 2944251
7 2085 971735
7 2086 3483123
7 2087 968592
7 2088 1456090
7 2089 2946553
7 2090 1481878
7 2091 1094309
7 2092 2954023
7 2093 1094749
7 2094 1455127
7 2095 2942608
7 2096 1481768
7 2097 974491
7 2098 2948179
7 2099 974788
7 2100 1475733
7 2101 1092239
7 2102 1475466
7 2103 974706
7 2104 1083600
7 2105 965327
7 2106 2943276
7 2107 1096587
7 2108 2942905
7 2109 976805
7 2110 1088279
7 2111 968144
7 2112 1475299
7 2113 3478098
7 2114 1480664
7 2115 1097533
7 2116 3485267
7 2117 1095204
7 2118 1475737
7 2119 3479327
7 2120 1479765
7 2121 977090
7 2122 3497352
7 2123 976922
7 2124 1476141
7 2125 1094362
7 2126 1472717
7 2127 974734
7 2128 1088384
7 2129 968298
7 2130 3448879
7 2131 1089383
7 2132 3457515
7 2133 971051
7 2134 1083561
7 2135 965288
7 2136 2897123
7 2137 3444884
7 2138 2923480
7 2139 1090184
7 2140 3481639
7 2141 1089377
7 2142 2897028
7 2143 3444818
7 2144 2926302
7 2145 972032
7 2146 3482579
7 2147 971920
7 2148 2918599
7 2149 1091948
7 2150 2913020
7 2151 974241
7 2152 1083658
7 2153 965434
7 2154 3452079
7 2155 1088704
7 2156 3456278
7 2157 970831
7 2158 1080587
7 2159 962361
7 2160 987216
7 2161 1446045
7 2162 987211
7 2163 2906889
7 2164 1446214
7 2165 2898697
7 2166 996046
7 2167 1472935
7 2168 1002052
7 2169 2017313
7 2170 1472297
7 2171 2023827
7 2172 1002660
7 2173 2945746
7 2174 1001179
7 2175 2023790
7 2176 2921804
7 2177 2020664
7 2178 1455416
7 2179 2937850
7 2180 1472587
7 2181 2020389
7 2182 2921514
7 2183 2019584
7 2184 989603
7 2185 1448134
7 2186 989595
7 2187 2913682
7 2188 1448416
7 2189 2902261
7 2190 999142
7 2191 1479876
7 2192 1004453
7 2193 1085263
7 2194 1479033
7 2195 1088956
7 2196 1005254
7 2197 2953414
7 2198 1004616
7 2199 1088096
7 2200 2932720
7 2201 1089128
7 2202 1457830
7 2203 2937155
7 2204 1479683
7 2205 1089265
7 2206 2931741
7 2207 1088508
7 2208 994356
7 2209 1477183
7 2210 1004003
7 2211 2040321
7 2212 1482577
7 2213 2045081
7 2214 996279
7 2215 1474909
7 2216 1006844
7 2217 1090971
7 2218 1478769
7 2219 1092102
7 2220 1001757
7 2221 2042057
7 2222 1002344
7 2223 1093609
7 2224 2040202
7 2225 1078854
7 2226 1479502
7 2227 2054951
7 2228 1479385
7 2229 1096762
7 2230 2049727
7 2231 1080081
7 2232 1000906
7 2233 2947135
7 2234 1007062
7 2235 2049327
7 2236 2943489
7 2237 2046067
7 2238 1003806
7 2239 2950887
7 2240 1006676
7 2241 1094823
7 2242 2953676
7 2243 1094203
7 2244 1002226
7 2245 2049293
7 2246 1001499
7 2247 1093290
7 2248 2049837
7 2249 1079803
7 2250 2920102
7 2251 2050221
7 2252 2922551
7 2253 1091841
7 2254 2046583
7 2255 1080045
7 2256 1454434
7 2257 2942191
7 2258 1478288
7 2259 2048516
7 2260 2946482
7 2261 2048645
7 2262 1456432
7 2263 2944112
7 2264 1482304
7 2265 1092627
7 2266 2946538
7 2267 1094486
7 2268 1479070
7 2269 2050473
7 2270 1474674
7 2271 1096903
7 2272 2046529
7 2273 1079965
7 2274 2920463
7 2275 2050523
7 2276 2922025
7 2277 1092168
7 2278 2043946
7 2279 1078259
7 2280 989584
7 2281 1447910
7 2282 989576
7 2283 2914399
7 2284 1448115
7 2285 2904073
7 2286 993386
7 2287 1468103
7 2288 1001135
7 2289 2016554
7 2290 1467359
7 2291 2021868
7 2292 1002351
7 2293 2945587
7 2294 997973
7 2295 2021340
7 2296 2920342
7 2297 2019596
7 2298 1454783
7 2299 2936869
7 2300 1467641
7 2301 2019673
7 2302 2918908
7 2303 2016500
7 2304 986880
7 2305 1445224
7 2306 986872
7 2307 2905775
7 2308 1445462
7 2309 2895226
7 2310 993915
7 2311 1475295
7 2312 998456
7 2313 964967
7 2314 1474028
7 2315 965388
7 2316 1000336
7 2317 2940824
7 2318 998774
7 2319 965378
7 2320 2917934
7 2321 966331
7 2322 1452645
7 2323 2928774
7 2324 1474662
7 2325 966314
7 2326 2916699
7 2327 965328
7 2328 996476
7 2329 1475625
7 2330 1006710
7 2331 2044353
7 2332 1482551
7 2333 2046924
7 2334 993590
7 2335 1473011
7 2336 1000850
7 2337 967984
7 2338 1474177
7 2339 968148
7 2340 1004751
7 2341 2041871
7 2342 1003794
7 2343 973854
7 2344 2039340
7 2345 971160
7 2346 1479731
7 2347 2052676
7 2348 1480680
7 2349 976558
7 2350 2047050
7 2351 971711
7 2352 1005691
7 2353 2957217
7 2354 1004335
7 2355 2048207
7 2356 2951594
7 2357 2048304
7 2358 1005484
7 2359 2952589
7 2360 1003989
7 2361 973622
7 2362 2948807
7 2363 974251
7 2364 1004521
7 2365 2046384
7 2366 1001291
7 2367 971228
7 2368 2044480
7 2369 971398
7 2370 2928909
7 2371 2048306
7 2372 2930531
7 2373 974259
7 2374 2047582
7 2375 971436
7 2376 1458138
7 2377 2950279
7 2378 1473761
7 2379 2046198
7 2380 2946710
7 2381 2043182
7 2382 1458066
7 2383 2947848
7 2384 1480753
7 2385 974253
7 2386 2945502
7 2387 974180
7 2388 1481465
7 2389 2052069
7 2390 1475359
7 2391 976888
7 2392 2047467
7 2393 971653
7 2394 2929499
7 2395 2048202
7 2396 2929044
7 2397 974465
7 2398 2044469
7 2399 968338
7 2400 987063
7 2401 1445714
7 2402 987056
7 2403 2905005
7 2404 1446031
7 2405 2893955
7 2406 996523
7 2407 1477495
7 2408 1002335
7 2409 1085685
7 2410 1476722
7 2411 1087002
7 2412 1003016
7 2413 2945507
7 2414 1001812
7 2415 1086267
7 2416 2923851
7 2417 1087249
7 2418 1455818
7 2419 2933271
7 2420 1476982
7 2421 1087257
7 2422 2921638
7 2423 1086181
7 2424 983503
7 2425 1437574
7 2426 983423
7 2427 2898382
7 2428 1438471
7 2429 2870278
7 2430 990981
7 2431 1467893
7 2432 995646
7 2433 962262
7 2434 1468402
7 2435 962455
7 2436 996629
7 2437 2934061
7 2438 995624
7 2439 962348
7 2440 2911764
7 2441 965329
7 2442 1445464
7 2443 2902389
7 2444 1469308
7 2445 965328
7 2446 2907514
7 2447 962283
7 2448 991526
7 2449 1474753
7 2450 1001631
7 2451 1087610
7 2452 1478680
7 2453 1088724
7 2454 991271
7 2455 1472189
7 2456 1001000
7 2457 968233
7 2458 1472706
7 2459 968255
7 2460 995908
7 2461 1084737
7 2462 995860
7 2463 968394
7 2464 1079318
7 2465 962176
7 2466 1473720
7 2467 1091643
7 2468 1473555
7 2469 971711
7 2470 1083128
7 2471 962745
7 2472 1000777
7 2473 2943057
7 2474 1004349
7 2475 1092613
7 2476 2944842
7 2477 1094310
7 2478 1000599
7 2479 2941767
7 2480 1001188
7 2481 970988
7 2482 2941094
7 2483 974253
7 2484 996002
7 2485 1085875
7 2486 995794
7 2487 968454
7 2488 1080383
7 2489 962335
7 2490 2914900
7 2491 1091498
7 2492 2914804
7 2493 971777
7 2494 1085539
7 2495 965600
7 2496 1453142
7 2497 2934737
7 2498 1479713
7 2499 1092360
7 2500 2939598
7 2501 1091347
7 2502 1452017
7 2503 2932654
7 2504 1473213
7 2505 971710
7 2506 2912194
7 2507 968798
7 2508 1474680
7 2509 1094167
7 2510 1473467
7 2511 974563
7 2512 1085688
7 2513 965602
7 2514 2914535
7 2515 1091324
7 2516 2914294
7 2517 971613
7 2518 1082581
7 2519 962597
7 2520 988517
7 2521 1471091
7 2522 1001514
7 2523 2022702
7 2524 1478608
7 2525 2023835
7 2526 991527
7 2527 1474653
7 2528 1004759
7 2529 1088985
7 2530 1481239
7 2531 1089717
7 2532 998920
7 2533 2013303
7 2534 1001682
7 2535 1091197
7 2536 2040561
7 2537 1079490
7 2538 1478474
7 2539 2048365
7 2540 1480027
7 2541 1094679
7 2542 2046519
7 2543 1080254
7 2544 991519
7 2545 1474568
7 2546 1001644
7 2547 2023015
7 2548 1479427
7 2549 2023728
7 2550 988077
7 2551 1467685
7 2552 998479
7 2553 965757
7 2554 1471705
7 2555 965777
7 2556 1004157
7 2557 2039692
7 2558 1000858
7 2559 971142
7 2560 2045045
7 2561 971682
7 2562 1481976
7 2563 2049073
7 2564 1478943
7 2565 974259
7 2566 2048968
7 2567 971777
7 2568 988682
7 2569 1472332
7 2570 1001913
7 2571 1087241
7 2572 1479600
7 2573 1087321
7 2574 987878
7 2575 1464808
7 2576 998375
7 2577 965698
7 2578 1468720
7 2579 965703
7 2580 998463
7 2581 1088309
7 2582 998275
7 2583 970944
7 2584 1084388
7 2585 965426
7 2586 1476432
7 2587 1091843
7 2588 1474708
7 2589 971436
7 2590 1085731
7 2591 965600
7 2592 992368
7 2593 2014760
7 2594 995532
7 2595 1087488
7 2596 2009578
7 2597 1076317
7 2598 995529
7 2599 2016647
7 2600 992254
7 2601 965524
7 2602 2035816
7 2603 967815
7 2604 992679
7 2605 1085300
7 2606 992087
7 2607 965536
7 2608 1083321
7 2609 965239
7 2610 1983448
7 2611 1069287
7 2612 2007863
7 2613 958728
7 2614 1067058
7 2615 958809
7 2616 1471816
7 2617 2028725
7 2618 1473649
7 2619 1093015
7 2620 2046695
7 2621 1083042
7 2622 1473605
7 2623 2029622
7 2624 1472604
7 2625 971618
7 2626 2051962
7 2627 973980
7 2628 1473471
7 2629 1092569
7 2630 1470827
7 2631 972145
7 2632 1090647
7 2633 970597
7 2634 2016496
7 2635 1073302
7 2636 2022869
7 2637 962164
7 2638 1072712
7 2639 962171
7 2640 997332
7 2641 2938069
7 2642 1003928
7 2643 2027280
7 2644 2946463
7 2645 2028431
7 2646 1000654
7 2647 2944806
7 2648 1006979
7 2649 1092898
7 2650 2956103
7 2651 1095804
7 2652 1004383
7 2653 2046726
7 2654 1003650
7 2655 1096217
7 2656 2051245
7 2657 1085366
7 2658 2936120
7 2659 2045270
7 2660 2944279
7 2661 1093190
7 2662 2050610
7 2663 1085302
7 2664 1000431
7 2665 2945073
7 2666 1003686
7 2667 2029930
7 2668 2948361
7 2669 2027055
7 2670 1000208
7 2671 2941110
7 2672 1001244
7 2673 971306
7 2674 2945914
7 2675 974427
7 2676 1004295
7 2677 2047756
7 2678 1003632
7 2679 973934
7 2680 2050275
7 2681 976634
7 2682 2950139
7 2683 2049439
7 2684 2948791
7 2685 974470
7 2686 2052361
7 2687 976878
7 2688 1000720
7 2689 2942035
7 2690 1006542
7 2691 1094851
7 2692 2953994
7 2693 1094653
7 2694 999930
7 2695 2937223
7 2696 1003831
7 2697 973880
7 2698 2943280
7 2699 974651
7 2700 998132
7 2701 1088796
7 2702 997922
7 2703 970786
7 2704 1086028
7 2705 967809
7 2706 2942842
7 2707 1095927
7 2708 2942206
7 2709 976878
7 2710 1088777
7 2711 970734
7 2712 995539
7 2713 2026970
7 2714 996414
7 2715 1090146
7 2716 2041681
7 2717 1079897
7 2718 996519
7 2719 2027349
7 2720 995499
7 2721 968551
7 2722 2049439
7 2723 971299
7 2724 995624
7 2725 1089372
7 2726 994136
7 2727 968229
7 2728 1088162
7 2729 967988
7 2730 2014458
7 2731 1072722
7 2732 2022518
7 2733 961999
7 2734 1072189
7 2735 962007
7 2736 2905090
7 2737 2021766
7 2738 2912796
7 2739 1088291
7 2740 2042979
7 2741 1082153
7 2742 2912848
7 2743 2022201
7 2744 2913161
7 2745 968259
7 2746 2045688
7 2747 973581
7 2748 2913390
7 2749 1088169
7 2750 2909557
7 2751 971419
7 2752 1084813
7 2753 967686
7 2754 2016896
7 2755 1075297
7 2756 2025452
7 2757 964708
7 2758 1074798
7 2759 964716
7 2760 1450651
7 2761 2936411
7 2762 1475354
7 2763 2026156
7 2764 2948971
7 2765 2026834
7 2766 1452960
7 2767 2941011
7 2768 1482151
7 2769 1091613
7 2770 2951282
7 2771 1093313
7 2772 1481244
7 2773 2048168
7 2774 1476877
7 2775 1097295
7 2776 2049566
7 2777 1083412
7 2778 2943064
7 2779 2049892
7 2780 2945599
7 2781 1095320
7 2782 2048745
7 2783 1081857
7 2784 1452952
7 2785 2941294
7 2786 1474842
7 2787 2026880
7 2788 2949429
7 2789 2026353
7 2790 1452936
7 2791 2942055
7 2792 1478142
7 2793 971747
7 2794 2945913
7 2795 972031
7 2796 1478269
7 2797 2051665
7 2798 1479755
7 2799 976779
7 2800 2051180
7 2801 974924
7 2802 2947866
7 2803 2048806
7 2804 2949113
7 2805 977016
7 2806 2052293
7 2807 971876
7 2808 1453200
7 2809 2941615
7 2810 1482201
7 2811 1093273
7 2812 2952903
7 2813 1093167
7 2814 1451510
7 2815 2935224
7 2816 1478795
7 2817 972375
7 2818 2941461
7 2819 971861
7 2820 1477096
7 2821 1094745
7 2822 1474907
7 2823 976807
7 2824 1088574
7 2825 970505
7 2826 2939525
7 2827 1096236
7 2828 2937789
7 2829 974101
7 2830 1088423
7 2831 968435
7 2832 1473435
7 2833 2032024
7 2834 1474547
7 2835 1095642
7 2836 2044457
7 2837 1085430
7 2838 1474642
7 2839 2032046
7 2840 1473182
7 2841 974538
7 2842 2053785
7 2843 976224
7 2844 1473809
7 2845 1095019
7 2846 1466293
7 2847 974265
7 2848 1093164
7 2849 973222
7 2850 2017586
7 2851 1075645
7 2852 2025520
7 2853 964713
7 2854 1075060
7 2855 964721
7 2856 2909896
7 2857 2026308
7 2858 2913679
7 2859 1091087
7 2860 2046893
7 2861 1082399
7 2862 2914015
7 2863 2026052
7 2864 2915803
7 2865 971272
7 2866 2049319
7 2867 973769
7 2868 2915654
7 2869 1090988
7 2870 2911109
7 2871 972182
7 2872 1088484
7 2873 970264
7 2874 2018192
7 2875 1073047
7 2876 2024384
7 2877 962329
7 2878 1072673
7 2879 962334
7 2880 988143
7 2881 1467479
7 2882 999681
7 2883 3436893
7 2884 1474167
7 2885 3436201
7 2886 991216
7 2887 1471033
7 2888 1004111
7 2889 2017245
7 2890 1477779
7 2891 2024234
7 2892 1001827
7 2893 3465622
7 2894 1000921
7 2895 2028495
7 2896 3457102
7 2897 1999384
7 2898 1475390
7 2899 3468465
7 2900 1475962
7 2901 2024643
7 2902 3457286
7 2903 1998888
7 2904 991072
7 2905 1470794
7 2906 999940
7 2907 3439430
7 2908 1475127
7 2909 3435969
7 2910 994224
7 2911 1477433
7 2912 1004928
7 2913 1089102
7 2914 1481620
7 2915 1090197
7 2916 1006971
7 2917 3490575
7 2918 1007171
7 2919 1094801
7 2920 3489969
7 2921 1091444
7 2922 1480560
7 2923 3485294
7 2924 1484368
7 2925 1095632
7 2926 3490441
7 2927 1090762
7 2928 994072
7 2929 1476750
7 2930 1006787
7 2931 2045934
7 2932 1483628
7 2933 2046812
7 2934 991111
7 2935 1468748
7 2936 1004750
7 2937 1089696
7 2938 1475939
7 2939 1089799
7 2940 1004836
7 2941 2048613
7 2942 1004463
7 2943 1096467
7 2944 2047635
7 2945 1082339
7 2946 1482174
7 2947 2054363
7 2948 1480998
7 2949 1096376
7 2950 2052742
7 2951 1082863
7 2952 998640
7 2953 3467338
7 2954 1001783
7 2955 2045036
7 2956 3457933
7 2957 2017024
7 2958 1001860
7 2959 3473069
7 2960 1001680
7 2961 1094242
7 2962 3492253
7 2963 1094561
7 2964 1002207
7 2965 2049264
7 2966 999963
7 2967 1094315
7 2968 2052768
7 2969 1085154
7 2970 3447995
7 2971 2019460
7 2972 3459396
7 2973 1078400
7 2974 2020841
7 2975 1078325
7 2976 1471965
7 2977 3471053
7 2978 1475255
7 2979 2040443
7 2980 3476047
7 2981 2023898
7 2982 1475578
7 2983 3472518
7 2984 1479377
7 2985 1094032
7 2986 3492793
7 2987 1095039
7 2988 1479781
7 2989 2045081
7 2990 1474670
7 2991 1094892
7 2992 2048675
7 2993 1084908
7 2994 3448734
7 2995 2020203
7 2996 3459283
7 2997 1078500
7 2998 2020792
7 2999 1077972
7 3000 991216
7 3001 1470938
7 3002 1000229
7 3003 3439717
7 3004 1475183
7 3005 3438562
7 3006 991267
7 3007 1470788
7 3008 1004309
7 3009 2021045
7 3010 1477622
7 3011 2026310
7 3012 1001778
7 3013 3468450
7 3014 1000241
7 3015 2027073
7 3016 3457535
7 3017 1998621
7 3018 1475348
7 3019 3471151
7 3020 1475092
7 3021 2024393
7 3022 3457117
7 3023 1996942
7 3024 993761
7 3025 1473250
7 3026 1000179
7 3027 3438434
7 3028 1474998
7 3029 3434952
7 3030 988593
7 3031 1472438
7 3032 998530
7 3033 965584
7 3034 1476200
7 3035 965843
7 3036 1005245
7 3037 3473299
7 3038 1003964
7 3039 973390
7 3040 3468226
7 3041 972443
7 3042 1478597
7 3043 3468889
7 3044 1481888
7 3045 974253
7 3046 3467968
7 3047 971710
7 3048 993724
7 3049 1474532
7 3050 1006498
7 3051 2043845
7 3052 1483033
7 3053 2044717
7 3054 993826
7 3055 1476747
7 3056 1001474
7 3057 968328
7 3058 1478031
7 3059 968342
7 3060 1006862
7 3061 2043835
7 3062 1006412
7 3063 976501
7 3064 2042651
7 3065 974252
7 3066 1483042
7 3067 2051698
7 3068 1484232
7 3069 976888
7 3070 2049532
7 3071 974563
7 3072 1004480
7 3073 3491656
7 3074 1004361
7 3075 2048289
7 3076 3485934
7 3077 2023422
7 3078 1006749
7 3079 3490441
7 3080 1001222
7 3081 971685
7 3082 3493295
7 3083 974081
7 3084 1006639
7 3085 2049778
7 3086 1003830
7 3087 973805
7 3088 2046982
7 3089 976802
7 3090 3482629
7 3091 2023361
7 3092 3487193
7 3093 971618
7 3094 2042896
7 3095 972145
7 3096 1478116
7 3097 3493477
7 3098 1477677
7 3099 2047332
7 3100 3484890
7 3101 2022739
7 3102 1480368
7 3103 3491882
7 3104 1479913
7 3105 972092
7 3106 3495206
7 3107 977019
7 3108 1483902
7 3109 2049057
7 3110 1481661
7 3111 975247
7 3112 2048962
7 3113 976646
7 3114 3482947
7 3115 2023641
7 3116 3486528
7 3117 971779
7 3118 2042031
7 3119 971709
7 3120 993781
7 3121 1473199
7 3122 999974
7 3123 3438324
7 3124 1474956
7 3125 3433262
7 3126 993605
7 3127 1472970
7 3128 1006771
7 3129 1090702
7 3130 1477532
7 3131 1092148
7 3132 1007226
7 3133 3488183
7 3134 1003075
7 3135 1094207
7 3136 3487224
7 3137 1090950
7 3138 1480636
7 3139 3484474
7 3140 1478977
7 3141 1094667
7 3142 3485439
7 3143 1087661
7 3144 990831
7 3145 1465923
7 3146 996041
7 3147 3435480
7 3148 1468199
7 3149 3426227
7 3150 993406
7 3151 1472720
7 3152 1001208
7 3153 968147
7 3154 1476174
7 3155 968335
7 3156 1000680
7 3157 3471461
7 3158 1001765
7 3159 970997
7 3160 3466636
7 3161 971730
7 3162 1472324
7 3163 3459401
7 3164 1477945
7 3165 974180
7 3166 3464150
7 3167 968798
7 3168 988081
7 3169 1467557
7 3170 1001481
7 3171 1087040
7 3172 1476938
7 3173 1087509
7 3174 988029
7 3175 1466828
7 3176 998215
7 3177 965528
7 3178 1467818
7 3179 965537
7 3180 998330
7 3181 1089225
7 3182 998326
7 3183 970945
7 3184 1084169
7 3185 965264
7 3186 1473864
7 3187 1092016
7 3188 1475192
7 3189 971653
7 3190 1085985
7 3191 965602
7 3192 1004233
7 3193 3471245
7 3194 1003686
7 3195 1095626
7 3196 3487218
7 3197 1095247
7 3198 1004318
7 3199 3471874
7 3200 1002418
7 3201 974010
7 3202 3490288
7 3203 977172
7 3204 998295
7 3205 1090683
7 3206 996739
7 3207 970778
7 3208 1087803
7 3209 967819
7 3210 3459203
7 3211 1091907
7 3212 3463884
7 3213 973980
7 3214 1088717
7 3215 970597
7 3216 1477539
7 3217 3470298
7 3218 1478784
7 3219 1096611
7 3220 3488088
7 3221 1092445
7 3222 1476867
7 3223 3470440
7 3224 1478844
7 3225 977019
7 3226 3483383
7 3227 974577
7 3228 1477383
7 3229 1095516
7 3230 1473389
7 3231 976646
7 3232 1089764
7 3233 970662
7 3234 3459051
7 3235 1091670
7 3236 3463365
7 3237 973774
7 3238 1086363
7 3239 968197
7 3240 988532
7 3241 1471831
7 3242 1002117
7 3243 2024412
7 3244 1479295
7 3245 2024311
7 3246 991198
7 3247 1471691
7 3248 1004451
7 3249 1088929
7 3250 1477282
7 3251 1089330
7 3252 1001934
7 3253 2041668
7 3254 1002417
7 3255 1094288
7 3256 2049144
7 3257 1080422
7 3258 1479430
7 3259 2050852
7 3260 1478954
7 3261 1094433
7 3262 2047112
7 3263 1080061
7 3264 991336
7 3265 1473238
7 3266 1001505
7 3267 2023525
7 3268 1477582
7 3269 2023129
7 3270 988168
7 3271 1468668
7 3272 998606
7 3273 965686
7 3274 1473328
7 3275 965700
7 3276 1004323
7 3277 2047478
7 3278 1003492
7 3279 973708
7 3280 2048496
7 3281 972129
7 3282 1480770
7 3283 2048936
7 3284 1479278
7 3285 974465
7 3286 2048243
7 3287 971613
7 3288 988122
7 3289 1467482
7 3290 1001365
7 3291 1086939
7 3292 1475173
7 3293 1086663
7 3294 983503
7 3295 1437574
7 3296 993831
7 3297 962275
7 3298 1441557
7 3299 962275
7 3300 996054
7 3301 1087752
7 3302 995090
7 3303 968232
7 3304 1082648
7 3305 962598
7 3306 1470570
7 3307 1090856
7 3308 1462943
7 3309 968338
7 3310 1082671
7 3311 962597
7 3312 995529
7 3313 2026344
7 3314 996536
7 3315 1090099
7 3316 2038782
7 3317 1079807
7 3318 996408
7 3319 2026922
7 3320 995282
7 3321 968549
7 3322 2049402
7 3323 971076
7 3324 995627
7 3325 1089338
7 3326 994382
7 3327 968385
7 3328 1088116
7 3329 967989
7 3330 2015910
7 3331 1072879
7 3332 2023576
7 3333 962164
7 3334 1072410
7 3335 962171
7 3336 1472627
7 3337 2030215
7 3338 1472943
7 3339 1092762
7 3340 2047390
7 3341 1082836
7 3342 1473278
7 3343 2030337
7 3344 1472804
7 3345 971779
7 3346 2052022
7 3347 973774
7 3348 1472198
7 3349 1092465
7 3350 1465152
7 3351 971709
7 3352 1088136
7 3353 968197
7 3354 2017017
7 3355 1072971
7 3356 2023619
7 3357 962241
7 3358 1072529
7 3359 962247
7 3360 992249
7 3361 3435063
7 3362 995674
7 3363 2021289
7 3364 3448925
7 3365 1998035
7 3366 995520
7 3367 3441463
7 3368 998550
7 3369 1090058
7 3370 3480687
7 3371 1091029
7 3372 998541
7 3373 2043105
7 3374 995831
7 3375 1090144
7 3376 2047751
7 3377 1082760
7 3378 3425822
7 3379 2010748
7 3380 3451276
7 3381 1077811
7 3382 2017418
7 3383 1077729
7 3384 995680
7 3385 3441379
7 3386 995754
7 3387 2023838
7 3388 3454352
7 3389 1996002
7 3390 998031
7 3391 3440687
7 3392 992329
7 3393 965527
7 3394 3463598
7 3395 971506
7 3396 998342
7 3397 2041113
7 3398 998086
7 3399 968867
7 3400 2046535
7 3401 974522
7 3402 3471355
7 3403 2018079
7 3404 3473785
7 3405 968259
7 3406 2033344
7 3407 971419
7 3408 998246
7 3409 3440896
7 3410 998133
7 3411 1091748
7 3412 3480841
7 3413 1090832
7 3414 995594
7 3415 3440286
7 3416 997962
7 3417 968859
7 3418 3464362
7 3419 971992
7 3420 990919
7 3421 1086320
7 3422 991607
7 3423 965303
7 3424 1085727
7 3425 965497
7 3426 3458248
7 3427 1091550
7 3428 3460814
7 3429 973581
7 3430 1085851
7 3431 967686
7 3432 992666
7 3433 2022817
7 3434 995604
7 3435 1088914
7 3436 2042070
7 3437 1080059
7 3438 995590
7 3439 2023980
7 3440 992415
7 3441 965688
7 3442 2046891
7 3443 971353
7 3444 992673
7 3445 1086652
7 3446 990081
7 3447 965150
7 3448 1085826
7 3449 965446
7 3450 2017406
7 3451 1075574
7 3452 2025024
7 3453 964708
7 3454 1074996
7 3455 964716
7 3456 3392578
7 3457 1986321
7 3458 3416779
7 3459 1072153
7 3460 2006217
7 3461 1070365
7 3462 3418055
7 3463 1986194
7 3464 3422258
7 3465 958714
7 3466 2006386
7 3467 964384
7 3468 3422219
7 3469 1072032
7 3470 3420650
7 3471 964384
7 3472 1066974
7 3473 958724
7 3474 1983448
7 3475 1069287
7 3476 2007863
7 3477 958728
7 3478 1067058
7 3479 958809
7 3480 1465297
7 3481 3448444
7 3482 1468980
7 3483 2016942
7 3484 3463248
7 3485 2001527
7 3486 1468899
7 3487 3451203
7 3488 1475718
7 3489 1092051
7 3490 3490198
7 3491 1093186
7 3492 1475857
7 3493 2036862
7 3494 1468753
7 3495 1092548
7 3496 2046884
7 3497 1084692
7 3498 3450293
7 3499 2020665
7 3500 3463175
7 3501 1081057
7 3502 2022926
7 3503 1080390
7 3504 1469070
7 3505 3452532
7 3506 1469114
7 3507 2021162
7 3508 3466156
7 3509 2001125
7 3510 1471751
7 3511 3452659
7 3512 1470936
7 3513 968064
7 3514 3474847
7 3515 974209
7 3516 1475071
7 3517 2039157
7 3518 1475708
7 3519 971915
7 3520 2042186
7 3521 976529
7 3522 3481595
7 3523 2022405
7 3524 3485388
7 3525 973733
7 3526 2041600
7 3527 974081
7 3528 1471876
7 3529 3452635
7 3530 1474944
7 3531 1094112
7 3532 3490049
7 3533 1092974
7 3534 1468413
7 3535 3451802
7 3536 1475179
7 3537 971695
7 3538 3475700
7 3539 974312
7 3540 1467297
7 3541 1091691
7 3542 1468410
7 3543 971387
7 3544 1087814
7 3545 967928
7 3546 3463659
7 3547 1091588
7 3548 3466743
7 3549 973762
7 3550 1088538
7 3551 970415
7 3552 1471033
7 3553 2027108
7 3554 1472767
7 3555 1094094
7 3556 2039911
7 3557 1084783
7 3558 1473371
7 3559 2028267
7 3560 1469617
7 3561 971684
7 3562 2050338
7 3563 975883
7 3564 1470492
7 3565 1092129
7 3566 1459681
7 3567 971177
7 3568 1090419
7 3569 970582
7 3570 2015103
7 3571 1075473
7 3572 2024496
7 3573 964546
7 3574 1074795
7 3575 964556
7 3576 3406901
7 3577 1991995
7 3578 3419757
7 3579 1073246
7 3580 2011928
7 3581 1071287
7 3582 3420527
7 3583 1991792
7 3584 3424667
7 3585 961755
7 3586 2012147
7 3587 965333
7 3588 3424569
7 3589 1073218
7 3590 3421986
7 3591 965333
7 3592 1070259
7 3593 961755
7 3594 1990900
7 3595 1072322
7 3596 2012483
7 3597 961690
7 3598 1070271
7 3599 961767
7 3600 990880
7 3601 2930606
7 3602 993991
7 3603 3440836
7 3604 2915101
7 3605 3431694
7 3606 994109
7 3607 2933995
7 3608 998410
7 3609 2019529
7 3610 2941596
7 3611 2022153
7 3612 998593
7 3613 3463282
7 3614 994424
7 3615 2023635
7 3616 3465556
7 3617 2000698
7 3618 2910972
7 3619 3445383
7 3620 2912999
7 3621 1994304
7 3622 3451849
7 3623 1994645
7 3624 994111
7 3625 2934434
7 3626 994192
7 3627 3444901
7 3628 2917292
7 3629 3432535
7 3630 999919
7 3631 2946616
7 3632 998856
7 3633 1089553
7 3634 2952007
7 3635 1092828
7 3636 1001141
7 3637 3482391
7 3638 1001522
7 3639 1090556
7 3640 3491940
7 3641 1093897
7 3642 2928390
7 3643 3470562
7 3644 2950312
7 3645 1091278
7 3646 3496456
7 3647 1091357
7 3648 999688
7 3649 2943685
7 3650 1001063
7 3651 2044254
7 3652 2952676
7 3653 2043311
7 3654 994503
7 3655 2929362
7 3656 1001621
7 3657 1090343
7 3658 2941575
7 3659 1092989
7 3660 998824
7 3661 2045740
7 3662 998700
7 3663 1091778
7 3664 2047982
7 3665 1083014
7 3666 2948443
7 3667 2050285
7 3668 2944871
7 3669 1094806
7 3670 2047890
7 3671 1084825
7 3672 998534
7 3673 3469543
7 3674 1001157
7 3675 2047075
7 3676 3473833
7 3677 2023470
7 3678 1001175
7 3679 3472269
7 3680 998536
7 3681 1091783
7 3682 3496759
7 3683 1095015
7 3684 998931
7 3685 2045544
7 3686 993954
7 3687 1089583
7 3688 2050449
7 3689 1082784
7 3690 3456835
7 3691 2023413
7 3692 3468785
7 3693 1080980
7 3694 2023114
7 3695 1080433
7 3696 2901894
7 3697 3437960
7 3698 2906270
7 3699 2011642
7 3700 3456694
7 3701 2012957
7 3702 2907967
7 3703 3438548
7 3704 2929904
7 3705 1077600
7 3706 3462991
7 3707 1087671
7 3708 2930254
7 3709 2015151
7 3710 2907216
7 3711 1087859
7 3712 2015381
7 3713 1077651
7 3714 3442982
7 3715 2016585
7 3716 3464902
7 3717 1077750
7 3718 2015720
7 3719 1077110
7 3720 994032
7 3721 2934810
7 3722 994570
7 3723 3445351
7 3724 2917846
7 3725 3433157
7 3726 994183
7 3727 2933949
7 3728 998759
7 3729 2021546
7 3730 2941724
7 3731 2022602
7 3732 998749
7 3733 3465120
7 3734 994407
7 3735 2023494
7 3736 3466173
7 3737 2001160
7 3738 2912206
7 3739 3446059
7 3740 2912730
7 3741 1994417
7 3742 3452019
7 3743 1993922
7 3744 997112
7 3745 2942856
7 3746 997434
7 3747 3446867
7 3748 2920164
7 3749 3433464
7 3750 997310
7 3751 2938079
7 3752 992571
7 3753 965058
7 3754 2942418
7 3755 971078
7 3756 1003805
7 3757 3471958
7 3758 998684
7 3759 968716
7 3760 3478792
7 3761 974491
7 3762 2925322
7 3763 3455106
7 3764 2945548
7 3765 971747
7 3766 3480771
7 3767 972375
7 3768 999812
7 3769 2940912
7 3770 1003939
7 3771 2046923
7 3772 2953878
7 3773 2043885
7 3774 1000290
7 3775 2945145
7 3776 998442
7 3777 968552
7 3778 2945913
7 3779 971705
7 3780 1001440
7 3781 2041644
7 3782 1001030
7 3783 971568
7 3784 2045351
7 3785 974706
7 3786 2953996
7 3787 2049761
7 3788 2956570
7 3789 976779
7 3790 2048519
7 3791 976807
7 3792 1003920
7 3793 3490463
7 3794 1001348
7 3795 2047109
7 3796 3490114
7 3797 2023486
7 3798 1006545
7 3799 3490378
7 3800 1001143
7 3801 971429
7 3802 3496625
7 3803 977090
7 3804 1004045
7 3805 2050645
7 3806 998871
7 3807 968652
7 3808 2051775
7 3809 974734
7 3810 3492511
7 3811 2025930
7 3812 3497069
7 3813 974538
7 3814 2045312
7 3815 974265
7 3816 2914321
7 3817 3462070
7 3818 2913688
7 3819 2016930
7 3820 3468019
7 3821 2016551
7 3822 2925136
7 3823 3466664
7 3824 2940096
7 3825 968064
7 3826 3489385
7 3827 971695
7 3828 2945676
7 3829 2037097
7 3830 2940078
7 3831 971915
7 3832 2039037
7 3833 971387
7 3834 3490865
7 3835 2024687
7 3836 3494681
7 3837 971684
7 3838 2041904
7 3839 971177
7 3840 997285
7 3841 2942861
7 3842 997449
7 3843 3446975
7 3844 2919670
7 3845 3433373
7 3846 999674
7 3847 2945228
7 3848 1003673
7 3849 1092196
7 3850 2957765
7 3851 1095005
7 3852 1003885
7 3853 3480988
7 3854 1001556
7 3855 1092347
7 3856 3500181
7 3857 1093954
7 3858 2931475
7 3859 3473027
7 3860 2950217
7 3861 1091371
7 3862 3496985
7 3863 1090984
7 3864 994236
7 3865 2932857
7 3866 994224
7 3867 3445145
7 3868 2913208
7 3869 3431749
7 3870 999952
7 3871 2945658
7 3872 998574
7 3873 968721
7 3874 2947633
7 3875 972009
7 3876 1001497
7 3877 3475369
7 3878 998662
7 3879 968767
7 3880 3481053
7 3881 974788
7 3882 2919842
7 3883 3454075
7 3884 2946211
7 3885 972031
7 3886 3480643
7 3887 971861
7 3888 997272
7 3889 2933888
7 3890 1001132
7 3891 1092772
7 3892 2946826
7 3893 1092973
7 3894 997245
7 3895 2933961
7 3896 1000905
7 3897 971263
7 3898 2936964
7 3899 971960
7 3900 992293
7 3901 1086217
7 3902 992334
7 3903 965607
7 3904 1085617
7 3905 965327
7 3906 2939870
7 3907 1094824
7 3908 2941473
7 3909 974924
7 3910 1090648
7 3911 970505
7 3912 1000784
7 3913 3466105
7 3914 1003494
7 3915 1095083
7 3916 3483884
7 3917 1095531
7 3918 1003376
7 3919 3468999
7 3920 1000181
7 3921 971084
7 3922 3489631
7 3923 976922
7 3924 998114
7 3925 1090913
7 3926 997677
7 3927 970880
7 3928 1088588
7 3929 968298
7 3930 3461273
7 3931 1094768
7 3932 3472494
7 3933 976224
7 3934 1091545
7 3935 973222
7 3936 2920560
7 3937 3451226
7 3938 2944132
7 3939 1092897
7 3940 3489833
7 3941 1092343
7 3942 2918956
7 3943 3450383
7 3944 2946074
7 3945 974209
7 3946 3489946
7 3947 974312
7 3948 2941362
7 3949 1094155
7 3950 2937161
7 3951 976529
7 3952 1086152
7 3953 967928
7 3954 3461254
7 3955 1094412
7 3956 3472585
7 3957 975883
7 3958 1088806
7 3959 970582
7 3960 997240
7 3961 2934209
7 3962 1003186
7 3963 2027074
7 3964 2946122
7 3965 2025545
7 3966 999955
7 3967 2937979
7 3968 1006704
7 3969 1093921
7 3970 2947427
7 3971 1094956
7 3972 1001204
7 3973 2041877
7 3974 1002862
7 3975 1095223
7 3976 2051374
7 3977 1085735
7 3978 2945814
7 3979 2050646
7 3980 2947653
7 3981 1095500
7 3982 2047298
7 3983 1084488
7 3984 999930
7 3985 2939786
7 3986 1000019
7 3987 2025326
7 3988 2944147
7 3989 2022236
7 3990 997222
7 3991 2928731
7 3992 1001129
7 3993 971099
7 3994 2936691
7 3995 971735
7 3996 1002343
7 3997 2046313
7 3998 999237
7 3999 971080
7 4000 2050004
7 4001 976805
7 4002 2951270
7 4003 2045953
7 4004 2949625
7 4005 977016
7 4006 2049633
7 4007 974101
7 4008 997414
7 4009 2927696
7 4010 1003949
7 4011 1092731
7 4012 2941520
7 4013 1092679
7 4014 992696
7 4015 2902383
7 4016 997269
7 4017 968476
7 4018 2909221
7 4019 968592
7 4020 998045
7 4021 1089876
7 4022 997200
7 4023 970648
7 4024 1087503
7 4025 968144
7 4026 2935047
7 4027 1094253
7 4028 2932296
7 4029 971876
7 4030 1088682
7 4031 968435
7 4032 992548
7 4033 2022299
7 4034 995586
7 4035 1088896
7 4036 2040123
7 4037 1080097
7 4038 995571
7 4039 2023682
7 4040 990832
7 4041 965299
7 4042 2046590
7 4043 971051
7 4044 992442
7 4045 1086547
7 4046 990745
7 4047 965218
7 4048 1085727
7 4049 965288
7 4050 2018002
7 4051 1075785
7 4052 2025345
7 4053 964713
7 4054 1075160
7 4055 964721
7 4056 2932479
7 4057 2028149
7 4058 2935713
7 4059 1093417
7 4060 2045656
7 4061 1084152
7 4062 2936162
7 4063 2027620
7 4064 2936235
7 4065 973733
7 4066 2048355
7 4067 973762
7 4068 2935413
7 4069 1093206
7 4070 2929954
7 4071 974081
7 4072 1088683
7 4073 970415
7 4074 2015518
7 4075 1075613
7 4076 2024321
7 4077 964546
7 4078 1074895
7 4079 964556
7 4080 992263
7 4081 3436404
7 4082 995674
7 4083 2021766
7 4084 3451279
7 4085 1999468
7 4086 995520
7 4087 3441646
7 4088 998540
7 4089 1090168
7 4090 3481460
7 4091 1091463
7 4092 998363
7 4093 2043175
7 4094 995576
7 4095 1089928
7 4096 2049823
7 4097 1082514
7 4098 3439818
7 4099 2017795
7 4100 3453850
7 4101 1078888
7 4102 2021148
7 4103 1078447
7 4104 995666
7 4105 3441655
7 4106 995725
7 4107 2024147
7 4108 3455206
7 4109 1998500
7 4110 998209
7 4111 3440859
7 4112 992552
7 4113 965533
7 4114 3463874
7 4115 972032
7 4116 998012
7 4117 2041232
7 4118 998084
7 4119 968540
7 4120 2047089
7 4121 974241
7 4122 3472711
7 4123 2021117
7 4124 3476702
7 4125 971272
7 4126 2040164
7 4127 972182
7 4128 998233
7 4129 3440747
7 4130 997973
7 4131 1091742
7 4132 3478678
7 4133 1090989
7 4134 995306
7 4135 3438860
7 4136 997639
7 4137 968686
7 4138 3462500
7 4139 971920
7 4140 992087
7 4141 1086542
7 4142 991953
7 4143 965218
7 4144 1085928
7 4145 965434
7 4146 3456991
7 4147 1091880
7 4148 3459513
7 4149 973769
7 4150 1088692
7 4151 970264
7 4152 992482
7 4153 2022010
7 4154 995187
7 4155 1088401
7 4156 2043093
7 4157 1079791
7 4158 995318
7 4159 2022421
7 4160 992127
7 4161 965137
7 4162 2045675
7 4163 970831
7 4164 992089
7 4165 1085961
7 4166 983503
7 4167 962024
7 4168 1082906
7 4169 962361
7 4170 2018753
7 4171 1073330
7 4172 2023956
7 4173 962329
7 4174 1072875
7 4175 962334
7 4176 3406901
7 4177 1991995
7 4178 3419757
7 4179 1073246
7 4180 2011928
7 4181 1071287
7 4182 3420527
7 4183 1991792
7 4184 3424667
7 4185 961755
7 4186 2012147
7 4187 965333
7 4188 3424569
7 4189 1073218
7 4190 3421986
7 4191 965333
7 4192 1070259
7 4193 961755
7 4194 1990900
7 4195 1072322
7 4196 2012483
7 4197 961690
7 4198 1070271
7 4199 961767
7 4200 2870278
7 4201 3405074
7 4202 2874593
7 4203 1985360
7 4204 3427923
7 4205 1987029
7 4206 2875954
7 4207 3404842
7 4208 2902798
7 4209 1072719
7 4210 3443847
7 4211 1082395
7 4212 2902850
7 4213 2005252
7 4214 2874244
7 4215 1082395
7 4216 2009583
7 4217 1074101
7 4218 3424733
7 4219 2010058
7 4220 3446805
7 4221 1074077
7 4222 2008982
7 4223 1070589
7 4224 2876045
7 4225 3409622
7 4226 2874591
7 4227 1987196
7 4228 3430178
7 4229 1986859
7 4230 2887346
7 4231 3414660
7 4232 2899486
7 4233 958714
7 4234 3450116
7 4235 965148
7 4236 2903853
7 4237 2008732
7 4238 2905675
7 4239 964899
7 4240 2008336
7 4241 967620
7 4242 3464946
7 4243 2010895
7 4244 3469072
7 4245 967613
7 4246 2029667
7 4247 965472
7 4248 2887489
7 4249 3414610
7 4250 2904676
7 4251 1082037
7 4252 3448794
7 4253 1082612
7 4254 2876259
7 4255 3409490
7 4256 2906669
7 4257 965148
7 4258 3450444
7 4259 965291
7 4260 2899759
7 4261 1075320
7 4262 2899318
7 4263 967620
7 4264 1066959
7 4265 958710
7 4266 3428826
7 4267 1085150
7 4268 3450057
7 4269 967298
7 4270 1080734
7 4271 964655
7 4272 2901142
7 4273 2011549
7 4274 2905225
7 4275 1086708
7 4276 2008314
7 4277 1077614
7 4278 2906913
7 4279 2010639
7 4280 2898122
7 4281 967613
7 4282 2031063
7 4283 967298
7 4284 2897056
7 4285 1084680
7 4286 2874622
7 4287 965472
7 4288 1080734
7 4289 964655
7 4290 1982465
7 4291 1069275
7 4292 2007438
7 4293 958642
7 4294 1066973
7 4295 958724
7 4296 3392578
7 4297 1986321
7 4298 3416779
7 4299 1072153
7 4300 2006217
7 4301 1070365
7 4302 3418055
7 4303 1986194
7 4304 3422258
7 4305 958714
7 4306 2006386
7 4307 964384
7 4308 3422219
7 4309 1072032
7 4310 3420650
7 4311 964384
7 4312 1066974
7 4313 958724
7 4314 1983448
7 4315 1069287
7 4316 2007863
7 4317 958728
7 4318 1067058
7 4319 958809
7 4320 1437574
7 4321 2898292
7 4322 1440914
7 4323 3411333
7 4324 2904038
7 4325 3405363
7 4326 1441718
7 4327 2900341
7 4328 1464442
7 4329 1984887
7 4330 2907638
7 4331 2010818
7 4332 1464898
7 4333 3433197
7 4334 1441364
7 4335 2010762
7 4336 3431936
7 4337 1989988
7 4338 2906030
7 4339 3435351
7 4340 2906879
7 4341 1989510
7 4342 3431843
7 4343 1986844
7 4344 1441743
7 4345 2901956
7 4346 1441360
7 4347 3414863
7 4348 2905681
7 4349 3405487
7 4350 1451280
7 4351 2930389
7 4352 1472105
7 4353 1072444
7 4354 2936861
7 4355 1086055
7 4356 1470051
7 4357 3461609
7 4358 1472158
7 4359 1083530
7 4360 3460089
7 4361 1085429
7 4362 2920757
7 4363 3455432
7 4364 2941699
7 4365 1087135
7 4366 3477028
7 4367 1084269
7 4368 1451031
7 4369 2930282
7 4370 1468989
7 4371 2029027
7 4372 2939278
7 4373 2032715
7 4374 1442225
7 4375 2900492
7 4376 1471678
7 4377 1083569
7 4378 2916725
7 4379 1084527
7 4380 1469979
7 4381 2013910
7 4382 1468785
7 4383 1088332
7 4384 2009376
7 4385 1074357
7 4386 2936393
7 4387 2040758
7 4388 2935513
7 4389 1087398
7 4390 2037282
7 4391 1078850
7 4392 1470552
7 4393 3462395
7 4394 1471459
7 4395 2036473
7 4396 3454799
7 4397 2014275
7 4398 1469936
7 4399 3457594
7 4400 1467893
7 4401 1089153
7 4402 3478534
7 4403 1088194
7 4404 1471056
7 4405 2034421
7 4406 1441114
7 4407 1085971
7 4408 2037287
7 4409 1078849
7 4410 3429957
7 4411 2012318
7 4412 3453695
7 4413 1074383
7 4414 2012175
7 4415 1074290
7 4416 2901706
7 4417 3437086
7 4418 2905731
7 4419 2011453
7 4420 3454195
7 4421 2012459
7 4422 2907238
7 4423 3436893
7 4424 2927392
7 4425 1074768
7 4426 3455975
7 4427 1086476
7 4428 2927464
7 4429 2013365
7 4430 2902376
7 4431 1086546
7 4432 2011258
7 4433 1074143
7 4434 3430306
7 4435 2012240
7 4436 3451386
7 4437 1074059
7 4438 2008521
7 4439 1070273
7 4440 1441595
7 4441 2902108
7 4442 1441791
7 4443 3414958
7 4444 2905926
7 4445 3406493
7 4446 1441846
7 4447 2899935
7 4448 1465022
7 4449 1986632
7 4450 2908777
7 4451 2011391
7 4452 1465108
7 4453 3435261
7 4454 1441372
7 4455 2010738
7 4456 3432379
7 4457 1990294
7 4458 2906441
7 4459 3435741
7 4460 2906805
7 4461 1989526
7 4462 3432016
7 4463 1986824
7 4464 1445298
7 4465 2913657
7 4466 1445744
7 4467 3416458
7 4468 2913704
7 4469 3411450
7 4470 1449330
7 4471 2927923
7 4472 1466826
7 4473 958718
7 4474 2931637
7 4475 964881
7 4476 1474606
7 4477 3463214
7 4478 1473842
7 4479 965095
7 4480 3458977
7 4481 968260
7 4482 2922757
7 4483 3445997
7 4484 2940168
7 4485 968260
7 4486 3463240
7 4487 965681
7 4488 1451543
7 4489 2931316
7 4490 1474117
7 4491 2031720
7 4492 2945483
7 4493 2037260
7 4494 1452335
7 4495 2933503
7 4496 1473411
7 4497 965095
7 4498 2935568
7 4499 965258
7 4500 1477717
7 4501 2012379
7 4502 1476045
7 4503 970815
7 4504 2008185
7 4505 967944
7 4506 2943262
7 4507 2042317
7 4508 2949252
7 4509 970719
7 4510 2038329
7 4511 971067
7 4512 1476670
7 4513 3483227
7 4514 1472622
7 4515 2037878
7 4516 3478808
7 4517 2017747
7 4518 1479536
7 4519 3482855
7 4520 1478318
7 4521 970815
7 4522 3484221
7 4523 970719
7 4524 1478079
7 4525 2041855
7 4526 1471714
7 4527 965904
7 4528 2040028
7 4529 971212
7 4530 3476547
7 4531 2017102
7 4532 3482394
7 4533 968419
7 4534 2036287
7 4535 968380
7 4536 2913029
7 4537 3460536
7 4538 2910043
7 4539 2015682
7 4540 3461027
7 4541 2012964
7 4542 2924347
7 4543 3465319
7 4544 2939050
7 4545 967944
7 4546 3484131
7 4547 971067
7 4548 2943168
7 4549 2036423
7 4550 2935157
7 4551 971212
7 4552 2036361
7 4553 968229
7 4554 3479220
7 4555 2021061
7 4556 3481272
7 4557 968380
7 4558 2035863
7 4559 965239
7 4560 1445544
7 4561 2914031
7 4562 1445755
7 4563 3416798
7 4564 2913699
7 4565 3411452
7 4566 1451436
7 4567 2932074
7 4568 1478273
7 4569 1083109
7 4570 2944711
7 4571 1088728
7 4572 1474731
7 4573 3461549
7 4574 1474085
7 4575 1086570
7 4576 3479651
7 4577 1087224
7 4578 2929317
7 4579 3463156
7 4580 2944921
7 4581 1087782
7 4582 3480814
7 4583 1084336
7 4584 1442187
7 4585 2902416
7 4586 1441620
7 4587 3415031
7 4588 2904451
7 4589 3405795
7 4590 1451957
7 4591 2934146
7 4592 1474021
7 4593 964881
7 4594 2938130
7 4595 965959
7 4596 1471156
7 4597 3466031
7 4598 1473769
7 4599 965258
7 4600 3464181
7 4601 968747
7 4602 2915237
7 4603 3440824
7 4604 2940825
7 4605 968747
7 4606 3462137
7 4607 965679
7 4608 1449342
7 4609 2928486
7 4610 1475956
7 4611 1084860
7 4612 2943591
7 4613 1089353
7 4614 1449242
7 4615 2928106
7 4616 1475944
7 4617 968260
7 4618 2934722
7 4619 968747
7 4620 1468598
7 4621 1075489
7 4622 1468524
7 4623 967944
7 4624 1066963
7 4625 958714
7 4626 2934980
7 4627 1093052
7 4628 2936503
7 4629 973423
7 4630 1084928
7 4631 965148
7 4632 1474102
7 4633 3463605
7 4634 1476762
7 4635 1091430
7 4636 3465141
7 4637 1091702
7 4638 1476547
7 4639 3468143
7 4640 1475364
7 4641 970719
7 4642 3487567
7 4643 973564
7 4644 1475219
7 4645 1087973
7 4646 1471076
7 4647 971212
7 4648 1081862
7 4649 964899
7 4650 3433165
7 4651 1088428
7 4652 3456886
7 4653 970378
7 4654 1083690
7 4655 967613
7 4656 2918723
7 4657 3446287
7 4658 2940720
7 4659 1091897
7 4660 3481789
7 4661 1088974
7 4662 2917679
7 4663 3446320
7 4664 2940985
7 4665 973423
7 4666 3479008
7 4667 971342
7 4668 2939477
7 4669 1093593
7 4670 2934332
7 4671 976127
7 4672 1085586
7 4673 967620
7 4674 3452884
7 4675 1091227
7 4676 3463083
7 4677 973183
7 4678 1083439
7 4679 965472
7 4680 1449218
7 4681 2930059
7 4682 1474149
7 4683 2019396
7 4684 2947226
7 4685 2021413
7 4686 1451757
7 4687 2933662
7 4688 1480911
7 4689 1088649
7 4690 2946607
7 4691 1091178
7 4692 1477479
7 4693 2011945
7 4694 1475547
7 4695 1092623
7 4696 2038063
7 4697 1081646
7 4698 2940519
7 4699 2042091
7 4700 2947742
7 4701 1092576
7 4702 2041610
7 4703 1081346
7 4704 1451527
7 4705 2935707
7 4706 1469548
7 4707 2018557
7 4708 2945611
7 4709 2017266
7 4710 1448870
7 4711 2926570
7 4712 1475933
7 4713 968260
7 4714 2938013
7 4715 968747
7 4716 1476601
7 4717 2035928
7 4718 1473610
7 4719 970719
7 4720 2040701
7 4721 973423
7 4722 2951657
7 4723 2042708
7 4724 2947006
7 4725 973564
7 4726 2042618
7 4727 971342
7 4728 1449365
7 4729 2925373
7 4730 1478530
7 4731 1088868
7 4732 2942755
7 4733 1088249
7 4734 1441711
7 4735 2900171
7 4736 1469417
7 4737 965681
7 4738 2910716
7 4739 965679
7 4740 1474763
7 4741 1087109
7 4742 1472398
7 4743 971067
7 4744 1082233
7 4745 965148
7 4746 2936432
7 4747 1092137
7 4748 2933783
7 4749 971342
7 4750 1083136
7 4751 965291
7 4752 1468260
7 4753 2016815
7 4754 1471838
7 4755 1090192
7 4756 2010934
7 4757 1079168
7 4758 1471780
7 4759 2018657
7 4760 1465389
7 4761 968419
7 4762 2037520
7 4763 970378
7 4764 1469473
7 4765 1088020
7 4766 1462357
7 4767 968380
7 4768 1085411
7 4769 967613
7 4770 1982101
7 4771 1069275
7 4772 2007327
7 4773 958632
7 4774 1066963
7 4775 958714
7 4776 2926041
7 4777 2022803
7 4778 2934315
7 4779 1090509
7 4780 2040147
7 4781 1083354
7 4782 2934749
7 4783 2023022
7 4784 2931982
7 4785 970378
7 4786 2043905
7 4787 973033
7 4788 2932463
7 4789 1090096
7 4790 2927185
7 4791 973183
7 4792 1084380
7 4793 967298
7 4794 2012470
7 4795 1075241
7 4796 2023294
7 4797 964372
7 4798 1074466
7 4799 964384
7 4800 1464869
7 4801 3444840
7 4802 1468776
7 4803 2016394
7 4804 3458595
7 4805 1999435
7 4806 1468561
7 4807 3447690
7 4808 1475052
7 4809 1091692
7 4810 3486277
7 4811 1092455
7 4812 1474509
7 4813 2036020
7 4814 1466749
7 4815 1091886
7 4816 2043902
7 4817 1084247
7 4818 3431967
7 4819 2012788
7 4820 3459682
7 4821 1079825
7 4822 2018701
7 4823 1079558
7 4824 1468693
7 4825 3451124
7 4826 1468558
7 4827 2020183
7 4828 3463364
7 4829 1996127
7 4830 1471039
7 4831 3448323
7 4832 1469614
7 4833 967944
7 4834 3472378
7 4835 973423
7 4836 1472527
7 4837 2036088
7 4838 1474383
7 4839 971212
7 4840 2041090
7 4841 976127
7 4842 3478776
7 4843 2018292
7 4844 3480779
7 4845 970378
7 4846 2033724
7 4847 973183
7 4848 1471021
7 4849 3446665
7 4850 1470965
7 4851 1092621
7 4852 3484431
7 4853 1089833
7 4854 1464325
7 4855 3440303
7 4856 1470902
7 4857 971067
7 4858 3466207
7 4859 971342
7 4860 1465335
7 4861 1087895
7 4862 1464481
7 4863 968229
7 4864 1086468
7 4865 967620
7 4866 3460646
7 4867 1090946
7 4868 3465506
7 4869 973033
7 4870 1085263
7 4871 967298
7 4872 1469059
7 4873 2022768
7 4874 1469320
7 4875 1090901
7 4876 2036967
7 4877 1082158
7 4878 1470680
7 4879 2023196
7 4880 1466324
7 4881 968380
7 4882 2045859
7 4883 973183
7 4884 1465383
7 4885 1088496
7 4886 1438471
7 4887 965239
7 4888 1085252
7 4889 965472
7 4890 2012371
7 4891 1075241
7 4892 2023268
7 4893 964372
7 4894 1074466
7 4895 964384
7 4896 3391277
7 4897 1986206
7 4898 3416549
7 4899 1072145
7 4900 2006100
7 4901 1070360
7 4902 3417856
7 4903 1986079
7 4904 3422078
7 4905 958632
7 4906 2006270
7 4907 964372
7 4908 3422045
7 4909 1072022
7 4910 3420557
7 4911 964372
7 4912 1066892
7 4913 958642
7 4914 1983267
7 4915 1069210
7 4916 2007755
7 4917 958647
7 4918 1066977
7 4919 958728
7 4920 2870278
7 4921 3405074
7 4922 2874593
7 4923 1985360
7 4924 3427923
7 4925 1987029
7 4926 2875954
7 4927 3404842
7 4928 2902798
7 4929 1072719
7 4930 3443847
7 4931 1082395
7 4932 2902850
7 4933 2005252
7 4934 2874244
7 4935 1082395
7 4936 2009583
7 4937 1074101
7 4938 3424733
7 4939 2010058
7 4940 3446805
7 4941 1074077
7 4942 2008982
7 4943 1070589
7 4944 2876045
7 4945 3409622
7 4946 2874591
7 4947 1987196
7 4948 3430178
7 4949 1986859
7 4950 2887346
7 4951 3414660
7 4952 2899486
7 4953 958714
7 4954 3450116
7 4955 965148
7 4956 2903853
7 4957 2008732
7 4958 2905675
7 4959 964899
7 4960 2008336
7 4961 967620
7 4962 3464946
7 4963 2010895
7 4964 3469072
7 4965 967613
7 4966 2029667
7 4967 965472
7 4968 2887489
7 4969 3414610
7 4970 2904676
7 4971 1082037
7 4972 3448794
7 4973 1082612
7 4974 2876259
7 4975 3409490
7 4976 2906669
7 4977 965148
7 4978 3450444
7 4979 965291
7 4980 2899759
7 4981 1075320
7 4982 2899318
7 4983 967620
7 4984 1066959
7 4985 958710
7 4986 3428826
7 4987 1085150
7 4988 3450057
7 4989 967298
7 4990 1080734
7 4991 964655
7 4992 2901142
7 4993 2011549
7 4994 2905225
7 4995 1086708
7 4996 2008314
7 4997 1077614
7 4998 2906913
7 4999 2010639
7 5000 2898122
7 5001 967613
7 5002 2031063
7 5003 967298
7 5004 2897056
7 5005 1084680
7 5006 2874622
7 5007 965472
7 5008 1080734
7 5009 964655
7 5010 1982465
7 5011 1069275
7 5012 2007438
7 5013 958642
7 5014 1066973
7 5015 958724
7 5016 3392578
7 5017 1986321
7 5018 3416779
7 5019 1072153
7 5020 2006217
7 5021 1070365
7 5022 3418055
7 5023 1986194
7 5024 3422258
7 5025 958714
7 5026 2006386
7 5027 964384
7 5028 3422219
7 5029 1072032
7 5030 3420650
7 5031 964384
7 5032 1066974
7 5033 958724
7 5034 1983448
7 5035 1069287
7 5036 2007863
7 5037 958728
7 5038 1067058
7 5039 958809
