3 0 39916800
3 1 39916800
3 2 39916800
3 3 39914798
3 4 39912642
3 5 39907180
4 0 39887108
4 1 39868290
4 2 39886647
4 3 39833914
4 4 39873960
4 5 39831325
4 6 39686680
4 7 39603306
4 8 39748978
4 9 38942904
4 10 39779560
4 11 39249192
4 12 39154059
4 13 38841920
4 14 39056626
4 15 37862946
4 16 38799501
4 17 37580865
4 18 38949856
4 19 38513756
4 20 39168757
4 21 36777526
4 22 38444071
4 23 36854895
5 0 34634805
5 1 36881575
5 2 34491310
5 3 36267039
5 4 37222702
5 5 36143191
5 6 34558915
5 7 36860381
5 8 35245741
5 9 32673462
5 10 37310998
5 11 33328332
5 12 35252561
5 13 36351768
5 14 34539539
5 15 33269355
5 16 36303156
5 17 32608846
5 18 37088365
5 19 36391978
5 20 37335149
5 21 32560967
5 22 36307942
5 23 32478735
5 24 34123914
5 25 35790676
5 26 34065722
5 27 34297134
5 28 35939098
5 29 34227322
5 30 35023420
5 31 36104454
5 32 35158654
5 33 30257040
5 34 36853738
5 35 31075444
5 36 35434358
5 37 35424584
5 38 35605520
5 39 30919974
5 40 35541440
5 41 31065332
5 42 36844830
5 43 35596122
5 44 36963128
5 45 31138164
5 46 36066062
5 47 31307272
5 48 28823335
5 49 31703420
5 50 29164542
5 51 27250905
5 52 32412891
5 53 27353774
5 54 28626612
5 55 31560253
5 56 29323213
5 57 24355201
5 58 32339121
5 59 24383327
5 60 29210092
5 61 26962641
5 62 29211164
5 63 24683268
5 64 26571888
5 65 24073717
5 66 32315386
5 67 27633175
5 68 32743245
5 69 24657785
5 70 27334856
5 71 24580978
5 72 25951267
5 73 29547896
5 74 25968589
5 75 24712163
5 76 29527347
5 77 24244605
5 78 26019832
5 79 29509914
5 80 25758088
5 81 21465701
5 82 29985952
5 83 21398346
5 84 25785188
5 85 24601067
5 86 25111315
5 87 21367875
5 88 24511154
5 89 21167442
5 90 28811456
5 91 23960144
5 92 29458361
5 93 20829226
5 94 23841212
5 95 20854400
5 96 29838536
5 97 29088819
5 98 30082802
5 99 24050090
5 100 29459819
5 101 24058865
5 102 30171948
5 103 29091269
5 104 30298624
5 105 20814843
5 106 29462923
5 107 21299062
5 108 30293324
5 109 24023890
5 110 30201440
5 111 21299058
5 112 23777336
5 113 20828763
5 114 28811456
5 115 23960144
5 116 29458361
5 117 20829226
5 118 23841212
5 119 20854400
6 0 14403750
6 1 20868726
6 2 14376623
6 3 22531955
6 4 20945180
6 5 22364486
6 6 14388166
6 7 20821219
6 8 14833749
6 9 16875483
6 10 21003551
6 11 17266476
6 12 14840264
6 13 22854217
6 14 14339019
6 15 17247316
6 16 22906376
6 17 16956242
6 18 21050469
6 19 22909627
6 20 21019150
6 21 16928931
6 22 22884726
6 23 16837880
6 24 14373569
6 25 20820911
6 26 14343126
6 27 22516606
6 28 20910470
6 29 22347796
6 30 14751113
6 31 21330662
6 32 15191936
6 33 12677249
6 34 21584789
6 35 13010137
6 36 15015125
6 37 23209540
6 38 15163227
6 39 12914099
6 40 23269661
6 41 12981168
6 42 21270812
6 43 23117580
6 44 21673006
6 45 13033545
6 46 23422621
6 47 12931157
6 48 14757750
6 49 21331953
6 50 15032770
6 51 17339956
6 52 21588008
6 53 17434272
6 54 14347518
6 55 20829437
6 56 15101925
6 57 12913276
6 58 21281313
6 59 12943444
6 60 15078663
6 61 17129280
6 62 14998116
6 63 13008363
6 64 16996715
6 65 12668673
6 66 21616802
6 67 17581003
6 68 21499108
6 69 12951500
6 70 17476345
6 71 12810170
6 72 15125969
6 73 23180776
6 74 15107569
6 75 17487992
6 76 23209294
6 77 17147795
6 78 15053774
6 79 23115540
6 80 14975786
6 81 13066652
6 82 23499378
6 83 13014705
6 84 15100345
6 85 17450206
6 86 14299572
6 87 12958554
6 88 17472273
6 89 12785969
6 90 22752220
6 91 17066660
6 92 23183165
6 93 12677643
6 94 17048230
6 95 12613102
6 96 21115102
6 97 22923103
6 98 21166576
6 99 17059973
6 100 23177668
6 101 17077238
6 102 21191712
6 103 22912987
6 104 21527766
6 105 12703513
6 106 23217379
6 107 12962455
6 108 21525209
6 109 17072223
6 110 21106117
6 111 12958184
6 112 17002404
6 113 12632235
6 114 22754073
6 115 17058789
6 116 23151343
6 117 12662167
6 118 16997741
6 119 12490390
6 120 18384388
6 121 23392156
6 122 18328010
6 123 22645524
6 124 23557282
6 125 22557776
6 126 18381758
6 127 23378136
6 128 18796534
6 129 17543898
6 130 23568018
6 131 17954220
6 132 18797416
6 133 22743836
6 134 18373484
6 135 17950292
6 136 22714338
6 137 17573690
6 138 23429974
6 139 22756108
6 140 23568320
6 141 17539068
6 142 22707740
6 143 17538542
6 144 18734876
6 145 23888884
6 146 18712544
6 147 22814886
6 148 23960400
6 149 22752534
6 150 18967296
6 151 23851164
6 152 19366230
6 153 14836514
6 154 24166076
6 155 15061524
6 156 19682726
6 157 23912104
6 158 19606168
6 159 15071522
6 160 24064716
6 161 15254764
6 162 24456156
6 163 23859164
6 164 24447228
6 165 15226726
6 166 24265930
6 167 15135770
6 168 19070036
6 169 24151412
6 170 19449334
6 171 18570516
6 172 24387378
6 173 18714660
6 174 19128892
6 175 24205128
6 176 19620692
6 177 15085340
6 178 24410140
6 179 15101886
6 180 19660396
6 181 18354530
6 182 19653564
6 183 15244488
6 184 18173712
6 185 15081374
6 186 24398444
6 187 19012814
6 188 24619182
6 189 15242534
6 190 18794398
6 191 15279384
6 192 19665936
6 193 24045050
6 194 19612242
6 195 18824340
6 196 23974374
6 197 18432492
6 198 19871150
6 199 24034816
6 200 19759904
6 201 15281960
6 202 24233010
6 203 15238892
6 204 19722524
6 205 18985018
6 206 19596156
6 207 15162962
6 208 18865376
6 209 15280066
6 210 24033152
6 211 18395620
6 212 24187626
6 213 15136536
6 214 18763556
6 215 15149306
6 216 23921858
6 217 23676310
6 218 23967788
6 219 18378458
6 220 23781562
6 221 18404844
6 222 24379758
6 223 23779896
6 224 24404166
6 225 15091430
6 226 24281666
6 227 15276548
6 228 24586702
6 229 18850272
6 230 24528950
6 231 15300946
6 232 18780308
6 233 15132610
6 234 24167488
6 235 18613474
6 236 24254878
6 237 15146004
6 238 18874288
6 239 15137430
6 240 12206535
6 241 16055177
6 242 12192186
6 243 16259066
6 244 16112279
6 245 16199664
6 246 12513811
6 247 16225316
6 248 13039114
6 249 10190805
6 250 16810789
6 251 10291304
6 252 12848595
6 253 16909516
6 254 12940932
6 255 10229492
6 256 17336222
6 257 10246001
6 258 16586572
6 259 16953736
6 260 16803062
6 261 10255072
6 262 17363963
6 263 10207748
6 264 12185977
6 265 16010941
6 266 12169131
6 267 16251917
6 268 16074922
6 269 16177560
6 270 12603123
6 271 16267169
6 272 12888986
6 273 9479562
6 274 16551044
6 275 9516324
6 276 12860230
6 277 16981553
6 278 12865961
6 279 9478378
6 280 17103039
6 281 9564521
6 282 16486826
6 283 16756247
6 284 16611594
6 285 9567361
6 286 17076578
6 287 9517521
6 288 12549505
6 289 16228096
6 290 13008667
6 291 10333326
6 292 16700390
6 293 10410476
6 294 12509303
6 295 16227819
6 296 13046975
6 297 9680661
6 298 16586891
6 299 9702576
6 300 12731026
6 301 10103009
6 302 12731496
6 303 9672605
6 304 9854965
6 305 9436862
6 306 16673349
6 307 10522712
6 308 16762726
6 309 9922476
6 310 10184276
6 311 9654944
6 312 12855229
6 313 17126149
6 314 13108614
6 315 10467653
6 316 17115340
6 317 10474386
6 318 13053885
6 319 17268714
6 320 13026097
6 321 9767405
6 322 17608603
6 323 9785810
6 324 13020689
6 325 10369675
6 326 12937227
6 327 9834191
6 328 10110805
6 329 9632284
6 330 16863026
6 331 10344354
6 332 17453372
6 333 9676341
6 334 10152463
6 335 9682183
6 336 16596312
6 337 17065537
6 338 16854623
6 339 10473299
6 340 17561254
6 341 10469167
6 342 16720435
6 343 17093179
6 344 16873800
6 345 9814883
6 346 17623423
6 347 9839849
6 348 16806246
6 349 10490821
6 350 16813142
6 351 9957436
6 352 10200554
6 353 9694117
6 354 17213275
6 355 10459336
6 356 17664626
6 357 9837977
6 358 10226294
6 359 9720433
6 360 7666765
6 361 12199650
6 362 7875944
6 363 10048803
6 364 12378169
6 365 10072695
6 366 7691703
6 367 12238596
6 368 7966137
6 369 6773076
6 370 12370411
6 371 6806622
6 372 7928309
6 373 9988140
6 374 7902458
6 375 6822146
6 376 10171954
6 377 6717827
6 378 12339799
6 379 10228244
6 380 12411693
6 381 6819782
6 382 10208802
6 383 6709737
6 384 7687820
6 385 12259524
6 386 7811303
6 387 10030539
6 388 12371987
6 389 10021789
6 390 7645715
6 391 12159861
6 392 7906042
6 393 6175638
6 394 12287303
6 395 6184486
6 396 7917050
6 397 10148895
6 398 7874064
6 399 6209179
6 400 10202751
6 401 6248365
6 402 12445945
6 403 10227720
6 404 12382551
6 405 6249828
6 406 10227880
6 407 6218802
6 408 7656142
6 409 12147333
6 410 7932790
6 411 6772812
6 412 12327015
6 413 6764153
6 414 7542457
6 415 11984814
6 416 7809894
6 417 6139802
6 418 12097625
6 419 6139749
6 420 7894649
6 421 6746254
6 422 7861662
6 423 6214281
6 424 6677424
6 425 6136346
6 426 12297723
6 427 6812820
6 428 12279331
6 429 6218802
6 430 6688427
6 431 6138280
6 432 7841059
6 433 10022172
6 434 7893235
6 435 6797685
6 436 9963626
6 437 6684799
6 438 7893018
6 439 10041707
6 440 7802362
6 441 6181688
6 442 10166789
6 443 6205428
6 444 7852948
6 445 6764096
6 446 7764431
6 447 6181392
6 448 6718477
6 449 6169385
6 450 9748696
6 451 6582906
6 452 9939100
6 453 6079368
6 454 6546654
6 455 6081686
6 456 12254121
6 457 10106907
6 458 12346267
6 459 6802194
6 460 10203030
6 461 6742560
6 462 12350281
6 463 10105335
6 464 12306973
6 465 6210961
6 466 10244189
6 467 6243778
6 468 12312435
6 469 6791459
6 470 12267168
6 471 6247342
6 472 6705883
6 473 6164947
6 474 9969823
6 475 6636144
6 476 10091846
6 477 6125833
6 478 6615328
6 479 6126649
6 480 7803239
6 481 13985699
6 482 7854659
6 483 10027169
6 484 14114195
6 485 9918973
6 486 7851315
6 487 14020149
6 488 7930072
6 489 6817539
6 490 14314688
6 491 6824254
6 492 7922998
6 493 10158379
6 494 7815117
6 495 6820842
6 496 10238482
6 497 6748561
6 498 13947202
6 499 9983165
6 500 14162570
6 501 6693885
6 502 10040898
6 503 6687733
6 504 7858036
6 505 14052750
6 506 7849314
6 507 10062612
6 508 14164084
6 509 9881796
6 510 7888016
6 511 14027536
6 512 7860448
6 513 6177339
6 514 14250652
6 515 6245618
6 516 7885458
6 517 10153689
6 518 7918424
6 519 6221041
6 520 10213344
6 521 6283563
6 522 14292894
6 523 10043154
6 524 14294099
6 525 6210961
6 526 10124616
6 527 6247342
6 528 7885528
6 529 14011807
6 530 7876218
6 531 6827434
6 532 14296169
6 533 6788590
6 534 7792631
6 535 13961495
6 536 7877682
6 537 6217688
6 538 14207975
6 539 6224250
6 540 7799697
6 541 6760172
6 542 7784505
6 543 6177089
6 544 6733503
6 545 6169711
6 546 14146611
6 547 6805462
6 548 14215129
6 549 6243778
6 550 6717308
6 551 6164947
6 552 7849618
6 553 10092128
6 554 7844893
6 555 6804799
6 556 10162069
6 557 6726395
6 558 7871290
6 559 10091893
6 560 7800080
6 561 6180603
6 562 10260634
6 563 6239984
6 564 7782571
6 565 6765310
6 566 7542457
6 567 6134494
6 568 6717351
6 569 6140960
6 570 9969823
6 571 6636144
6 572 10091846
6 573 6125833
6 574 6615328
6 575 6126649
6 576 13651850
6 577 9790095
6 578 13856451
6 579 6624136
6 580 9924159
6 581 6601414
6 582 13876161
6 583 9787871
6 584 13907939
6 585 6078371
6 586 9927342
6 587 6159684
6 588 13905351
6 589 6620292
6 590 13922459
6 591 6159684
6 592 6544142
6 593 6079121
6 594 9748696
6 595 6582906
6 596 9939100
6 597 6079368
6 598 6546654
6 599 6081686
6 600 11984814
6 601 13773737
6 602 12023524
6 603 9777523
6 604 13964116
6 605 9798786
6 606 12038005
6 607 13772009
6 608 12244063
6 609 6630975
6 610 14063259
6 611 6725550
6 612 12240705
6 613 9911222
6 614 12024199
6 615 6726162
6 616 9958383
6 617 6647621
6 618 13930636
6 619 9972693
6 620 14106053
6 621 6646425
6 622 9957945
6 623 6598467
6 624 12041273
6 625 13821944
6 626 12025703
6 627 9803403
6 628 13991517
6 629 9795885
6 630 12160127
6 631 13867486
6 632 12196018
6 633 6078572
6 634 14116021
6 635 6171747
6 636 12248376
6 637 9957394
6 638 12272005
6 639 6165196
6 640 9943851
6 641 6203273
6 642 14221809
6 643 9978401
6 644 14250987
6 645 6203273
6 646 10100714
6 647 6180218
6 648 12164864
6 649 13866369
6 650 12260158
6 651 6723360
6 652 14095993
6 653 6730858
6 654 12049827
6 655 13825787
6 656 12283369
6 657 6171747
6 658 14143946
6 659 6174960
6 660 12203737
6 661 6664634
6 662 12200769
6 663 6203273
6 664 6543348
6 665 6078371
6 666 13949811
6 667 6755669
6 668 14116973
6 669 6195090
6 670 6686986
6 671 6159684
6 672 12214253
6 673 9988785
6 674 12266434
6 675 6782204
6 676 9942200
6 677 6692804
6 678 12285956
6 679 9972970
6 680 12186964
6 681 6203273
6 682 10110000
6 683 6195090
6 684 12177269
6 685 6752543
6 686 12028558
6 687 6180218
6 688 6686986
6 689 6159684
6 690 9734388
6 691 6582090
6 692 9930307
6 693 6076989
6 694 6544338
6 695 6079368
6 696 13651850
6 697 9790095
6 698 13856451
6 699 6624136
6 700 9924159
6 701 6601414
6 702 13876161
6 703 9787871
6 704 13907939
6 705 6078371
6 706 9927342
6 707 6159684
6 708 13905351
6 709 6620292
6 710 13922459
6 711 6159684
6 712 6544142
6 713 6079121
6 714 9748696
6 715 6582906
6 716 9939100
6 717 6079368
6 718 6546654
6 719 6081686
7 0 2502675
7 1 4619906
7 2 2502239
7 3 7463673
7 4 4621159
7 5 7416281
7 6 2502436
7 7 4615849
7 8 2542701
7 9 5683736
7 10 4621734
7 11 5746674
7 12 2542758
7 13 7492497
7 14 2502020
7 15 5746260
7 16 7463740
7 17 5689794
7 18 4628407
7 19 7492607
7 20 4622342
7 21 5685992
7 22 7463825
7 23 5683423
7 24 2502375
7 25 4619093
7 26 2501936
7 27 7463661
7 28 4620346
7 29 7413564
7 30 2525798
7 31 4704161
7 32 2560677
7 33 2814678
7 34 4704744
7 35 2873063
7 36 2557935
7 37 7579186
7 38 2562188
7 39 2861886
7 40 7562883
7 41 2865899
7 42 4643700
7 43 7534524
7 44 4708825
7 45 2873020
7 46 7575232
7 47 2865093
7 48 2525819
7 49 4704336
7 50 2554829
7 51 5824609
7 52 4713905
7 53 5831738
7 54 2502118
7 55 4612816
7 56 2559149
7 57 2861607
7 58 4636120
7 59 2865925
7 60 2553315
7 61 5786488
7 62 2550291
7 63 2879612
7 64 5776542
7 65 2823680
7 66 4710143
7 67 5859269
7 68 4696408
7 69 2875945
7 70 5848440
7 71 2836840
7 72 2554898
7 73 7569761
7 74 2559273
7 75 5838437
7 76 7547256
7 77 5779459
7 78 2553569
7 79 7539796
7 80 2549203
7 81 2883281
7 82 7576753
7 83 2879811
7 84 2559144
7 85 5835964
7 86 2500850
7 87 2872409
7 88 5847834
7 89 2837071
7 90 7484987
7 91 5782088
7 92 7520407
7 93 2824002
7 94 5783862
7 95 2823660
7 96 4633475
7 97 7521854
7 98 4636866
7 99 5769636
7 100 7539993
7 101 5776699
7 102 4639796
7 103 7521586
7 104 4701126
7 105 2825654
7 106 7543282
7 107 2873442
7 108 4702033
7 109 5782666
7 110 4621895
7 111 2873603
7 112 5780046
7 113 2822902
7 114 7485126
7 115 5781872
7 116 7511438
7 117 2822680
7 118 5770971
7 119 2807895
7 120 2500834
7 121 4615230
7 122 2500394
7 123 7453726
7 124 4616483
7 125 7406119
7 126 2500485
7 127 4610591
7 128 2541695
7 129 5681746
7 130 4617968
7 131 5744585
7 132 2541809
7 133 7488187
7 134 2499653
7 135 5744026
7 136 7461490
7 137 5688736
7 138 4625806
7 139 7488909
7 140 4618617
7 141 5684984
7 142 7461285
7 143 5681120
7 144 2537512
7 145 4704610
7 146 2537485
7 147 7544927
7 148 4704610
7 149 7515235
7 150 2553650
7 151 4792915
7 152 2588041
7 153 2285741
7 154 4797147
7 155 2295112
7 156 2600554
7 157 7689212
7 158 2597642
7 159 2295346
7 160 7679824
7 161 2303441
7 162 4734031
7 163 7646435
7 164 4806607
7 165 2302972
7 166 7676791
7 167 2295866
7 168 2550022
7 169 4761441
7 170 2593042
7 171 5884679
7 172 4790534
7 173 5895310
7 174 2557460
7 175 4786275
7 176 2596656
7 177 2295315
7 178 4789872
7 179 2295545
7 180 2602615
7 181 5848709
7 182 2600434
7 183 2309509
7 184 5839604
7 185 2302994
7 186 4794598
7 187 5930349
7 188 4810641
7 189 2309503
7 190 5917478
7 191 2309635
7 192 2593816
7 193 7676075
7 194 2582710
7 195 5894834
7 196 7655620
7 197 5843852
7 198 2608079
7 199 7712330
7 200 2604468
7 201 2310302
7 202 7725480
7 203 2309530
7 204 2606704
7 205 5927420
7 206 2590618
7 207 2296030
7 208 5926320
7 209 2309660
7 210 7677130
7 211 5861942
7 212 7712391
7 213 2303381
7 214 5927347
7 215 2302842
7 216 4683020
7 217 7637766
7 218 4673705
7 219 5834669
7 220 7625709
7 221 5827568
7 222 4741591
7 223 7694931
7 224 4812622
7 225 2303343
7 226 7725592
7 227 2310391
7 228 4802496
7 229 5914207
7 230 4795354
7 231 2311110
7 232 5919733
7 233 2302355
7 234 7681265
7 235 5869973
7 236 7703780
7 237 2303342
7 238 5919476
7 239 2291337
7 240 2537671
7 241 4705017
7 242 2537646
7 243 7544945
7 244 4705017
7 245 7515241
7 246 2551932
7 247 4770772
7 248 2600536
7 249 2879469
7 250 4776574
7 251 2903673
7 252 2594109
7 253 7664140
7 254 2590743
7 255 2894530
7 256 7668133
7 257 2897870
7 258 4730123
7 259 7646234
7 260 4777843
7 261 2899755
7 262 7663437
7 263 2889006
7 264 2499961
7 265 4612645
7 266 2499202
7 267 7462777
7 268 4615148
7 269 7413208
7 270 2553521
7 271 4778769
7 272 2596385
7 273 2294686
7 274 4795446
7 275 2296423
7 276 2585674
7 277 7679416
7 278 2595635
7 279 2295387
7 280 7681991
7 281 2303703
7 282 4691632
7 283 7607372
7 284 4796593
7 285 2303715
7 286 7670112
7 287 2295443
7 288 2549864
7 289 4783549
7 290 2602089
7 291 2895132
7 292 4812673
7 293 2914995
7 294 2545593
7 295 4770109
7 296 2600275
7 297 2305663
7 298 4782021
7 299 2306345
7 300 2587973
7 301 2857221
7 302 2587206
7 303 2304117
7 304 2840694
7 305 2287214
7 306 4803463
7 307 2932363
7 308 4805058
7 309 2318593
7 310 2909463
7 311 2297103
7 312 2596580
7 313 7696589
7 314 2602905
7 315 2916226
7 316 7712321
7 317 2918210
7 318 2595706
7 319 7676342
7 320 2593617
7 321 2311766
7 322 7733578
7 323 2319296
7 324 2598336
7 325 2911684
7 326 2586911
7 327 2312079
7 328 2896503
7 329 2296415
7 330 7650219
7 331 2911762
7 332 7679258
7 333 2311579
7 334 2900238
7 335 2303072
7 336 4735065
7 337 7671241
7 338 4795260
7 339 2923508
7 340 7728756
7 341 2913097
7 342 4698150
7 343 7641959
7 344 4791822
7 345 2319190
7 346 7688405
7 347 2312711
7 348 4815160
7 349 2929334
7 350 4788038
7 351 2325244
7 352 2908229
7 353 2303140
7 354 7673565
7 355 2923147
7 356 7683774
7 357 2317638
7 358 2900911
7 359 2293631
7 360 2550208
7 361 4787970
7 362 2595879
7 363 5858024
7 364 4807968
7 365 5862573
7 366 2554232
7 367 4779596
7 368 2610090
7 369 2901803
7 370 4791114
7 371 2913312
7 372 2599158
7 373 5852152
7 374 2596924
7 375 2916545
7 376 5926215
7 377 2873006
7 378 4806095
7 379 5930532
7 380 4807639
7 381 2916750
7 382 5931916
7 383 2869842
7 384 2551430
7 385 4777527
7 386 2578644
7 387 5844236
7 388 4786512
7 389 5842466
7 390 2547196
7 391 4769521
7 392 2603936
7 393 2305908
7 394 4797619
7 395 2306760
7 396 2595190
7 397 5922879
7 398 2591701
7 399 2311860
7 400 5935662
7 401 2317847
7 402 4807854
7 403 5944385
7 404 4801503
7 405 2319407
7 406 5941220
7 407 2309859
7 408 2550974
7 409 4777699
7 410 2605358
7 411 2908286
7 412 4802237
7 413 2905890
7 414 2497686
7 415 4604585
7 416 2579084
7 417 2295206
7 418 4676500
7 419 2294988
7 420 2597264
7 421 2907815
7 422 2584140
7 423 2308525
7 424 2896621
7 425 2296404
7 426 4803456
7 427 2926746
7 428 4757268
7 429 2308945
7 430 2900891
7 431 2296265
7 432 2586781
7 433 5865049
7 434 2596955
7 435 2915828
7 436 5861183
7 437 2868957
7 438 2595618
7 439 5872978
7 440 2575518
7 441 2305967
7 442 5936208
7 443 2312133
7 444 2591050
7 445 2913621
7 446 2563877
7 447 2305176
7 448 2911443
7 449 2300506
7 450 5767196
7 451 2850672
7 452 5857316
7 453 2290156
7 454 2847842
7 455 2285687
7 456 4796367
7 457 5887719
7 458 4805205
7 459 2916713
7 460 5938938
7 461 2883637
7 462 4804029
7 463 5888523
7 464 4801710
7 465 2313198
7 466 5952906
7 467 2315836
7 468 4805807
7 469 2916007
7 470 4737970
7 471 2318349
7 472 2907644
7 473 2297044
7 474 5840350
7 475 2864829
7 476 5888347
7 477 2297903
7 478 2862668
7 479 2291453
7 480 2576924
7 481 7649953
7 482 2586336
7 483 5847455
7 484 7646233
7 485 5802976
7 486 2585937
7 487 7650311
7 488 2599482
7 489 2918870
7 490 7711167
7 491 2917924
7 492 2599902
7 493 5910928
7 494 2579865
7 495 2917844
7 496 5940666
7 497 2880519
7 498 7612243
7 499 5853520
7 500 7650398
7 501 2867938
7 502 5876789
7 503 2866689
7 504 2584749
7 505 7659125
7 506 2584209
7 507 5856217
7 508 7652546
7 509 5791165
7 510 2596139
7 511 7675285
7 512 2591186
7 513 2306936
7 514 7727972
7 515 2320061
7 516 2593576
7 517 5915068
7 518 2599839
7 519 2313805
7 520 5940448
7 521 2326235
7 522 7696813
7 523 5871096
7 524 7740237
7 525 2313109
7 526 5930739
7 527 2319380
7 528 2596767
7 529 7666954
7 530 2591761
7 531 2922187
7 532 7726622
7 533 2913490
7 534 2568864
7 535 7597325
7 536 2592121
7 537 2313455
7 538 7687329
7 539 2313256
7 540 2577393
7 541 2912969
7 542 2571155
7 543 2304478
7 544 2915593
7 545 2304248
7 546 7699048
7 547 2922666
7 548 7690962
7 549 2316719
7 550 2911330
7 551 2300691
7 552 2589244
7 553 5877203
7 554 2593171
7 555 2918873
7 556 5923730
7 557 2879100
7 558 2589798
7 559 5868351
7 560 2582038
7 561 2306306
7 562 5943802
7 563 2316877
7 564 2582088
7 565 2909856
7 566 2489409
7 567 2289550
7 568 2909082
7 569 2291585
7 570 5839939
7 571 2864897
7 572 5888349
7 573 2297849
7 574 2862796
7 575 2288616
7 576 7559031
7 577 5790663
7 578 7602582
7 579 2857847
7 580 5857089
7 581 2854244
7 582 7603176
7 583 5790867
7 584 7640241
7 585 2290796
7 586 5858481
7 587 2304928
7 588 7636623
7 589 2859572
7 590 7602673
7 591 2304864
7 592 2845789
7 593 2286215
7 594 5782736
7 595 2852722
7 596 5864152
7 597 2289574
7 598 2848809
7 599 2278269
7 600 4667656
7 601 7586360
7 602 4673567
7 603 5771249
7 604 7618101
7 605 5780302
7 606 4676723
7 607 7587402
7 608 4752325
7 609 2854390
7 610 7647274
7 611 2898085
7 612 4752770
7 613 5838763
7 614 4667951
7 615 2897920
7 616 5857920
7 617 2860024
7 618 7610296
7 619 5853247
7 620 7639604
7 621 2859680
7 622 5853624
7 623 2845499
7 624 4674920
7 625 7593329
7 626 4671185
7 627 5778224
7 628 7620324
7 629 5778882
7 630 4731390
7 631 7646719
7 632 4797475
7 633 2291059
7 634 7710843
7 635 2306773
7 636 4779882
7 637 5861060
7 638 4798542
7 639 2306286
7 640 5863305
7 641 2312296
7 642 7686057
7 643 5860724
7 644 7733071
7 645 2312370
7 646 5926662
7 647 2302651
7 648 4732201
7 649 7646313
7 650 4789548
7 651 2896995
7 652 7703830
7 653 2903398
7 654 4672306
7 655 7591803
7 656 4798175
7 657 2306808
7 658 7692334
7 659 2306618
7 660 4786804
7 661 2868087
7 662 4777118
7 663 2312028
7 664 2848992
7 665 2289639
7 666 7673623
7 667 2909499
7 668 7686478
7 669 2304411
7 670 2904024
7 671 2300556
7 672 4792621
7 673 5867031
7 674 4788972
7 675 2912811
7 676 5860482
7 677 2871396
7 678 4784584
7 679 5863724
7 680 4777707
7 681 2312983
7 682 5931720
7 683 2307931
7 684 4783104
7 685 2909478
7 686 4640921
7 687 2304175
7 688 2904367
7 689 2301547
7 690 5778428
7 691 2852017
7 692 5863682
7 693 2286904
7 694 2847232
7 695 2281067
7 696 7559147
7 697 5790840
7 698 7601147
7 699 2857813
7 700 5854985
7 701 2852056
7 702 7601964
7 703 5788823
7 704 7637629
7 705 2290902
7 706 5853474
7 707 2302814
7 708 7627495
7 709 2855720
7 710 7589425
7 711 2302824
7 712 2845633
7 713 2284740
7 714 5768508
7 715 2848050
7 716 5848729
7 717 2285222
7 718 2838587
7 719 2253926
7 720 4816308
7 721 8229594
7 722 4811598
7 723 9850482
7 724 8243830
7 725 9797964
7 726 4814322
7 727 8218122
7 728 4937728
7 729 6659184
7 730 8252338
7 731 6785700
7 732 4938692
7 733 9937850
7 734 4808114
7 735 6782972
7 736 9931844
7 737 6677944
7 738 8261054
7 739 9945920
7 740 8253750
7 741 6670640
7 742 9928228
7 743 6654772
7 744 4816280
7 745 8229510
7 746 4811570
7 747 9850482
7 748 8243746
7 749 9797278
7 750 4869112
7 751 8332064
7 752 4979542
7 753 4272320
7 754 8358014
7 755 4360874
7 756 4963878
7 757 10000706
7 758 4979720
7 759 4338592
7 760 9976714
7 761 4354222
7 762 8294886
7 763 9969226
7 764 8381904
7 765 4367394
7 766 10032030
7 767 4348930
7 768 4869112
7 769 8332106
7 770 4956480
7 771 6797252
7 772 8382062
7 773 6821840
7 774 4816280
7 775 8228588
7 776 4973308
7 777 4340410
7 778 8275002
7 779 4348054
7 780 4962516
7 781 6702474
7 782 4952356
7 783 4368896
7 784 6677686
7 785 4274698
7 786 8364716
7 787 6845382
7 788 8369354
7 789 4360902
7 790 6824352
7 791 4311938
7 792 4967260
7 793 9975198
7 794 4972356
7 795 6828028
7 796 9966744
7 797 6711212
7 798 4961808
7 799 9964022
7 800 4945692
7 801 4375908
7 802 10060514
7 803 4367476
7 804 4968264
7 805 6818904
7 806 4816280
7 807 4362734
7 808 6824162
7 809 4312064
7 810 9807210
7 811 6682686
7 812 9928490
7 813 4273828
7 814 6678932
7 815 4274920
7 816 8231358
7 817 9876408
7 818 8244302
7 819 6684674
7 820 9954326
7 821 6696202
7 822 8256020
7 823 9876806
7 824 8337254
7 825 4273842
7 826 9954248
7 827 4352570
7 828 8337362
7 829 6686178
7 830 8244612
7 831 4352524
7 832 6669844
7 833 4273630
7 834 9807180
7 835 6682686
7 836 9926754
7 837 4273530
7 838 6676474
7 839 4271564
7 840 4841246
7 841 8281822
7 842 4836596
7 843 9960668
7 844 8296058
7 845 9912506
7 846 4840774
7 847 8278128
7 848 4951556
7 849 6686648
7 850 8297162
7 851 6814818
7 852 4951932
7 853 9992258
7 854 4839084
7 855 6814094
7 856 9962390
7 857 6692986
7 858 8291702
7 859 9993560
7 860 8298942
7 861 6685086
7 862 9962284
7 863 6685540
7 864 4850752
7 865 8310698
7 866 4849598
7 867 9860782
7 868 8314570
7 869 9837632
7 870 4875386
7 871 8396944
7 872 4967310
7 873 3971394
7 874 8413770
7 875 3994850
7 876 5005868
7 877 10096370
7 878 4993276
7 879 3995502
7 880 10084092
7 881 4023226
7 882 8364672
7 883 10030994
7 884 8452138
7 885 4021382
7 886 10088006
7 887 3999094
7 888 4930670
7 889 8489558
7 890 5041690
7 891 6982472
7 892 8535938
7 893 7017190
7 894 4899304
7 895 8443708
7 896 4995986
7 897 3997108
7 898 8443958
7 899 3998152
7 900 5064574
7 901 6982002
7 902 5047752
7 903 4041398
7 904 6968250
7 905 4026252
7 906 8531080
7 907 7077750
7 908 8512204
7 909 4043356
7 910 7064506
7 911 4046458
7 912 5044978
7 913 10264890
7 914 5024464
7 915 7047800
7 916 10228902
7 917 6928624
7 918 5060438
7 919 10214194
7 920 5048346
7 921 4042148
7 922 10223632
7 923 4041732
7 924 5037518
7 925 7073628
7 926 4997974
7 927 3999942
7 928 7071256
7 929 4046432
7 930 10218840
7 931 6937218
7 932 10234636
7 933 4027050
7 934 7064254
7 935 4026360
7 936 8347292
7 937 10158910
7 938 8344326
7 939 6888922
7 940 10152666
7 941 6886916
7 942 8395828
7 943 10155718
7 944 8478280
7 945 4025150
7 946 10227610
7 947 4045428
7 948 8516664
7 949 7058230
7 950 8476650
7 951 4047264
7 952 7053874
7 953 4024332
7 954 10218744
7 955 6941494
7 956 10220072
7 957 4026178
7 958 7038508
7 959 3999430
7 960 4868580
7 961 8345264
7 962 4867380
7 963 9970278
7 964 8349136
7 965 9942140
7 966 4920514
7 967 8446802
7 968 5059792
7 969 4398752
7 970 8487592
7 971 4442764
7 972 5030336
7 973 10126880
7 974 5047704
7 975 4432076
7 976 10179422
7 977 4427076
7 978 8408544
7 979 10127310
7 980 8497802
7 981 4431254
7 982 10189398
7 983 4423992
7 984 4870374
7 985 8349434
7 986 4869202
7 987 9970440
7 988 8353306
7 989 9945044
7 990 4898960
7 991 8448194
7 992 4997716
7 993 3996476
7 994 8450274
7 995 4000666
7 996 5010502
7 997 10154468
7 998 4996936
7 999 3996532
7 1000 10121502
7 1001 4026022
7 1002 8380846
7 1003 10069858
7 1004 8471914
7 1005 4025990
7 1006 10111696
7 1007 4001012
7 1008 4913958
7 1009 8466316
7 1010 5048400
7 1011 4409248
7 1012 8508730
7 1013 4444818
7 1014 4911928
7 1015 8465918
7 1016 5027746
7 1017 4024104
7 1018 8475260
7 1019 4026088
7 1020 5038716
7 1021 4354016
7 1022 5035540
7 1023 4025458
7 1024 4327132
7 1025 3995756
7 1026 8501682
7 1027 4479036
7 1028 8505022
7 1029 4068288
7 1030 4431026
7 1031 4025266
7 1032 5051656
7 1033 10226304
7 1034 5082592
7 1035 4473812
7 1036 10168528
7 1037 4471430
7 1038 5070430
7 1039 10256890
7 1040 5053448
7 1041 4041600
7 1042 10268996
7 1043 4066866
7 1044 5061016
7 1045 4433016
7 1046 5043412
7 1047 4047364
7 1048 4404514
7 1049 4023262
7 1050 10111058
7 1051 4447418
7 1052 10217472
7 1053 4046430
7 1054 4426166
7 1055 4045600
7 1056 8413876
7 1057 10185174
7 1058 8513084
7 1059 4473184
7 1060 10270018
7 1061 4467780
7 1062 8422182
7 1063 10199812
7 1064 8507332
7 1065 4066498
7 1066 10261540
7 1067 4049910
7 1068 8528344
7 1069 4487544
7 1070 8518824
7 1071 4089628
7 1072 4442534
7 1073 4045584
7 1074 10196758
7 1075 4467802
7 1076 10254400
7 1077 4066652
7 1078 4424458
7 1079 4027490
7 1080 4927914
7 1081 8489126
7 1082 5045060
7 1083 7016238
7 1084 8542948
7 1085 7029892
7 1086 4923004
7 1087 8474832
7 1088 5076778
7 1089 4440808
7 1090 8505332
7 1091 4463712
7 1092 5072750
7 1093 6980510
7 1094 5041644
7 1095 4470174
7 1096 7030466
7 1097 4394204
7 1098 8515736
7 1099 7058062
7 1100 8517688
7 1101 4463744
7 1102 7053682
7 1103 4401632
7 1104 4947780
7 1105 8530086
7 1106 5049392
7 1107 7018264
7 1108 8565424
7 1109 7015650
7 1110 4915832
7 1111 8478614
7 1112 5032286
7 1113 4025154
7 1114 8489622
7 1115 4026352
7 1116 5089348
7 1117 7043176
7 1118 5053772
7 1119 4041802
7 1120 7054870
7 1121 4068296
7 1122 8569042
7 1123 7084604
7 1124 8540056
7 1125 4069396
7 1126 7069620
7 1127 4049994
7 1128 4919224
7 1129 8476576
7 1130 5068436
7 1131 4451660
7 1132 8524488
7 1133 4448774
7 1134 4901070
7 1135 8439810
7 1136 5001138
7 1137 4001248
7 1138 8441042
7 1139 4001232
7 1140 5063158
7 1141 4430228
7 1142 5055744
7 1143 4047390
7 1144 4414238
7 1145 4025458
7 1146 8515418
7 1147 4471264
7 1148 8509230
7 1149 4050120
7 1150 4415814
7 1151 4026340
7 1152 5058814
7 1153 7045890
7 1154 5058800
7 1155 4464604
7 1156 7005640
7 1157 4378690
7 1158 5077258
7 1159 7042772
7 1160 5039450
7 1161 4028404
7 1162 7055958
7 1163 4049786
7 1164 5054892
7 1165 4453554
7 1166 5038924
7 1167 4027568
7 1168 4437072
7 1169 4045748
7 1170 6971438
7 1171 4351482
7 1172 6992502
7 1173 3999282
7 1174 4381568
7 1175 3999394
7 1176 8507744
7 1177 7073414
7 1178 8511772
7 1179 4468638
7 1180 7097300
7 1181 4425656
7 1182 8552310
7 1183 7074440
7 1184 8511574
7 1185 4049892
7 1186 7093766
7 1187 4070376
7 1188 8544170
7 1189 4474790
7 1190 8509918
7 1191 4068642
7 1192 4436492
7 1193 4043740
7 1194 7064480
7 1195 4384822
7 1196 7074966
7 1197 4024626
7 1198 4423376
7 1199 4024594
7 1200 5027636
7 1201 10157660
7 1202 5032956
7 1203 7015066
7 1204 10205138
7 1205 6915150
7 1206 5030792
7 1207 10152530
7 1208 5055476
7 1209 4475386
7 1210 10264928
7 1211 4478626
7 1212 5058572
7 1213 7033556
7 1214 5007930
7 1215 4475990
7 1216 7054356
7 1217 4419970
7 1218 10064338
7 1219 6900200
7 1220 10130294
7 1221 4382214
7 1222 6910592
7 1223 4382374
7 1224 5051286
7 1225 10255916
7 1226 5055610
7 1227 7040034
7 1228 10243658
7 1229 6916074
7 1230 5058672
7 1231 10169546
7 1232 5043586
7 1233 4028246
7 1234 10211004
7 1235 4068332
7 1236 5097446
7 1237 7088816
7 1238 5063150
7 1239 4047612
7 1240 7106478
7 1241 4089718
7 1242 10271134
7 1243 6953616
7 1244 10236672
7 1245 4048144
7 1246 7069722
7 1247 4068494
7 1248 5064226
7 1249 10244300
7 1250 5077450
7 1251 4494972
7 1252 10308644
7 1253 4487574
7 1254 5053242
7 1255 10179786
7 1256 5059234
7 1257 4047776
7 1258 10194500
7 1259 4050330
7 1260 5055150
7 1261 4462358
7 1262 5034132
7 1263 4025690
7 1264 4454508
7 1265 4045924
7 1266 10275758
7 1267 4486264
7 1268 10285698
7 1269 4070406
7 1270 4448770
7 1271 4043720
7 1272 5062058
7 1273 7092958
7 1274 5037862
7 1275 4478824
7 1276 7097214
7 1277 4410682
7 1278 5080608
7 1279 7080466
7 1280 5044822
7 1281 4027678
7 1282 7105024
7 1283 4068704
7 1284 5017794
7 1285 4460116
7 1286 4992838
7 1287 4001518
7 1288 4437342
7 1289 4027612
7 1290 7070878
7 1291 4384834
7 1292 7079120
7 1293 4024626
7 1294 4423238
7 1295 4024562
7 1296 10043774
7 1297 6886476
7 1298 10087272
7 1299 4363348
7 1300 6910660
7 1301 4362798
7 1302 10171286
7 1303 6913238
7 1304 10116148
7 1305 3999312
7 1306 7038770
7 1307 4026312
7 1308 10222092
7 1309 4427314
7 1310 10134968
7 1311 4026402
7 1312 4394118
7 1313 3998520
7 1314 7024574
7 1315 4371936
7 1316 7023538
7 1317 3999610
7 1318 4394672
7 1319 3999530
7 1320 8284046
7 1321 10013986
7 1322 8282050
7 1323 6836730
7 1324 10102026
7 1325 6842452
7 1326 8292424
7 1327 9997146
7 1328 8386086
7 1329 4360320
7 1330 10109496
7 1331 4423652
7 1332 8386296
7 1333 6857084
7 1334 8289720
7 1335 4423536
7 1336 6860904
7 1337 4362878
7 1338 9996346
7 1339 6865702
7 1340 10101236
7 1341 4362192
7 1342 6862868
7 1343 4359760
7 1344 8335292
7 1345 10120180
7 1346 8338766
7 1347 6863810
7 1348 10156204
7 1349 6870382
7 1350 8373048
7 1351 10073940
7 1352 8445740
7 1353 3996486
7 1354 10160796
7 1355 4027092
7 1356 8514318
7 1357 7034882
7 1358 8467342
7 1359 4025052
7 1360 7039176
7 1361 4047378
7 1362 10254712
7 1363 6949796
7 1364 10230318
7 1365 4045602
7 1366 7060028
7 1367 4028360
7 1368 8402100
7 1369 10152372
7 1370 8494260
7 1371 4450090
7 1372 10226150
7 1373 4464698
7 1374 8385742
7 1375 10090078
7 1376 8472848
7 1377 4027206
7 1378 10176826
7 1379 4027964
7 1380 8501722
7 1381 4441600
7 1382 8482344
7 1383 4047574
7 1384 4393676
7 1385 3998200
7 1386 10225628
7 1387 4479760
7 1388 10239266
7 1389 4045248
7 1390 4446178
7 1391 4041840
7 1392 8498364
7 1393 7056916
7 1394 8485078
7 1395 4479930
7 1396 7037652
7 1397 4416786
7 1398 8538392
7 1399 7041360
7 1400 8484952
7 1401 4047736
7 1402 7075062
7 1403 4045460
7 1404 8486860
7 1405 4474768
7 1406 8445704
7 1407 4029576
7 1408 4448032
7 1409 4041986
7 1410 7016934
7 1411 4374882
7 1412 7017170
7 1413 3998488
7 1414 4395960
7 1415 3998500
7 1416 10045902
7 1417 6892276
7 1418 10087554
7 1419 4368416
7 1420 6915436
7 1421 4367862
7 1422 10171368
7 1423 6916794
7 1424 10116352
7 1425 3999386
7 1426 7038524
7 1427 4026178
7 1428 10221124
7 1429 4430622
7 1430 10133518
7 1431 4026372
7 1432 4396550
7 1433 3998504
7 1434 7021098
7 1435 4374492
7 1436 7021190
7 1437 3999444
7 1438 4395572
7 1439 3998488
7 1440 3293207
7 1441 5139192
7 1442 3287330
7 1443 5743783
7 1444 5162075
7 1445 5724060
7 1446 3292962
7 1447 5137198
7 1448 3359204
7 1449 4164087
7 1450 5163582
7 1451 4229524
7 1452 3359317
7 1453 5763420
7 1454 3292040
7 1455 4229132
7 1456 5753237
7 1457 4168489
7 1458 5145008
7 1459 5764479
7 1460 5164062
7 1461 4164771
7 1462 5752851
7 1463 4163461
7 1464 3338443
7 1465 5223963
7 1466 3337785
7 1467 5765645
7 1468 5226475
7 1469 5755077
7 1470 3415106
7 1471 5326296
7 1472 3521921
7 1473 2527641
7 1474 5369624
7 1475 2533994
7 1476 3526432
7 1477 6053802
7 1478 3524245
7 1479 2531946
7 1480 6093052
7 1481 2549368
7 1482 5339445
7 1483 6000794
7 1484 5394205
7 1485 2549364
7 1486 6105251
7 1487 2533962
7 1488 3395030
7 1489 5294445
7 1490 3456924
7 1491 4365495
7 1492 5325386
7 1493 4379727
7 1494 3409053
7 1495 5310764
7 1496 3520266
7 1497 2531397
7 1498 5354774
7 1499 2529744
7 1500 3525100
7 1501 4419228
7 1502 3516949
7 1503 2549516
7 1504 4420492
7 1505 2530490
7 1506 5384594
7 1507 4464831
7 1508 5388921
7 1509 2549148
7 1510 4459331
7 1511 2546961
7 1512 3487297
7 1513 6025634
7 1514 3488434
7 1515 4398852
7 1516 6015059
7 1517 4336674
7 1518 3523382
7 1519 6035852
7 1520 3517235
7 1521 2549915
7 1522 6100698
7 1523 2548997
7 1524 3526492
7 1525 4449541
7 1526 3504575
7 1527 2533501
7 1528 4457043
7 1529 2546679
7 1530 6067957
7 1531 4372404
7 1532 6085154
7 1533 2530502
7 1534 4442588
7 1535 2530572
7 1536 5232844
7 1537 5945819
7 1538 5235119
7 1539 4327641
7 1540 5964531
7 1541 4330094
7 1542 5333874
7 1543 5988199
7 1544 5367549
7 1545 2530581
7 1546 6104803
7 1547 2549599
7 1548 5384249
7 1549 4437831
7 1550 5353898
7 1551 2549586
7 1552 4441270
7 1553 2529346
7 1554 6069488
7 1555 4376159
7 1556 6082825
7 1557 2530520
7 1558 4439181
7 1559 2526977
7 1560 3292397
7 1561 5138276
7 1562 3286520
7 1563 5739226
7 1564 5161159
7 1565 5718956
7 1566 3292139
7 1567 5135921
7 1568 3359060
7 1569 4163347
7 1570 5162712
7 1571 4228732
7 1572 3359173
7 1573 5761378
7 1574 3291217
7 1575 4228314
7 1576 5752059
7 1577 4168273
7 1578 5144719
7 1579 5762550
7 1580 5163131
7 1581 4164555
7 1582 5751547
7 1583 4162721
7 1584 3343592
7 1585 5236486
7 1586 3343569
7 1587 5767880
7 1588 5236486
7 1589 5758824
7 1590 3384718
7 1591 5257208
7 1592 3483131
7 1593 2489671
7 1594 5282640
7 1595 2494164
7 1596 3501855
7 1597 5940996
7 1598 3486835
7 1599 2492312
7 1600 5939494
7 1601 2510642
7 1602 5284041
7 1603 5872750
7 1604 5307554
7 1605 2510427
7 1606 5941551
7 1607 2494621
7 1608 3396551
7 1609 5297213
7 1610 3462340
7 1611 4339967
7 1612 5333204
7 1613 4347131
7 1614 3383801
7 1615 5254856
7 1616 3481908
7 1617 2491624
7 1618 5276989
7 1619 2489815
7 1620 3503192
7 1621 4353692
7 1622 3489088
7 1623 2513671
7 1624 4338500
7 1625 2498939
7 1626 5336704
7 1627 4384781
7 1628 5314843
7 1629 2513946
7 1630 4364836
7 1631 2514778
7 1632 3472045
7 1633 5972302
7 1634 3466092
7 1635 4346555
7 1636 5964959
7 1637 4295817
7 1638 3506390
7 1639 5960035
7 1640 3491821
7 1641 2514035
7 1642 5971749
7 1643 2513993
7 1644 3501424
7 1645 4361614
7 1646 3483636
7 1647 2493789
7 1648 4344722
7 1649 2514301
7 1650 5974176
7 1651 4291789
7 1652 5968712
7 1653 2499428
7 1654 4366777
7 1655 2499434
7 1656 5198411
7 1657 5874092
7 1658 5193655
7 1659 4260321
7 1660 5872769
7 1661 4254366
7 1662 5290303
7 1663 5898153
7 1664 5292946
7 1665 2499124
7 1666 5976673
7 1667 2515062
7 1668 5340461
7 1669 4378774
7 1670 5287649
7 1671 2514988
7 1672 4369065
7 1673 2498025
7 1674 5975988
7 1675 4293610
7 1676 5964761
7 1677 2499266
7 1678 4363925
7 1679 2494323
7 1680 3340505
7 1681 5229614
7 1682 3340162
7 1683 5762458
7 1684 5230870
7 1685 5752691
7 1686 3411802
7 1687 5320256
7 1688 3552104
7 1689 2562785
7 1690 5414454
7 1691 2566879
7 1692 3528664
7 1693 6023265
7 1694 3551842
7 1695 2566879
7 1696 6100093
7 1697 2565465
7 1698 5326859
7 1699 5983578
7 1700 5416027
7 1701 2565504
7 1702 6108849
7 1703 2563487
7 1704 3337859
7 1705 5223642
7 1706 3337203
7 1707 5761098
7 1708 5226154
7 1709 5751849
7 1710 3411722
7 1711 5321347
7 1712 3519342
7 1713 2522657
7 1714 5350880
7 1715 2525130
7 1716 3505452
7 1717 5961693
7 1718 3521247
7 1719 2524671
7 1720 5964574
7 1721 2528809
7 1722 5278501
7 1723 5874723
7 1724 5356903
7 1725 2529042
7 1726 5965302
7 1727 2525545
7 1728 3376113
7 1729 5236594
7 1730 3513901
7 1731 2561462
7 1732 5309147
7 1733 2565024
7 1734 3375649
7 1735 5237357
7 1736 3514922
7 1737 2529810
7 1738 5277969
7 1739 2532182
7 1740 3463345
7 1741 2524380
7 1742 3462488
7 1743 2522325
7 1744 2486703
7 1745 2486703
7 1746 5300507
7 1747 2584399
7 1748 5302754
7 1749 2578298
7 1750 2519627
7 1751 2519627
7 1752 3523042
7 1753 6034217
7 1754 3571822
7 1755 2611758
7 1756 6080743
7 1757 2613427
7 1758 3528545
7 1759 6047342
7 1760 3570096
7 1761 2594001
7 1762 6106436
7 1763 2595851
7 1764 3512229
7 1765 2562039
7 1766 3507658
7 1767 2556126
7 1768 2521511
7 1769 2521511
7 1770 6037810
7 1771 2589202
7 1772 6080622
7 1773 2578183
7 1774 2541826
7 1775 2541826
7 1776 5326488
7 1777 5995497
7 1778 5427913
7 1779 2598056
7 1780 6146908
7 1781 2598312
7 1782 5327553
7 1783 5999177
7 1784 5415772
7 1785 2587329
7 1786 6136216
7 1787 2588144
7 1788 5353591
7 1789 2598767
7 1790 5349579
7 1791 2597365
7 1792 2538743
7 1793 2538743
7 1794 6076492
7 1795 2592477
7 1796 6100952
7 1797 2588546
7 1798 2528762
7 1799 2528762
7 1800 3394702
7 1801 5297355
7 1802 3476345
7 1803 4401939
7 1804 5373028
7 1805 4407733
7 1806 3433137
7 1807 5376537
7 1808 3571085
7 1809 2588219
7 1810 5430809
7 1811 2592925
7 1812 3533985
7 1813 4372261
7 1814 3549120
7 1815 2605423
7 1816 4447150
7 1817 2591480
7 1818 5337295
7 1819 4460931
7 1820 5430803
7 1821 2604102
7 1822 4462292
7 1823 2590339
7 1824 3424010
7 1825 5367589
7 1826 3482229
7 1827 4407951
7 1828 5398126
7 1829 4408286
7 1830 3411060
7 1831 5320475
7 1832 3540207
7 1833 2546704
7 1834 5360515
7 1835 2550247
7 1836 3565212
7 1837 4468870
7 1838 3539636
7 1839 2563109
7 1840 4470903
7 1841 2572195
7 1842 5413762
7 1843 4473263
7 1844 5384491
7 1845 2568602
7 1846 4483960
7 1847 2571510
7 1848 3412087
7 1849 5321861
7 1850 3554771
7 1851 2575079
7 1852 5374030
7 1853 2571980
7 1854 3402835
7 1855 5311525
7 1856 3543371
7 1857 2554538
7 1858 5349817
7 1859 2554616
7 1860 3509252
7 1861 2555689
7 1862 3506138
7 1863 2554198
7 1864 2522975
7 1865 2522975
7 1866 5362301
7 1867 2591119
7 1868 5361879
7 1869 2586159
7 1870 2524138
7 1871 2524138
7 1872 3492738
7 1873 4424722
7 1874 3534550
7 1875 2593748
7 1876 4341610
7 1877 2589243
7 1878 3526877
7 1879 4441575
7 1880 3512183
7 1881 2555765
7 1882 4468111
7 1883 2555958
7 1884 3512433
7 1885 2566088
7 1886 3487052
7 1887 2555887
7 1888 2540763
7 1889 2540763
7 1890 4286019
7 1891 2554201
7 1892 4410922
7 1893 2521385
7 1894 2522438
7 1895 2522438
7 1896 5322964
7 1897 4465155
7 1898 5419180
7 1899 2609613
7 1900 4473430
7 1901 2611975
7 1902 5402879
7 1903 4482386
7 1904 5380715
7 1905 2569612
7 1906 4536013
7 1907 2597168
7 1908 5383439
7 1909 2601144
7 1910 5372776
7 1911 2597329
7 1912 2541330
7 1913 2541330
7 1914 4393361
7 1915 2564876
7 1916 4471378
7 1917 2547821
7 1918 2545365
7 1919 2545365
7 1920 3488397
7 1921 6044180
7 1922 3494620
7 1923 4415590
7 1924 6053185
7 1925 4371158
7 1926 3533780
7 1927 6072670
7 1928 3553310
7 1929 2596943
7 1930 6132304
7 1931 2611298
7 1932 3568812
7 1933 4484612
7 1934 3552389
7 1935 2597261
7 1936 4503369
7 1937 2609917
7 1938 6075567
7 1939 4380041
7 1940 6137913
7 1941 2592070
7 1942 4499654
7 1943 2594054
7 1944 3501192
7 1945 6074444
7 1946 3497854
7 1947 4436558
7 1948 6075707
7 1949 4365249
7 1950 3539960
7 1951 6070461
7 1952 3547698
7 1953 2573529
7 1954 6122946
7 1955 2591685
7 1956 3569297
7 1957 4484001
7 1958 3547516
7 1959 2575400
7 1960 4487936
7 1961 2594891
7 1962 6132057
7 1963 4403231
7 1964 6133416
7 1965 2576924
7 1966 4484380
7 1967 2580447
7 1968 3531825
7 1969 6050104
7 1970 3572024
7 1971 2618119
7 1972 6129008
7 1973 2612845
7 1974 3526304
7 1975 6050933
7 1976 3570718
7 1977 2597207
7 1978 6113559
7 1979 2598376
7 1980 3513895
7 1981 2568132
7 1982 3509839
7 1983 2559269
7 1984 2545914
7 1985 2545914
7 1986 6071847
7 1987 2605907
7 1988 6105561
7 1989 2596589
7 1990 2540634
7 1991 2540634
7 1992 3524294
7 1993 4477263
7 1994 3553538
7 1995 2601375
7 1996 4467561
7 1997 2598494
7 1998 3535742
7 1999 4483862
7 2000 3542910
7 2001 2580528
7 2002 4518814
7 2003 2585041
7 2004 3520388
7 2005 2569950
7 2006 3501537
7 2007 2561253
7 2008 2531679
7 2009 2531679
7 2010 4406861
7 2011 2565139
7 2012 4470842
7 2013 2551848
7 2014 2545412
7 2015 2545412
7 2016 6030927
7 2017 4352316
7 2018 6082251
7 2019 2571716
7 2020 4465936
7 2021 2572291
7 2022 6087720
7 2023 4352874
7 2024 6098913
7 2025 2556643
7 2026 4478533
7 2027 2561846
7 2028 6073945
7 2029 2589666
7 2030 6095366
7 2031 2584216
7 2032 2529609
7 2033 2529609
7 2034 4418314
7 2035 2565773
7 2036 4477668
7 2037 2556521
7 2038 2530745
7 2039 2530745
7 2040 5234500
7 2041 5952954
7 2042 5237807
7 2043 4334964
7 2044 5978492
7 2045 4340735
7 2046 5339401
7 2047 6002937
7 2048 5382622
7 2049 2568854
7 2050 6146147
7 2051 2572559
7 2052 5398722
7 2053 4470979
7 2054 5372310
7 2055 2572243
7 2056 4497110
7 2057 2569664
7 2058 6113385
7 2059 4424636
7 2060 6149471
7 2061 2569428
7 2062 4502125
7 2063 2566526
7 2064 5241142
7 2065 5967212
7 2066 5238281
7 2067 4343378
7 2068 5984695
7 2069 4339746
7 2070 5337634
7 2071 6002654
7 2072 5346651
7 2073 2552023
7 2074 6112420
7 2075 2558376
7 2076 5392014
7 2077 4483989
7 2078 5349382
7 2079 2555639
7 2080 4493655
7 2081 2562054
7 2082 6133351
7 2083 4420098
7 2084 6130151
7 2085 2561941
7 2086 4505298
7 2087 2558543
7 2088 5332027
7 2089 5989732
7 2090 5414169
7 2091 2600893
7 2092 6145231
7 2093 2598705
7 2094 5321481
7 2095 5987099
7 2096 5413007
7 2097 2583392
7 2098 6128959
7 2099 2586035
7 2100 5348372
7 2101 2587939
7 2102 5348207
7 2103 2586412
7 2104 2524672
7 2105 2524672
7 2106 6085489
7 2107 2606803
7 2108 6107773
7 2109 2601555
7 2110 2545024
7 2111 2545024
7 2112 5373454
7 2113 4485190
7 2114 5441666
7 2115 2617912
7 2116 4487067
7 2117 2615147
7 2118 5420315
7 2119 4490438
7 2120 5401893
7 2121 2597303
7 2122 4545390
7 2123 2600834
7 2124 5371106
7 2125 2595664
7 2126 5358095
7 2127 2589987
7 2128 2548112
7 2129 2548112
7 2130 4423585
7 2131 2565982
7 2132 4481940
7 2133 2553885
7 2134 2529354
7 2135 2529354
7 2136 6054619
7 2137 4382487
7 2138 6102131
7 2139 2574663
7 2140 4492221
7 2141 2573540
7 2142 6094756
7 2143 4381908
7 2144 6110825
7 2145 2564556
7 2146 4508330
7 2147 2568618
7 2148 6085165
7 2149 2591238
7 2150 6097300
7 2151 2587980
7 2152 2530532
7 2153 2530532
7 2154 4437282
7 2155 2565297
7 2156 4482005
7 2157 2558620
7 2158 2528569
7 2159 2528569
7 2160 1111059
7 2161 2167066
7 2162 1111054
7 2163 3532819
7 2164 2167066
7 2165 3527540
7 2166 1121837
7 2167 2200851
7 2168 1138778
7 2169 1293948
7 2170 2200754
7 2171 1298703
7 2172 1137349
7 2173 3592569
7 2174 1137223
7 2175 1298108
7 2176 3587152
7 2177 1296660
7 2178 2178809
7 2179 3579221
7 2180 2201232
7 2181 1296673
7 2182 3586595
7 2183 1295542
7 2184 1113427
7 2185 2171260
7 2186 1113419
7 2187 3549909
7 2188 2171260
7 2189 3542321
7 2190 1125192
7 2191 2210118
7 2192 1141699
7 2193 971065
7 2194 2210656
7 2195 971635
7 2196 1140107
7 2197 3609260
7 2198 1141746
7 2199 971612
7 2200 3606310
7 2201 972263
7 2202 2182165
7 2203 3589613
7 2204 2211434
7 2205 972263
7 2206 3605852
7 2207 971394
7 2208 1120639
7 2209 2205040
7 2210 1141076
7 2211 1307374
7 2212 2211585
7 2213 1311834
7 2214 1122289
7 2215 2205053
7 2216 1143972
7 2217 974458
7 2218 2209136
7 2219 974612
7 2220 1139940
7 2221 1307379
7 2222 1140552
7 2223 975237
7 2224 1302735
7 2225 969005
7 2226 2211376
7 2227 1318262
7 2228 2212336
7 2229 977930
7 2230 1310123
7 2231 969575
7 2232 1137123
7 2233 3592424
7 2234 1144658
7 2235 1314156
7 2236 3594440
7 2237 1312291
7 2238 1139865
7 2239 3602384
7 2240 1144294
7 2241 977462
7 2242 3618943
7 2243 977467
7 2244 1140745
7 2245 1312556
7 2246 1138592
7 2247 975155
7 2248 1309041
7 2249 969544
7 2250 3583976
7 2251 1312696
7 2252 3591276
7 2253 974838
7 2254 1307477
7 2255 969530
7 2256 2177634
7 2257 3582219
7 2258 2207112
7 2259 1313477
7 2260 3608155
7 2261 1312921
7 2262 2180396
7 2263 3586505
7 2264 2213279
7 2265 975525
7 2266 3613059
7 2267 975591
7 2268 2209865
7 2269 1315777
7 2270 2205549
7 2271 978116
7 2272 1307765
7 2273 969548
7 2274 3584741
7 2275 1313273
7 2276 3590947
7 2277 974924
7 2278 1306030
7 2279 968525
7 2280 1113404
7 2281 2171184
7 2282 1113396
7 2283 3549899
7 2284 2171184
7 2285 3543682
7 2286 1119034
7 2287 2193833
7 2288 1137589
7 2289 1293743
7 2290 2194710
7 2291 1297581
7 2292 1136919
7 2293 3595455
7 2294 1133517
7 2295 1296708
7 2296 3586855
7 2297 1295828
7 2298 2178914
7 2299 3581248
7 2300 2195000
7 2301 1296096
7 2302 3585462
7 2303 1292530
7 2304 1110696
7 2305 2166065
7 2306 1110688
7 2307 3532261
7 2308 2166065
7 2309 3525609
7 2310 1119986
7 2311 2201119
7 2312 1135734
7 2313 964967
7 2314 2201260
7 2315 965388
7 2316 1135197
7 2317 3578737
7 2318 1136054
7 2319 965378
7 2320 3570691
7 2321 966331
7 2322 2173981
7 2323 3561172
7 2324 2201936
7 2325 966314
7 2326 3569392
7 2327 965328
7 2328 1122469
7 2329 2206363
7 2330 1143723
7 2331 1309304
7 2332 2215354
7 2333 1312313
7 2334 1119655
7 2335 2201406
7 2336 1138109
7 2337 967984
7 2338 2203083
7 2339 968148
7 2340 1143462
7 2341 1306711
7 2342 1142334
7 2343 973854
7 2344 1303607
7 2345 971160
7 2346 2213764
7 2347 1315994
7 2348 2214059
7 2349 976558
7 2350 1309898
7 2351 971711
7 2352 1141714
7 2353 3615413
7 2354 1142059
7 2355 1312954
7 2356 3615004
7 2357 1313205
7 2358 1141493
7 2359 3608938
7 2360 1142533
7 2361 973622
7 2362 3611735
7 2363 974251
7 2364 1143260
7 2365 1309960
7 2366 1139197
7 2367 971228
7 2368 1306815
7 2369 971398
7 2370 3606263
7 2371 1311315
7 2372 3608047
7 2373 974259
7 2374 1309371
7 2375 971436
7 2376 2183271
7 2377 3600708
7 2378 2200994
7 2379 1311599
7 2380 3612350
7 2381 1308020
7 2382 2181643
7 2383 3595486
7 2384 2209549
7 2385 974253
7 2386 3609165
7 2387 974180
7 2388 2215229
7 2389 1315459
7 2390 2206999
7 2391 976888
7 2392 1309757
7 2393 971653
7 2394 3606808
7 2395 1311283
7 2396 3607579
7 2397 974465
7 2398 1307806
7 2399 968338
7 2400 1110884
7 2401 2166370
7 2402 1110877
7 2403 3532816
7 2404 2166370
7 2405 3524819
7 2406 1122581
7 2407 2205431
7 2408 1139592
7 2409 968996
7 2410 2206162
7 2411 969195
7 2412 1137888
7 2413 3592166
7 2414 1139050
7 2415 969150
7 2416 3589615
7 2417 969539
7 2418 2178002
7 2419 3574649
7 2420 2206257
7 2421 969562
7 2422 3587304
7 2423 968586
7 2424 1106973
7 2425 2156099
7 2426 1106626
7 2427 3531852
7 2428 2157352
7 2429 3515774
7 2430 1116701
7 2431 2191454
7 2432 1132705
7 2433 962262
7 2434 2193418
7 2435 962455
7 2436 1130514
7 2437 3577820
7 2438 1132676
7 2439 962348
7 2440 3568987
7 2441 965329
7 2442 2164985
7 2443 3550116
7 2444 2194792
7 2445 965328
7 2446 3565314
7 2447 962283
7 2448 1117823
7 2449 2200373
7 2450 1139072
7 2451 969530
7 2452 2204482
7 2453 969553
7 2454 1117427
7 2455 2198009
7 2456 1138164
7 2457 968233
7 2458 2199136
7 2459 968255
7 2460 1134484
7 2461 968432
7 2462 1134355
7 2463 968394
7 2464 962176
7 2465 962176
7 2466 2201701
7 2467 971952
7 2468 2201658
7 2469 971711
7 2470 962745
7 2471 962745
7 2472 1136952
7 2473 3583299
7 2474 1142244
7 2475 974838
7 2476 3598163
7 2477 975420
7 2478 1136619
7 2479 3583613
7 2480 1138340
7 2481 970988
7 2482 3598020
7 2483 974253
7 2484 1134491
7 2485 968675
7 2486 1134125
7 2487 968454
7 2488 962335
7 2489 962335
7 2490 3570187
7 2491 972462
7 2492 3571604
7 2493 971777
7 2494 965600
7 2495 965600
7 2496 2174883
7 2497 3566850
7 2498 2207959
7 2499 972973
7 2500 3594198
7 2501 972087
7 2502 2173294
7 2503 3566792
7 2504 2198698
7 2505 971710
7 2506 3581712
7 2507 968798
7 2508 2202395
7 2509 974772
7 2510 2201368
7 2511 974563
7 2512 965602
7 2513 965602
7 2514 3569964
7 2515 972201
7 2516 3571169
7 2517 971613
7 2518 962597
7 2519 962597
7 2520 1114760
7 2521 2194254
7 2522 1138540
7 2523 1298102
7 2524 2204763
7 2525 1299337
7 2526 1117826
7 2527 2200481
7 2528 1142225
7 2529 972394
7 2530 2208799
7 2531 972426
7 2532 1137301
7 2533 1292408
7 2534 1139933
7 2535 974646
7 2536 1304273
7 2537 969536
7 2538 2204116
7 2539 1315741
7 2540 2207384
7 2541 975832
7 2542 1310208
7 2543 969710
7 2544 1117812
7 2545 2200514
7 2546 1138692
7 2547 1298252
7 2548 2207132
7 2549 1299035
7 2550 1114091
7 2551 2192089
7 2552 1135690
7 2553 965757
7 2554 2197611
7 2555 965777
7 2556 1142731
7 2557 1305532
7 2558 1139368
7 2559 971142
7 2560 1307331
7 2561 971682
7 2562 2210659
7 2563 1314073
7 2564 2206258
7 2565 974259
7 2566 1311379
7 2567 971777
7 2568 1115016
7 2569 2196201
7 2570 1139453
7 2571 969575
7 2572 2205677
7 2573 969548
7 2574 1113767
7 2575 2188762
7 2576 1135457
7 2577 965698
7 2578 2193855
7 2579 965703
7 2580 1137052
7 2581 971156
7 2582 1136535
7 2583 970944
7 2584 965426
7 2585 965426
7 2586 2202394
7 2587 972360
7 2588 2201549
7 2589 971436
7 2590 965600
7 2591 965600
7 2592 1130354
7 2593 1293110
7 2594 1134075
7 2595 971394
7 2596 1287399
7 2597 968262
7 2598 1134060
7 2599 1293348
7 2600 1130874
7 2601 965524
7 2602 1301584
7 2603 967815
7 2604 1131619
7 2605 968518
7 2606 1129705
7 2607 965536
7 2608 965239
7 2609 965239
7 2610 1272428
7 2611 961767
7 2612 1284067
7 2613 958728
7 2614 958809
7 2615 958809
7 2616 2197763
7 2617 1304908
7 2618 2201501
7 2619 975384
7 2620 1313913
7 2621 972156
7 2622 2201353
7 2623 1305017
7 2624 2199638
7 2625 971618
7 2626 1315990
7 2627 973980
7 2628 2200161
7 2629 974992
7 2630 2197518
7 2631 972145
7 2632 970597
7 2633 970597
7 2634 1295851
7 2635 962776
7 2636 1297136
7 2637 962164
7 2638 962171
7 2639 962171
7 2640 1133392
7 2641 3575204
7 2642 1140937
7 2643 1303167
7 2644 3596578
7 2645 1304283
7 2646 1136761
7 2647 3586514
7 2648 1145297
7 2649 977632
7 2650 3618474
7 2651 978479
7 2652 1142591
7 2653 1313113
7 2654 1140765
7 2655 978095
7 2656 1313263
7 2657 975004
7 2658 3578223
7 2659 1312103
7 2660 3599609
7 2661 977401
7 2662 1312422
7 2663 975007
7 2664 1136538
7 2665 3586024
7 2666 1140680
7 2667 1305081
7 2668 3600853
7 2669 1303147
7 2670 1136182
7 2671 3580832
7 2672 1139748
7 2673 971306
7 2674 3598895
7 2675 974427
7 2676 1141995
7 2677 1313077
7 2678 1141657
7 2679 973934
7 2680 1312936
7 2681 976634
7 2682 3611957
7 2683 1314322
7 2684 3609656
7 2685 974470
7 2686 1313852
7 2687 976878
7 2688 1136854
7 2689 3581331
7 2690 1144966
7 2691 977930
7 2692 3613995
7 2693 977886
7 2694 1135682
7 2695 3579641
7 2696 1142154
7 2697 973880
7 2698 3598787
7 2699 974651
7 2700 1136681
7 2701 971583
7 2702 1135629
7 2703 970786
7 2704 967809
7 2705 967809
7 2706 3595704
7 2707 977822
7 2708 3596254
7 2709 976878
7 2710 970734
7 2711 970734
7 2712 1133941
7 2713 1300906
7 2714 1134964
7 2715 972263
7 2716 1306933
7 2717 969316
7 2718 1135293
7 2719 1300917
7 2720 1134146
7 2721 968551
7 2722 1311842
7 2723 971299
7 2724 1134245
7 2725 971323
7 2726 1130109
7 2727 968229
7 2728 967988
7 2729 967988
7 2730 1291571
7 2731 962674
7 2732 1294839
7 2733 961999
7 2734 962007
7 2735 962007
7 2736 3547959
7 2737 1298489
7 2738 3567902
7 2739 973962
7 2740 1308203
7 2741 971936
7 2742 3566788
7 2743 1298500
7 2744 3566646
7 2745 968259
7 2746 1309537
7 2747 973581
7 2748 3567571
7 2749 973913
7 2750 3566537
7 2751 971419
7 2752 967686
7 2753 967686
7 2754 1292982
7 2755 965389
7 2756 1296918
7 2757 964708
7 2758 964716
7 2759 964716
7 2760 2173251
7 2761 3567251
7 2762 2203952
7 2763 1302460
7 2764 3601312
7 2765 1302137
7 2766 2176401
7 2767 3573321
7 2768 2213256
7 2769 975634
7 2770 3613839
7 2771 975645
7 2772 2210972
7 2773 1316110
7 2774 2207124
7 2775 978565
7 2776 1312129
7 2777 972714
7 2778 3593687
7 2779 1316074
7 2780 3601552
7 2781 977694
7 2782 1310721
7 2783 971786
7 2784 2176268
7 2785 3574279
7 2786 2202814
7 2787 1302749
7 2788 3602433
7 2789 1301841
7 2790 2175356
7 2791 3570547
7 2792 2206350
7 2793 971747
7 2794 3597602
7 2795 972031
7 2796 2209746
7 2797 1316569
7 2798 2210768
7 2799 976779
7 2800 1313652
7 2801 974924
7 2802 3613608
7 2803 1313281
7 2804 3612192
7 2805 977016
7 2806 1314146
7 2807 971876
7 2808 2175454
7 2809 3570695
7 2810 2212065
7 2811 975962
7 2812 3610604
7 2813 975554
7 2814 2173227
7 2815 3568224
7 2816 2206039
7 2817 972375
7 2818 3596706
7 2819 971861
7 2820 2205240
7 2821 977430
7 2822 2203177
7 2823 976807
7 2824 970505
7 2825 970505
7 2826 3592881
7 2827 977151
7 2828 3594139
7 2829 974101
7 2830 968435
7 2831 968435
7 2832 2200506
7 2833 1306994
7 2834 2203270
7 2835 978107
7 2836 1313477
7 2837 974821
7 2838 2203701
7 2839 1306738
7 2840 2200967
7 2841 974538
7 2842 1317585
7 2843 976224
7 2844 2200652
7 2845 977450
7 2846 2192815
7 2847 974265
7 2848 973222
7 2849 973222
7 2850 1295754
7 2851 965402
7 2852 1298474
7 2853 964713
7 2854 964721
7 2855 964721
7 2856 3559662
7 2857 1302070
7 2858 3570128
7 2859 974821
7 2860 1311218
7 2861 971763
7 2862 3569728
7 2863 1301951
7 2864 3569655
7 2865 971272
7 2866 1312692
7 2867 973769
7 2868 3569989
7 2869 974758
7 2870 3568394
7 2871 972182
7 2872 970264
7 2873 970264
7 2874 1293368
7 2875 962804
7 2876 1295876
7 2877 962329
7 2878 962334
7 2879 962334
7 2880 1114185
7 2881 2191616
7 2882 1134286
7 2883 2747688
7 2884 2201269
7 2885 2749073
7 2886 1117309
7 2887 2197680
7 2888 1141061
7 2889 1296674
7 2890 2206250
7 2891 1300838
7 2892 1139610
7 2893 2777443
7 2894 1136445
7 2895 1305838
7 2896 2784387
7 2897 1286753
7 2898 2203199
7 2899 2784099
7 2900 2204359
7 2901 1304202
7 2902 2784712
7 2903 1286111
7 2904 1117154
7 2905 2197692
7 2906 1134537
7 2907 2751539
7 2908 2203495
7 2909 2751683
7 2910 1120548
7 2911 2206161
7 2912 1142355
7 2913 972077
7 2914 2211911
7 2915 972350
7 2916 1144833
7 2917 2803456
7 2918 1145086
7 2919 977462
7 2920 2808213
7 2921 975539
7 2922 2210714
7 2923 2805559
7 2924 2215900
7 2925 978095
7 2926 2811787
7 2927 974646
7 2928 1120294
7 2929 2203653
7 2930 1143913
7 2931 1310778
7 2932 2213089
7 2933 1311400
7 2934 1117010
7 2935 2192955
7 2936 1141828
7 2937 972320
7 2938 2202854
7 2939 972318
7 2940 1143025
7 2941 1313814
7 2942 1142497
7 2943 977645
7 2944 1309434
7 2945 972072
7 2946 2211866
7 2947 1317447
7 2948 2210254
7 2949 977632
7 2950 1312622
7 2951 972394
7 2952 1136887
7 2953 2780169
7 2954 1140116
7 2955 1313782
7 2956 2775133
7 2957 1296846
7 2958 1140313
7 2959 2785611
7 2960 1139947
7 2961 975250
7 2962 2810342
7 2963 977240
7 2964 1140532
7 2965 1314756
7 2966 1135354
7 2967 975099
7 2968 1315370
7 2969 974693
7 2970 2775973
7 2971 1293935
7 2972 2790366
7 2973 969150
7 2974 1294097
7 2975 968996
7 2976 2198193
7 2977 2782164
7 2978 2203344
7 2979 1311607
7 2980 2804626
7 2981 1300579
7 2982 2203989
7 2983 2783561
7 2984 2209141
7 2985 975027
7 2986 2812707
7 2987 977624
7 2988 2209443
7 2989 1312900
7 2990 2202731
7 2991 976001
7 2992 1313390
7 2993 974438
7 2994 2779286
7 2995 1294454
7 2996 2790839
7 2997 969312
7 2998 1294048
7 2999 968822
7 3000 1117308
7 3001 2198228
7 3002 1134885
7 3003 2751927
7 3004 2203722
7 3005 2752270
7 3006 1117349
7 3007 2197447
7 3008 1141208
7 3009 1298470
7 3010 2206126
7 3011 1301699
7 3012 1139451
7 3013 2779342
7 3014 1135565
7 3015 1304830
7 3016 2784503
7 3017 1286561
7 3018 2204288
7 3019 2785282
7 3020 2203733
7 3021 1303926
7 3022 2783539
7 3023 1284777
7 3024 1119836
7 3025 2202604
7 3026 1134739
7 3027 2749167
7 3028 2204887
7 3029 2749346
7 3030 1114949
7 3031 2197010
7 3032 1136008
7 3033 965584
7 3034 2202671
7 3035 965843
7 3036 1143312
7 3037 2786001
7 3038 1142535
7 3039 973390
7 3040 2787786
7 3041 972443
7 3042 2209381
7 3043 2784421
7 3044 2211071
7 3045 974253
7 3046 2789585
7 3047 971710
7 3048 1119779
7 3049 2200203
7 3050 1143476
7 3051 1309837
7 3052 2213478
7 3053 1310457
7 3054 1120114
7 3055 2204715
7 3056 1138962
7 3057 968328
7 3058 2206754
7 3059 968342
7 3060 1145210
7 3061 1311079
7 3062 1144902
7 3063 976501
7 3064 1308407
7 3065 974252
7 3066 2213793
7 3067 1315770
7 3068 2216018
7 3069 976888
7 3070 1312477
7 3071 974563
7 3072 1142913
7 3073 2805654
7 3074 1142532
7 3075 1315761
7 3076 2810783
7 3077 1300097
7 3078 1144956
7 3079 2802875
7 3080 1139842
7 3081 971685
7 3082 2810448
7 3083 974081
7 3084 1144854
7 3085 1314848
7 3086 1141960
7 3087 973805
7 3088 1313330
7 3089 976802
7 3090 2811935
7 3091 1297716
7 3092 2814599
7 3093 971618
7 3094 1306876
7 3095 972145
7 3096 2207856
7 3097 2807140
7 3098 2206915
7 3099 1315612
7 3100 2811203
7 3101 1299330
7 3102 2212419
7 3103 2806757
7 3104 2208803
7 3105 972092
7 3106 2816033
7 3107 977019
7 3108 2216284
7 3109 1314752
7 3110 2212558
7 3111 975247
7 3112 1314467
7 3113 976646
7 3114 2813478
7 3115 1297747
7 3116 2813941
7 3117 971779
7 3118 1306069
7 3119 971709
7 3120 1119837
7 3121 2202291
7 3122 1134432
7 3123 2749202
7 3124 2204299
7 3125 2749228
7 3126 1119664
7 3127 2201705
7 3128 1143825
7 3129 974693
7 3130 2209351
7 3131 974867
7 3132 1145138
7 3133 2800272
7 3134 1138871
7 3135 977240
7 3136 2807299
7 3137 974726
7 3138 2212138
7 3139 2804515
7 3140 2212211
7 3141 977652
7 3142 2806451
7 3143 971623
7 3144 1116555
7 3145 2192870
7 3146 1129264
7 3147 2746190
7 3148 2196815
7 3149 2745918
7 3150 1119404
7 3151 2201885
7 3152 1138482
7 3153 968147
7 3154 2206198
7 3155 968335
7 3156 1136269
7 3157 2784727
7 3158 1139821
7 3159 970997
7 3160 2787084
7 3161 971730
7 3162 2202519
7 3163 2781066
7 3164 2209355
7 3165 974180
7 3166 2787119
7 3167 968798
7 3168 1114085
7 3169 2191979
7 3170 1138818
7 3171 969544
7 3172 2203495
7 3173 969540
7 3174 1114038
7 3175 2190530
7 3176 1135225
7 3177 965528
7 3178 2192155
7 3179 965537
7 3180 1136620
7 3181 971151
7 3182 1136568
7 3183 970945
7 3184 965264
7 3185 965264
7 3186 2200319
7 3187 972378
7 3188 2201918
7 3189 971653
7 3190 965602
7 3191 965602
7 3192 1142468
7 3193 2784628
7 3194 1140634
7 3195 977467
7 3196 2804147
7 3197 977940
7 3198 1142412
7 3199 2785251
7 3200 1138322
7 3201 974010
7 3202 2810183
7 3203 977172
7 3204 1136492
7 3205 971744
7 3206 1132593
7 3207 970778
7 3208 967819
7 3209 967819
7 3210 2779212
7 3211 974533
7 3212 2786788
7 3213 973980
7 3214 970597
7 3215 970597
7 3216 2208406
7 3217 2784213
7 3218 2212117
7 3219 978466
7 3220 2809811
7 3221 974812
7 3222 2207360
7 3223 2784151
7 3224 2212509
7 3225 977019
7 3226 2812729
7 3227 974577
7 3228 2205827
7 3229 977365
7 3230 2202232
7 3231 976646
7 3232 970662
7 3233 970662
7 3234 2780469
7 3235 974246
7 3236 2787064
7 3237 973774
7 3238 968197
7 3239 968197
7 3240 1114814
7 3241 2194143
7 3242 1139224
7 3243 1299256
7 3244 2204821
7 3245 1299223
7 3246 1117224
7 3247 2194269
7 3248 1141539
7 3249 972072
7 3250 2200597
7 3251 972084
7 3252 1140390
7 3253 1309989
7 3254 1140507
7 3255 975539
7 3256 1309919
7 3257 969772
7 3258 2205277
7 3259 1315706
7 3260 2205408
7 3261 975636
7 3262 1308760
7 3263 969701
7 3264 1117504
7 3265 2197419
7 3266 1138343
7 3267 1299040
7 3268 2203603
7 3269 1298468
7 3270 1114179
7 3271 2189244
7 3272 1135866
7 3273 965686
7 3274 2196015
7 3275 965700
7 3276 1142726
7 3277 1312274
7 3278 1141838
7 3279 973708
7 3280 1310726
7 3281 972129
7 3282 2208505
7 3283 1313531
7 3284 2204981
7 3285 974465
7 3286 1310530
7 3287 971613
7 3288 1113973
7 3289 2186257
7 3290 1138378
7 3291 969005
7 3292 2196831
7 3293 968894
7 3294 1106973
7 3295 2156099
7 3296 1128353
7 3297 962275
7 3298 2161397
7 3299 962275
7 3300 1134199
7 3301 968729
7 3302 1131853
7 3303 968232
7 3304 962598
7 3305 962598
7 3306 2194155
7 3307 971377
7 3308 2189745
7 3309 968338
7 3310 962597
7 3311 962597
7 3312 1133838
7 3313 1300631
7 3314 1135143
7 3315 972263
7 3316 1305646
7 3317 969301
7 3318 1134987
7 3319 1300657
7 3320 1133753
7 3321 968549
7 3322 1311650
7 3323 971076
7 3324 1134154
7 3325 971336
7 3326 1131024
7 3327 968385
7 3328 967989
7 3329 967989
7 3330 1291911
7 3331 962776
7 3332 1295212
7 3333 962164
7 3334 962171
7 3335 962171
7 3336 2198940
7 3337 1304789
7 3338 2200618
7 3339 975181
7 3340 1312445
7 3341 972134
7 3342 2201150
7 3343 1304693
7 3344 2200105
7 3345 971779
7 3346 1314916
7 3347 973774
7 3348 2198923
7 3349 974896
7 3350 2194036
7 3351 971709
7 3352 968197
7 3353 968197
7 3354 1293105
7 3355 962783
7 3356 1295584
7 3357 962241
7 3358 962247
7 3359 962247
7 3360 1130082
7 3361 2748678
7 3362 1133959
7 3363 1300245
7 3364 2775893
7 3365 1285970
7 3366 1133802
7 3367 2754650
7 3368 1137239
7 3369 972318
7 3370 2801811
7 3371 975075
7 3372 1137303
7 3373 1310941
7 3374 1133725
7 3375 972350
7 3376 1311549
7 3377 972368
7 3378 2744859
7 3379 1289939
7 3380 2777737
7 3381 968866
7 3382 1292112
7 3383 968794
7 3384 1133953
7 3385 2754755
7 3386 1134034
7 3387 1301498
7 3388 2780878
7 3389 1284895
7 3390 1136100
7 3391 2752769
7 3392 1130911
7 3393 965527
7 3394 2784437
7 3395 971506
7 3396 1136656
7 3397 1310115
7 3398 1136744
7 3399 968867
7 3400 1312320
7 3401 974522
7 3402 2800372
7 3403 1295437
7 3404 2797956
7 3405 968259
7 3406 1302756
7 3407 971419
7 3408 1136477
7 3409 2753038
7 3410 1136487
7 3411 974612
7 3412 2803012
7 3413 974757
7 3414 1133563
7 3415 2752788
7 3416 1136402
7 3417 968859
7 3418 2786055
7 3419 971992
7 3420 1126931
7 3421 968491
7 3422 1128648
7 3423 965303
7 3424 965497
7 3425 965497
7 3426 2778809
7 3427 974087
7 3428 2783991
7 3429 973581
7 3430 967686
7 3431 967686
7 3432 1131401
7 3433 1299017
7 3434 1133903
7 3435 971635
7 3436 1308264
7 3437 969547
7 3438 1134063
7 3439 1299128
7 3440 1130451
7 3441 965688
7 3442 1310811
7 3443 971353
7 3444 1130992
7 3445 968685
7 3446 1124378
7 3447 965150
7 3448 965446
7 3449 965446
7 3450 1295518
7 3451 965389
7 3452 1298174
7 3453 964708
7 3454 964716
7 3455 964716
7 3456 2710062
7 3457 1275447
7 3458 2741433
7 3459 964721
7 3460 1284992
7 3461 962334
7 3462 2743099
7 3463 1275425
7 3464 2745030
7 3465 958714
7 3466 1285029
7 3467 964384
7 3468 2744731
7 3469 964556
7 3470 2749011
7 3471 964384
7 3472 958724
7 3473 958724
7 3474 1272428
7 3475 961767
7 3476 1284067
7 3477 958728
7 3478 958809
7 3479 958809
7 3480 2191577
7 3481 2750737
7 3482 2197187
7 3483 1299131
7 3484 2782287
7 3485 1289053
7 3486 2197371
7 3487 2751929
7 3488 2206325
7 3489 974761
7 3490 2804888
7 3491 977320
7 3492 2206261
7 3493 1309044
7 3494 2196630
7 3495 975306
7 3496 1312087
7 3497 974509
7 3498 2775605
7 3499 1296868
7 3500 2788831
7 3501 971893
7 3502 1296665
7 3503 971223
7 3504 2197569
7 3505 2754959
7 3506 2197309
7 3507 1301065
7 3508 2785252
7 3509 1288925
7 3510 2202844
7 3511 2755245
7 3512 2198088
7 3513 968064
7 3514 2789220
7 3515 974209
7 3516 2205525
7 3517 1310236
7 3518 2206363
7 3519 971915
7 3520 1311066
7 3521 976529
7 3522 2808765
7 3523 1298794
7 3524 2809275
7 3525 973733
7 3526 1308335
7 3527 974081
7 3528 2202837
7 3529 2755258
7 3530 2205924
7 3531 977430
7 3532 2804947
7 3533 977151
7 3534 2197155
7 3535 2754697
7 3536 2206347
7 3537 971695
7 3538 2791033
7 3539 974312
7 3540 2195242
7 3541 974323
7 3542 2195905
7 3543 971387
7 3544 967928
7 3545 967928
7 3546 2781423
7 3547 974208
7 3548 2787239
7 3549 973762
7 3550 970415
7 3551 970415
7 3552 2197688
7 3553 1303500
7 3554 2201564
7 3555 977450
7 3556 1309462
7 3557 974758
7 3558 2202475
7 3559 1303488
7 3560 2196279
7 3561 971684
7 3562 1314472
7 3563 975883
7 3564 2196974
7 3565 974806
7 3566 2188140
7 3567 971177
7 3568 970582
7 3569 970582
7 3570 1294293
7 3571 965370
7 3572 1297806
7 3573 964546
7 3574 964556
7 3575 964556
7 3576 2737385
7 3577 1279103
7 3578 2751219
7 3579 965402
7 3580 1288768
7 3581 962804
7 3582 2752089
7 3583 1279054
7 3584 2753224
7 3585 961755
7 3586 1288818
7 3587 965333
7 3588 2752749
7 3589 965370
7 3590 2754407
7 3591 965333
7 3592 961755
7 3593 961755
7 3594 1278088
7 3595 964470
7 3596 1288297
7 3597 961690
7 3598 961767
7 3599 961767
7 3600 1126522
7 3601 3562156
7 3602 1129844
7 3603 2741431
7 3604 3565230
7 3605 2724316
7 3606 1130145
7 3607 3567252
7 3608 1136540
7 3609 1301315
7 3610 3597377
7 3611 1301915
7 3612 1136738
7 3613 2772447
7 3614 1130330
7 3615 1301701
7 3616 2783244
7 3617 1288965
7 3618 3563138
7 3619 2752799
7 3620 3571787
7 3621 1284743
7 3622 2758126
7 3623 1284374
7 3624 1130131
7 3625 3567445
7 3626 1130159
7 3627 2746111
7 3628 3570459
7 3629 2724616
7 3630 1136181
7 3631 3585172
7 3632 1137445
7 3633 971574
7 3634 3606433
7 3635 975099
7 3636 1139451
7 3637 2793675
7 3638 1139878
7 3639 972577
7 3640 2801928
7 3641 977645
7 3642 3600413
7 3643 2774693
7 3644 3614752
7 3645 975155
7 3646 2803717
7 3647 975237
7 3648 1135850
7 3649 3582097
7 3650 1139026
7 3651 1312701
7 3652 3612891
7 3653 1311541
7 3654 1130340
7 3655 3564670
7 3656 1139882
7 3657 972577
7 3658 3600538
7 3659 975250
7 3660 1136878
7 3661 1313204
7 3662 1136932
7 3663 972577
7 3664 1313128
7 3665 972320
7 3666 3602613
7 3667 1315425
7 3668 3600159
7 3669 977462
7 3670 1312670
7 3671 974458
7 3672 1136804
7 3673 2784057
7 3674 1138913
7 3675 1314724
7 3676 2801116
7 3677 1300687
7 3678 1139583
7 3679 2784876
7 3680 1136946
7 3681 972577
7 3682 2813970
7 3683 977462
7 3684 1137420
7 3685 1311719
7 3686 1128640
7 3687 971574
7 3688 1313335
7 3689 972077
7 3690 2780548
7 3691 1297324
7 3692 2793199
7 3693 971612
7 3694 1296951
7 3695 971065
7 3696 3547145
7 3697 2747916
7 3698 3563622
7 3699 1292724
7 3700 2772576
7 3701 1291230
7 3702 3565702
7 3703 2748010
7 3704 3580155
7 3705 968428
7 3706 2776119
7 3707 971741
7 3708 3579634
7 3709 1293336
7 3710 3567432
7 3711 971922
7 3712 1291293
7 3713 968565
7 3714 2754561
7 3715 1293084
7 3716 2781606
7 3717 968575
7 3718 1291565
7 3719 967937
7 3720 1130077
7 3721 3568218
7 3722 1130554
7 3723 2746341
7 3724 3570170
7 3725 2725371
7 3726 1130223
7 3727 3566998
7 3728 1136947
7 3729 1301910
7 3730 3598537
7 3731 1302171
7 3732 1136951
7 3733 2774612
7 3734 1130279
7 3735 1301644
7 3736 2784222
7 3737 1289104
7 3738 3567346
7 3739 2753295
7 3740 3571445
7 3741 1284648
7 3742 2757932
7 3743 1283868
7 3744 1133130
7 3745 3585102
7 3746 1133424
7 3747 2749448
7 3748 3575576
7 3749 2725570
7 3750 1133542
7 3751 3566961
7 3752 1131255
7 3753 965058
7 3754 3584592
7 3755 971078
7 3756 1142205
7 3757 2780825
7 3758 1137453
7 3759 968716
7 3760 2787904
7 3761 974491
7 3762 3593165
7 3763 2757647
7 3764 3597139
7 3765 971747
7 3766 2788985
7 3767 972375
7 3768 1135824
7 3769 3580214
7 3770 1141915
7 3771 1314248
7 3772 3614827
7 3773 1311943
7 3774 1136525
7 3775 3583412
7 3776 1137152
7 3777 968552
7 3778 3590314
7 3779 971705
7 3780 1140027
7 3781 1311254
7 3782 1139636
7 3783 971568
7 3784 1313471
7 3785 974706
7 3786 3616275
7 3787 1314868
7 3788 3618398
7 3789 976779
7 3790 1314423
7 3791 976807
7 3792 1142603
7 3793 2805637
7 3794 1139093
7 3795 1314481
7 3796 2815954
7 3797 1300677
7 3798 1145227
7 3799 2805009
7 3800 1140135
7 3801 971429
7 3802 2815027
7 3803 977090
7 3804 1142468
7 3805 1313885
7 3806 1136961
7 3807 968652
7 3808 1314134
7 3809 974734
7 3810 2815363
7 3811 1300452
7 3812 2817698
7 3813 974538
7 3814 1309678
7 3815 974265
7 3816 3580196
7 3817 2774451
7 3818 3581732
7 3819 1295794
7 3820 2783426
7 3821 1294899
7 3822 3598453
7 3823 2776693
7 3824 3593582
7 3825 968064
7 3826 2806674
7 3827 971695
7 3828 3608688
7 3829 1307358
7 3830 3596844
7 3831 971915
7 3832 1305926
7 3833 971387
7 3834 2809293
7 3835 1299276
7 3836 2810114
7 3837 971684
7 3838 1306421
7 3839 971177
7 3840 1133260
7 3841 3585801
7 3842 1133398
7 3843 2749672
7 3844 3575727
7 3845 2725261
7 3846 1135770
7 3847 3584537
7 3848 1142025
7 3849 975099
7 3850 3620557
7 3851 977960
7 3852 1142120
7 3853 2792273
7 3854 1139632
7 3855 975250
7 3856 2810340
7 3857 977819
7 3858 3606020
7 3859 2777639
7 3860 3615935
7 3861 975321
7 3862 2802142
7 3863 974933
7 3864 1130043
7 3865 3568362
7 3866 1129886
7 3867 2746835
7 3868 3569127
7 3869 2722915
7 3870 1136024
7 3871 3585037
7 3872 1137188
7 3873 968721
7 3874 3592129
7 3875 972009
7 3876 1139470
7 3877 2783985
7 3878 1137232
7 3879 968767
7 3880 2790093
7 3881 974788
7 3882 3587854
7 3883 2755326
7 3884 3602077
7 3885 972031
7 3886 2787669
7 3887 971861
7 3888 1133130
7 3889 3564842
7 3890 1139445
7 3891 975155
7 3892 3598578
7 3893 975321
7 3894 1133170
7 3895 3564852
7 3896 1139152
7 3897 971263
7 3898 3582330
7 3899 971960
7 3900 1130751
7 3901 968428
7 3902 1130820
7 3903 965607
7 3904 965327
7 3905 965327
7 3906 3583703
7 3907 975500
7 3908 3584876
7 3909 974924
7 3910 970505
7 3911 970505
7 3912 1139159
7 3913 2778889
7 3914 1141423
7 3915 977462
7 3916 2800577
7 3917 978155
7 3918 1141780
7 3919 2781214
7 3920 1137151
7 3921 971084
7 3922 2808843
7 3923 976922
7 3924 1136812
7 3925 971922
7 3926 1135526
7 3927 970880
7 3928 968298
7 3929 968298
7 3930 2776761
7 3931 977147
7 3932 2788017
7 3933 976224
7 3934 973222
7 3935 973222
7 3936 3588157
7 3937 2756300
7 3938 3609770
7 3939 975500
7 3940 2803088
7 3941 974784
7 3942 3586080
7 3943 2755849
7 3944 3609057
7 3945 974209
7 3946 2806819
7 3947 974312
7 3948 3593777
7 3949 976715
7 3950 3592417
7 3951 976529
7 3952 967928
7 3953 967928
7 3954 2773434
7 3955 976932
7 3956 2786788
7 3957 975883
7 3958 970582
7 3959 970582
7 3960 1133334
7 3961 3563766
7 3962 1140050
7 3963 1303442
7 3964 3598162
7 3965 1302193
7 3966 1135790
7 3967 3578711
7 3968 1144724
7 3969 977645
7 3970 3611338
7 3971 977819
7 3972 1139397
7 3973 1313021
7 3974 1139705
7 3975 977462
7 3976 1314307
7 3977 975243
7 3978 3595903
7 3979 1315857
7 3980 3603625
7 3981 978155
7 3982 1311911
7 3983 974758
7 3984 1135774
7 3985 3580290
7 3986 1135698
7 3987 1302151
7 3988 3598651
7 3989 1298960
7 3990 1132892
7 3991 3560991
7 3992 1139314
7 3993 971099
7 3994 3581464
7 3995 971735
7 3996 1138142
7 3997 1313628
7 3998 1135067
7 3999 971080
7 4000 1314124
7 4001 976805
7 4002 3612824
7 4003 1311516
7 4004 3610188
7 4005 977016
7 4006 1313624
7 4007 974101
7 4008 1133110
7 4009 3560237
7 4010 1141923
7 4011 975237
7 4012 3595065
7 4013 974933
7 4014 1126020
7 4015 3548900
7 4016 1132980
7 4017 968476
7 4018 3568384
7 4019 968592
7 4020 1136265
7 4021 971741
7 4022 1134180
7 4023 970648
7 4024 968144
7 4025 968144
7 4026 3580379
7 4027 974784
7 4028 3580474
7 4029 971876
7 4030 968435
7 4031 968435
7 4032 1130790
7 4033 1298988
7 4034 1133806
7 4035 971612
7 4036 1308331
7 4037 969527
7 4038 1133785
7 4039 1299150
7 4040 1126779
7 4041 965299
7 4042 1311087
7 4043 971051
7 4044 1130508
7 4045 968575
7 4046 1126214
7 4047 965218
7 4048 965288
7 4049 965288
7 4050 1297048
7 4051 965402
7 4052 1299110
7 4053 964713
7 4054 964721
7 4055 964721
7 4056 3574240
7 4057 1304403
7 4058 3583140
7 4059 977147
7 4060 1312635
7 4061 974074
7 4062 3583138
7 4063 1304063
7 4064 3579178
7 4065 973733
7 4066 1312875
7 4067 973762
7 4068 3579381
7 4069 976932
7 4070 3577538
7 4071 974081
7 4072 970415
7 4073 970415
7 4074 1295588
7 4075 965370
7 4076 1298442
7 4077 964546
7 4078 964556
7 4079 964556
7 4080 1130128
7 4081 2750375
7 4082 1133975
7 4083 1300518
7 4084 2781471
7 4085 1287103
7 4086 1133771
7 4087 2755352
7 4088 1137468
7 4089 972320
7 4090 2805354
7 4091 975243
7 4092 1136541
7 4093 1311051
7 4094 1132304
7 4095 972077
7 4096 1312916
7 4097 971932
7 4098 2770923
7 4099 1294305
7 4100 2786185
7 4101 969527
7 4102 1294829
7 4103 969089
7 4104 1133974
7 4105 2755623
7 4106 1134015
7 4107 1301749
7 4108 2784542
7 4109 1286648
7 4110 1136482
7 4111 2753361
7 4112 1131545
7 4113 965533
7 4114 2786140
7 4115 972032
7 4116 1135316
7 4117 1310156
7 4118 1136375
7 4119 968540
7 4120 1312676
7 4121 974241
7 4122 2806479
7 4123 1297717
7 4124 2807536
7 4125 971272
7 4126 1307019
7 4127 972182
7 4128 1136448
7 4129 2753238
7 4130 1135844
7 4131 974458
7 4132 2803724
7 4133 974758
7 4134 1132433
7 4135 2751914
7 4136 1135443
7 4137 968686
7 4138 2785144
7 4139 971920
7 4140 1129909
7 4141 968565
7 4142 1129259
7 4143 965218
7 4144 965434
7 4145 965434
7 4146 2782043
7 4147 974074
7 4148 2785254
7 4149 973769
7 4150 970264
7 4151 970264
7 4152 1130636
7 4153 1299102
7 4154 1131729
7 4155 971065
7 4156 1309547
7 4157 969089
7 4158 1132964
7 4159 1298928
7 4160 1128848
7 4161 965137
7 4162 1310885
7 4163 970831
7 4164 1127848
7 4165 967937
7 4166 1106973
7 4167 962024
7 4168 962361
7 4169 962361
7 4170 1296014
7 4171 962804
7 4172 1297164
7 4173 962329
7 4174 962334
7 4175 962334
7 4176 2737385
7 4177 1279103
7 4178 2751219
7 4179 965402
7 4180 1288768
7 4181 962804
7 4182 2752089
7 4183 1279054
7 4184 2753224
7 4185 961755
7 4186 1288818
7 4187 965333
7 4188 2752749
7 4189 965370
7 4190 2754407
7 4191 965333
7 4192 961755
7 4193 961755
7 4194 1278088
7 4195 964470
7 4196 1288297
7 4197 961690
7 4198 961767
7 4199 961767
7 4200 3515774
7 4201 2713431
7 4202 3532837
7 4203 1277544
7 4204 2744497
7 4205 1276116
7 4206 3533319
7 4207 2713180
7 4208 3559787
7 4209 965327
7 4210 2762945
7 4211 968144
7 4212 3558453
7 4213 1287142
7 4214 3534876
7 4215 968298
7 4216 1286635
7 4217 965434
7 4218 2742957
7 4219 1288982
7 4220 2770793
7 4221 965288
7 4222 1285918
7 4223 962361
7 4224 3533156
7 4225 2718127
7 4226 3533331
7 4227 1278088
7 4228 2747218
7 4229 1276064
7 4230 3552064
7 4231 2721375
7 4232 3543271
7 4233 958714
7 4234 2767064
7 4235 965148
7 4236 3558372
7 4237 1289932
7 4238 3560815
7 4239 964899
7 4240 1287958
7 4241 967620
7 4242 2790313
7 4243 1288970
7 4244 2791998
7 4245 967613
7 4246 1298483
7 4247 965472
7 4248 3552886
7 4249 2721250
7 4250 3559376
7 4251 970505
7 4252 2763057
7 4253 968435
7 4254 3535096
7 4255 2718500
7 4256 3560872
7 4257 965148
7 4258 2771677
7 4259 965291
7 4260 3545168
7 4261 967928
7 4262 3545178
7 4263 967620
7 4264 958710
7 4265 958710
7 4266 2742293
7 4267 970415
7 4268 2768782
7 4269 967298
7 4270 964655
7 4271 964655
7 4272 3544266
7 4273 1292098
7 4274 3560719
7 4275 973222
7 4276 1288487
7 4277 970264
7 4278 3562084
7 4279 1289741
7 4280 3544017
7 4281 967613
7 4282 1299095
7 4283 967298
7 4284 3543221
7 4285 970582
7 4286 3534570
7 4287 965472
7 4288 964655
7 4289 964655
7 4290 1272344
7 4291 961755
7 4292 1284055
7 4293 958642
7 4294 958724
7 4295 958724
7 4296 2710062
7 4297 1275447
7 4298 2741433
7 4299 964721
7 4300 1284992
7 4301 962334
7 4302 2743099
7 4303 1275425
7 4304 2745030
7 4305 958714
7 4306 1285029
7 4307 964384
7 4308 2744731
7 4309 964556
7 4310 2749011
7 4311 964384
7 4312 958724
7 4313 958724
7 4314 1272428
7 4315 961767
7 4316 1284067
7 4317 958728
7 4318 958809
7 4319 958809
7 4320 2156099
7 4321 3534807
7 4322 2158247
7 4323 2710637
7 4324 3550862
7 4325 2713358
7 4326 2159658
7 4327 3536523
7 4328 2187866
7 4329 1277753
7 4330 3563560
7 4331 1292994
7 4332 2188170
7 4333 2740535
7 4334 2157901
7 4335 1292961
7 4336 2746816
7 4337 1280262
7 4338 3552870
7 4339 2745488
7 4340 3565755
7 4341 1280275
7 4342 2746070
7 4343 1275888
7 4344 2159617
7 4345 3538296
7 4346 2158386
7 4347 2713443
7 4348 3553107
7 4349 2713411
7 4350 2173806
7 4351 3564518
7 4352 2195225
7 4353 965058
7 4354 3594068
7 4355 968721
7 4356 2194498
7 4357 2764636
7 4358 2196856
7 4359 968552
7 4360 2768548
7 4361 971099
7 4362 3593777
7 4363 2767789
7 4364 3607235
7 4365 971263
7 4366 2793485
7 4367 968476
7 4368 2173740
7 4369 3564051
7 4370 2194736
7 4371 1300998
7 4372 3590489
7 4373 1302876
7 4374 2159924
7 4375 3538264
7 4376 2197551
7 4377 968716
7 4378 3584732
7 4379 968767
7 4380 2194536
7 4381 1292379
7 4382 2194046
7 4383 971429
7 4384 1286624
7 4385 965533
7 4386 3583650
7 4387 1308387
7 4388 3592247
7 4389 971084
7 4390 1304069
7 4391 968686
7 4392 2196334
7 4393 2771799
7 4394 2197079
7 4395 1308675
7 4396 2769914
7 4397 1294591
7 4398 2198114
7 4399 2770304
7 4400 2192346
7 4401 971568
7 4402 2796088
7 4403 971080
7 4404 2192636
7 4405 1305465
7 4406 2157751
7 4407 968652
7 4408 1304236
7 4409 968540
7 4410 2746670
7 4411 1289720
7 4412 2776564
7 4413 965299
7 4414 1288045
7 4415 965137
7 4416 3546839
7 4417 2747605
7 4418 3563200
7 4419 1292473
7 4420 2771708
7 4421 1290422
7 4422 3564826
7 4423 2747288
7 4424 3577832
7 4425 965607
7 4426 2773157
7 4427 970648
7 4428 3576978
7 4429 1292101
7 4430 3563961
7 4431 970880
7 4432 1287724
7 4433 965218
7 4434 2747085
7 4435 1289480
7 4436 2774051
7 4437 965218
7 4438 1285579
7 4439 962024
7 4440 2159520
7 4441 3539249
7 4442 2158736
7 4443 2713457
7 4444 3553364
7 4445 2714207
7 4446 2159759
7 4447 3535070
7 4448 2188222
7 4449 1278037
7 4450 3566564
7 4451 1293195
7 4452 2188293
7 4453 2741640
7 4454 2157892
7 4455 1292979
7 4456 2747417
7 4457 1280292
7 4458 3554537
7 4459 2745866
7 4460 3565702
7 4461 1280289
7 4462 2746209
7 4463 1275883
7 4464 2165669
7 4465 3557308
7 4466 2165581
7 4467 2716612
7 4468 3561064
7 4469 2717530
7 4470 2170096
7 4471 3549386
7 4472 2188868
7 4473 958718
7 4474 3574869
7 4475 964881
7 4476 2202511
7 4477 2767182
7 4478 2197600
7 4479 965095
7 4480 2770421
7 4481 968260
7 4482 3590332
7 4483 2754942
7 4484 3592240
7 4485 968260
7 4486 2780963
7 4487 965681
7 4488 2174251
7 4489 3563923
7 4490 2202399
7 4491 1302686
7 4492 3596369
7 4493 1306760
7 4494 2174949
7 4495 3565187
7 4496 2197538
7 4497 965095
7 4498 3581955
7 4499 965258
7 4500 2205491
7 4501 1291901
7 4502 2204831
7 4503 970815
7 4504 1288206
7 4505 967944
7 4506 3595506
7 4507 1310629
7 4508 3610725
7 4509 970719
7 4510 1306429
7 4511 971067
7 4512 2207326
7 4513 2793681
7 4514 2198665
7 4515 1308977
7 4516 2796820
7 4517 1296140
7 4518 2212472
7 4519 2793433
7 4520 2206887
7 4521 970815
7 4522 2801085
7 4523 970719
7 4524 2205197
7 4525 1309152
7 4526 2193114
7 4527 965904
7 4528 1306411
7 4529 971212
7 4530 2798766
7 4531 1293441
7 4532 2803153
7 4533 968419
7 4534 1301321
7 4535 968380
7 4536 3579033
7 4537 2773176
7 4538 3578673
7 4539 1294507
7 4540 2778354
7 4541 1290498
7 4542 3598031
7 4543 2775952
7 4544 3592834
7 4545 967944
7 4546 2804423
7 4547 971067
7 4548 3607110
7 4549 1306414
7 4550 3593442
7 4551 971212
7 4552 1302897
7 4553 968229
7 4554 2803841
7 4555 1295834
7 4556 2803581
7 4557 968380
7 4558 1300873
7 4559 965239
7 4560 2165853
7 4561 3557668
7 4562 2165583
7 4563 2717162
7 4564 3561033
7 4565 2717498
7 4566 2174122
7 4567 3564699
7 4568 2206431
7 4569 971078
7 4570 3609482
7 4571 972009
7 4572 2202883
7 4573 2765085
7 4574 2198015
7 4575 971705
7 4576 2790983
7 4577 971735
7 4578 3601837
7 4579 2771798
7 4580 3610470
7 4581 971960
7 4582 2796292
7 4583 968592
7 4584 2159972
7 4585 3539423
7 4586 2158487
7 4587 2714142
7 4588 3552687
7 4589 2713676
7 4590 2174614
7 4591 3565810
7 4592 2197757
7 4593 964881
7 4594 3584188
7 4595 965959
7 4596 2195446
7 4597 2770967
7 4598 2197426
7 4599 965258
7 4600 2777776
7 4601 968747
7 4602 3583598
7 4603 2751362
7 4604 3597247
7 4605 968747
7 4606 2778825
7 4607 965679
7 4608 2170156
7 4609 3550311
7 4610 2202509
7 4611 971747
7 4612 3592680
7 4613 972031
7 4614 2170089
7 4615 3550329
7 4616 2202448
7 4617 968260
7 4618 3579537
7 4619 968747
7 4620 2192660
7 4621 968064
7 4622 2192715
7 4623 967944
7 4624 958714
7 4625 958714
7 4626 3577947
7 4627 974209
7 4628 3580457
7 4629 973423
7 4630 965148
7 4631 965148
7 4632 2203161
7 4633 2769948
7 4634 2205780
7 4635 976779
7 4636 2771726
7 4637 977016
7 4638 2207742
7 4639 2773544
7 4640 2201790
7 4641 970719
7 4642 2802228
7 4643 973564
7 4644 2201020
7 4645 971915
7 4646 2196178
7 4647 971212
7 4648 964899
7 4649 964899
7 4650 2743902
7 4651 973733
7 4652 2772373
7 4653 970378
7 4654 967613
7 4655 967613
7 4656 3585393
7 4657 2752461
7 4658 3605703
7 4659 974924
7 4660 2799066
7 4661 971876
7 4662 3585295
7 4663 2752266
7 4664 3605355
7 4665 973423
7 4666 2802048
7 4667 971342
7 4668 3591198
7 4669 976529
7 4670 3589958
7 4671 976127
7 4672 967620
7 4673 967620
7 4674 2772006
7 4675 974081
7 4676 2784309
7 4677 973183
7 4678 965472
7 4679 965472
7 4680 2170353
7 4681 3550901
7 4682 2202637
7 4683 1297081
7 4684 3595998
7 4685 1298180
7 4686 2174780
7 4687 3565659
7 4688 2211854
7 4689 974491
7 4690 3608101
7 4691 974788
7 4692 2205710
7 4693 1293751
7 4694 2205998
7 4695 977090
7 4696 1304123
7 4697 972032
7 4698 3579216
7 4699 1311431
7 4700 3601097
7 4701 976922
7 4702 1307212
7 4703 971920
7 4704 2174708
7 4705 3567417
7 4706 2195727
7 4707 1296452
7 4708 3597939
7 4709 1294462
7 4710 2169599
7 4711 3549062
7 4712 2202641
7 4713 968260
7 4714 3581017
7 4715 968747
7 4716 2207427
7 4717 1305018
7 4718 2202192
7 4719 970719
7 4720 1306093
7 4721 973423
7 4722 3612525
7 4723 1309049
7 4724 3606663
7 4725 973564
7 4726 1307929
7 4727 971342
7 4728 2169910
7 4729 3548375
7 4730 2207169
7 4731 972375
7 4732 3593449
7 4733 971861
7 4734 2159828
7 4735 3538271
7 4736 2193375
7 4737 965681
7 4738 3569303
7 4739 965679
7 4740 2201051
7 4741 971695
7 4742 2198782
7 4743 971067
7 4744 965148
7 4745 965148
7 4746 3580132
7 4747 974312
7 4748 3581569
7 4749 971342
7 4750 965291
7 4751 965291
7 4752 2192669
7 4753 1295669
7 4754 2198915
7 4755 974538
7 4756 1290068
7 4757 971272
7 4758 2198970
7 4759 1295820
7 4760 2190732
7 4761 968419
7 4762 1304001
7 4763 970378
7 4764 2194563
7 4765 971684
7 4766 2187366
7 4767 968380
7 4768 967613
7 4769 967613
7 4770 1272333
7 4771 961755
7 4772 1284055
7 4773 958632
7 4774 958714
7 4775 958714
7 4776 3558237
7 4777 1300687
7 4778 3580129
7 4779 976224
7 4780 1309081
7 4781 973769
7 4782 3579116
7 4783 1300428
7 4784 3575529
7 4785 970378
7 4786 1309260
7 4787 973033
7 4788 3576564
7 4789 975883
7 4790 3575423
7 4791 973183
7 4792 967298
7 4793 967298
7 4794 1292652
7 4795 965333
7 4796 1296862
7 4797 964372
7 4798 964384
7 4799 964384
7 4800 2190148
7 4801 2746267
7 4802 2196409
7 4803 1298765
7 4804 2773140
7 4805 1287605
7 4806 2196409
7 4807 2749993
7 4808 2204833
7 4809 974706
7 4810 2798357
7 4811 976805
7 4812 2202638
7 4813 1308403
7 4814 2192016
7 4815 974734
7 4816 1310358
7 4817 974241
7 4818 2744231
7 4819 1292199
7 4820 2778741
7 4821 971051
7 4822 1293791
7 4823 970831
7 4824 2196925
7 4825 2752683
7 4826 2196197
7 4827 1300452
7 4828 2777418
7 4829 1285591
7 4830 2201333
7 4831 2751150
7 4832 2195466
7 4833 967944
7 4834 2783995
7 4835 973423
7 4836 2199463
7 4837 1308297
7 4838 2203497
7 4839 971212
7 4840 1310276
7 4841 976127
7 4842 2799772
7 4843 1296248
7 4844 2797658
7 4845 970378
7 4846 1303721
7 4847 973183
7 4848 2201022
7 4849 2751067
7 4850 2200571
7 4851 976807
7 4852 2797231
7 4853 974101
7 4854 2191912
7 4855 2748617
7 4856 2200828
7 4857 971067
7 4858 2784544
7 4859 971342
7 4860 2190730
7 4861 971387
7 4862 2189282
7 4863 968229
7 4864 967620
7 4865 967620
7 4866 2774569
7 4867 973762
7 4868 2782833
7 4869 973033
7 4870 967298
7 4871 967298
7 4872 2192844
7 4873 1300452
7 4874 2193359
7 4875 974265
7 4876 1306802
7 4877 972182
7 4878 2196341
7 4879 1300013
7 4880 2188410
7 4881 968380
7 4882 1311356
7 4883 973183
7 4884 2185689
7 4885 971177
7 4886 2157409
7 4887 965239
7 4888 965472
7 4889 965472
7 4890 1292652
7 4891 965333
7 4892 1296862
7 4893 964372
7 4894 964384
7 4895 964384
7 4896 2708689
7 4897 1275440
7 4898 2740998
7 4899 964713
7 4900 1284984
7 4901 962329
7 4902 2742694
7 4903 1275419
7 4904 2744676
7 4905 958632
7 4906 1285019
7 4907 964372
7 4908 2744381
7 4909 964546
7 4910 2748787
7 4911 964372
7 4912 958642
7 4913 958642
7 4914 1272347
7 4915 961690
7 4916 1283990
7 4917 958647
7 4918 958728
7 4919 958728
7 4920 3515774
7 4921 2713431
7 4922 3532837
7 4923 1277544
7 4924 2744497
7 4925 1276116
7 4926 3533319
7 4927 2713180
7 4928 3559787
7 4929 965327
7 4930 2762945
7 4931 968144
7 4932 3558453
7 4933 1287142
7 4934 3534876
7 4935 968298
7 4936 1286635
7 4937 965434
7 4938 2742957
7 4939 1288982
7 4940 2770793
7 4941 965288
7 4942 1285918
7 4943 962361
7 4944 3533156
7 4945 2718127
7 4946 3533331
7 4947 1278088
7 4948 2747218
7 4949 1276064
7 4950 3552064
7 4951 2721375
7 4952 3543271
7 4953 958714
7 4954 2767064
7 4955 965148
7 4956 3558372
7 4957 1289932
7 4958 3560815
7 4959 964899
7 4960 1287958
7 4961 967620
7 4962 2790313
7 4963 1288970
7 4964 2791998
7 4965 967613
7 4966 1298483
7 4967 965472
7 4968 3552886
7 4969 2721250
7 4970 3559376
7 4971 970505
7 4972 2763057
7 4973 968435
7 4974 3535096
7 4975 2718500
7 4976 3560872
7 4977 965148
7 4978 2771677
7 4979 965291
7 4980 3545168
7 4981 967928
7 4982 3545178
7 4983 967620
7 4984 958710
7 4985 958710
7 4986 2742293
7 4987 970415
7 4988 2768782
7 4989 967298
7 4990 964655
7 4991 964655
7 4992 3544266
7 4993 1292098
7 4994 3560719
7 4995 973222
7 4996 1288487
7 4997 970264
7 4998 3562084
7 4999 1289741
7 5000 3544017
7 5001 967613
7 5002 1299095
7 5003 967298
7 5004 3543221
7 5005 970582
7 5006 3534570
7 5007 965472
7 5008 964655
7 5009 964655
7 5010 1272344
7 5011 961755
7 5012 1284055
7 5013 958642
7 5014 958724
7 5015 958724
7 5016 2710062
7 5017 1275447
7 5018 2741433
7 5019 964721
7 5020 1284992
7 5021 962334
7 5022 2743099
7 5023 1275425
7 5024 2745030
7 5025 958714
7 5026 1285029
7 5027 964384
7 5028 2744731
7 5029 964556
7 5030 2749011
7 5031 964384
7 5032 958724
7 5033 958724
7 5034 1272428
7 5035 961767
7 5036 1284067
7 5037 958728
7 5038 958809
7 5039 958809
