3 0 39916800
3 1 39916800
3 2 39916800
3 3 39916712
3 4 39912939
3 5 39916098
4 0 39663508
4 1 39849876
4 2 39649041
4 3 39912822
4 4 39858885
4 5 39912794
4 6 39219070
4 7 39630376
4 8 39558054
4 9 39563824
4 10 39686666
4 11 39691280
4 12 38068512
4 13 39357718
4 14 37865570
4 15 39068308
4 16 39196761
4 17 38976692
4 18 38444071
4 19 39168757
4 20 38513756
4 21 38611442
4 22 38949856
4 23 38685076
5 0 30746710
5 1 33476637
5 2 30693441
5 3 37279520
5 4 33608769
5 5 36723027
5 6 30662509
5 7 33369544
5 8 31167296
5 9 37404004
5 10 33563601
5 11 37527489
5 12 31208326
5 13 37398754
5 14 30595026
5 15 37506061
5 16 37024235
5 17 37413402
5 18 33609675
5 19 37427990
5 20 33601123
5 21 37365206
5 22 37018161
5 23 37382710
5 24 30765130
5 25 34086544
5 26 30749038
5 27 35964768
5 28 34132178
5 29 35642776
5 30 31735682
5 31 35382440
5 32 32296186
5 33 32475588
5 34 35326618
5 35 33508758
5 36 32282672
5 37 36697410
5 38 32512804
5 39 33312186
5 40 36130590
5 41 33599248
5 42 34635464
5 43 36802416
5 44 35441740
5 45 33709032
5 46 36462344
5 47 33944106
5 48 25184045
5 49 28019006
5 50 25740416
5 51 32406679
5 52 28292532
5 53 32241730
5 54 25058282
5 55 27725026
5 56 26121455
5 57 28202735
5 58 27993245
5 59 28213023
5 60 25881260
5 61 32154700
5 62 25724919
5 63 28447076
5 64 31563078
5 65 27663070
5 66 28177426
5 67 32431955
5 68 28231684
5 69 28396931
5 70 31925703
5 71 28237077
5 72 21305471
5 73 29830590
5 74 21438016
5 75 30753846
5 76 29558557
5 77 30608614
5 78 21383921
5 79 29566368
5 80 21200423
5 81 25954674
5 82 29589732
5 83 25841811
5 84 21329629
5 85 30524879
5 86 20854400
5 87 25910708
5 88 30059591
5 89 25539082
5 90 28811456
5 91 30133042
5 92 28958036
5 93 25017889
5 94 29838536
5 95 25111315
5 96 23841212
5 97 29437315
5 98 24037933
5 99 30339406
5 100 29475121
5 101 30246785
5 102 24075223
5 103 29486682
5 104 24445951
5 105 24940822
5 106 29332928
5 107 25714469
5 108 24492154
5 109 30297296
5 110 23977708
5 111 25712012
5 112 29790475
5 113 25063563
5 114 28811456
5 115 30133042
5 116 28958036
5 117 25017889
5 118 29838536
5 119 25111315
6 0 12034912
6 1 12482870
6 2 12028455
6 3 18056668
6 4 12588439
6 5 17623583
6 6 12026924
6 7 12475027
6 8 12228618
6 9 24080113
6 10 12678548
6 11 24015653
6 12 12228711
6 13 18024803
6 14 12024149
6 15 24016445
6 16 17718212
6 17 23974185
6 18 12628042
6 19 18012747
6 20 12691079
6 21 23934843
6 22 17726685
6 23 23541996
6 24 12015777
6 25 12444647
6 26 12008619
6 27 18010871
6 28 12552579
6 29 17560940
6 30 12240532
6 31 12698969
6 32 12325219
6 33 20075795
6 34 12923042
6 35 20363879
6 36 12311598
6 37 18488529
6 38 12378638
6 39 20407448
6 40 18338762
6 41 20635971
6 42 12821778
6 43 18071868
6 44 12996933
6 45 20572638
6 46 18370306
6 47 20482949
6 48 12243298
6 49 12721905
6 50 12331665
6 51 24569640
6 52 12916180
6 53 24241342
6 54 12008167
6 55 12377102
6 56 12352126
6 57 20426799
6 58 12723194
6 59 20431491
6 60 12298029
6 61 24743533
6 62 12258929
6 63 20589946
6 64 24033295
6 65 20131922
6 66 12872094
6 67 24693073
6 68 12807301
6 69 20543279
6 70 24106793
6 71 20368777
6 72 12299591
6 73 18487945
6 74 12354246
6 75 24876961
6 76 18223491
6 77 24844771
6 78 12336435
6 79 18090905
6 80 12267897
6 81 20557224
6 82 18184638
6 83 20528748
6 84 12296530
6 85 24661262
6 86 12011261
6 87 20387060
6 88 24106944
6 89 20349413
6 90 17905544
6 91 24411821
6 92 17877823
6 93 20086604
6 94 24053593
6 95 20105825
6 96 12621568
6 97 18158340
6 98 12740664
6 99 24595443
6 100 18203987
6 101 24300395
6 102 12696677
6 103 18122904
6 104 12848894
6 105 20076874
6 106 18061005
6 107 20539298
6 108 12870948
6 109 24668683
6 110 12590572
6 111 20522248
6 112 24027052
6 113 20105206
6 114 17910355
6 115 24407844
6 116 17799432
6 117 20078282
6 118 24004293
6 119 20032955
6 120 14836514
6 121 16968570
6 122 14822624
6 123 23313300
6 124 17046180
6 125 22874834
6 126 14835096
6 127 16967166
6 128 15004872
6 129 23639198
6 130 17070400
6 131 23729882
6 132 15004836
6 133 23302516
6 134 14834754
6 135 23730688
6 136 22899158
6 137 23615792
6 138 17004200
6 139 23304892
6 140 17072904
6 141 23575602
6 142 22895928
6 143 23486462
6 144 15080182
6 145 17395668
6 146 15075278
6 147 23903306
6 148 17437422
6 149 23637426
6 150 15142816
6 151 17969828
6 152 15097048
6 153 15779700
6 154 18089518
6 155 16398738
6 156 15573494
6 157 24367604
6 158 15315214
6 159 16422390
6 160 23782840
6 161 16660978
6 162 17830070
6 163 24244582
6 164 18204124
6 165 16595930
6 166 23807544
6 167 16628608
6 168 15270468
6 169 17913724
6 170 15414712
6 171 24618754
6 172 18098384
6 173 24536008
6 174 15300112
6 175 18018494
6 176 15308116
6 177 16325420
6 178 18062382
6 179 16353998
6 180 15356112
6 181 24560696
6 182 15350400
6 183 16482530
6 184 24043984
6 185 16255340
6 186 17997132
6 187 24933870
6 188 18157162
6 189 16512104
6 190 24300466
6 191 16626978
6 192 15474136
6 193 24052704
6 194 15473098
6 195 24914508
6 196 23659566
6 197 24816990
6 198 15639162
6 199 24334346
6 200 15374690
6 201 16679826
6 202 24028242
6 203 16582814
6 204 15484810
6 205 24851884
6 206 15355208
6 207 16586272
6 208 24390884
6 209 16620718
6 210 23141986
6 211 24640120
6 212 23678102
6 213 16502060
6 214 24494730
6 215 16534212
6 216 17469884
6 217 23764210
6 218 17503244
6 219 24562164
6 220 23671168
6 221 24457660
6 222 17780806
6 223 24387118
6 224 18155308
6 225 16419674
6 226 24057936
6 227 16734244
6 228 18091226
6 229 24992924
6 230 18161804
6 231 16725822
6 232 24348830
6 233 16525432
6 234 23244374
6 235 24703766
6 236 23713044
6 237 16563150
6 238 24494014
6 239 16545042
6 240 9753135
6 241 11895540
6 242 9750375
6 243 14531535
6 244 11917412
6 245 14347022
6 246 9995267
6 247 12390705
6 248 10409588
6 249 15263302
6 250 12510532
6 251 15373321
6 252 10236231
6 253 14955773
6 254 10374623
6 255 15292313
6 256 14860615
6 257 15367777
6 258 12118959
6 259 14961825
6 260 12513889
6 261 15358240
6 262 14870070
6 263 15287793
6 264 9735921
6 265 11878575
6 266 9732601
6 267 14467105
6 268 11910218
6 269 14250103
6 270 10056131
6 271 12587205
6 272 10287045
6 273 10963372
6 274 12519120
6 275 11087319
6 276 10253603
6 277 14984168
6 278 10262580
6 279 10985156
6 280 14684939
6 281 11122728
6 282 12096962
6 283 14729295
6 284 12545423
6 285 11132176
6 286 14661392
6 287 11068449
6 288 10021840
6 289 12481259
6 290 10380156
6 291 15314464
6 292 12653640
6 293 15409894
6 294 9985819
6 295 12391661
6 296 10394089
6 297 11199150
6 298 12505463
6 299 11263262
6 300 10205314
6 301 14933087
6 302 10185819
6 303 11141621
6 304 14693446
6 305 10765595
6 306 12515820
6 307 15482722
6 308 12509691
6 309 11458563
6 310 15112246
6 311 11073893
6 312 10243656
6 313 14926767
6 314 10458853
6 315 15429059
6 316 14943201
6 317 15502696
6 318 10369339
6 319 15006595
6 320 10381512
6 321 11258622
6 322 15027810
6 323 11277043
6 324 10409809
6 325 15306220
6 326 10286776
6 327 11368782
6 328 15042590
6 329 11016016
6 330 14556848
6 331 15353716
6 332 14735193
6 333 11127725
6 334 15182536
6 335 11077053
6 336 12112354
6 337 14997441
6 338 12658327
6 339 15557089
6 340 15200656
6 341 15544792
6 342 12200531
6 343 15015880
6 344 12711775
6 345 11318143
6 346 15014622
6 347 11391273
6 348 12624415
6 349 15472169
6 350 12515935
6 351 11490623
6 352 15232606
6 353 11117605
6 354 14763722
6 355 15513983
6 356 14879524
6 357 11348817
6 358 15265644
6 359 11149192
6 360 6140960
6 361 6693419
6 362 6239984
6 363 14194828
6 364 6805248
6 365 14077699
6 366 6169711
6 367 6722123
6 368 6283563
6 369 12314292
6 370 6833947
6 371 12359435
6 372 6224250
6 373 14300840
6 374 6245618
6 375 12385118
6 376 14051391
6 377 12231654
6 378 6779197
6 379 14303066
6 380 6822249
6 381 12380350
6 382 14051971
6 383 12243104
6 384 6169385
6 385 6696566
6 386 6205428
6 387 14135117
6 388 6769250
6 389 13954220
6 390 6131634
6 391 6670405
6 392 6214207
6 393 7843379
6 394 6758347
6 395 7901288
6 396 6251581
6 397 14359898
6 398 6208495
6 399 7893504
6 400 14173958
6 401 7924383
6 402 6813266
6 403 14176745
6 404 6806146
6 405 7917929
6 406 14128019
6 407 7895178
6 408 6136346
6 409 6712737
6 410 6248365
6 411 12321943
6 412 6831529
6 413 12302361
6 414 6081686
6 415 6546654
6 416 6175518
6 417 7845613
6 418 6633669
6 419 7846095
6 420 6184359
6 421 12259666
6 422 6179688
6 423 7906093
6 424 12179740
6 425 7656744
6 426 6781270
6 427 12336490
6 428 6725069
6 429 7904266
6 430 12182093
6 431 7658886
6 432 6139749
6 433 14157110
6 434 6184486
6 435 12346597
6 436 13981732
6 437 12155333
6 438 6184359
6 439 14179686
6 440 6132764
6 441 7867688
6 442 14155322
6 443 7822088
6 444 6142870
6 445 12301109
6 446 6129010
6 447 7876167
6 448 12237670
6 449 7687535
6 450 13651850
6 451 12023257
6 452 13732967
6 453 7531388
6 454 11984814
6 455 7542457
6 456 6705427
6 457 14258794
6 458 6759206
6 459 12367550
6 460 14121568
6 461 12284357
6 462 6747561
6 463 14251640
6 464 6739688
6 465 7854711
6 466 14133075
6 467 7883440
6 468 6771836
6 469 12356495
6 470 6701562
6 471 7923031
6 472 12218242
6 473 7680289
6 474 13698542
6 475 12118763
6 476 13760486
6 477 7601213
6 478 12106009
6 479 7604889
6 480 6134494
6 481 10135822
6 482 6180603
6 483 14310372
6 484 10063259
6 485 14303274
6 486 6177089
6 487 10141028
6 488 6221041
6 489 12333414
6 490 10152351
6 491 12405522
6 492 6217688
6 493 14336176
6 494 6177339
6 495 12363407
6 496 14184688
6 497 12294714
6 498 9972934
6 499 14164886
6 500 10006806
6 501 12140322
6 502 14146003
6 503 12175012
6 504 6181392
6 505 10145685
6 506 6181688
6 507 14324903
6 508 10024126
6 509 14274986
6 510 6214207
6 511 10191272
6 512 6141033
6 513 7828598
6 514 10213404
6 515 7918503
6 516 6208495
6 517 14319072
6 518 6210970
6 519 7937233
6 520 14258810
6 521 7955221
6 522 10032965
6 523 14274651
6 524 10167591
6 525 7845896
6 526 14259463
6 527 7909335
6 528 6214281
6 529 10173227
6 530 6209179
6 531 12414533
6 532 10228356
6 533 12370546
6 534 6175518
6 535 9939607
6 536 6205561
6 537 7912107
6 538 9981047
6 539 7926620
6 540 6132764
6 541 12268690
6 542 6130308
6 543 7867384
6 544 12225345
6 545 7691697
6 546 10158387
6 547 12373090
6 548 10103893
6 549 7876028
6 550 12204990
6 551 7680284
6 552 6139802
6 553 14164278
6 554 6175638
6 555 12323324
6 556 14026185
6 557 12241737
6 558 6179688
6 559 14134046
6 560 6130308
6 561 7872744
6 562 14122769
6 563 7884105
6 564 6129010
6 565 12251440
6 566 6081686
6 567 7819889
6 568 12175729
6 569 7666489
6 570 13698542
6 571 12118763
6 572 13760486
6 573 7601213
6 574 12106009
6 575 7604889
6 576 9748696
6 577 13898255
6 578 9787649
6 579 12055068
6 580 13915261
6 581 12060011
6 582 9797877
6 583 13905946
6 584 9938483
6 585 7521051
6 586 13895493
6 587 7734856
6 588 9944668
6 589 12048915
6 590 9762224
6 591 7733092
6 592 11965135
6 593 7537474
6 594 13651850
6 595 12023257
6 596 13732967
6 597 7531388
6 598 11984814
6 599 7542457
6 600 6546654
6 601 9906119
6 602 6600967
6 603 14072463
6 604 9957757
6 605 13914152
6 606 6602616
6 607 9938181
6 608 6735348
6 609 12054610
6 610 9969571
6 611 12244468
6 612 6733015
6 613 14108006
6 614 6617628
6 615 12245530
6 616 13966635
6 617 12110159
6 618 9962895
6 619 14090043
6 620 9956943
6 621 12089502
6 622 13968872
6 623 12061823
6 624 6605266
6 625 9953676
6 626 6608015
6 627 14103387
6 628 9961748
6 629 13915029
6 630 6663127
6 631 10145631
6 632 6722633
6 633 7520631
6 634 10117232
6 635 7807465
6 636 6750490
6 637 14249448
6 638 6765778
6 639 7773343
6 640 14072756
6 641 7813739
6 642 9989050
6 643 14110095
6 644 10148874
6 645 7823739
6 646 14112431
6 647 7825482
6 648 6664845
6 649 10145655
6 650 6740034
6 651 12260420
6 652 10196161
6 653 12285703
6 654 6609731
6 655 9926934
6 656 6754804
6 657 7792158
6 658 9983713
6 659 7801734
6 660 6708171
6 661 12134624
6 662 6694641
6 663 7824035
6 664 11957985
6 665 7535342
6 666 10099715
6 667 12304460
6 668 10062362
6 669 7791837
6 670 12193863
6 671 7666128
6 672 6702454
6 673 14224469
6 674 6742573
6 675 12324904
6 676 14055844
6 677 12174660
6 678 6723630
6 679 14142274
6 680 6693589
6 681 7830871
6 682 14112533
6 683 7801838
6 684 6727329
6 685 12278442
6 686 6587924
6 687 7835843
6 688 12195106
6 689 7666041
6 690 13647285
6 691 12017363
6 692 13732083
6 693 7528309
6 694 11977680
6 695 7539701
6 696 9748696
6 697 13898255
6 698 9787649
6 699 12055068
6 700 13915261
6 701 12060011
6 702 9797877
6 703 13905946
6 704 9938483
6 705 7521051
6 706 13895493
6 707 7734856
6 708 9944668
6 709 12048915
6 710 9762224
6 711 7733092
6 712 11965135
6 713 7537474
6 714 13651850
6 715 12023257
6 716 13732967
6 717 7531388
6 718 11984814
6 719 7542457
7 0 2253926
7 1 2253926
7 2 2253756
7 3 2583414
7 4 2261422
7 5 2566705
7 6 2253742
7 7 2253742
7 8 2268570
7 9 5860486
7 10 2268962
7 11 5846088
7 12 2268570
7 13 2588724
7 14 2253732
7 15 5847600
7 16 2575211
7 17 5840590
7 18 2263141
7 19 2588679
7 20 2269338
7 21 5835031
7 22 2575321
7 23 5743988
7 24 2253641
7 25 2253641
7 26 2253468
7 27 2583378
7 28 2261386
7 29 2566423
7 30 2270567
7 31 2270567
7 32 2273231
7 33 7904839
7 34 2286497
7 35 7914417
7 36 2277569
7 37 2613477
7 38 2278515
7 39 7913900
7 40 2600845
7 41 7966229
7 42 2285324
7 43 2598250
7 44 2293265
7 45 7964864
7 46 2607204
7 47 7911804
7 48 2270569
7 49 2270569
7 50 2277632
7 51 5913707
7 52 2285651
7 53 5838289
7 54 2253592
7 55 2253592
7 56 2278571
7 57 7916387
7 58 2279413
7 59 7916354
7 60 2272618
7 61 5922045
7 62 2272161
7 63 7965437
7 64 5771983
7 65 7906536
7 66 2281118
7 67 5893505
7 68 2286120
7 69 7962203
7 70 5781155
7 71 7956493
7 72 2273117
7 73 2613049
7 74 2278404
7 75 5977282
7 76 2599829
7 77 5971231
7 78 2278512
7 79 2598111
7 80 2271529
7 81 7967038
7 82 2604812
7 83 7960610
7 84 2272329
7 85 5907628
7 86 2253604
7 87 7911609
7 88 5781976
7 89 7953763
7 90 2578586
7 91 5853756
7 92 2585646
7 93 7902985
7 94 5770789
7 95 7900409
7 96 2265402
7 97 2592911
7 98 2272875
7 99 5919232
7 100 2599745
7 101 5839142
7 102 2273186
7 103 2593605
7 104 2280908
7 105 7908163
7 106 2597543
7 107 7961048
7 108 2280405
7 109 5893909
7 110 2272637
7 111 7965068
7 112 5753979
7 113 7900938
7 114 2578942
7 115 5845002
7 116 2583957
7 117 7901168
7 118 5756112
7 119 7853448
7 120 2252127
7 121 2252127
7 122 2251953
7 123 2580345
7 124 2259804
7 125 2562438
7 126 2251888
7 127 2251888
7 128 2267841
7 129 5858382
7 130 2268329
7 131 5843100
7 132 2267841
7 133 2585365
7 134 2251868
7 135 5844449
7 136 2571946
7 137 5837212
7 138 2262759
7 139 2585303
7 140 2268801
7 141 5831401
7 142 2572047
7 143 5734229
7 144 2283372
7 145 2283372
7 146 2283345
7 147 2613856
7 148 2286205
7 149 2604454
7 150 2292310
7 151 2292310
7 152 2293498
7 153 4443540
7 154 2310020
7 155 4516969
7 156 2313269
7 157 2648826
7 158 2302639
7 159 4525403
7 160 2636256
7 161 4547135
7 162 2311023
7 163 2635538
7 164 2317914
7 165 4538487
7 166 2637245
7 167 4538291
7 168 2289972
7 169 2289972
7 170 2307283
7 171 6022158
7 172 2309483
7 173 5994576
7 174 2296644
7 175 2296644
7 176 2301992
7 177 4532837
7 178 2310409
7 179 4537434
7 180 2308575
7 181 6071018
7 182 2309041
7 183 4565653
7 184 5984772
7 185 4543297
7 186 2316461
7 187 6100904
7 188 2324221
7 189 4564905
7 190 5992183
7 191 4565743
7 192 2307309
7 193 2634067
7 194 2297727
7 195 6050873
7 196 2626680
7 197 6059098
7 198 2320579
7 199 2647907
7 200 2309409
7 201 4569636
7 202 2649390
7 203 4556737
7 204 2313828
7 205 6066240
7 206 2298565
7 207 4548332
7 208 5992050
7 209 4566175
7 210 2618036
7 211 6044988
7 212 2639288
7 213 4552384
7 214 5997890
7 215 4554729
7 216 2301893
7 217 2620252
7 218 2302349
7 219 6003015
7 220 2615442
7 221 5892768
7 222 2316561
7 223 2644851
7 224 2319194
7 225 4539209
7 226 2647014
7 227 4566194
7 228 2323658
7 229 6099926
7 230 2318558
7 231 4575038
7 232 5987550
7 233 4553388
7 234 2622690
7 235 6032065
7 236 2634176
7 237 4552757
7 238 5978146
7 239 4533912
7 240 2283503
7 241 2283503
7 242 2283478
7 243 2615360
7 244 2286242
7 245 2607110
7 246 2291884
7 247 2291884
7 248 2308188
7 249 8056663
7 250 2315242
7 251 8057427
7 252 2307840
7 253 2640502
7 254 2299896
7 255 8054013
7 256 2631782
7 257 8068172
7 258 2310034
7 259 2639694
7 260 2316347
7 261 8071837
7 262 2632546
7 263 8006508
7 264 2251687
7 265 2251687
7 266 2251459
7 267 2571705
7 268 2260600
7 269 2547409
7 270 2293550
7 271 2293550
7 272 2301783
7 273 4526917
7 274 2310658
7 275 4545591
7 276 2301561
7 277 2630100
7 278 2301661
7 279 4536686
7 280 2627641
7 281 4556028
7 282 2305402
7 283 2598540
7 284 2317781
7 285 4555865
7 286 2627030
7 287 4538590
7 288 2290050
7 289 2290050
7 290 2309454
7 291 8104331
7 292 2317200
7 293 8099382
7 294 2285683
7 295 2285683
7 296 2307314
7 297 4560523
7 298 2311151
7 299 4565666
7 300 2294751
7 301 8098042
7 302 2293829
7 303 4546946
7 304 7991951
7 305 4457307
7 306 2312180
7 307 8158851
7 308 2312753
7 309 4581898
7 310 8012828
7 311 4482823
7 312 2309429
7 313 2642303
7 314 2313896
7 315 8181935
7 316 2648716
7 317 8202355
7 318 2308915
7 319 2630470
7 320 2303478
7 321 4571871
7 322 2634607
7 323 4586488
7 324 2303367
7 325 8115656
7 326 2298899
7 327 4568226
7 328 8010850
7 329 4481852
7 330 2624750
7 331 8168376
7 332 2628675
7 333 4553666
7 334 8066836
7 335 4494725
7 336 2311536
7 337 2641318
7 338 2325301
7 339 8169822
7 340 2651831
7 341 8106866
7 342 2305790
7 343 2621273
7 344 2324756
7 345 4580939
7 346 2600390
7 347 4579350
7 348 2319854
7 349 8203492
7 350 2317922
7 351 4593575
7 352 8062244
7 353 4494936
7 354 2635036
7 355 8161331
7 356 2627374
7 357 4570295
7 358 8013880
7 359 4480819
7 360 2289305
7 361 2289305
7 362 2310032
7 363 6024560
7 364 2312651
7 365 5986267
7 366 2293697
7 367 2293697
7 368 2317628
7 369 8113303
7 370 2318777
7 371 8113240
7 372 2305680
7 373 6072226
7 374 2310892
7 375 8163564
7 376 5932400
7 377 8119115
7 378 2307852
7 379 6061452
7 380 2315262
7 381 8167112
7 382 5933100
7 383 8119167
7 384 2291895
7 385 2291895
7 386 2298799
7 387 5974410
7 388 2308707
7 389 5891531
7 390 2287936
7 391 2287936
7 392 2310822
7 393 4550746
7 394 2312821
7 395 4564609
7 396 2310771
7 397 6086877
7 398 2307345
7 399 4566048
7 400 6043665
7 401 4586040
7 402 2324135
7 403 6003721
7 404 2324308
7 405 4577495
7 406 6033718
7 407 4573157
7 408 2290095
7 409 2290095
7 410 2312572
7 411 8089498
7 412 2314808
7 413 8082619
7 414 2251657
7 415 2251657
7 416 2296079
7 417 4536988
7 418 2296660
7 419 4536654
7 420 2303379
7 421 8111122
7 422 2296366
7 423 4566249
7 424 8012885
7 425 4482191
7 426 2312849
7 427 8151252
7 428 2307436
7 429 4566742
7 430 8012783
7 431 4482236
7 432 2294194
7 433 6031081
7 434 2303088
7 435 8158410
7 436 5957255
7 437 8137862
7 438 2302437
7 439 6023870
7 440 2293527
7 441 4555948
7 442 6019270
7 443 4553574
7 444 2297276
7 445 8123619
7 446 2285294
7 447 4557208
7 448 8068990
7 449 4494384
7 450 5864044
7 451 8046912
7 452 5864081
7 453 4456260
7 454 8012173
7 455 4458592
7 456 2304047
7 457 6082566
7 458 2313658
7 459 8207356
7 460 6018392
7 461 8193187
7 462 2312427
7 463 6058934
7 464 2313023
7 465 4558186
7 466 5988445
7 467 4572120
7 468 2313840
7 469 8204629
7 470 2303454
7 471 4580392
7 472 8066347
7 473 4490919
7 474 5879999
7 475 8074063
7 476 5875525
7 477 4474875
7 478 8064312
7 479 4471958
7 480 2289642
7 481 2632000
7 482 2298570
7 483 6070614
7 484 2629039
7 485 6070952
7 486 2298263
7 487 2635685
7 488 2305562
7 489 8130440
7 490 2647984
7 491 8168132
7 492 2305225
7 493 6077403
7 494 2294793
7 495 8123531
7 496 5996235
7 497 8155117
7 498 2619241
7 499 6003105
7 500 2628783
7 501 8104118
7 502 5986830
7 503 8100969
7 504 2297855
7 505 2627736
7 506 2297697
7 507 6064959
7 508 2620005
7 509 6048350
7 510 2310049
7 511 2635823
7 512 2297902
7 513 4544474
7 514 2647469
7 515 4577591
7 516 2303626
7 517 6079888
7 518 2307961
7 519 4584053
7 520 6095102
7 521 4602145
7 522 2631035
7 523 6064651
7 524 2648365
7 525 4564132
7 526 6095559
7 527 4589784
7 528 2309311
7 529 2638523
7 530 2306732
7 531 8193536
7 532 2651898
7 533 8158054
7 534 2292700
7 535 2583461
7 536 2308078
7 537 4578973
7 538 2610492
7 539 4580660
7 540 2293486
7 541 8120844
7 542 2288441
7 543 4555149
7 544 8070594
7 545 4497689
7 546 2646621
7 547 8166201
7 548 2627801
7 549 4569132
7 550 8066407
7 551 4494208
7 552 2294399
7 553 6039084
7 554 2300815
7 555 8140825
7 556 5968054
7 557 8154626
7 558 2297947
7 559 5991155
7 560 2292014
7 561 4555783
7 562 6010768
7 563 4569218
7 564 2290736
7 565 8084310
7 566 2251923
7 567 4522002
7 568 8011979
7 569 4478431
7 570 5880112
7 571 8074362
7 572 5872677
7 573 4474646
7 574 8060146
7 575 4469279
7 576 2597113
7 577 5939180
7 578 2609401
7 579 8083316
7 580 5943104
7 581 8047306
7 582 2606659
7 583 5941277
7 584 2621047
7 585 4455195
7 586 5942249
7 587 4539222
7 588 2626408
7 589 8099938
7 590 2588442
7 591 4538385
7 592 8007279
7 593 4458900
7 594 5869153
7 595 8056420
7 596 5859850
7 597 4456947
7 598 8010064
7 599 4452170
7 600 2281802
7 601 2608839
7 602 2291221
7 603 5992276
7 604 2618866
7 605 5914594
7 606 2291314
7 607 2612957
7 608 2306337
7 609 8059854
7 610 2625409
7 611 8083860
7 612 2305590
7 613 5989662
7 614 2291944
7 615 8086799
7 616 5915360
7 617 8059886
7 618 2619571
7 619 5984947
7 620 2625772
7 621 8057294
7 622 5917483
7 623 8011619
7 624 2290435
7 625 2611394
7 626 2291229
7 627 5998271
7 628 2616888
7 629 5908614
7 630 2304839
7 631 2636055
7 632 2306700
7 633 4453930
7 634 2644406
7 635 4545744
7 636 2310576
7 637 6081295
7 638 2313578
7 639 4550017
7 640 6036032
7 641 4567224
7 642 2627141
7 643 5983932
7 644 2648684
7 645 4560056
7 646 6041452
7 647 4558660
7 648 2305133
7 649 2636474
7 650 2311613
7 651 8146734
7 652 2646347
7 653 8121612
7 654 2290876
7 655 2595102
7 656 2312584
7 657 4554992
7 658 2618239
7 659 4555383
7 660 2305744
7 661 8154467
7 662 2304550
7 663 4561073
7 664 8009571
7 665 4461754
7 666 2634919
7 667 8154715
7 668 2624709
7 669 4550201
7 670 8068474
7 671 4493787
7 672 2303984
7 673 6076994
7 674 2312028
7 675 8199445
7 676 6003814
7 677 8172828
7 678 2309825
7 679 5986302
7 680 2304851
7 681 4555384
7 682 5994835
7 683 4549531
7 684 2305784
7 685 8161226
7 686 2285741
7 687 4549993
7 688 8070564
7 689 4494035
7 690 5865115
7 691 8055455
7 692 5860570
7 693 4454878
7 694 8008129
7 695 4454760
7 696 2597546
7 697 5937589
7 698 2609150
7 699 8084368
7 700 5940376
7 701 8046818
7 702 2602248
7 703 5936682
7 704 2621471
7 705 4455182
7 706 5926189
7 707 4537617
7 708 2621183
7 709 8095651
7 710 2571254
7 711 4534144
7 712 8008894
7 713 4457383
7 714 5860349
7 715 8046407
7 716 5835971
7 717 4450911
7 718 7988585
7 719 4431515
7 720 3971394
7 721 3971394
7 722 3970332
7 723 6320492
7 724 3996378
7 725 6207076
7 726 3970332
7 727 3970332
7 728 4013716
7 729 10451720
7 730 4015740
7 731 10429376
7 732 4013716
7 733 6317936
7 734 3970132
7 735 10428972
7 736 6227200
7 737 10421424
7 738 3999434
7 739 6317612
7 740 4017684
7 741 10413188
7 742 6227034
7 743 10278364
7 744 3971366
7 745 3971366
7 746 3970304
7 747 6320492
7 748 3996378
7 749 6207048
7 750 3997928
7 751 3997928
7 752 4001060
7 753 8341738
7 754 4040474
7 755 8426904
7 756 4017238
7 757 6429822
7 758 4019208
7 759 8441266
7 760 6338702
7 761 8505868
7 762 4040370
7 763 6328682
7 764 4061710
7 765 8488578
7 766 6355510
7 767 8460346
7 768 3997928
7 769 3997928
7 770 4017220
7 771 10544222
7 772 4042334
7 773 10427638
7 774 3971366
7 775 3971366
7 776 4019270
7 777 8451354
7 778 4021980
7 779 8451314
7 780 4000040
7 781 10551126
7 782 3999100
7 783 8488622
7 784 10282486
7 785 8342012
7 786 4022176
7 787 10528722
7 788 4040482
7 789 8479248
7 790 10297582
7 791 8412048
7 792 4001096
7 793 6420964
7 794 4019244
7 795 10646230
7 796 6330256
7 797 10639002
7 798 4019288
7 799 6321140
7 800 3997088
7 801 8478222
7 802 6329312
7 803 8468212
7 804 3999046
7 805 10536394
7 806 3971366
7 807 8442104
7 808 10297610
7 809 8411556
7 810 6208918
7 811 10430002
7 812 6217384
7 813 8329418
7 814 10282430
7 815 8340950
7 816 3973186
7 817 6301412
7 818 3997236
7 819 10544894
7 820 6329736
7 821 10434346
7 822 3999180
7 823 6311338
7 824 4019478
7 825 8328378
7 826 6306824
7 827 8468326
7 828 4019448
7 829 10528110
7 830 4001040
7 831 8470270
7 832 10279542
7 833 8337852
7 834 6208922
7 835 10428566
7 836 6217188
7 837 8329058
7 838 10279778
7 839 8330722
7 840 3995744
7 841 3995744
7 842 3994742
7 843 6360542
7 844 4018254
7 845 6259722
7 846 3995480
7 847 3995480
7 848 4024014
7 849 10484054
7 850 4024676
7 851 10474368
7 852 4024018
7 853 6360194
7 854 3995426
7 855 10475942
7 856 6266560
7 857 10470532
7 858 4004778
7 859 6358580
7 860 4025300
7 861 10466978
7 862 6267958
7 863 10410002
7 864 3999994
7 865 3999994
7 866 3999740
7 867 6450650
7 868 4007518
7 869 6412368
7 870 4000110
7 871 4000110
7 872 3996594
7 873 4077090
7 874 4041624
7 875 4151170
7 876 4062948
7 877 6545164
7 878 4020528
7 879 4155154
7 880 6455838
7 881 4186424
7 882 4056108
7 883 6510546
7 884 4068498
7 885 4180314
7 886 6446292
7 887 4164914
7 888 4059672
7 889 4059672
7 890 4087888
7 891 10640418
7 892 4092572
7 893 10621090
7 894 4023768
7 895 4023768
7 896 4021452
7 897 4154314
7 898 4047854
7 899 4157598
7 900 4076654
7 901 10637978
7 902 4050704
7 903 4199530
7 904 10462034
7 905 4181358
7 906 4099724
7 907 10723026
7 908 4095588
7 909 4204502
7 910 10471584
7 911 4209562
7 912 4078772
7 913 6495252
7 914 4070624
7 915 10754154
7 916 6410530
7 917 10747984
7 918 4091936
7 919 6549510
7 920 4049088
7 921 4206492
7 922 6526996
7 923 4203784
7 924 4073770
7 925 10648762
7 926 4024706
7 927 4167536
7 928 10472662
7 929 4209974
7 930 6329860
7 931 10637602
7 932 6448566
7 933 4190870
7 934 10482234
7 935 4190360
7 936 4053796
7 937 6413886
7 938 4060272
7 939 10655286
7 940 6382348
7 941 10588760
7 942 4074998
7 943 6560500
7 944 4077472
7 945 4183206
7 946 6536950
7 947 4210982
7 948 4102682
7 949 10740658
7 950 4080766
7 951 4214442
7 952 10481754
7 953 4187792
7 954 6332642
7 955 10615856
7 956 6435976
7 957 4190438
7 958 10449500
7 959 4162342
7 960 4018162
7 961 4018162
7 962 4017862
7 963 6455990
7 964 4027802
7 965 6403216
7 966 4043394
7 967 4043394
7 968 4069018
7 969 8638898
7 970 4092032
7 971 8662122
7 972 4068764
7 973 6569860
7 974 4069188
7 975 8667108
7 976 6479952
7 977 8673632
7 978 4072868
7 979 6554788
7 980 4096698
7 981 8670826
7 982 6486276
7 983 8645928
7 984 4019770
7 985 4019770
7 986 4019498
7 987 6463088
7 988 4028176
7 989 6416850
7 990 4023236
7 991 4023236
7 992 4022312
7 993 4137286
7 994 4048922
7 995 4160138
7 996 4066750
7 997 6546266
7 998 4023154
7 999 4137692
7 1000 6457766
7 1001 4188538
7 1002 4060962
7 1003 6498538
7 1004 4074324
7 1005 4188540
7 1006 6444974
7 1007 4163930
7 1008 4030284
7 1009 4030284
7 1010 4052204
7 1011 8652676
7 1012 4078184
7 1013 8660912
7 1014 4029536
7 1015 4029536
7 1016 4045674
7 1017 4172944
7 1018 4057002
7 1019 4185980
7 1020 4028138
7 1021 8547728
7 1022 4027974
7 1023 4165194
7 1024 8482350
7 1025 4126168
7 1026 4081736
7 1027 8713160
7 1028 4084838
7 1029 4227466
7 1030 8590130
7 1031 4176604
7 1032 4074272
7 1033 6569988
7 1034 4094226
7 1035 8779820
7 1036 6531966
7 1037 8785764
7 1038 4094756
7 1039 6571614
7 1040 4050322
7 1041 4183486
7 1042 6561692
7 1043 4208212
7 1044 4054190
7 1045 8677370
7 1046 4051012
7 1047 4210038
7 1048 8604124
7 1049 4174366
7 1050 6436864
7 1051 8734850
7 1052 6455806
7 1053 4189182
7 1054 8681146
7 1055 4198112
7 1056 4081712
7 1057 6548108
7 1058 4107382
7 1059 8761296
7 1060 6568784
7 1061 8746884
7 1062 4087944
7 1063 6567430
7 1064 4100868
7 1065 4217872
7 1066 6533228
7 1067 4212174
7 1068 4105238
7 1069 8758446
7 1070 4103872
7 1071 4251110
7 1072 8661200
7 1073 4197978
7 1074 6461246
7 1075 8747202
7 1076 6469992
7 1077 4219036
7 1078 8635388
7 1079 4182050
7 1080 4047568
7 1081 4047568
7 1082 4088060
7 1083 10671894
7 1084 4098472
7 1085 10611342
7 1086 4045960
7 1087 4045960
7 1088 4090874
7 1089 8694092
7 1090 4093106
7 1091 8710684
7 1092 4071262
7 1093 10740884
7 1094 4069590
7 1095 8739756
7 1096 10479422
7 1097 8604760
7 1098 4074794
7 1099 10737718
7 1100 4084870
7 1101 8730472
7 1102 10482570
7 1103 8614784
7 1104 4067450
7 1105 4067450
7 1106 4091626
7 1107 10674248
7 1108 4101052
7 1109 10621566
7 1110 4031246
7 1111 4031246
7 1112 4048148
7 1113 4182048
7 1114 4058892
7 1115 4190082
7 1116 4096892
7 1117 10761014
7 1118 4050608
7 1119 4196414
7 1120 10615032
7 1121 4228584
7 1122 4109954
7 1123 10737468
7 1124 4101816
7 1125 4228152
7 1126 10596368
7 1127 4209666
7 1128 4044400
7 1129 4044400
7 1130 4078334
7 1131 8704258
7 1132 4085280
7 1133 8695392
7 1134 4026182
7 1135 4026182
7 1136 4026788
7 1137 4161720
7 1138 4048688
7 1139 4161264
7 1140 4056786
7 1141 8684738
7 1142 4052602
7 1143 4206560
7 1144 8641470
7 1145 4175744
7 1146 4085148
7 1147 8752598
7 1148 4085078
7 1149 4208590
7 1150 8641494
7 1151 4175708
7 1152 4053942
7 1153 10661054
7 1154 4055626
7 1155 8741358
7 1156 10475376
7 1157 8627714
7 1158 4075222
7 1159 10673076
7 1160 4031940
7 1161 4191116
7 1162 10621636
7 1163 4207348
7 1164 4053282
7 1165 8737908
7 1166 4032186
7 1167 4191222
7 1168 8714754
7 1169 4196102
7 1170 10306580
7 1171 8568686
7 1172 10417374
7 1173 4147038
7 1174 8637536
7 1175 4147768
7 1176 4078034
7 1177 10747618
7 1178 4084972
7 1179 8782460
7 1180 10587082
7 1181 8700814
7 1182 4099714
7 1183 10779816
7 1184 4082116
7 1185 4206942
7 1186 10672286
7 1187 4229840
7 1188 4102752
7 1189 8826820
7 1190 4084708
7 1191 4226750
7 1192 8709808
7 1193 4194862
7 1194 10322038
7 1195 8602964
7 1196 10437118
7 1197 4176926
7 1198 8703180
7 1199 4176894
7 1200 4048512
7 1201 6497142
7 1202 4055952
7 1203 10787966
7 1204 6425250
7 1205 10785318
7 1206 4054466
7 1207 6482690
7 1208 4055408
7 1209 8687112
7 1210 6471042
7 1211 8731734
7 1212 4055478
7 1213 10768582
7 1214 4047418
7 1215 8696754
7 1216 10589792
7 1217 8649522
7 1218 6356230
7 1219 10639054
7 1220 6361356
7 1221 8573716
7 1222 10574800
7 1223 8577062
7 1224 4072206
7 1225 6525636
7 1226 4078584
7 1227 10826896
7 1228 6438794
7 1229 10814960
7 1230 4076836
7 1231 6574658
7 1232 4029944
7 1233 4192636
7 1234 6569500
7 1235 4232908
7 1236 4097254
7 1237 10797106
7 1238 4053108
7 1239 4215250
7 1240 10720656
7 1241 4254670
7 1242 6439628
7 1243 10802984
7 1244 6544712
7 1245 4210358
7 1246 10720796
7 1247 4233438
7 1248 4092058
7 1249 6540500
7 1250 4090320
7 1251 8808764
7 1252 6561174
7 1253 8795368
7 1254 4080222
7 1255 6540924
7 1256 4054570
7 1257 4213028
7 1258 6519950
7 1259 4215508
7 1260 4051746
7 1261 8713310
7 1262 4030650
7 1263 4192182
7 1264 8693658
7 1265 4200512
7 1266 6532068
7 1267 8790742
7 1268 6551542
7 1269 4231806
7 1270 8664582
7 1271 4196842
7 1272 4057488
7 1273 10667408
7 1274 4054974
7 1275 8730096
7 1276 10492008
7 1277 8654176
7 1278 4076656
7 1279 10676304
7 1280 4031960
7 1281 4194566
7 1282 10616780
7 1283 4232960
7 1284 4047162
7 1285 8708362
7 1286 4023526
7 1287 4168218
7 1288 8660998
7 1289 4182566
7 1290 10323010
7 1291 8603388
7 1292 10437346
7 1293 4177314
7 1294 8700380
7 1295 4177250
7 1296 6275690
7 1297 10512394
7 1298 6279512
7 1299 8559706
7 1300 10471746
7 1301 8552852
7 1302 6319848
7 1303 10632894
7 1304 6421524
7 1305 4151568
7 1306 10564934
7 1307 4188626
7 1308 6416808
7 1309 8713620
7 1310 6421950
7 1311 4188610
7 1312 8627476
7 1313 4151614
7 1314 10318846
7 1315 8581468
7 1316 10420428
7 1317 4152594
7 1318 8639110
7 1319 4152726
7 1320 4019012
7 1321 6355100
7 1322 4026930
7 1323 10629096
7 1324 6368364
7 1325 10512392
7 1326 4027312
7 1327 6355650
7 1328 4051488
7 1329 8519478
7 1330 6364120
7 1331 8620150
7 1332 4051236
7 1333 10628298
7 1334 4029178
7 1335 8621028
7 1336 10470402
7 1337 8521766
7 1338 6329536
7 1339 10598916
7 1340 6337434
7 1341 8511712
7 1342 10470478
7 1343 8509862
7 1344 4043244
7 1345 6403402
7 1346 4051822
7 1347 10689146
7 1348 6412316
7 1349 10632912
7 1350 4053578
7 1351 6540576
7 1352 4048638
7 1353 4145032
7 1354 6517300
7 1355 4192948
7 1356 4095276
7 1357 10790540
7 1358 4059186
7 1359 4188548
7 1360 10622502
7 1361 4210370
7 1362 6437682
7 1363 10732158
7 1364 6546698
7 1365 4208168
7 1366 10615992
7 1367 4192686
7 1368 4071800
7 1369 6526478
7 1370 4094200
7 1371 8728916
7 1372 6566220
7 1373 8749396
7 1374 4058956
7 1375 6539880
7 1376 4059420
7 1377 4189470
7 1378 6536714
7 1379 4189224
7 1380 4080382
7 1381 8708350
7 1382 4060208
7 1383 4210626
7 1384 8592492
7 1385 4149914
7 1386 6525566
7 1387 8780960
7 1388 6534706
7 1389 4206248
7 1390 8681350
7 1391 4196274
7 1392 4080108
7 1393 10744146
7 1394 4079462
7 1395 8776318
7 1396 10586376
7 1397 8677564
7 1398 4098818
7 1399 10761910
7 1400 4060406
7 1401 4212132
7 1402 10667852
7 1403 4209046
7 1404 4077350
7 1405 8776178
7 1406 4054326
7 1407 4195302
7 1408 8710138
7 1409 4196800
7 1410 10318258
7 1411 8580194
7 1412 10419760
7 1413 4151308
7 1414 8635342
7 1415 4151532
7 1416 6279592
7 1417 10515128
7 1418 6282716
7 1419 8561218
7 1420 10473146
7 1421 8554340
7 1422 6321170
7 1423 10633592
7 1424 6422340
7 1425 4152182
7 1426 10565216
7 1427 4188432
7 1428 6418032
7 1429 8713496
7 1430 6422632
7 1431 4189036
7 1432 8627714
7 1433 4151808
7 1434 10318648
7 1435 8574120
7 1436 10420398
7 1437 4152142
7 1438 8627432
7 1439 4150632
7 1440 2487513
7 1441 2959754
7 1442 2486385
7 1443 4678629
7 1444 2969090
7 1445 4609865
7 1446 2487378
7 1447 2959620
7 1448 2507147
7 1449 5273875
7 1450 2972689
7 1451 5290804
7 1452 2507145
7 1453 4677307
7 1454 2487351
7 1455 5291482
7 1456 4613525
7 1457 5269338
7 1458 2964576
7 1459 4676989
7 1460 2972966
7 1461 5263791
7 1462 4613734
7 1463 5241230
7 1464 2518188
7 1465 3016869
7 1466 2518063
7 1467 4770954
7 1468 3019608
7 1469 4747412
7 1470 2558424
7 1471 3149017
7 1472 2561653
7 1473 3688617
7 1474 3150903
7 1475 3726773
7 1476 2598602
7 1477 4894695
7 1478 2565927
7 1479 3716919
7 1480 4785474
7 1481 3741928
7 1482 3083139
7 1483 4880258
7 1484 3159953
7 1485 3741275
7 1486 4788097
7 1487 3729872
7 1488 2547001
7 1489 3110863
7 1490 2564552
7 1491 5467584
7 1492 3123488
7 1493 5454325
7 1494 2554334
7 1495 3146199
7 1496 2562750
7 1497 3707409
7 1498 3148123
7 1499 3695935
7 1500 2581039
7 1501 5534877
7 1502 2562919
7 1503 3741488
7 1504 5464418
7 1505 3710537
7 1506 3136295
7 1507 5572601
7 1508 3157776
7 1509 3740630
7 1510 5468443
7 1511 3735762
7 1512 2569965
7 1513 4819924
7 1514 2572956
7 1515 5532640
7 1516 4761012
7 1517 5510263
7 1518 2597666
7 1519 4871367
7 1520 2562835
7 1521 3744386
7 1522 4826196
7 1523 3738853
7 1524 2582258
7 1525 5533776
7 1526 2558147
7 1527 3724003
7 1528 5468256
7 1529 3733031
7 1530 4669327
7 1531 5490794
7 1532 4766354
7 1533 3714346
7 1534 5466723
7 1535 3715911
7 1536 3029428
7 1537 4750758
7 1538 3033552
7 1539 5452050
7 1540 4758071
7 1541 5427038
7 1542 3079408
7 1543 4880211
7 1544 3148023
7 1545 3710220
7 1546 4825576
7 1547 3746499
7 1548 3137798
7 1549 5573987
7 1550 3147259
7 1551 3744115
7 1552 5463553
7 1553 3714299
7 1554 4670617
7 1555 5488900
7 1556 4764383
7 1557 3714630
7 1558 5462502
7 1559 3708368
7 1560 2486703
7 1561 2958944
7 1562 2485575
7 1563 4677865
7 1564 2968326
7 1565 4609059
7 1566 2486555
7 1567 2958797
7 1568 2507003
7 1569 5271463
7 1570 2972568
7 1571 5287295
7 1572 2507001
7 1573 4677183
7 1574 2486528
7 1575 5287836
7 1576 4613453
7 1577 5265426
7 1578 2964517
7 1579 4676897
7 1580 2972868
7 1581 5259519
7 1582 4613643
7 1583 5228984
7 1584 2522221
7 1585 3023510
7 1586 2522198
7 1587 4788733
7 1588 3024781
7 1589 4778862
7 1590 2530446
7 1591 3127631
7 1592 2524885
7 1593 2643031
7 1594 3119278
7 1595 2659979
7 1596 2575163
7 1597 4883817
7 1598 2528368
7 1599 2654987
7 1600 4763916
7 1601 2675933
7 1602 3059438
7 1603 4883936
7 1604 3129052
7 1605 2675927
7 1606 4765566
7 1607 2661213
7 1608 2547933
7 1609 3114465
7 1610 2568312
7 1611 5434307
7 1612 3129373
7 1613 5426249
7 1614 2530063
7 1615 3124656
7 1616 2524759
7 1617 2651447
7 1618 3114391
7 1619 2645940
7 1620 2559788
7 1621 5447422
7 1622 2532485
7 1623 2676381
7 1624 5354844
7 1625 2659818
7 1626 3118036
7 1627 5496047
7 1628 3130143
7 1629 2677076
7 1630 5357750
7 1631 2678522
7 1632 2557177
7 1633 4812912
7 1634 2551891
7 1635 5463712
7 1636 4755954
7 1637 5446049
7 1638 2579311
7 1639 4880894
7 1640 2532842
7 1641 2677629
7 1642 4821992
7 1643 2678656
7 1644 2559182
7 1645 5445267
7 1646 2528071
7 1647 2655877
7 1648 5354564
7 1649 2674797
7 1650 4648619
7 1651 5389518
7 1652 4766850
7 1653 2663298
7 1654 5359723
7 1655 2663134
7 1656 3017055
7 1657 4740852
7 1658 3016097
7 1659 5376932
7 1660 4736844
7 1661 5341014
7 1662 3062978
7 1663 4889193
7 1664 3124581
7 1665 2662578
7 1666 4825244
7 1667 2681205
7 1668 3119756
7 1669 5498417
7 1670 3122594
7 1671 2680690
7 1672 5359713
7 1673 2662021
7 1674 4651807
7 1675 5384457
7 1676 4763077
7 1677 2662973
7 1678 5353442
7 1679 2657442
7 1680 2519551
7 1681 3020840
7 1682 2519475
7 1683 4777648
7 1684 3023278
7 1685 4760419
7 1686 2554760
7 1687 3146817
7 1688 2588000
7 1689 3731118
7 1690 3176753
7 1691 3755194
7 1692 2598408
7 1693 4906529
7 1694 2589436
7 1695 3756480
7 1696 4803924
7 1697 3757858
7 1698 3091290
7 1699 4902570
7 1700 3176082
7 1701 3755864
7 1702 4805200
7 1703 3757400
7 1704 2517597
7 1705 3016280
7 1706 2517474
7 1707 4770594
7 1708 3018870
7 1709 4748005
7 1710 2553900
7 1711 3148241
7 1712 2556208
7 1713 2680444
7 1714 3147630
7 1715 2690630
7 1716 2578403
7 1717 4896542
7 1718 2558148
7 1719 2686626
7 1720 4786285
7 1721 2692487
7 1722 3064616
7 1723 4870938
7 1724 3150457
7 1725 2694687
7 1726 4785682
7 1727 2691067
7 1728 2525262
7 1729 3119663
7 1730 2557340
7 1731 3713120
7 1732 3168105
7 1733 3741990
7 1734 2525079
7 1735 3117144
7 1736 2555507
7 1737 2688348
7 1738 3140428
7 1739 2697233
7 1740 2519727
7 1741 3628070
7 1742 2519720
7 1743 2676180
7 1744 3593352
7 1745 2626563
7 1746 3141107
7 1747 3766758
7 1748 3143277
7 1749 2742056
7 1750 3699746
7 1751 2669344
7 1752 2594800
7 1753 4875259
7 1754 2609376
7 1755 3797044
7 1756 4878174
7 1757 3807261
7 1758 2600816
7 1759 4874162
7 1760 2600937
7 1761 2755993
7 1762 4875008
7 1763 2757377
7 1764 2553815
7 1765 3746222
7 1766 2553391
7 1767 2720533
7 1768 3707028
7 1769 2670623
7 1770 4756754
7 1771 3780995
7 1772 4757497
7 1773 2738433
7 1774 3738477
7 1775 2691393
7 1776 3083829
7 1777 4889419
7 1778 3197391
7 1779 3799085
7 1780 4912558
7 1781 3807076
7 1782 3087329
7 1783 4890658
7 1784 3195492
7 1785 2750655
7 1786 4895700
7 1787 2753886
7 1788 3157008
7 1789 3780312
7 1790 3152609
7 1791 2761280
7 1792 3728597
7 1793 2688731
7 1794 4772548
7 1795 3798844
7 1796 4771900
7 1797 2751936
7 1798 3735774
7 1799 2679868
7 1800 2546450
7 1801 3112984
7 1802 2582725
7 1803 5483045
7 1804 3146012
7 1805 5460679
7 1806 2576478
7 1807 3155716
7 1808 2609151
7 1809 3749438
7 1810 3185251
7 1811 3775722
7 1812 2581441
7 1813 5524218
7 1814 2606123
7 1815 3769204
7 1816 5517198
7 1817 3769839
7 1818 3138705
7 1819 5544627
7 1820 3182722
7 1821 3771127
7 1822 5515965
7 1823 3776825
7 1824 2571688
7 1825 3135447
7 1826 2588415
7 1827 5493203
7 1828 3148914
7 1829 5470491
7 1830 2553671
7 1831 3146800
7 1832 2575173
7 1833 2702854
7 1834 3162983
7 1835 2714094
7 1836 2608422
7 1837 5590434
7 1838 2576078
7 1839 2719690
7 1840 5511298
7 1841 2733711
7 1842 3165117
7 1843 5558435
7 1844 3171636
7 1845 2728209
7 1846 5511064
7 1847 2734662
7 1848 2554476
7 1849 3151661
7 1850 2589378
7 1851 3764938
7 1852 3186638
7 1853 3753960
7 1854 2550540
7 1855 3127165
7 1856 2581444
7 1857 2718057
7 1858 3149703
7 1859 2718127
7 1860 2551864
7 1861 3707256
7 1862 2551561
7 1863 2714521
7 1864 3695350
7 1865 2670252
7 1866 3155366
7 1867 3775498
7 1868 3148728
7 1869 2748422
7 1870 3695181
7 1871 2670614
7 1872 2551397
7 1873 5493690
7 1874 2584827
7 1875 3762148
7 1876 5441436
7 1877 3739379
7 1878 2581634
7 1879 5525486
7 1880 2554869
7 1881 2718146
7 1882 5530430
7 1883 2710464
7 1884 2555911
7 1885 3745699
7 1886 2552252
7 1887 2718404
7 1888 3714127
7 1889 2686861
7 1890 5341281
7 1891 3702824
7 1892 5426313
7 1893 2672884
7 1894 3683692
7 1895 2667318
7 1896 3109016
7 1897 5550523
7 1898 3162879
7 1899 3775436
7 1900 5554440
7 1901 3800673
7 1902 3144361
7 1903 5575003
7 1904 3159638
7 1905 2725793
7 1906 5598580
7 1907 2760299
7 1908 3162632
7 1909 3763158
7 1910 3143285
7 1911 2757464
7 1912 3721765
7 1913 2689226
7 1914 5392083
7 1915 3750204
7 1916 5451144
7 1917 2705949
7 1918 3736939
7 1919 2694439
7 1920 2570849
7 1921 4819773
7 1922 2576778
7 1923 5543771
7 1924 4769400
7 1925 5523834
7 1926 2604090
7 1927 4903009
7 1928 2595278
7 1929 3790997
7 1930 4903469
7 1931 3809653
7 1932 2611523
7 1933 5603499
7 1934 2595771
7 1935 3791879
7 1936 5600571
7 1937 3798156
7 1938 4765455
7 1939 5538768
7 1940 4899796
7 1941 3775628
7 1942 5619438
7 1943 3783437
7 1944 2581880
7 1945 4832833
7 1946 2578775
7 1947 5551869
7 1948 4771957
7 1949 5525243
7 1950 2608060
7 1951 4909120
7 1952 2579721
7 1953 2734540
7 1954 4905245
7 1955 2754337
7 1956 2610550
7 1957 5600787
7 1958 2582798
7 1959 2737177
7 1960 5578003
7 1961 2755396
7 1962 4778476
7 1963 5540231
7 1964 4905293
7 1965 2738442
7 1966 5579697
7 1967 2740911
7 1968 2600895
7 1969 4896321
7 1970 2607619
7 1971 3816465
7 1972 4903697
7 1973 3806018
7 1974 2600748
7 1975 4869402
7 1976 2603502
7 1977 2759212
7 1978 4873495
7 1979 2759723
7 1980 2556615
7 1981 3763513
7 1982 2556206
7 1983 2724067
7 1984 3745922
7 1985 2695429
7 1986 4839959
7 1987 3800992
7 1988 4834516
7 1989 2756879
7 1990 3730293
7 1991 2689643
7 1992 2577736
7 1993 5531478
7 1994 2594360
7 1995 3795532
7 1996 5518737
7 1997 3783311
7 1998 2591342
7 1999 5542114
7 2000 2580934
7 2001 2745455
7 2002 5548267
7 2003 2748465
7 2004 2560563
7 2005 3767506
7 2006 2558048
7 2007 2726218
7 2008 3731862
7 2009 2681332
7 2010 5408434
7 2011 3749795
7 2012 5452868
7 2013 2709346
7 2014 3737092
7 2015 2693710
7 2016 4650517
7 2017 5467468
7 2018 4788449
7 2019 3757039
7 2020 5549103
7 2021 3761173
7 2022 4665410
7 2023 5472715
7 2024 4796664
7 2025 2712338
7 2026 5528498
7 2027 2722085
7 2028 4785153
7 2029 3774714
7 2030 4761243
7 2031 2744033
7 2032 3722922
7 2033 2678174
7 2034 5435436
7 2035 3755850
7 2036 5456959
7 2037 2714423
7 2038 3726536
7 2039 2679386
7 2040 3030422
7 2041 4751470
7 2042 3036395
7 2043 5458228
7 2044 4760784
7 2045 5434917
7 2046 3089424
7 2047 4898902
7 2048 3180001
7 2049 3758714
7 2050 4886851
7 2051 3780936
7 2052 3167122
7 2053 5596552
7 2054 3179785
7 2055 3775997
7 2056 5549595
7 2057 3767937
7 2058 4785188
7 2059 5549297
7 2060 4889768
7 2061 3766792
7 2062 5562628
7 2063 3763199
7 2064 3041391
7 2065 4762549
7 2066 3039382
7 2067 5462112
7 2068 4762758
7 2069 5435722
7 2070 3094309
7 2071 4924226
7 2072 3174288
7 2073 2710248
7 2074 4899166
7 2075 2723609
7 2076 3169352
7 2077 5598639
7 2078 3171838
7 2079 2719005
7 2080 5530066
7 2081 2725140
7 2082 4786314
7 2083 5516487
7 2084 4906370
7 2085 2725979
7 2086 5527868
7 2087 2722713
7 2088 3084942
7 2089 4905616
7 2090 3191457
7 2091 3799569
7 2092 4923355
7 2093 3804132
7 2094 3081838
7 2095 4880342
7 2096 3193584
7 2097 2746610
7 2098 4895083
7 2099 2749897
7 2100 3148849
7 2101 3770571
7 2102 3146420
7 2103 2749395
7 2104 3710590
7 2105 2673555
7 2106 4845675
7 2107 3810391
7 2108 4840011
7 2109 2764517
7 2110 3750621
7 2111 2695582
7 2112 3134441
7 2113 5593784
7 2114 3179891
7 2115 3811932
7 2116 5559619
7 2117 3803968
7 2118 3149900
7 2119 5605688
7 2120 3169999
7 2121 2761004
7 2122 5612419
7 2123 2764185
7 2124 3155266
7 2125 3792095
7 2126 3143418
7 2127 2754472
7 2128 3752382
7 2129 2698513
7 2130 5412208
7 2131 3757767
7 2132 5455873
7 2133 2712414
7 2134 3725472
7 2135 2678644
7 2136 4666691
7 2137 5477993
7 2138 4798096
7 2139 3770277
7 2140 5547848
7 2141 3771116
7 2142 4675769
7 2143 5479598
7 2144 4813744
7 2145 2723509
7 2146 5539171
7 2147 2731579
7 2148 4792307
7 2149 3786051
7 2150 4766796
7 2151 2750362
7 2152 3730104
7 2153 2680027
7 2154 5433867
7 2155 3759462
7 2156 5453785
7 2157 2717468
7 2158 3724406
7 2159 2677971
7 2160 962334
7 2161 962334
7 2162 962329
7 2163 1295876
7 2164 962804
7 2165 1293368
7 2166 970264
7 2167 970264
7 2168 972182
7 2169 3568394
7 2170 974758
7 2171 3569989
7 2172 973769
7 2173 1312692
7 2174 971272
7 2175 3569655
7 2176 1301951
7 2177 3569728
7 2178 971763
7 2179 1311218
7 2180 974821
7 2181 3570128
7 2182 1302070
7 2183 3559662
7 2184 964721
7 2185 964721
7 2186 964713
7 2187 1298474
7 2188 965402
7 2189 1295754
7 2190 973222
7 2191 973222
7 2192 974265
7 2193 2192815
7 2194 977450
7 2195 2200652
7 2196 976224
7 2197 1317585
7 2198 974538
7 2199 2200967
7 2200 1306738
7 2201 2203701
7 2202 974821
7 2203 1313477
7 2204 978107
7 2205 2203270
7 2206 1306994
7 2207 2200506
7 2208 968435
7 2209 968435
7 2210 974101
7 2211 3594139
7 2212 977151
7 2213 3592881
7 2214 970505
7 2215 970505
7 2216 976807
7 2217 2203177
7 2218 977430
7 2219 2205240
7 2220 971861
7 2221 3596706
7 2222 972375
7 2223 2206039
7 2224 3568224
7 2225 2173227
7 2226 975554
7 2227 3610604
7 2228 975962
7 2229 2212065
7 2230 3570695
7 2231 2175454
7 2232 971876
7 2233 1314146
7 2234 977016
7 2235 3612192
7 2236 1313281
7 2237 3613608
7 2238 974924
7 2239 1313652
7 2240 976779
7 2241 2210768
7 2242 1316569
7 2243 2209746
7 2244 972031
7 2245 3597602
7 2246 971747
7 2247 2206350
7 2248 3570547
7 2249 2175356
7 2250 1301841
7 2251 3602433
7 2252 1302749
7 2253 2202814
7 2254 3574279
7 2255 2176268
7 2256 971786
7 2257 1310721
7 2258 977694
7 2259 3601552
7 2260 1316074
7 2261 3593687
7 2262 972714
7 2263 1312129
7 2264 978565
7 2265 2207124
7 2266 1316110
7 2267 2210972
7 2268 975645
7 2269 3613839
7 2270 975634
7 2271 2213256
7 2272 3573321
7 2273 2176401
7 2274 1302137
7 2275 3601312
7 2276 1302460
7 2277 2203952
7 2278 3567251
7 2279 2173251
7 2280 964716
7 2281 964716
7 2282 964708
7 2283 1296918
7 2284 965389
7 2285 1292982
7 2286 967686
7 2287 967686
7 2288 971419
7 2289 3566537
7 2290 973913
7 2291 3567571
7 2292 973581
7 2293 1309537
7 2294 968259
7 2295 3566646
7 2296 1298500
7 2297 3566788
7 2298 971936
7 2299 1308203
7 2300 973962
7 2301 3567902
7 2302 1298489
7 2303 3547959
7 2304 962007
7 2305 962007
7 2306 961999
7 2307 1294839
7 2308 962674
7 2309 1291571
7 2310 967988
7 2311 967988
7 2312 968229
7 2313 1130109
7 2314 971323
7 2315 1134245
7 2316 971299
7 2317 1311842
7 2318 968551
7 2319 1134146
7 2320 1300917
7 2321 1135293
7 2322 969316
7 2323 1306933
7 2324 972263
7 2325 1134964
7 2326 1300906
7 2327 1133941
7 2328 970734
7 2329 970734
7 2330 976878
7 2331 3596254
7 2332 977822
7 2333 3595704
7 2334 967809
7 2335 967809
7 2336 970786
7 2337 1135629
7 2338 971583
7 2339 1136681
7 2340 974651
7 2341 3598787
7 2342 973880
7 2343 1142154
7 2344 3579641
7 2345 1135682
7 2346 977886
7 2347 3613995
7 2348 977930
7 2349 1144966
7 2350 3581331
7 2351 1136854
7 2352 976878
7 2353 1313852
7 2354 974470
7 2355 3609656
7 2356 1314322
7 2357 3611957
7 2358 976634
7 2359 1312936
7 2360 973934
7 2361 1141657
7 2362 1313077
7 2363 1141995
7 2364 974427
7 2365 3598895
7 2366 971306
7 2367 1139748
7 2368 3580832
7 2369 1136182
7 2370 1303147
7 2371 3600853
7 2372 1305081
7 2373 1140680
7 2374 3586024
7 2375 1136538
7 2376 975007
7 2377 1312422
7 2378 977401
7 2379 3599609
7 2380 1312103
7 2381 3578223
7 2382 975004
7 2383 1313263
7 2384 978095
7 2385 1140765
7 2386 1313113
7 2387 1142591
7 2388 978479
7 2389 3618474
7 2390 977632
7 2391 1145297
7 2392 3586514
7 2393 1136761
7 2394 1304283
7 2395 3596578
7 2396 1303167
7 2397 1140937
7 2398 3575204
7 2399 1133392
7 2400 962171
7 2401 962171
7 2402 962164
7 2403 1297136
7 2404 962776
7 2405 1295851
7 2406 970597
7 2407 970597
7 2408 972145
7 2409 2197518
7 2410 974992
7 2411 2200161
7 2412 973980
7 2413 1315990
7 2414 971618
7 2415 2199638
7 2416 1305017
7 2417 2201353
7 2418 972156
7 2419 1313913
7 2420 975384
7 2421 2201501
7 2422 1304908
7 2423 2197763
7 2424 958809
7 2425 958809
7 2426 958728
7 2427 1284067
7 2428 961767
7 2429 1272428
7 2430 965239
7 2431 965239
7 2432 965536
7 2433 1129705
7 2434 968518
7 2435 1131619
7 2436 967815
7 2437 1301584
7 2438 965524
7 2439 1130874
7 2440 1293348
7 2441 1134060
7 2442 968262
7 2443 1287399
7 2444 971394
7 2445 1134075
7 2446 1293110
7 2447 1130354
7 2448 965600
7 2449 965600
7 2450 971436
7 2451 2201549
7 2452 972360
7 2453 2202394
7 2454 965426
7 2455 965426
7 2456 970944
7 2457 1136535
7 2458 971156
7 2459 1137052
7 2460 965703
7 2461 2193855
7 2462 965698
7 2463 1135457
7 2464 2188762
7 2465 1113767
7 2466 969548
7 2467 2205677
7 2468 969575
7 2469 1139453
7 2470 2196201
7 2471 1115016
7 2472 971777
7 2473 1311379
7 2474 974259
7 2475 2206258
7 2476 1314073
7 2477 2210659
7 2478 971682
7 2479 1307331
7 2480 971142
7 2481 1139368
7 2482 1305532
7 2483 1142731
7 2484 965777
7 2485 2197611
7 2486 965757
7 2487 1135690
7 2488 2192089
7 2489 1114091
7 2490 1299035
7 2491 2207132
7 2492 1298252
7 2493 1138692
7 2494 2200514
7 2495 1117812
7 2496 969710
7 2497 1310208
7 2498 975832
7 2499 2207384
7 2500 1315741
7 2501 2204116
7 2502 969536
7 2503 1304273
7 2504 974646
7 2505 1139933
7 2506 1292408
7 2507 1137301
7 2508 972426
7 2509 2208799
7 2510 972394
7 2511 1142225
7 2512 2200481
7 2513 1117826
7 2514 1299337
7 2515 2204763
7 2516 1298102
7 2517 1138540
7 2518 2194254
7 2519 1114760
7 2520 962597
7 2521 962597
7 2522 971613
7 2523 3571169
7 2524 972201
7 2525 3569964
7 2526 965602
7 2527 965602
7 2528 974563
7 2529 2201368
7 2530 974772
7 2531 2202395
7 2532 968798
7 2533 3581712
7 2534 971710
7 2535 2198698
7 2536 3566792
7 2537 2173294
7 2538 972087
7 2539 3594198
7 2540 972973
7 2541 2207959
7 2542 3566850
7 2543 2174883
7 2544 965600
7 2545 965600
7 2546 971777
7 2547 3571604
7 2548 972462
7 2549 3570187
7 2550 962335
7 2551 962335
7 2552 968454
7 2553 1134125
7 2554 968675
7 2555 1134491
7 2556 974253
7 2557 3598020
7 2558 970988
7 2559 1138340
7 2560 3583613
7 2561 1136619
7 2562 975420
7 2563 3598163
7 2564 974838
7 2565 1142244
7 2566 3583299
7 2567 1136952
7 2568 962745
7 2569 962745
7 2570 971711
7 2571 2201658
7 2572 971952
7 2573 2201701
7 2574 962176
7 2575 962176
7 2576 968394
7 2577 1134355
7 2578 968432
7 2579 1134484
7 2580 968255
7 2581 2199136
7 2582 968233
7 2583 1138164
7 2584 2198009
7 2585 1117427
7 2586 969553
7 2587 2204482
7 2588 969530
7 2589 1139072
7 2590 2200373
7 2591 1117823
7 2592 962283
7 2593 3565314
7 2594 965328
7 2595 2194792
7 2596 3550116
7 2597 2164985
7 2598 965329
7 2599 3568987
7 2600 962348
7 2601 1132676
7 2602 3577820
7 2603 1130514
7 2604 962455
7 2605 2193418
7 2606 962262
7 2607 1132705
7 2608 2191454
7 2609 1116701
7 2610 3515774
7 2611 2157352
7 2612 3531852
7 2613 1106626
7 2614 2156099
7 2615 1106973
7 2616 968586
7 2617 3587304
7 2618 969562
7 2619 2206257
7 2620 3574649
7 2621 2178002
7 2622 969539
7 2623 3589615
7 2624 969150
7 2625 1139050
7 2626 3592166
7 2627 1137888
7 2628 969195
7 2629 2206162
7 2630 968996
7 2631 1139592
7 2632 2205431
7 2633 1122581
7 2634 3524819
7 2635 2166370
7 2636 3532816
7 2637 1110877
7 2638 2166370
7 2639 1110884
7 2640 968338
7 2641 1307806
7 2642 974465
7 2643 3607579
7 2644 1311283
7 2645 3606808
7 2646 971653
7 2647 1309757
7 2648 976888
7 2649 2206999
7 2650 1315459
7 2651 2215229
7 2652 974180
7 2653 3609165
7 2654 974253
7 2655 2209549
7 2656 3595486
7 2657 2181643
7 2658 1308020
7 2659 3612350
7 2660 1311599
7 2661 2200994
7 2662 3600708
7 2663 2183271
7 2664 971436
7 2665 1309371
7 2666 974259
7 2667 3608047
7 2668 1311315
7 2669 3606263
7 2670 971398
7 2671 1306815
7 2672 971228
7 2673 1139197
7 2674 1309960
7 2675 1143260
7 2676 974251
7 2677 3611735
7 2678 973622
7 2679 1142533
7 2680 3608938
7 2681 1141493
7 2682 1313205
7 2683 3615004
7 2684 1312954
7 2685 1142059
7 2686 3615413
7 2687 1141714
7 2688 971711
7 2689 1309898
7 2690 976558
7 2691 2214059
7 2692 1315994
7 2693 2213764
7 2694 971160
7 2695 1303607
7 2696 973854
7 2697 1142334
7 2698 1306711
7 2699 1143462
7 2700 968148
7 2701 2203083
7 2702 967984
7 2703 1138109
7 2704 2201406
7 2705 1119655
7 2706 1312313
7 2707 2215354
7 2708 1309304
7 2709 1143723
7 2710 2206363
7 2711 1122469
7 2712 965328
7 2713 3569392
7 2714 966314
7 2715 2201936
7 2716 3561172
7 2717 2173981
7 2718 966331
7 2719 3570691
7 2720 965378
7 2721 1136054
7 2722 3578737
7 2723 1135197
7 2724 965388
7 2725 2201260
7 2726 964967
7 2727 1135734
7 2728 2201119
7 2729 1119986
7 2730 3525609
7 2731 2166065
7 2732 3532261
7 2733 1110688
7 2734 2166065
7 2735 1110696
7 2736 1292530
7 2737 3585462
7 2738 1296096
7 2739 2195000
7 2740 3581248
7 2741 2178914
7 2742 1295828
7 2743 3586855
7 2744 1296708
7 2745 1133517
7 2746 3595455
7 2747 1136919
7 2748 1297581
7 2749 2194710
7 2750 1293743
7 2751 1137589
7 2752 2193833
7 2753 1119034
7 2754 3543682
7 2755 2171184
7 2756 3549899
7 2757 1113396
7 2758 2171184
7 2759 1113404
7 2760 968525
7 2761 1306030
7 2762 974924
7 2763 3590947
7 2764 1313273
7 2765 3584741
7 2766 969548
7 2767 1307765
7 2768 978116
7 2769 2205549
7 2770 1315777
7 2771 2209865
7 2772 975591
7 2773 3613059
7 2774 975525
7 2775 2213279
7 2776 3586505
7 2777 2180396
7 2778 1312921
7 2779 3608155
7 2780 1313477
7 2781 2207112
7 2782 3582219
7 2783 2177634
7 2784 969530
7 2785 1307477
7 2786 974838
7 2787 3591276
7 2788 1312696
7 2789 3583976
7 2790 969544
7 2791 1309041
7 2792 975155
7 2793 1138592
7 2794 1312556
7 2795 1140745
7 2796 977467
7 2797 3618943
7 2798 977462
7 2799 1144294
7 2800 3602384
7 2801 1139865
7 2802 1312291
7 2803 3594440
7 2804 1314156
7 2805 1144658
7 2806 3592424
7 2807 1137123
7 2808 969575
7 2809 1310123
7 2810 977930
7 2811 2212336
7 2812 1318262
7 2813 2211376
7 2814 969005
7 2815 1302735
7 2816 975237
7 2817 1140552
7 2818 1307379
7 2819 1139940
7 2820 974612
7 2821 2209136
7 2822 974458
7 2823 1143972
7 2824 2205053
7 2825 1122289
7 2826 1311834
7 2827 2211585
7 2828 1307374
7 2829 1141076
7 2830 2205040
7 2831 1120639
7 2832 971394
7 2833 3605852
7 2834 972263
7 2835 2211434
7 2836 3589613
7 2837 2182165
7 2838 972263
7 2839 3606310
7 2840 971612
7 2841 1141746
7 2842 3609260
7 2843 1140107
7 2844 971635
7 2845 2210656
7 2846 971065
7 2847 1141699
7 2848 2210118
7 2849 1125192
7 2850 3542321
7 2851 2171260
7 2852 3549909
7 2853 1113419
7 2854 2171260
7 2855 1113427
7 2856 1295542
7 2857 3586595
7 2858 1296673
7 2859 2201232
7 2860 3579221
7 2861 2178809
7 2862 1296660
7 2863 3587152
7 2864 1298108
7 2865 1137223
7 2866 3592569
7 2867 1137349
7 2868 1298703
7 2869 2200754
7 2870 1293948
7 2871 1138778
7 2872 2200851
7 2873 1121837
7 2874 3527540
7 2875 2167066
7 2876 3532819
7 2877 1111054
7 2878 2167066
7 2879 1111059
7 2880 962361
7 2881 962361
7 2882 970831
7 2883 2784989
7 2884 971223
7 2885 2777961
7 2886 965434
7 2887 965434
7 2888 974241
7 2889 3584370
7 2890 974509
7 2891 3586094
7 2892 971920
7 2893 2809242
7 2894 972032
7 2895 3603179
7 2896 2757087
7 2897 3578503
7 2898 971786
7 2899 2806036
7 2900 972714
7 2901 3602975
7 2902 2757197
7 2903 3577227
7 2904 965288
7 2905 965288
7 2906 971051
7 2907 2786894
7 2908 971893
7 2909 2776716
7 2910 968298
7 2911 968298
7 2912 974734
7 2913 2198159
7 2914 975306
7 2915 2203032
7 2916 976922
7 2917 2817174
7 2918 977090
7 2919 2211018
7 2920 2788650
7 2921 2208188
7 2922 977694
7 2923 2804979
7 2924 978565
7 2925 2212915
7 2926 2787986
7 2927 2206503
7 2928 968144
7 2929 968144
7 2930 976805
7 2931 3597726
7 2932 977320
7 2933 3596667
7 2934 965327
7 2935 965327
7 2936 974706
7 2937 2203059
7 2938 974761
7 2939 2203294
7 2940 974788
7 2941 3610408
7 2942 974491
7 2943 2210442
7 2944 3583064
7 2945 2178055
7 2946 975645
7 2947 3615516
7 2948 975634
7 2949 2210702
7 2950 3584481
7 2951 2179169
7 2952 968592
7 2953 2809479
7 2954 971735
7 2955 3612419
7 2956 2780023
7 2957 3598213
7 2958 971960
7 2959 2808958
7 2960 971705
7 2961 2204319
7 2962 2803814
7 2963 2201751
7 2964 972009
7 2965 3614457
7 2966 971078
7 2967 2205561
7 2968 3599346
7 2969 2182773
7 2970 2748966
7 2971 3576688
7 2972 2749335
7 2973 2169120
7 2974 3575353
7 2975 2169804
7 2976 968689
7 2977 2807066
7 2978 972037
7 2979 3614605
7 2980 2784266
7 2981 3603803
7 2982 972037
7 2983 2808082
7 2984 973097
7 2985 2201124
7 2986 2801200
7 2987 2207962
7 2988 973125
7 2989 3620386
7 2990 972452
7 2991 2208520
7 2992 3599755
7 2993 2182917
7 2994 2749462
7 2995 3577125
7 2996 2748976
7 2997 2170328
7 2998 3577473
7 2999 2170425
7 3000 965446
7 3001 965446
7 3002 971353
7 3003 2788050
7 3004 971900
7 3005 2778876
7 3006 965497
7 3007 965497
7 3008 974522
7 3009 3587268
7 3010 974862
7 3011 3587808
7 3012 971992
7 3013 2806703
7 3014 971506
7 3015 3603134
7 3016 2754260
7 3017 3578298
7 3018 972161
7 3019 2804390
7 3020 972476
7 3021 3602585
7 3022 2754238
7 3023 3575971
7 3024 967988
7 3025 967988
7 3026 971299
7 3027 2785985
7 3028 971930
7 3029 2777187
7 3030 962672
7 3031 962672
7 3032 968315
7 3033 1132569
7 3034 969003
7 3035 1134632
7 3036 975228
7 3037 2814623
7 3038 973794
7 3039 1141391
7 3040 2787101
7 3041 1140544
7 3042 975662
7 3043 2807217
7 3044 975525
7 3045 1142222
7 3046 2786409
7 3047 1139983
7 3048 967809
7 3049 967809
7 3050 976634
7 3051 3596548
7 3052 977223
7 3053 3595246
7 3054 967909
7 3055 967909
7 3056 971263
7 3057 1136861
7 3058 971849
7 3059 1137127
7 3060 976882
7 3061 3608981
7 3062 976504
7 3063 1144876
7 3064 3591956
7 3065 1138917
7 3066 977866
7 3067 3615327
7 3068 978116
7 3069 1145294
7 3070 3594192
7 3071 1139693
7 3072 974651
7 3073 2811565
7 3074 974427
7 3075 3615970
7 3076 2781664
7 3077 3602582
7 3078 976882
7 3079 2813213
7 3080 971245
7 3081 1140218
7 3082 2808597
7 3083 1141075
7 3084 976553
7 3085 3616373
7 3086 973854
7 3087 1142493
7 3088 3609615
7 3089 1141550
7 3090 2754830
7 3091 3590722
7 3092 2780166
7 3093 1136436
7 3094 3601046
7 3095 1137046
7 3096 975024
7 3097 2812180
7 3098 975191
7 3099 3618287
7 3100 2780166
7 3101 3603522
7 3102 977503
7 3103 2815243
7 3104 975027
7 3105 1140021
7 3106 2809775
7 3107 1144666
7 3108 978234
7 3109 3623251
7 3110 976001
7 3111 1143435
7 3112 3612200
7 3113 1141496
7 3114 2756017
7 3115 3590263
7 3116 2777863
7 3117 1136562
7 3118 3602339
7 3119 1136553
7 3120 967989
7 3121 967989
7 3122 971076
7 3123 2784911
7 3124 971924
7 3125 2773831
7 3126 967819
7 3127 967819
7 3128 976802
7 3129 2203728
7 3130 977147
7 3131 2206647
7 3132 977172
7 3133 2817381
7 3134 974081
7 3135 2211603
7 3136 2787245
7 3137 2207918
7 3138 977646
7 3139 2806731
7 3140 978014
7 3141 2213311
7 3142 2784583
7 3143 2202685
7 3144 965239
7 3145 965239
7 3146 967815
7 3147 2771429
7 3148 971031
7 3149 2744094
7 3150 967666
7 3151 967666
7 3152 971104
7 3153 1134715
7 3154 971773
7 3155 1137180
7 3156 971832
7 3157 2803765
7 3158 971671
7 3159 1139603
7 3160 2778409
7 3161 1140009
7 3162 974922
7 3163 2772285
7 3164 975591
7 3165 1142333
7 3166 2775476
7 3167 1136994
7 3168 962335
7 3169 962335
7 3170 971398
7 3171 2201017
7 3172 971770
7 3173 2201587
7 3174 962252
7 3175 962252
7 3176 968232
7 3177 1134003
7 3178 968269
7 3179 1134220
7 3180 968239
7 3181 2198492
7 3182 968239
7 3183 1138262
7 3184 2195316
7 3185 1117164
7 3186 969391
7 3187 2204575
7 3188 969548
7 3189 1139313
7 3190 2200324
7 3191 1117858
7 3192 974253
7 3193 2812293
7 3194 974251
7 3195 2211305
7 3196 2807143
7 3197 2212986
7 3198 974421
7 3199 2810238
7 3200 973388
7 3201 1142557
7 3202 2805026
7 3203 1145153
7 3204 968148
7 3205 2204728
7 3206 967822
7 3207 1138247
7 3208 2200536
7 3209 1119806
7 3210 2776898
7 3211 2209677
7 3212 2776484
7 3213 1137402
7 3214 2206873
7 3215 1122462
7 3216 974857
7 3217 2807290
7 3218 977710
7 3219 2214187
7 3220 2805548
7 3221 2208478
7 3222 975095
7 3223 2802436
7 3224 977624
7 3225 1143429
7 3226 2775308
7 3227 1142810
7 3228 974680
7 3229 2209649
7 3230 974438
7 3231 1143868
7 3232 2204604
7 3233 1122527
7 3234 2776622
7 3235 2208795
7 3236 2775688
7 3237 1137231
7 3238 2202429
7 3239 1120068
7 3240 962598
7 3241 962598
7 3242 972129
7 3243 3571245
7 3244 972237
7 3245 3570458
7 3246 965264
7 3247 965264
7 3248 974252
7 3249 2200215
7 3250 974298
7 3251 2200847
7 3252 971730
7 3253 3591664
7 3254 972443
7 3255 2206698
7 3256 3569034
7 3257 2175651
7 3258 972334
7 3259 3596027
7 3260 972908
7 3261 2207787
7 3262 3568287
7 3263 2174932
7 3264 965426
7 3265 965426
7 3266 971682
7 3267 3569902
7 3268 972284
7 3269 3567818
7 3270 962252
7 3271 962252
7 3272 968396
7 3273 1134197
7 3274 968668
7 3275 1134428
7 3276 974421
7 3277 3595579
7 3278 973549
7 3279 1141899
7 3280 3580864
7 3281 1137241
7 3282 975331
7 3283 3595691
7 3284 974924
7 3285 1142451
7 3286 3580279
7 3287 1136721
7 3288 962176
7 3289 962176
7 3290 971160
7 3291 2197967
7 3292 971448
7 3293 2197586
7 3294 958809
7 3295 958809
7 3296 964975
7 3297 1130597
7 3298 965059
7 3299 1130631
7 3300 965844
7 3301 2197156
7 3302 965668
7 3303 1135836
7 3304 2194281
7 3305 1114794
7 3306 968912
7 3307 2200499
7 3308 968525
7 3309 1135882
7 3310 2194206
7 3311 1114782
7 3312 965329
7 3313 3569316
7 3314 966331
7 3315 2201621
7 3316 3559938
7 3317 2173541
7 3318 966326
7 3319 3570573
7 3320 965378
7 3321 1136059
7 3322 3578604
7 3323 1134982
7 3324 965402
7 3325 2201420
7 3326 965134
7 3327 1135907
7 3328 2201130
7 3329 1119991
7 3330 3526773
7 3331 2166607
7 3332 3532807
7 3333 1110874
7 3334 2166607
7 3335 1110881
7 3336 968826
7 3337 3588188
7 3338 969573
7 3339 2205926
7 3340 3575955
7 3341 2177947
7 3342 969565
7 3343 3588667
7 3344 969312
7 3345 1139240
7 3346 3590077
7 3347 1137662
7 3348 969306
7 3349 2205563
7 3350 968822
7 3351 1139173
7 3352 2201111
7 3353 1120187
7 3354 3526770
7 3355 2166672
7 3356 3532812
7 3357 1110949
7 3358 2166672
7 3359 1110955
7 3360 962275
7 3361 2779936
7 3362 965700
7 3363 3585123
7 3364 2757085
7 3365 3578006
7 3366 965537
7 3367 2783485
7 3368 968342
7 3369 2198481
7 3370 2783258
7 3371 2200929
7 3372 968335
7 3373 3595993
7 3374 965843
7 3375 2200551
7 3376 3586608
7 3377 2179322
7 3378 2745644
7 3379 3567600
7 3380 2748301
7 3381 2164923
7 3382 3571859
7 3383 2167876
7 3384 965703
7 3385 2783778
7 3386 965777
7 3387 3587288
7 3388 2757063
7 3389 3577161
7 3390 968239
7 3391 2782913
7 3392 962348
7 3393 1132959
7 3394 2783065
7 3395 1137868
7 3396 968148
7 3397 3595109
7 3398 968003
7 3399 1137567
7 3400 3596768
7 3401 1139405
7 3402 2755033
7 3403 3582193
7 3404 2775573
7 3405 1131799
7 3406 3590572
7 3407 1135678
7 3408 968255
7 3409 2785298
7 3410 968148
7 3411 2203614
7 3412 2786405
7 3413 2202049
7 3414 965844
7 3415 2775534
7 3416 967985
7 3417 1137464
7 3418 2776933
7 3419 1139586
7 3420 962023
7 3421 2195339
7 3422 962175
7 3423 1132753
7 3424 2195886
7 3425 1117500
7 3426 2778179
7 3427 2203305
7 3428 2775438
7 3429 1136818
7 3430 2193148
7 3431 1119110
7 3432 962455
7 3433 3569164
7 3434 965388
7 3435 2198110
7 3436 3565696
7 3437 2175490
7 3438 965402
7 3439 3571780
7 3440 962331
7 3441 1133218
7 3442 3582800
7 3443 1135172
7 3444 962437
7 3445 2196259
7 3446 961849
7 3447 1132686
7 3448 2196531
7 3449 1117463
7 3450 3542315
7 3451 2171026
7 3452 3549905
7 3453 1113398
7 3454 2171026
7 3455 1113406
7 3456 2710062
7 3457 3535479
7 3458 2711607
7 3459 2158402
7 3460 3545418
7 3461 2159945
7 3462 2712819
7 3463 3535657
7 3464 2735014
7 3465 1106417
7 3466 3544948
7 3467 1124196
7 3468 2735225
7 3469 2158214
7 3470 2710375
7 3471 1124139
7 3472 2154592
7 3473 1106833
7 3474 3515774
7 3475 2157352
7 3476 3531852
7 3477 1106626
7 3478 2156099
7 3479 1106973
7 3480 965059
7 3481 2798274
7 3482 968668
7 3483 3599800
7 3484 2780362
7 3485 3594120
7 3486 968269
7 3487 2801177
7 3488 971849
7 3489 2198611
7 3490 2799408
7 3491 2206025
7 3492 971773
7 3493 3612800
7 3494 969003
7 3495 2205800
7 3496 3600117
7 3497 2182732
7 3498 2770107
7 3499 3586728
7 3500 2769738
7 3501 2173556
7 3502 3589563
7 3503 2173684
7 3504 968432
7 3505 2802077
7 3506 968675
7 3507 3602746
7 3508 2780076
7 3509 3593939
7 3510 971151
7 3511 2807560
7 3512 968428
7 3513 1134068
7 3514 2806157
7 3515 1140730
7 3516 971744
7 3517 3614096
7 3518 971922
7 3519 1139990
7 3520 3607919
7 3521 1141029
7 3522 2772493
7 3523 3597388
7 3524 2796662
7 3525 1137753
7 3526 3609685
7 3527 1138639
7 3528 971156
7 3529 2806586
7 3530 971583
7 3531 2207008
7 3532 2809040
7 3533 2208205
7 3534 968729
7 3535 2792299
7 3536 971741
7 3537 1139639
7 3538 2794230
7 3539 1141797
7 3540 968491
7 3541 2200025
7 3542 968565
7 3543 1138596
7 3544 2196001
7 3545 1119715
7 3546 2793668
7 3547 2205805
7 3548 2789486
7 3549 1137123
7 3550 2201019
7 3551 1121993
7 3552 968518
7 3553 3605281
7 3554 971323
7 3555 2207249
7 3556 3592163
7 3557 2181937
7 3558 971336
7 3559 3607075
7 3560 968575
7 3561 1139021
7 3562 3610387
7 3563 1139656
7 3564 968685
7 3565 2205563
7 3566 967937
7 3567 1138620
7 3568 2204991
7 3569 1122542
7 3570 3541614
7 3571 2170724
7 3572 3549896
7 3573 1113233
7 3574 2170724
7 3575 1113243
7 3576 2713521
7 3577 3539904
7 3578 2712951
7 3579 2163529
7 3580 3552198
7 3581 2163004
7 3582 2714213
7 3583 3539712
7 3584 2738518
7 3585 1109961
7 3586 3552402
7 3587 1125365
7 3588 2738546
7 3589 2163389
7 3590 2713521
7 3591 1125365
7 3592 2161720
7 3593 1109961
7 3594 3533960
7 3595 2163369
7 3596 3548982
7 3597 1109630
7 3598 2162116
7 3599 1109973
7 3600 962024
7 3601 1297890
7 3602 965137
7 3603 2801910
7 3604 1293333
7 3605 2802787
7 3606 965218
7 3607 1300418
7 3608 968540
7 3609 3583198
7 3610 1304583
7 3611 3601784
7 3612 968686
7 3613 2807824
7 3614 965533
7 3615 3585966
7 3616 2781127
7 3617 3593110
7 3618 1292190
7 3619 2783765
7 3620 1293294
7 3621 3576295
7 3622 2778582
7 3623 3574178
7 3624 965218
7 3625 1300542
7 3626 965299
7 3627 2805535
7 3628 1294323
7 3629 2804473
7 3630 970880
7 3631 1311658
7 3632 968652
7 3633 2193534
7 3634 1314962
7 3635 2204670
7 3636 971084
7 3637 2815392
7 3638 971429
7 3639 2205927
7 3640 2807633
7 3641 2211558
7 3642 1299862
7 3643 2809612
7 3644 1315413
7 3645 2203160
7 3646 2810266
7 3647 2207609
7 3648 970648
7 3649 1311499
7 3650 971080
7 3651 3612066
7 3652 1315549
7 3653 3613111
7 3654 965607
7 3655 1300819
7 3656 971568
7 3657 2205637
7 3658 1306942
7 3659 2208856
7 3660 968767
7 3661 3599378
7 3662 968716
7 3663 2202530
7 3664 3585674
7 3665 2179651
7 3666 1313247
7 3667 3612901
7 3668 1310602
7 3669 2206784
7 3670 3599560
7 3671 2183229
7 3672 968476
7 3673 2809351
7 3674 971099
7 3675 3607646
7 3676 2784687
7 3677 3605419
7 3678 971263
7 3679 2805488
7 3680 968552
7 3681 2202356
7 3682 2804558
7 3683 2207227
7 3684 968721
7 3685 3598643
7 3686 965058
7 3687 2199337
7 3688 3584607
7 3689 2179161
7 3690 2770666
7 3691 3590941
7 3692 2769949
7 3693 2173660
7 3694 3588991
7 3695 2173612
7 3696 1287526
7 3697 2772863
7 3698 1291892
7 3699 3580233
7 3700 2774666
7 3701 3568888
7 3702 1292411
7 3703 2776485
7 3704 1307691
7 3705 2163997
7 3706 2775095
7 3707 2192307
7 3708 1307877
7 3709 3587116
7 3710 1292572
7 3711 2192607
7 3712 3568928
7 3713 2167771
7 3714 2767377
7 3715 3583238
7 3716 2766392
7 3717 2166816
7 3718 3570925
7 3719 2167455
7 3720 965150
7 3721 1300820
7 3722 965688
7 3723 2806009
7 3724 1294104
7 3725 2805388
7 3726 965303
7 3727 1300459
7 3728 968867
7 3729 3585956
7 3730 1304876
7 3731 3603274
7 3732 968859
7 3733 2808008
7 3734 965527
7 3735 3586205
7 3736 2781082
7 3737 3593059
7 3738 1292398
7 3739 2783969
7 3740 1292642
7 3741 3576598
7 3742 2777969
7 3743 3573884
7 3744 968229
7 3745 1303999
7 3746 968551
7 3747 2812900
7 3748 1295098
7 3749 2810405
7 3750 968315
7 3751 1308159
7 3752 962366
7 3753 1131077
7 3754 1310917
7 3755 1138097
7 3756 973794
7 3757 2814216
7 3758 968482
7 3759 1137879
7 3760 2808246
7 3761 1142708
7 3762 1298610
7 3763 2816366
7 3764 1315257
7 3765 1138803
7 3766 2813108
7 3767 1140602
7 3768 970786
7 3769 1311750
7 3770 973934
7 3771 3615314
7 3772 1316045
7 3773 3616683
7 3774 971263
7 3775 1312295
7 3776 968241
7 3777 1136833
7 3778 1312832
7 3779 1140037
7 3780 971245
7 3781 3596941
7 3782 970948
7 3783 1140033
7 3784 3595069
7 3785 1139412
7 3786 1315906
7 3787 3621240
7 3788 1317160
7 3789 1143035
7 3790 3611442
7 3791 1141606
7 3792 973880
7 3793 2810787
7 3794 971306
7 3795 3608940
7 3796 2784711
7 3797 3607158
7 3798 976504
7 3799 2814746
7 3800 970948
7 3801 1140378
7 3802 2811729
7 3803 1145403
7 3804 973854
7 3805 3604956
7 3806 968677
7 3807 1137578
7 3808 3599366
7 3809 1139931
7 3810 2776783
7 3811 3604258
7 3812 2801466
7 3813 1139380
7 3814 3615077
7 3815 1139135
7 3816 1295233
7 3817 2783875
7 3818 1295507
7 3819 3586248
7 3820 2780486
7 3821 3580488
7 3822 1299861
7 3823 2809096
7 3824 1312843
7 3825 1131708
7 3826 2802543
7 3827 1139760
7 3828 1314886
7 3829 3611094
7 3830 1314971
7 3831 1139462
7 3832 3593282
7 3833 1136066
7 3834 2776738
7 3835 3599016
7 3836 2798050
7 3837 1136471
7 3838 3598137
7 3839 1136023
7 3840 968385
7 3841 1303744
7 3842 968549
7 3843 2812689
7 3844 1295091
7 3845 2809790
7 3846 970778
7 3847 1309849
7 3848 973805
7 3849 2205714
7 3850 1314358
7 3851 2212192
7 3852 974010
7 3853 2817096
7 3854 971685
7 3855 2208193
7 3856 2811551
7 3857 2213278
7 3858 1300592
7 3859 2816523
7 3860 1313286
7 3861 2206353
7 3862 2811291
7 3863 2207467
7 3864 965536
7 3865 1298445
7 3866 965524
7 3867 2801535
7 3868 1290655
7 3869 2796726
7 3870 971104
7 3871 1309917
7 3872 968474
7 3873 1137050
7 3874 1311741
7 3875 1140462
7 3876 971671
7 3877 2811805
7 3878 968609
7 3879 1136988
7 3880 2806767
7 3881 1142684
7 3882 1294409
7 3883 2803933
7 3884 1313142
7 3885 1139992
7 3886 2807800
7 3887 1139723
7 3888 968454
7 3889 1305076
7 3890 971228
7 3891 2205845
7 3892 1312566
7 3893 2207769
7 3894 968396
7 3895 1304612
7 3896 970923
7 3897 1139685
7 3898 1306526
7 3899 1140538
7 3900 962348
7 3901 2190995
7 3902 962352
7 3903 1132892
7 3904 2191490
7 3905 1117143
7 3906 1309324
7 3907 2209877
7 3908 1309990
7 3909 1141803
7 3910 2203560
7 3911 1122428
7 3912 970988
7 3913 2807703
7 3914 973622
7 3915 2212040
7 3916 2809013
7 3917 2214077
7 3918 973549
7 3919 2806238
7 3920 970279
7 3921 1139597
7 3922 2805117
7 3923 1144656
7 3924 968003
7 3925 2207640
7 3926 967891
7 3927 1138630
7 3928 2206065
7 3929 1120573
7 3930 2796502
7 3931 2213784
7 3932 2797235
7 3933 1139513
7 3934 2211276
7 3935 1125069
7 3936 1297351
7 3937 2810289
7 3938 1313091
7 3939 2208078
7 3940 2811599
7 3941 2209404
7 3942 1297053
7 3943 2806541
7 3944 1314025
7 3945 1138533
7 3946 2798629
7 3947 1141796
7 3948 1311482
7 3949 2202019
7 3950 1307743
7 3951 1143007
7 3952 2197189
7 3953 1119599
7 3954 2798462
7 3955 2211581
7 3956 2796919
7 3957 1139081
7 3958 2206129
7 3959 1122408
7 3960 968232
7 3961 1306083
7 3962 973708
7 3963 3607351
7 3964 1311747
7 3965 3600243
7 3966 970945
7 3967 1308781
7 3968 976501
7 3969 2208641
7 3970 1314770
7 3971 2211299
7 3972 970997
7 3973 3607323
7 3974 973390
7 3975 2205276
7 3976 3600603
7 3977 2183279
7 3978 1311423
7 3979 3616170
7 3980 1312244
7 3981 2207618
7 3982 3600564
7 3983 2182266
7 3984 970944
7 3985 1306176
7 3986 971142
7 3987 3604038
7 3988 1308666
7 3989 3588039
7 3990 968232
7 3991 1303568
7 3992 970923
7 3993 1138010
7 3994 1307138
7 3995 1140472
7 3996 973388
7 3997 3613322
7 3998 970279
7 3999 1139681
7 4000 3612609
7 4001 1141738
7 4002 1312168
7 4003 3602703
7 4004 1312887
7 4005 1143514
7 4006 3611016
7 4007 1139165
7 4008 968394
7 4009 1307619
7 4010 973854
7 4011 2208376
7 4012 1313894
7 4013 2207726
7 4014 964975
7 4015 1285216
7 4016 968416
7 4017 1136885
7 4018 1288666
7 4019 1137292
7 4020 967985
7 4021 2205057
7 4022 967809
7 4023 1138199
7 4024 2204173
7 4025 1120214
7 4026 1308855
7 4027 2209807
7 4028 1302356
7 4029 1139007
7 4030 2204808
7 4031 1120636
7 4032 962348
7 4033 3568672
7 4034 965378
7 4035 2197616
7 4036 3564141
7 4037 2175126
7 4038 965378
7 4039 3571687
7 4040 961942
7 4041 1132738
7 4042 3582857
7 4043 1134859
7 4044 962331
7 4045 2195794
7 4046 961933
7 4047 1132728
7 4048 2196148
7 4049 1117299
7 4050 3541500
7 4051 2171177
7 4052 3549912
7 4053 1113420
7 4054 2171177
7 4055 1113428
7 4056 1305381
7 4057 3600529
7 4058 1306482
7 4059 2205084
7 4060 3593225
7 4061 2181960
7 4062 1305984
7 4063 3600436
7 4064 1307189
7 4065 1139558
7 4066 3596787
7 4067 1137328
7 4068 1308528
7 4069 2204525
7 4070 1300590
7 4071 1140738
7 4072 2200806
7 4073 1121974
7 4074 3540792
7 4075 2170641
7 4076 3549899
7 4077 1113234
7 4078 2170641
7 4079 1113244
7 4080 962275
7 4081 2780502
7 4082 965686
7 4083 3584176
7 4084 2757792
7 4085 3578955
7 4086 965528
7 4087 2782597
7 4088 968328
7 4089 2198702
7 4090 2782730
7 4091 2202624
7 4092 968147
7 4093 3592720
7 4094 965584
7 4095 2199385
7 4096 3581959
7 4097 2178063
7 4098 2749108
7 4099 3573460
7 4100 2749214
7 4101 2169905
7 4102 3577578
7 4103 2170570
7 4104 965698
7 4105 2783984
7 4106 965757
7 4107 3586327
7 4108 2757117
7 4109 3578568
7 4110 968239
7 4111 2784801
7 4112 962352
7 4113 1133031
7 4114 2784943
7 4115 1138587
7 4116 967822
7 4117 3591587
7 4118 967891
7 4119 1137204
7 4120 3591457
7 4121 1139140
7 4122 2755546
7 4123 3586110
7 4124 2779533
7 4125 1135341
7 4126 3598248
7 4127 1136814
7 4128 968233
7 4129 2783886
7 4130 967984
7 4131 2203386
7 4132 2785318
7 4133 2204220
7 4134 965668
7 4135 2769798
7 4136 967809
7 4137 1137152
7 4138 2771464
7 4139 1139608
7 4140 962175
7 4141 2195361
7 4142 962090
7 4143 1132674
7 4144 2196082
7 4145 1117459
7 4146 2776457
7 4147 2205877
7 4148 2771804
7 4149 1137152
7 4150 2200786
7 4151 1121863
7 4152 962262
7 4153 3565871
7 4154 964967
7 4155 2195861
7 4156 3560394
7 4157 2173937
7 4158 965134
7 4159 3566720
7 4160 961933
7 4161 1132501
7 4162 3574682
7 4163 1134572
7 4164 961849
7 4165 2191616
7 4166 958809
7 4167 1129031
7 4168 2189950
7 4169 1114333
7 4170 3526104
7 4171 2166904
7 4172 3532825
7 4173 1111056
7 4174 2166904
7 4175 1111061
7 4176 2713521
7 4177 3539904
7 4178 2712951
7 4179 2163529
7 4180 3552198
7 4181 2163004
7 4182 2714213
7 4183 3539712
7 4184 2738518
7 4185 1109961
7 4186 3552402
7 4187 1125365
7 4188 2738546
7 4189 2163389
7 4190 2713521
7 4191 1125365
7 4192 2161720
7 4193 1109961
7 4194 3533960
7 4195 2163369
7 4196 3548982
7 4197 1109630
7 4198 2162116
7 4199 1109973
7 4200 1272428
7 4201 2742164
7 4202 1277066
7 4203 3551363
7 4204 2745719
7 4205 3538103
7 4206 1277171
7 4207 2744975
7 4208 1295349
7 4209 2157984
7 4210 2746434
7 4211 2185997
7 4212 1295320
7 4213 3562482
7 4214 1277930
7 4215 2185837
7 4216 3551834
7 4217 2163455
7 4218 2744453
7 4219 3561747
7 4220 2742342
7 4221 2162216
7 4222 3551894
7 4223 2160520
7 4224 1277426
7 4225 2746261
7 4226 1277478
7 4227 3554274
7 4228 2745820
7 4229 3538096
7 4230 1282273
7 4231 2771973
7 4232 1294698
7 4233 1106387
7 4234 2768329
7 4235 1130088
7 4236 1297407
7 4237 3577393
7 4238 1298614
7 4239 1126698
7 4240 3561558
7 4241 1128550
7 4242 2745865
7 4243 3564146
7 4244 2769240
7 4245 1130404
7 4246 3572122
7 4247 1129181
7 4248 1282219
7 4249 2772133
7 4250 1296219
7 4251 2186188
7 4252 2775988
7 4253 2189376
7 4254 1277397
7 4255 2743895
7 4256 1297447
7 4257 1127326
7 4258 2747767
7 4259 1128495
7 4260 1292566
7 4261 2163450
7 4262 1291184
7 4263 1130375
7 4264 2154004
7 4265 1106801
7 4266 2766596
7 4267 2191241
7 4268 2763607
7 4269 1128495
7 4270 2185974
7 4271 1115681
7 4272 1292357
7 4273 3576138
7 4274 1295223
7 4275 2190330
7 4276 3560286
7 4277 2166734
7 4278 1292948
7 4279 3568747
7 4280 1291208
7 4281 1131395
7 4282 3575147
7 4283 1129604
7 4284 1294832
7 4285 2187933
7 4286 1274523
7 4287 1131057
7 4288 2185944
7 4289 1115677
7 4290 3514871
7 4291 2157111
7 4292 3531848
7 4293 1106535
7 4294 2155858
7 4295 1106883
7 4296 2710062
7 4297 3535479
7 4298 2711607
7 4299 2158402
7 4300 3545418
7 4301 2159945
7 4302 2712819
7 4303 3535657
7 4304 2735014
7 4305 1106417
7 4306 3544948
7 4307 1124196
7 4308 2735225
7 4309 2158214
7 4310 2710375
7 4311 1124139
7 4312 2154592
7 4313 1106833
7 4314 3515774
7 4315 2157352
7 4316 3531852
7 4317 1106626
7 4318 2156099
7 4319 1106973
7 4320 958809
7 4321 1282268
7 4322 961933
7 4323 2770848
7 4324 1286226
7 4325 2743652
7 4326 962090
7 4327 1284635
7 4328 967891
7 4329 3552590
7 4330 1289148
7 4331 3562497
7 4332 967809
7 4333 2771865
7 4334 962352
7 4335 3563694
7 4336 2748136
7 4337 3553720
7 4338 1288005
7 4339 2772037
7 4340 1289799
7 4341 3552276
7 4342 2748457
7 4343 3536060
7 4344 961933
7 4345 1284814
7 4346 961942
7 4347 2774650
7 4348 1286767
7 4349 2744955
7 4350 967891
7 4351 1304940
7 4352 968677
7 4353 2157933
7 4354 1307844
7 4355 2190533
7 4356 970279
7 4357 2800616
7 4358 970948
7 4359 2190285
7 4360 2776508
7 4361 2196009
7 4362 1294726
7 4363 2774252
7 4364 1309318
7 4365 2195288
7 4366 2776843
7 4367 2194320
7 4368 967809
7 4369 1304752
7 4370 970279
7 4371 3589098
7 4372 1308404
7 4373 3577614
7 4374 962352
7 4375 1285137
7 4376 970948
7 4377 2191742
7 4378 1292783
7 4379 2192089
7 4380 968609
7 4381 3587586
7 4382 968482
7 4383 2197470
7 4384 3554262
7 4385 2163647
7 4386 1305821
7 4387 3593034
7 4388 1303933
7 4389 2194911
7 4390 3568592
7 4391 2174264
7 4392 968416
7 4393 2798664
7 4394 970923
7 4395 3604533
7 4396 2775223
7 4397 3593246
7 4398 970923
7 4399 2774313
7 4400 968241
7 4401 2196765
7 4402 2774223
7 4403 2194608
7 4404 968474
7 4405 3592757
7 4406 962366
7 4407 2193408
7 4408 3568615
7 4409 2174175
7 4410 2744990
7 4411 3567837
7 4412 2744908
7 4413 2162416
7 4414 3554791
7 4415 2163721
7 4416 1287442
7 4417 2772294
7 4418 1291857
7 4419 3577198
7 4420 2772160
7 4421 3563156
7 4422 1291883
7 4423 2773159
7 4424 1305321
7 4425 2161665
7 4426 2766946
7 4427 2191693
7 4428 1305376
7 4429 3577818
7 4430 1289894
7 4431 2191502
7 4432 3551196
7 4433 2163662
7 4434 2745184
7 4435 3566367
7 4436 2742383
7 4437 2162447
7 4438 3551225
7 4439 2160236
7 4440 961849
7 4441 1285222
7 4442 962331
7 4443 2774871
7 4444 1287079
7 4445 2746436
7 4446 962175
7 4447 1284720
7 4448 968003
7 4449 3555069
7 4450 1289786
7 4451 3563751
7 4452 967985
7 4453 2773070
7 4454 962348
7 4455 3564073
7 4456 2748292
7 4457 3553734
7 4458 1288345
7 4459 2772369
7 4460 1289810
7 4461 3552482
7 4462 2748459
7 4463 3536060
7 4464 964967
7 4465 1290579
7 4466 965378
7 4467 2786366
7 4468 1291305
7 4469 2772391
7 4470 965584
7 4471 1306590
7 4472 965058
7 4473 1106391
7 4474 1307535
7 4475 1130805
7 4476 973390
7 4477 2808160
7 4478 968716
7 4479 1131219
7 4480 2782156
7 4481 1134987
7 4482 1297469
7 4483 2800501
7 4484 1311662
7 4485 1134492
7 4486 2783095
7 4487 1133427
7 4488 967984
7 4489 1307489
7 4490 973622
7 4491 3593360
7 4492 1312552
7 4493 3593214
7 4494 968328
7 4495 1309065
7 4496 968552
7 4497 1129051
7 4498 1308770
7 4499 1129679
7 4500 971685
7 4501 3588026
7 4502 971429
7 4503 1135130
7 4504 3562739
7 4505 1128881
7 4506 1310307
7 4507 3607940
7 4508 1313098
7 4509 1134968
7 4510 3580389
7 4511 1135541
7 4512 973854
7 4513 2800351
7 4514 971228
7 4515 3607857
7 4516 2779464
7 4517 3598194
7 4518 976501
7 4519 2806055
7 4520 971568
7 4521 1138038
7 4522 2797791
7 4523 1136918
7 4524 973805
7 4525 3601282
7 4526 968652
7 4527 1133694
7 4528 3583058
7 4529 1135561
7 4530 2751186
7 4531 3583307
7 4532 2776506
7 4533 1132764
7 4534 3582368
7 4535 1132867
7 4536 1294714
7 4537 2780329
7 4538 1295000
7 4539 3581185
7 4540 2772479
7 4541 3563998
7 4542 1299729
7 4543 2806122
7 4544 1312748
7 4545 1131472
7 4546 2796401
7 4547 1138395
7 4548 1313096
7 4549 3605157
7 4550 1313012
7 4551 1138595
7 4552 3578042
7 4553 1132840
7 4554 2754604
7 4555 3579679
7 4556 2772726
7 4557 1133023
7 4558 3577349
7 4559 1129675
7 4560 965134
7 4561 1290377
7 4562 965378
7 4563 2786649
7 4564 1291288
7 4565 2772458
7 4566 967822
7 4567 1306441
7 4568 973854
7 4569 2191030
7 4570 1310566
7 4571 2200270
7 4572 973388
7 4573 2810503
7 4574 971245
7 4575 2198907
7 4576 2786191
7 4577 2201463
7 4578 1298901
7 4579 2805326
7 4580 1310945
7 4581 2200923
7 4582 2785731
7 4583 2196432
7 4584 962262
7 4585 1285004
7 4586 962348
7 4587 2773979
7 4588 1286784
7 4589 2743872
7 4590 968147
7 4591 1307644
7 4592 968721
7 4593 1127293
7 4594 1309064
7 4595 1133757
7 4596 970997
7 4597 2803823
7 4598 968767
7 4599 1129672
7 4600 2780746
7 4601 1136083
7 4602 1294031
7 4603 2774924
7 4604 1310701
7 4605 1136172
7 4606 2777952
7 4607 1132800
7 4608 965757
7 4609 1303746
7 4610 971306
7 4611 2192775
7 4612 1313510
7 4613 2198766
7 4614 965686
7 4615 1302490
7 4616 971099
7 4617 1133856
7 4618 1307206
7 4619 1136265
7 4620 965527
7 4621 2164003
7 4622 965533
7 4623 1131214
7 4624 2154120
7 4625 1106805
7 4626 1306625
7 4627 2200951
7 4628 1307452
7 4629 1139802
7 4630 2190691
7 4631 1116885
7 4632 971142
7 4633 2806355
7 4634 973934
7 4635 2202388
7 4636 2807667
7 4637 2205990
7 4638 973708
7 4639 2804529
7 4640 971080
7 4641 1134976
7 4642 2800117
7 4643 1137778
7 4644 968867
7 4645 2197520
7 4646 968540
7 4647 1137955
7 4648 2190646
7 4649 1116263
7 4650 2773298
7 4651 2201086
7 4652 2774128
7 4653 1131757
7 4654 2196593
7 4655 1118922
7 4656 1295698
7 4657 2803591
7 4658 1312536
7 4659 2205140
7 4660 2803054
7 4661 2202180
7 4662 1296720
7 4663 2801217
7 4664 1312531
7 4665 1137281
7 4666 2772921
7 4667 1138524
7 4668 1311186
7 4669 2201312
7 4670 1307425
7 4671 1142296
7 4672 2195405
7 4673 1119182
7 4674 2778562
7 4675 2204467
7 4676 2776872
7 4677 1136374
7 4678 2195277
7 4679 1117233
7 4680 965668
7 4681 1303740
7 4682 973549
7 4683 3588411
7 4684 1312334
7 4685 3581781
7 4686 968239
7 4687 1306436
7 4688 976504
7 4689 2197307
7 4690 1314802
7 4691 2203528
7 4692 971671
7 4693 3595095
7 4694 973794
7 4695 2201201
7 4696 3579190
7 4697 2175689
7 4698 1309844
7 4699 3608051
7 4700 1312954
7 4701 2200492
7 4702 3584299
7 4703 2177646
7 4704 968233
7 4705 1303737
7 4706 970988
7 4707 3585551
7 4708 1308582
7 4709 3570507
7 4710 965528
7 4711 1302247
7 4712 971263
7 4713 1133354
7 4714 1308208
7 4715 1136722
7 4716 974010
7 4717 3610661
7 4718 971084
7 4719 1137154
7 4720 3593423
7 4721 1137911
7 4722 1311635
7 4723 3598165
7 4724 1311136
7 4725 1138659
7 4726 3594774
7 4727 1135949
7 4728 965698
7 4729 1306435
7 4730 973880
7 4731 2201272
7 4732 1315176
7 4733 2199112
7 4734 962275
7 4735 1283364
7 4736 968476
7 4737 1133074
7 4738 1289589
7 4739 1133111
7 4740 968859
7 4741 2194572
7 4742 968686
7 4743 1137797
7 4744 2192659
7 4745 1116707
7 4746 1309994
7 4747 2202207
7 4748 1303720
7 4749 1137776
7 4750 2193055
7 4751 1116875
7 4752 965524
7 4753 3584461
7 4754 968551
7 4755 2199156
7 4756 3565795
7 4757 2169117
7 4758 968549
7 4759 3587943
7 4760 965299
7 4761 1135250
7 4762 3593547
7 4763 1133047
7 4764 965688
7 4765 2197544
7 4766 965137
7 4767 1135465
7 4768 2195336
7 4769 1119042
7 4770 3514751
7 4771 2157074
7 4772 3531848
7 4773 1106525
7 4774 2155821
7 4775 1106873
7 4776 1302007
7 4777 3596817
7 4778 1305603
7 4779 2198027
7 4780 3589160
7 4781 2180082
7 4782 1304967
7 4783 3597669
7 4784 1303960
7 4785 1135490
7 4786 3593815
7 4787 1136349
7 4788 1306933
7 4789 2197685
7 4790 1299244
7 4791 1139262
7 4792 2192901
7 4793 1118623
7 4794 3540786
7 4795 2170090
7 4796 3549881
7 4797 1113032
7 4798 2170090
7 4799 1113044
7 4800 964975
7 4801 2797604
7 4802 968396
7 4803 3598812
7 4804 2779108
7 4805 3592621
7 4806 968232
7 4807 2797309
7 4808 971263
7 4809 2198259
7 4810 2796196
7 4811 2203149
7 4812 971104
7 4813 3607421
7 4814 968315
7 4815 2202677
7 4816 3596576
7 4817 2181257
7 4818 2766150
7 4819 3580008
7 4820 2768271
7 4821 2168045
7 4822 3582983
7 4823 2170808
7 4824 968394
7 4825 2799156
7 4826 968454
7 4827 3601194
7 4828 2775740
7 4829 3590808
7 4830 970945
7 4831 2800767
7 4832 965607
7 4833 1133611
7 4834 2801717
7 4835 1139590
7 4836 970778
7 4837 3607131
7 4838 970880
7 4839 1139046
7 4840 3605300
7 4841 1140518
7 4842 2771263
7 4843 3592653
7 4844 2792414
7 4845 1133818
7 4846 3600577
7 4847 1137347
7 4848 970944
7 4849 2797957
7 4850 970786
7 4851 2204498
7 4852 2802265
7 4853 2200849
7 4854 968232
7 4855 2768366
7 4856 970648
7 4857 1137257
7 4858 2771277
7 4859 1138640
7 4860 965303
7 4861 2194774
7 4862 965218
7 4863 1135186
7 4864 2194804
7 4865 1119248
7 4866 2791925
7 4867 2202353
7 4868 2787748
7 4869 1136154
7 4870 2192330
7 4871 1118697
7 4872 965536
7 4873 3585976
7 4874 968229
7 4875 2199948
7 4876 3577894
7 4877 2177567
7 4878 968385
7 4879 3585991
7 4880 965218
7 4881 1135503
7 4882 3593501
7 4883 1136847
7 4884 965150
7 4885 2195904
7 4886 962024
7 4887 1132144
7 4888 2193957
7 4889 1117355
7 4890 3540866
7 4891 2170092
7 4892 3549881
7 4893 1113032
7 4894 2170092
7 4895 1113044
7 4896 2709992
7 4897 3535344
7 4898 2711589
7 4899 2158315
7 4900 3545200
7 4901 2159920
7 4902 2712801
7 4903 3535527
7 4904 2734938
7 4905 1106335
7 4906 3544726
7 4907 1124184
7 4908 2735151
7 4909 2158125
7 4910 2710305
7 4911 1124127
7 4912 2154467
7 4913 1106751
7 4914 3515166
7 4915 2157261
7 4916 3531314
7 4917 1106545
7 4918 2156008
7 4919 1106892
7 4920 1272428
7 4921 2742164
7 4922 1277066
7 4923 3551363
7 4924 2745719
7 4925 3538103
7 4926 1277171
7 4927 2744975
7 4928 1295349
7 4929 2157984
7 4930 2746434
7 4931 2185997
7 4932 1295320
7 4933 3562482
7 4934 1277930
7 4935 2185837
7 4936 3551834
7 4937 2163455
7 4938 2744453
7 4939 3561747
7 4940 2742342
7 4941 2162216
7 4942 3551894
7 4943 2160520
7 4944 1277426
7 4945 2746261
7 4946 1277478
7 4947 3554274
7 4948 2745820
7 4949 3538096
7 4950 1282273
7 4951 2771973
7 4952 1294698
7 4953 1106387
7 4954 2768329
7 4955 1130088
7 4956 1297407
7 4957 3577393
7 4958 1298614
7 4959 1126698
7 4960 3561558
7 4961 1128550
7 4962 2745865
7 4963 3564146
7 4964 2769240
7 4965 1130404
7 4966 3572122
7 4967 1129181
7 4968 1282219
7 4969 2772133
7 4970 1296219
7 4971 2186188
7 4972 2775988
7 4973 2189376
7 4974 1277397
7 4975 2743895
7 4976 1297447
7 4977 1127326
7 4978 2747767
7 4979 1128495
7 4980 1292566
7 4981 2163450
7 4982 1291184
7 4983 1130375
7 4984 2154004
7 4985 1106801
7 4986 2766596
7 4987 2191241
7 4988 2763607
7 4989 1128495
7 4990 2185974
7 4991 1115681
7 4992 1292357
7 4993 3576138
7 4994 1295223
7 4995 2190330
7 4996 3560286
7 4997 2166734
7 4998 1292948
7 4999 3568747
7 5000 1291208
7 5001 1131395
7 5002 3575147
7 5003 1129604
7 5004 1294832
7 5005 2187933
7 5006 1274523
7 5007 1131057
7 5008 2185944
7 5009 1115677
7 5010 3514871
7 5011 2157111
7 5012 3531848
7 5013 1106535
7 5014 2155858
7 5015 1106883
7 5016 2710062
7 5017 3535479
7 5018 2711607
7 5019 2158402
7 5020 3545418
7 5021 2159945
7 5022 2712819
7 5023 3535657
7 5024 2735014
7 5025 1106417
7 5026 3544948
7 5027 1124196
7 5028 2735225
7 5029 2158214
7 5030 2710375
7 5031 1124139
7 5032 2154592
7 5033 1106833
7 5034 3515774
7 5035 2157352
7 5036 3531852
7 5037 1106626
7 5038 2156099
7 5039 1106973
