3 0 39916800
3 1 39916800
3 2 39916800
3 3 39916625
3 4 39914952
3 5 39915526
4 0 39543791
4 1 39798924
4 2 39501891
4 3 39895926
4 4 39832980
4 5 39895576
4 6 39474710
4 7 39734003
4 8 39701785
4 9 39471199
4 10 39773268
4 11 39648902
4 12 39083336
4 13 39475820
4 14 39016540
4 15 39033006
4 16 39391609
4 17 38946409
4 18 38833436
4 19 39155453
4 20 39021944
4 21 38114175
4 22 38979931
4 23 38206506
5 0 28501430
5 1 32592019
5 2 28433170
5 3 36157902
5 4 32701128
5 5 35586399
5 6 28356559
5 7 32411225
5 8 28999293
5 9 35025076
5 10 32687640
5 11 35292674
5 12 29053536
5 13 36464652
5 14 28131771
5 15 35222346
5 16 36327335
5 17 35076870
5 18 32954510
5 19 36575441
5 20 32762493
5 21 35007866
5 22 36301104
5 23 34946820
5 24 31676161
5 25 35389784
5 26 31629282
5 27 36554597
5 28 35477786
5 29 36362805
5 30 32365349
5 31 36241344
5 32 32936967
5 33 31686682
5 34 36225553
5 35 32726746
5 36 32822013
5 37 37181949
5 38 32975752
5 39 32412020
5 40 36769090
5 41 32657832
5 42 35819382
5 43 37260794
5 44 36335489
5 45 32814532
5 46 36992753
5 47 32966027
5 48 29331563
5 49 32547074
5 50 30080098
5 51 32886742
5 52 32841147
5 53 32887467
5 54 29288282
5 55 32436702
5 56 30589317
5 57 29035379
5 58 32718809
5 59 29043079
5 60 30623041
5 61 32578845
5 62 30448273
5 63 29373506
5 64 32140132
5 65 28607724
5 66 32790722
5 67 33123212
5 68 32897776
5 69 29367487
5 70 32773935
5 71 29335479
5 72 23702789
5 73 31240923
5 74 24100019
5 75 29807686
5 76 31005410
5 77 29596080
5 78 24126707
5 79 31263778
5 80 23810247
5 81 24847096
5 82 31445986
5 83 24742646
5 84 23883730
5 85 29583128
5 86 23268496
5 87 24848797
5 88 29378950
5 89 24401241
5 90 30289859
5 91 29324335
5 92 30932717
5 93 23998209
5 94 29077814
5 95 24057564
5 96 26224296
5 97 30287126
5 98 26337760
5 99 28559877
5 100 30402026
5 101 28599104
5 102 26409699
5 103 30316684
5 104 26722069
5 105 22914076
5 106 30323855
5 107 23651217
5 108 26755298
5 109 28531428
5 110 26308843
5 111 23640728
5 112 28262342
5 113 23003621
5 114 29693596
5 115 28469535
5 116 30039400
5 117 22982092
5 118 28340756
5 119 23044469
6 0 9398827
6 1 10951449
6 2 9395282
6 3 17082329
6 4 10998962
6 5 16671051
6 6 9392353
6 7 10929443
6 8 9567229
6 9 20266802
6 10 11044140
6 11 20302037
6 12 9567358
6 13 17082610
6 14 9389977
6 15 20304233
6 16 16831999
6 17 20252013
6 18 11057224
6 19 17064139
6 20 11056904
6 21 20221982
6 22 16847353
6 23 20012652
6 24 9378996
6 25 10909531
6 26 9374710
6 27 17039320
6 28 10959806
6 29 16598908
6 30 9622974
6 31 11208537
6 32 9755564
6 33 14691480
6 34 11334887
6 35 15027367
6 36 9706574
6 37 17643004
6 38 9758436
6 39 15043119
6 40 17639162
6 41 15164602
6 42 11225999
6 43 17213490
6 44 11376200
6 45 15129643
6 46 17624388
6 47 15087070
6 48 9622363
6 49 11219257
6 50 9700913
6 51 20921986
6 52 11341992
6 53 20741185
6 54 9360958
6 55 10767485
6 56 9738254
6 57 15040443
6 58 11081947
6 59 15058331
6 60 9698807
6 61 21181238
6 62 9686533
6 63 15187677
6 64 20854819
6 65 14820002
6 66 11347414
6 67 21241830
6 68 11209914
6 69 15137191
6 70 20955603
6 71 14950630
6 72 9736136
6 73 17641662
6 74 9744930
6 75 21196350
6 76 17463241
6 77 21158933
6 78 9725535
6 79 17286993
6 80 9671873
6 81 15167025
6 82 17427670
6 83 15146498
6 84 9720127
6 85 21095016
6 86 9352110
6 87 15016722
6 88 20945994
6 89 14919226
6 90 17286671
6 91 21024640
6 92 17252487
6 93 14791808
6 94 20902383
6 95 14780709
6 96 11182744
6 97 17434296
6 98 11240987
6 99 20992146
6 100 17419458
6 101 20842938
6 102 11200145
6 103 17379884
6 104 11327718
6 105 14800362
6 106 17332066
6 107 15164110
6 108 11341047
6 109 21157846
6 110 10960526
6 111 15137278
6 112 20875684
6 113 14796510
6 114 17289097
6 115 21020686
6 116 17108054
6 117 14767584
6 118 20783233
6 119 14601637
6 120 14065505
6 121 17438109
6 122 14055254
6 123 24382370
6 124 17486238
6 125 23932563
6 126 14048736
6 127 17404311
6 128 14246427
6 129 22802374
6 130 17494511
6 131 22984206
6 132 14254523
6 133 24472648
6 134 14029759
6 135 22974610
6 136 24116086
6 137 22808089
6 138 17509341
6 139 24485929
6 140 17503949
6 141 22766655
6 142 24112666
6 143 22739866
6 144 14182383
6 145 17657966
6 146 14176796
6 147 24643544
6 148 17686756
6 149 24336601
6 150 14235470
6 151 18117338
6 152 14256285
6 153 14269570
6 154 18187632
6 155 14645762
6 156 14499491
6 157 25019410
6 158 14366654
6 159 14626352
6 160 24635051
6 161 14800028
6 162 17912385
6 163 24766670
6 164 18262261
6 165 14789878
6 166 24553823
6 167 14718466
6 168 14268075
6 169 17996918
6 170 14490642
6 171 23548960
6 172 18332041
6 173 23547814
6 174 14284086
6 175 18059018
6 176 14325866
6 177 14539115
6 178 18050543
6 179 14560891
6 180 14477764
6 181 23396226
6 182 14432699
6 183 14728473
6 184 23148942
6 185 14580300
6 186 18279155
6 187 23790021
6 188 18296198
6 189 14739633
6 190 23420249
6 191 14830752
6 192 14495696
6 193 24959126
6 194 14411778
6 195 23706065
6 196 24594197
6 197 23568903
6 198 14595395
6 199 25065775
6 200 14447156
6 201 14838048
6 202 24884592
6 203 14812671
6 204 14510856
6 205 23704670
6 206 14300650
6 207 14672778
6 208 23490347
6 209 14799597
6 210 24302978
6 211 23477361
6 212 24576690
6 213 14695242
6 214 23505626
6 215 14686277
6 216 17770402
6 217 24765503
6 218 17745063
6 219 23372621
6 220 24585911
6 221 23314217
6 222 17946893
6 223 25116639
6 224 18261814
6 225 14671294
6 226 24920292
6 227 14886015
6 228 18279720
6 229 23686254
6 230 18176109
6 231 14868957
6 232 23370125
6 233 14703964
6 234 24356003
6 235 23503274
6 236 24561918
6 237 14725982
6 238 23477328
6 239 14644538
6 240 13048740
6 241 17385014
6 242 13046518
6 243 19825184
6 244 17397129
6 245 19632652
6 246 13376876
6 247 18040715
6 248 13919116
6 249 15691557
6 250 18098948
6 251 15909800
6 252 13729760
6 253 20433403
6 254 13889763
6 255 15791895
6 256 20334769
6 257 15876430
6 258 17625473
6 259 20447289
6 260 18114089
6 261 15881335
6 262 20371950
6 263 15863264
6 264 13044595
6 265 17380947
6 266 13042271
6 267 19806049
6 268 17396117
6 269 19597560
6 270 13438454
6 271 18259046
6 272 13802065
6 273 12836060
6 274 18156922
6 275 12961329
6 276 13769176
6 277 20505990
6 278 13774783
6 279 12844906
6 280 20184892
6 281 12982602
6 282 17606349
6 283 20225516
6 284 18185903
6 285 12992157
6 286 20149238
6 287 12944312
6 288 13494450
6 289 18336974
6 290 13975009
6 291 15821783
6 292 18433226
6 293 16046004
6 294 13461609
6 295 18259760
6 296 13988829
6 297 13114730
6 298 18280667
6 299 13184233
6 300 13888049
6 301 15408755
6 302 13870026
6 303 13072194
6 304 15163576
6 305 12720453
6 306 18338125
6 307 16217420
6 308 18330077
6 309 13461941
6 310 15826134
6 311 13077892
6 312 13900775
6 313 20551876
6 314 14097704
6 315 15994348
6 316 20470175
6 317 16043518
6 318 14035427
6 319 20662489
6 320 14016848
6 321 13202581
6 322 20669166
6 323 13204344
6 324 14115972
6 325 15924293
6 326 13979901
6 327 13338958
6 328 15662348
6 329 13014585
6 330 20057940
6 331 15903600
6 332 20283437
6 333 13051834
6 334 15777676
6 335 13063372
6 336 17650102
6 337 20619457
6 338 18317464
6 339 16178111
6 340 20828224
6 341 16223615
6 342 17737281
6 343 20645521
6 344 18387278
6 345 13263126
6 346 20724149
6 347 13350474
6 348 18433147
6 349 16131087
6 350 18312015
6 351 13478429
6 352 15889051
6 353 13100953
6 354 20333213
6 355 16180310
6 356 20481659
6 357 13310351
6 358 15985412
6 359 13153597
6 360 8195739
6 361 10056662
6 362 8518615
6 363 15038172
6 364 10290071
6 365 15000924
6 366 8336662
6 367 10279685
6 368 8675394
6 369 11326458
6 370 10377003
6 371 11411808
6 372 8528319
6 373 14969998
6 374 8585185
6 375 11415416
6 376 15046953
6 377 11277598
6 378 10152102
6 379 15125887
6 380 10400410
6 381 11411978
6 382 15047121
6 383 11280637
6 384 8341714
6 385 10293547
6 386 8547595
6 387 15063246
6 388 10375077
6 389 14939303
6 390 8254108
6 391 10132301
6 392 8590466
6 393 8140153
6 394 10215849
6 395 8185588
6 396 8685007
6 397 15277420
6 398 8547586
6 399 8231777
6 400 15200517
6 401 8277067
6 402 10422423
6 403 15215892
6 404 10279044
6 405 8259818
6 406 15163716
6 407 8249212
6 408 8254441
6 409 10146379
6 410 8567131
6 411 11323854
6 412 10267309
6 413 11293727
6 414 8160013
6 415 9906203
6 416 8523284
6 417 8145746
6 418 10002686
6 419 8144770
6 420 8518548
6 421 11279090
6 422 8498823
6 423 8260443
6 424 11217466
6 425 8038069
6 426 10218595
6 427 11384035
6 428 10149031
6 429 8255816
6 430 11216358
6 431 8037191
6 432 8438101
6 433 15043887
6 434 8616221
6 435 11430761
6 436 14801621
6 437 11217131
6 438 8594697
6 439 15158523
6 440 8489094
6 441 8234701
6 442 15236292
6 443 8211127
6 444 8508736
6 445 11323519
6 446 8374820
6 447 8231966
6 448 11277401
6 449 8112608
6 450 14484816
6 451 11088183
6 452 14880319
6 453 7955318
6 454 10979079
6 455 7959533
6 456 10087521
6 457 15141540
6 458 10366973
6 459 11408686
6 460 15044026
6 461 11366147
6 462 10371858
6 463 15182429
6 464 10222118
6 465 8225994
6 466 15229502
6 467 8311679
6 468 10235953
6 469 11345948
6 470 10101157
6 471 8325480
6 472 11268195
6 473 8113209
6 474 14651790
6 475 11234442
6 476 14993535
6 477 8077828
6 478 11156312
6 479 8078624
6 480 6266543
6 481 12448170
6 482 6312570
6 483 13915666
6 484 12362945
6 485 13885893
6 486 6309694
6 487 12432047
6 488 6363509
6 489 10043079
6 490 12469831
6 491 10080026
6 492 6360792
6 493 14001213
6 494 6309940
6 495 10083325
6 496 13984314
6 497 9939400
6 498 12255860
6 499 13850919
6 500 12298271
6 501 9820359
6 502 13906930
6 503 9843477
6 504 6310881
6 505 12469672
6 506 6311186
6 507 13947236
6 508 12345178
6 509 13863223
6 510 6344300
6 511 12460055
6 512 6283077
6 513 6806432
6 514 12498370
6 515 6877630
6 516 6348566
6 517 13993551
6 518 6351669
6 519 6869338
6 520 14009289
6 521 6895828
6 522 12355255
6 523 13944972
6 524 12455889
6 525 6814172
6 526 13999278
6 527 6855825
6 528 6348804
6 529 12425182
6 530 6341827
6 531 10088792
6 532 12515426
6 533 10055740
6 534 6295063
6 535 12242023
6 536 6336893
6 537 6849546
6 538 12299265
6 539 6866322
6 540 6265453
6 541 9994384
6 542 6261173
6 543 6820881
6 544 10004694
6 545 6708839
6 546 12420669
6 547 10082881
6 548 12398817
6 549 6844089
6 550 9974114
6 551 6700179
6 552 6284432
6 553 13857127
6 554 6320266
6 555 10052743
6 556 13826951
6 557 9902658
6 558 6318498
6 559 13871262
6 560 6271041
6 561 6827364
6 562 13964929
6 563 6849595
6 564 6277620
6 565 10010228
6 566 6182271
6 567 6780409
6 568 9998958
6 569 6684379
6 570 13537113
6 571 9825335
6 572 13671355
6 573 6637255
6 574 9821237
6 575 6638055
6 576 11991139
6 577 13604753
6 578 12029370
6 579 9741659
6 580 13698650
6 581 9760102
6 582 12047475
6 583 13604538
6 584 12160644
6 585 6576507
6 586 13696773
6 587 6726232
6 588 12162214
6 589 9737545
6 590 12025777
6 591 6725405
6 592 9696259
6 593 6581292
6 594 13452964
6 595 9727411
6 596 13632913
6 597 6580262
6 598 9714204
6 599 6584611
6 600 7775513
6 601 12202664
6 602 7824940
6 603 13680385
6 604 12255396
6 605 13617629
6 606 7830058
6 607 12221374
6 608 8015009
6 609 9733220
6 610 12274858
6 611 9945354
6 612 8019710
6 613 13789534
6 614 7832881
6 615 9940859
6 616 13762387
6 617 9799169
6 618 12238520
6 619 13802818
6 620 12240215
6 621 9789522
6 622 13765356
6 623 9766406
6 624 7833766
6 625 12246055
6 626 7832016
6 627 13715754
6 628 12260060
6 629 13616953
6 630 7908320
6 631 12390787
6 632 8026815
6 633 6575699
6 634 12391982
6 635 6786401
6 636 8045533
6 637 13893174
6 638 8066032
6 639 6748583
6 640 13799256
6 641 6778146
6 642 12302721
6 643 13831468
6 644 12425297
6 645 6796943
6 646 13897651
6 647 6781956
6 648 7910544
6 649 12393981
6 650 8032272
6 651 9925658
6 652 12467708
6 653 9975019
6 654 7836957
6 655 12228064
6 656 8058099
6 657 6758806
6 658 12303764
6 659 6770948
6 660 8007757
6 661 9788275
6 662 7989709
6 663 6795815
6 664 9685967
6 665 6579944
6 666 12348026
6 667 9996452
6 668 12356632
6 669 6773534
6 670 9941784
6 671 6687778
6 672 8012033
6 673 13886491
6 674 8032667
6 675 9984460
6 676 13779856
6 677 9823926
6 678 8017659
6 679 13865568
6 680 7984812
6 681 6806678
6 682 13935384
6 683 6785123
6 684 8018971
6 685 9961781
6 686 7797585
6 687 6800625
6 688 9940935
6 689 6687643
6 690 13441207
6 691 9722312
6 692 13629045
6 693 6577720
6 694 9708759
6 695 6582129
6 696 11991139
6 697 13604753
6 698 12029370
6 699 9741659
6 700 13698650
6 701 9760102
6 702 12047475
6 703 13604538
6 704 12160644
6 705 6576507
6 706 13696773
6 707 6726232
6 708 12162214
6 709 9737545
6 710 12025777
6 711 6725405
6 712 9696259
6 713 6581292
6 714 13452964
6 715 9727411
6 716 13632913
6 717 6580262
6 718 9714204
6 719 6584611
7 0 1465382
7 1 1573589
7 2 1465301
7 3 2514694
7 4 1576566
7 5 2488145
7 6 1465287
7 7 1573495
7 8 1473022
7 9 5105233
7 10 1580651
7 11 5104039
7 12 1473022
7 13 2513544
7 14 1465277
7 15 5104190
7 16 2492234
7 17 5098950
7 18 1578350
7 19 2512929
7 20 1580800
7 21 5096804
7 22 2492789
7 23 5045844
7 24 1465147
7 25 1573354
7 26 1465063
7 27 2513458
7 28 1576530
7 29 2485365
7 30 1476575
7 31 1592599
7 32 1478694
7 33 5063708
7 34 1599366
7 35 5085916
7 36 1480253
7 37 2541884
7 38 1480939
7 39 5086970
7 40 2521324
7 41 5104756
7 42 1591603
7 43 2515097
7 44 1602097
7 45 5103053
7 46 2523000
7 47 5089684
7 48 1476577
7 49 1592601
7 50 1480334
7 51 5162674
7 52 1599139
7 53 5120205
7 54 1465098
7 55 1573305
7 56 1481013
7 57 5087870
7 58 1588883
7 59 5088295
7 60 1478184
7 61 5172132
7 62 1477848
7 63 5106734
7 64 5094243
7 65 5068405
7 66 1597059
7 67 5160909
7 68 1596432
7 69 5104598
7 70 5101104
7 71 5088172
7 72 1478544
7 73 2541425
7 74 1480792
7 75 5200734
7 76 2522282
7 77 5195805
7 78 1480936
7 79 2516255
7 80 1477444
7 81 5105628
7 82 2518804
7 83 5103898
7 84 1478070
7 85 5166741
7 86 1465110
7 87 5088038
7 88 5101522
7 89 5087769
7 90 2497212
7 91 5133276
7 92 2497721
7 93 5066355
7 94 5094493
7 95 5067593
7 96 1583009
7 97 2520596
7 98 1587311
7 99 5162558
7 100 2521869
7 101 5115133
7 102 1587319
7 103 2519792
7 104 1596985
7 105 5065967
7 106 2512502
7 107 5103063
7 108 1596733
7 109 5157261
7 110 1585476
7 111 5102944
7 112 5081715
7 113 5067806
7 114 2498189
7 115 5127485
7 116 2492810
7 117 5066450
7 118 5083052
7 119 5053228
7 120 1464195
7 121 1572402
7 122 1464114
7 123 2512949
7 124 1575465
7 125 2485183
7 126 1464077
7 127 1572285
7 128 1472758
7 129 5104555
7 130 1580430
7 131 5102877
7 132 1472758
7 133 2511300
7 134 1464067
7 135 5102931
7 136 2490124
7 137 5097659
7 138 1578241
7 139 2510773
7 140 1580622
7 141 5095287
7 142 2490571
7 143 5038394
7 144 1493054
7 145 1602799
7 146 1493036
7 147 2548960
7 148 1604115
7 149 2530867
7 150 1501783
7 151 1620731
7 152 1503097
7 153 2355916
7 154 1628004
7 155 2403377
7 156 1512360
7 157 2580789
7 158 1507854
7 159 2405629
7 160 2559379
7 161 2412417
7 162 1620810
7 163 2560608
7 164 1631007
7 165 2409672
7 166 2558511
7 167 2410414
7 168 1498921
7 169 1616447
7 170 1508722
7 171 5284945
7 172 1626538
7 173 5273635
7 174 1501086
7 175 1619154
7 176 1507362
7 177 2405071
7 178 1627055
7 179 2406850
7 180 1510946
7 181 5340180
7 182 1510373
7 183 2416668
7 184 5303769
7 185 2406893
7 186 1630057
7 187 5369411
7 188 1632928
7 189 2416555
7 190 5312001
7 191 2415218
7 192 1508876
7 193 2562437
7 194 1503030
7 195 5308209
7 196 2550183
7 197 5308295
7 198 1516229
7 199 2568862
7 200 1510870
7 201 2420780
7 202 2567716
7 203 2417002
7 204 1513458
7 205 5344519
7 206 1501894
7 207 2412217
7 208 5313708
7 209 2415297
7 210 2531366
7 211 5330421
7 212 2554293
7 213 2412353
7 214 5317190
7 215 2412168
7 216 1614846
7 217 2549509
7 218 1615242
7 219 5274648
7 220 2540697
7 221 5206313
7 222 1624073
7 223 2574888
7 224 1632464
7 225 2408849
7 226 2561997
7 227 2420595
7 228 1633620
7 229 5371056
7 230 1631184
7 231 2422377
7 232 5311100
7 233 2411898
7 234 2536753
7 235 5319723
7 236 2543971
7 237 2412421
7 238 5302986
7 239 2402000
7 240 1492980
7 241 1602673
7 242 1492960
7 243 2548383
7 244 1604029
7 245 2530728
7 246 1498588
7 247 1613608
7 248 1508618
7 249 5224759
7 250 1623557
7 251 5231075
7 252 1508258
7 253 2571474
7 254 1502729
7 255 5230638
7 256 2550878
7 257 5237875
7 258 1618594
7 259 2564671
7 260 1624271
7 261 5237369
7 262 2550426
7 263 5217133
7 264 1463627
7 265 1571438
7 266 1463516
7 267 2503354
7 268 1575680
7 269 2464024
7 270 1501200
7 271 1618210
7 272 1507491
7 273 2400289
7 274 1627337
7 275 2411969
7 276 1505757
7 277 2562963
7 278 1507235
7 279 2406624
7 280 2550930
7 281 2414624
7 282 1615619
7 283 2519473
7 284 1630248
7 285 2414667
7 286 2548168
7 287 2408859
7 288 1499908
7 289 1613502
7 290 1513776
7 291 5276512
7 292 1632820
7 293 5278991
7 294 1499307
7 295 1615597
7 296 1512928
7 297 2425106
7 298 1630642
7 299 2428337
7 300 1506507
7 301 5264873
7 302 1506813
7 303 2422972
7 304 5226506
7 305 2373361
7 306 1628352
7 307 5311641
7 308 1632601
7 309 2435882
7 310 5260936
7 311 2384254
7 312 1513503
7 313 2573576
7 314 1512815
7 315 5308816
7 316 2580061
7 317 5321627
7 318 1512062
7 319 2567117
7 320 1509775
7 321 2429307
7 322 2563870
7 323 2434300
7 324 1511049
7 325 5296704
7 326 1508407
7 327 2429630
7 328 5261125
7 329 2383753
7 330 2553545
7 331 5315761
7 332 2556873
7 333 2422923
7 334 5281291
7 335 2387057
7 336 1623426
7 337 2574870
7 338 1633733
7 339 5310768
7 340 2572831
7 341 5290950
7 342 1619724
7 343 2558758
7 344 1637269
7 345 2431207
7 346 2514136
7 347 2434141
7 348 1633694
7 349 5322384
7 350 1632460
7 351 2438718
7 352 5277799
7 353 2387130
7 354 2561348
7 355 5315954
7 356 2554275
7 357 2428471
7 358 5262421
7 359 2380385
7 360 1501938
7 361 1619369
7 362 1512848
7 363 5296848
7 364 1631025
7 365 5274178
7 366 1501300
7 367 1618776
7 368 1516566
7 369 5260812
7 370 1633764
7 371 5267119
7 372 1511071
7 373 5331912
7 374 1513450
7 375 5281565
7 376 5263559
7 377 5251535
7 378 1629165
7 379 5332301
7 380 1632344
7 381 5283123
7 382 5264421
7 383 5253801
7 384 1501395
7 385 1616833
7 386 1505977
7 387 5274402
7 388 1625411
7 389 5223905
7 390 1497537
7 391 1612144
7 392 1514494
7 393 2420742
7 394 1628324
7 395 2428629
7 396 1512205
7 397 5356673
7 398 1509485
7 399 2428419
7 400 5348771
7 401 2431368
7 402 1634403
7 403 5321934
7 404 1631473
7 405 2430703
7 406 5340647
7 407 2426052
7 408 1499100
7 409 1618080
7 410 1511872
7 411 5255609
7 412 1631184
7 413 5254110
7 414 1463569
7 415 1568696
7 416 1503071
7 417 2408534
7 418 1608563
7 419 2408704
7 420 1510989
7 421 5289391
7 422 1505783
7 423 2429080
7 424 5261291
7 425 2383576
7 426 1632458
7 427 5307045
7 428 1621930
7 429 2429475
7 430 5261689
7 431 2383543
7 432 1506681
7 433 5333805
7 434 1511002
7 435 5299028
7 436 5295109
7 437 5275023
7 438 1511162
7 439 5333872
7 440 1503006
7 441 2428336
7 442 5341163
7 443 2427656
7 444 1508132
7 445 5294458
7 446 1499639
7 447 2430323
7 448 5290385
7 449 2389158
7 450 5249522
7 451 5252188
7 452 5257979
7 453 2377060
7 454 5253215
7 455 2377012
7 456 1627518
7 457 5378716
7 458 1632168
7 459 5320450
7 460 5342342
7 461 5305299
7 462 1631681
7 463 5371152
7 464 1627247
7 465 2431048
7 466 5321447
7 467 2429030
7 468 1632429
7 469 5318783
7 470 1619962
7 471 2436654
7 472 5286471
7 473 2385868
7 474 5264779
7 475 5272094
7 476 5267332
7 477 2382637
7 478 5272542
7 479 2379343
7 480 1503142
7 481 2571048
7 482 1507953
7 483 5332371
7 484 2558259
7 485 5330686
7 486 1507513
7 487 2569590
7 488 1511132
7 489 5270496
7 490 2571438
7 491 5287858
7 492 1511031
7 493 5335269
7 494 1502218
7 495 5272159
7 496 5299154
7 497 5267886
7 498 2550454
7 499 5295227
7 500 2553120
7 501 5245002
7 502 5292907
7 503 5248024
7 504 1507633
7 505 2567472
7 506 1507452
7 507 5330937
7 508 2549214
7 509 5321920
7 510 1514668
7 511 2568026
7 512 1508906
7 513 2426596
7 514 2573236
7 515 2436796
7 516 1510113
7 517 5352488
7 518 1510066
7 519 2436115
7 520 5386847
7 521 2440302
7 522 2554033
7 523 5345459
7 524 2571753
7 525 2430771
7 526 5387904
7 527 2437133
7 528 1512466
7 529 2566466
7 530 1509334
7 531 5312885
7 532 2573636
7 533 5302587
7 534 1503189
7 535 2504075
7 536 1513323
7 537 2432644
7 538 2527979
7 539 2436621
7 540 1503125
7 541 5294551
7 542 1502234
7 543 2426702
7 544 5291471
7 545 2391800
7 546 2575223
7 547 5313981
7 548 2557468
7 549 2428039
7 550 5286733
7 551 2388125
7 552 1506741
7 553 5335419
7 554 1508052
7 555 5294734
7 556 5301327
7 557 5282814
7 558 1506136
7 559 5310237
7 560 1501803
7 561 2427563
7 562 5334893
7 563 2427557
7 564 1499662
7 565 5255130
7 566 1463699
7 567 2401975
7 568 5259784
7 569 2379548
7 570 5264559
7 571 5271928
7 572 5263021
7 573 2382625
7 574 5269165
7 575 2376508
7 576 2524576
7 577 5282800
7 578 2529335
7 579 5258321
7 580 5287609
7 581 5254225
7 582 2529932
7 583 5282012
7 584 2544258
7 585 2377594
7 586 5300256
7 587 2421517
7 588 2550320
7 589 5273242
7 590 2509448
7 591 2421884
7 592 5248858
7 593 2376205
7 594 5258092
7 595 5264906
7 596 5257263
7 597 2377614
7 598 5249079
7 599 2370388
7 600 1607455
7 601 2544695
7 602 1613440
7 603 5284102
7 604 2550228
7 605 5238961
7 606 1613276
7 607 2547593
7 608 1627813
7 609 5229502
7 610 2548077
7 611 5260744
7 612 1627716
7 613 5289142
7 614 1613739
7 615 5260737
7 616 5247479
7 617 5237235
7 618 2549951
7 619 5281744
7 620 2545609
7 621 5235406
7 622 5248128
7 623 5222539
7 624 1613036
7 625 2548994
7 626 1613501
7 627 5286517
7 628 2549290
7 629 5235466
7 630 1622248
7 631 2576043
7 632 1630229
7 633 2376540
7 634 2569619
7 635 2428471
7 636 1632221
7 637 5368142
7 638 1633008
7 639 2426028
7 640 5347855
7 641 2429138
7 642 2550012
7 643 5290533
7 644 2568769
7 645 2429300
7 646 5351039
7 647 2424832
7 648 1621374
7 649 2574435
7 650 1628434
7 651 5299513
7 652 2574072
7 653 5297292
7 654 1612330
7 655 2531044
7 656 1632900
7 657 2427799
7 658 2540456
7 659 2428888
7 660 1623313
7 661 5290782
7 662 1627580
7 663 2430537
7 664 5251615
7 665 2379942
7 666 2564595
7 667 5307479
7 668 2554008
7 669 2422115
7 670 5287679
7 671 2388121
7 672 1627491
7 673 5373833
7 674 1631485
7 675 5316868
7 676 5329536
7 677 5294454
7 678 1627413
7 679 5320375
7 680 1623468
7 681 2427131
7 682 5328505
7 683 2422341
7 684 1629168
7 685 5302839
7 686 1602326
7 687 2426848
7 688 5288936
7 689 2389438
7 690 5253821
7 691 5263874
7 692 5257719
7 693 2373558
7 694 5249162
7 695 2372850
7 696 2524966
7 697 5280988
7 698 2527244
7 699 5258977
7 700 5283435
7 701 5252794
7 702 2524540
7 703 5278692
7 704 2543640
7 705 2377357
7 706 5279368
7 707 2418646
7 708 2539465
7 709 5266015
7 710 2481744
7 711 2416065
7 712 5249591
7 713 2374471
7 714 5244755
7 715 5250108
7 716 5223704
7 717 2368371
7 718 5215083
7 719 2338717
7 720 3128385
7 721 3235920
7 722 3128054
7 723 6272857
7 724 3248545
7 725 6162714
7 726 3127967
7 727 3235505
7 728 3153814
7 729 9790689
7 730 3261187
7 731 9785699
7 732 3153816
7 733 6265661
7 734 3127930
7 735 9785391
7 736 6175212
7 737 9779901
7 738 3251825
7 739 6264433
7 740 3261922
7 741 9775913
7 742 6176105
7 743 9692324
7 744 3127056
7 745 3232956
7 746 3126683
7 747 6269394
7 748 3245828
7 749 6155814
7 750 3155040
7 751 3266155
7 752 3161584
7 753 6455344
7 754 3293563
7 755 6549275
7 756 3165911
7 757 6396691
7 758 3171078
7 759 6561762
7 760 6328596
7 761 6594518
7 762 3282685
7 763 6287716
7 764 3303826
7 765 6580849
7 766 6335238
7 767 6576373
7 768 3155153
7 769 3267951
7 770 3167314
7 771 9913844
7 772 3292596
7 773 9837309
7 774 3126704
7 775 3224852
7 776 3168888
7 777 6567133
7 778 3267145
7 779 6567927
7 780 3159744
7 781 9937974
7 782 3156458
7 783 6584932
7 784 9774376
7 785 6463301
7 786 3284250
7 787 9934777
7 788 3282352
7 789 6576227
7 790 9785795
7 791 6501728
7 792 3159440
7 793 6391199
7 794 3168987
7 795 9990270
7 796 6304550
7 797 9985777
7 798 3167686
7 799 6285474
7 800 3157644
7 801 6577839
7 802 6299632
7 803 6571065
7 804 3159587
7 805 9927786
7 806 3126879
7 807 6559815
7 808 9785594
7 809 6499799
7 810 6210920
7 811 9860361
7 812 6208895
7 813 6455338
7 814 9780625
7 815 6460567
7 816 3252417
7 817 6290948
7 818 3267017
7 819 9916881
7 820 6302436
7 821 9843698
7 822 3263057
7 823 6292427
7 824 3282683
7 825 6454758
7 826 6282406
7 827 6571994
7 828 3284289
7 829 9930352
7 830 3248655
7 831 6570512
7 832 9777379
7 833 6461381
7 834 6211341
7 835 9859677
7 836 6197403
7 837 6454099
7 838 9771269
7 839 6447283
7 840 3136092
7 841 3243627
7 842 3135761
7 843 6284099
7 844 3255682
7 845 6180503
7 846 3135839
7 847 3243377
7 848 3155614
7 849 9795756
7 850 3262702
7 851 9794087
7 852 3155616
7 853 6279648
7 854 3135802
7 855 9794652
7 856 6187596
7 857 9789105
7 858 3252560
7 859 6277147
7 860 3263152
7 861 9786806
7 862 6189882
7 863 9740996
7 864 3138584
7 865 3248144
7 866 3138468
7 867 6328258
7 868 3253729
7 869 6273071
7 870 3138871
7 871 3258717
7 872 3138037
7 873 3144508
7 874 3272405
7 875 3166451
7 876 3163433
7 877 6392746
7 878 3145888
7 879 3166373
7 880 6331570
7 881 3180531
7 882 3271835
7 883 6342080
7 884 3285425
7 885 3180224
7 886 6310623
7 887 3167158
7 888 3160627
7 889 3277964
7 890 3180810
7 891 9872769
7 892 3300569
7 893 9863958
7 894 3146684
7 895 3266467
7 896 3145865
7 897 3165058
7 898 3273373
7 899 3165512
7 900 3175005
7 901 9873417
7 902 3164796
7 903 3190974
7 904 9798413
7 905 3181506
7 906 3301072
7 907 9919463
7 908 3301574
7 909 3192505
7 910 9801136
7 911 3193762
7 912 3174812
7 913 6356181
7 914 3164757
7 915 9927356
7 916 6276901
7 917 9923153
7 918 3182167
7 919 6389751
7 920 3164473
7 921 3192714
7 922 6378918
7 923 3193216
7 924 3169122
7 925 9877079
7 926 3146594
7 927 3167021
7 928 9801364
7 929 3193775
7 930 6216593
7 931 9864435
7 932 6299811
7 933 3182692
7 934 9802753
7 935 3182246
7 936 3271010
7 937 6305838
7 938 3275324
7 939 9868378
7 940 6256349
7 941 9817842
7 942 3281968
7 943 6397321
7 944 3291681
7 945 3182612
7 946 6386104
7 947 3194260
7 948 3300573
7 949 9927027
7 950 3293665
7 951 3194637
7 952 9802930
7 953 3181548
7 954 6220938
7 955 9840477
7 956 6289190
7 957 3182404
7 958 9777109
7 959 3166425
7 960 3142262
7 961 3247396
7 962 3142062
7 963 6322231
7 964 3254012
7 965 6252444
7 966 3172736
7 967 3285706
7 968 3188977
7 969 6641981
7 970 3314249
7 971 6671009
7 972 3188845
7 973 6475866
7 974 3189417
7 975 6679216
7 976 6403346
7 977 6684130
7 978 3299065
7 979 6444017
7 980 3319212
7 981 6680364
7 982 6407047
7 983 6669356
7 984 3142690
7 985 3248891
7 986 3142487
7 987 6325697
7 988 3255229
7 989 6258664
7 990 3144864
7 991 3260604
7 992 3144737
7 993 3159282
7 994 3269783
7 995 3165592
7 996 3160762
7 997 6385263
7 998 3144880
7 999 3159443
7 1000 6326104
7 1001 3180382
7 1002 3266814
7 1003 6317291
7 1004 3282819
7 1005 3180398
7 1006 6304486
7 1007 3166123
7 1008 3168473
7 1009 3285196
7 1010 3181529
7 1011 6644465
7 1012 3314680
7 1013 6664169
7 1014 3164667
7 1015 3279160
7 1016 3171925
7 1017 3189649
7 1018 3285029
7 1019 3192993
7 1020 3172562
7 1021 6553319
7 1022 3169904
7 1023 3193841
7 1024 6535509
7 1025 3178317
7 1026 3315351
7 1027 6677624
7 1028 3313716
7 1029 3223260
7 1030 6637747
7 1031 3198743
7 1032 3190663
7 1033 6478046
7 1034 3200341
7 1035 6711468
7 1036 6452776
7 1037 6721560
7 1038 3197540
7 1039 6462430
7 1040 3175601
7 1041 3198368
7 1042 6449281
7 1043 3214090
7 1044 3185338
7 1045 6673779
7 1046 3180372
7 1047 3209840
7 1048 6650332
7 1049 3197806
7 1050 6389696
7 1051 6701885
7 1052 6386200
7 1053 3207036
7 1054 6688744
7 1055 3209842
7 1056 3301315
7 1057 6445671
7 1058 3324710
7 1059 6709549
7 1060 6466885
7 1061 6705429
7 1062 3302709
7 1063 6444619
7 1064 3311218
7 1065 3215770
7 1066 6387451
7 1067 3206455
7 1068 3327366
7 1069 6695179
7 1070 3319782
7 1071 3235730
7 1072 6674169
7 1073 3209922
7 1074 6401793
7 1075 6706804
7 1076 6391459
7 1077 3220625
7 1078 6670053
7 1079 3196665
7 1080 3171264
7 1081 3283288
7 1082 3193298
7 1083 9958369
7 1084 3311821
7 1085 9914774
7 1086 3154839
7 1087 3260810
7 1088 3192607
7 1089 6673696
7 1090 3291595
7 1091 6688386
7 1092 3185155
7 1093 10013194
7 1094 3183494
7 1095 6698054
7 1096 9858977
7 1097 6585558
7 1098 3306052
7 1099 10034113
7 1100 3306341
7 1101 6691553
7 1102 9866353
7 1103 6593964
7 1104 3179419
7 1105 3292509
7 1106 3194178
7 1107 9958171
7 1108 3313870
7 1109 9913950
7 1110 3164989
7 1111 3280584
7 1112 3172617
7 1113 3191808
7 1114 3291558
7 1115 3193405
7 1116 3195417
7 1117 10003703
7 1118 3177668
7 1119 3203805
7 1120 9937684
7 1121 3218347
7 1122 3315927
7 1123 9972451
7 1124 3316051
7 1125 3218848
7 1126 9916586
7 1127 3206298
7 1128 3170636
7 1129 3287248
7 1130 3192910
7 1131 6689512
7 1132 3314099
7 1133 6684754
7 1134 3143701
7 1135 3245011
7 1136 3145089
7 1137 3164433
7 1138 3250058
7 1139 3164424
7 1140 3185787
7 1141 6672131
7 1142 3178660
7 1143 3206421
7 1144 6668004
7 1145 3197196
7 1146 3314223
7 1147 6701428
7 1148 3303214
7 1149 3207833
7 1150 6668904
7 1151 3197174
7 1152 3179827
7 1153 9994527
7 1154 3179647
7 1155 6702481
7 1156 9864332
7 1157 6589126
7 1158 3189271
7 1159 9987794
7 1160 3168986
7 1161 3197732
7 1162 9965876
7 1163 3212643
7 1164 3182637
7 1165 6708734
7 1166 3165882
7 1167 3194684
7 1168 6703046
7 1169 3207775
7 1170 9795843
7 1171 6572759
7 1172 9841937
7 1173 3183452
7 1174 6629651
7 1175 3182672
7 1176 3305863
7 1177 10056867
7 1178 3307160
7 1179 6711643
7 1180 9924303
7 1181 6627513
7 1182 3317170
7 1183 10061000
7 1184 3307133
7 1185 3212406
7 1186 9994965
7 1187 3222996
7 1188 3324187
7 1189 6733943
7 1190 3298357
7 1191 3218437
7 1192 6699386
7 1193 3205151
7 1194 9803492
7 1195 6597873
7 1196 9851779
7 1197 3198186
7 1198 6663202
7 1199 3195543
7 1200 3175051
7 1201 6424964
7 1202 3180797
7 1203 10050563
7 1204 6347598
7 1205 10048296
7 1206 3178099
7 1207 6388331
7 1208 3178473
7 1209 6673682
7 1210 6378720
7 1211 6691708
7 1212 3176321
7 1213 10020356
7 1214 3155566
7 1215 6674714
7 1216 9918630
7 1217 6601954
7 1218 6292200
7 1219 9945466
7 1220 6290065
7 1221 6564187
7 1222 9914933
7 1223 6565427
7 1224 3185402
7 1225 6434993
7 1226 3188714
7 1227 10062895
7 1228 6351879
7 1229 10055848
7 1230 3188991
7 1231 6456330
7 1232 3168321
7 1233 3198024
7 1234 6458744
7 1235 3221601
7 1236 3195285
7 1237 10045211
7 1238 3179273
7 1239 3207765
7 1240 10017440
7 1241 3233137
7 1242 6348856
7 1243 10039527
7 1244 6419603
7 1245 3210493
7 1246 10017302
7 1247 3221439
7 1248 3198193
7 1249 6430050
7 1250 3194420
7 1251 6728789
7 1252 6461340
7 1253 6723559
7 1254 3186302
7 1255 6391411
7 1256 3177856
7 1257 3206188
7 1258 6381354
7 1259 3207562
7 1260 3182172
7 1261 6694317
7 1262 3167507
7 1263 3196418
7 1264 6692333
7 1265 3211290
7 1266 6460660
7 1267 6722936
7 1268 6438404
7 1269 3221718
7 1270 6676620
7 1271 3208633
7 1272 3181704
7 1273 9994108
7 1274 3176988
7 1275 6696653
7 1276 9871607
7 1277 6608833
7 1278 3186137
7 1279 9977561
7 1280 3169072
7 1281 3198359
7 1282 9953619
7 1283 3222494
7 1284 3175377
7 1285 6684022
7 1286 3143286
7 1287 3165965
7 1288 6674583
7 1289 3195049
7 1290 9803171
7 1291 6597964
7 1292 9849694
7 1293 3198178
7 1294 6662222
7 1295 3193513
7 1296 6245665
7 1297 9904891
7 1298 6244747
7 1299 6564271
7 1300 9866052
7 1301 6563542
7 1302 6256005
7 1303 9942925
7 1304 6324619
7 1305 3183948
7 1306 9921206
7 1307 3200905
7 1308 6343579
7 1309 6645776
7 1310 6312022
7 1311 3200383
7 1312 6623814
7 1313 3183919
7 1314 9801227
7 1315 6581265
7 1316 9842133
7 1317 3185926
7 1318 6629527
7 1319 3178525
7 1320 3267724
7 1321 6312645
7 1322 3276111
7 1323 9949018
7 1324 6317091
7 1325 9874702
7 1326 3271969
7 1327 6310388
7 1328 3294420
7 1329 6547347
7 1330 6316817
7 1331 6648853
7 1332 3294961
7 1333 9965766
7 1334 3258889
7 1335 6645876
7 1336 9858800
7 1337 6549675
7 1338 6275588
7 1339 9927004
7 1340 6264294
7 1341 6539748
7 1342 9849729
7 1343 6533272
7 1344 3279653
7 1345 6333256
7 1346 3285115
7 1347 9966347
7 1348 6334761
7 1349 9921412
7 1350 3286288
7 1351 6419979
7 1352 3292029
7 1353 3180561
7 1354 6405461
7 1355 3199208
7 1356 3310502
7 1357 10027659
7 1358 3298583
7 1359 3197895
7 1360 9948228
7 1361 3209646
7 1362 6342144
7 1363 9968345
7 1364 6419757
7 1365 3209762
7 1366 9933015
7 1367 3196770
7 1368 3295970
7 1369 6426614
7 1370 3314255
7 1371 6675769
7 1372 6457790
7 1373 6705642
7 1374 3281957
7 1375 6404589
7 1376 3292242
7 1377 3197857
7 1378 6403222
7 1379 3198239
7 1380 3313445
7 1381 6642751
7 1382 3297505
7 1383 3213690
7 1384 6607636
7 1385 3186269
7 1386 6456410
7 1387 6715437
7 1388 6429180
7 1389 3208825
7 1390 6685418
7 1391 3208364
7 1392 3308500
7 1393 10047181
7 1394 3300929
7 1395 6706686
7 1396 9920621
7 1397 6608443
7 1398 3311648
7 1399 10037891
7 1400 3299098
7 1401 3213413
7 1402 9993676
7 1403 3211097
7 1404 3309223
7 1405 6710557
7 1406 3267736
7 1407 3196094
7 1408 6696045
7 1409 3208771
7 1410 9800699
7 1411 6580583
7 1412 9843726
7 1413 3183788
7 1414 6628408
7 1415 3180326
7 1416 6248109
7 1417 9905260
7 1418 6245699
7 1419 6565406
7 1420 9866600
7 1421 6563851
7 1422 6254511
7 1423 9942594
7 1424 6323699
7 1425 3184089
7 1426 9920971
7 1427 3199883
7 1428 6341171
7 1429 6643469
7 1430 6298783
7 1431 3197600
7 1432 6622998
7 1433 3182850
7 1434 9798071
7 1435 6574352
7 1436 9831103
7 1437 3182361
7 1438 6615236
7 1439 3163381
7 1440 3472251
7 1441 4605777
7 1442 3471065
7 1443 7926959
7 1444 4615108
7 1445 7814071
7 1446 3472199
7 1447 4605725
7 1448 3496599
7 1449 7480524
7 1450 4617692
7 1451 7528989
7 1452 3496599
7 1453 7925185
7 1454 3472199
7 1455 7529038
7 1456 7816627
7 1457 7478598
7 1458 4608823
7 1459 7925157
7 1460 4617794
7 1461 7469920
7 1462 7816605
7 1463 7458858
7 1464 3501376
7 1465 4666217
7 1466 3501142
7 1467 8008002
7 1468 4669439
7 1469 7961200
7 1470 3534204
7 1471 4832761
7 1472 3534641
7 1473 3944500
7 1474 4827827
7 1475 3990341
7 1476 3579988
7 1477 8158539
7 1478 3541002
7 1479 3980681
7 1480 8017617
7 1481 4009170
7 1482 4732583
7 1483 8121529
7 1484 4838052
7 1485 4008734
7 1486 8010165
7 1487 3992926
7 1488 3530335
7 1489 4798490
7 1490 3553522
7 1491 7736360
7 1492 4822515
7 1493 7732908
7 1494 3533857
7 1495 4830503
7 1496 3539623
7 1497 3971567
7 1498 4824223
7 1499 3961806
7 1500 3561545
7 1501 7788218
7 1502 3543450
7 1503 4005637
7 1504 7733990
7 1505 3969423
7 1506 4823730
7 1507 7848517
7 1508 4842140
7 1509 4006204
7 1510 7754870
7 1511 4000364
7 1512 3557872
7 1513 8099097
7 1514 3558669
7 1515 7799201
7 1516 7994398
7 1517 7748910
7 1518 3583946
7 1519 8132854
7 1520 3543870
7 1521 4011114
7 1522 8080174
7 1523 4007050
7 1524 3562105
7 1525 7812734
7 1526 3536199
7 1527 3988575
7 1528 7767991
7 1529 3997217
7 1530 7863849
7 1531 7734825
7 1532 7976989
7 1533 3976857
7 1534 7763963
7 1535 3977463
7 1536 4676889
7 1537 8007213
7 1538 4681446
7 1539 7682682
7 1540 7991237
7 1541 7664539
7 1542 4728811
7 1543 8145265
7 1544 4827510
7 1545 3974584
7 1546 8078815
7 1547 4014065
7 1548 4818194
7 1549 7840492
7 1550 4827434
7 1551 4012586
7 1552 7754540
7 1553 3976460
7 1554 7866813
7 1555 7734366
7 1556 7973819
7 1557 3977599
7 1558 7759134
7 1559 3973141
7 1560 3472149
7 1561 4605675
7 1562 3470963
7 1563 7926857
7 1564 4615006
7 1565 7813969
7 1566 3472097
7 1567 4605623
7 1568 3496599
7 1569 7480218
7 1570 4617692
7 1571 7528483
7 1572 3496599
7 1573 7925185
7 1574 3472097
7 1575 7528479
7 1576 7816627
7 1577 7478043
7 1578 4608823
7 1579 7925157
7 1580 4617794
7 1581 7469263
7 1582 7816605
7 1583 7455435
7 1584 3503861
7 1585 4670600
7 1586 3503673
7 1587 8019402
7 1588 4672743
7 1589 7987989
7 1590 3510899
7 1591 4814428
7 1592 3506931
7 1593 3499994
7 1594 4802782
7 1595 3510928
7 1596 3559115
7 1597 8145301
7 1598 3511405
7 1599 3507503
7 1600 7998537
7 1601 3532269
7 1602 4711827
7 1603 8128535
7 1604 4813834
7 1605 3532386
7 1606 7991273
7 1607 3511073
7 1608 3532473
7 1609 4802501
7 1610 3557923
7 1611 7686480
7 1612 4828506
7 1613 7687456
7 1614 3510770
7 1615 4811710
7 1616 3506834
7 1617 3504928
7 1618 4796860
7 1619 3500976
7 1620 3545365
7 1621 7701729
7 1622 3518044
7 1623 3533024
7 1624 7633423
7 1625 3510958
7 1626 4810333
7 1627 7761711
7 1628 4821383
7 1629 3533233
7 1630 7647327
7 1631 3534389
7 1632 3543644
7 1633 8090663
7 1634 3538709
7 1635 7712968
7 1636 7986997
7 1637 7663539
7 1638 3565695
7 1639 8144460
7 1640 3518225
7 1641 3533661
7 1642 8082372
7 1643 3534088
7 1644 3541337
7 1645 7711038
7 1646 3511871
7 1647 3508635
7 1648 7645123
7 1649 3532325
7 1650 7845927
7 1651 7613185
7 1652 7983015
7 1653 3512754
7 1654 7637501
7 1655 3512792
7 1656 4663180
7 1657 7995096
7 1658 4664036
7 1659 7590035
7 1660 7970135
7 1661 7568540
7 1662 4712199
7 1663 8155250
7 1664 4806906
7 1665 3512286
7 1666 8085993
7 1667 3535278
7 1668 4801242
7 1669 7750886
7 1670 4806304
7 1671 3535283
7 1672 7636117
7 1673 3511506
7 1674 7848342
7 1675 7608789
7 1676 7980613
7 1677 3512567
7 1678 7631434
7 1679 3509800
7 1680 3507496
7 1681 4681723
7 1682 3507415
7 1683 8029946
7 1684 4683768
7 1685 8002476
7 1686 3536766
7 1687 4842662
7 1688 3562685
7 1689 3983590
7 1690 4862066
7 1691 4017718
7 1692 3584733
7 1693 8179937
7 1694 3567473
7 1695 4016582
7 1696 8040110
7 1697 4022594
7 1698 4749353
7 1699 8162668
7 1700 4863974
7 1701 4022720
7 1702 8041507
7 1703 4020928
7 1704 3506396
7 1705 4679035
7 1706 3506294
7 1707 8027346
7 1708 4681161
7 1709 7994922
7 1710 3536007
7 1711 4843648
7 1712 3538243
7 1713 3533637
7 1714 4837795
7 1715 3540249
7 1716 3565162
7 1717 8173095
7 1718 3540921
7 1719 3537772
7 1720 8029935
7 1721 3545343
7 1722 4725106
7 1723 8136807
7 1724 4841367
7 1725 3546528
7 1726 8027014
7 1727 3540437
7 1728 3512970
7 1729 4850937
7 1730 3538385
7 1731 3974859
7 1732 4879216
7 1733 4014878
7 1734 3512912
7 1735 4849427
7 1736 3537276
7 1737 3539324
7 1738 4853761
7 1739 3545244
7 1740 3507876
7 1741 3909064
7 1742 3507874
7 1743 3530849
7 1744 3877391
7 1745 3493937
7 1746 4866638
7 1747 4050845
7 1748 4868115
7 1749 3593253
7 1750 3989606
7 1751 3531414
7 1752 3594870
7 1753 8180679
7 1754 3594896
7 1755 4070830
7 1756 8149743
7 1757 4080460
7 1758 3598536
7 1759 8180235
7 1760 3588796
7 1761 3609454
7 1762 8148733
7 1763 3614683
7 1764 3542112
7 1765 4024251
7 1766 3541954
7 1767 3569617
7 1768 3989932
7 1769 3532182
7 1770 8006314
7 1771 4057082
7 1772 8006558
7 1773 3595094
7 1774 4020603
7 1775 3557617
7 1776 4754059
7 1777 8198880
7 1778 4892432
7 1779 4070749
7 1780 8170717
7 1781 4072599
7 1782 4756374
7 1783 8199736
7 1784 4890762
7 1785 3602985
7 1786 8158647
7 1787 3601056
7 1788 4876825
7 1789 4069450
7 1790 4873372
7 1791 3617385
7 1792 4016695
7 1793 3555445
7 1794 8022224
7 1795 4071058
7 1796 8021885
7 1797 3602569
7 1798 4011197
7 1799 3538130
7 1800 3539168
7 1801 4845361
7 1802 3581495
7 1803 7788913
7 1804 4877480
7 1805 7773944
7 1806 3562330
7 1807 4865590
7 1808 3591361
7 1809 4016363
7 1810 4891514
7 1811 4041244
7 1812 3569120
7 1813 7771622
7 1814 3590522
7 1815 4038914
7 1816 7801153
7 1817 4032927
7 1818 4859172
7 1819 7844977
7 1820 4891253
7 1821 4042813
7 1822 7809423
7 1823 4044124
7 1824 3560738
7 1825 4865184
7 1826 3585210
7 1827 7801055
7 1828 4879452
7 1829 7784263
7 1830 3538710
7 1831 4858880
7 1832 3558278
7 1833 3556726
7 1834 4875571
7 1835 3564920
7 1836 3595383
7 1837 7883131
7 1838 3562330
7 1839 3578785
7 1840 7825926
7 1841 3588046
7 1842 4884698
7 1843 7867118
7 1844 4884041
7 1845 3586578
7 1846 7825440
7 1847 3590607
7 1848 3542854
7 1849 4877626
7 1850 3571113
7 1851 4027396
7 1852 4892600
7 1853 4020677
7 1854 3540525
7 1855 4857168
7 1856 3565637
7 1857 3567751
7 1858 4859369
7 1859 3567824
7 1860 3540793
7 1861 3983918
7 1862 3540673
7 1863 3566379
7 1864 3971541
7 1865 3532444
7 1866 4874804
7 1867 4047589
7 1868 4869730
7 1869 3598293
7 1870 3971740
7 1871 3533439
7 1872 3543464
7 1873 7799538
7 1874 3569644
7 1875 4032495
7 1876 7707712
7 1877 4006149
7 1878 3567767
7 1879 7832844
7 1880 3541155
7 1881 3571559
7 1882 7832812
7 1883 3562329
7 1884 3544026
7 1885 4016265
7 1886 3541778
7 1887 3571904
7 1888 3991333
7 1889 3555082
7 1890 7629163
7 1891 3972678
7 1892 7729853
7 1893 3529032
7 1894 3955622
7 1895 3530496
7 1896 4830772
7 1897 7885186
7 1898 4871940
7 1899 4047532
7 1900 7854692
7 1901 4070883
7 1902 4858458
7 1903 7908117
7 1904 4869021
7 1905 3585228
7 1906 7916522
7 1907 3616137
7 1908 4879486
7 1909 4040058
7 1910 4861702
7 1911 3616485
7 1912 3998320
7 1913 3555752
7 1914 7710645
7 1915 4023606
7 1916 7771208
7 1917 3562826
7 1918 4013283
7 1919 3559355
7 1920 3566044
7 1921 8135429
7 1922 3570604
7 1923 7845562
7 1924 8032391
7 1925 7798702
7 1926 3594119
7 1927 8187499
7 1928 3579059
7 1929 4058191
7 1930 8182711
7 1931 4077680
7 1932 3596586
7 1933 7902459
7 1934 3578626
7 1935 4058495
7 1936 7904445
7 1937 4065854
7 1938 7999122
7 1939 7803065
7 1940 8140884
7 1941 4042341
7 1942 7920241
7 1943 4045944
7 1944 3572956
7 1945 8144883
7 1946 3571678
7 1947 7850390
7 1948 8033421
7 1949 7799314
7 1950 3596309
7 1951 8193287
7 1952 3566901
7 1953 3590948
7 1954 8187315
7 1955 3613493
7 1956 3596621
7 1957 7902385
7 1958 3571191
7 1959 3591553
7 1960 7890068
7 1961 3612875
7 1962 8009283
7 1963 7799009
7 1964 8151512
7 1965 3589681
7 1966 7881616
7 1967 3592334
7 1968 3598591
7 1969 8199940
7 1970 3595592
7 1971 4082646
7 1972 8187369
7 1973 4078820
7 1974 3598333
7 1975 8177897
7 1976 3592342
7 1977 3615152
7 1978 8159706
7 1979 3617675
7 1980 3544745
7 1981 4034446
7 1982 3544581
7 1983 3575408
7 1984 4022837
7 1985 3560353
7 1986 8133873
7 1987 4076760
7 1988 8130196
7 1989 3616267
7 1990 4013354
7 1991 3556301
7 1992 3571645
7 1993 7852163
7 1994 3576121
7 1995 4060103
7 1996 7830049
7 1997 4051137
7 1998 3579963
7 1999 7862255
7 2000 3566186
7 2001 3593800
7 2002 7865244
7 2003 3600472
7 2004 3547108
7 2005 4034897
7 2006 3545733
7 2007 3573716
7 2008 4004682
7 2009 3540277
7 2010 7737672
7 2011 4019368
7 2012 7780018
7 2013 3565743
7 2014 4010400
7 2015 3558959
7 2016 7854340
7 2017 7747630
7 2018 7996536
7 2019 4020938
7 2020 7855827
7 2021 4022263
7 2022 7864160
7 2023 7750005
7 2024 8008999
7 2025 3564648
7 2026 7839881
7 2027 3571369
7 2028 8025118
7 2029 4043224
7 2030 8003928
7 2031 3594714
7 2032 3990988
7 2033 3537234
7 2034 7775366
7 2035 4019968
7 2036 7790786
7 2037 3565394
7 2038 3992612
7 2039 3537764
7 2040 4686142
7 2041 8021719
7 2042 4691046
7 2043 7710142
7 2044 8022347
7 2045 7692421
7 2046 4743083
7 2047 8169285
7 2048 4866893
7 2049 4023174
7 2050 8148511
7 2051 4045315
7 2052 4854656
7 2053 7876800
7 2054 4865146
7 2055 4042560
7 2056 7841427
7 2057 4029722
7 2058 8015426
7 2059 7800501
7 2060 8128781
7 2061 4029922
7 2062 7857998
7 2063 4026459
7 2064 4693339
7 2065 8028468
7 2066 4692957
7 2067 7712155
7 2068 8023173
7 2069 7693424
7 2070 4746072
7 2071 8194604
7 2072 4861752
7 2073 3562157
7 2074 8165637
7 2075 3574702
7 2076 4856322
7 2077 7882582
7 2078 4860809
7 2079 3571536
7 2080 7825944
7 2081 3572258
7 2082 8016426
7 2083 7774958
7 2084 8153517
7 2085 3572948
7 2086 7822872
7 2087 3570985
7 2088 4752963
7 2089 8212561
7 2090 4886198
7 2091 4061650
7 2092 8205600
7 2093 4071315
7 2094 4750861
7 2095 8190960
7 2096 4887240
7 2097 3595253
7 2098 8178997
7 2099 3601620
7 2100 4866456
7 2101 4045072
7 2102 4864704
7 2103 3599725
7 2104 3985581
7 2105 3533525
7 2106 8138253
7 2107 4084853
7 2108 8134478
7 2109 3619345
7 2110 4028552
7 2111 3559709
7 2112 4856879
7 2113 7922182
7 2114 4880768
7 2115 4084612
7 2116 7853752
7 2117 4071385
7 2118 4866210
7 2119 7932587
7 2120 4873165
7 2121 3615870
7 2122 7922864
7 2123 3614364
7 2124 4870186
7 2125 4064705
7 2126 4861491
7 2127 3605212
7 2128 4028649
7 2129 3562231
7 2130 7735397
7 2131 4023466
7 2132 7778664
7 2133 3563259
7 2134 3993955
7 2135 3536755
7 2136 7870173
7 2137 7755032
7 2138 8004777
7 2139 4032469
7 2140 7850387
7 2141 4032079
7 2142 7874636
7 2143 7755314
7 2144 8025206
7 2145 3572134
7 2146 7846168
7 2147 3577545
7 2148 8031028
7 2149 4052921
7 2150 8008473
7 2151 3598638
7 2152 3997242
7 2153 3537935
7 2154 7770563
7 2155 4024678
7 2156 7784737
7 2157 3567106
7 2158 3994939
7 2159 3536746
7 2160 1803650
7 2161 2520397
7 2162 1803544
7 2163 3308489
7 2164 2521198
7 2165 3291803
7 2166 1853010
7 2167 2619516
7 2168 1895236
7 2169 3624388
7 2170 2615702
7 2171 3642998
7 2172 1889269
7 2173 3434321
7 2174 1894257
7 2175 3644099
7 2176 3398592
7 2177 3639592
7 2178 2556655
7 2179 3410201
7 2180 2617069
7 2181 3636588
7 2182 3398585
7 2183 3635073
7 2184 1826782
7 2185 2543525
7 2186 1826672
7 2187 3379095
7 2188 2544599
7 2189 3359749
7 2190 1864369
7 2191 2646094
7 2192 1901565
7 2193 2211468
7 2194 2636401
7 2195 2226295
7 2196 1898737
7 2197 3464504
7 2198 1902148
7 2199 2222688
7 2200 3417043
7 2201 2226919
7 2202 2567189
7 2203 3429419
7 2204 2638641
7 2205 2226975
7 2206 3418224
7 2207 2225616
7 2208 1840328
7 2209 2623608
7 2210 1892006
7 2211 3666605
7 2212 2638743
7 2213 3675400
7 2214 1859070
7 2215 2626587
7 2216 1915223
7 2217 2239463
7 2218 2636196
7 2219 2243629
7 2220 1896873
7 2221 3674324
7 2222 1902534
7 2223 2250961
7 2224 3669613
7 2225 2208515
7 2226 2634823
7 2227 3706938
7 2228 2637152
7 2229 2264522
7 2230 3685414
7 2231 2214601
7 2232 1874047
7 2233 3405479
7 2234 1910272
7 2235 3683181
7 2236 3390943
7 2237 3676283
7 2238 1898602
7 2239 3459621
7 2240 1914587
7 2241 2254653
7 2242 3467534
7 2243 2251326
7 2244 1898876
7 2245 3684649
7 2246 1899932
7 2247 2250277
7 2248 3682174
7 2249 2210667
7 2250 3376039
7 2251 3692289
7 2252 3408840
7 2253 2244444
7 2254 3677252
7 2255 2211200
7 2256 2546302
7 2257 3394924
7 2258 2631214
7 2259 3684137
7 2260 3437015
7 2261 3685785
7 2262 2566298
7 2263 3436405
7 2264 2651386
7 2265 2243921
7 2266 3460495
7 2267 2251043
7 2268 2633826
7 2269 3697118
7 2270 2623415
7 2271 2262908
7 2272 3676301
7 2273 2211148
7 2274 3376642
7 2275 3692921
7 2276 3408363
7 2277 2245919
7 2278 3672602
7 2279 2209176
7 2280 1827029
7 2281 2543772
7 2282 1826923
7 2283 3380514
7 2284 2544651
7 2285 3362382
7 2286 1856521
7 2287 2623386
7 2288 1898031
7 2289 3635954
7 2290 2617771
7 2291 3648537
7 2292 1895126
7 2293 3456174
7 2294 1892582
7 2295 3644978
7 2296 3402793
7 2297 3638167
7 2298 2563309
7 2299 3431441
7 2300 2616383
7 2301 3639248
7 2302 3402288
7 2303 3629167
7 2304 1807116
7 2305 2528527
7 2306 1807099
7 2307 3314028
7 2308 2529156
7 2309 3303292
7 2310 1841363
7 2311 2632178
7 2312 1876180
7 2313 1730575
7 2314 2618171
7 2315 1732987
7 2316 1878299
7 2317 3398651
7 2318 1876589
7 2319 1732317
7 2320 3350624
7 2321 1735681
7 2322 2548871
7 2323 3371697
7 2324 2619401
7 2325 1735499
7 2326 3350377
7 2327 1732762
7 2328 1865213
7 2329 2647913
7 2330 1918873
7 2331 3689681
7 2332 2657520
7 2333 3691785
7 2334 1840725
7 2335 2626856
7 2336 1891535
7 2337 1751130
7 2338 2627866
7 2339 1751474
7 2340 1905469
7 2341 3676758
7 2342 1895757
7 2343 1775077
7 2344 3654867
7 2345 1757991
7 2346 2640375
7 2347 3710408
7 2348 2637021
7 2349 1787716
7 2350 3670123
7 2351 1761974
7 2352 1901885
7 2353 3466582
7 2354 1917225
7 2355 3697273
7 2356 3465677
7 2357 3700978
7 2358 1896009
7 2359 3424143
7 2360 1894319
7 2361 1767499
7 2362 3428642
7 2363 1769085
7 2364 1904963
7 2365 3677937
7 2366 1894854
7 2367 1771519
7 2368 3655940
7 2369 1758869
7 2370 3408325
7 2371 3690163
7 2372 3405288
7 2373 1773063
7 2374 3674966
7 2375 1759891
7 2376 2568743
7 2377 3439627
7 2378 2637714
7 2379 3688480
7 2380 3462473
7 2381 3679735
7 2382 2565733
7 2383 3415566
7 2384 2642958
7 2385 1768562
7 2386 3432930
7 2387 1771998
7 2388 2641408
7 2389 3707902
7 2390 2634961
7 2391 1787230
7 2392 3676127
7 2393 1759891
7 2394 3410853
7 2395 3689561
7 2396 3403503
7 2397 1774186
7 2398 3670415
7 2399 1756822
7 2400 1807084
7 2401 2528495
7 2402 1807065
7 2403 3313767
7 2404 2529204
7 2405 3303466
7 2406 1842792
7 2407 2628076
7 2408 1883778
7 2409 2206049
7 2410 2618637
7 2411 2210916
7 2412 1878984
7 2413 3399405
7 2414 1880972
7 2415 2207356
7 2416 3352442
7 2417 2209706
7 2418 2551423
7 2419 3376410
7 2420 2618454
7 2421 2209790
7 2422 3350050
7 2423 2205658
7 2424 1802076
7 2425 2518827
7 2426 1801946
7 2427 3299393
7 2428 2520918
7 2429 3272217
7 2430 1839359
7 2431 2625169
7 2432 1875023
7 2433 1730342
7 2434 2613969
7 2435 1731546
7 2436 1873424
7 2437 3386246
7 2438 1874663
7 2439 1730481
7 2440 3341285
7 2441 1735468
7 2442 2541452
7 2443 3340087
7 2444 2616065
7 2445 1735471
7 2446 3339182
7 2447 1730822
7 2448 1838260
7 2449 2624170
7 2450 1894138
7 2451 2226258
7 2452 2634947
7 2453 2230589
7 2454 1837855
7 2455 2622251
7 2456 1893813
7 2457 1754445
7 2458 2626500
7 2459 1754949
7 2460 1874358
7 2461 2215884
7 2462 1874172
7 2463 1755822
7 2464 2193629
7 2465 1726352
7 2466 2614730
7 2467 2245192
7 2468 2615464
7 2469 1771981
7 2470 2206587
7 2471 1729594
7 2472 1876885
7 2473 3395803
7 2474 1897279
7 2475 2238077
7 2476 3404127
7 2477 2243812
7 2478 1880233
7 2479 3392335
7 2480 1893470
7 2481 1767298
7 2482 3396924
7 2483 1771641
7 2484 1874692
7 2485 2217825
7 2486 1872074
7 2487 1755482
7 2488 2195185
7 2489 1726229
7 2490 3344272
7 2491 2232275
7 2492 3344749
7 2493 1759470
7 2494 2208376
7 2495 1733179
7 2496 2548078
7 2497 3377132
7 2498 2636194
7 2499 2235399
7 2500 3405216
7 2501 2231848
7 2502 2549777
7 2503 3372415
7 2504 2633345
7 2505 1761524
7 2506 3372343
7 2507 1757475
7 2508 2618544
7 2509 2245459
7 2510 2613988
7 2511 1775436
7 2512 2209122
7 2513 1733314
7 2514 3344254
7 2515 2230822
7 2516 3344914
7 2517 1759170
7 2518 2203910
7 2519 1729501
7 2520 1834883
7 2521 2610817
7 2522 1910745
7 2523 3663308
7 2524 2641506
7 2525 3667138
7 2526 1861244
7 2527 2637121
7 2528 1921099
7 2529 2244265
7 2530 2649058
7 2531 2249540
7 2532 1892305
7 2533 3615839
7 2534 1914711
7 2535 2254114
7 2536 3670133
7 2537 2227844
7 2538 2631459
7 2539 3692443
7 2540 2649461
7 2541 2268497
7 2542 3681347
7 2543 2232673
7 2544 1860797
7 2545 2634017
7 2546 1913593
7 2547 3664465
7 2548 2643308
7 2549 3664767
7 2550 1836624
7 2551 2623262
7 2552 1891670
7 2553 1751885
7 2554 2628395
7 2555 1752510
7 2556 1918457
7 2557 3687626
7 2558 1891599
7 2559 1771466
7 2560 3682702
7 2561 1774729
7 2562 2648636
7 2563 3707503
7 2564 2643003
7 2565 1786889
7 2566 3693381
7 2567 1776362
7 2568 1837264
7 2569 2624834
7 2570 1896492
7 2571 2228106
7 2572 2636433
7 2573 2227526
7 2574 1831561
7 2575 2598997
7 2576 1888304
7 2577 1750773
7 2578 2606209
7 2579 1750894
7 2580 1889954
7 2581 2231536
7 2582 1888533
7 2583 1770970
7 2584 2218737
7 2585 1747381
7 2586 2631747
7 2587 2247495
7 2588 2625293
7 2589 1774165
7 2590 2224822
7 2591 1749150
7 2592 1869370
7 2593 3640054
7 2594 1896372
7 2595 2239112
7 2596 3591704
7 2597 2212649
7 2598 1896137
7 2599 3653463
7 2600 1869419
7 2601 1751700
7 2602 3668923
7 2603 1753605
7 2604 1871692
7 2605 2218598
7 2606 1865850
7 2607 1751627
7 2608 2212623
7 2609 1746624
7 2610 3542897
7 2611 2187984
7 2612 3616891
7 2613 1721920
7 2614 2166780
7 2615 1721999
7 2616 2610722
7 2617 3686849
7 2618 2630713
7 2619 2263405
7 2620 3680751
7 2621 2247140
7 2622 2630326
7 2623 3692683
7 2624 2625154
7 2625 1783522
7 2626 3713437
7 2627 1788974
7 2628 2626245
7 2629 2255185
7 2630 2609155
7 2631 1787924
7 2632 2250221
7 2633 1776518
7 2634 3610860
7 2635 2209610
7 2636 3652175
7 2637 1744411
7 2638 2199162
7 2639 1744418
7 2640 1870618
7 2641 3387019
7 2642 1903944
7 2643 3668468
7 2644 3429853
7 2645 3684132
7 2646 1897537
7 2647 3448465
7 2648 1919878
7 2649 2250670
7 2650 3464019
7 2651 2263163
7 2652 1912434
7 2653 3681766
7 2654 1911527
7 2655 2265646
7 2656 3688575
7 2657 2241352
7 2658 3382761
7 2659 3676394
7 2660 3458669
7 2661 2250815
7 2662 3694651
7 2663 2241493
7 2664 1897381
7 2665 3448914
7 2666 1905928
7 2667 3685246
7 2668 3456017
7 2669 3675455
7 2670 1893140
7 2671 3415553
7 2672 1892736
7 2673 1766352
7 2674 3424377
7 2675 1780405
7 2676 1919758
7 2677 3692757
7 2678 1909876
7 2679 1786107
7 2680 3692158
7 2681 1789070
7 2682 3463606
7 2683 3701417
7 2684 3434417
7 2685 1772208
7 2686 3693659
7 2687 1789141
7 2688 1891083
7 2689 3416762
7 2690 1909969
7 2691 2255680
7 2692 3433007
7 2693 2252275
7 2694 1888148
7 2695 3398063
7 2696 1907379
7 2697 1782869
7 2698 3411079
7 2699 1784436
7 2700 1888060
7 2701 2233301
7 2702 1887571
7 2703 1770804
7 2704 2227758
7 2705 1759110
7 2706 3422840
7 2707 2258007
7 2708 3419345
7 2709 1789650
7 2710 2228281
7 2711 1760342
7 2712 1889098
7 2713 3670414
7 2714 1903429
7 2715 2252701
7 2716 3651028
7 2717 2229338
7 2718 1902727
7 2719 3677734
7 2720 1889444
7 2721 1771378
7 2722 3696988
7 2723 1775507
7 2724 1890136
7 2725 2241154
7 2726 1876135
7 2727 1768934
7 2728 2237579
7 2729 1764432
7 2730 3598021
7 2731 2203426
7 2732 3645773
7 2733 1742637
7 2734 2193821
7 2735 1742645
7 2736 3327067
7 2737 3647871
7 2738 3397713
7 2739 2232401
7 2740 3659520
7 2741 2227475
7 2742 3397878
7 2743 3648488
7 2744 3374975
7 2745 1751826
7 2746 3677340
7 2747 1773925
7 2748 3375123
7 2749 2227231
7 2750 3360649
7 2751 1772128
7 2752 2211448
7 2753 1746960
7 2754 3612024
7 2755 2206003
7 2756 3656682
7 2757 1746406
7 2758 2198026
7 2759 1746414
7 2760 2543359
7 2761 3390407
7 2762 2632156
7 2763 3666140
7 2764 3454488
7 2765 3673198
7 2766 2564167
7 2767 3434398
7 2768 2654745
7 2769 2245015
7 2770 3462902
7 2771 2251289
7 2772 2649186
7 2773 3694805
7 2774 2641509
7 2775 2268112
7 2776 3692142
7 2777 2234625
7 2778 3426057
7 2779 3701264
7 2780 3466601
7 2781 2265788
7 2782 3693725
7 2783 2233775
7 2784 2565296
7 2785 3435659
7 2786 2634715
7 2787 3676652
7 2788 3465878
7 2789 3669689
7 2790 2562826
7 2791 3414031
7 2792 2641710
7 2793 1768287
7 2794 3436302
7 2795 1773712
7 2796 2656058
7 2797 3713386
7 2798 2650290
7 2799 1790835
7 2800 3696306
7 2801 1781369
7 2802 3467935
7 2803 3706414
7 2804 3448538
7 2805 1792842
7 2806 3700572
7 2807 1781335
7 2808 2560195
7 2809 3413315
7 2810 2649856
7 2811 2249434
7 2812 3444359
7 2813 2247530
7 2814 2555129
7 2815 3394176
7 2816 2647519
7 2817 1776855
7 2818 3426063
7 2819 1774229
7 2820 2635639
7 2821 2257238
7 2822 2633718
7 2823 1793774
7 2824 2232699
7 2825 1762922
7 2826 3428826
7 2827 2263576
7 2828 3425565
7 2829 1790727
7 2830 2240130
7 2831 1765134
7 2832 2623786
7 2833 3697079
7 2834 2638792
7 2835 2265930
7 2836 3675542
7 2837 2247309
7 2838 2636111
7 2839 3700776
7 2840 2629452
7 2841 1788269
7 2842 3719687
7 2843 1788121
7 2844 2630664
7 2845 2256896
7 2846 2608224
7 2847 1788775
7 2848 2252265
7 2849 1779118
7 2850 3620545
7 2851 2210428
7 2852 3661345
7 2853 1747154
7 2854 2201496
7 2855 1747162
7 2856 3355328
7 2857 3669748
7 2858 3404706
7 2859 2247120
7 2860 3678688
7 2861 2234389
7 2862 3405433
7 2863 3668126
7 2864 3390566
7 2865 1770028
7 2866 3695512
7 2867 1780302
7 2868 3390272
7 2869 2244025
7 2870 3375087
7 2871 1780197
7 2872 2235033
7 2873 1764598
7 2874 3624220
7 2875 2210313
7 2876 3659573
7 2877 1749175
7 2878 2204045
7 2879 1749180
7 2880 962361
7 2881 1080587
7 2882 970831
7 2883 3456278
7 2884 1088704
7 2885 3452079
7 2886 965434
7 2887 1083658
7 2888 974241
7 2889 2913020
7 2890 1091948
7 2891 2918599
7 2892 971920
7 2893 3482579
7 2894 972032
7 2895 2926302
7 2896 3444818
7 2897 2897028
7 2898 1089377
7 2899 3481639
7 2900 1090184
7 2901 2923480
7 2902 3444884
7 2903 2897123
7 2904 965288
7 2905 1083561
7 2906 971051
7 2907 3457515
7 2908 1089383
7 2909 3448879
7 2910 968298
7 2911 1088384
7 2912 974734
7 2913 1472717
7 2914 1094362
7 2915 1476141
7 2916 976922
7 2917 3497352
7 2918 977090
7 2919 1479765
7 2920 3479327
7 2921 1475737
7 2922 1095204
7 2923 3485267
7 2924 1097533
7 2925 1480664
7 2926 3478098
7 2927 1475299
7 2928 968144
7 2929 1088279
7 2930 976805
7 2931 2942905
7 2932 1096587
7 2933 2943276
7 2934 965327
7 2935 1083600
7 2936 974706
7 2937 1475466
7 2938 1092239
7 2939 1475733
7 2940 974788
7 2941 2948179
7 2942 974491
7 2943 1481768
7 2944 2942608
7 2945 1455127
7 2946 1094749
7 2947 2954023
7 2948 1094309
7 2949 1481878
7 2950 2946553
7 2951 1456090
7 2952 968592
7 2953 3483123
7 2954 971735
7 2955 2944251
7 2956 3460459
7 2957 2917955
7 2958 971960
7 2959 3485373
7 2960 971705
7 2961 1479371
7 2962 3488503
7 2963 1476210
7 2964 972009
7 2965 2950551
7 2966 971078
7 2967 1479651
7 2968 2950440
7 2969 1457733
7 2970 3434968
7 2971 2918236
7 2972 3439163
7 2973 1449067
7 2974 2920329
7 2975 1449301
7 2976 1086245
7 2977 3486123
7 2978 1089676
7 2979 2942340
7 2980 3468420
7 2981 2926386
7 2982 1089752
7 2983 3486397
7 2984 1092107
7 2985 1477032
7 2986 3487502
7 2987 1478491
7 2988 1092230
7 2989 2949718
7 2990 1089919
7 2991 1480060
7 2992 2947730
7 2993 1457466
7 2994 3435200
7 2995 2918985
7 2996 3438968
7 2997 1449410
7 2998 2921667
7 2999 1448880
7 3000 965446
7 3001 1083460
7 3002 971353
7 3003 3458847
7 3004 1089126
7 3005 3453557
7 3006 965497
7 3007 1083511
7 3008 974522
7 3009 2917316
7 3010 1091968
7 3011 2921226
7 3012 971992
7 3013 3483330
7 3014 971506
7 3015 2925689
7 3016 3444371
7 3017 2896266
7 3018 1089338
7 3019 3483198
7 3020 1089530
7 3021 2923614
7 3022 3444263
7 3023 2895719
7 3024 967988
7 3025 1086054
7 3026 971299
7 3027 3456850
7 3028 1089251
7 3029 3448720
7 3030 962672
7 3031 1082702
7 3032 968315
7 3033 995583
7 3034 1087992
7 3035 996079
7 3036 975228
7 3037 3487119
7 3038 973794
7 3039 1003473
7 3040 3466948
7 3041 1002337
7 3042 1093006
7 3043 3480419
7 3044 1094182
7 3045 1004353
7 3046 3465782
7 3047 1001701
7 3048 967809
7 3049 1087691
7 3050 976634
7 3051 2940796
7 3052 1096208
7 3053 2941052
7 3054 967909
7 3055 1087840
7 3056 971263
7 3057 998374
7 3058 1090747
7 3059 998474
7 3060 976882
7 3061 2944314
7 3062 976504
7 3063 1006627
7 3064 2940009
7 3065 1003165
7 3066 1096637
7 3067 2952171
7 3068 1096746
7 3069 1006942
7 3070 2945721
7 3071 1003572
7 3072 974651
7 3073 3495589
7 3074 974427
7 3075 2947615
7 3076 3471489
7 3077 2924689
7 3078 976882
7 3079 3495669
7 3080 971245
7 3081 1001807
7 3082 3491354
7 3083 1004091
7 3084 976553
7 3085 2952019
7 3086 973854
7 3087 1004009
7 3088 2948627
7 3089 1005794
7 3090 3454200
7 3091 2923971
7 3092 3468117
7 3093 1000504
7 3094 2946366
7 3095 1001031
7 3096 1092286
7 3097 3498696
7 3098 1092499
7 3099 2948423
7 3100 3471206
7 3101 2926448
7 3102 1094758
7 3103 3497215
7 3104 1093148
7 3105 1002144
7 3106 3492003
7 3107 1006998
7 3108 1096917
7 3109 2954369
7 3110 1094596
7 3111 1005259
7 3112 2951412
7 3113 1005606
7 3114 3454604
7 3115 2924501
7 3116 3467064
7 3117 1000628
7 3118 2947216
7 3119 1000559
7 3120 967989
7 3121 1086417
7 3122 971076
7 3123 3455969
7 3124 1089726
7 3125 3444873
7 3126 967819
7 3127 1086101
7 3128 976802
7 3129 1474114
7 3130 1093486
7 3131 1477221
7 3132 977172
7 3133 3496149
7 3134 974081
7 3135 1478854
7 3136 3476817
7 3137 1475332
7 3138 1095353
7 3139 3485400
7 3140 1094395
7 3141 1479354
7 3142 3473895
7 3143 1472104
7 3144 965239
7 3145 1081315
7 3146 967815
7 3147 3449954
7 3148 1085758
7 3149 3427227
7 3150 967666
7 3151 1085703
7 3152 971104
7 3153 997642
7 3154 1089624
7 3155 998559
7 3156 971832
7 3157 3482455
7 3158 971671
7 3159 1001197
7 3160 3462970
7 3161 1001710
7 3162 1089683
7 3163 3457169
7 3164 1092591
7 3165 1004271
7 3166 3458555
7 3167 998774
7 3168 962335
7 3169 1080480
7 3170 971398
7 3171 1473080
7 3172 1090195
7 3173 1474002
7 3174 962252
7 3175 1080378
7 3176 968232
7 3177 995684
7 3178 1084582
7 3179 995745
7 3180 968239
7 3181 1473638
7 3182 968239
7 3183 1001075
7 3184 1470971
7 3185 991106
7 3186 1087383
7 3187 1479013
7 3188 1088010
7 3189 1001853
7 3190 1475269
7 3191 991539
7 3192 974253
7 3193 3485382
7 3194 974251
7 3195 1480855
7 3196 3487527
7 3197 1480462
7 3198 974421
7 3199 3485047
7 3200 973388
7 3201 1004213
7 3202 3488362
7 3203 1007222
7 3204 968148
7 3205 1477044
7 3206 967822
7 3207 1000991
7 3208 1474830
7 3209 993739
7 3210 3457035
7 3211 1477790
7 3212 3458023
7 3213 1002863
7 3214 1476039
7 3215 996374
7 3216 1092332
7 3217 3482353
7 3218 1094212
7 3219 1481994
7 3220 3485586
7 3221 1478206
7 3222 1091896
7 3223 3481001
7 3224 1093942
7 3225 1006552
7 3226 3466572
7 3227 1004624
7 3228 1092070
7 3229 1479968
7 3230 1090022
7 3231 1006762
7 3232 1476166
7 3233 996513
7 3234 3456278
7 3235 1477623
7 3236 3457061
7 3237 1002654
7 3238 1473798
7 3239 993975
7 3240 962598
7 3241 1082845
7 3242 972129
7 3243 2915193
7 3244 1091702
7 3245 2915095
7 3246 965264
7 3247 1085511
7 3248 974252
7 3249 1473684
7 3250 1093751
7 3251 1474361
7 3252 971730
7 3253 2935432
7 3254 972443
7 3255 1479389
7 3256 2938650
7 3257 1453690
7 3258 1091793
7 3259 2942968
7 3260 1092353
7 3261 1479846
7 3262 2936920
7 3263 1452987
7 3264 965426
7 3265 1085206
7 3266 971682
7 3267 2913694
7 3268 1091123
7 3269 2913536
7 3270 962252
7 3271 1082179
7 3272 968396
7 3273 995838
7 3274 1087802
7 3275 995924
7 3276 974421
7 3277 2942670
7 3278 973549
7 3279 1003908
7 3280 2941044
7 3281 1001129
7 3282 1094166
7 3283 2943835
7 3284 1093703
7 3285 1004627
7 3286 2940837
7 3287 1000609
7 3288 962176
7 3289 1082721
7 3290 971160
7 3291 1472804
7 3292 1091197
7 3293 1472407
7 3294 958809
7 3295 1067058
7 3296 964975
7 3297 992480
7 3298 1072490
7 3299 992479
7 3300 965844
7 3301 1473932
7 3302 965668
7 3303 998442
7 3304 1471452
7 3305 988524
7 3306 1086936
7 3307 1477171
7 3308 1082023
7 3309 998532
7 3310 1471498
7 3311 988519
7 3312 965329
7 3313 2916190
7 3314 966331
7 3315 1474480
7 3316 2925756
7 3317 1452387
7 3318 966326
7 3319 2917577
7 3320 965378
7 3321 998764
7 3322 2940713
7 3323 1000112
7 3324 965402
7 3325 1474121
7 3326 965134
7 3327 998610
7 3328 1475310
7 3329 993915
7 3330 2896788
7 3331 1445854
7 3332 2906483
7 3333 987041
7 3334 1445650
7 3335 987048
7 3336 1086570
7 3337 2923585
7 3338 1087323
7 3339 1477064
7 3340 2935438
7 3341 1455578
7 3342 1087136
7 3343 2924293
7 3344 1086714
7 3345 1001971
7 3346 2945154
7 3347 1002803
7 3348 1087166
7 3349 1476837
7 3350 1082639
7 3351 1001897
7 3352 1475245
7 3353 994116
7 3354 2897167
7 3355 1445954
7 3356 2906350
7 3357 987119
7 3358 1445747
7 3359 987125
7 3360 962275
7 3361 3452875
7 3362 965700
7 3363 2915539
7 3364 3441537
7 3365 2895779
7 3366 965537
7 3367 3457234
7 3368 968342
7 3369 1473908
7 3370 3472027
7 3371 1472663
7 3372 968335
7 3373 2939113
7 3374 965843
7 3375 1474427
7 3376 2942566
7 3377 1455306
7 3378 3426289
7 3379 2906980
7 3380 3436274
7 3381 1447058
7 3382 2916030
7 3383 1447998
7 3384 965703
7 3385 3457489
7 3386 965777
7 3387 2918429
7 3388 3443979
7 3389 2893849
7 3390 968239
7 3391 3456534
7 3392 962348
7 3393 995709
7 3394 3463299
7 3395 1001491
7 3396 968148
7 3397 2937184
7 3398 968003
7 3399 999088
7 3400 2943693
7 3401 1003525
7 3402 3448632
7 3403 2915674
7 3404 3460690
7 3405 997144
7 3406 2933295
7 3407 1000302
7 3408 968255
7 3409 3457461
7 3410 968148
7 3411 1475708
7 3412 3472806
7 3413 1473016
7 3414 965844
7 3415 3453610
7 3416 967985
7 3417 999082
7 3418 3461636
7 3419 1001983
7 3420 962023
7 3421 1470730
7 3422 962175
7 3423 995533
7 3424 1472885
7 3425 991428
7 3426 3456872
7 3427 1475136
7 3428 3456447
7 3429 1002465
7 3430 1469177
7 3431 993464
7 3432 962455
7 3433 2914035
7 3434 965388
7 3435 1472339
7 3436 2930568
7 3437 1452683
7 3438 965402
7 3439 2916866
7 3440 962331
7 3441 995920
7 3442 2941267
7 3443 1000364
7 3444 962437
7 3445 1471319
7 3446 961849
7 3447 995386
7 3448 1473106
7 3449 991383
7 3450 2902220
7 3451 1448238
7 3452 2913397
7 3453 989586
7 3454 1447956
7 3455 989594
7 3456 3392578
7 3457 2877455
7 3458 3401176
7 3459 1440222
7 3460 2899318
7 3461 1440510
7 3462 3402577
7 3463 2877315
7 3464 3415338
7 3465 983408
7 3466 2899488
7 3467 992108
7 3468 3415293
7 3469 1440109
7 3470 3401798
7 3471 992108
7 3472 1436925
7 3473 983418
7 3474 2870278
7 3475 1438471
7 3476 2898382
7 3477 983423
7 3478 1437574
7 3479 983503
7 3480 1081032
7 3481 3474605
7 3482 1084720
7 3483 2917373
7 3484 3465027
7 3485 2904253
7 3486 1084412
7 3487 3477241
7 3488 1089651
7 3489 1473520
7 3490 3488936
7 3491 1475182
7 3492 1089671
7 3493 2940050
7 3494 1085160
7 3495 1476311
7 3496 2946541
7 3497 1457009
7 3498 3450104
7 3499 2920183
7 3500 3455047
7 3501 1451883
7 3502 2926094
7 3503 1451164
7 3504 1084564
7 3505 3478133
7 3506 1084802
7 3507 2922050
7 3508 3466322
7 3509 2903806
7 3510 1087148
7 3511 3479687
7 3512 1085465
7 3513 998255
7 3514 3483772
7 3515 1004180
7 3516 1089450
7 3517 2942291
7 3518 1089573
7 3519 1002066
7 3520 2944199
7 3521 1005518
7 3522 3465396
7 3523 2924450
7 3524 3478921
7 3525 1002582
7 3526 2946477
7 3527 1002931
7 3528 1087386
7 3529 3478596
7 3530 1089011
7 3531 1476845
7 3532 3492069
7 3533 1475812
7 3534 1084347
7 3535 3473167
7 3536 1089067
7 3537 1001884
7 3538 3479564
7 3539 1004281
7 3540 1083761
7 3541 1473573
7 3542 1084444
7 3543 1001573
7 3544 1472556
7 3545 993844
7 3546 3469245
7 3547 1476055
7 3548 3468371
7 3549 1002642
7 3550 1473314
7 3551 996192
7 3552 1085658
7 3553 2928996
7 3554 1088468
7 3555 1476952
7 3556 2936572
7 3557 1456739
7 3558 1088184
7 3559 2931873
7 3560 1085344
7 3561 1001870
7 3562 2952793
7 3563 1004871
7 3564 1086026
7 3565 1476174
7 3566 1080003
7 3567 1001362
7 3568 1477153
7 3569 996496
7 3570 2900304
7 3571 1448001
7 3572 2913164
7 3573 989423
7 3574 1447686
7 3575 989433
7 3576 3397603
7 3577 2883016
7 3578 3401930
7 3579 1442866
7 3580 2906080
7 3581 1442079
7 3582 3403234
7 3583 2882700
7 3584 3416932
7 3585 986463
7 3586 2906400
7 3587 993077
7 3588 3416895
7 3589 1442850
7 3590 3403202
7 3591 993077
7 3592 1441115
7 3593 986463
7 3594 2881796
7 3595 1441966
7 3596 2907288
7 3597 986399
7 3598 1441127
7 3599 986475
7 3600 962024
7 3601 2033612
7 3602 965137
7 3603 3473571
7 3604 2019542
7 3605 3471822
7 3606 965218
7 3607 2036984
7 3608 968540
7 3609 2911315
7 3610 2038592
7 3611 2921935
7 3612 968686
7 3613 3483462
7 3614 965533
7 3615 2917278
7 3616 3467065
7 3617 2903218
7 3618 2016418
7 3619 3461976
7 3620 2016731
7 3621 2891389
7 3622 3462286
7 3623 2892342
7 3624 965218
7 3625 2037123
7 3626 965299
7 3627 3476810
7 3628 2020559
7 3629 3472844
7 3630 970880
7 3631 2049799
7 3632 968652
7 3633 1471179
7 3634 2051847
7 3635 1476475
7 3636 971084
7 3637 3495259
7 3638 971429
7 3639 1476543
7 3640 3496124
7 3641 1477545
7 3642 2025351
7 3643 3488462
7 3644 2049150
7 3645 1473878
7 3646 3499523
7 3647 1475437
7 3648 970648
7 3649 2048863
7 3650 971080
7 3651 2945460
7 3652 2051077
7 3653 2946331
7 3654 965607
7 3655 2034779
7 3656 971568
7 3657 1476016
7 3658 2039936
7 3659 1478295
7 3660 968767
7 3661 2942226
7 3662 968716
7 3663 1477230
7 3664 2941686
7 3665 1455795
7 3666 2049391
7 3667 2951671
7 3668 2045955
7 3669 1477449
7 3670 2947314
7 3671 1457572
7 3672 968476
7 3673 3483682
7 3674 971099
7 3675 2943630
7 3676 3468051
7 3677 2925881
7 3678 971263
7 3679 3483934
7 3680 968552
7 3681 1477544
7 3682 3493014
7 3683 1478539
7 3684 968721
7 3685 2942824
7 3686 965058
7 3687 1473988
7 3688 2943500
7 3689 1455845
7 3690 3453337
7 3691 2925604
7 3692 3457985
7 3693 1451893
7 3694 2926234
7 3695 1451255
7 3696 2009932
7 3697 3451276
7 3698 2012702
7 3699 2909483
7 3700 3457598
7 3701 2909132
7 3702 2014008
7 3703 3453331
7 3704 2037503
7 3705 1446612
7 3706 3462038
7 3707 1468471
7 3708 2038141
7 3709 2916969
7 3710 2013136
7 3711 1468469
7 3712 2913857
7 3713 1448099
7 3714 3448412
7 3715 2917812
7 3716 3456225
7 3717 1447949
7 3718 2914728
7 3719 1447549
7 3720 965150
7 3721 2037500
7 3722 965688
7 3723 3477475
7 3724 2020883
7 3725 3473874
7 3726 965303
7 3727 2036994
7 3728 968867
7 3729 2914683
7 3730 2038759
7 3731 2922868
7 3732 968859
7 3733 3484301
7 3734 965527
7 3735 2917358
7 3736 3467160
7 3737 2903530
7 3738 2016431
7 3739 3462443
7 3740 2016136
7 3741 2891748
7 3742 3462241
7 3743 2891911
7 3744 968229
7 3745 2040631
7 3746 968551
7 3747 3479580
7 3748 2021428
7 3749 3474975
7 3750 968315
7 3751 2046331
7 3752 962366
7 3753 995277
7 3754 2047757
7 3755 1001287
7 3756 973794
7 3757 3489415
7 3758 968482
7 3759 998935
7 3760 3489201
7 3761 1004480
7 3762 2023982
7 3763 3483517
7 3764 2051364
7 3765 1001731
7 3766 3491946
7 3767 1002359
7 3768 970786
7 3769 2047470
7 3770 973934
7 3771 2947968
7 3772 2051631
7 3773 2947716
7 3774 971263
7 3775 2050137
7 3776 968241
7 3777 998731
7 3778 2050233
7 3779 1001914
7 3780 971245
7 3781 2937599
7 3782 970948
7 3783 1001787
7 3784 2940507
7 3785 1003715
7 3786 2051594
7 3787 2954157
7 3788 2054425
7 3789 1006252
7 3790 2950159
7 3791 1005810
7 3792 973880
7 3793 3494350
7 3794 971306
7 3795 2944893
7 3796 3475859
7 3797 2927019
7 3798 976504
7 3799 3495583
7 3800 970948
7 3801 1001648
7 3802 3494462
7 3803 1007079
7 3804 973854
7 3805 2949532
7 3806 968677
7 3807 998871
7 3808 2949563
7 3809 1003743
7 3810 3473703
7 3811 2930493
7 3812 3487357
7 3813 1003433
7 3814 2953102
7 3815 1003160
7 3816 2017041
7 3817 3467358
7 3818 2016727
7 3819 2914806
7 3820 3466078
7 3821 2914031
7 3822 2023084
7 3823 3481032
7 3824 2046091
7 3825 996954
7 3826 3485402
7 3827 1001601
7 3828 2046981
7 3829 2940369
7 3830 2046763
7 3831 1001821
7 3832 2938858
7 3833 1000277
7 3834 3473568
7 3835 2927530
7 3836 3485716
7 3837 1000574
7 3838 2944750
7 3839 1000067
7 3840 968385
7 3841 2040265
7 3842 968549
7 3843 3479635
7 3844 2020910
7 3845 3474579
7 3846 970778
7 3847 2047479
7 3848 973805
7 3849 1476231
7 3850 2051205
7 3851 1479155
7 3852 974010
7 3853 3494985
7 3854 971685
7 3855 1477015
7 3856 3501259
7 3857 1478171
7 3858 2026338
7 3859 3491827
7 3860 2046713
7 3861 1474869
7 3862 3500565
7 3863 1474848
7 3864 965536
7 3865 2034059
7 3866 965524
7 3867 3475224
7 3868 2014711
7 3869 3469561
7 3870 971104
7 3871 2047757
7 3872 968474
7 3873 998864
7 3874 2049853
7 3875 1002221
7 3876 971671
7 3877 3490859
7 3878 968609
7 3879 998872
7 3880 3489962
7 3881 1004704
7 3882 2018329
7 3883 3479393
7 3884 2048091
7 3885 1002020
7 3886 3490279
7 3887 1001850
7 3888 968454
7 3889 2041782
7 3890 971228
7 3891 1477074
7 3892 2049137
7 3893 1477533
7 3894 968396
7 3895 2041609
7 3896 970923
7 3897 1001333
7 3898 2041267
7 3899 1002098
7 3900 962348
7 3901 1468313
7 3902 962352
7 3903 995836
7 3904 1470480
7 3905 991262
7 3906 2045652
7 3907 1481000
7 3908 2047195
7 3909 1004873
7 3910 1476808
7 3911 996434
7 3912 970988
7 3913 3482028
7 3914 973622
7 3915 1480684
7 3916 3489134
7 3917 1480268
7 3918 973549
7 3919 3482772
7 3920 970279
7 3921 1001230
7 3922 3489483
7 3923 1006917
7 3924 968003
7 3925 1478488
7 3926 967891
7 3927 1001109
7 3928 1477948
7 3929 994233
7 3930 3471628
7 3931 1480065
7 3932 3477050
7 3933 1005119
7 3934 1478379
7 3935 999009
7 3936 2020912
7 3937 3477292
7 3938 2043986
7 3939 1477685
7 3940 3493027
7 3941 1477712
7 3942 2020556
7 3943 3475341
7 3944 2046729
7 3945 1003101
7 3946 3486527
7 3947 1004222
7 3948 2046210
7 3949 1476079
7 3950 2040502
7 3951 1006400
7 3952 1471228
7 3953 993710
7 3954 3472784
7 3955 1479460
7 3956 3476903
7 3957 1004734
7 3958 1475452
7 3959 996364
7 3960 968232
7 3961 2043474
7 3962 973708
7 3963 2929313
7 3964 2047903
7 3965 2926160
7 3966 970945
7 3967 2043342
7 3968 976501
7 3969 1477477
7 3970 2047026
7 3971 1479809
7 3972 970997
7 3973 2939781
7 3974 973390
7 3975 1478399
7 3976 2950046
7 3977 1458291
7 3978 2048315
7 3979 2952208
7 3980 2047875
7 3981 1477964
7 3982 2947430
7 3983 1456353
7 3984 970944
7 3985 2042570
7 3986 971142
7 3987 2927509
7 3988 2043653
7 3989 2921344
7 3990 968232
7 3991 2038000
7 3992 970923
7 3993 1000624
7 3994 2041914
7 3995 1001953
7 3996 973388
7 3997 2948294
7 3998 970279
7 3999 1001228
7 4000 2953556
7 4001 1005740
7 4002 2047920
7 4003 2946537
7 4004 2048479
7 4005 1006496
7 4006 2953172
7 4007 1003110
7 4008 968394
7 4009 2040156
7 4010 973854
7 4011 1478161
7 4012 2046927
7 4013 1477986
7 4014 964975
7 4015 2007474
7 4016 968416
7 4017 998548
7 4018 2010600
7 4019 998812
7 4020 967985
7 4021 1476095
7 4022 967809
7 4023 1000800
7 4024 1475640
7 4025 994008
7 4026 2042226
7 4027 1481219
7 4028 2035222
7 4029 1001868
7 4030 1477158
7 4031 994369
7 4032 962348
7 4033 2913386
7 4034 965378
7 4035 1472004
7 4036 2927648
7 4037 1452494
7 4038 965378
7 4039 2916687
7 4040 961942
7 4041 995535
7 4042 2941036
7 4043 1000066
7 4044 962331
7 4045 1470866
7 4046 961933
7 4047 995455
7 4048 1472742
7 4049 991229
7 4050 2901281
7 4051 1448488
7 4052 2913130
7 4053 989600
7 4054 1448164
7 4055 989608
7 4056 2039173
7 4057 2927892
7 4058 2039664
7 4059 1474798
7 4060 2941469
7 4061 1456242
7 4062 2039826
7 4063 2928050
7 4064 2042382
7 4065 1003644
7 4066 2947271
7 4067 1002656
7 4068 2042201
7 4069 1474466
7 4070 2032664
7 4071 1003993
7 4072 1472932
7 4073 996199
7 4074 2899325
7 4075 1448073
7 4076 2912612
7 4077 989428
7 4078 1447716
7 4079 989438
7 4080 962275
7 4081 3453624
7 4082 965686
7 4083 2915227
7 4084 3442394
7 4085 2897236
7 4086 965528
7 4087 3456441
7 4088 968328
7 4089 1474080
7 4090 3471413
7 4091 1473597
7 4092 968147
7 4093 2937556
7 4094 965584
7 4095 1474100
7 4096 2941543
7 4097 1455262
7 4098 3431359
7 4099 2914298
7 4100 3436721
7 4101 1449515
7 4102 2920988
7 4103 1449262
7 4104 965698
7 4105 3457794
7 4106 965757
7 4107 2917955
7 4108 3444314
7 4109 2896294
7 4110 968239
7 4111 3457182
7 4112 962352
7 4113 995767
7 4114 3463924
7 4115 1002030
7 4116 967822
7 4117 2935598
7 4118 967891
7 4119 998774
7 4120 2941520
7 4121 1003257
7 4122 3449112
7 4123 2919415
7 4124 3462550
7 4125 1000172
7 4126 2941386
7 4127 1001082
7 4128 968233
7 4129 3456381
7 4130 967984
7 4131 1475571
7 4132 3470612
7 4133 1473932
7 4134 965668
7 4135 3450244
7 4136 967809
7 4137 998881
7 4138 3458327
7 4139 1001920
7 4140 962175
7 4141 1470856
7 4142 962090
7 4143 995456
7 4144 1473102
7 4145 991378
7 4146 3454657
7 4147 1476429
7 4148 3454051
7 4149 1002669
7 4150 1473477
7 4151 996056
7 4152 962262
7 4153 2911449
7 4154 964967
7 4155 1471555
7 4156 2928167
7 4157 1452437
7 4158 965134
7 4159 2912965
7 4160 961933
7 4161 995376
7 4162 2936091
7 4163 999851
7 4164 961849
7 4165 1469390
7 4166 958809
7 4167 992264
7 4168 1469504
7 4169 988307
7 4170 2896748
7 4171 1446343
7 4172 2905851
7 4173 987221
7 4174 1446095
7 4175 987226
7 4176 3397603
7 4177 2883016
7 4178 3401930
7 4179 1442866
7 4180 2906080
7 4181 1442079
7 4182 3403234
7 4183 2882700
7 4184 3416932
7 4185 986463
7 4186 2906400
7 4187 993077
7 4188 3416895
7 4189 1442850
7 4190 3403202
7 4191 993077
7 4192 1441115
7 4193 986463
7 4194 2881796
7 4195 1441966
7 4196 2907288
7 4197 986399
7 4198 1441127
7 4199 986475
7 4200 1983448
7 4201 3420050
7 4202 1986538
7 4203 2878823
7 4204 3428708
7 4205 2878204
7 4206 1987288
7 4207 3420757
7 4208 2013580
7 4209 1440296
7 4210 3435632
7 4211 1461751
7 4212 2013917
7 4213 2901083
7 4214 1986492
7 4215 1461527
7 4216 2904592
7 4217 1444248
7 4218 3425051
7 4219 2905149
7 4220 3431662
7 4221 1444012
7 4222 2904523
7 4223 1441030
7 4224 1987373
7 4225 3423808
7 4226 1986744
7 4227 2881988
7 4228 3429539
7 4229 2878059
7 4230 1994086
7 4231 3437771
7 4232 2015500
7 4233 983408
7 4234 3448959
7 4235 994786
7 4236 2016276
7 4237 2908204
7 4238 2018271
7 4239 993094
7 4240 2904573
7 4241 995342
7 4242 3442047
7 4243 2907534
7 4244 3455121
7 4245 996276
7 4246 2926782
7 4247 994136
7 4248 1994234
7 4249 3437925
7 4250 2015618
7 4251 1459372
7 4252 3453329
7 4253 1463010
7 4254 1987601
7 4255 3422440
7 4256 2017988
7 4257 993343
7 4258 3438698
7 4259 993955
7 4260 2013969
7 4261 1443440
7 4262 2012663
7 4263 996250
7 4264 1436620
7 4265 983404
7 4266 3439017
7 4267 1465561
7 4268 3446590
7 4269 995490
7 4270 1462706
7 4271 990247
7 4272 2014875
7 4273 2908837
7 4274 2015031
7 4275 1464639
7 4276 2903170
7 4277 1445885
7 4278 2014428
7 4279 2908326
7 4280 2011899
7 4281 996745
7 4282 2929973
7 4283 995960
7 4284 2013872
7 4285 1463408
7 4286 1984021
7 4287 995110
7 4288 1462625
7 4289 990247
7 4290 2868703
7 4291 1438345
7 4292 2897966
7 4293 983337
7 4294 1437407
7 4295 983418
7 4296 3392578
7 4297 2877455
7 4298 3401176
7 4299 1440222
7 4300 2899318
7 4301 1440510
7 4302 3402577
7 4303 2877315
7 4304 3415338
7 4305 983408
7 4306 2899488
7 4307 992108
7 4308 3415293
7 4309 1440109
7 4310 3401798
7 4311 992108
7 4312 1436925
7 4313 983418
7 4314 2870278
7 4315 1438471
7 4316 2898382
7 4317 983423
7 4318 1437574
7 4319 983503
7 4320 1067058
7 4321 2005284
7 4322 1070775
7 4323 3442240
7 4324 2008992
7 4325 3420962
7 4326 1071103
7 4327 2008331
7 4328 1083558
7 4329 2878304
7 4330 2010681
7 4331 2901972
7 4332 1083688
7 4333 3449316
7 4334 1071525
7 4335 2902333
7 4336 3432371
7 4337 2883243
7 4338 2011769
7 4339 3449294
7 4340 2010633
7 4341 2881847
7 4342 3432494
7 4343 2877848
7 4344 1071109
7 4345 2009084
7 4346 1071050
7 4347 3445599
7 4348 2010091
7 4349 3421326
7 4350 1078544
7 4351 2038067
7 4352 1087716
7 4353 1439963
7 4354 2037916
7 4355 1467972
7 4356 1087667
7 4357 3479719
7 4358 1088933
7 4359 1464786
7 4360 3463445
7 4361 1466926
7 4362 2016927
7 4363 3458740
7 4364 2039397
7 4365 1468682
7 4366 3468137
7 4367 1467513
7 4368 1078323
7 4369 2038134
7 4370 1086981
7 4371 2928788
7 4372 2040926
7 4373 2928410
7 4374 1071537
7 4375 2008274
7 4376 1088369
7 4377 1465384
7 4378 2014620
7 4379 1466566
7 4380 1086089
7 4381 2916758
7 4382 1085207
7 4383 1471113
7 4384 2905678
7 4385 1444656
7 4386 2038989
7 4387 2939141
7 4388 2035107
7 4389 1468881
7 4390 2930777
7 4391 1451290
7 4392 1085813
7 4393 3476645
7 4394 1088404
7 4395 2936387
7 4396 3457983
7 4397 2916236
7 4398 1086875
7 4399 3460350
7 4400 1084962
7 4401 1471912
7 4402 3467621
7 4403 1470146
7 4404 1087554
7 4405 2933519
7 4406 1071581
7 4407 1469008
7 4408 2930670
7 4409 1451279
7 4410 3428074
7 4411 2910045
7 4412 3436931
7 4413 1444437
7 4414 2908007
7 4415 1444808
7 4416 2009752
7 4417 3450208
7 4418 2012465
7 4419 2908454
7 4420 3453909
7 4421 2907300
7 4422 2012962
7 4423 3450224
7 4424 2034108
7 4425 1444359
7 4426 3452142
7 4427 1467466
7 4428 2034388
7 4429 2912746
7 4430 2008175
7 4431 1467188
7 4432 2905797
7 4433 1444676
7 4434 3428221
7 4435 2909754
7 4436 3434103
7 4437 1444186
7 4438 2904540
7 4439 1440748
7 4440 1071064
7 4441 2009259
7 4442 1071544
7 4443 3445851
7 4444 2010404
7 4445 3422795
7 4446 1071208
7 4447 2008389
7 4448 1083968
7 4449 2881432
7 4450 2011298
7 4451 2902922
7 4452 1083929
7 4453 3451411
7 4454 1071540
7 4455 2902569
7 4456 3432411
7 4457 2883536
7 4458 2011947
7 4459 3449568
7 4460 2010633
7 4461 2882039
7 4462 3432562
7 4463 2877830
7 4464 1074367
7 4465 2016639
7 4466 1074772
7 4467 3449720
7 4468 2017237
7 4469 3436683
7 4470 1076316
7 4471 2042426
7 4472 1083082
7 4473 983412
7 4474 2039568
7 4475 995065
7 4476 1090960
7 4477 3482122
7 4478 1088007
7 4479 994841
7 4480 3462891
7 4481 997898
7 4482 2021874
7 4483 3466499
7 4484 2045369
7 4485 998224
7 4486 3462564
7 4487 995645
7 4488 1078705
7 4489 2041005
7 4490 1091104
7 4491 2931503
7 4492 2047319
7 4493 2935468
7 4494 1079281
7 4495 2043539
7 4496 1087794
7 4497 993867
7 4498 2041296
7 4499 994136
7 4500 1091134
7 4501 2914763
7 4502 1089821
7 4503 999619
7 4504 2904805
7 4505 995665
7 4506 2044119
7 4507 2943929
7 4508 2046955
7 4509 999596
7 4510 2933587
7 4511 1000051
7 4512 1091534
7 4513 3486908
7 4514 1088909
7 4515 2939308
7 4516 3469609
7 4517 2921027
7 4518 1094255
7 4519 3487816
7 4520 1090775
7 4521 1000561
7 4522 3480344
7 4523 1000429
7 4524 1093150
7 4525 2942157
7 4526 1088101
7 4527 995723
7 4528 2937071
7 4529 999945
7 4530 3451268
7 4531 2918129
7 4532 3465879
7 4533 997117
7 4534 2937341
7 4535 997078
7 4536 2015762
7 4537 3464458
7 4538 2014557
7 4539 2913340
7 4540 3457110
7 4541 2908216
7 4542 2022482
7 4543 3478347
7 4544 2045558
7 4545 996820
7 4546 3478051
7 4547 1000953
7 4548 2044046
7 4549 2938694
7 4550 2042466
7 4551 1001062
7 4552 2933319
7 4553 997105
7 4554 3453240
7 4555 2919257
7 4556 3462702
7 4557 997220
7 4558 2935251
7 4559 994081
7 4560 1074506
7 4561 2016713
7 4562 1074754
7 4563 3449999
7 4564 2017262
7 4565 3436716
7 4566 1078597
7 4567 2040567
7 4568 1092926
7 4569 1462130
7 4570 2041567
7 4571 1471979
7 4572 1090902
7 4573 3483387
7 4574 1090378
7 4575 1469097
7 4576 3475353
7 4577 1470829
7 4578 2024215
7 4579 3477774
7 4580 2042184
7 4581 1470927
7 4582 3473713
7 4583 1468129
7 4584 1071443
7 4585 2009510
7 4586 1071520
7 4587 3445085
7 4588 2009360
7 4589 3421207
7 4590 1078977
7 4591 2042974
7 4592 1088284
7 4593 993112
7 4594 2043153
7 4595 996032
7 4596 1088629
7 4597 3482256
7 4598 1087938
7 4599 994065
7 4600 3464584
7 4601 998493
7 4602 2015936
7 4603 3452622
7 4604 2043389
7 4605 998601
7 4606 3460391
7 4607 995461
7 4608 1076251
7 4609 2040804
7 4610 1090224
7 4611 1464842
7 4612 2049039
7 4613 1472661
7 4614 1076140
7 4615 2039655
7 4616 1090185
7 4617 997468
7 4618 2041202
7 4619 998637
7 4620 1083132
7 4621 1443698
7 4622 1083082
7 4623 996780
7 4624 1436594
7 4625 983408
7 4626 2041171
7 4627 1476683
7 4628 2042689
7 4629 1003242
7 4630 1469467
7 4631 991058
7 4632 1088445
7 4633 3482129
7 4634 1092011
7 4635 1472822
7 4636 3481676
7 4637 1473996
7 4638 1091002
7 4639 3483978
7 4640 1089913
7 4641 999558
7 4642 3486501
7 4643 1002366
7 4644 1087955
7 4645 1470924
7 4646 1086170
7 4647 1001136
7 4648 1466081
7 4649 990561
7 4650 3446050
7 4651 1470673
7 4652 3455874
7 4653 998602
7 4654 1468143
7 4655 993205
7 4656 2018768
7 4657 3470062
7 4658 2042048
7 4659 1475775
7 4660 3481410
7 4661 1474035
7 4662 2019570
7 4663 3469628
7 4664 2042805
7 4665 1002155
7 4666 3464481
7 4667 1001124
7 4668 2045321
7 4669 1475111
7 4670 2038998
7 4671 1005872
7 4672 1469887
7 4673 993388
7 4674 3455038
7 4675 1475760
7 4676 3458575
7 4677 1002019
7 4678 1469658
7 4679 991240
7 4680 1076053
7 4681 2041803
7 4682 1090851
7 4683 2917841
7 4684 2049239
7 4685 2917485
7 4686 1078782
7 4687 2041551
7 4688 1095425
7 4689 1469284
7 4690 2047003
7 4691 1474885
7 4692 1090652
7 4693 2914123
7 4694 1090982
7 4695 1473289
7 4696 2934307
7 4697 1453517
7 4698 2047383
7 4699 2942062
7 4700 2048871
7 4701 1472774
7 4702 2938272
7 4703 1453107
7 4704 1078576
7 4705 2040837
7 4706 1087360
7 4707 2916674
7 4708 2044405
7 4709 2912364
7 4710 1075949
7 4711 2038355
7 4712 1090166
7 4713 997428
7 4714 2043994
7 4715 998820
7 4716 1091402
7 4717 2941744
7 4718 1088498
7 4719 1000501
7 4720 2941418
7 4721 1002189
7 4722 2047430
7 4723 2942699
7 4724 2045712
7 4725 1002873
7 4726 2943313
7 4727 1000145
7 4728 1076415
7 4729 2040443
7 4730 1092889
7 4731 1473318
7 4732 2049209
7 4733 1471822
7 4734 1071114
7 4735 2006901
7 4736 1085891
7 4737 995500
7 4738 2012235
7 4739 995533
7 4740 1087711
7 4741 1468843
7 4742 1086493
7 4743 1000953
7 4744 1467308
7 4745 990846
7 4746 2044145
7 4747 1476327
7 4748 2037285
7 4749 1001088
7 4750 1468384
7 4751 991023
7 4752 1083046
7 4753 2914798
7 4754 1086168
7 4755 1471454
7 4756 2907097
7 4757 1448066
7 4758 1086023
7 4759 2919086
7 4760 1081234
7 4761 998378
7 4762 2939943
7 4763 999180
7 4764 1083574
7 4765 1470497
7 4766 1080035
7 4767 998450
7 4768 1469609
7 4769 993343
7 4770 2868325
7 4771 1438320
7 4772 2897924
7 4773 983327
7 4774 1437379
7 4775 983408
7 4776 2035593
7 4777 2923210
7 4778 2038295
7 4779 1469434
7 4780 2936096
7 4781 1454981
7 4782 2038437
7 4783 2924720
7 4784 2037198
7 4785 1000088
7 4786 2943945
7 4787 1001802
7 4788 2039290
7 4789 1469004
7 4790 2030024
7 4791 1002857
7 4792 1467372
7 4793 992996
7 4794 2898176
7 4795 1447495
7 4796 2912603
7 4797 989240
7 4798 1447144
7 4799 989252
7 4800 1080991
7 4801 3472640
7 4802 1084493
7 4803 2916609
7 4804 3463250
7 4805 2902364
7 4806 1084380
7 4807 3471793
7 4808 1089110
7 4809 1473090
7 4810 3485141
7 4811 1473829
7 4812 1089007
7 4813 2937251
7 4814 1084477
7 4815 1475244
7 4816 2942878
7 4817 1456248
7 4818 3443264
7 4819 2911990
7 4820 3454016
7 4821 1449059
7 4822 2920532
7 4823 1449682
7 4824 1084333
7 4825 3476212
7 4826 1084388
7 4827 2920898
7 4828 3464274
7 4829 2899673
7 4830 1086916
7 4831 3472831
7 4832 1083176
7 4833 997942
7 4834 3480857
7 4835 1003313
7 4836 1088453
7 4837 2937475
7 4838 1088580
7 4839 1001210
7 4840 2942412
7 4841 1005036
7 4842 3464655
7 4843 2919725
7 4844 3476187
7 4845 999218
7 4846 2937277
7 4847 1002023
7 4848 1087219
7 4849 3469296
7 4850 1087053
7 4851 1474455
7 4852 3486251
7 4853 1471688
7 4854 1082571
7 4855 3451849
7 4856 1086816
7 4857 1000556
7 4858 3461444
7 4859 1001306
7 4860 1081331
7 4861 1469324
7 4862 1081100
7 4863 998337
7 4864 1470724
7 4865 993458
7 4866 3467753
7 4867 1474213
7 4868 3467552
7 4869 1001904
7 4870 1468375
7 4871 993066
7 4872 1083285
7 4873 2918652
7 4874 1085983
7 4875 1473357
7 4876 2929760
7 4877 1453940
7 4878 1085724
7 4879 2920423
7 4880 1082684
7 4881 998526
7 4882 2943535
7 4883 1002167
7 4884 1083174
7 4885 1471274
7 4886 1069410
7 4887 995423
7 4888 1471145
7 4889 991382
7 4890 2898197
7 4891 1447489
7 4892 2912631
7 4893 989240
7 4894 1447140
7 4895 989252
7 4896 3392120
7 4897 2877289
7 4898 3401173
7 4899 1440205
7 4900 2899155
7 4901 1440495
7 4902 3402577
7 4903 2877153
7 4904 3415336
7 4905 983326
7 4906 2899321
7 4907 992096
7 4908 3415289
7 4909 1440091
7 4910 3401796
7 4911 992096
7 4912 1436838
7 4913 983336
7 4914 2870049
7 4915 1438387
7 4916 2898281
7 4917 983342
7 4918 1437488
7 4919 983422
7 4920 1983448
7 4921 3420050
7 4922 1986538
7 4923 2878823
7 4924 3428708
7 4925 2878204
7 4926 1987288
7 4927 3420757
7 4928 2013580
7 4929 1440296
7 4930 3435632
7 4931 1461751
7 4932 2013917
7 4933 2901083
7 4934 1986492
7 4935 1461527
7 4936 2904592
7 4937 1444248
7 4938 3425051
7 4939 2905149
7 4940 3431662
7 4941 1444012
7 4942 2904523
7 4943 1441030
7 4944 1987373
7 4945 3423808
7 4946 1986744
7 4947 2881988
7 4948 3429539
7 4949 2878059
7 4950 1994086
7 4951 3437771
7 4952 2015500
7 4953 983408
7 4954 3448959
7 4955 994786
7 4956 2016276
7 4957 2908204
7 4958 2018271
7 4959 993094
7 4960 2904573
7 4961 995342
7 4962 3442047
7 4963 2907534
7 4964 3455121
7 4965 996276
7 4966 2926782
7 4967 994136
7 4968 1994234
7 4969 3437925
7 4970 2015618
7 4971 1459372
7 4972 3453329
7 4973 1463010
7 4974 1987601
7 4975 3422440
7 4976 2017988
7 4977 993343
7 4978 3438698
7 4979 993955
7 4980 2013969
7 4981 1443440
7 4982 2012663
7 4983 996250
7 4984 1436620
7 4985 983404
7 4986 3439017
7 4987 1465561
7 4988 3446590
7 4989 995490
7 4990 1462706
7 4991 990247
7 4992 2014875
7 4993 2908837
7 4994 2015031
7 4995 1464639
7 4996 2903170
7 4997 1445885
7 4998 2014428
7 4999 2908326
7 5000 2011899
7 5001 996745
7 5002 2929973
7 5003 995960
7 5004 2013872
7 5005 1463408
7 5006 1984021
7 5007 995110
7 5008 1462625
7 5009 990247
7 5010 2868703
7 5011 1438345
7 5012 2897966
7 5013 983337
7 5014 1437407
7 5015 983418
7 5016 3392578
7 5017 2877455
7 5018 3401176
7 5019 1440222
7 5020 2899318
7 5021 1440510
7 5022 3402577
7 5023 2877315
7 5024 3415338
7 5025 983408
7 5026 2899488
7 5027 992108
7 5028 3415293
7 5029 1440109
7 5030 3401798
7 5031 992108
7 5032 1436925
7 5033 983418
7 5034 2870278
7 5035 1438471
7 5036 2898382
7 5037 983423
7 5038 1437574
7 5039 983503
