3 0 39916635
3 1 39916800
3 2 39916800
3 3 39916795
3 4 39915370
3 5 39916635
4 0 39196418
4 1 39513540
4 2 39158934
4 3 39915930
4 4 39513540
4 5 39915930
4 6 38996485
4 7 39822198
4 8 39239050
4 9 39778896
4 10 39823890
4 11 39856366
4 12 38915840
4 13 39503609
4 14 38876245
4 15 39513540
4 16 39395994
4 17 39513540
4 18 37981937
4 19 39239050
4 20 38302649
4 21 39158934
4 22 38996485
4 23 39196418
5 0 27689590
5 1 28426070
5 2 27638305
5 3 32612359
5 4 28753751
5 5 31874568
5 6 27592008
5 7 28336071
5 8 28228065
5 9 38575720
5 10 28920055
5 11 38586671
5 12 28237334
5 13 32457448
5 14 27539441
5 15 38581424
5 16 32077386
5 17 38586671
5 18 28858788
5 19 32461598
5 20 28974061
5 21 38581424
5 22 32077386
5 23 38575720
5 24 30517696
5 25 31183864
5 26 30494779
5 27 38053062
5 28 31258572
5 29 37905048
5 30 31048466
5 31 31681772
5 32 31130323
5 33 33930818
5 34 32228617
5 35 35018280
5 36 31323503
5 37 38491344
5 38 31396859
5 39 35288954
5 40 37907208
5 41 35690489
5 42 31967935
5 43 38490480
5 44 32260464
5 45 35394327
5 46 38057262
5 47 35840700
5 48 26933622
5 49 32710204
5 50 27317101
5 51 34811142
5 52 32776485
5 53 34616634
5 54 26887578
5 55 32681376
5 56 27494463
5 57 32077386
5 58 32737305
5 59 32077386
5 60 27486690
5 61 34148766
5 62 27425962
5 63 32461598
5 64 33414656
5 65 31874568
5 66 32754494
5 67 34798415
5 68 32773732
5 69 32457448
5 70 34095938
5 71 32612359
5 72 22986633
5 73 28583340
5 74 23346090
5 75 32260464
5 76 28053576
5 77 32228617
5 78 23375967
5 79 28737231
5 80 23211492
5 81 28974061
5 82 28867744
5 83 28920055
5 84 23228438
5 85 31967935
5 86 22755920
5 87 28858788
5 88 31258572
5 89 28753751
5 90 27469908
5 91 31681772
5 92 28384310
5 93 28336071
5 94 31183864
5 95 28426070
5 96 21755552
5 97 27425962
5 98 22026937
5 99 31396859
5 100 27494463
5 101 31130323
5 102 22043172
5 103 27486690
5 104 22365130
5 105 27539441
5 106 27317101
5 107 28228065
5 108 22394481
5 109 31323503
5 110 21998809
5 111 28237334
5 112 30494779
5 113 27638305
5 114 26887578
5 115 31048466
5 116 26933622
5 117 27592008
5 118 30517696
5 119 27689590
6 0 9299892
6 1 9299892
6 2 9296307
6 3 10744553
6 4 9380531
6 5 10583312
6 6 9293412
6 7 9293412
6 8 9449681
6 9 15692204
6 10 9463560
6 11 15568675
6 12 9449810
6 13 10785593
6 14 9291011
6 15 15589340
6 16 10690755
6 17 15495388
6 18 9437898
6 19 10779858
6 20 9476493
6 21 15455757
6 22 10696950
6 23 14957404
6 24 9280056
6 25 9280056
6 26 9275730
6 27 10734422
6 28 9370059
6 29 10564742
6 30 9518925
6 31 9518925
6 32 9627825
6 33 24559470
6 34 9741293
6 35 24597977
6 36 9584140
6 37 11044118
6 38 9635240
6 39 24580465
6 40 11013433
6 41 24893672
6 42 9684447
6 43 10908199
6 44 9800472
6 45 24882455
6 46 11060583
6 47 24612544
6 48 9518750
6 49 9518750
6 50 9590299
6 51 15747800
6 52 9689698
6 53 15396936
6 54 9266088
6 55 9266088
6 56 9620021
6 57 24597780
6 58 9643250
6 59 24597239
6 60 9594661
6 61 15839048
6 62 9572136
6 63 24914213
6 64 15455918
6 65 24612544
6 66 9734595
6 67 15487336
6 68 9712881
6 69 24904410
6 70 15476447
6 71 24893672
6 72 9614545
6 73 11047572
6 74 9622866
6 75 15977497
6 76 10975292
6 77 15927060
6 78 9614231
6 79 10902961
6 80 9564318
6 81 24904894
6 82 11005786
6 83 24904410
6 84 9591926
6 85 15689578
6 86 9268341
6 87 24592148
6 88 15490117
6 89 24882455
6 90 10851345
6 91 15675586
6 92 10927654
6 93 24597239
6 94 15370916
6 95 24597977
6 96 9573113
6 97 10955542
6 98 9642792
6 99 15851652
6 100 10990271
6 101 15363035
6 102 9640836
6 103 10944672
6 104 9743033
6 105 24592148
6 106 10948520
6 107 24914213
6 108 9727228
6 109 15481554
6 110 9588390
6 111 24904894
6 112 15147753
6 113 24580465
6 114 10859178
6 115 15518645
6 116 10852621
6 117 24597780
6 118 15162236
6 119 24559470
6 120 13972610
6 121 13972610
6 122 13962268
6 123 15313840
6 124 14110170
6 125 15086964
6 126 13962026
6 127 13962026
6 128 14152612
6 129 29389170
6 130 14153542
6 131 29373870
6 132 14153979
6 133 15289922
6 134 13959948
6 135 29379252
6 136 15135128
6 137 29380794
6 138 14053392
6 139 15290031
6 140 14161234
6 141 29367036
6 142 15135614
6 143 29306850
6 144 14089507
6 145 14089507
6 146 14083829
6 147 15376814
6 148 14174455
6 149 15199344
6 150 14132078
6 151 14132078
6 152 14116034
6 153 15874560
6 154 14336672
6 155 16737389
6 156 14377908
6 157 15718933
6 158 14227582
6 159 16882757
6 160 15648898
6 161 17183537
6 162 14421313
6 163 15496277
6 164 14484047
6 165 17011212
6 166 15653894
6 167 17114210
6 168 14182200
6 169 14182200
6 170 14387222
6 171 30057540
6 172 14437609
6 173 30007590
6 174 14194304
6 175 14194304
6 176 14208637
6 177 17050462
6 178 14330142
6 179 17156156
6 180 14353382
6 181 30048186
6 182 14321398
6 183 17367015
6 184 29307030
6 185 17202020
6 186 14458241
6 187 30302310
6 188 14542034
6 189 17322375
6 190 29370732
6 191 17512736
6 192 14396242
6 193 15601273
6 194 14323402
6 195 30352170
6 196 15541449
6 197 30347700
6 198 14492081
6 199 15636452
6 200 14331756
6 201 17404569
6 202 15628728
6 203 17162078
6 204 14388092
6 205 30057540
6 206 14215935
6 207 17371670
6 208 29370678
6 209 17512404
6 210 15447394
6 211 30007530
6 212 15550030
6 213 17338852
6 214 29380458
6 215 17418964
6 216 14272125
6 217 15491870
6 218 14324584
6 219 30116292
6 220 15386857
6 221 30057366
6 222 14402586
6 223 15601153
6 224 14450949
6 225 17034522
6 226 15633270
6 227 17337493
6 228 14539478
6 229 30352170
6 230 14458857
6 231 17535662
6 232 29379408
6 233 17390156
6 234 15511774
6 235 30057420
6 236 15488434
6 237 17368286
6 238 29390148
6 239 17264305
6 240 12310543
6 241 12310543
6 242 12308295
6 243 21806198
6 244 12356670
6 245 21626113
6 246 12533220
6 247 12533220
6 248 12780326
6 249 19716950
6 250 12928277
6 251 19859825
6 252 12714379
6 253 22306383
6 254 12757276
6 255 19917859
6 256 21795497
6 257 19938912
6 258 12738867
6 259 22307675
6 260 12929263
6 261 19911196
6 262 21816930
6 263 19826080
6 264 12306398
6 265 12306398
6 266 12304048
6 267 21805264
6 268 12355658
6 269 21623030
6 270 12576802
6 271 12576802
6 272 12611211
6 273 15162236
6 274 12795970
6 275 15370916
6 276 12735478
6 277 22451399
6 278 12606316
6 279 15147753
6 280 21808849
6 281 15476447
6 282 12692710
6 283 22324305
6 284 12830660
6 285 15490117
6 286 21788781
6 287 15455918
6 288 12600881
6 289 12600881
6 290 12794380
6 291 19561670
6 292 12979232
6 293 19632383
6 294 12582560
6 295 12582560
6 296 12789420
6 297 15518645
6 298 12864060
6 299 15675586
6 300 12604552
6 301 18617959
6 302 12602468
6 303 15363035
6 304 18265186
6 305 14957404
6 306 12996195
6 307 19570891
6 308 13045059
6 309 15927060
6 310 18993837
6 311 15495388
6 312 12778971
6 313 22454126
6 314 12961691
6 315 20039588
6 316 22314738
6 317 20176444
6 318 12931270
6 319 22444704
6 320 12803378
6 321 15481554
6 322 22307648
6 323 15487336
6 324 12840606
6 325 19648605
6 326 12808698
6 327 15851652
6 328 19170351
6 329 15455757
6 330 21632068
6 331 19836051
6 332 21635139
6 333 15396936
6 334 19430044
6 335 15568675
6 336 12796833
6 337 22460406
6 338 13030701
6 339 20086335
6 340 22469830
6 341 20139662
6 342 12889612
6 343 22548662
6 344 13063922
6 345 15689578
6 346 22306664
6 347 15839048
6 348 13050349
6 349 19575011
6 350 13052085
6 351 15977497
6 352 19269203
6 353 15589340
6 354 21816227
6 355 19985797
6 356 21816955
6 357 15747800
6 358 19497507
6 359 15692204
6 360 7509520
6 361 9427742
6 362 7713044
6 363 14191326
6 364 9579666
6 365 14055479
6 366 7650615
6 367 9567558
6 368 7812482
6 369 15488434
6 370 9654288
6 371 15550030
6 372 7653614
6 373 13900046
6 374 7771853
6 375 15633270
6 376 13783613
6 377 15653894
6 378 9500276
6 379 14052674
6 380 9655756
6 381 15628728
6 382 13787929
6 383 15648898
6 384 7655663
6 385 9572668
6 386 7737261
6 387 14215539
6 388 9631180
6 389 13992294
6 390 7538893
6 391 9584930
6 392 7660786
6 393 10852621
6 394 9620480
6 395 10927654
6 396 7811273
6 397 14564112
6 398 7651492
6 399 10948520
6 400 14308131
6 401 11060583
6 402 9691226
6 403 14295399
6 404 9660381
6 405 11005786
6 406 14270987
6 407 11013433
6 408 7539218
6 409 9585359
6 410 7681780
6 411 15511774
6 412 9663292
6 413 15447394
6 414 7473578
6 415 9393734
6 416 7628249
6 417 10859178
6 418 9463209
6 419 10851345
6 420 7623605
6 421 15386857
6 422 7617616
6 423 10990271
6 424 15135614
6 425 10696950
6 426 9611688
6 427 15541449
6 428 9558445
6 429 10975292
6 430 15135128
6 431 10690755
6 432 7577623
6 433 14042335
6 434 7756744
6 435 15601153
6 436 13535257
6 437 15496277
6 438 7753941
6 439 14337282
6 440 7590982
6 441 10944672
6 442 14342184
6 443 10908199
6 444 7599183
6 445 15491870
6 446 7561500
6 447 10955542
6 448 15290031
6 449 10779858
6 450 13177894
6 451 15199344
6 452 13844014
6 453 10564742
6 454 15086964
6 455 10583312
6 456 9453467
6 457 14190603
6 458 9649870
6 459 15636452
6 460 13845941
6 461 15718933
6 462 9646286
6 463 14382109
6 464 9605386
6 465 10902961
6 466 14313096
6 467 11044118
6 468 9612442
6 469 15601273
6 470 9478756
6 471 11047572
6 472 15289922
6 473 10785593
6 474 13381413
6 475 15376814
6 476 13925818
6 477 10734422
6 478 15313840
6 479 10744553
6 480 6134494
6 481 7721159
6 482 6180603
6 483 13052085
6 484 7703016
6 485 13045059
6 486 6177089
6 487 7748329
6 488 6221041
6 489 14458857
6 490 7797719
6 491 14542034
6 492 6217688
6 493 13063922
6 494 6177339
6 495 14450949
6 496 12830660
6 497 14484047
6 498 7631313
6 499 12864060
6 500 7689982
6 501 14330142
6 502 12795970
6 503 14336672
6 504 6181392
6 505 7732157
6 506 6181688
6 507 13050349
6 508 7677529
6 509 12996195
6 510 6214207
6 511 7794109
6 512 6141033
6 513 9588390
6 514 7833406
6 515 9712881
6 516 6208495
6 517 13030701
6 518 6210970
6 519 9743033
6 520 12929263
6 521 9800472
6 522 7710006
6 523 12979232
6 524 7820932
6 525 9643250
6 526 12928277
6 527 9741293
6 528 6214281
6 529 7794225
6 530 6209179
6 531 14539478
6 532 7853594
6 533 14458241
6 534 6175518
6 535 7606012
6 536 6205561
6 537 9727228
6 538 7657044
6 539 9734595
6 540 6132764
6 541 14324584
6 542 6130308
6 543 9642792
6 544 14161234
6 545 9476493
6 546 7796359
6 547 14437609
6 548 7745022
6 549 9689698
6 550 14153542
6 551 9463560
6 552 6139802
6 553 12889612
6 554 6175638
6 555 14402586
6 556 12692710
6 557 14421313
6 558 6179688
6 559 12796833
6 560 6130308
6 561 9640836
6 562 12738867
6 563 9684447
6 564 6129010
6 565 14272125
6 566 6081686
6 567 9573113
6 568 14053392
6 569 9437898
6 570 12355658
6 571 14174455
6 572 12356670
6 573 9370059
6 574 14110170
6 575 9380531
6 576 7473578
6 577 12582560
6 578 7538893
6 579 14194304
6 580 12576802
6 581 14132078
6 582 7539218
6 583 12600881
6 584 7650615
6 585 9266088
6 586 12533220
6 587 9518925
6 588 7655663
6 589 14182200
6 590 7509520
6 591 9518750
6 592 13962026
6 593 9293412
6 594 12306398
6 595 14089507
6 596 12310543
6 597 9280056
6 598 13972610
6 599 9299892
6 600 6081686
6 601 7561500
6 602 6130308
6 603 12808698
6 604 7617616
6 605 12602468
6 606 6130308
6 607 7590982
6 608 6210970
6 609 14215935
6 610 7651492
6 611 14321398
6 612 6205561
6 613 12803378
6 614 6141033
6 615 14331756
6 616 12606316
6 617 14227582
6 618 7628249
6 619 12789420
6 620 7660786
6 621 14208637
6 622 12611211
6 623 14116034
6 624 6129010
6 625 7599183
6 626 6132764
6 627 12840606
6 628 7623605
6 629 12604552
6 630 6175638
6 631 7756744
6 632 6177339
6 633 9268341
6 634 7771853
6 635 9572136
6 636 6209179
6 637 12961691
6 638 6221041
6 639 9564318
6 640 12757276
6 641 9635240
6 642 7681780
6 643 12794380
6 644 7812482
6 645 9620021
6 646 12780326
6 647 9627825
6 648 6179688
6 649 7753941
6 650 6208495
6 651 14388092
6 652 7811273
6 653 14353382
6 654 6139802
6 655 7577623
6 656 6217688
6 657 9591926
6 658 7653614
6 659 9594661
6 660 6181688
6 661 14323402
6 662 6180603
6 663 9622866
6 664 13959948
6 665 9291011
6 666 7737261
6 667 14387222
6 668 7713044
6 669 9590299
6 670 14152612
6 671 9449681
6 672 6175518
6 673 12931270
6 674 6214207
6 675 14492081
6 676 12735478
6 677 14377908
6 678 6214281
6 679 12778971
6 680 6177089
6 681 9614231
6 682 12714379
6 683 9584140
6 684 6181392
6 685 14396242
6 686 6134494
6 687 9614545
6 688 14153979
6 689 9449810
6 690 12304048
6 691 14083829
6 692 12308295
6 693 9275730
6 694 13962268
6 695 9296307
6 696 7473578
6 697 12582560
6 698 7538893
6 699 14194304
6 700 12576802
6 701 14132078
6 702 7539218
6 703 12600881
6 704 7650615
6 705 9266088
6 706 12533220
6 707 9518925
6 708 7655663
6 709 14182200
6 710 7509520
6 711 9518750
6 712 13962026
6 713 9293412
6 714 12306398
6 715 14089507
6 716 12310543
6 717 9280056
6 718 13972610
6 719 9299892
7 0 1465382
7 1 1465382
7 2 1465301
7 3 1469102
7 4 1469102
7 5 1465382
7 6 1465287
7 7 1465287
7 8 1473022
7 9 2230472
7 10 1473236
7 11 2226841
7 12 1473022
7 13 1473239
7 14 1465277
7 15 2228274
7 16 1470279
7 17 2224319
7 18 1470390
7 19 1473404
7 20 1473434
7 21 2221727
7 22 1470208
7 23 2195198
7 24 1465147
7 25 1465147
7 26 1465063
7 27 1469066
7 28 1469066
7 29 1465147
7 30 1476575
7 31 1476575
7 32 1478694
7 33 4016707
7 34 1485337
7 35 4020305
7 36 1480253
7 37 1484471
7 38 1480939
7 39 4018672
7 40 1482321
7 41 4040934
7 42 1484328
7 43 1480680
7 44 1488685
7 45 4041022
7 46 1485394
7 47 4003166
7 48 1476577
7 49 1476577
7 50 1480334
7 51 2248122
7 52 1484477
7 53 2226802
7 54 1465098
7 55 1465098
7 56 1481013
7 57 4019956
7 58 1481556
7 59 4018647
7 60 1478184
7 61 2249439
7 62 1477848
7 63 4039581
7 64 2212445
7 65 4017777
7 66 1482961
7 67 2239545
7 68 1484974
7 69 4030632
7 70 2216647
7 71 4034453
7 72 1478544
7 73 1485186
7 74 1480792
7 75 2264317
7 76 1482173
7 77 2260927
7 78 1480936
7 79 1481413
7 80 1477444
7 81 4046876
7 82 1485223
7 83 4033131
7 84 1478070
7 85 2245790
7 86 1465110
7 87 4008248
7 88 2217323
7 89 4027879
7 90 1475658
7 91 2232826
7 92 1479481
7 93 4008357
7 94 2212273
7 95 3997488
7 96 1474872
7 97 1478770
7 98 1478608
7 99 2248351
7 100 1481982
7 101 2224342
7 102 1478741
7 103 1478768
7 104 1482968
7 105 4024246
7 106 1481777
7 107 4031270
7 108 1482565
7 109 2238784
7 110 1478164
7 111 4042634
7 112 2203918
7 113 4003375
7 114 1475684
7 115 2228736
7 116 1478550
7 117 4006647
7 118 2205448
7 119 3919126
7 120 1464195
7 121 1464195
7 122 1464114
7 123 1468001
7 124 1468001
7 125 1464195
7 126 1464077
7 127 1464077
7 128 1472758
7 129 2230357
7 130 1473015
7 131 2226663
7 132 1472758
7 133 1473015
7 134 1464067
7 135 2228095
7 136 1470147
7 137 2224167
7 138 1470281
7 139 1473232
7 140 1473256
7 141 2221552
7 142 1470047
7 143 2194072
7 144 1493054
7 145 1493054
7 146 1493036
7 147 1494675
7 148 1494675
7 149 1493054
7 150 1501783
7 151 1501783
7 152 1503097
7 153 7049220
7 154 1511696
7 155 7062660
7 156 1512360
7 157 1514274
7 158 1507854
7 159 7063592
7 160 1512253
7 161 7105128
7 162 1511728
7 163 1510113
7 164 1515552
7 165 7103217
7 166 1512815
7 167 7067194
7 168 1498921
7 169 1498921
7 170 1508722
7 171 2281611
7 172 1509920
7 173 2271461
7 174 1501086
7 175 1501086
7 176 1507362
7 177 7065626
7 178 1511510
7 179 7066722
7 180 1510946
7 181 2287867
7 182 1510373
7 183 7138609
7 184 2262416
7 185 7108938
7 186 1515166
7 187 2290292
7 188 1518264
7 189 7140301
7 190 2265757
7 191 7142187
7 192 1508876
7 193 1512423
7 194 1503030
7 195 2291459
7 196 1510069
7 197 2291819
7 198 1516229
7 199 1516918
7 200 1510870
7 201 7138654
7 202 1518276
7 203 7137803
7 204 1513458
7 205 2286757
7 206 1501894
7 207 7068755
7 208 2266260
7 209 7142271
7 210 1511870
7 211 2282457
7 212 1516104
7 213 7109256
7 214 2267576
7 215 7109111
7 216 1506232
7 217 1506960
7 218 1506579
7 219 2277251
7 220 1506572
7 221 2246645
7 222 1514784
7 223 1514928
7 224 1516426
7 225 7107289
7 226 1518117
7 227 7141972
7 228 1518610
7 229 2291267
7 230 1515310
7 231 7144207
7 232 2259905
7 233 7106697
7 234 1512521
7 235 2277885
7 236 1514948
7 237 7108321
7 238 2260177
7 239 7066403
7 240 1492980
7 241 1492980
7 242 1492960
7 243 1494638
7 244 1494638
7 245 1492980
7 246 1498588
7 247 1498588
7 248 1508618
7 249 4042638
7 250 1512083
7 251 4040832
7 252 1508258
7 253 1509612
7 254 1502729
7 255 4036403
7 256 1509851
7 257 4031616
7 258 1509640
7 259 1509046
7 260 1512660
7 261 4037850
7 262 1510024
7 263 3976498
7 264 1463627
7 265 1463627
7 266 1463516
7 267 1468724
7 268 1468724
7 269 1463627
7 270 1501200
7 271 1501200
7 272 1507491
7 273 7063667
7 274 1511954
7 275 7067672
7 276 1505757
7 277 1511481
7 278 1507235
7 279 7065039
7 280 1512073
7 281 7105661
7 282 1508403
7 283 1503219
7 284 1515532
7 285 7105618
7 286 1511871
7 287 7065351
7 288 1499908
7 289 1499908
7 290 1513776
7 291 4074829
7 292 1517811
7 293 4066719
7 294 1499307
7 295 1499307
7 296 1512928
7 297 7118835
7 298 1515831
7 299 7119752
7 300 1506507
7 301 4074994
7 302 1506813
7 303 7123355
7 304 4011882
7 305 7066403
7 306 1515700
7 307 4095656
7 308 1516716
7 309 7191617
7 310 4018739
7 311 7109111
7 312 1513503
7 313 1517617
7 314 1512815
7 315 4100956
7 316 1519790
7 317 4100533
7 318 1512062
7 319 1513573
7 320 1509775
7 321 7150430
7 322 1520732
7 323 7190835
7 324 1511049
7 325 4075025
7 326 1508407
7 327 7155563
7 328 4017279
7 329 7106697
7 330 1512674
7 331 4083686
7 332 1516127
7 333 7156306
7 334 4039974
7 335 7142187
7 336 1515031
7 337 1514835
7 338 1521876
7 339 4090492
7 340 1522478
7 341 4006680
7 342 1510849
7 343 1509804
7 344 1522765
7 345 7186724
7 346 1514752
7 347 7156621
7 348 1519654
7 349 4108260
7 350 1519331
7 351 7225799
7 352 4034824
7 353 7142271
7 354 1516511
7 355 4077551
7 356 1516687
7 357 7188429
7 358 4011039
7 359 7108938
7 360 1501938
7 361 1501938
7 362 1512848
7 363 2280746
7 364 1514569
7 365 2267394
7 366 1501300
7 367 1501300
7 368 1516566
7 369 4099687
7 370 1517355
7 371 4093351
7 372 1511071
7 373 2291348
7 374 1513450
7 375 4118878
7 376 2259593
7 377 4099973
7 378 1512773
7 379 2288497
7 380 1516034
7 381 4112729
7 382 2260039
7 383 4086710
7 384 1501395
7 385 1501395
7 386 1505977
7 387 2267993
7 388 1511545
7 389 2243404
7 390 1497537
7 391 1497537
7 392 1514494
7 393 7115802
7 394 1515536
7 395 7119111
7 396 1512205
7 397 2298506
7 398 1509485
7 399 7149971
7 400 2281446
7 401 7188429
7 402 1520456
7 403 2272900
7 404 1519938
7 405 7188090
7 406 2279159
7 407 7156306
7 408 1499100
7 409 1499100
7 410 1511872
7 411 4048572
7 412 1513335
7 413 4036632
7 414 1463569
7 415 1463569
7 416 1503071
7 417 7064749
7 418 1503507
7 419 7064576
7 420 1510989
7 421 4071740
7 422 1505783
7 423 7153175
7 424 4018056
7 425 7108321
7 426 1516148
7 427 4084291
7 428 1512321
7 429 7156677
7 430 4017783
7 431 7109256
7 432 1506681
7 433 2276195
7 434 1511002
7 435 4104488
7 436 2263566
7 437 4106097
7 438 1511162
7 439 2281934
7 440 1503006
7 441 7122067
7 442 2281811
7 443 7156621
7 444 1508132
7 445 4072162
7 446 1499639
7 447 7119061
7 448 4038506
7 449 7141972
7 450 2234463
7 451 4043300
7 452 2242259
7 453 7065351
7 454 4011592
7 455 7067194
7 456 1512764
7 457 2290230
7 458 1517293
7 459 4116809
7 460 2275380
7 461 4112531
7 462 1516940
7 463 2286202
7 464 1516354
7 465 7156823
7 466 2272858
7 467 7190835
7 468 1516911
7 469 4106610
7 470 1510071
7 471 7187474
7 472 4025208
7 473 7137803
7 474 2242890
7 475 4046589
7 476 2244987
7 477 7105661
7 478 4028587
7 479 7105128
7 480 1503142
7 481 1511890
7 482 1507953
7 483 2294969
7 484 1512485
7 485 2293089
7 486 1507513
7 487 1511716
7 488 1511132
7 489 4111145
7 490 1518598
7 491 4111331
7 492 1511031
7 493 2298254
7 494 1502218
7 495 4096815
7 496 2281237
7 497 4108198
7 498 1508602
7 499 2280229
7 500 1512920
7 501 4099098
7 502 2277474
7 503 4080571
7 504 1507633
7 505 1512145
7 506 1507452
7 507 2293612
7 508 1512316
7 509 2288240
7 510 1514668
7 511 1515647
7 512 1508906
7 513 7118790
7 514 1520773
7 515 7187474
7 516 1510113
7 517 2294081
7 518 1510066
7 519 7156761
7 520 2294560
7 521 7225799
7 522 1517811
7 523 2293933
7 524 1523377
7 525 7156677
7 526 2294485
7 527 7191617
7 528 1512466
7 529 1515164
7 530 1509334
7 531 4104825
7 532 1520229
7 533 4035956
7 534 1503189
7 535 1503524
7 536 1513323
7 537 7153980
7 538 1515482
7 539 7156823
7 540 1503125
7 541 4067873
7 542 1502234
7 543 7118654
7 544 4036659
7 545 7144207
7 546 1518978
7 547 4054029
7 548 1517556
7 549 7188090
7 550 4027495
7 551 7140301
7 552 1506741
7 553 2282167
7 554 1508052
7 555 4094676
7 556 2267156
7 557 4101306
7 558 1506136
7 559 2265790
7 560 1501803
7 561 7121218
7 562 2273149
7 563 7186724
7 564 1499662
7 565 4034140
7 566 1463699
7 567 7062406
7 568 4007070
7 569 7107289
7 570 2243604
7 571 4047172
7 572 2241047
7 573 7105618
7 574 4024278
7 575 7103217
7 576 1503606
7 577 2259948
7 578 1508876
7 579 4070100
7 580 2263378
7 581 4037734
7 582 1509079
7 583 2261566
7 584 1513655
7 585 7064576
7 586 2256258
7 587 7119752
7 588 1513471
7 589 4050412
7 590 1508730
7 591 7119111
7 592 3950270
7 593 7066722
7 594 2239009
7 595 4035228
7 596 2240351
7 597 7067672
7 598 4004436
7 599 7062660
7 600 1499368
7 601 1504622
7 602 1504730
7 603 2275319
7 604 1508671
7 605 2253211
7 606 1504642
7 607 1504745
7 608 1512525
7 609 4079923
7 610 1511746
7 611 4071083
7 612 1512034
7 613 2272698
7 614 1504720
7 615 4080042
7 616 2255693
7 617 4064739
7 618 1508633
7 619 2272977
7 620 1511636
7 621 4057435
7 622 2257292
7 623 3974462
7 624 1504179
7 625 1505214
7 626 1504707
7 627 2277662
7 628 1508826
7 629 2252908
7 630 1512921
7 631 1513400
7 632 1514177
7 633 7062406
7 634 1520062
7 635 7119061
7 636 1516007
7 637 2292016
7 638 1516814
7 639 7118654
7 640 2276746
7 641 7155563
7 642 1517329
7 643 2273004
7 644 1522900
7 645 7153175
7 646 2281718
7 647 7123355
7 648 1512735
7 649 1513136
7 650 1516099
7 651 4095003
7 652 1519539
7 653 4056146
7 654 1504603
7 655 1504465
7 656 1517250
7 657 7121218
7 658 1516594
7 659 7122067
7 660 1512823
7 661 4093501
7 662 1513762
7 663 7156761
7 664 4007673
7 665 7068755
7 666 1516147
7 667 4026116
7 668 1516912
7 669 7149971
7 670 4030154
7 671 7138609
7 672 1512518
7 673 2286763
7 674 1516431
7 675 4119111
7 676 2269502
7 677 4105009
7 678 1514027
7 679 2266834
7 680 1512398
7 681 7153980
7 682 2271512
7 683 7150430
7 684 1512952
7 685 4085220
7 686 1499939
7 687 7118790
7 688 4035313
7 689 7138654
7 690 2232838
7 691 4035579
7 692 2239399
7 693 7065039
7 694 3993663
7 695 7063592
7 696 1503592
7 697 2258443
7 698 1508541
7 699 4068186
7 700 2259929
7 701 4007111
7 702 1508645
7 703 2257756
7 704 1513223
7 705 7064749
7 706 2253017
7 707 7118835
7 708 1510090
7 709 4005273
7 710 1504267
7 711 7115802
7 712 3972022
7 713 7065626
7 714 2230939
7 715 4005228
7 716 2226469
7 717 7063667
7 718 3948294
7 719 7049220
7 720 3128385
7 721 3128385
7 722 3128054
7 723 3141924
7 724 3141924
7 725 3128385
7 726 3127967
7 727 3127967
7 728 3153814
7 729 3889171
7 730 3154686
7 731 3888305
7 732 3153816
7 733 3154736
7 734 3127930
7 735 3889979
7 736 3144512
7 737 3874440
7 738 3144921
7 739 3155458
7 740 3155543
7 741 3871290
7 742 3144204
7 743 3819548
7 744 3127056
7 745 3127056
7 746 3126683
7 747 3141324
7 748 3141324
7 749 3127056
7 750 3155040
7 751 3155040
7 752 3161584
7 753 13399566
7 754 3185196
7 755 13399692
7 756 3165911
7 757 3181281
7 758 3171078
7 759 13390944
7 760 3174627
7 761 13521528
7 762 3180423
7 763 3167691
7 764 3196984
7 765 13521528
7 766 3185279
7 767 13399044
7 768 3155153
7 769 3155153
7 770 3167314
7 771 3912628
7 772 3181737
7 773 3874620
7 774 3126704
7 775 3126704
7 776 3168888
7 777 13399692
7 778 3170762
7 779 13399692
7 780 3159744
7 781 3912759
7 782 3156458
7 783 13521690
7 784 3861247
7 785 13399818
7 786 3175573
7 787 3892149
7 788 3181581
7 789 13521474
7 790 3872456
7 791 13521564
7 792 3159440
7 793 3182855
7 794 3168987
7 795 3941794
7 796 3172563
7 797 3929240
7 798 3167686
7 799 3168803
7 800 3157644
7 801 13521906
7 802 3183485
7 803 13521150
7 804 3159587
7 805 3908467
7 806 3126879
7 807 13399314
7 808 3873729
7 809 13521312
7 810 3149129
7 811 3888976
7 812 3162574
7 813 13399422
7 814 3855601
7 815 13399296
7 816 3146219
7 817 3160441
7 818 3159813
7 819 3912762
7 820 3171776
7 821 3863419
7 822 3159826
7 823 3159929
7 824 3175383
7 825 13400070
7 826 3170804
7 827 13521258
7 828 3174914
7 829 3881982
7 830 3157324
7 831 13521780
7 832 3835471
7 833 13390764
7 834 3149257
7 835 3876157
7 836 3159788
7 837 13399188
7 838 3836796
7 839 13393680
7 840 3136092
7 841 3136092
7 842 3135761
7 843 3149061
7 844 3149061
7 845 3136092
7 846 3135839
7 847 3135839
7 848 3155614
7 849 3889996
7 850 3156201
7 851 3889535
7 852 3155616
7 853 3156296
7 854 3135802
7 855 3891248
7 856 3145412
7 857 3875460
7 858 3145656
7 859 3156598
7 860 3156773
7 861 3872475
7 862 3145359
7 863 3827060
7 864 3138584
7 865 3138584
7 866 3138468
7 867 3144452
7 868 3144452
7 869 3138584
7 870 3138871
7 871 3138871
7 872 3138037
7 873 3459158
7 874 3154722
7 875 3617433
7 876 3163433
7 877 3169143
7 878 3145888
7 879 3632243
7 880 3161526
7 881 3661330
7 882 3161994
7 883 3156721
7 884 3168605
7 885 3644252
7 886 3159474
7 887 3654263
7 888 3160627
7 889 3160627
7 890 3180810
7 891 3936036
7 892 3184120
7 893 3927313
7 894 3146684
7 895 3146684
7 896 3145865
7 897 3647092
7 898 3155737
7 899 3657668
7 900 3175005
7 901 3941335
7 902 3164796
7 903 3684777
7 904 3916075
7 905 3667805
7 906 3185797
7 907 3954961
7 908 3184818
7 909 3683077
7 910 3921912
7 911 3694930
7 912 3174812
7 913 3184586
7 914 3164757
7 915 3940552
7 916 3172429
7 917 3934325
7 918 3182167
7 919 3185055
7 920 3164473
7 921 3689627
7 922 3184716
7 923 3668319
7 924 3169122
7 925 3942637
7 926 3146594
7 927 3674738
7 928 3921635
7 929 3695153
7 930 3165041
7 931 3925215
7 932 3173873
7 933 3681748
7 934 3923844
7 935 3684599
7 936 3163212
7 937 3167702
7 938 3167395
7 939 3912445
7 940 3162721
7 941 3863385
7 942 3172475
7 943 3176705
7 944 3174504
7 945 3654906
7 946 3184228
7 947 3684420
7 948 3185389
7 949 3947041
7 950 3176489
7 951 3701909
7 952 3923292
7 953 3682824
7 954 3165386
7 955 3918439
7 956 3172296
7 957 3682325
7 958 3914203
7 959 3659111
7 960 3142262
7 961 3142262
7 962 3142062
7 963 3150112
7 964 3150112
7 965 3142262
7 966 3172736
7 967 3172736
7 968 3188977
7 969 13531398
7 970 3203812
7 971 13531092
7 972 3188845
7 973 3193730
7 974 3189417
7 975 13527348
7 976 3194815
7 977 13590264
7 978 3193339
7 979 3190624
7 980 3208644
7 981 13590264
7 982 3197291
7 983 13525620
7 984 3142690
7 985 3142690
7 986 3142487
7 987 3150347
7 988 3150347
7 989 3142690
7 990 3144864
7 991 3144864
7 992 3144737
7 993 3644845
7 994 3154608
7 995 3671403
7 996 3160762
7 997 3169412
7 998 3144880
7 999 3655954
7 1000 3161677
7 1001 3689491
7 1002 3161622
7 1003 3153918
7 1004 3168958
7 1005 3688976
7 1006 3159059
7 1007 3674024
7 1008 3168473
7 1009 3168473
7 1010 3181529
7 1011 13552188
7 1012 3197985
7 1013 13551054
7 1014 3164667
7 1015 3164667
7 1016 3171925
7 1017 3692085
7 1018 3174292
7 1019 3704196
7 1020 3172562
7 1021 13531128
7 1022 3169904
7 1023 3690471
7 1024 13393680
7 1025 3665775
7 1026 3199178
7 1027 13640022
7 1028 3199079
7 1029 3734291
7 1030 13399296
7 1031 3700461
7 1032 3190663
7 1033 3205121
7 1034 3200341
7 1035 13719954
7 1036 3194428
7 1037 13775964
7 1038 3197540
7 1039 3203302
7 1040 3175601
7 1041 3693487
7 1042 3202755
7 1043 3711884
7 1044 3185338
7 1045 13534536
7 1046 3180372
7 1047 3721072
7 1048 13390422
7 1049 3699071
7 1050 3185845
7 1051 13690284
7 1052 3194220
7 1053 3703342
7 1054 13521222
7 1055 3712951
7 1056 3195556
7 1057 3193094
7 1058 3211578
7 1059 13715766
7 1060 3207013
7 1061 13651344
7 1062 3194854
7 1063 3192455
7 1064 3200349
7 1065 3718766
7 1066 3193883
7 1067 3715796
7 1068 3211878
7 1069 13765788
7 1070 3209681
7 1071 3747151
7 1072 13521186
7 1073 3713187
7 1074 3198522
7 1075 13665432
7 1076 3199715
7 1077 3724967
7 1078 13399692
7 1079 3700409
7 1080 3171264
7 1081 3171264
7 1082 3193298
7 1083 3919792
7 1084 3201635
7 1085 3887502
7 1086 3154839
7 1087 3154839
7 1088 3192607
7 1089 13635084
7 1090 3193374
7 1091 13634652
7 1092 3185155
7 1093 3956260
7 1094 3183494
7 1095 13760118
7 1096 3915447
7 1097 13672260
7 1098 3193130
7 1099 3948028
7 1100 3197209
7 1101 13785564
7 1102 3918701
7 1103 13701198
7 1104 3179419
7 1105 3179419
7 1106 3194178
7 1107 3924808
7 1108 3202681
7 1109 3891606
7 1110 3164989
7 1111 3164989
7 1112 3172617
7 1113 3694661
7 1114 3175486
7 1115 3705029
7 1116 3195417
7 1117 3951443
7 1118 3177668
7 1119 3683796
7 1120 3935781
7 1121 3728604
7 1122 3204926
7 1123 3913754
7 1124 3201966
7 1125 3721060
7 1126 3933225
7 1127 3717809
7 1128 3170636
7 1129 3170636
7 1130 3192910
7 1131 13557438
7 1132 3197553
7 1133 13550982
7 1134 3143701
7 1135 3143701
7 1136 3145089
7 1137 3676436
7 1138 3152502
7 1139 3676460
7 1140 3185787
7 1141 13538118
7 1142 3178660
7 1143 3719223
7 1144 13399314
7 1145 3701744
7 1146 3198144
7 1147 13634652
7 1148 3194221
7 1149 3721585
7 1150 13399422
7 1151 3701520
7 1152 3179827
7 1153 3949277
7 1154 3179647
7 1155 13709712
7 1156 3919487
7 1157 13652298
7 1158 3189271
7 1159 3947405
7 1160 3168986
7 1161 3711640
7 1162 3937109
7 1163 3722557
7 1164 3182637
7 1165 13597134
7 1166 3165882
7 1167 3709392
7 1168 13521474
7 1169 3713524
7 1170 3893470
7 1171 13525620
7 1172 3899575
7 1173 3686302
7 1174 13399260
7 1175 3686638
7 1176 3194177
7 1177 3947028
7 1178 3197748
7 1179 13807746
7 1180 3940900
7 1181 13786884
7 1182 3203738
7 1183 3955435
7 1184 3197225
7 1185 3723941
7 1186 3913355
7 1187 3734954
7 1188 3208796
7 1189 13785780
7 1190 3194422
7 1191 3734265
7 1192 13521402
7 1193 3710155
7 1194 3901768
7 1195 13589922
7 1196 3905039
7 1197 3703165
7 1198 13521528
7 1199 3700219
7 1200 3175051
7 1201 3194753
7 1202 3180797
7 1203 3958962
7 1204 3193444
7 1205 3946457
7 1206 3178099
7 1207 3188994
7 1208 3178473
7 1209 13703112
7 1210 3202399
7 1211 13791918
7 1212 3176321
7 1213 3941968
7 1214 3155566
7 1215 13672806
7 1216 3919524
7 1217 13766718
7 1218 3172594
7 1219 3924179
7 1220 3180754
7 1221 13641636
7 1222 3912917
7 1223 13641336
7 1224 3185402
7 1225 3202220
7 1226 3188714
7 1227 3963838
7 1228 3194560
7 1229 3949103
7 1230 3188991
7 1231 3196104
7 1232 3168321
7 1233 3698552
7 1234 3197665
7 1235 3729888
7 1236 3195285
7 1237 3970211
7 1238 3179273
7 1239 3719298
7 1240 3968599
7 1241 3743664
7 1242 3195079
7 1243 3949791
7 1244 3200445
7 1245 3701516
7 1246 3966980
7 1247 3731599
7 1248 3198193
7 1249 3201072
7 1250 3194420
7 1251 13787448
7 1252 3209751
7 1253 13807656
7 1254 3186302
7 1255 3187078
7 1256 3177856
7 1257 3720536
7 1258 3187520
7 1259 3720268
7 1260 3182172
7 1261 13597512
7 1262 3167507
7 1263 3710727
7 1264 13521780
7 1265 3717459
7 1266 3209920
7 1267 13785600
7 1268 3208077
7 1269 3733204
7 1270 13521474
7 1271 3712580
7 1272 3181704
7 1273 3955847
7 1274 3176988
7 1275 13657896
7 1276 3925591
7 1277 13716696
7 1278 3186137
7 1279 3927540
7 1280 3169072
7 1281 3712983
7 1282 3923983
7 1283 3735430
7 1284 3175377
7 1285 13538370
7 1286 3143286
7 1287 3677927
7 1288 13400070
7 1289 3699638
7 1290 3904515
7 1291 13590390
7 1292 3901216
7 1293 3703193
7 1294 13521528
7 1295 3697798
7 1296 3167617
7 1297 3912080
7 1298 3175243
7 1299 13557894
7 1300 3903792
7 1301 13551540
7 1302 3177519
7 1303 3923382
7 1304 3180672
7 1305 3684556
7 1306 3914064
7 1307 3713074
7 1308 3191915
7 1309 13634868
7 1310 3180995
7 1311 3713600
7 1312 13399692
7 1313 3687747
7 1314 3903458
7 1315 13531308
7 1316 3888528
7 1317 3690194
7 1318 13399692
7 1319 3681692
7 1320 3161504
7 1321 3169379
7 1322 3168926
7 1323 3929142
7 1324 3181092
7 1325 3886281
7 1326 3168425
7 1327 3168359
7 1328 3185468
7 1329 13539126
7 1330 3183061
7 1331 13597428
7 1332 3184095
7 1333 3897904
7 1334 3165988
7 1335 13598100
7 1336 3871862
7 1337 13535502
7 1338 3165147
7 1339 3892296
7 1340 3175405
7 1341 13538580
7 1342 3869068
7 1343 13531128
7 1344 3172083
7 1345 3177647
7 1346 3177494
7 1347 3935747
7 1348 3183453
7 1349 3894487
7 1350 3177362
7 1351 3180581
7 1352 3176379
7 1353 3654351
7 1354 3188302
7 1355 3706972
7 1356 3194628
7 1357 3958857
7 1358 3180827
7 1359 3705394
7 1360 3947704
7 1361 3720667
7 1362 3192631
7 1363 3907411
7 1364 3200027
7 1365 3703198
7 1366 3945563
7 1367 3699429
7 1368 3188362
7 1369 3188895
7 1370 3202424
7 1371 13658190
7 1372 3202228
7 1373 13709280
7 1374 3178147
7 1375 3178155
7 1376 3179850
7 1377 3709229
7 1378 3187083
7 1379 3707789
7 1380 3196913
7 1381 13672848
7 1382 3187504
7 1383 3726917
7 1384 13399314
7 1385 3689341
7 1386 3204633
7 1387 13759614
7 1388 3202563
7 1389 3718813
7 1390 13521690
7 1391 3713450
7 1392 3194765
7 1393 3957530
7 1394 3192618
7 1395 13787448
7 1396 3919684
7 1397 13721154
7 1398 3201777
7 1399 3914881
7 1400 3187575
7 1401 3726894
7 1402 3925361
7 1403 3721681
7 1404 3192698
7 1405 13702020
7 1406 3173782
7 1407 3710083
7 1408 13521906
7 1409 3715060
7 1410 3899952
7 1411 13527348
7 1412 3893512
7 1413 3687291
7 1414 13390944
7 1415 3683885
7 1416 3168004
7 1417 3913138
7 1418 3175247
7 1419 13558908
7 1420 3904744
7 1421 13552188
7 1422 3177082
7 1423 3915428
7 1424 3180624
7 1425 3685460
7 1426 3903992
7 1427 3710659
7 1428 3190708
7 1429 13635084
7 1430 3177736
7 1431 3710377
7 1432 13399692
7 1433 3686459
7 1434 3898224
7 1435 13531398
7 1436 3863686
7 1437 3684738
7 1438 13399566
7 1439 3656625
7 1440 3472251
7 1441 3472251
7 1442 3471065
7 1443 3494142
7 1444 3494142
7 1445 3472251
7 1446 3472199
7 1447 3472199
7 1448 3496599
7 1449 10729706
7 1450 3496752
7 1451 10723813
7 1452 3496599
7 1453 3496724
7 1454 3472199
7 1455 10726366
7 1456 3475323
7 1457 10726090
7 1458 3475426
7 1459 3496859
7 1460 3496880
7 1461 10721256
7 1462 3475240
7 1463 10693358
7 1464 3501376
7 1465 3501376
7 1466 3501142
7 1467 3507808
7 1468 3507808
7 1469 3501376
7 1470 3534204
7 1471 3534204
7 1472 3534641
7 1473 5577331
7 1474 3568298
7 1475 5642959
7 1476 3579988
7 1477 3587880
7 1478 3541002
7 1479 5634016
7 1480 3569775
7 1481 5680355
7 1482 3571633
7 1483 3566636
7 1484 3589366
7 1485 5666006
7 1486 3571128
7 1487 5652524
7 1488 3530335
7 1489 3530335
7 1490 3553522
7 1491 10994699
7 1492 3556959
7 1493 10970742
7 1494 3533857
7 1495 3533857
7 1496 3539623
7 1497 5654028
7 1498 3566417
7 1499 5652754
7 1500 3561545
7 1501 11017661
7 1502 3543450
7 1503 5696749
7 1504 10724423
7 1505 5643991
7 1506 3582906
7 1507 11129835
7 1508 3589674
7 1509 5692963
7 1510 10731069
7 1511 5682909
7 1512 3557872
7 1513 3580446
7 1514 3558669
7 1515 11138626
7 1516 3556655
7 1517 11138385
7 1518 3583946
7 1519 3586051
7 1520 3543870
7 1521 5698227
7 1522 3587870
7 1523 5685566
7 1524 3562105
7 1525 11013697
7 1526 3536199
7 1527 5670838
7 1528 10730080
7 1529 5683579
7 1530 3542269
7 1531 10994970
7 1532 3564648
7 1533 5648367
7 1534 10729573
7 1535 5651740
7 1536 3532270
7 1537 3539480
7 1538 3539192
7 1539 11015336
7 1540 3538580
7 1541 10990444
7 1542 3563931
7 1543 3568734
7 1544 3569202
7 1545 5636706
7 1546 3587221
7 1547 5691552
7 1548 3585766
7 1549 11133367
7 1550 3569780
7 1551 5701386
7 1552 10725482
7 1553 5648557
7 1554 3543325
7 1555 10996206
7 1556 3564604
7 1557 5649265
7 1558 10725849
7 1559 5632047
7 1560 3472149
7 1561 3472149
7 1562 3470963
7 1563 3494040
7 1564 3494040
7 1565 3472149
7 1566 3472097
7 1567 3472097
7 1568 3496599
7 1569 10729706
7 1570 3496752
7 1571 10723813
7 1572 3496599
7 1573 3496724
7 1574 3472097
7 1575 10726366
7 1576 3475323
7 1577 10726090
7 1578 3475426
7 1579 3496859
7 1580 3496880
7 1581 10721256
7 1582 3475240
7 1583 10693276
7 1584 3503861
7 1585 3503861
7 1586 3503673
7 1587 3508434
7 1588 3508434
7 1589 3503861
7 1590 3510899
7 1591 3510899
7 1592 3506931
7 1593 3948294
7 1594 3538661
7 1595 4004436
7 1596 3559115
7 1597 3563946
7 1598 3511405
7 1599 3993663
7 1600 3542365
7 1601 4028587
7 1602 3545953
7 1603 3542100
7 1604 3560433
7 1605 4024278
7 1606 3541728
7 1607 4011592
7 1608 3532473
7 1609 3532473
7 1610 3557923
7 1611 11006282
7 1612 3560332
7 1613 10995832
7 1614 3510770
7 1615 3510770
7 1616 3506834
7 1617 3972022
7 1618 3535473
7 1619 3950270
7 1620 3545365
7 1621 11008789
7 1622 3518044
7 1623 4030154
7 1624 10725573
7 1625 4011039
7 1626 3566906
7 1627 11139602
7 1628 3564218
7 1629 4027495
7 1630 10729068
7 1631 4039974
7 1632 3543644
7 1633 3563497
7 1634 3538709
7 1635 11143517
7 1636 3540986
7 1637 11146579
7 1638 3565695
7 1639 3567968
7 1640 3518225
7 1641 4035313
7 1642 3564423
7 1643 4025208
7 1644 3541337
7 1645 11005388
7 1646 3511871
7 1647 4007673
7 1648 10725185
7 1649 4034824
7 1650 3519949
7 1651 11004073
7 1652 3542069
7 1653 4017783
7 1654 10731424
7 1655 4018739
7 1656 3514567
7 1657 3518842
7 1658 3518437
7 1659 11006257
7 1660 3515143
7 1661 10976744
7 1662 3544071
7 1663 3548232
7 1664 3543765
7 1665 4007070
7 1666 3563686
7 1667 4038506
7 1668 3567551
7 1669 11143272
7 1670 3545216
7 1671 4036659
7 1672 10729775
7 1673 4017279
7 1674 3520177
7 1675 10997609
7 1676 3541805
7 1677 4018056
7 1678 10724383
7 1679 4011882
7 1680 3507496
7 1681 3507496
7 1682 3507415
7 1683 3510509
7 1684 3510509
7 1685 3507496
7 1686 3536766
7 1687 3536766
7 1688 3562685
7 1689 5596578
7 1690 3592323
7 1691 5643037
7 1692 3584733
7 1693 3588706
7 1694 3567473
7 1695 5659253
7 1696 3575696
7 1697 5659951
7 1698 3572947
7 1699 3571116
7 1700 3596141
7 1701 5653531
7 1702 3577902
7 1703 5650060
7 1704 3506396
7 1705 3506396
7 1706 3506294
7 1707 3510193
7 1708 3510193
7 1709 3506396
7 1710 3536007
7 1711 3536007
7 1712 3538243
7 1713 4005228
7 1714 3564490
7 1715 4035228
7 1716 3565162
7 1717 3570466
7 1718 3540921
7 1719 4035579
7 1720 3549409
7 1721 4046589
7 1722 3549025
7 1723 3544666
7 1724 3570918
7 1725 4047172
7 1726 3549500
7 1727 4043300
7 1728 3512970
7 1729 3512970
7 1730 3538385
7 1731 5540704
7 1732 3567150
7 1733 5574875
7 1734 3512912
7 1735 3512912
7 1736 3537276
7 1737 4007111
7 1738 3545412
7 1739 4037734
7 1740 3507876
7 1741 5276700
7 1742 3507874
7 1743 3974462
7 1744 5238246
7 1745 3919126
7 1746 3572314
7 1747 5572220
7 1748 3573519
7 1749 4080571
7 1750 5487040
7 1751 3997488
7 1752 3594870
7 1753 3599225
7 1754 3594896
7 1755 5669716
7 1756 3597290
7 1757 5698882
7 1758 3598536
7 1759 3599622
7 1760 3588796
7 1761 4105009
7 1762 3600611
7 1763 4112531
7 1764 3542112
7 1765 5585899
7 1766 3541954
7 1767 4064739
7 1768 5525604
7 1769 4003375
7 1770 3572184
7 1771 5650962
7 1772 3576223
7 1773 4086710
7 1774 5594278
7 1775 4034453
7 1776 3580221
7 1777 3580588
7 1778 3608077
7 1779 5679851
7 1780 3606118
7 1781 5696713
7 1782 3580911
7 1783 3580711
7 1784 3607296
7 1785 4101306
7 1786 3603171
7 1787 4106097
7 1788 3597774
7 1789 5585955
7 1790 3597708
7 1791 4108198
7 1792 5555988
7 1793 4027879
7 1794 3580065
7 1795 5670937
7 1796 3580996
7 1797 4099973
7 1798 5586803
7 1799 4017777
7 1800 3539168
7 1801 3539168
7 1802 3581495
7 1803 11052204
7 1804 3585414
7 1805 11024891
7 1806 3562330
7 1807 3562330
7 1808 3591361
7 1809 5705319
7 1810 3602153
7 1811 5730965
7 1812 3569120
7 1813 11220818
7 1814 3590522
7 1815 5760422
7 1816 10996279
7 1817 5725228
7 1818 3571125
7 1819 11218931
7 1820 3605290
7 1821 5746494
7 1822 11000526
7 1823 5733450
7 1824 3560738
7 1825 3560738
7 1826 3585210
7 1827 11049668
7 1828 3589176
7 1829 11023983
7 1830 3538710
7 1831 3538710
7 1832 3558278
7 1833 4005273
7 1834 3571658
7 1835 4050412
7 1836 3595383
7 1837 11224630
7 1838 3562330
7 1839 4026116
7 1840 10996037
7 1841 4077551
7 1842 3598725
7 1843 11217170
7 1844 3590501
7 1845 4054029
7 1846 10994590
7 1847 4083686
7 1848 3542854
7 1849 3542854
7 1850 3571113
7 1851 5689570
7 1852 3581769
7 1853 5680815
7 1854 3540525
7 1855 3540525
7 1856 3565637
7 1857 4068186
7 1858 3569850
7 1859 4070100
7 1860 3540793
7 1861 5582236
7 1862 3540673
7 1863 4057435
7 1864 5579600
7 1865 4006647
7 1866 3582229
7 1867 5692602
7 1868 3582425
7 1869 4099098
7 1870 5600293
7 1871 4008357
7 1872 3543464
7 1873 11048192
7 1874 3569644
7 1875 5723379
7 1876 10976205
7 1877 5697246
7 1878 3567767
7 1879 11046700
7 1880 3541155
7 1881 4056146
7 1882 10986576
7 1883 4006680
7 1884 3544026
7 1885 5683091
7 1886 3541778
7 1887 4071083
7 1888 5639186
7 1889 4031270
7 1890 10693522
7 1891 5635862
7 1892 10693604
7 1893 3976498
7 1894 5598837
7 1895 4003166
7 1896 3566584
7 1897 11197521
7 1898 3601244
7 1899 5745933
7 1900 11139659
7 1901 5760937
7 1902 3593993
7 1903 11198216
7 1904 3594957
7 1905 4035956
7 1906 11132545
7 1907 4100533
7 1908 3601581
7 1909 5696207
7 1910 3599639
7 1911 4111331
7 1912 5635249
7 1913 4033131
7 1914 10722810
7 1915 5693285
7 1916 10722810
7 1917 4031616
7 1918 5672037
7 1919 4040934
7 1920 3566044
7 1921 3593139
7 1922 3570604
7 1923 11224926
7 1924 3574916
7 1925 11237517
7 1926 3594119
7 1927 3601692
7 1928 3579059
7 1929 5753011
7 1930 3607720
7 1931 5769057
7 1932 3596586
7 1933 11240058
7 1934 3578626
7 1935 5755999
7 1936 11140668
7 1937 5767127
7 1938 3569483
7 1939 11221769
7 1940 3601858
7 1941 5731340
7 1942 11141085
7 1943 5738882
7 1944 3572956
7 1945 3596760
7 1946 3571678
7 1947 11244281
7 1948 3576638
7 1949 11240737
7 1950 3596309
7 1951 3601098
7 1952 3566901
7 1953 4085220
7 1954 3607293
7 1955 4106610
7 1956 3596621
7 1957 11241009
7 1958 3571191
7 1959 4093501
7 1960 11133164
7 1961 4108260
7 1962 3578113
7 1963 11257836
7 1964 3601921
7 1965 4084291
7 1966 11133189
7 1967 4095656
7 1968 3598591
7 1969 3601312
7 1970 3595592
7 1971 5756599
7 1972 3608495
7 1973 5717986
7 1974 3598333
7 1975 3599173
7 1976 3592342
7 1977 4119111
7 1978 3604552
7 1979 4116809
7 1980 3544745
7 1981 5672062
7 1982 3544581
7 1983 4080042
7 1984 5649648
7 1985 4042634
7 1986 3598548
7 1987 5704830
7 1988 3601609
7 1989 4112729
7 1990 5583261
7 1991 4030632
7 1992 3571645
7 1993 11070170
7 1994 3576121
7 1995 5754003
7 1996 11004188
7 1997 5743521
7 1998 3579963
7 1999 11050555
7 2000 3566186
7 2001 4095003
7 2002 10996875
7 2003 4090492
7 2004 3547108
7 2005 5701247
7 2006 3545733
7 2007 4079923
7 2008 5649423
7 2009 4024246
7 2010 10722604
7 2011 5699168
7 2012 10722604
7 2013 4037850
7 2014 5673555
7 2015 4041022
7 2016 3544212
7 2017 11025494
7 2018 3572138
7 2019 5704222
7 2020 10998283
7 2021 5710905
7 2022 3550840
7 2023 11044844
7 2024 3573964
7 2025 4036632
7 2026 10970937
7 2027 4066719
7 2028 3577567
7 2029 5691438
7 2030 3577521
7 2031 4093351
7 2032 5635625
7 2033 4018647
7 2034 10726318
7 2035 5693290
7 2036 10726318
7 2037 4040832
7 2038 5654428
7 2039 4020305
7 2040 3539483
7 2041 3544301
7 2042 3544335
7 2043 11072928
7 2044 3546596
7 2045 11051144
7 2046 3571395
7 2047 3574759
7 2048 3582223
7 2049 5690437
7 2050 3601577
7 2051 5723203
7 2052 3596725
7 2053 11245974
7 2054 3579198
7 2055 5732345
7 2056 11006836
7 2057 5709013
7 2058 3574429
7 2059 11226463
7 2060 3598276
7 2061 5705426
7 2062 11009799
7 2063 5690924
7 2064 3543015
7 2065 3545277
7 2066 3544615
7 2067 11082079
7 2068 3546900
7 2069 11052862
7 2070 3573108
7 2071 3575811
7 2072 3575506
7 2073 4034140
7 2074 3599485
7 2075 4072162
7 2076 3598594
7 2077 11263735
7 2078 3577881
7 2079 4067873
7 2080 11019771
7 2081 4075025
7 2082 3576481
7 2083 11226941
7 2084 3598571
7 2085 4071740
7 2086 11019415
7 2087 4074994
7 2088 3578577
7 2089 3579388
7 2090 3598927
7 2091 5711268
7 2092 3610442
7 2093 5714467
7 2094 3576606
7 2095 3577112
7 2096 3600055
7 2097 4094676
7 2098 3604850
7 2099 4104488
7 2100 3578077
7 2101 5637637
7 2102 3578139
7 2103 4096815
7 2104 5566493
7 2105 4008248
7 2106 3600441
7 2107 5702650
7 2108 3601851
7 2109 4118878
7 2110 5626680
7 2111 4039581
7 2112 3594715
7 2113 11239223
7 2114 3604718
7 2115 5779562
7 2116 11143414
7 2117 5758202
7 2118 3604369
7 2119 11224607
7 2120 3597709
7 2121 4104825
7 2122 11138619
7 2123 4100956
7 2124 3581079
7 2125 5735039
7 2126 3579709
7 2127 4111145
7 2128 5681241
7 2129 4046876
7 2130 10726502
7 2131 5694517
7 2132 10726502
7 2133 4036403
7 2134 5646568
7 2135 4018672
7 2136 3550584
7 2137 11049775
7 2138 3576268
7 2139 5709503
7 2140 11006761
7 2141 5705275
7 2142 3553130
7 2143 11058449
7 2144 3577538
7 2145 4048572
7 2146 10994687
7 2147 4074829
7 2148 3580304
7 2149 5699216
7 2150 3578675
7 2151 4099687
7 2152 5641364
7 2153 4019956
7 2154 10730154
7 2155 5676714
7 2156 10730154
7 2157 4042638
7 2158 5624542
7 2159 4016707
7 2160 1699324
7 2161 1699324
7 2162 1699217
7 2163 3330805
7 2164 1702205
7 2165 3314916
7 2166 1738767
7 2167 1738767
7 2168 1748727
7 2169 4282970
7 2170 1761276
7 2171 4293820
7 2172 1754322
7 2173 3422080
7 2174 1746976
7 2175 4293327
7 2176 3343491
7 2177 4283026
7 2178 1743882
7 2179 3420973
7 2180 1761749
7 2181 4282960
7 2182 3344677
7 2183 4267309
7 2184 1722456
7 2185 1722456
7 2186 1722345
7 2187 3354193
7 2188 1725612
7 2189 3337986
7 2190 1748764
7 2191 1748764
7 2192 1751380
7 2193 3863686
7 2194 1767132
7 2195 3888528
7 2196 1762343
7 2197 3445409
7 2198 1753417
7 2199 3893512
7 2200 3361982
7 2201 3905039
7 2202 1755672
7 2203 3430501
7 2204 1770085
7 2205 3901216
7 2206 3364304
7 2207 3899575
7 2208 1724638
7 2209 1724638
7 2210 1743914
7 2211 4282595
7 2212 1759873
7 2213 4278686
7 2214 1744740
7 2215 1744740
7 2216 1766535
7 2217 3903992
7 2218 1769401
7 2219 3914064
7 2220 1748054
7 2221 4283785
7 2222 1754394
7 2223 3945563
7 2224 4241899
7 2225 3914203
7 2226 1764854
7 2227 4310053
7 2228 1771400
7 2229 3966980
7 2230 4252655
7 2231 3923844
7 2232 1737565
7 2233 3421350
7 2234 1761454
7 2235 4343621
7 2236 3409309
7 2237 4333994
7 2238 1763537
7 2239 3429719
7 2240 1766456
7 2241 3925361
7 2242 3431522
7 2243 3913355
7 2244 1748426
7 2245 4291702
7 2246 1752429
7 2247 3947704
7 2248 4252069
7 2249 3923292
7 2250 3342424
7 2251 4304672
7 2252 3350722
7 2253 3933225
7 2254 4246217
7 2255 3921912
7 2256 1739366
7 2257 3407139
7 2258 1764981
7 2259 4321071
7 2260 3426486
7 2261 4310466
7 2262 1754103
7 2263 3431568
7 2264 1773967
7 2265 3923983
7 2266 3431013
7 2267 3937109
7 2268 1763696
7 2269 4300093
7 2270 1766901
7 2271 3968599
7 2272 4242932
7 2273 3921635
7 2274 3342706
7 2275 4303221
7 2276 3350409
7 2277 3935781
7 2278 4239686
7 2279 3916075
7 2280 1722703
7 2281 1722703
7 2282 1722596
7 2283 3354245
7 2284 1725664
7 2285 3338234
7 2286 1742191
7 2287 1742191
7 2288 1750531
7 2289 4283729
7 2290 1762914
7 2291 4292041
7 2292 1760093
7 2293 3428003
7 2294 1745167
7 2295 4289366
7 2296 3345413
7 2297 4275779
7 2298 1749945
7 2299 3427835
7 2300 1760942
7 2301 4278519
7 2302 3344343
7 2303 4246167
7 2304 1702580
7 2305 1702580
7 2306 1702563
7 2307 3348390
7 2308 1703719
7 2309 3341987
7 2310 1725287
7 2311 1725287
7 2312 1725064
7 2313 2226469
7 2314 1739834
7 2315 2240351
7 2316 1741429
7 2317 3437526
7 2318 1725608
7 2319 2239399
7 2320 3348673
7 2321 2244987
7 2322 1729940
7 2323 3432106
7 2324 1742869
7 2325 2241047
7 2326 3348962
7 2327 2242259
7 2328 1749394
7 2329 1749394
7 2330 1770569
7 2331 4351782
7 2332 1772789
7 2333 4349580
7 2334 1724821
7 2335 1724821
7 2336 1740601
7 2337 2253017
7 2338 1743945
7 2339 2256258
7 2340 1754798
7 2341 4353551
7 2342 1746589
7 2343 2281718
7 2344 4299348
7 2345 2260177
7 2346 1768619
7 2347 4384397
7 2348 1767521
7 2349 2294485
7 2350 4301922
7 2351 2267576
7 2352 1765273
7 2353 3447841
7 2354 1768275
7 2355 4374703
7 2356 3438498
7 2357 4366679
7 2358 1759389
7 2359 3434979
7 2360 1743650
7 2361 2271512
7 2362 3430941
7 2363 2272858
7 2364 1754470
7 2365 4351874
7 2366 1744229
7 2367 2276746
7 2368 4298760
7 2369 2259905
7 2370 3352078
7 2371 4335389
7 2372 3364802
7 2373 2279159
7 2374 4306113
7 2375 2265757
7 2376 1754717
7 2377 3435080
7 2378 1769283
7 2379 4334533
7 2380 3435278
7 2381 4299797
7 2382 1751925
7 2383 3447320
7 2384 1765292
7 2385 2273149
7 2386 3431092
7 2387 2281811
7 2388 1769194
7 2389 4386257
7 2390 1765252
7 2391 2294560
7 2392 4307095
7 2393 2266260
7 2394 3353217
7 2395 4330897
7 2396 3362485
7 2397 2281446
7 2398 4295914
7 2399 2262416
7 2400 1702548
7 2401 1702548
7 2402 1702529
7 2403 3348438
7 2404 1703767
7 2405 3341957
7 2406 1727058
7 2407 1727058
7 2408 1733549
7 2409 3898224
7 2410 1747116
7 2411 3903458
7 2412 1742460
7 2413 3436074
7 2414 1730611
7 2415 3899952
7 2416 3351594
7 2417 3901768
7 2418 1733532
7 2419 3434767
7 2420 1747096
7 2421 3904515
7 2422 3350486
7 2423 3893470
7 2424 1697750
7 2425 1697750
7 2426 1697619
7 2427 3330529
7 2428 1701925
7 2429 3313415
7 2430 1723501
7 2431 1723501
7 2432 1724045
7 2433 2230939
7 2434 1738255
7 2435 2239009
7 2436 1736774
7 2437 3424321
7 2438 1723953
7 2439 2232838
7 2440 3340950
7 2441 2242890
7 2442 1728216
7 2443 3405234
7 2444 1742308
7 2445 2243604
7 2446 3340671
7 2447 2234463
7 2448 1722400
7 2449 1722400
7 2450 1743777
7 2451 3904744
7 2452 1747674
7 2453 3903792
7 2454 1722121
7 2455 1722121
7 2456 1743149
7 2457 2259929
7 2458 1743669
7 2459 2263378
7 2460 1723733
7 2461 3869068
7 2462 1723722
7 2463 2257292
7 2464 3836796
7 2465 2205448
7 2466 1740801
7 2467 3912917
7 2468 1741690
7 2469 2277474
7 2470 3855601
7 2471 2212273
7 2472 1740235
7 2473 3431111
7 2474 1748288
7 2475 3919684
7 2476 3433796
7 2477 3940900
7 2478 1743718
7 2479 3427262
7 2480 1742977
7 2481 2269502
7 2482 3423260
7 2483 2275380
7 2484 1723711
7 2485 3871862
7 2486 1723339
7 2487 2255693
7 2488 3835471
7 2489 2203918
7 2490 3343014
7 2491 3918701
7 2492 3343318
7 2493 2260039
7 2494 3872456
7 2495 2216647
7 2496 1731148
7 2497 3432100
7 2498 1752227
7 2499 3925591
7 2500 3437021
7 2501 3919487
7 2502 1732345
7 2503 3429635
7 2504 1751731
7 2505 2267156
7 2506 3407754
7 2507 2263566
7 2508 1744745
7 2509 3919524
7 2510 1744658
7 2511 2281237
7 2512 3873729
7 2513 2217323
7 2514 3344086
7 2515 3915447
7 2516 3342135
7 2517 2259593
7 2518 3861247
7 2519 2212445
7 2520 1719064
7 2521 1719064
7 2522 1762567
7 2523 4297624
7 2524 1765388
7 2525 4293928
7 2526 1745425
7 2527 1745425
7 2528 1770783
7 2529 3915428
7 2530 1772587
7 2531 3923382
7 2532 1741856
7 2533 4169559
7 2534 1766574
7 2535 3907411
7 2536 4218868
7 2537 3918439
7 2538 1758704
7 2539 4265212
7 2540 1773179
7 2541 3949791
7 2542 4219678
7 2543 3925215
7 2544 1745192
7 2545 1745192
7 2546 1766227
7 2547 4311450
7 2548 1769465
7 2549 4305992
7 2550 1720849
7 2551 1720849
7 2552 1740870
7 2553 2257756
7 2554 1742819
7 2555 2261566
7 2556 1769508
7 2557 4367213
7 2558 1742561
7 2559 2273004
7 2560 4327658
7 2561 2277885
7 2562 1773033
7 2563 4351434
7 2564 1765612
7 2565 2293933
7 2566 4328564
7 2567 2282457
7 2568 1721188
7 2569 1721188
7 2570 1746042
7 2571 3913138
7 2572 1748283
7 2573 3912080
7 2574 1717312
7 2575 1717312
7 2576 1739226
7 2577 2258443
7 2578 1739468
7 2579 2259948
7 2580 1739285
7 2581 3892296
7 2582 1738984
7 2583 2272977
7 2584 3876157
7 2585 2228736
7 2586 1745623
7 2587 3924179
7 2588 1745739
7 2589 2280229
7 2590 3888976
7 2591 2232826
7 2592 1718921
7 2593 4245026
7 2594 1745835
7 2595 3894487
7 2596 4093541
7 2597 3863385
7 2598 1745820
7 2599 4306384
7 2600 1720419
7 2601 2252908
7 2602 4317641
7 2603 2246645
7 2604 1720711
7 2605 3886281
7 2606 1718559
7 2607 2253211
7 2608 3863419
7 2609 2224342
7 2610 4040328
7 2611 3827060
7 2612 4235077
7 2613 2194072
7 2614 3819548
7 2615 2195198
7 2616 1750909
7 2617 4311633
7 2618 1765656
7 2619 3949103
7 2620 4216471
7 2621 3934325
7 2622 1765577
7 2623 4352397
7 2624 1758374
7 2625 2288240
7 2626 4356531
7 2627 2291819
7 2628 1758029
7 2629 3946457
7 2630 1756173
7 2631 2293089
7 2632 3929240
7 2633 2260927
7 2634 4120931
7 2635 3875460
7 2636 4244200
7 2637 2224167
7 2638 3874440
7 2639 2224319
7 2640 1734006
7 2641 3404205
7 2642 1761962
7 2643 4364995
7 2644 3428325
7 2645 4362451
7 2646 1760885
7 2647 3431207
7 2648 1769433
7 2649 3914881
7 2650 3437506
7 2651 3955435
7 2652 1761857
7 2653 4313766
7 2654 1769417
7 2655 3958857
7 2656 4280729
7 2657 3947041
7 2658 3406884
7 2659 4308363
7 2660 3433981
7 2661 3913754
7 2662 4294128
7 2663 3954961
7 2664 1760945
7 2665 3430886
7 2666 1764069
7 2667 4376891
7 2668 3433586
7 2669 4366686
7 2670 1756652
7 2671 3429729
7 2672 1742065
7 2673 2266834
7 2674 3429692
7 2675 2286202
7 2676 1769397
7 2677 4386319
7 2678 1759427
7 2679 2292016
7 2680 4374722
7 2681 2291267
7 2682 3437564
7 2683 4372593
7 2684 3431258
7 2685 2272900
7 2686 4380065
7 2687 2290292
7 2688 1754287
7 2689 3429987
7 2690 1760977
7 2691 3957530
7 2692 3436013
7 2693 3947028
7 2694 1753240
7 2695 3402915
7 2696 1758347
7 2697 2286763
7 2698 3406286
7 2699 2290230
7 2700 1738935
7 2701 3897904
7 2702 1738706
7 2703 2272698
7 2704 3881982
7 2705 2238784
7 2706 3429141
7 2707 3948028
7 2708 3422261
7 2709 2288497
7 2710 3892149
7 2711 2239545
7 2712 1738427
7 2713 4294740
7 2714 1752758
7 2715 3935747
7 2716 4201549
7 2717 3912445
7 2718 1752542
7 2719 4324750
7 2720 1738995
7 2721 2277662
7 2722 4325114
7 2723 2277251
7 2724 1739020
7 2725 3929142
7 2726 1735724
7 2727 2275319
7 2728 3912762
7 2729 2248351
7 2730 4135737
7 2731 3872475
7 2732 4242045
7 2733 2221552
7 2734 3871290
7 2735 2221727
7 2736 3316339
7 2737 4298100
7 2738 3345255
7 2739 3891606
7 2740 4239483
7 2741 3927313
7 2742 3345080
7 2743 4328259
7 2744 3339957
7 2745 2243404
7 2746 4336651
7 2747 2271461
7 2748 3340243
7 2749 3887502
7 2750 3317824
7 2751 2267394
7 2752 3874620
7 2753 2226802
7 2754 4171661
7 2755 3889535
7 2756 4264151
7 2757 2226663
7 2758 3888305
7 2759 2226841
7 2760 1736405
7 2761 3404261
7 2762 1765280
7 2763 4336267
7 2764 3429948
7 2765 4328073
7 2766 1751431
7 2767 3431068
7 2768 1774250
7 2769 3927540
7 2770 3435199
7 2771 3947405
7 2772 1766454
7 2773 4303403
7 2774 1771458
7 2775 3970211
7 2776 4265477
7 2777 3942637
7 2778 3427192
7 2779 4316436
7 2780 3439647
7 2781 3951443
7 2782 4274316
7 2783 3941335
7 2784 1751836
7 2785 3431326
7 2786 1766344
7 2787 4344028
7 2788 3432775
7 2789 4329895
7 2790 1749055
7 2791 3444073
7 2792 1764847
7 2793 2265790
7 2794 3430760
7 2795 2281934
7 2796 1773166
7 2797 4395552
7 2798 1770779
7 2799 2294081
7 2800 4355243
7 2801 2286757
7 2802 3437919
7 2803 4350855
7 2804 3446934
7 2805 2298506
7 2806 4346982
7 2807 2287867
7 2808 1748069
7 2809 3441931
7 2810 1769108
7 2811 3955847
7 2812 3449576
7 2813 3949277
7 2814 1745522
7 2815 3417321
7 2816 1767355
7 2817 2282167
7 2818 3424388
7 2819 2276195
7 2820 1762855
7 2821 3941968
7 2822 1762986
7 2823 2298254
7 2824 3908467
7 2825 2245790
7 2826 3428150
7 2827 3956260
7 2828 3422303
7 2829 2291348
7 2830 3912759
7 2831 2249439
7 2832 1756035
7 2833 4352899
7 2834 1768827
7 2835 3963838
7 2836 4224809
7 2837 3940552
7 2838 1768438
7 2839 4380227
7 2840 1759908
7 2841 2293612
7 2842 4376912
7 2843 2291459
7 2844 1759769
7 2845 3958962
7 2846 1756652
7 2847 2294969
7 2848 3941794
7 2849 2264317
7 2850 4157408
7 2851 3891248
7 2852 4264765
7 2853 2228095
7 2854 3889979
7 2855 2228274
7 2856 3333546
7 2857 4315179
7 2858 3351638
7 2859 3924808
7 2860 4249153
7 2861 3936036
7 2862 3351622
7 2863 4334312
7 2864 3356220
7 2865 2267993
7 2866 4338709
7 2867 2281611
7 2868 3356269
7 2869 3919792
7 2870 3333776
7 2871 2280746
7 2872 3912628
7 2873 2248122
7 2874 4164496
7 2875 3889996
7 2876 4245065
7 2877 2230357
7 2878 3889171
7 2879 2230472
7 2880 962361
7 2881 962361
7 2882 970831
7 2883 1749323
7 2884 971223
7 2885 1743792
7 2886 965434
7 2887 965434
7 2888 974241
7 2889 3578675
7 2890 974509
7 2891 3577521
7 2892 971920
7 2893 1766543
7 2894 972032
7 2895 3601851
7 2896 1732063
7 2897 3580996
7 2898 971786
7 2899 1764271
7 2900 972714
7 2901 3601609
7 2902 1732082
7 2903 3576223
7 2904 965288
7 2905 965288
7 2906 971051
7 2907 1752413
7 2908 971893
7 2909 1746573
7 2910 968298
7 2911 968298
7 2912 974734
7 2913 3177736
7 2914 975306
7 2915 3180995
7 2916 976922
7 2917 1774874
7 2918 977090
7 2919 3202563
7 2920 1757000
7 2921 3199715
7 2922 977694
7 2923 1769185
7 2924 978565
7 2925 3208077
7 2926 1757211
7 2927 3194220
7 2928 968144
7 2929 968144
7 2930 976805
7 2931 3577538
7 2932 977320
7 2933 3573964
7 2934 965327
7 2935 965327
7 2936 974706
7 2937 3180624
7 2938 974761
7 2939 3180672
7 2940 974788
7 2941 3598571
7 2942 974491
7 2943 3200027
7 2944 3541805
7 2945 3172296
7 2946 975645
7 2947 3601921
7 2948 975634
7 2949 3200445
7 2950 3542069
7 2951 3173873
7 2952 968592
7 2953 1766979
7 2954 971735
7 2955 3604850
7 2956 1747774
7 2957 3603171
7 2958 971960
7 2959 1767159
7 2960 971705
7 2961 3187083
7 2962 1766863
7 2963 3193883
7 2964 972009
7 2965 3599485
7 2966 971078
7 2967 3188302
7 2968 3563686
7 2969 3184228
7 2970 1728433
7 2971 3549500
7 2972 1729652
7 2973 3159059
7 2974 3541728
7 2975 3159474
7 2976 968689
7 2977 1762003
7 2978 972037
7 2979 3604552
7 2980 1751680
7 2981 3600611
7 2982 972037
7 2983 1764823
7 2984 973097
7 2985 3187520
7 2986 1764954
7 2987 3202755
7 2988 973125
7 2989 3607293
7 2990 972452
7 2991 3197665
7 2992 3564423
7 2993 3184716
7 2994 1728732
7 2995 3549409
7 2996 1729364
7 2997 3161677
7 2998 3542365
7 2999 3161526
7 3000 965446
7 3001 965446
7 3002 971353
7 3003 1750904
7 3004 971900
7 3005 1743737
7 3006 965497
7 3007 965497
7 3008 974522
7 3009 3580304
7 3010 974862
7 3011 3577567
7 3012 971992
7 3013 1763348
7 3014 971506
7 3015 3600441
7 3016 1728268
7 3017 3580065
7 3018 972161
7 3019 1761295
7 3020 972476
7 3021 3598548
7 3022 1728261
7 3023 3572184
7 3024 967988
7 3025 967988
7 3026 971299
7 3027 1752227
7 3028 971930
7 3029 1747714
7 3030 962672
7 3031 962672
7 3032 968315
7 3033 1504267
7 3034 969003
7 3035 1508730
7 3036 975228
7 3037 1773815
7 3038 973794
7 3039 1516912
7 3040 1755711
7 3041 1516687
7 3042 975662
7 3043 1769049
7 3044 975525
7 3045 1517556
7 3046 1755632
7 3047 1516127
7 3048 967809
7 3049 967809
7 3050 976634
7 3051 3576268
7 3052 977223
7 3053 3572138
7 3054 967909
7 3055 967909
7 3056 971263
7 3057 1513223
7 3058 971849
7 3059 1513655
7 3060 976882
7 3061 3598276
7 3062 976504
7 3063 1522900
7 3064 3564604
7 3065 1514948
7 3066 977866
7 3067 3601858
7 3068 978116
7 3069 1523377
7 3070 3564648
7 3071 1516104
7 3072 974651
7 3073 1768220
7 3074 974427
7 3075 3610442
7 3076 1750865
7 3077 3606118
7 3078 976882
7 3079 1771437
7 3080 971245
7 3081 1516594
7 3082 1771251
7 3083 1514752
7 3084 976553
7 3085 3601577
7 3086 973854
7 3087 1520062
7 3088 3587221
7 3089 1518117
7 3090 1732791
7 3091 3577902
7 3092 1756537
7 3093 1511871
7 3094 3571128
7 3095 1512815
7 3096 975024
7 3097 1766024
7 3098 975191
7 3099 3608495
7 3100 1748156
7 3101 3597290
7 3102 977503
7 3103 1772758
7 3104 975027
7 3105 1515482
7 3106 1772486
7 3107 1520732
7 3108 978234
7 3109 3607720
7 3110 976001
7 3111 1520773
7 3112 3587870
7 3113 1518276
7 3114 1734064
7 3115 3575696
7 3116 1754216
7 3117 1512073
7 3118 3569775
7 3119 1512253
7 3120 967989
7 3121 967989
7 3122 971076
7 3123 1752759
7 3124 971924
7 3125 1747792
7 3126 967819
7 3127 967819
7 3128 976802
7 3129 3190708
7 3130 977147
7 3131 3191915
7 3132 977172
7 3133 1776046
7 3134 974081
7 3135 3204633
7 3136 1755716
7 3137 3198522
7 3138 977646
7 3139 1771708
7 3140 978014
7 3141 3209920
7 3142 1754299
7 3143 3185845
7 3144 965239
7 3145 965239
7 3146 967815
7 3147 1737713
7 3148 971031
7 3149 1720363
7 3150 967666
7 3151 967666
7 3152 971104
7 3153 1510090
7 3154 971773
7 3155 1513471
7 3156 971832
7 3157 1761635
7 3158 971671
7 3159 1516147
7 3160 1746257
7 3161 1516511
7 3162 974922
7 3163 1740550
7 3164 975591
7 3165 1518978
7 3166 1745863
7 3167 1512674
7 3168 962335
7 3169 962335
7 3170 971398
7 3171 3175247
7 3172 971770
7 3173 3175243
7 3174 962252
7 3175 962252
7 3176 968232
7 3177 1508541
7 3178 968269
7 3179 1508876
7 3180 968239
7 3181 3175405
7 3182 968239
7 3183 1511636
7 3184 3159788
7 3185 1478550
7 3186 969391
7 3187 3180754
7 3188 969548
7 3189 1512920
7 3190 3162574
7 3191 1479481
7 3192 974253
7 3193 1771042
7 3194 974251
7 3195 3202228
7 3196 1770742
7 3197 3207013
7 3198 974421
7 3199 1768117
7 3200 973388
7 3201 1519539
7 3202 1765547
7 3203 1522478
7 3204 968148
7 3205 3183061
7 3206 967822
7 3207 1511746
7 3208 3170804
7 3209 1481777
7 3210 1749086
7 3211 3197291
7 3212 1748507
7 3213 1510024
7 3214 3185279
7 3215 1485394
7 3216 974857
7 3217 1767784
7 3218 977710
7 3219 3209751
7 3220 1770588
7 3221 3194428
7 3222 975095
7 3223 1761589
7 3224 977624
7 3225 1520229
7 3226 1744918
7 3227 1519790
7 3228 974680
7 3229 3202399
7 3230 974438
7 3231 1518598
7 3232 3183485
7 3233 1485223
7 3234 1749260
7 3235 3194815
7 3236 1748254
7 3237 1509851
7 3238 3174627
7 3239 1482321
7 3240 962598
7 3241 962598
7 3242 972129
7 3243 3553130
7 3244 972237
7 3245 3550840
7 3246 965264
7 3247 965264
7 3248 974252
7 3249 3177082
7 3250 974298
7 3251 3177519
7 3252 971730
7 3253 3576481
7 3254 972443
7 3255 3192631
7 3256 3520177
7 3257 3165386
7 3258 972334
7 3259 3578113
7 3260 972908
7 3261 3195079
7 3262 3519949
7 3263 3165041
7 3264 965426
7 3265 965426
7 3266 971682
7 3267 3550584
7 3268 972284
7 3269 3544212
7 3270 962252
7 3271 962252
7 3272 968396
7 3273 1508645
7 3274 968668
7 3275 1509079
7 3276 974421
7 3277 3574429
7 3278 973549
7 3279 1517329
7 3280 3543325
7 3281 1512521
7 3282 975331
7 3283 3569483
7 3284 974924
7 3285 1517811
7 3286 3542269
7 3287 1511870
7 3288 962176
7 3289 962176
7 3290 971160
7 3291 3168004
7 3292 971448
7 3293 3167617
7 3294 958809
7 3295 958809
7 3296 964975
7 3297 1503592
7 3298 965059
7 3299 1503606
7 3300 965844
7 3301 3165147
7 3302 965668
7 3303 1508633
7 3304 3149257
7 3305 1475684
7 3306 968912
7 3307 3172594
7 3308 968525
7 3309 1508602
7 3310 3149129
7 3311 1475658
7 3312 965329
7 3313 3546900
7 3314 966331
7 3315 3183453
7 3316 3515143
7 3317 3162721
7 3318 966326
7 3319 3546596
7 3320 965378
7 3321 1508826
7 3322 3538580
7 3323 1506572
7 3324 965402
7 3325 3181092
7 3326 965134
7 3327 1508671
7 3328 3171776
7 3329 1481982
7 3330 3475240
7 3331 3145359
7 3332 3475240
7 3333 1470047
7 3334 3144204
7 3335 1470208
7 3336 968826
7 3337 3576638
7 3338 969573
7 3339 3194560
7 3340 3540986
7 3341 3172429
7 3342 969565
7 3343 3574916
7 3344 969312
7 3345 1512316
7 3346 3556655
7 3347 1510069
7 3348 969306
7 3349 3193444
7 3350 968822
7 3351 1512485
7 3352 3172563
7 3353 1482173
7 3354 3475323
7 3355 3145412
7 3356 3475323
7 3357 1470147
7 3358 3144512
7 3359 1470279
7 3360 962275
7 3361 1745222
7 3362 965700
7 3363 3577112
7 3364 1731500
7 3365 3580711
7 3366 965537
7 3367 1748951
7 3368 968342
7 3369 3178155
7 3370 1751446
7 3371 3192455
7 3372 968335
7 3373 3575811
7 3374 965843
7 3375 3180581
7 3376 3548232
7 3377 3176705
7 3378 1723970
7 3379 3544666
7 3380 1728891
7 3381 3153918
7 3382 3542100
7 3383 3156721
7 3384 965703
7 3385 1748597
7 3386 965777
7 3387 3579388
7 3388 1731668
7 3389 3580588
7 3390 968239
7 3391 1749408
7 3392 962348
7 3393 1504465
7 3394 1752024
7 3395 1509804
7 3396 968148
7 3397 3574759
7 3398 968003
7 3399 1513400
7 3400 3568734
7 3401 1514928
7 3402 1733485
7 3403 3571116
7 3404 1752099
7 3405 1503219
7 3406 3566636
7 3407 1510113
7 3408 968255
7 3409 1752043
7 3410 968148
7 3411 3188895
7 3412 1755007
7 3413 3193094
7 3414 965844
7 3415 1740913
7 3416 967985
7 3417 1513136
7 3418 1743696
7 3419 1514835
7 3420 962023
7 3421 3168359
7 3422 962175
7 3423 1504745
7 3424 3159929
7 3425 1478768
7 3426 1750958
7 3427 3190624
7 3428 1746742
7 3429 1509046
7 3430 3167691
7 3431 1480680
7 3432 962455
7 3433 3545277
7 3434 965388
7 3435 3177647
7 3436 3518842
7 3437 3167702
7 3438 965402
7 3439 3544301
7 3440 962331
7 3441 1505214
7 3442 3539480
7 3443 1506960
7 3444 962437
7 3445 3169379
7 3446 961849
7 3447 1504622
7 3448 3160441
7 3449 1478770
7 3450 3496859
7 3451 3156598
7 3452 3496859
7 3453 1473232
7 3454 3155458
7 3455 1473404
7 3456 1697750
7 3457 3506396
7 3458 1702580
7 3459 3142690
7 3460 3503861
7 3461 3138584
7 3462 1702548
7 3463 3507496
7 3464 1722456
7 3465 1463627
7 3466 3501376
7 3467 1493054
7 3468 1722703
7 3469 3142262
7 3470 1699324
7 3471 1492980
7 3472 3127056
7 3473 1465147
7 3474 3472149
7 3475 3136092
7 3476 3472251
7 3477 1464195
7 3478 3128385
7 3479 1465382
7 3480 965059
7 3481 1753519
7 3482 968668
7 3483 3599173
7 3484 1744680
7 3485 3599622
7 3486 968269
7 3487 1757158
7 3488 971849
7 3489 3187078
7 3490 1760109
7 3491 3203302
7 3492 971773
7 3493 3601098
7 3494 969003
7 3495 3196104
7 3496 3567968
7 3497 3185055
7 3498 1741348
7 3499 3570466
7 3500 1742534
7 3501 3169412
7 3502 3563946
7 3503 3169143
7 3504 968432
7 3505 1756789
7 3506 968675
7 3507 3601312
7 3508 1744269
7 3509 3599225
7 3510 971151
7 3511 1764147
7 3512 968428
7 3513 1503524
7 3514 1766888
7 3515 1513573
7 3516 971744
7 3517 3601692
7 3518 971922
7 3519 1515647
7 3520 3586051
7 3521 1516918
7 3522 1743488
7 3523 3588706
7 3524 1765718
7 3525 1511481
7 3526 3587880
7 3527 1514274
7 3528 971156
7 3529 1764829
7 3530 971583
7 3531 3201072
7 3532 1770283
7 3533 3205121
7 3534 968729
7 3535 1748625
7 3536 971741
7 3537 1515164
7 3538 1753327
7 3539 1517617
7 3540 968491
7 3541 3188994
7 3542 968565
7 3543 1511716
7 3544 3168803
7 3545 1481413
7 3546 1761615
7 3547 3193730
7 3548 1755783
7 3549 1509612
7 3550 3181281
7 3551 1484471
7 3552 968518
7 3553 3596760
7 3554 971323
7 3555 3202220
7 3556 3563497
7 3557 3184586
7 3558 971336
7 3559 3593139
7 3560 968575
7 3561 1512145
7 3562 3580446
7 3563 1512423
7 3564 968685
7 3565 3194753
7 3566 967937
7 3567 1511890
7 3568 3182855
7 3569 1485186
7 3570 3496724
7 3571 3156296
7 3572 3496724
7 3573 1473015
7 3574 3154736
7 3575 1473239
7 3576 1701925
7 3577 3510193
7 3578 1703719
7 3579 3150347
7 3580 3508434
7 3581 3144452
7 3582 1703767
7 3583 3510509
7 3584 1725612
7 3585 1468724
7 3586 3507808
7 3587 1494675
7 3588 1725664
7 3589 3150112
7 3590 1702205
7 3591 1494638
7 3592 3141324
7 3593 1469066
7 3594 3494040
7 3595 3149061
7 3596 3494142
7 3597 1468001
7 3598 3141924
7 3599 1469102
7 3600 962024
7 3601 967937
7 3602 965137
7 3603 1756652
7 3604 968822
7 3605 1756173
7 3606 965218
7 3607 968565
7 3608 968540
7 3609 3579709
7 3610 974438
7 3611 3599639
7 3612 968686
7 3613 1762986
7 3614 965533
7 3615 3578139
7 3616 1744658
7 3617 3597708
7 3618 968525
7 3619 1745739
7 3620 969548
7 3621 3582425
7 3622 1741690
7 3623 3573519
7 3624 965218
7 3625 968575
7 3626 965299
7 3627 1759908
7 3628 969312
7 3629 1758374
7 3630 970880
7 3631 971922
7 3632 968652
7 3633 3173782
7 3634 976001
7 3635 3194422
7 3636 971084
7 3637 1770779
7 3638 971429
7 3639 3187504
7 3640 1765252
7 3641 3209681
7 3642 974924
7 3643 1765612
7 3644 978116
7 3645 3194221
7 3646 1767521
7 3647 3199079
7 3648 970648
7 3649 971741
7 3650 971080
7 3651 3597709
7 3652 977624
7 3653 3594957
7 3654 965607
7 3655 968428
7 3656 971568
7 3657 3187575
7 3658 975027
7 3659 3197225
7 3660 968767
7 3661 3577881
7 3662 968716
7 3663 3180827
7 3664 3545216
7 3665 3176489
7 3666 975591
7 3667 3590501
7 3668 975525
7 3669 3201966
7 3670 3564218
7 3671 3184818
7 3672 968476
7 3673 1767355
7 3674 971099
7 3675 3600055
7 3676 1751731
7 3677 3607296
7 3678 971263
7 3679 1764847
7 3680 968552
7 3681 3179850
7 3682 1765292
7 3683 3200349
7 3684 968721
7 3685 3575506
7 3686 965058
7 3687 3176379
7 3688 3543765
7 3689 3174504
7 3690 1742308
7 3691 3570918
7 3692 1742869
7 3693 3168958
7 3694 3560433
7 3695 3168605
7 3696 965059
7 3697 1739468
7 3698 968269
7 3699 3569850
7 3700 1743669
7 3701 3545412
7 3702 968668
7 3703 1742819
7 3704 971849
7 3705 3152502
7 3706 1743945
7 3707 3174292
7 3708 971773
7 3709 3571658
7 3710 969003
7 3711 3175486
7 3712 3535473
7 3713 3155737
7 3714 1738255
7 3715 3564490
7 3716 1739834
7 3717 3154608
7 3718 3538661
7 3719 3154722
7 3720 965150
7 3721 968685
7 3722 965688
7 3723 1759769
7 3724 969306
7 3725 1758029
7 3726 965303
7 3727 968491
7 3728 968867
7 3729 3581079
7 3730 974680
7 3731 3601581
7 3732 968859
7 3733 1762855
7 3734 965527
7 3735 3578077
7 3736 1744745
7 3737 3597774
7 3738 968912
7 3739 1745623
7 3740 969391
7 3741 3582229
7 3742 1740801
7 3743 3572314
7 3744 968229
7 3745 971323
7 3746 968551
7 3747 1768827
7 3748 969573
7 3749 1765656
7 3750 968315
7 3751 969003
7 3752 962366
7 3753 1499939
7 3754 972452
7 3755 1510071
7 3756 973794
7 3757 1771458
7 3758 968482
7 3759 1513762
7 3760 1766901
7 3761 1519331
7 3762 972908
7 3763 1773179
7 3764 975634
7 3765 1512321
7 3766 1771400
7 3767 1516716
7 3768 970786
7 3769 971583
7 3770 973934
7 3771 3604718
7 3772 977710
7 3773 3601244
7 3774 971263
7 3775 971849
7 3776 968241
7 3777 1512398
7 3778 973097
7 3779 1516354
7 3780 971245
7 3781 3579198
7 3782 970948
7 3783 1516814
7 3784 3569780
7 3785 1515310
7 3786 978014
7 3787 3605290
7 3788 978565
7 3789 1519938
7 3790 3589674
7 3791 1518264
7 3792 973880
7 3793 1769108
7 3794 971306
7 3795 3598927
7 3796 1752227
7 3797 3608077
7 3798 976504
7 3799 1774250
7 3800 970948
7 3801 1517250
7 3802 1773967
7 3803 1522765
7 3804 973854
7 3805 3582223
7 3806 968677
7 3807 1514177
7 3808 3569202
7 3809 1516426
7 3810 1747096
7 3811 3596141
7 3812 1770085
7 3813 1515532
7 3814 3589366
7 3815 1515552
7 3816 971448
7 3817 1748283
7 3818 971770
7 3819 3581769
7 3820 1747674
7 3821 3567150
7 3822 974298
7 3823 1772587
7 3824 974761
7 3825 1503507
7 3826 1769401
7 3827 1515831
7 3828 977147
7 3829 3602153
7 3830 975306
7 3831 1515536
7 3832 3566417
7 3833 1511510
7 3834 1747116
7 3835 3592323
7 3836 1767132
7 3837 1511954
7 3838 3568298
7 3839 1511696
7 3840 968385
7 3841 971336
7 3842 968549
7 3843 1768438
7 3844 969565
7 3845 1765577
7 3846 970778
7 3847 971744
7 3848 973805
7 3849 3192698
7 3850 978234
7 3851 3208796
7 3852 974010
7 3853 1773166
7 3854 971685
7 3855 3196913
7 3856 1769194
7 3857 3211878
7 3858 975331
7 3859 1773033
7 3860 977866
7 3861 3198144
7 3862 1768619
7 3863 3199178
7 3864 965536
7 3865 968518
7 3866 965524
7 3867 1756035
7 3868 968826
7 3869 1750909
7 3870 971104
7 3871 971773
7 3872 968474
7 3873 1512952
7 3874 973125
7 3875 1516911
7 3876 971671
7 3877 1766454
7 3878 968609
7 3879 1512823
7 3880 1763696
7 3881 1519654
7 3882 972334
7 3883 1758704
7 3884 975645
7 3885 1516148
7 3886 1764854
7 3887 1515700
7 3888 968454
7 3889 968675
7 3890 971228
7 3891 3192618
7 3892 975191
7 3893 3197748
7 3894 968396
7 3895 968668
7 3896 970923
7 3897 1516431
7 3898 972037
7 3899 1517293
7 3900 962348
7 3901 3165988
7 3902 962352
7 3903 1504720
7 3904 3157324
7 3905 1478164
7 3906 972476
7 3907 3197209
7 3908 972714
7 3909 1516034
7 3910 3181581
7 3911 1484974
7 3912 970988
7 3913 1766344
7 3914 973622
7 3915 3202424
7 3916 1769283
7 3917 3211578
7 3918 973549
7 3919 1765280
7 3920 970279
7 3921 1516099
7 3922 1764981
7 3923 1521876
7 3924 968003
7 3925 3185468
7 3926 967891
7 3927 1512525
7 3928 3175383
7 3929 1482968
7 3930 1760942
7 3931 3208644
7 3932 1761749
7 3933 1512660
7 3934 3196984
7 3935 1488685
7 3936 972284
7 3937 1769465
7 3938 977223
7 3939 3197553
7 3940 1772789
7 3941 3197985
7 3942 972237
7 3943 1765388
7 3944 977320
7 3945 1513335
7 3946 1759873
7 3947 1517811
7 3948 974862
7 3949 3193374
7 3950 974509
7 3951 1517355
7 3952 3170762
7 3953 1481556
7 3954 1762914
7 3955 3203812
7 3956 1761276
7 3957 1512083
7 3958 3185196
7 3959 1485337
7 3960 968232
7 3961 968729
7 3962 973708
7 3963 3604369
7 3964 975095
7 3965 3593993
7 3966 970945
7 3967 971151
7 3968 976501
7 3969 3201777
7 3970 977503
7 3971 3203738
7 3972 970997
7 3973 3598594
7 3974 973390
7 3975 3194628
7 3976 3567551
7 3977 3185389
7 3978 974922
7 3979 3598725
7 3980 975662
7 3981 3204926
7 3982 3566906
7 3983 3185797
7 3984 970944
7 3985 971156
7 3986 971142
7 3987 3594715
7 3988 974857
7 3989 3566584
7 3990 968232
7 3991 968269
7 3992 970923
7 3993 1514027
7 3994 972037
7 3995 1516940
7 3996 973388
7 3997 3596725
7 3998 970279
7 3999 1516007
7 4000 3585766
7 4001 1518610
7 4002 977646
7 4003 3571125
7 4004 977694
7 4005 1520456
7 4006 3582906
7 4007 1515166
7 4008 968394
7 4009 968432
7 4010 973854
7 4011 3194765
7 4012 975024
7 4013 3194177
7 4014 964975
7 4015 965059
7 4016 968416
7 4017 1512518
7 4018 968689
7 4019 1512764
7 4020 967985
7 4021 3184095
7 4022 967809
7 4023 1512034
7 4024 3174914
7 4025 1482565
7 4026 972161
7 4027 3193130
7 4028 971786
7 4029 1512773
7 4030 3175573
7 4031 1482961
7 4032 962348
7 4033 3544615
7 4034 965378
7 4035 3177494
7 4036 3518437
7 4037 3167395
7 4038 965378
7 4039 3544335
7 4040 961942
7 4041 1504707
7 4042 3539192
7 4043 1506579
7 4044 962331
7 4045 3168926
7 4046 961933
7 4047 1504730
7 4048 3159813
7 4049 1478608
7 4050 3496880
7 4051 3156773
7 4052 3496880
7 4053 1473256
7 4054 3155543
7 4055 1473434
7 4056 971031
7 4057 3589176
7 4058 971930
7 4059 3202681
7 4060 3560332
7 4061 3184120
7 4062 971924
7 4063 3585414
7 4064 971893
7 4065 1511545
7 4066 3556959
7 4067 1509920
7 4068 971900
7 4069 3201635
7 4070 971223
7 4071 1514569
7 4072 3181737
7 4073 1484477
7 4074 3496752
7 4075 3156201
7 4076 3496752
7 4077 1473015
7 4078 3154686
7 4079 1473236
7 4080 962275
7 4081 1745522
7 4082 965686
7 4083 3576606
7 4084 1732345
7 4085 3580911
7 4086 965528
7 4087 1749055
7 4088 968328
7 4089 3178147
7 4090 1751925
7 4091 3194854
7 4092 968147
7 4093 3573108
7 4094 965584
7 4095 3177362
7 4096 3544071
7 4097 3172475
7 4098 1728216
7 4099 3549025
7 4100 1729940
7 4101 3161622
7 4102 3545953
7 4103 3161994
7 4104 965698
7 4105 1748069
7 4106 965757
7 4107 3578577
7 4108 1731148
7 4109 3580221
7 4110 968239
7 4111 1751431
7 4112 962352
7 4113 1504603
7 4114 1754103
7 4115 1510849
7 4116 967822
7 4117 3571395
7 4118 967891
7 4119 1512921
7 4120 3563931
7 4121 1514784
7 4122 1733532
7 4123 3572947
7 4124 1755672
7 4125 1508403
7 4126 3571633
7 4127 1511728
7 4128 968233
7 4129 1751836
7 4130 967984
7 4131 3188362
7 4132 1754717
7 4133 3195556
7 4134 965668
7 4135 1736405
7 4136 967809
7 4137 1512735
7 4138 1739366
7 4139 1515031
7 4140 962175
7 4141 3168425
7 4142 962090
7 4143 1504642
7 4144 3159826
7 4145 1478741
7 4146 1749945
7 4147 3193339
7 4148 1743882
7 4149 1509640
7 4150 3180423
7 4151 1484328
7 4152 962262
7 4153 3543015
7 4154 964967
7 4155 3172083
7 4156 3514567
7 4157 3163212
7 4158 965134
7 4159 3539483
7 4160 961933
7 4161 1504179
7 4162 3532270
7 4163 1506232
7 4164 961849
7 4165 3161504
7 4166 958809
7 4167 1499368
7 4168 3146219
7 4169 1474872
7 4170 3475426
7 4171 3145656
7 4172 3475426
7 4173 1470281
7 4174 3144921
7 4175 1470390
7 4176 1701925
7 4177 3510193
7 4178 1703719
7 4179 3150347
7 4180 3508434
7 4181 3144452
7 4182 1703767
7 4183 3510509
7 4184 1725612
7 4185 1468724
7 4186 3507808
7 4187 1494675
7 4188 1725664
7 4189 3150112
7 4190 1702205
7 4191 1494638
7 4192 3141324
7 4193 1469066
7 4194 3494040
7 4195 3149061
7 4196 3494142
7 4197 1468001
7 4198 3141924
7 4199 1469102
7 4200 958809
7 4201 1717312
7 4202 962252
7 4203 3540525
7 4204 1722121
7 4205 3512912
7 4206 962252
7 4207 1720849
7 4208 967909
7 4209 3143701
7 4210 1724821
7 4211 3164667
7 4212 967666
7 4213 3538710
7 4214 962672
7 4215 3164989
7 4216 3510770
7 4217 3146684
7 4218 1723501
7 4219 3536007
7 4220 1725287
7 4221 3144864
7 4222 3510899
7 4223 3138871
7 4224 962176
7 4225 1721188
7 4226 962335
7 4227 3542854
7 4228 1722400
7 4229 3512970
7 4230 965264
7 4231 1745425
7 4232 965327
7 4233 1463569
7 4234 1744740
7 4235 1499307
7 4236 967819
7 4237 3562330
7 4238 968298
7 4239 1497537
7 4240 3533857
7 4241 1501086
7 4242 1727058
7 4243 3536766
7 4244 1748764
7 4245 1501200
7 4246 3534204
7 4247 1501783
7 4248 965426
7 4249 1745192
7 4250 967809
7 4251 3170636
7 4252 1749394
7 4253 3168473
7 4254 962598
7 4255 1719064
7 4256 968144
7 4257 1499100
7 4258 1724638
7 4259 1499908
7 4260 965497
7 4261 3154839
7 4262 965434
7 4263 1501300
7 4264 3126704
7 4265 1465098
7 4266 1742191
7 4267 3172736
7 4268 1738767
7 4269 1498588
7 4270 3155040
7 4271 1476575
7 4272 965239
7 4273 3560738
7 4274 967988
7 4275 3179419
7 4276 3532473
7 4277 3160627
7 4278 967989
7 4279 3539168
7 4280 965288
7 4281 1501395
7 4282 3530335
7 4283 1498921
7 4284 965446
7 4285 3171264
7 4286 962361
7 4287 1501938
7 4288 3155153
7 4289 1476577
7 4290 3472097
7 4291 3135839
7 4292 3472199
7 4293 1464077
7 4294 3127967
7 4295 1465287
7 4296 1697750
7 4297 3506396
7 4298 1702580
7 4299 3142690
7 4300 3503861
7 4301 3138584
7 4302 1702548
7 4303 3507496
7 4304 1722456
7 4305 1463627
7 4306 3501376
7 4307 1493054
7 4308 1722703
7 4309 3142262
7 4310 1699324
7 4311 1492980
7 4312 3127056
7 4313 1465147
7 4314 3472149
7 4315 3136092
7 4316 3472251
7 4317 1464195
7 4318 3128385
7 4319 1465382
7 4320 958809
7 4321 961849
7 4322 961933
7 4323 1735724
7 4324 965134
7 4325 1718559
7 4326 962090
7 4327 962175
7 4328 967891
7 4329 3545733
7 4330 967822
7 4331 3541778
7 4332 967809
7 4333 1738706
7 4334 962352
7 4335 3544581
7 4336 1723339
7 4337 3541954
7 4338 965668
7 4339 1738984
7 4340 968239
7 4341 3540673
7 4342 1723722
7 4343 3507874
7 4344 961933
7 4345 962331
7 4346 961942
7 4347 1738995
7 4348 965378
7 4349 1720419
7 4350 967891
7 4351 968003
7 4352 968677
7 4353 3143286
7 4354 973854
7 4355 3165882
7 4356 970279
7 4357 1759427
7 4358 970948
7 4359 3167507
7 4360 1744229
7 4361 3180372
7 4362 973549
7 4363 1742561
7 4364 976504
7 4365 3178660
7 4366 1746589
7 4367 3169904
7 4368 967809
7 4369 967985
7 4370 970279
7 4371 3566186
7 4372 973388
7 4373 3541155
7 4374 962352
7 4375 962348
7 4376 970948
7 4377 3169072
7 4378 971245
7 4379 3168986
7 4380 968609
7 4381 3571191
7 4382 968482
7 4383 3179273
7 4384 3511871
7 4385 3146594
7 4386 971671
7 4387 3562330
7 4388 973794
7 4389 3177668
7 4390 3518044
7 4391 3164796
7 4392 968416
7 4393 1758347
7 4394 970923
7 4395 3592342
7 4396 1742977
7 4397 3588796
7 4398 970923
7 4399 1742065
7 4400 968241
7 4401 3177856
7 4402 1743650
7 4403 3175601
7 4404 968474
7 4405 3566901
7 4406 962366
7 4407 3168321
7 4408 3518225
7 4409 3164473
7 4410 1723953
7 4411 3540921
7 4412 1725608
7 4413 3144880
7 4414 3511405
7 4415 3145888
7 4416 964975
7 4417 1739226
7 4418 968232
7 4419 3565637
7 4420 1743149
7 4421 3537276
7 4422 968396
7 4423 1740870
7 4424 971263
7 4425 3145089
7 4426 1740601
7 4427 3171925
7 4428 971104
7 4429 3558278
7 4430 968315
7 4431 3172617
7 4432 3506834
7 4433 3145865
7 4434 1724045
7 4435 3538243
7 4436 1725064
7 4437 3144737
7 4438 3506931
7 4439 3138037
7 4440 961849
7 4441 962437
7 4442 962331
7 4443 1739020
7 4444 965402
7 4445 1720711
7 4446 962175
7 4447 962023
7 4448 968003
7 4449 3547108
7 4450 968148
7 4451 3544026
7 4452 967985
7 4453 1738935
7 4454 962348
7 4455 3544745
7 4456 1723711
7 4457 3542112
7 4458 965844
7 4459 1739285
7 4460 968239
7 4461 3540793
7 4462 1723733
7 4463 3507876
7 4464 964967
7 4465 965388
7 4466 965378
7 4467 1752758
7 4468 966331
7 4469 1745835
7 4470 965584
7 4471 965843
7 4472 965058
7 4473 1463699
7 4474 971078
7 4475 1499639
7 4476 973390
7 4477 1769417
7 4478 968716
7 4479 1502234
7 4480 1752429
7 4481 1508407
7 4482 972443
7 4483 1766574
7 4484 974491
7 4485 1505783
7 4486 1754394
7 4487 1506813
7 4488 967984
7 4489 968148
7 4490 973622
7 4491 3576121
7 4492 974251
7 4493 3569644
7 4494 968328
7 4495 968342
7 4496 968552
7 4497 1501803
7 4498 971705
7 4499 1503006
7 4500 971685
7 4501 3578626
7 4502 971429
7 4503 1510066
7 4504 3536199
7 4505 1501894
7 4506 974081
7 4507 3590522
7 4508 977090
7 4509 1509485
7 4510 3543450
7 4511 1510373
7 4512 973854
7 4513 1760977
7 4514 971228
7 4515 3595592
7 4516 1748288
7 4517 3594896
7 4518 976501
7 4519 1769433
7 4520 971568
7 4521 1513323
7 4522 1766456
7 4523 1509775
7 4524 973805
7 4525 3579059
7 4526 968652
7 4527 1508906
7 4528 3543870
7 4529 1510870
7 4530 1730611
7 4531 3567473
7 4532 1753417
7 4533 1507235
7 4534 3541002
7 4535 1507854
7 4536 971160
7 4537 1746042
7 4538 971398
7 4539 3571113
7 4540 1743777
7 4541 3538385
7 4542 974252
7 4543 1770783
7 4544 974706
7 4545 1503071
7 4546 1766535
7 4547 1512928
7 4548 976802
7 4549 3591361
7 4550 974734
7 4551 1514494
7 4552 3539623
7 4553 1507362
7 4554 1733549
7 4555 3562685
7 4556 1751380
7 4557 1507491
7 4558 3534641
7 4559 1503097
7 4560 965134
7 4561 965402
7 4562 965378
7 4563 1752542
7 4564 966326
7 4565 1745820
7 4566 967822
7 4567 968148
7 4568 973854
7 4569 3175377
7 4570 976553
7 4571 3182637
7 4572 973388
7 4573 1769397
7 4574 971245
7 4575 3182172
7 4576 1754470
7 4577 3185338
7 4578 974421
7 4579 1769508
7 4580 976882
7 4581 3185787
7 4582 1754798
7 4583 3172562
7 4584 962262
7 4585 962455
7 4586 962348
7 4587 1738427
7 4588 965329
7 4589 1718921
7 4590 968147
7 4591 968335
7 4592 968721
7 4593 1499662
7 4594 972009
7 4595 1508132
7 4596 970997
7 4597 1761857
7 4598 968767
7 4599 1503125
7 4600 1748426
7 4601 1511049
7 4602 971730
7 4603 1741856
7 4604 974788
7 4605 1510989
7 4606 1748054
7 4607 1506507
7 4608 965757
7 4609 965777
7 4610 971306
7 4611 3176988
7 4612 974427
7 4613 3179647
7 4614 965686
7 4615 965700
7 4616 971099
7 4617 1508052
7 4618 971735
7 4619 1511002
7 4620 965527
7 4621 3155566
7 4622 965533
7 4623 1502218
7 4624 3126879
7 4625 1465110
7 4626 971506
7 4627 3183494
7 4628 972032
7 4629 1513450
7 4630 3156458
7 4631 1477848
7 4632 971142
7 4633 1764069
7 4634 973934
7 4635 3194420
7 4636 1768275
7 4637 3200341
7 4638 973708
7 4639 1761962
7 4640 971080
7 4641 1509334
7 4642 1761454
7 4643 1512815
7 4644 968867
7 4645 3178473
7 4646 968540
7 4647 1511132
7 4648 3157644
7 4649 1477444
7 4650 1745167
7 4651 3189417
7 4652 1746976
7 4653 1502729
7 4654 3171078
7 4655 1480939
7 4656 971682
7 4657 1766227
7 4658 976634
7 4659 3192910
7 4660 1770569
7 4661 3181529
7 4662 972129
7 4663 1762567
7 4664 976805
7 4665 1511872
7 4666 1743914
7 4667 1513776
7 4668 974522
7 4669 3192607
7 4670 974241
7 4671 1516566
7 4672 3168888
7 4673 1481013
7 4674 1750531
7 4675 3188977
7 4676 1748727
7 4677 1508618
7 4678 3161584
7 4679 1478694
7 4680 965668
7 4681 965844
7 4682 973549
7 4683 3579963
7 4684 974421
7 4685 3567767
7 4686 968239
7 4687 968239
7 4688 976504
7 4689 3186137
7 4690 976882
7 4691 3189271
7 4692 971671
7 4693 3596621
7 4694 973794
7 4695 3195285
7 4696 3541337
7 4697 3169122
7 4698 971832
7 4699 3595383
7 4700 975228
7 4701 3195417
7 4702 3545365
7 4703 3175005
7 4704 968233
7 4705 968255
7 4706 970988
7 4707 3571645
7 4708 974253
7 4709 3543464
7 4710 965528
7 4711 965537
7 4712 971263
7 4713 1506136
7 4714 971960
7 4715 1511162
7 4716 974010
7 4717 3596586
7 4718 971084
7 4719 1510113
7 4720 3562105
7 4721 1513458
7 4722 977172
7 4723 3569120
7 4724 976922
7 4725 1512205
7 4726 3561545
7 4727 1510946
7 4728 965698
7 4729 965703
7 4730 973880
7 4731 3181704
7 4732 974651
7 4733 3179827
7 4734 962275
7 4735 962275
7 4736 968476
7 4737 1506741
7 4738 968592
7 4739 1506681
7 4740 968859
7 4741 3176321
7 4742 968686
7 4743 1511031
7 4744 3159587
7 4745 1478070
7 4746 971992
7 4747 3185155
7 4748 971920
7 4749 1511071
7 4750 3159744
7 4751 1478184
7 4752 965524
7 4753 3571678
7 4754 968551
7 4755 3188714
7 4756 3538709
7 4757 3164757
7 4758 968549
7 4759 3570604
7 4760 965299
7 4761 1507452
7 4762 3558669
7 4763 1503030
7 4764 965688
7 4765 3180797
7 4766 965137
7 4767 1507953
7 4768 3168987
7 4769 1480792
7 4770 3472097
7 4771 3135802
7 4772 3472199
7 4773 1464067
7 4774 3127930
7 4775 1465277
7 4776 967815
7 4777 3585210
7 4778 971299
7 4779 3194178
7 4780 3557923
7 4781 3180810
7 4782 971076
7 4783 3581495
7 4784 971051
7 4785 1505977
7 4786 3553522
7 4787 1508722
7 4788 971353
7 4789 3193298
7 4790 970831
7 4791 1512848
7 4792 3167314
7 4793 1480334
7 4794 3496599
7 4795 3155614
7 4796 3496599
7 4797 1472758
7 4798 3153814
7 4799 1473022
7 4800 964975
7 4801 1753240
7 4802 968396
7 4803 3598333
7 4804 1743718
7 4805 3598536
7 4806 968232
7 4807 1756652
7 4808 971263
7 4809 3186302
7 4810 1759389
7 4811 3197540
7 4812 971104
7 4813 3596309
7 4814 968315
7 4815 3188991
7 4816 3565695
7 4817 3182167
7 4818 1736774
7 4819 3565162
7 4820 1741429
7 4821 3160762
7 4822 3559115
7 4823 3163433
7 4824 968394
7 4825 1754287
7 4826 968454
7 4827 3598591
7 4828 1740235
7 4829 3594870
7 4830 970945
7 4831 1760885
7 4832 965607
7 4833 1503189
7 4834 1763537
7 4835 1512062
7 4836 970778
7 4837 3594119
7 4838 970880
7 4839 1514668
7 4840 3583946
7 4841 1516229
7 4842 1742460
7 4843 3584733
7 4844 1762343
7 4845 1505757
7 4846 3579988
7 4847 1512360
7 4848 970944
7 4849 1760945
7 4850 970786
7 4851 3198193
7 4852 1765273
7 4853 3190663
7 4854 968232
7 4855 1734006
7 4856 970648
7 4857 1512466
7 4858 1737565
7 4859 1513503
7 4860 965303
7 4861 3178099
7 4862 965218
7 4863 1507513
7 4864 3167686
7 4865 1480936
7 4866 1760093
7 4867 3188845
7 4868 1754322
7 4869 1508258
7 4870 3165911
7 4871 1480253
7 4872 965536
7 4873 3572956
7 4874 968229
7 4875 3185402
7 4876 3543644
7 4877 3174812
7 4878 968385
7 4879 3566044
7 4880 965218
7 4881 1507633
7 4882 3557872
7 4883 1508876
7 4884 965150
7 4885 3175051
7 4886 962024
7 4887 1503142
7 4888 3159440
7 4889 1478544
7 4890 3496599
7 4891 3155616
7 4892 3496599
7 4893 1472758
7 4894 3153816
7 4895 1473022
7 4896 1697619
7 4897 3506294
7 4898 1702563
7 4899 3142487
7 4900 3503673
7 4901 3138468
7 4902 1702529
7 4903 3507415
7 4904 1722345
7 4905 1463516
7 4906 3501142
7 4907 1493036
7 4908 1722596
7 4909 3142062
7 4910 1699217
7 4911 1492960
7 4912 3126683
7 4913 1465063
7 4914 3470963
7 4915 3135761
7 4916 3471065
7 4917 1464114
7 4918 3128054
7 4919 1465301
7 4920 958809
7 4921 1717312
7 4922 962252
7 4923 3540525
7 4924 1722121
7 4925 3512912
7 4926 962252
7 4927 1720849
7 4928 967909
7 4929 3143701
7 4930 1724821
7 4931 3164667
7 4932 967666
7 4933 3538710
7 4934 962672
7 4935 3164989
7 4936 3510770
7 4937 3146684
7 4938 1723501
7 4939 3536007
7 4940 1725287
7 4941 3144864
7 4942 3510899
7 4943 3138871
7 4944 962176
7 4945 1721188
7 4946 962335
7 4947 3542854
7 4948 1722400
7 4949 3512970
7 4950 965264
7 4951 1745425
7 4952 965327
7 4953 1463569
7 4954 1744740
7 4955 1499307
7 4956 967819
7 4957 3562330
7 4958 968298
7 4959 1497537
7 4960 3533857
7 4961 1501086
7 4962 1727058
7 4963 3536766
7 4964 1748764
7 4965 1501200
7 4966 3534204
7 4967 1501783
7 4968 965426
7 4969 1745192
7 4970 967809
7 4971 3170636
7 4972 1749394
7 4973 3168473
7 4974 962598
7 4975 1719064
7 4976 968144
7 4977 1499100
7 4978 1724638
7 4979 1499908
7 4980 965497
7 4981 3154839
7 4982 965434
7 4983 1501300
7 4984 3126704
7 4985 1465098
7 4986 1742191
7 4987 3172736
7 4988 1738767
7 4989 1498588
7 4990 3155040
7 4991 1476575
7 4992 965239
7 4993 3560738
7 4994 967988
7 4995 3179419
7 4996 3532473
7 4997 3160627
7 4998 967989
7 4999 3539168
7 5000 965288
7 5001 1501395
7 5002 3530335
7 5003 1498921
7 5004 965446
7 5005 3171264
7 5006 962361
7 5007 1501938
7 5008 3155153
7 5009 1476577
7 5010 3472097
7 5011 3135839
7 5012 3472199
7 5013 1464077
7 5014 3127967
7 5015 1465287
7 5016 1697750
7 5017 3506396
7 5018 1702580
7 5019 3142690
7 5020 3503861
7 5021 3138584
7 5022 1702548
7 5023 3507496
7 5024 1722456
7 5025 1463627
7 5026 3501376
7 5027 1493054
7 5028 1722703
7 5029 3142262
7 5030 1699324
7 5031 1492980
7 5032 3127056
7 5033 1465147
7 5034 3472149
7 5035 3136092
7 5036 3472251
7 5037 1464195
7 5038 3128385
7 5039 1465382
