3 0 39916800
3 1 39916800
3 2 39916800
3 3 39916250
3 4 39914784
3 5 39913888
4 0 39717406
4 1 39816798
4 2 39701868
4 3 39856423
4 4 39844938
4 5 39854203
4 6 39622825
4 7 39701718
4 8 39749865
4 9 39283043
4 10 39786499
4 11 39514387
4 12 39283798
4 13 39360486
4 14 39219195
4 15 38736399
4 16 39306198
4 17 38600171
4 18 38976622
4 19 38968245
4 20 39187455
4 21 37516943
4 22 38834082
4 23 37609521
5 0 29928730
5 1 34449491
5 2 29818127
5 3 35934597
5 4 34636416
5 5 35570146
5 6 29774863
5 7 34375446
5 8 30711331
5 9 32821762
5 10 34793210
5 11 33347214
5 12 30746884
5 13 36192514
5 14 29529344
5 15 33240981
5 16 36155024
5 17 32824900
5 18 34946518
5 19 36335678
5 20 34866237
5 21 32744575
5 22 36137677
5 23 32602442
5 24 33000044
5 25 36089599
5 26 32966194
5 27 35754714
5 28 36172432
5 29 35613026
5 30 33728654
5 31 36565704
5 32 34341885
5 33 31006956
5 34 36746971
5 35 31879103
5 36 34218053
5 37 36568988
5 38 34412725
5 39 31581255
5 40 36431846
5 41 31753891
5 42 36580222
5 43 36676586
5 44 36871267
5 45 31907472
5 46 36710308
5 47 31998036
5 48 30496858
5 49 33057818
5 50 31039783
5 51 31391920
5 52 33587169
5 53 31471647
5 54 30441791
5 55 32937948
5 56 31430813
5 57 27953856
5 58 33508603
5 59 27973585
5 60 31396817
5 61 31131467
5 62 31326980
5 63 28338495
5 64 30724364
5 65 27608346
5 66 33575058
5 67 31778054
5 68 33823856
5 69 28326746
5 70 31477435
5 71 28308350
5 72 25079465
5 73 31145218
5 74 25464373
5 75 27846243
5 76 31021467
5 77 27511665
5 78 25522406
5 79 31205564
5 80 25060173
5 81 23426455
5 82 31543744
5 83 23337031
5 84 25122295
5 85 27622463
5 86 24433413
5 87 23404634
5 88 27549281
5 89 23027149
5 90 30314010
5 91 27324720
5 92 31049225
5 93 22687197
5 94 27070330
5 95 22720284
5 96 28340756
5 97 30152083
5 98 28462266
5 99 26342901
5 100 30397974
5 101 26419812
5 102 28552979
5 103 30164189
5 104 28765759
5 105 21551776
5 106 30374525
5 107 22166708
5 108 28774391
5 109 26317607
5 110 28495541
5 111 22159536
5 112 26134938
5 113 21591638
5 114 29693596
5 115 26298165
5 116 30230185
5 117 21588591
5 118 26224296
5 119 21623264
6 0 9797207
6 1 13653226
6 2 9791611
6 3 19501301
6 4 13675717
6 5 19144688
6 6 9788667
6 7 13612793
6 8 10002021
6 9 17946487
6 10 13687839
6 11 18125431
6 12 10005417
6 13 19633792
6 14 9774551
6 15 18121501
6 16 19481207
6 17 17991471
6 18 13756465
6 19 19637494
6 20 13706051
6 21 17961524
6 22 19483710
6 23 17884347
6 24 9774732
6 25 13608037
6 26 9768452
6 27 19490746
6 28 13630811
6 29 19121716
6 30 10028141
6 31 14212501
6 32 10214952
6 33 11718910
6 34 14299093
6 35 12130243
6 36 10154699
6 37 20275925
6 38 10203132
6 39 12075713
6 40 20332223
6 41 12131203
6 42 13917870
6 43 19952742
6 44 14325744
6 45 12150579
6 46 20313159
6 47 12096236
6 48 10028010
6 49 14214764
6 50 10124251
6 51 18515754
6 52 14327495
6 53 18480984
6 54 9739077
6 55 13481449
6 56 10169082
6 57 12075785
6 58 13836946
6 59 12110773
6 60 10112958
6 61 18547435
6 62 10111775
6 63 12176467
6 64 18380077
6 65 11794784
6 66 14349062
6 67 18772795
6 68 14040612
6 69 12110015
6 70 18600602
6 71 11907736
6 72 10190517
6 73 20300506
6 74 10187025
6 75 18675397
6 76 20199335
6 77 18539496
6 78 10148949
6 79 20056123
6 80 10087843
6 81 12197170
6 82 20242839
6 83 12151629
6 84 10168658
6 85 18587928
6 86 9682928
6 87 12089294
6 88 18596012
6 89 11869471
6 90 20026471
6 91 18511404
6 92 20103442
6 93 11782256
6 94 18477152
6 95 11735545
6 96 13931792
6 97 20122943
6 98 13947442
6 99 18464827
6 100 20144830
6 101 18443261
6 102 13955536
6 103 20110161
6 104 14300133
6 105 11814738
6 106 20190003
6 107 12126400
6 108 14314949
6 109 18534001
6 110 13678070
6 111 12117111
6 112 18444626
6 113 11760339
6 114 20021877
6 115 18505572
6 116 19989688
6 117 11750426
6 118 18352441
6 119 11524144
6 120 14999690
6 121 20660113
6 122 14984668
6 123 24487482
6 124 20685920
6 125 24206741
6 126 14980315
6 127 20643628
6 128 15398087
6 129 19821707
6 130 20734596
6 131 20201761
6 132 15405463
6 133 24567664
6 134 14951945
6 135 20187884
6 136 24360770
6 137 19825186
6 138 20759770
6 139 24589123
6 140 20744012
6 141 19770826
6 142 24358289
6 143 19775099
6 144 15130403
6 145 20902253
6 146 15119775
6 147 24567185
6 148 20924802
6 149 24371021
6 150 15243304
6 151 21340459
6 152 15451073
6 153 14032002
6 154 21345390
6 155 14232264
6 156 15602419
6 157 25115318
6 158 15555738
6 159 14205677
6 160 24909990
6 161 14359699
6 162 21092442
6 163 24902906
6 164 21448255
6 165 14366765
6 166 24871061
6 167 14249642
6 168 15255995
6 169 21262746
6 170 15722455
6 171 20751327
6 172 21560366
6 173 20850277
6 174 15278849
6 175 21334352
6 176 15502643
6 177 14179312
6 178 21293614
6 179 14189614
6 180 15781418
6 181 20498586
6 182 15708987
6 183 14364880
6 184 20381749
6 185 14250180
6 186 21524499
6 187 21078973
6 188 21546179
6 189 14372436
6 190 20875732
6 191 14430919
6 192 15719441
6 193 25204629
6 194 15552839
6 195 20896053
6 196 24958246
6 197 20580183
6 198 15823802
6 199 25234517
6 200 15747343
6 201 14404870
6 202 25149688
6 203 14396733
6 204 15684372
6 205 21033443
6 206 15450714
6 207 14229727
6 208 20976729
6 209 14400036
6 210 24795780
6 211 20594670
6 212 24981805
6 213 14287840
6 214 20895540
6 215 14272811
6 216 20971102
6 217 24994591
6 218 20958901
6 219 20446869
6 220 24876145
6 221 20424156
6 222 21175208
6 223 25144934
6 224 21503777
6 225 14275985
6 226 25148656
6 227 14431460
6 228 21514248
6 229 20809250
6 230 21428597
6 231 14431357
6 232 20756248
6 233 14287953
6 234 24824358
6 235 20661240
6 236 24965251
6 237 14302542
6 238 20885105
6 239 14223748
6 240 14246716
6 241 18830097
6 242 14244546
6 243 19473754
6 244 18833290
6 245 19339025
6 246 14630521
6 247 19217507
6 248 15334950
6 249 14032277
6 250 19462009
6 251 14230405
6 252 15089876
6 253 20232229
6 254 15265762
6 255 14123840
6 256 20485645
6 257 14174589
6 258 19145741
6 259 20280014
6 260 19488203
6 261 14193360
6 262 20540004
6 263 14164103
6 264 14242571
6 265 18822464
6 266 14240299
6 267 19463252
6 268 18826754
6 269 19309697
6 270 14711779
6 271 19358058
6 272 15259695
6 273 12451024
6 274 19396582
6 275 12526557
6 276 15138223
6 277 20328692
6 278 15234196
6 279 12453022
6 280 20275802
6 281 12558749
6 282 19047604
6 283 20000673
6 284 19422779
6 285 12563598
6 286 20239350
6 287 12523722
6 288 14776794
6 289 19367356
6 290 15408292
6 291 14217287
6 292 19568616
6 293 14410891
6 294 14738410
6 295 19345685
6 296 15442116
6 297 12714256
6 298 19451930
6 299 12757475
6 300 15335629
6 301 13916568
6 302 15313621
6 303 12691823
6 304 13650672
6 305 12389209
6 306 19539602
6 307 14602553
6 308 19549941
6 309 13045042
6 310 14215561
6 311 12692663
6 312 15287621
6 313 20512869
6 314 15492160
6 315 14403519
6 316 20433949
6 317 14414652
6 318 15414672
6 319 20684125
6 320 15472099
6 321 12818267
6 322 20871635
6 323 12821441
6 324 15575389
6 325 14331199
6 326 15418972
6 327 12923265
6 328 14052132
6 329 12655871
6 330 20173227
6 331 14275899
6 332 20620577
6 333 12679186
6 334 14112392
6 335 12700249
6 336 19175707
6 337 20509032
6 338 19628959
6 339 14490913
6 340 20926951
6 341 14516042
6 342 19236138
6 343 20537316
6 344 19652973
6 345 12868991
6 346 20920806
6 347 12929720
6 348 19687811
6 349 14523650
6 350 19607547
6 351 13065433
6 352 14222613
6 353 12717790
6 354 20532589
6 355 14504031
6 356 20855715
6 357 12902205
6 358 14290969
6 359 12766605
6 360 8710591
6 361 11611544
6 362 9041391
6 363 13550978
6 364 11919563
6 365 13566495
6 366 8872972
6 367 11881236
6 368 9201248
6 369 9453383
6 370 12014838
6 371 9528992
6 372 9033694
6 373 13462624
6 374 9113263
6 375 9545237
6 376 13670941
6 377 9405916
6 378 11760207
6 379 13698402
6 380 12078460
6 381 9542316
6 382 13683021
6 383 9400460
6 384 8879554
6 385 11909271
6 386 9066759
6 387 13578597
6 388 12039297
6 389 13519817
6 390 8772569
6 391 11623862
6 392 9098009
6 393 7675364
6 394 11773320
6 395 7699055
6 396 9203755
6 397 13766085
6 398 9046665
6 399 7761299
6 400 13769895
6 401 7813354
6 402 12096154
6 403 13793979
6 404 11878706
6 405 7796343
6 406 13759603
6 407 7785070
6 408 8773847
6 409 11621869
6 410 9074027
6 411 9422148
6 412 11803582
6 413 9396820
6 414 8659798
6 415 11391043
6 416 9011221
6 417 7664250
6 418 11541021
6 419 7663570
6 420 9029581
6 421 9404201
6 422 9003650
6 423 7786762
6 424 9323708
6 425 7627185
6 426 11765917
6 427 9505962
6 428 11733446
6 429 7785046
6 430 9330120
6 431 7627297
6 432 8930080
6 433 13571699
6 434 9138027
6 435 9569075
6 436 13406418
6 437 9384872
6 438 9126374
6 439 13652886
6 440 8991222
6 441 7758764
6 442 13790171
6 443 7764058
6 444 9015339
6 445 9438677
6 446 8875725
6 447 7753727
6 448 9389922
6 449 7705527
6 450 13122381
6 451 9251305
6 452 13494863
6 453 7568545
6 454 9108159
6 455 7570769
6 456 11687040
6 457 13655938
6 458 12033260
6 459 9538805
6 460 13671291
6 461 9497243
6 462 12046139
6 463 13680420
6 464 11834720
6 465 7769071
6 466 13829407
6 467 7857741
6 468 11826504
6 469 9461782
6 470 11738718
6 471 7860036
6 472 9377926
6 473 7705413
6 474 13345116
6 475 9373981
6 476 13641893
6 477 7682016
6 478 9264881
6 479 7682824
6 480 6748860
6 481 13874338
6 482 6796038
6 483 12307983
6 484 13867627
6 485 12236147
6 486 6792534
6 487 13874082
6 488 6861068
6 489 8101885
6 490 14026677
6 491 8109909
6 492 6860922
6 493 12441389
6 494 6781907
6 495 8125498
6 496 12516551
6 497 7983861
6 498 13736354
6 499 12286547
6 500 13851569
6 501 7904735
6 502 12371753
6 503 7906504
6 504 6793469
6 505 13920953
6 506 6791734
6 507 12348369
6 508 13890292
6 509 12204798
6 510 6824477
6 511 13884018
6 512 6787555
6 513 6322514
6 514 13997792
6 515 6388869
6 516 6837459
6 517 12436042
6 518 6850054
6 519 6366199
6 520 12499078
6 521 6416683
6 522 13949817
6 523 12361810
6 524 13996076
6 525 6342927
6 526 12453266
6 527 6379298
6 528 6828432
6 529 13851653
6 530 6820987
6 531 8115579
6 532 14029044
6 533 8079986
6 534 6752562
6 535 13745625
6 536 6817130
6 537 6357451
6 538 13876559
6 539 6368868
6 540 6747590
6 541 8046942
6 542 6738462
6 543 6324256
6 544 8054453
6 545 6282947
6 546 13902563
6 547 8112449
6 548 13925491
6 549 6376195
6 550 8025479
6 551 6276995
6 552 6790329
6 553 12341360
6 554 6808891
6 555 8102613
6 556 12393271
6 557 7958529
6 558 6814610
6 559 12358215
6 560 6760838
6 561 6328491
6 562 12528798
6 563 6374498
6 564 6763281
6 565 8067853
6 566 6584611
6 567 6283104
6 568 8055665
6 569 6255465
6 570 12150382
6 571 7880083
6 572 12308901
6 573 6229332
6 574 7867497
6 575 6230144
6 576 13452964
6 577 12061976
6 578 13557441
6 579 7824274
6 580 12208105
6 581 7822017
6 582 13576693
6 583 12058986
6 584 13641517
6 585 6178965
6 586 12212055
6 587 6279363
6 588 13640293
6 589 7821052
6 590 13583187
6 591 6279363
6 592 7766961
6 593 6179708
6 594 11991139
6 595 7795977
6 596 12215869
6 597 6179988
6 598 7775513
6 599 6182271
6 600 9714204
6 601 13653587
6 602 9746826
6 603 12060677
6 604 13753217
6 605 12072676
6 606 9758891
6 607 13658696
6 608 9965943
6 609 7821822
6 610 13813772
6 611 7991387
6 612 9971416
6 613 12210782
6 614 9742393
6 615 7987241
6 616 12262189
6 617 7866496
6 618 13718455
6 619 12265929
6 620 13796554
6 621 7865967
6 622 12266243
6 623 7824665
6 624 9761836
6 625 13695440
6 626 9749744
6 627 12096513
6 628 13767264
6 629 12070044
6 630 9856788
6 631 13776467
6 632 9970356
6 633 6179157
6 634 13889316
6 635 6310567
6 636 9992012
6 637 12278844
6 638 10014822
6 639 6289546
6 640 12250048
6 641 6322859
6 642 13891251
6 643 12286531
6 644 13957684
6 645 6332183
6 646 12406107
6 647 6309160
6 648 9860206
6 649 13778540
6 650 9989983
6 651 7964673
6 652 13921119
6 653 8004403
6 654 9766624
6 655 13689595
6 656 10019708
6 657 6296078
6 658 13863829
6 659 6303910
6 660 9962337
6 661 7861407
6 662 9951059
6 663 6331660
6 664 7760304
6 665 6178956
6 666 13781426
6 667 8031249
6 668 13869064
6 669 6319331
6 670 7981095
6 671 6268731
6 672 9977791
6 673 12297189
6 674 9991666
6 675 8030793
6 676 12236776
6 677 7892103
6 678 9998404
6 679 12293374
6 680 9940823
6 681 6336797
6 682 12436309
6 683 6323967
6 684 9949138
6 685 8010036
6 686 9728290
6 687 6319038
6 688 7979477
6 689 6268731
6 690 11973068
6 691 7793047
6 692 12206641
6 693 6177609
6 694 7771566
6 695 6179953
6 696 13452964
6 697 12061976
6 698 13557441
6 699 7824274
6 700 12208105
6 701 7822017
6 702 13576693
6 703 12058986
6 704 13641517
6 705 6178965
6 706 12212055
6 707 6279363
6 708 13640293
6 709 7821052
6 710 13583187
6 711 6279363
6 712 7766961
6 713 6179708
6 714 11991139
6 715 7795977
6 716 12215869
6 717 6179988
6 718 7775513
6 719 6182271
7 0 1490076
7 1 1944021
7 2 1489996
7 3 4057422
7 4 1945638
7 5 4012197
7 6 1489981
7 7 1943362
7 8 1500746
7 9 5546294
7 10 1948606
7 11 5559747
7 12 1500746
7 13 4057193
7 14 1489971
7 15 5559834
7 16 4020587
7 17 5547103
7 18 1948353
7 19 4056469
7 20 1948737
7 21 5545645
7 22 4021273
7 23 5524558
7 24 1489841
7 25 1943546
7 26 1489758
7 27 4056344
7 28 1945269
7 29 4008293
7 30 1502167
7 31 1973649
7 32 1508332
7 33 3370809
7 34 1976757
7 35 3415287
7 36 1508915
7 37 4111719
7 38 1510071
7 39 3414723
7 40 4080754
7 41 3419159
7 42 1959194
7 43 4064240
7 44 1978688
7 45 3418344
7 46 4081516
7 47 3418760
7 48 1502169
7 49 1974005
7 50 1508526
7 51 5630526
7 52 1978840
7 53 5611850
7 54 1489792
7 55 1941154
7 56 1509643
7 57 3415677
7 58 1954959
7 59 3417144
7 60 1506848
7 61 5635351
7 62 1506043
7 63 3425212
7 64 5601111
7 65 3380082
7 66 1976211
7 67 5648796
7 68 1971874
7 69 3422127
7 70 5618208
7 71 3388146
7 72 1507208
7 73 4107927
7 74 1509455
7 75 5652314
7 76 4075270
7 77 5639518
7 78 1508658
7 79 4067029
7 80 1505639
7 81 3424636
7 82 4074469
7 83 3422479
7 84 1507708
7 85 5642031
7 86 1489804
7 87 3417705
7 88 5617816
7 89 3387830
7 90 4033919
7 91 5616790
7 92 4037305
7 93 3378472
7 94 5604374
7 95 3379196
7 96 1953205
7 97 4071864
7 98 1957058
7 99 5619334
7 100 4072766
7 101 5600125
7 102 1956788
7 103 4071282
7 104 1974758
7 105 3378404
7 106 4063198
7 107 3420674
7 108 1975179
7 109 5631426
7 110 1949906
7 111 3420075
7 112 5598205
7 113 3379267
7 114 4034795
7 115 5614633
7 116 4029364
7 117 3378036
7 118 5594701
7 119 3369174
7 120 1488889
7 121 1942731
7 122 1488809
7 123 4055823
7 124 1944391
7 125 4009051
7 126 1488771
7 127 1942050
7 128 1500482
7 129 5546248
7 130 1948216
7 131 5559658
7 132 1500482
7 133 4054735
7 134 1488761
7 135 5559788
7 136 4018314
7 137 5547103
7 138 1948029
7 139 4054173
7 140 1948367
7 141 5545579
7 142 4018841
7 143 5523277
7 144 1517907
7 145 1974860
7 146 1517889
7 147 4169361
7 148 1975495
7 149 4141729
7 150 1527655
7 151 2005552
7 152 1533216
7 153 1669824
7 154 2009698
7 155 1698078
7 156 1541301
7 157 4227255
7 158 1537936
7 159 1697478
7 160 4193994
7 161 1701350
7 162 1991214
7 163 4200243
7 164 2012193
7 165 1701659
7 166 4191889
7 167 1697905
7 168 1524670
7 169 1999140
7 170 1537566
7 171 5760666
7 172 2009209
7 173 5759704
7 174 1526888
7 175 2000930
7 176 1537407
7 177 1694425
7 178 2005615
7 179 1694840
7 180 1540865
7 181 5799253
7 182 1539801
7 183 1702582
7 184 5783186
7 185 1695647
7 186 2011247
7 187 5836812
7 188 2012690
7 189 1702517
7 190 5804693
7 191 1701942
7 192 1537691
7 193 4167884
7 194 1531847
7 195 5779529
7 196 4142018
7 197 5768190
7 198 1545095
7 199 4217910
7 200 1540808
7 201 1706073
7 202 4217210
7 203 1705753
7 204 1543305
7 205 5817840
7 206 1531832
7 207 1697678
7 208 5808093
7 209 1701701
7 210 4139508
7 211 5800896
7 212 4191726
7 213 1698811
7 214 5811898
7 215 1698201
7 216 1984303
7 217 4144269
7 218 1983977
7 219 5748833
7 220 4127869
7 221 5723043
7 222 1994766
7 223 4220687
7 224 2014314
7 225 1699541
7 226 4212140
7 227 1706423
7 228 2014286
7 229 5836864
7 230 2008737
7 231 1706632
7 232 5807350
7 233 1698106
7 234 4146248
7 235 5796536
7 236 4180087
7 237 1698885
7 238 5799866
7 239 1689091
7 240 1517829
7 241 1974584
7 242 1517809
7 243 4168952
7 244 1975245
7 245 4141176
7 246 1524131
7 247 1993605
7 248 1537956
7 249 3477908
7 250 1998103
7 251 3491017
7 252 1536833
7 253 4222676
7 254 1532101
7 255 3489123
7 256 4191438
7 257 3490276
7 258 1989157
7 259 4206228
7 260 1998980
7 261 3489974
7 262 4188800
7 263 3484186
7 264 1488298
7 265 1939741
7 266 1488188
7 267 4052474
7 268 1941796
7 269 3994980
7 270 1526891
7 271 1999703
7 272 1537500
7 273 1691718
7 274 2007751
7 275 1698442
7 276 1534515
7 277 4193688
7 278 1537102
7 279 1694540
7 280 4183323
7 281 1701561
7 282 1981240
7 283 4128464
7 284 2009323
7 285 1701807
7 286 4176619
7 287 1697256
7 288 1525265
7 289 1993247
7 290 1543063
7 291 3506082
7 292 2013450
7 293 3513594
7 294 1524963
7 295 1997336
7 296 1542755
7 297 1706346
7 298 2007204
7 299 1708625
7 300 1535791
7 301 3468649
7 302 1536578
7 303 1705699
7 304 3447961
7 305 1677335
7 306 2007468
7 307 3525151
7 308 2015040
7 309 1716522
7 310 3499836
7 311 1686131
7 312 1541853
7 313 4230858
7 314 1541731
7 315 3518346
7 316 4236661
7 317 3524628
7 318 1540781
7 319 4186882
7 320 1539297
7 321 1709359
7 322 4200579
7 323 1713274
7 324 1540747
7 325 3518150
7 326 1537113
7 327 1712073
7 328 3499295
7 329 1685531
7 330 4195515
7 331 3520483
7 332 4188012
7 333 1707713
7 334 3504528
7 335 1688816
7 336 1994237
7 337 4223087
7 338 2008340
7 339 3523873
7 340 4230310
7 341 3519258
7 342 1989721
7 343 4173345
7 344 2012441
7 345 1712746
7 346 4133334
7 347 1712633
7 348 2015374
7 349 3520838
7 350 2008284
7 351 1719748
7 352 3503607
7 353 1688970
7 354 4203388
7 355 3525534
7 356 4187519
7 357 1712238
7 358 3501986
7 359 1682551
7 360 1527681
7 361 2004481
7 362 1541621
7 363 5786062
7 364 2014149
7 365 5776779
7 366 1527045
7 367 2000751
7 368 1546076
7 369 3500971
7 370 2011827
7 371 3510733
7 372 1540616
7 373 5809133
7 374 1541950
7 375 3509678
7 376 5795630
7 377 3472495
7 378 2012970
7 379 5828826
7 380 2014496
7 381 3508413
7 382 5797750
7 383 3470299
7 384 1526955
7 385 1998280
7 386 1534165
7 387 5769642
7 388 2003859
7 389 5747037
7 390 1523028
7 391 1991895
7 392 1544149
7 393 1705646
7 394 2005498
7 395 1709000
7 396 1540961
7 397 5842679
7 398 1537235
7 399 1711176
7 400 5837082
7 401 1709958
7 402 2013413
7 403 5845505
7 404 2008102
7 405 1713500
7 406 5835693
7 407 1704409
7 408 1524971
7 409 1999715
7 410 1541370
7 411 3498944
7 412 2011878
7 413 3496944
7 414 1487966
7 415 1924923
7 416 1531646
7 417 1697250
7 418 1962290
7 419 1697285
7 420 1540411
7 421 3513447
7 422 1534628
7 423 1710167
7 424 3499794
7 425 1685409
7 426 2013844
7 427 3523686
7 428 1993107
7 429 1710230
7 430 3501443
7 431 1685436
7 432 1535999
7 433 5831573
7 434 1540594
7 435 3517317
7 436 5815023
7 437 3478090
7 438 1540860
7 439 5834189
7 440 1530629
7 441 1709037
7 442 5849818
7 443 1710444
7 444 1537830
7 445 3517815
7 446 1527429
7 447 1710698
7 448 3518031
7 449 1688549
7 450 5769032
7 451 3468100
7 452 5801291
7 453 1680280
7 454 3470284
7 455 1678229
7 456 2010272
7 457 5870613
7 458 2013471
7 459 3519633
7 460 5859857
7 461 3489140
7 462 2013435
7 463 5870429
7 464 2003710
7 465 1714435
7 466 5856218
7 467 1708696
7 468 2012963
7 469 3517903
7 470 1988864
7 471 1716630
7 472 3514850
7 473 1685552
7 474 5794154
7 475 3480712
7 476 5816017
7 477 1684071
7 478 3476740
7 479 1680479
7 480 1531949
7 481 4182938
7 482 1536759
7 483 5806098
7 484 4155790
7 485 5798528
7 486 1536355
7 487 4176913
7 488 1540913
7 489 3511218
7 490 4183809
7 491 3515833
7 492 1540882
7 493 5820905
7 494 1531065
7 495 3512788
7 496 5817395
7 497 3479556
7 498 4142458
7 499 5794455
7 500 4147713
7 501 3469634
7 502 5804486
7 503 3471554
7 504 1536257
7 505 4184008
7 506 1536076
7 507 5809081
7 508 4149899
7 509 5795756
7 510 1543154
7 511 4215893
7 512 1538360
7 513 1711303
7 514 4229434
7 515 1717796
7 516 1539571
7 517 5840295
7 518 1539451
7 519 1713101
7 520 5873230
7 521 1717122
7 522 4168243
7 523 5831715
7 524 4227927
7 525 1711259
7 526 5875653
7 527 1713718
7 528 1541402
7 529 4213084
7 530 1537166
7 531 3520994
7 532 4226058
7 533 3516424
7 534 1530471
7 535 4107016
7 536 1541732
7 537 1711668
7 538 4164564
7 539 1714291
7 540 1530748
7 541 3514565
7 542 1530648
7 543 1708894
7 544 3516614
7 545 1691544
7 546 4227477
7 547 3523372
7 548 4187374
7 549 1711731
7 550 3513476
7 551 1688311
7 552 1536655
7 553 5831290
7 554 1537967
7 555 3518515
7 556 5826410
7 557 3481979
7 558 1535312
7 559 5815242
7 560 1531085
7 561 1709323
7 562 5841996
7 563 1709940
7 564 1529786
7 565 3493308
7 566 1486836
7 567 1693504
7 568 3501710
7 569 1681169
7 570 5793164
7 571 3480432
7 572 5811790
7 573 1684260
7 574 3477384
7 575 1677615
7 576 4119533
7 577 5794234
7 578 4125046
7 579 3471734
7 580 5812190
7 581 3474581
7 582 4127302
7 583 5793259
7 584 4183211
7 585 1681218
7 586 5824321
7 587 1704067
7 588 4183043
7 589 3474381
7 590 4115964
7 591 1705131
7 592 3467410
7 593 1678189
7 594 5787120
7 595 3474682
7 596 5805937
7 597 1680144
7 598 3470428
7 599 1671533
7 600 1976864
7 601 4137444
7 602 1983177
7 603 5765161
7 604 4143470
7 605 5748534
7 606 1983059
7 607 4139548
7 608 2006855
7 609 3462329
7 610 4144804
7 611 3505125
7 612 2007745
7 613 5792075
7 614 1979912
7 615 3504408
7 616 5778866
7 617 3468891
7 618 4140595
7 619 5787979
7 620 4135977
7 621 3467351
7 622 5775735
7 623 3459129
7 624 1982888
7 625 4142915
7 626 1983062
7 627 5769146
7 628 4141781
7 629 5747778
7 630 1993500
7 631 4222759
7 632 2011692
7 633 1681735
7 634 4221139
7 635 1711754
7 636 2013570
7 637 5852332
7 638 2012291
7 639 1706869
7 640 5839823
7 641 1707678
7 642 4158297
7 643 5808624
7 644 4222070
7 645 1710783
7 646 5850433
7 647 1702107
7 648 1991862
7 649 4222166
7 650 2005390
7 651 3515393
7 652 4227667
7 653 3519010
7 654 1977255
7 655 4131431
7 656 2011510
7 657 1707328
7 658 4175958
7 659 1708426
7 660 1997697
7 661 3480094
7 662 2003369
7 663 1711573
7 664 3470285
7 665 1681615
7 666 4217511
7 667 3517032
7 668 4183676
7 669 1703796
7 670 3513703
7 671 1688126
7 672 2009604
7 673 5864161
7 674 2010124
7 675 3516670
7 676 5841336
7 677 3480301
7 678 2004370
7 679 5843603
7 680 1997985
7 681 1711697
7 682 5853365
7 683 1704850
7 684 2006507
7 685 3513286
7 686 1946912
7 687 1709249
7 688 3513758
7 689 1689110
7 690 5784268
7 691 3472697
7 692 5808267
7 693 1675523
7 694 3468248
7 695 1674087
7 696 4119736
7 697 5794028
7 698 4121545
7 699 3471661
7 700 5808807
7 701 3471160
7 702 4124659
7 703 5792960
7 704 4178115
7 705 1681074
7 706 5808712
7 707 1700968
7 708 4169429
7 709 3466884
7 710 4088067
7 711 1701309
7 712 3466205
7 713 1676512
7 714 5765582
7 715 3463428
7 716 5773345
7 717 1672768
7 718 3443004
7 719 1640049
7 720 3153037
7 721 4450262
7 722 3152707
7 723 8541357
7 724 4455059
7 725 8420574
7 726 3152619
7 727 4448274
7 728 3181483
7 729 8479366
7 730 4463988
7 731 8528551
7 732 3181485
7 733 8539193
7 734 3152582
7 735 8529028
7 736 8445400
7 737 8481775
7 738 4464194
7 739 8538659
7 740 4464923
7 741 8474948
7 742 8445844
7 743 8456412
7 744 3151544
7 745 4446926
7 746 3151173
7 747 8540551
7 748 4451763
7 749 8418249
7 750 3180188
7 751 4581849
7 752 3190521
7 753 4546526
7 754 4587799
7 755 4675909
7 756 3194051
7 757 8686911
7 758 3199548
7 759 4666840
7 760 8609721
7 761 4678042
7 762 4490339
7 763 8579525
7 764 4591701
7 765 4680365
7 766 8602767
7 767 4681110
7 768 3180467
7 769 4582904
7 770 3194355
7 771 8603729
7 772 4594325
7 773 8582148
7 774 3150268
7 775 4437987
7 776 3196037
7 777 4670964
7 778 4479041
7 779 4677391
7 780 3186190
7 781 8560875
7 782 3182872
7 783 4682276
7 784 8505898
7 785 4550755
7 786 4581189
7 787 8618561
7 788 4541922
7 789 4669242
7 790 8559068
7 791 4582703
7 792 3187718
7 793 8679089
7 794 3197297
7 795 8623677
7 796 8599407
7 797 8576072
7 798 3193762
7 799 8591854
7 800 3184027
7 801 4685446
7 802 8597770
7 803 4674680
7 804 3188656
7 805 8597305
7 806 3147452
7 807 4681790
7 808 8558780
7 809 4580542
7 810 8495842
7 811 8534303
7 812 8500520
7 813 4547620
7 814 8514571
7 815 4547043
7 816 4471150
7 817 8595439
7 818 4487914
7 819 8542818
7 820 8585715
7 821 8532492
7 822 4486333
7 823 8597679
7 824 4577190
7 825 4547246
7 826 8584115
7 827 4662579
7 828 4580303
7 829 8551468
7 830 4455652
7 831 4660865
7 832 8507566
7 833 4548188
7 834 8495798
7 835 8533855
7 836 8492205
7 837 4545814
7 838 8505464
7 839 4532971
7 840 3160744
7 841 4458619
7 842 3160414
7 843 8551664
7 844 4463131
7 845 8439761
7 846 3160491
7 847 4456793
7 848 3183283
7 849 8479696
7 850 4466603
7 851 8529166
7 852 3183285
7 853 8554963
7 854 3160454
7 855 8529358
7 856 8459024
7 857 8481775
7 858 4466359
7 859 8552448
7 860 4467418
7 861 8475398
7 862 8461404
7 863 8466689
7 864 3163420
7 865 4472640
7 866 3163304
7 867 8568483
7 868 4474848
7 869 8505375
7 870 3164776
7 871 4539108
7 872 3168256
7 873 3128385
7 874 4541810
7 875 3136211
7 876 3192407
7 877 8641962
7 878 3176106
7 879 3136179
7 880 8569969
7 881 3150347
7 882 4495145
7 883 8585204
7 884 4548470
7 885 3150004
7 886 8544554
7 887 3136938
7 888 3186359
7 889 4544854
7 890 3209639
7 891 8617480
7 892 4576593
7 893 8626216
7 894 3172587
7 895 4546632
7 896 3176082
7 897 3136334
7 898 4542420
7 899 3136546
7 900 3204955
7 901 8620355
7 902 3194970
7 903 3162382
7 904 8597083
7 905 3153407
7 906 4569101
7 907 8666986
7 908 4574261
7 909 3163220
7 910 8624945
7 911 3164252
7 912 3203641
7 913 8637579
7 914 3193592
7 915 8641956
7 916 8552991
7 917 8593825
7 918 3211133
7 919 8652058
7 920 3194686
7 921 3162521
7 922 8631740
7 923 3163026
7 924 3199070
7 925 8645617
7 926 3176807
7 927 3136821
7 928 8625500
7 929 3164295
7 930 8483648
7 931 8576042
7 932 8552959
7 933 3153214
7 934 8607898
7 935 3152768
7 936 4488918
7 937 8587883
7 938 4487838
7 939 8557198
7 940 8536903
7 941 8543946
7 942 4507038
7 943 8660220
7 944 4558093
7 945 3153110
7 946 8639928
7 947 3164044
7 948 4556589
7 949 8648184
7 950 4557728
7 951 3164425
7 952 8604518
7 953 3152046
7 954 8486571
7 955 8569682
7 956 8540862
7 957 3152906
7 958 8595670
7 959 3136927
7 960 3166630
7 961 4470177
7 962 3166432
7 963 8571788
7 964 4472661
7 965 8497746
7 966 3198032
7 967 4613181
7 968 3218208
7 969 4719658
7 970 4620072
7 971 4772500
7 972 3217170
7 973 8738762
7 974 3218647
7 975 4773570
7 976 8656686
7 977 4766325
7 978 4530007
7 979 8698491
7 980 4625442
7 981 4765754
7 982 8651106
7 983 4762316
7 984 3167196
7 985 4472187
7 986 3166995
7 987 8573344
7 988 4474533
7 989 8503745
7 990 3170406
7 991 4539544
7 992 3174711
7 993 3134973
7 994 4538241
7 995 3135916
7 996 3189335
7 997 8647591
7 998 3174853
7 999 3134846
7 1000 8576295
7 1001 3150189
7 1002 4487887
7 1003 8577514
7 1004 4544588
7 1005 3150190
7 1006 8547614
7 1007 3135923
7 1008 3194064
7 1009 4623442
7 1010 3211062
7 1011 4727729
7 1012 4645356
7 1013 4772105
7 1014 3190157
7 1015 4614039
7 1016 3201452
7 1017 3163204
7 1018 4610974
7 1019 3163601
7 1020 3202611
7 1021 4635075
7 1022 3199375
7 1023 3169418
7 1024 4625850
7 1025 3156466
7 1026 4638417
7 1027 4785821
7 1028 4636146
7 1029 3193735
7 1030 4763411
7 1031 3171559
7 1032 3219283
7 1033 8753769
7 1034 3229399
7 1035 4790326
7 1036 8717106
7 1037 4790210
7 1038 3226020
7 1039 8739365
7 1040 3205124
7 1041 3173679
7 1042 8720718
7 1043 3189125
7 1044 3215385
7 1045 4767313
7 1046 3209375
7 1047 3179634
7 1048 4754524
7 1049 3170652
7 1050 8648727
7 1051 4775934
7 1052 8648813
7 1053 3182379
7 1054 4773093
7 1055 3182692
7 1056 4531332
7 1057 8721150
7 1058 4638569
7 1059 4792124
7 1060 8718379
7 1061 4792896
7 1062 4532274
7 1063 8716912
7 1064 4577562
7 1065 3188575
7 1066 8668814
7 1067 3176248
7 1068 4641480
7 1069 4784209
7 1070 4627442
7 1071 3205527
7 1072 4775509
7 1073 3182748
7 1074 8658694
7 1075 4792703
7 1076 8654374
7 1077 3193425
7 1078 4777847
7 1079 3169491
7 1080 3196458
7 1081 4610779
7 1082 3220244
7 1083 8681264
7 1084 4629658
7 1085 8672180
7 1086 3179305
7 1087 4549116
7 1088 3220003
7 1089 4762641
7 1090 4556376
7 1091 4787981
7 1092 3213546
7 1093 8678865
7 1094 3210550
7 1095 4778802
7 1096 8643956
7 1097 4666862
7 1098 4624877
7 1099 8721728
7 1100 4608698
7 1101 4766678
7 1102 8658886
7 1103 4672663
7 1104 3204751
7 1105 4619793
7 1106 3221264
7 1107 8686325
7 1108 4632794
7 1109 8672375
7 1110 3190525
7 1111 4617693
7 1112 3202583
7 1113 3163542
7 1114 4624707
7 1115 3163732
7 1116 3223082
7 1117 8715606
7 1118 3207551
7 1119 3175285
7 1120 8696336
7 1121 3189681
7 1122 4634478
7 1123 8714768
7 1124 4635005
7 1125 3190122
7 1126 8692690
7 1127 3177767
7 1128 3196222
7 1129 4581085
7 1130 3222400
7 1131 4791006
7 1132 4619469
7 1133 4786386
7 1134 3167598
7 1135 4521425
7 1136 3172811
7 1137 3135576
7 1138 4515686
7 1139 3135574
7 1140 3215754
7 1141 4764253
7 1142 3207171
7 1143 3177439
7 1144 4769182
7 1145 3170848
7 1146 4612532
7 1147 4795709
7 1148 4590676
7 1149 3179312
7 1150 4772295
7 1151 3170959
7 1152 3208111
7 1153 8706324
7 1154 3208708
7 1155 4787749
7 1156 8644131
7 1157 4655261
7 1158 3218688
7 1159 8711551
7 1160 3195728
7 1161 3168307
7 1162 8707286
7 1163 3184109
7 1164 3212678
7 1165 4796489
7 1166 3192787
7 1167 3165022
7 1168 4787506
7 1169 3181555
7 1170 8621116
7 1171 4645507
7 1172 8652962
7 1173 3157667
7 1174 4709267
7 1175 3156887
7 1176 4617767
7 1177 8753886
7 1178 4603449
7 1179 4777856
7 1180 8699210
7 1181 4691506
7 1182 4628704
7 1183 8759576
7 1184 4620643
7 1185 3184107
7 1186 8730809
7 1187 3194309
7 1188 4620750
7 1189 4794357
7 1190 4592098
7 1191 3190130
7 1192 4783376
7 1193 3178780
7 1194 8651103
7 1195 4675858
7 1196 8678396
7 1197 3171433
7 1198 4738638
7 1199 3168788
7 1200 3203176
7 1201 8725564
7 1202 3208951
7 1203 8708774
7 1204 8645458
7 1205 8663691
7 1206 3205153
7 1207 8694683
7 1208 3205568
7 1209 4782106
7 1210 8688516
7 1211 4780235
7 1212 3205612
7 1213 8691001
7 1214 3179626
7 1215 4784781
7 1216 8668240
7 1217 4674569
7 1218 8576342
7 1219 8626281
7 1220 8583014
7 1221 4647618
7 1222 8623886
7 1223 4645360
7 1224 3213726
7 1225 8737175
7 1226 3217042
7 1227 8712145
7 1228 8650435
7 1229 8664846
7 1230 3217492
7 1231 8737202
7 1232 3198277
7 1233 3167830
7 1234 8734491
7 1235 3191410
7 1236 3224756
7 1237 8726096
7 1238 3209229
7 1239 3177570
7 1240 8725741
7 1241 3203428
7 1242 8634921
7 1243 8660158
7 1244 8696431
7 1245 3180783
7 1246 8704841
7 1247 3191731
7 1248 3226805
7 1249 8717118
7 1250 3223037
7 1251 4809758
7 1252 8736153
7 1253 4799619
7 1254 3212712
7 1255 8684280
7 1256 3205564
7 1257 3176250
7 1258 8675097
7 1259 3177367
7 1260 3212210
7 1261 4795439
7 1262 3195246
7 1263 3166217
7 1264 4795183
7 1265 3184123
7 1266 8731375
7 1267 4799070
7 1268 8717896
7 1269 3192023
7 1270 4782230
7 1271 3181465
7 1272 3211289
7 1273 8714566
7 1274 3205176
7 1275 4800695
7 1276 8670018
7 1277 4682557
7 1278 3215551
7 1279 8712701
7 1280 3198589
7 1281 3168157
7 1282 8706197
7 1283 3192792
7 1284 3205415
7 1285 4793107
7 1286 3165491
7 1287 3135760
7 1288 4789339
7 1289 3167890
7 1290 8650775
7 1291 4677736
7 1292 8677558
7 1293 3171442
7 1294 4740519
7 1295 3166777
7 1296 8524157
7 1297 8620399
7 1298 8530273
7 1299 4648456
7 1300 8609807
7 1301 4647480
7 1302 8538756
7 1303 8634437
7 1304 8597731
7 1305 3157216
7 1306 8673623
7 1307 3171635
7 1308 8612222
7 1309 4720976
7 1310 8586396
7 1311 3171111
7 1312 4716315
7 1313 3157185
7 1314 8630534
7 1315 4666036
7 1316 8654496
7 1317 3159192
7 1318 4719866
7 1319 3151791
7 1320 4491864
7 1321 8613967
7 1322 4499611
7 1323 8608323
7 1324 8611178
7 1325 8591852
7 1326 4496833
7 1327 8614811
7 1328 4600206
7 1329 4637181
7 1330 8623879
7 1331 4744787
7 1332 4598057
7 1333 8616409
7 1334 4475046
7 1335 4741230
7 1336 8588178
7 1337 4637087
7 1338 8568317
7 1339 8606095
7 1340 8566772
7 1341 4631115
7 1342 8581666
7 1343 4620037
7 1344 4503093
7 1345 8634847
7 1346 4508916
7 1347 8611649
7 1348 8632020
7 1349 8603013
7 1350 4517504
7 1351 8704565
7 1352 4564056
7 1353 3153813
7 1354 8692474
7 1355 3168998
7 1356 4580956
7 1357 8705128
7 1358 4580467
7 1359 3168365
7 1360 8673960
7 1361 3180354
7 1362 8623553
7 1363 8636202
7 1364 8687318
7 1365 3180036
7 1366 8673220
7 1367 3167044
7 1368 4533092
7 1369 8713202
7 1370 4628359
7 1371 4754330
7 1372 8732380
7 1373 4783938
7 1374 4514455
7 1375 8695262
7 1376 4574681
7 1377 3168371
7 1378 8690573
7 1379 3168470
7 1380 4631886
7 1381 4724555
7 1382 4613479
7 1383 3183925
7 1384 4706853
7 1385 3159521
7 1386 8726903
7 1387 4789176
7 1388 8707875
7 1389 3179340
7 1390 4781260
7 1391 3181182
7 1392 4618536
7 1393 8733149
7 1394 4583888
7 1395 4781634
7 1396 8670348
7 1397 4675684
7 1398 4620102
7 1399 8731273
7 1400 4614813
7 1401 3183464
7 1402 8716673
7 1403 3181372
7 1404 4590154
7 1405 4791375
7 1406 4532552
7 1407 3165890
7 1408 4784808
7 1409 3181592
7 1410 8627516
7 1411 4663696
7 1412 8652949
7 1413 3157041
7 1414 4716885
7 1415 3153578
7 1416 8525056
7 1417 8620747
7 1418 8530558
7 1419 4649919
7 1420 8610167
7 1421 4647611
7 1422 8538226
7 1423 8632830
7 1424 8596513
7 1425 3157345
7 1426 8673313
7 1427 3170596
7 1428 8608095
7 1429 4719277
7 1430 8576424
7 1431 3168327
7 1432 4715462
7 1433 3156105
7 1434 8622162
7 1435 4660329
7 1436 8643648
7 1437 3155629
7 1438 4709480
7 1439 3136633
7 1440 3749718
7 1441 6023103
7 1442 3748561
7 1443 8244109
7 1444 6025260
7 1445 8172473
7 1446 3749666
7 1447 6023051
7 1448 3822015
7 1449 6386894
7 1450 6027792
7 1451 6484131
7 1452 3822015
7 1453 8241551
7 1454 3749666
7 1455 6484284
7 1456 8175081
7 1457 6387050
7 1458 6025891
7 1459 8241473
7 1460 6027842
7 1461 6375902
7 1462 8175161
7 1463 6380428
7 1464 3782237
7 1465 6093003
7 1466 3782007
7 1467 8267303
7 1468 6093871
7 1469 8233149
7 1470 3831525
7 1471 6285346
7 1472 3890788
7 1473 3602709
7 1474 6269634
7 1475 3624716
7 1476 3916515
7 1477 8492373
7 1478 3897040
7 1479 3618275
7 1480 8417069
7 1481 3642878
7 1482 6143757
7 1483 8433860
7 1484 6275499
7 1485 3644355
7 1486 8411770
7 1487 3623648
7 1488 3824953
7 1489 6242525
7 1490 3898357
7 1491 6698621
7 1492 6259169
7 1493 6713293
7 1494 3831002
7 1495 6272787
7 1496 3895559
7 1497 3616790
7 1498 6256260
7 1499 3612717
7 1500 3923726
7 1501 6755699
7 1502 3907864
7 1503 3642555
7 1504 6756067
7 1505 3614362
7 1506 6259221
7 1507 6824049
7 1508 6278906
7 1509 3643560
7 1510 6807021
7 1511 3640477
7 1512 3901259
7 1513 8464911
7 1514 3897691
7 1515 6744265
7 1516 8399718
7 1517 6649384
7 1518 3929847
7 1519 8481873
7 1520 3909234
7 1521 3644746
7 1522 8461553
7 1523 3643539
7 1524 3913716
7 1525 6811819
7 1526 3891768
7 1527 3622353
7 1528 6823000
7 1529 3637905
7 1530 8334456
7 1531 6688170
7 1532 8397265
7 1533 3617401
7 1534 6803097
7 1535 3617356
7 1536 6081808
7 1537 8377748
7 1538 6087319
7 1539 6614525
7 1540 8364115
7 1541 6613562
7 1542 6143461
7 1543 8452678
7 1544 6271951
7 1545 3617644
7 1546 8455515
7 1547 3646118
7 1548 6251769
7 1549 6788988
7 1550 6259257
7 1551 3646374
7 1552 6793177
7 1553 3616441
7 1554 8336093
7 1555 6691094
7 1556 8393671
7 1557 3617772
7 1558 6799931
7 1559 3613879
7 1560 3749616
7 1561 6023001
7 1562 3748459
7 1563 8244007
7 1564 6025158
7 1565 8172220
7 1566 3749564
7 1567 6022949
7 1568 3822015
7 1569 6386894
7 1570 6027792
7 1571 6484131
7 1572 3822015
7 1573 8241347
7 1574 3749564
7 1575 6484284
7 1576 8174930
7 1577 6387050
7 1578 6025891
7 1579 8241322
7 1580 6027842
7 1581 6375902
7 1582 8174957
7 1583 6378907
7 1584 3784829
7 1585 6099270
7 1586 3784645
7 1587 8270725
7 1588 6099900
7 1589 8246310
7 1590 3808466
7 1591 6270436
7 1592 3863538
7 1593 3475100
7 1594 6248268
7 1595 3480780
7 1596 3895878
7 1597 8428446
7 1598 3867913
7 1599 3478873
7 1600 8335359
7 1601 3502763
7 1602 6126831
7 1603 8382236
7 1604 6254299
7 1605 3502478
7 1606 8330367
7 1607 3481287
7 1608 3827196
7 1609 6246867
7 1610 3902906
7 1611 6644090
7 1612 6265721
7 1613 6652322
7 1614 3808189
7 1615 6268789
7 1616 3862598
7 1617 3477616
7 1618 6243411
7 1619 3475236
7 1620 3907791
7 1621 6661006
7 1622 3884836
7 1623 3504672
7 1624 6641590
7 1625 3483494
7 1626 6246163
7 1627 6708149
7 1628 6265204
7 1629 3504631
7 1630 6676202
7 1631 3505499
7 1632 3887802
7 1633 8417458
7 1634 3878543
7 1635 6643290
7 1636 8353296
7 1637 6555533
7 1638 3911798
7 1639 8432747
7 1640 3884805
7 1641 3505059
7 1642 8389919
7 1643 3504540
7 1644 3893141
7 1645 6679645
7 1646 3867312
7 1647 3480797
7 1648 6661949
7 1649 3505071
7 1650 8260526
7 1651 6542523
7 1652 8327790
7 1653 3484002
7 1654 6662651
7 1655 3484040
7 1656 6067838
7 1657 8329714
7 1658 6068247
7 1659 6493913
7 1660 8310982
7 1661 6486542
7 1662 6129063
7 1663 8400797
7 1664 6254057
7 1665 3483392
7 1666 8388096
7 1667 3505560
7 1668 6235887
7 1669 6684145
7 1670 6253719
7 1671 3505437
7 1672 6660413
7 1673 3482734
7 1674 8262552
7 1675 6540746
7 1676 8324686
7 1677 3483937
7 1678 6658102
7 1679 3481170
7 1680 3789253
7 1681 6111433
7 1682 3789173
7 1683 8272224
7 1684 6112142
7 1685 8247209
7 1686 3834797
7 1687 6297357
7 1688 3919531
7 1689 3636965
7 1690 6303241
7 1691 3654793
7 1692 3922723
7 1693 8478846
7 1694 3924255
7 1695 3651578
7 1696 8410040
7 1697 3656032
7 1698 6161561
7 1699 8431721
7 1700 6307180
7 1701 3657812
7 1702 8411502
7 1703 3652704
7 1704 3788064
7 1705 6108505
7 1706 3787963
7 1707 8272288
7 1708 6109138
7 1709 8246348
7 1710 3834102
7 1711 6300057
7 1712 3895457
7 1713 3507262
7 1714 6285131
7 1715 3510291
7 1716 3903221
7 1717 8438618
7 1718 3897979
7 1719 3509952
7 1720 8345194
7 1721 3516687
7 1722 6139885
7 1723 8380150
7 1724 6287413
7 1725 3516810
7 1726 8342933
7 1727 3510793
7 1728 3815059
7 1729 6300403
7 1730 3898272
7 1731 3636213
7 1732 6308605
7 1733 3655832
7 1734 3814956
7 1735 6298722
7 1736 3897315
7 1737 3512476
7 1738 6288875
7 1739 3515484
7 1740 3879868
7 1741 3598287
7 1742 3879803
7 1743 3505465
7 1744 3564597
7 1745 3472149
7 1746 6299098
7 1747 3685650
7 1748 6300012
7 1749 3563503
7 1750 3625110
7 1751 3505468
7 1752 3945855
7 1753 8492570
7 1754 3959117
7 1755 3704384
7 1756 8497851
7 1757 3709760
7 1758 3949466
7 1759 8493706
7 1760 3953831
7 1761 3581304
7 1762 8486797
7 1763 3586881
7 1764 3914076
7 1765 3656842
7 1766 3912878
7 1767 3539913
7 1768 3621021
7 1769 3506754
7 1770 8395249
7 1771 3686375
7 1772 8395963
7 1773 3567356
7 1774 3645971
7 1775 3532237
7 1776 6167400
7 1777 8470433
7 1778 6332661
7 1779 3696870
7 1780 8509508
7 1781 3693361
7 1782 6170146
7 1783 8471990
7 1784 6330853
7 1785 3574273
7 1786 8496340
7 1787 3571314
7 1788 6315433
7 1789 3705207
7 1790 6310768
7 1791 3587707
7 1792 3647602
7 1793 3529643
7 1794 8413318
7 1795 3692192
7 1796 8413604
7 1797 3573567
7 1798 3630287
7 1799 3512328
7 1800 3838666
7 1801 6290952
7 1802 3930176
7 1803 6778483
7 1804 6313530
7 1805 6778286
7 1806 3860865
7 1807 6314693
7 1808 3949512
7 1809 3671031
7 1810 6328338
7 1811 3681430
7 1812 3936030
7 1813 6694795
7 1814 3948261
7 1815 3693240
7 1816 6805930
7 1817 3676773
7 1818 6293885
7 1819 6831943
7 1820 6328393
7 1821 3696327
7 1822 6827386
7 1823 3682230
7 1824 3860142
7 1825 6310415
7 1826 3933859
7 1827 6790435
7 1828 6316523
7 1829 6788227
7 1830 3838685
7 1831 6316311
7 1832 3917057
7 1833 3530839
7 1834 6323343
7 1835 3535642
7 1836 3962289
7 1837 6855641
7 1838 3932936
7 1839 3552605
7 1840 6854786
7 1841 3560010
7 1842 6317398
7 1843 6857543
7 1844 6325252
7 1845 3559258
7 1846 6866027
7 1847 3561859
7 1848 3844574
7 1849 6335089
7 1850 3930770
7 1851 3662327
7 1852 6334069
7 1853 3659496
7 1854 3840870
7 1855 6311853
7 1856 3923851
7 1857 3539011
7 1858 6301132
7 1859 3539114
7 1860 3912502
7 1861 3641729
7 1862 3911453
7 1863 3538507
7 1864 3616273
7 1865 3507988
7 1866 6320985
7 1867 3684184
7 1868 6316643
7 1869 3569643
7 1870 3616418
7 1871 3509265
7 1872 3915122
7 1873 6798444
7 1874 3938230
7 1875 3681702
7 1876 6668943
7 1877 3667493
7 1878 3939370
7 1879 6832150
7 1880 3913258
7 1881 3542833
7 1882 6849503
7 1883 3537011
7 1884 3915819
7 1885 3657558
7 1886 3903045
7 1887 3543076
7 1888 3636985
7 1889 3531036
7 1890 6623703
7 1891 3634337
7 1892 6776002
7 1893 3504509
7 1894 3609150
7 1895 3507002
7 1896 6267815
7 1897 6875160
7 1898 6311167
7 1899 3701240
7 1900 6849430
7 1901 3707244
7 1902 6292419
7 1903 6903769
7 1904 6309031
7 1905 3559279
7 1906 6944936
7 1907 3587025
7 1908 6318124
7 1909 3695568
7 1910 6296814
7 1911 3588715
7 1912 3641214
7 1913 3531102
7 1914 6759116
7 1915 3661270
7 1916 6849006
7 1917 3535460
7 1918 3648207
7 1919 3534105
7 1920 3914518
7 1921 8506659
7 1922 3918554
7 1923 6794821
7 1924 8440679
7 1925 6714562
7 1926 3942221
7 1927 8527778
7 1928 3945506
7 1929 3689470
7 1930 8546503
7 1931 3707919
7 1932 3956581
7 1933 6879855
7 1934 3945736
7 1935 3687870
7 1936 6907739
7 1937 3702434
7 1938 8440656
7 1939 6723832
7 1940 8530021
7 1941 3680200
7 1942 6909803
7 1943 3680506
7 1944 3921971
7 1945 8512383
7 1946 3920212
7 1947 6810741
7 1948 8442564
7 1949 6711048
7 1950 3945093
7 1951 8516287
7 1952 3937136
7 1953 3563220
7 1954 8527500
7 1955 3584837
7 1956 3957293
7 1957 6883565
7 1958 3939943
7 1959 3563825
7 1960 6889975
7 1961 3585365
7 1962 8436746
7 1963 6733366
7 1964 8504280
7 1965 3561689
7 1966 6872231
7 1967 3565102
7 1968 3949204
7 1969 8519733
7 1970 3962589
7 1971 3711833
7 1972 8544626
7 1973 3710684
7 1974 3947545
7 1975 8506875
7 1976 3960885
7 1977 3587304
7 1978 8512426
7 1979 3589873
7 1980 3917471
7 1981 3663627
7 1982 3915915
7 1983 3545754
7 1984 3648707
7 1985 3534973
7 1986 8482230
7 1987 3706623
7 1988 8483044
7 1989 3588529
7 1990 3644655
7 1991 3530921
7 1992 3942926
7 1993 6876141
7 1994 3940333
7 1995 3689859
7 1996 6856772
7 1997 3688494
7 1998 3949813
7 1999 6888608
7 2000 3930548
7 2001 3564554
7 2002 6916413
7 2003 3571524
7 2004 3918278
7 2005 3661614
7 2006 3913190
7 2007 3544062
7 2008 3628631
7 2009 3514897
7 2010 6796431
7 2011 3656403
7 2012 6865697
7 2013 3538819
7 2014 3644092
7 2015 3534131
7 2016 8336781
7 2017 6704984
7 2018 8413834
7 2019 3657354
7 2020 6869179
7 2021 3656419
7 2022 8341756
7 2023 6705268
7 2024 8406895
7 2025 3538836
7 2026 6872106
7 2027 3543997
7 2028 8434207
7 2029 3679136
7 2030 8423826
7 2031 3567322
7 2032 3622367
7 2033 3512406
7 2034 6836107
7 2035 3652982
7 2036 6883155
7 2037 3538514
7 2038 3622897
7 2039 3512936
7 2040 6089042
7 2041 8397308
7 2042 6095394
7 2043 6644530
7 2044 8394429
7 2045 6643624
7 2046 6156839
7 2047 8473458
7 2048 6310124
7 2049 3658469
7 2050 8521212
7 2051 3668664
7 2052 6287246
7 2053 6834787
7 2054 6296568
7 2055 3668697
7 2056 6864606
7 2057 3659801
7 2058 8444657
7 2059 6748859
7 2060 8519187
7 2061 3660242
7 2062 6880940
7 2063 3656410
7 2064 6095618
7 2065 8400548
7 2066 6096444
7 2067 6649129
7 2068 8395510
7 2069 6643090
7 2070 6162068
7 2071 8472796
7 2072 6303842
7 2073 3535101
7 2074 8508552
7 2075 3545112
7 2076 6290195
7 2077 6852155
7 2078 6307869
7 2079 3542830
7 2080 6855303
7 2081 3543934
7 2082 8432085
7 2083 6730382
7 2084 8498233
7 2085 3543944
7 2086 6862197
7 2087 3541981
7 2088 6169538
7 2089 8483606
7 2090 6331762
7 2091 3691286
7 2092 8541088
7 2093 3695621
7 2094 6165374
7 2095 8471858
7 2096 6330741
7 2097 3566607
7 2098 8509420
7 2099 3572610
7 2100 6314565
7 2101 3683235
7 2102 6312357
7 2103 3570741
7 2104 3621307
7 2105 3508389
7 2106 8482117
7 2107 3709526
7 2108 8481259
7 2109 3590455
7 2110 3651142
7 2111 3533973
7 2112 6294798
7 2113 6900484
7 2114 6327041
7 2115 3716540
7 2116 6849893
7 2117 3706480
7 2118 6302719
7 2119 6913734
7 2120 6322100
7 2121 3586610
7 2122 6944791
7 2123 3585324
7 2124 6319874
7 2125 3694711
7 2126 6303461
7 2127 3575578
7 2128 3653664
7 2129 3536495
7 2130 6798432
7 2131 3656351
7 2132 6864387
7 2133 3536029
7 2134 3624537
7 2135 3511619
7 2136 8345622
7 2137 6723353
7 2138 8417817
7 2139 3663704
7 2140 6874402
7 2141 3661802
7 2142 8347113
7 2143 6721689
7 2144 8414817
7 2145 3544882
7 2146 6887372
7 2147 3548953
7 2148 8437282
7 2149 3683937
7 2150 8425591
7 2151 3570046
7 2152 3625717
7 2153 3512799
7 2154 6839623
7 2155 3655858
7 2156 6875918
7 2157 3539876
7 2158 3624528
7 2159 3511610
7 2160 1982425
7 2161 2913211
7 2162 1982321
7 2163 3872847
7 2164 2913445
7 2165 3859614
7 2166 2038318
7 2167 3006940
7 2168 2102940
7 2169 2750684
7 2170 3013528
7 2171 2766825
7 2172 2089568
7 2173 4034492
7 2174 2098633
7 2175 2766326
7 2176 4032287
7 2177 2761220
7 2178 2961630
7 2179 4004400
7 2180 3015052
7 2181 2759881
7 2182 4031690
7 2183 2759645
7 2184 2005557
7 2185 2954127
7 2186 2005449
7 2187 3967236
7 2188 2954495
7 2189 3949950
7 2190 2051237
7 2191 3029870
7 2192 2112146
7 2193 1840310
7 2194 3031998
7 2195 1847738
7 2196 2099795
7 2197 4074635
7 2198 2112123
7 2199 1845882
7 2200 4053227
7 2201 1849302
7 2202 2978151
7 2203 4026733
7 2204 3034497
7 2205 1849385
7 2206 4057339
7 2207 1847321
7 2208 2027327
7 2209 2990020
7 2210 2101420
7 2211 2790845
7 2212 3014665
7 2213 2800245
7 2214 2044424
7 2215 3015869
7 2216 2124104
7 2217 1864241
7 2218 3030114
7 2219 1866559
7 2220 2106749
7 2221 2794656
7 2222 2111622
7 2223 1873196
7 2224 2785929
7 2225 1841362
7 2226 3024146
7 2227 2825384
7 2228 3036895
7 2229 1886300
7 2230 2802322
7 2231 1845645
7 2232 2075240
7 2233 4008750
7 2234 2118687
7 2235 2807502
7 2236 3991329
7 2237 2800965
7 2238 2099012
7 2239 4081493
7 2240 2123485
7 2241 1878763
7 2242 4099759
7 2243 1877411
7 2244 2109499
7 2245 2805602
7 2246 2104519
7 2247 1872282
7 2248 2798226
7 2249 1843933
7 2250 4008195
7 2251 2809348
7 2252 4058276
7 2253 1868518
7 2254 2793686
7 2255 1843020
7 2256 2948277
7 2257 3992524
7 2258 3022003
7 2259 2804965
7 2260 4055397
7 2261 2807033
7 2262 2978131
7 2263 4038253
7 2264 3042832
7 2265 1868589
7 2266 4090935
7 2267 1871979
7 2268 3022775
7 2269 2815826
7 2270 3023505
7 2271 1885239
7 2272 2793465
7 2273 1842921
7 2274 4008778
7 2275 2810727
7 2276 4058004
7 2277 1869217
7 2278 2791466
7 2279 1841335
7 2280 2005804
7 2281 2954674
7 2282 2005700
7 2283 3968386
7 2284 2954941
7 2285 3953311
7 2286 2041846
7 2287 3011135
7 2288 2105916
7 2289 2757547
7 2290 3014759
7 2291 2768766
7 2292 2095368
7 2293 4066648
7 2294 2096987
7 2295 2766109
7 2296 4038627
7 2297 2760864
7 2298 2975456
7 2299 4029860
7 2300 3013858
7 2301 2761430
7 2302 4038053
7 2303 2756155
7 2304 1986299
7 2305 2921649
7 2306 1986282
7 2307 3873871
7 2308 2921903
7 2309 3861833
7 2310 2028928
7 2311 2997630
7 2312 2087665
7 2313 1702086
7 2314 2996522
7 2315 1702931
7 2316 2080011
7 2317 3980483
7 2318 2088045
7 2319 1702720
7 2320 3954181
7 2321 1706012
7 2322 2942021
7 2323 3933736
7 2324 2997273
7 2325 1705840
7 2326 3953132
7 2327 1702915
7 2328 2052168
7 2329 3031918
7 2330 2128223
7 2331 2805665
7 2332 3047911
7 2333 2810464
7 2334 2027958
7 2335 2992901
7 2336 2102618
7 2337 1721780
7 2338 3000950
7 2339 1721993
7 2340 2115883
7 2341 2795711
7 2342 2105790
7 2343 1745677
7 2344 2775942
7 2345 1729748
7 2346 3037536
7 2347 2826266
7 2348 3027290
7 2349 1758198
7 2350 2790935
7 2351 1733266
7 2352 2102857
7 2353 4087018
7 2354 2125566
7 2355 2814326
7 2356 4092371
7 2357 2814965
7 2358 2096259
7 2359 4035031
7 2360 2105258
7 2361 1738149
7 2362 4049256
7 2363 1739662
7 2364 2115138
7 2365 2799226
7 2366 2105018
7 2367 1742152
7 2368 2778896
7 2369 1730638
7 2370 4051000
7 2371 2806030
7 2372 4047260
7 2373 1744111
7 2374 2790684
7 2375 1731261
7 2376 2979889
7 2377 4045644
7 2378 3028336
7 2379 2806448
7 2380 4090198
7 2381 2802314
7 2382 2964909
7 2383 4007768
7 2384 3024108
7 2385 1739655
7 2386 4051790
7 2387 1742239
7 2388 3039552
7 2389 2822600
7 2390 3022546
7 2391 1757639
7 2392 2792625
7 2393 1731249
7 2394 4055095
7 2395 2806850
7 2396 4046374
7 2397 1745224
7 2398 2789404
7 2399 1728260
7 2400 1986267
7 2401 2921516
7 2402 1986248
7 2403 3873097
7 2404 2921839
7 2405 3860241
7 2406 2029985
7 2407 2993803
7 2408 2094750
7 2409 1826973
7 2410 2996739
7 2411 1829153
7 2412 2080664
7 2413 3980712
7 2414 2091781
7 2415 1827319
7 2416 3964993
7 2417 1828389
7 2418 2945399
7 2419 3944677
7 2420 2996518
7 2421 1828629
7 2422 3959524
7 2423 1825762
7 2424 1980851
7 2425 2909901
7 2426 1980723
7 2427 3866557
7 2428 2910726
7 2429 3838058
7 2430 2026504
7 2431 2988570
7 2432 2086347
7 2433 1701129
7 2434 2990890
7 2435 1701619
7 2436 2074708
7 2437 3974211
7 2438 2085935
7 2439 1701151
7 2440 3948640
7 2441 1705676
7 2442 2931404
7 2443 3908635
7 2444 2991833
7 2445 1705690
7 2446 3944286
7 2447 1701303
7 2448 2025442
7 2449 2991274
7 2450 2105105
7 2451 1846273
7 2452 3005930
7 2453 1848148
7 2454 2024974
7 2455 2988875
7 2456 2104756
7 2457 1724965
7 2458 2997027
7 2459 1725146
7 2460 2085324
7 2461 1840487
7 2462 2085102
7 2463 1726377
7 2464 1815930
7 2465 1701064
7 2466 2993382
7 2467 1862071
7 2468 2994162
7 2469 1742187
7 2470 1822700
7 2471 1703870
7 2472 2078242
7 2473 3983871
7 2474 2107342
7 2475 1860864
7 2476 3997999
7 2477 1863993
7 2478 2081411
7 2479 3986466
7 2480 2104288
7 2481 1738072
7 2482 4006086
7 2483 1742344
7 2484 2085000
7 2485 1841360
7 2486 2082235
7 2487 1726037
7 2488 1816545
7 2489 1700944
7 2490 3948075
7 2491 1851110
7 2492 3959303
7 2493 1730135
7 2494 1825538
7 2495 1707547
7 2496 2942373
7 2497 3946515
7 2498 3007381
7 2499 1853006
7 2500 4001091
7 2501 1850501
7 2502 2942742
7 2503 3945055
7 2504 3002590
7 2505 1732102
7 2506 3979617
7 2507 1727872
7 2508 2997247
7 2509 1864388
7 2510 2992429
7 2511 1745690
7 2512 1825845
7 2513 1707672
7 2514 3947362
7 2515 1850639
7 2516 3959292
7 2517 1729871
7 2518 1821732
7 2519 1703921
7 2520 2021049
7 2521 2975179
7 2522 2118191
7 2523 2785060
7 2524 3021937
7 2525 2789859
7 2526 2047408
7 2527 3020818
7 2528 2130775
7 2529 1868750
7 2530 3037696
7 2531 1871023
7 2532 2101952
7 2533 2753980
7 2534 2122856
7 2535 1883052
7 2536 2796357
7 2537 1862792
7 2538 3004448
7 2539 2821713
7 2540 3037475
7 2541 1891596
7 2542 2809924
7 2543 1865015
7 2544 2046734
7 2545 3019608
7 2546 2120548
7 2547 2786421
7 2548 3034721
7 2549 2786595
7 2550 2023865
7 2551 2989007
7 2552 2102885
7 2553 1722395
7 2554 3000179
7 2555 1722567
7 2556 2127196
7 2557 2807499
7 2558 2101559
7 2559 1742058
7 2560 2802865
7 2561 1746310
7 2562 3039376
7 2563 2827086
7 2564 3018935
7 2565 1757228
7 2566 2813658
7 2567 1747732
7 2568 2024566
7 2569 2990822
7 2570 2107516
7 2571 1846954
7 2572 3007940
7 2573 1846535
7 2574 2016907
7 2575 2969069
7 2576 2097533
7 2577 1721056
7 2578 2981945
7 2579 1721121
7 2580 2100707
7 2581 1856639
7 2582 2098414
7 2583 1741484
7 2584 1838561
7 2585 1721923
7 2586 3004114
7 2587 1865961
7 2588 2999991
7 2589 1744444
7 2590 1841737
7 2591 1723502
7 2592 2075025
7 2593 2768586
7 2594 2101968
7 2595 1866732
7 2596 2735700
7 2597 1854125
7 2598 2101570
7 2599 2775648
7 2600 2079861
7 2601 1722059
7 2602 2790679
7 2603 1725386
7 2604 2082313
7 2605 1842590
7 2606 2070130
7 2607 1721940
7 2608 1836751
7 2609 1721385
7 2610 2692031
7 2611 1829240
7 2612 2744964
7 2613 1697670
7 2614 1803841
7 2615 1697750
7 2616 2990307
7 2617 2807739
7 2618 3025137
7 2619 1886808
7 2620 2816188
7 2621 1879063
7 2622 3025038
7 2623 2810092
7 2624 3005990
7 2625 1753818
7 2626 2832321
7 2627 1760216
7 2628 3006565
7 2629 1878373
7 2630 2990564
7 2631 1758230
7 2632 1869192
7 2633 1750819
7 2634 2756188
7 2635 1841235
7 2636 2780457
7 2637 1719590
7 2638 1829430
7 2639 1719597
7 2640 2070004
7 2641 3993063
7 2642 2106308
7 2643 2788341
7 2644 4046843
7 2645 2798657
7 2646 2096934
7 2647 4070309
7 2648 2126906
7 2649 1878397
7 2650 4099823
7 2651 1885047
7 2652 2120145
7 2653 2808400
7 2654 2114384
7 2655 1889215
7 2656 2812535
7 2657 1876682
7 2658 3979060
7 2659 2802680
7 2660 4088568
7 2661 1880570
7 2662 2813905
7 2663 1876766
7 2664 2096718
7 2665 4072572
7 2666 2108221
7 2667 2800446
7 2668 4082521
7 2669 2791791
7 2670 2093680
7 2671 4027056
7 2672 2104019
7 2673 1736979
7 2674 4049794
7 2675 1750785
7 2676 2126727
7 2677 2813961
7 2678 2118655
7 2679 1756636
7 2680 2811824
7 2681 1760765
7 2682 4094147
7 2683 2817659
7 2684 4066106
7 2685 1743030
7 2686 2811846
7 2687 1760926
7 2688 2091372
7 2689 4025107
7 2690 2119019
7 2691 1877239
7 2692 4055797
7 2693 1874743
7 2694 2086709
7 2695 4017363
7 2696 2116512
7 2697 1753530
7 2698 4044362
7 2699 1754790
7 2700 2097178
7 2701 1857098
7 2702 2096022
7 2703 1741292
7 2704 1849472
7 2705 1733765
7 2706 4038523
7 2707 1879819
7 2708 4046822
7 2709 1760489
7 2710 1850492
7 2711 1735087
7 2712 2096917
7 2713 2793669
7 2714 2111137
7 2715 1875129
7 2716 2789151
7 2717 1864434
7 2718 2109154
7 2719 2796276
7 2720 2098789
7 2721 1741476
7 2722 2815063
7 2723 1746870
7 2724 2099430
7 2725 1861730
7 2726 2079256
7 2727 1739019
7 2728 1856739
7 2729 1738852
7 2730 2742594
7 2731 1838313
7 2732 2770318
7 2733 1718079
7 2734 1826398
7 2735 1718087
7 2736 3933893
7 2737 2771554
7 2738 4035617
7 2739 1863190
7 2740 2789633
7 2741 1862872
7 2742 4035928
7 2743 2771814
7 2744 4014834
7 2745 1722912
7 2746 2797496
7 2747 1745733
7 2748 4006962
7 2749 1857400
7 2750 4007827
7 2751 1743223
7 2752 1836236
7 2753 1721740
7 2754 2747753
7 2755 1840272
7 2756 2773825
7 2757 1721848
7 2758 1830117
7 2759 1721856
7 2760 2945064
7 2761 3986166
7 2762 3025119
7 2763 2786440
7 2764 4081418
7 2765 2791366
7 2766 2975775
7 2767 4034644
7 2768 3044691
7 2769 1870085
7 2770 4095088
7 2771 1872372
7 2772 3030460
7 2773 2817442
7 2774 3034371
7 2775 1890635
7 2776 2812618
7 2777 1866154
7 2778 4040755
7 2779 2823301
7 2780 4103019
7 2781 1888612
7 2782 2814085
7 2783 1865129
7 2784 2976049
7 2785 4043431
7 2786 3027382
7 2787 2793095
7 2788 4099998
7 2789 2789332
7 2790 2961439
7 2791 4008092
7 2792 3022560
7 2793 1739250
7 2794 4059191
7 2795 1744027
7 2796 3045244
7 2797 2828330
7 2798 3033512
7 2799 1761561
7 2800 2812844
7 2801 1752909
7 2802 4105936
7 2803 2826561
7 2804 4080741
7 2805 1763283
7 2806 2818426
7 2807 1752658
7 2808 2960059
7 2809 4007181
7 2810 3027224
7 2811 1869946
7 2812 4060671
7 2813 1868232
7 2814 2952911
7 2815 3997026
7 2816 3024336
7 2817 1747457
7 2818 4058825
7 2819 1745000
7 2820 3017252
7 2821 1880499
7 2822 3014964
7 2823 1764300
7 2824 1853428
7 2825 1737506
7 2826 4042854
7 2827 1884145
7 2828 4051817
7 2829 1761392
7 2830 1857502
7 2831 1739502
7 2832 3007684
7 2833 2810394
7 2834 3036286
7 2835 1889548
7 2836 2807596
7 2837 1880500
7 2838 3034447
7 2839 2810506
7 2840 3013806
7 2841 1758688
7 2842 2831786
7 2843 1759409
7 2844 3014120
7 2845 1879993
7 2846 2994324
7 2847 1759097
7 2848 1871539
7 2849 1753465
7 2850 2756823
7 2851 1842279
7 2852 2781173
7 2853 1722400
7 2854 1831794
7 2855 1722408
7 2856 3974524
7 2857 2790048
7 2858 4046124
7 2859 1871588
7 2860 2806836
7 2861 1865964
7 2862 4047000
7 2863 2789125
7 2864 4029611
7 2865 1740503
7 2866 2814307
7 2867 1751671
7 2868 4024186
7 2869 1868436
7 2870 4021669
7 2871 1750703
7 2872 1855799
7 2873 1739044
7 2874 2762095
7 2875 1841463
7 2876 2782369
7 2877 1724421
7 2878 1833810
7 2879 1724426
7 2880 988143
7 2881 1467479
7 2882 999681
7 2883 3436893
7 2884 1474167
7 2885 3436201
7 2886 991216
7 2887 1471033
7 2888 1004111
7 2889 2017245
7 2890 1477779
7 2891 2024234
7 2892 1001827
7 2893 3465622
7 2894 1000921
7 2895 2028495
7 2896 3457102
7 2897 1999384
7 2898 1475390
7 2899 3468465
7 2900 1475962
7 2901 2024643
7 2902 3457286
7 2903 1998888
7 2904 991072
7 2905 1470794
7 2906 999940
7 2907 3439430
7 2908 1475127
7 2909 3435969
7 2910 994224
7 2911 1477433
7 2912 1004928
7 2913 1089102
7 2914 1481620
7 2915 1090197
7 2916 1006971
7 2917 3490575
7 2918 1007171
7 2919 1094801
7 2920 3489969
7 2921 1091444
7 2922 1480560
7 2923 3485294
7 2924 1484368
7 2925 1095632
7 2926 3490441
7 2927 1090762
7 2928 994072
7 2929 1476750
7 2930 1006787
7 2931 2045934
7 2932 1483628
7 2933 2046812
7 2934 991111
7 2935 1468748
7 2936 1004750
7 2937 1089696
7 2938 1475939
7 2939 1089799
7 2940 1004836
7 2941 2048613
7 2942 1004463
7 2943 1096467
7 2944 2047635
7 2945 1082339
7 2946 1482174
7 2947 2054363
7 2948 1480998
7 2949 1096376
7 2950 2052742
7 2951 1082863
7 2952 998640
7 2953 3467338
7 2954 1001783
7 2955 2045036
7 2956 3457933
7 2957 2017024
7 2958 1001860
7 2959 3473069
7 2960 1001680
7 2961 1094242
7 2962 3492253
7 2963 1094561
7 2964 1002207
7 2965 2049264
7 2966 999963
7 2967 1094315
7 2968 2052768
7 2969 1085154
7 2970 3447995
7 2971 2019460
7 2972 3459396
7 2973 1078400
7 2974 2020841
7 2975 1078325
7 2976 1471965
7 2977 3471053
7 2978 1475255
7 2979 2040443
7 2980 3476047
7 2981 2023898
7 2982 1475578
7 2983 3472518
7 2984 1479377
7 2985 1094032
7 2986 3492793
7 2987 1095039
7 2988 1479781
7 2989 2045081
7 2990 1474670
7 2991 1094892
7 2992 2048675
7 2993 1084908
7 2994 3448734
7 2995 2020203
7 2996 3459283
7 2997 1078500
7 2998 2020792
7 2999 1077972
7 3000 991216
7 3001 1470938
7 3002 1000229
7 3003 3439717
7 3004 1475183
7 3005 3438562
7 3006 991267
7 3007 1470788
7 3008 1004309
7 3009 2021045
7 3010 1477622
7 3011 2026310
7 3012 1001778
7 3013 3468450
7 3014 1000241
7 3015 2027073
7 3016 3457535
7 3017 1998621
7 3018 1475348
7 3019 3471151
7 3020 1475092
7 3021 2024393
7 3022 3457117
7 3023 1996942
7 3024 993761
7 3025 1473250
7 3026 1000179
7 3027 3438434
7 3028 1474998
7 3029 3434952
7 3030 988593
7 3031 1472438
7 3032 998530
7 3033 965584
7 3034 1476200
7 3035 965843
7 3036 1005245
7 3037 3473299
7 3038 1003964
7 3039 973390
7 3040 3468226
7 3041 972443
7 3042 1478597
7 3043 3468889
7 3044 1481888
7 3045 974253
7 3046 3467968
7 3047 971710
7 3048 993724
7 3049 1474532
7 3050 1006498
7 3051 2043845
7 3052 1483033
7 3053 2044717
7 3054 993826
7 3055 1476747
7 3056 1001474
7 3057 968328
7 3058 1478031
7 3059 968342
7 3060 1006862
7 3061 2043835
7 3062 1006412
7 3063 976501
7 3064 2042651
7 3065 974252
7 3066 1483042
7 3067 2051698
7 3068 1484232
7 3069 976888
7 3070 2049532
7 3071 974563
7 3072 1004480
7 3073 3491656
7 3074 1004361
7 3075 2048289
7 3076 3485934
7 3077 2023422
7 3078 1006749
7 3079 3490441
7 3080 1001222
7 3081 971685
7 3082 3493295
7 3083 974081
7 3084 1006639
7 3085 2049778
7 3086 1003830
7 3087 973805
7 3088 2046982
7 3089 976802
7 3090 3482629
7 3091 2023361
7 3092 3487193
7 3093 971618
7 3094 2042896
7 3095 972145
7 3096 1478116
7 3097 3493477
7 3098 1477677
7 3099 2047332
7 3100 3484890
7 3101 2022739
7 3102 1480368
7 3103 3491882
7 3104 1479913
7 3105 972092
7 3106 3495206
7 3107 977019
7 3108 1483902
7 3109 2049057
7 3110 1481661
7 3111 975247
7 3112 2048962
7 3113 976646
7 3114 3482947
7 3115 2023641
7 3116 3486528
7 3117 971779
7 3118 2042031
7 3119 971709
7 3120 993781
7 3121 1473199
7 3122 999974
7 3123 3438324
7 3124 1474956
7 3125 3433262
7 3126 993605
7 3127 1472970
7 3128 1006771
7 3129 1090702
7 3130 1477532
7 3131 1092148
7 3132 1007226
7 3133 3488183
7 3134 1003075
7 3135 1094207
7 3136 3487224
7 3137 1090950
7 3138 1480636
7 3139 3484474
7 3140 1478977
7 3141 1094667
7 3142 3485439
7 3143 1087661
7 3144 990831
7 3145 1465923
7 3146 996041
7 3147 3435480
7 3148 1468199
7 3149 3426227
7 3150 993406
7 3151 1472720
7 3152 1001208
7 3153 968147
7 3154 1476174
7 3155 968335
7 3156 1000680
7 3157 3471461
7 3158 1001765
7 3159 970997
7 3160 3466636
7 3161 971730
7 3162 1472324
7 3163 3459401
7 3164 1477945
7 3165 974180
7 3166 3464150
7 3167 968798
7 3168 988081
7 3169 1467557
7 3170 1001481
7 3171 1087040
7 3172 1476938
7 3173 1087509
7 3174 988029
7 3175 1466828
7 3176 998215
7 3177 965528
7 3178 1467818
7 3179 965537
7 3180 998330
7 3181 1089225
7 3182 998326
7 3183 970945
7 3184 1084169
7 3185 965264
7 3186 1473864
7 3187 1092016
7 3188 1475192
7 3189 971653
7 3190 1085985
7 3191 965602
7 3192 1004233
7 3193 3471245
7 3194 1003686
7 3195 1095626
7 3196 3487218
7 3197 1095247
7 3198 1004318
7 3199 3471874
7 3200 1002418
7 3201 974010
7 3202 3490288
7 3203 977172
7 3204 998295
7 3205 1090683
7 3206 996739
7 3207 970778
7 3208 1087803
7 3209 967819
7 3210 3459203
7 3211 1091907
7 3212 3463884
7 3213 973980
7 3214 1088717
7 3215 970597
7 3216 1477539
7 3217 3470298
7 3218 1478784
7 3219 1096611
7 3220 3488088
7 3221 1092445
7 3222 1476867
7 3223 3470440
7 3224 1478844
7 3225 977019
7 3226 3483383
7 3227 974577
7 3228 1477383
7 3229 1095516
7 3230 1473389
7 3231 976646
7 3232 1089764
7 3233 970662
7 3234 3459051
7 3235 1091670
7 3236 3463365
7 3237 973774
7 3238 1086363
7 3239 968197
7 3240 988532
7 3241 1471831
7 3242 1002117
7 3243 2024412
7 3244 1479295
7 3245 2024311
7 3246 991198
7 3247 1471691
7 3248 1004451
7 3249 1088929
7 3250 1477282
7 3251 1089330
7 3252 1001934
7 3253 2041668
7 3254 1002417
7 3255 1094288
7 3256 2049144
7 3257 1080422
7 3258 1479430
7 3259 2050852
7 3260 1478954
7 3261 1094433
7 3262 2047112
7 3263 1080061
7 3264 991336
7 3265 1473238
7 3266 1001505
7 3267 2023525
7 3268 1477582
7 3269 2023129
7 3270 988168
7 3271 1468668
7 3272 998606
7 3273 965686
7 3274 1473328
7 3275 965700
7 3276 1004323
7 3277 2047478
7 3278 1003492
7 3279 973708
7 3280 2048496
7 3281 972129
7 3282 1480770
7 3283 2048936
7 3284 1479278
7 3285 974465
7 3286 2048243
7 3287 971613
7 3288 988122
7 3289 1467482
7 3290 1001365
7 3291 1086939
7 3292 1475173
7 3293 1086663
7 3294 983503
7 3295 1437574
7 3296 993831
7 3297 962275
7 3298 1441557
7 3299 962275
7 3300 996054
7 3301 1087752
7 3302 995090
7 3303 968232
7 3304 1082648
7 3305 962598
7 3306 1470570
7 3307 1090856
7 3308 1462943
7 3309 968338
7 3310 1082671
7 3311 962597
7 3312 995529
7 3313 2026344
7 3314 996536
7 3315 1090099
7 3316 2038782
7 3317 1079807
7 3318 996408
7 3319 2026922
7 3320 995282
7 3321 968549
7 3322 2049402
7 3323 971076
7 3324 995627
7 3325 1089338
7 3326 994382
7 3327 968385
7 3328 1088116
7 3329 967989
7 3330 2015910
7 3331 1072879
7 3332 2023576
7 3333 962164
7 3334 1072410
7 3335 962171
7 3336 1472627
7 3337 2030215
7 3338 1472943
7 3339 1092762
7 3340 2047390
7 3341 1082836
7 3342 1473278
7 3343 2030337
7 3344 1472804
7 3345 971779
7 3346 2052022
7 3347 973774
7 3348 1472198
7 3349 1092465
7 3350 1465152
7 3351 971709
7 3352 1088136
7 3353 968197
7 3354 2017017
7 3355 1072971
7 3356 2023619
7 3357 962241
7 3358 1072529
7 3359 962247
7 3360 992249
7 3361 3435063
7 3362 995674
7 3363 2021289
7 3364 3448925
7 3365 1998035
7 3366 995520
7 3367 3441463
7 3368 998550
7 3369 1090058
7 3370 3480687
7 3371 1091029
7 3372 998541
7 3373 2043105
7 3374 995831
7 3375 1090144
7 3376 2047751
7 3377 1082760
7 3378 3425822
7 3379 2010748
7 3380 3451276
7 3381 1077811
7 3382 2017418
7 3383 1077729
7 3384 995680
7 3385 3441379
7 3386 995754
7 3387 2023838
7 3388 3454352
7 3389 1996002
7 3390 998031
7 3391 3440687
7 3392 992329
7 3393 965527
7 3394 3463598
7 3395 971506
7 3396 998342
7 3397 2041113
7 3398 998086
7 3399 968867
7 3400 2046535
7 3401 974522
7 3402 3471355
7 3403 2018079
7 3404 3473785
7 3405 968259
7 3406 2033344
7 3407 971419
7 3408 998246
7 3409 3440896
7 3410 998133
7 3411 1091748
7 3412 3480841
7 3413 1090832
7 3414 995594
7 3415 3440286
7 3416 997962
7 3417 968859
7 3418 3464362
7 3419 971992
7 3420 990919
7 3421 1086320
7 3422 991607
7 3423 965303
7 3424 1085727
7 3425 965497
7 3426 3458248
7 3427 1091550
7 3428 3460814
7 3429 973581
7 3430 1085851
7 3431 967686
7 3432 992666
7 3433 2022817
7 3434 995604
7 3435 1088914
7 3436 2042070
7 3437 1080059
7 3438 995590
7 3439 2023980
7 3440 992415
7 3441 965688
7 3442 2046891
7 3443 971353
7 3444 992673
7 3445 1086652
7 3446 990081
7 3447 965150
7 3448 1085826
7 3449 965446
7 3450 2017406
7 3451 1075574
7 3452 2025024
7 3453 964708
7 3454 1074996
7 3455 964716
7 3456 3392578
7 3457 1986321
7 3458 3416779
7 3459 1072153
7 3460 2006217
7 3461 1070365
7 3462 3418055
7 3463 1986194
7 3464 3422258
7 3465 958714
7 3466 2006386
7 3467 964384
7 3468 3422219
7 3469 1072032
7 3470 3420650
7 3471 964384
7 3472 1066974
7 3473 958724
7 3474 1983448
7 3475 1069287
7 3476 2007863
7 3477 958728
7 3478 1067058
7 3479 958809
7 3480 1465297
7 3481 3448444
7 3482 1468980
7 3483 2016942
7 3484 3463248
7 3485 2001527
7 3486 1468899
7 3487 3451203
7 3488 1475718
7 3489 1092051
7 3490 3490198
7 3491 1093186
7 3492 1475857
7 3493 2036862
7 3494 1468753
7 3495 1092548
7 3496 2046884
7 3497 1084692
7 3498 3450293
7 3499 2020665
7 3500 3463175
7 3501 1081057
7 3502 2022926
7 3503 1080390
7 3504 1469070
7 3505 3452532
7 3506 1469114
7 3507 2021162
7 3508 3466156
7 3509 2001125
7 3510 1471751
7 3511 3452659
7 3512 1470936
7 3513 968064
7 3514 3474847
7 3515 974209
7 3516 1475071
7 3517 2039157
7 3518 1475708
7 3519 971915
7 3520 2042186
7 3521 976529
7 3522 3481595
7 3523 2022405
7 3524 3485388
7 3525 973733
7 3526 2041600
7 3527 974081
7 3528 1471876
7 3529 3452635
7 3530 1474944
7 3531 1094112
7 3532 3490049
7 3533 1092974
7 3534 1468413
7 3535 3451802
7 3536 1475179
7 3537 971695
7 3538 3475700
7 3539 974312
7 3540 1467297
7 3541 1091691
7 3542 1468410
7 3543 971387
7 3544 1087814
7 3545 967928
7 3546 3463659
7 3547 1091588
7 3548 3466743
7 3549 973762
7 3550 1088538
7 3551 970415
7 3552 1471033
7 3553 2027108
7 3554 1472767
7 3555 1094094
7 3556 2039911
7 3557 1084783
7 3558 1473371
7 3559 2028267
7 3560 1469617
7 3561 971684
7 3562 2050338
7 3563 975883
7 3564 1470492
7 3565 1092129
7 3566 1459681
7 3567 971177
7 3568 1090419
7 3569 970582
7 3570 2015103
7 3571 1075473
7 3572 2024496
7 3573 964546
7 3574 1074795
7 3575 964556
7 3576 3406901
7 3577 1991995
7 3578 3419757
7 3579 1073246
7 3580 2011928
7 3581 1071287
7 3582 3420527
7 3583 1991792
7 3584 3424667
7 3585 961755
7 3586 2012147
7 3587 965333
7 3588 3424569
7 3589 1073218
7 3590 3421986
7 3591 965333
7 3592 1070259
7 3593 961755
7 3594 1990900
7 3595 1072322
7 3596 2012483
7 3597 961690
7 3598 1070271
7 3599 961767
7 3600 990880
7 3601 2930606
7 3602 993991
7 3603 3440836
7 3604 2915101
7 3605 3431694
7 3606 994109
7 3607 2933995
7 3608 998410
7 3609 2019529
7 3610 2941596
7 3611 2022153
7 3612 998593
7 3613 3463282
7 3614 994424
7 3615 2023635
7 3616 3465556
7 3617 2000698
7 3618 2910972
7 3619 3445383
7 3620 2912999
7 3621 1994304
7 3622 3451849
7 3623 1994645
7 3624 994111
7 3625 2934434
7 3626 994192
7 3627 3444901
7 3628 2917292
7 3629 3432535
7 3630 999919
7 3631 2946616
7 3632 998856
7 3633 1089553
7 3634 2952007
7 3635 1092828
7 3636 1001141
7 3637 3482391
7 3638 1001522
7 3639 1090556
7 3640 3491940
7 3641 1093897
7 3642 2928390
7 3643 3470562
7 3644 2950312
7 3645 1091278
7 3646 3496456
7 3647 1091357
7 3648 999688
7 3649 2943685
7 3650 1001063
7 3651 2044254
7 3652 2952676
7 3653 2043311
7 3654 994503
7 3655 2929362
7 3656 1001621
7 3657 1090343
7 3658 2941575
7 3659 1092989
7 3660 998824
7 3661 2045740
7 3662 998700
7 3663 1091778
7 3664 2047982
7 3665 1083014
7 3666 2948443
7 3667 2050285
7 3668 2944871
7 3669 1094806
7 3670 2047890
7 3671 1084825
7 3672 998534
7 3673 3469543
7 3674 1001157
7 3675 2047075
7 3676 3473833
7 3677 2023470
7 3678 1001175
7 3679 3472269
7 3680 998536
7 3681 1091783
7 3682 3496759
7 3683 1095015
7 3684 998931
7 3685 2045544
7 3686 993954
7 3687 1089583
7 3688 2050449
7 3689 1082784
7 3690 3456835
7 3691 2023413
7 3692 3468785
7 3693 1080980
7 3694 2023114
7 3695 1080433
7 3696 2901894
7 3697 3437960
7 3698 2906270
7 3699 2011642
7 3700 3456694
7 3701 2012957
7 3702 2907967
7 3703 3438548
7 3704 2929904
7 3705 1077600
7 3706 3462991
7 3707 1087671
7 3708 2930254
7 3709 2015151
7 3710 2907216
7 3711 1087859
7 3712 2015381
7 3713 1077651
7 3714 3442982
7 3715 2016585
7 3716 3464902
7 3717 1077750
7 3718 2015720
7 3719 1077110
7 3720 994032
7 3721 2934810
7 3722 994570
7 3723 3445351
7 3724 2917846
7 3725 3433157
7 3726 994183
7 3727 2933949
7 3728 998759
7 3729 2021546
7 3730 2941724
7 3731 2022602
7 3732 998749
7 3733 3465120
7 3734 994407
7 3735 2023494
7 3736 3466173
7 3737 2001160
7 3738 2912206
7 3739 3446059
7 3740 2912730
7 3741 1994417
7 3742 3452019
7 3743 1993922
7 3744 997112
7 3745 2942856
7 3746 997434
7 3747 3446867
7 3748 2920164
7 3749 3433464
7 3750 997310
7 3751 2938079
7 3752 992571
7 3753 965058
7 3754 2942418
7 3755 971078
7 3756 1003805
7 3757 3471958
7 3758 998684
7 3759 968716
7 3760 3478792
7 3761 974491
7 3762 2925322
7 3763 3455106
7 3764 2945548
7 3765 971747
7 3766 3480771
7 3767 972375
7 3768 999812
7 3769 2940912
7 3770 1003939
7 3771 2046923
7 3772 2953878
7 3773 2043885
7 3774 1000290
7 3775 2945145
7 3776 998442
7 3777 968552
7 3778 2945913
7 3779 971705
7 3780 1001440
7 3781 2041644
7 3782 1001030
7 3783 971568
7 3784 2045351
7 3785 974706
7 3786 2953996
7 3787 2049761
7 3788 2956570
7 3789 976779
7 3790 2048519
7 3791 976807
7 3792 1003920
7 3793 3490463
7 3794 1001348
7 3795 2047109
7 3796 3490114
7 3797 2023486
7 3798 1006545
7 3799 3490378
7 3800 1001143
7 3801 971429
7 3802 3496625
7 3803 977090
7 3804 1004045
7 3805 2050645
7 3806 998871
7 3807 968652
7 3808 2051775
7 3809 974734
7 3810 3492511
7 3811 2025930
7 3812 3497069
7 3813 974538
7 3814 2045312
7 3815 974265
7 3816 2914321
7 3817 3462070
7 3818 2913688
7 3819 2016930
7 3820 3468019
7 3821 2016551
7 3822 2925136
7 3823 3466664
7 3824 2940096
7 3825 968064
7 3826 3489385
7 3827 971695
7 3828 2945676
7 3829 2037097
7 3830 2940078
7 3831 971915
7 3832 2039037
7 3833 971387
7 3834 3490865
7 3835 2024687
7 3836 3494681
7 3837 971684
7 3838 2041904
7 3839 971177
7 3840 997285
7 3841 2942861
7 3842 997449
7 3843 3446975
7 3844 2919670
7 3845 3433373
7 3846 999674
7 3847 2945228
7 3848 1003673
7 3849 1092196
7 3850 2957765
7 3851 1095005
7 3852 1003885
7 3853 3480988
7 3854 1001556
7 3855 1092347
7 3856 3500181
7 3857 1093954
7 3858 2931475
7 3859 3473027
7 3860 2950217
7 3861 1091371
7 3862 3496985
7 3863 1090984
7 3864 994236
7 3865 2932857
7 3866 994224
7 3867 3445145
7 3868 2913208
7 3869 3431749
7 3870 999952
7 3871 2945658
7 3872 998574
7 3873 968721
7 3874 2947633
7 3875 972009
7 3876 1001497
7 3877 3475369
7 3878 998662
7 3879 968767
7 3880 3481053
7 3881 974788
7 3882 2919842
7 3883 3454075
7 3884 2946211
7 3885 972031
7 3886 3480643
7 3887 971861
7 3888 997272
7 3889 2933888
7 3890 1001132
7 3891 1092772
7 3892 2946826
7 3893 1092973
7 3894 997245
7 3895 2933961
7 3896 1000905
7 3897 971263
7 3898 2936964
7 3899 971960
7 3900 992293
7 3901 1086217
7 3902 992334
7 3903 965607
7 3904 1085617
7 3905 965327
7 3906 2939870
7 3907 1094824
7 3908 2941473
7 3909 974924
7 3910 1090648
7 3911 970505
7 3912 1000784
7 3913 3466105
7 3914 1003494
7 3915 1095083
7 3916 3483884
7 3917 1095531
7 3918 1003376
7 3919 3468999
7 3920 1000181
7 3921 971084
7 3922 3489631
7 3923 976922
7 3924 998114
7 3925 1090913
7 3926 997677
7 3927 970880
7 3928 1088588
7 3929 968298
7 3930 3461273
7 3931 1094768
7 3932 3472494
7 3933 976224
7 3934 1091545
7 3935 973222
7 3936 2920560
7 3937 3451226
7 3938 2944132
7 3939 1092897
7 3940 3489833
7 3941 1092343
7 3942 2918956
7 3943 3450383
7 3944 2946074
7 3945 974209
7 3946 3489946
7 3947 974312
7 3948 2941362
7 3949 1094155
7 3950 2937161
7 3951 976529
7 3952 1086152
7 3953 967928
7 3954 3461254
7 3955 1094412
7 3956 3472585
7 3957 975883
7 3958 1088806
7 3959 970582
7 3960 997240
7 3961 2934209
7 3962 1003186
7 3963 2027074
7 3964 2946122
7 3965 2025545
7 3966 999955
7 3967 2937979
7 3968 1006704
7 3969 1093921
7 3970 2947427
7 3971 1094956
7 3972 1001204
7 3973 2041877
7 3974 1002862
7 3975 1095223
7 3976 2051374
7 3977 1085735
7 3978 2945814
7 3979 2050646
7 3980 2947653
7 3981 1095500
7 3982 2047298
7 3983 1084488
7 3984 999930
7 3985 2939786
7 3986 1000019
7 3987 2025326
7 3988 2944147
7 3989 2022236
7 3990 997222
7 3991 2928731
7 3992 1001129
7 3993 971099
7 3994 2936691
7 3995 971735
7 3996 1002343
7 3997 2046313
7 3998 999237
7 3999 971080
7 4000 2050004
7 4001 976805
7 4002 2951270
7 4003 2045953
7 4004 2949625
7 4005 977016
7 4006 2049633
7 4007 974101
7 4008 997414
7 4009 2927696
7 4010 1003949
7 4011 1092731
7 4012 2941520
7 4013 1092679
7 4014 992696
7 4015 2902383
7 4016 997269
7 4017 968476
7 4018 2909221
7 4019 968592
7 4020 998045
7 4021 1089876
7 4022 997200
7 4023 970648
7 4024 1087503
7 4025 968144
7 4026 2935047
7 4027 1094253
7 4028 2932296
7 4029 971876
7 4030 1088682
7 4031 968435
7 4032 992548
7 4033 2022299
7 4034 995586
7 4035 1088896
7 4036 2040123
7 4037 1080097
7 4038 995571
7 4039 2023682
7 4040 990832
7 4041 965299
7 4042 2046590
7 4043 971051
7 4044 992442
7 4045 1086547
7 4046 990745
7 4047 965218
7 4048 1085727
7 4049 965288
7 4050 2018002
7 4051 1075785
7 4052 2025345
7 4053 964713
7 4054 1075160
7 4055 964721
7 4056 2932479
7 4057 2028149
7 4058 2935713
7 4059 1093417
7 4060 2045656
7 4061 1084152
7 4062 2936162
7 4063 2027620
7 4064 2936235
7 4065 973733
7 4066 2048355
7 4067 973762
7 4068 2935413
7 4069 1093206
7 4070 2929954
7 4071 974081
7 4072 1088683
7 4073 970415
7 4074 2015518
7 4075 1075613
7 4076 2024321
7 4077 964546
7 4078 1074895
7 4079 964556
7 4080 992263
7 4081 3436404
7 4082 995674
7 4083 2021766
7 4084 3451279
7 4085 1999468
7 4086 995520
7 4087 3441646
7 4088 998540
7 4089 1090168
7 4090 3481460
7 4091 1091463
7 4092 998363
7 4093 2043175
7 4094 995576
7 4095 1089928
7 4096 2049823
7 4097 1082514
7 4098 3439818
7 4099 2017795
7 4100 3453850
7 4101 1078888
7 4102 2021148
7 4103 1078447
7 4104 995666
7 4105 3441655
7 4106 995725
7 4107 2024147
7 4108 3455206
7 4109 1998500
7 4110 998209
7 4111 3440859
7 4112 992552
7 4113 965533
7 4114 3463874
7 4115 972032
7 4116 998012
7 4117 2041232
7 4118 998084
7 4119 968540
7 4120 2047089
7 4121 974241
7 4122 3472711
7 4123 2021117
7 4124 3476702
7 4125 971272
7 4126 2040164
7 4127 972182
7 4128 998233
7 4129 3440747
7 4130 997973
7 4131 1091742
7 4132 3478678
7 4133 1090989
7 4134 995306
7 4135 3438860
7 4136 997639
7 4137 968686
7 4138 3462500
7 4139 971920
7 4140 992087
7 4141 1086542
7 4142 991953
7 4143 965218
7 4144 1085928
7 4145 965434
7 4146 3456991
7 4147 1091880
7 4148 3459513
7 4149 973769
7 4150 1088692
7 4151 970264
7 4152 992482
7 4153 2022010
7 4154 995187
7 4155 1088401
7 4156 2043093
7 4157 1079791
7 4158 995318
7 4159 2022421
7 4160 992127
7 4161 965137
7 4162 2045675
7 4163 970831
7 4164 992089
7 4165 1085961
7 4166 983503
7 4167 962024
7 4168 1082906
7 4169 962361
7 4170 2018753
7 4171 1073330
7 4172 2023956
7 4173 962329
7 4174 1072875
7 4175 962334
7 4176 3406901
7 4177 1991995
7 4178 3419757
7 4179 1073246
7 4180 2011928
7 4181 1071287
7 4182 3420527
7 4183 1991792
7 4184 3424667
7 4185 961755
7 4186 2012147
7 4187 965333
7 4188 3424569
7 4189 1073218
7 4190 3421986
7 4191 965333
7 4192 1070259
7 4193 961755
7 4194 1990900
7 4195 1072322
7 4196 2012483
7 4197 961690
7 4198 1070271
7 4199 961767
7 4200 2870278
7 4201 3405074
7 4202 2874593
7 4203 1985360
7 4204 3427923
7 4205 1987029
7 4206 2875954
7 4207 3404842
7 4208 2902798
7 4209 1072719
7 4210 3443847
7 4211 1082395
7 4212 2902850
7 4213 2005252
7 4214 2874244
7 4215 1082395
7 4216 2009583
7 4217 1074101
7 4218 3424733
7 4219 2010058
7 4220 3446805
7 4221 1074077
7 4222 2008982
7 4223 1070589
7 4224 2876045
7 4225 3409622
7 4226 2874591
7 4227 1987196
7 4228 3430178
7 4229 1986859
7 4230 2887346
7 4231 3414660
7 4232 2899486
7 4233 958714
7 4234 3450116
7 4235 965148
7 4236 2903853
7 4237 2008732
7 4238 2905675
7 4239 964899
7 4240 2008336
7 4241 967620
7 4242 3464946
7 4243 2010895
7 4244 3469072
7 4245 967613
7 4246 2029667
7 4247 965472
7 4248 2887489
7 4249 3414610
7 4250 2904676
7 4251 1082037
7 4252 3448794
7 4253 1082612
7 4254 2876259
7 4255 3409490
7 4256 2906669
7 4257 965148
7 4258 3450444
7 4259 965291
7 4260 2899759
7 4261 1075320
7 4262 2899318
7 4263 967620
7 4264 1066959
7 4265 958710
7 4266 3428826
7 4267 1085150
7 4268 3450057
7 4269 967298
7 4270 1080734
7 4271 964655
7 4272 2901142
7 4273 2011549
7 4274 2905225
7 4275 1086708
7 4276 2008314
7 4277 1077614
7 4278 2906913
7 4279 2010639
7 4280 2898122
7 4281 967613
7 4282 2031063
7 4283 967298
7 4284 2897056
7 4285 1084680
7 4286 2874622
7 4287 965472
7 4288 1080734
7 4289 964655
7 4290 1982465
7 4291 1069275
7 4292 2007438
7 4293 958642
7 4294 1066973
7 4295 958724
7 4296 3392578
7 4297 1986321
7 4298 3416779
7 4299 1072153
7 4300 2006217
7 4301 1070365
7 4302 3418055
7 4303 1986194
7 4304 3422258
7 4305 958714
7 4306 2006386
7 4307 964384
7 4308 3422219
7 4309 1072032
7 4310 3420650
7 4311 964384
7 4312 1066974
7 4313 958724
7 4314 1983448
7 4315 1069287
7 4316 2007863
7 4317 958728
7 4318 1067058
7 4319 958809
7 4320 1437574
7 4321 2898292
7 4322 1440914
7 4323 3411333
7 4324 2904038
7 4325 3405363
7 4326 1441718
7 4327 2900341
7 4328 1464442
7 4329 1984887
7 4330 2907638
7 4331 2010818
7 4332 1464898
7 4333 3433197
7 4334 1441364
7 4335 2010762
7 4336 3431936
7 4337 1989988
7 4338 2906030
7 4339 3435351
7 4340 2906879
7 4341 1989510
7 4342 3431843
7 4343 1986844
7 4344 1441743
7 4345 2901956
7 4346 1441360
7 4347 3414863
7 4348 2905681
7 4349 3405487
7 4350 1451280
7 4351 2930389
7 4352 1472105
7 4353 1072444
7 4354 2936861
7 4355 1086055
7 4356 1470051
7 4357 3461609
7 4358 1472158
7 4359 1083530
7 4360 3460089
7 4361 1085429
7 4362 2920757
7 4363 3455432
7 4364 2941699
7 4365 1087135
7 4366 3477028
7 4367 1084269
7 4368 1451031
7 4369 2930282
7 4370 1468989
7 4371 2029027
7 4372 2939278
7 4373 2032715
7 4374 1442225
7 4375 2900492
7 4376 1471678
7 4377 1083569
7 4378 2916725
7 4379 1084527
7 4380 1469979
7 4381 2013910
7 4382 1468785
7 4383 1088332
7 4384 2009376
7 4385 1074357
7 4386 2936393
7 4387 2040758
7 4388 2935513
7 4389 1087398
7 4390 2037282
7 4391 1078850
7 4392 1470552
7 4393 3462395
7 4394 1471459
7 4395 2036473
7 4396 3454799
7 4397 2014275
7 4398 1469936
7 4399 3457594
7 4400 1467893
7 4401 1089153
7 4402 3478534
7 4403 1088194
7 4404 1471056
7 4405 2034421
7 4406 1441114
7 4407 1085971
7 4408 2037287
7 4409 1078849
7 4410 3429957
7 4411 2012318
7 4412 3453695
7 4413 1074383
7 4414 2012175
7 4415 1074290
7 4416 2901706
7 4417 3437086
7 4418 2905731
7 4419 2011453
7 4420 3454195
7 4421 2012459
7 4422 2907238
7 4423 3436893
7 4424 2927392
7 4425 1074768
7 4426 3455975
7 4427 1086476
7 4428 2927464
7 4429 2013365
7 4430 2902376
7 4431 1086546
7 4432 2011258
7 4433 1074143
7 4434 3430306
7 4435 2012240
7 4436 3451386
7 4437 1074059
7 4438 2008521
7 4439 1070273
7 4440 1441595
7 4441 2902108
7 4442 1441791
7 4443 3414958
7 4444 2905926
7 4445 3406493
7 4446 1441846
7 4447 2899935
7 4448 1465022
7 4449 1986632
7 4450 2908777
7 4451 2011391
7 4452 1465108
7 4453 3435261
7 4454 1441372
7 4455 2010738
7 4456 3432379
7 4457 1990294
7 4458 2906441
7 4459 3435741
7 4460 2906805
7 4461 1989526
7 4462 3432016
7 4463 1986824
7 4464 1445298
7 4465 2913657
7 4466 1445744
7 4467 3416458
7 4468 2913704
7 4469 3411450
7 4470 1449330
7 4471 2927923
7 4472 1466826
7 4473 958718
7 4474 2931637
7 4475 964881
7 4476 1474606
7 4477 3463214
7 4478 1473842
7 4479 965095
7 4480 3458977
7 4481 968260
7 4482 2922757
7 4483 3445997
7 4484 2940168
7 4485 968260
7 4486 3463240
7 4487 965681
7 4488 1451543
7 4489 2931316
7 4490 1474117
7 4491 2031720
7 4492 2945483
7 4493 2037260
7 4494 1452335
7 4495 2933503
7 4496 1473411
7 4497 965095
7 4498 2935568
7 4499 965258
7 4500 1477717
7 4501 2012379
7 4502 1476045
7 4503 970815
7 4504 2008185
7 4505 967944
7 4506 2943262
7 4507 2042317
7 4508 2949252
7 4509 970719
7 4510 2038329
7 4511 971067
7 4512 1476670
7 4513 3483227
7 4514 1472622
7 4515 2037878
7 4516 3478808
7 4517 2017747
7 4518 1479536
7 4519 3482855
7 4520 1478318
7 4521 970815
7 4522 3484221
7 4523 970719
7 4524 1478079
7 4525 2041855
7 4526 1471714
7 4527 965904
7 4528 2040028
7 4529 971212
7 4530 3476547
7 4531 2017102
7 4532 3482394
7 4533 968419
7 4534 2036287
7 4535 968380
7 4536 2913029
7 4537 3460536
7 4538 2910043
7 4539 2015682
7 4540 3461027
7 4541 2012964
7 4542 2924347
7 4543 3465319
7 4544 2939050
7 4545 967944
7 4546 3484131
7 4547 971067
7 4548 2943168
7 4549 2036423
7 4550 2935157
7 4551 971212
7 4552 2036361
7 4553 968229
7 4554 3479220
7 4555 2021061
7 4556 3481272
7 4557 968380
7 4558 2035863
7 4559 965239
7 4560 1445544
7 4561 2914031
7 4562 1445755
7 4563 3416798
7 4564 2913699
7 4565 3411452
7 4566 1451436
7 4567 2932074
7 4568 1478273
7 4569 1083109
7 4570 2944711
7 4571 1088728
7 4572 1474731
7 4573 3461549
7 4574 1474085
7 4575 1086570
7 4576 3479651
7 4577 1087224
7 4578 2929317
7 4579 3463156
7 4580 2944921
7 4581 1087782
7 4582 3480814
7 4583 1084336
7 4584 1442187
7 4585 2902416
7 4586 1441620
7 4587 3415031
7 4588 2904451
7 4589 3405795
7 4590 1451957
7 4591 2934146
7 4592 1474021
7 4593 964881
7 4594 2938130
7 4595 965959
7 4596 1471156
7 4597 3466031
7 4598 1473769
7 4599 965258
7 4600 3464181
7 4601 968747
7 4602 2915237
7 4603 3440824
7 4604 2940825
7 4605 968747
7 4606 3462137
7 4607 965679
7 4608 1449342
7 4609 2928486
7 4610 1475956
7 4611 1084860
7 4612 2943591
7 4613 1089353
7 4614 1449242
7 4615 2928106
7 4616 1475944
7 4617 968260
7 4618 2934722
7 4619 968747
7 4620 1468598
7 4621 1075489
7 4622 1468524
7 4623 967944
7 4624 1066963
7 4625 958714
7 4626 2934980
7 4627 1093052
7 4628 2936503
7 4629 973423
7 4630 1084928
7 4631 965148
7 4632 1474102
7 4633 3463605
7 4634 1476762
7 4635 1091430
7 4636 3465141
7 4637 1091702
7 4638 1476547
7 4639 3468143
7 4640 1475364
7 4641 970719
7 4642 3487567
7 4643 973564
7 4644 1475219
7 4645 1087973
7 4646 1471076
7 4647 971212
7 4648 1081862
7 4649 964899
7 4650 3433165
7 4651 1088428
7 4652 3456886
7 4653 970378
7 4654 1083690
7 4655 967613
7 4656 2918723
7 4657 3446287
7 4658 2940720
7 4659 1091897
7 4660 3481789
7 4661 1088974
7 4662 2917679
7 4663 3446320
7 4664 2940985
7 4665 973423
7 4666 3479008
7 4667 971342
7 4668 2939477
7 4669 1093593
7 4670 2934332
7 4671 976127
7 4672 1085586
7 4673 967620
7 4674 3452884
7 4675 1091227
7 4676 3463083
7 4677 973183
7 4678 1083439
7 4679 965472
7 4680 1449218
7 4681 2930059
7 4682 1474149
7 4683 2019396
7 4684 2947226
7 4685 2021413
7 4686 1451757
7 4687 2933662
7 4688 1480911
7 4689 1088649
7 4690 2946607
7 4691 1091178
7 4692 1477479
7 4693 2011945
7 4694 1475547
7 4695 1092623
7 4696 2038063
7 4697 1081646
7 4698 2940519
7 4699 2042091
7 4700 2947742
7 4701 1092576
7 4702 2041610
7 4703 1081346
7 4704 1451527
7 4705 2935707
7 4706 1469548
7 4707 2018557
7 4708 2945611
7 4709 2017266
7 4710 1448870
7 4711 2926570
7 4712 1475933
7 4713 968260
7 4714 2938013
7 4715 968747
7 4716 1476601
7 4717 2035928
7 4718 1473610
7 4719 970719
7 4720 2040701
7 4721 973423
7 4722 2951657
7 4723 2042708
7 4724 2947006
7 4725 973564
7 4726 2042618
7 4727 971342
7 4728 1449365
7 4729 2925373
7 4730 1478530
7 4731 1088868
7 4732 2942755
7 4733 1088249
7 4734 1441711
7 4735 2900171
7 4736 1469417
7 4737 965681
7 4738 2910716
7 4739 965679
7 4740 1474763
7 4741 1087109
7 4742 1472398
7 4743 971067
7 4744 1082233
7 4745 965148
7 4746 2936432
7 4747 1092137
7 4748 2933783
7 4749 971342
7 4750 1083136
7 4751 965291
7 4752 1468260
7 4753 2016815
7 4754 1471838
7 4755 1090192
7 4756 2010934
7 4757 1079168
7 4758 1471780
7 4759 2018657
7 4760 1465389
7 4761 968419
7 4762 2037520
7 4763 970378
7 4764 1469473
7 4765 1088020
7 4766 1462357
7 4767 968380
7 4768 1085411
7 4769 967613
7 4770 1982101
7 4771 1069275
7 4772 2007327
7 4773 958632
7 4774 1066963
7 4775 958714
7 4776 2926041
7 4777 2022803
7 4778 2934315
7 4779 1090509
7 4780 2040147
7 4781 1083354
7 4782 2934749
7 4783 2023022
7 4784 2931982
7 4785 970378
7 4786 2043905
7 4787 973033
7 4788 2932463
7 4789 1090096
7 4790 2927185
7 4791 973183
7 4792 1084380
7 4793 967298
7 4794 2012470
7 4795 1075241
7 4796 2023294
7 4797 964372
7 4798 1074466
7 4799 964384
7 4800 1464869
7 4801 3444840
7 4802 1468776
7 4803 2016394
7 4804 3458595
7 4805 1999435
7 4806 1468561
7 4807 3447690
7 4808 1475052
7 4809 1091692
7 4810 3486277
7 4811 1092455
7 4812 1474509
7 4813 2036020
7 4814 1466749
7 4815 1091886
7 4816 2043902
7 4817 1084247
7 4818 3431967
7 4819 2012788
7 4820 3459682
7 4821 1079825
7 4822 2018701
7 4823 1079558
7 4824 1468693
7 4825 3451124
7 4826 1468558
7 4827 2020183
7 4828 3463364
7 4829 1996127
7 4830 1471039
7 4831 3448323
7 4832 1469614
7 4833 967944
7 4834 3472378
7 4835 973423
7 4836 1472527
7 4837 2036088
7 4838 1474383
7 4839 971212
7 4840 2041090
7 4841 976127
7 4842 3478776
7 4843 2018292
7 4844 3480779
7 4845 970378
7 4846 2033724
7 4847 973183
7 4848 1471021
7 4849 3446665
7 4850 1470965
7 4851 1092621
7 4852 3484431
7 4853 1089833
7 4854 1464325
7 4855 3440303
7 4856 1470902
7 4857 971067
7 4858 3466207
7 4859 971342
7 4860 1465335
7 4861 1087895
7 4862 1464481
7 4863 968229
7 4864 1086468
7 4865 967620
7 4866 3460646
7 4867 1090946
7 4868 3465506
7 4869 973033
7 4870 1085263
7 4871 967298
7 4872 1469059
7 4873 2022768
7 4874 1469320
7 4875 1090901
7 4876 2036967
7 4877 1082158
7 4878 1470680
7 4879 2023196
7 4880 1466324
7 4881 968380
7 4882 2045859
7 4883 973183
7 4884 1465383
7 4885 1088496
7 4886 1438471
7 4887 965239
7 4888 1085252
7 4889 965472
7 4890 2012371
7 4891 1075241
7 4892 2023268
7 4893 964372
7 4894 1074466
7 4895 964384
7 4896 3391277
7 4897 1986206
7 4898 3416549
7 4899 1072145
7 4900 2006100
7 4901 1070360
7 4902 3417856
7 4903 1986079
7 4904 3422078
7 4905 958632
7 4906 2006270
7 4907 964372
7 4908 3422045
7 4909 1072022
7 4910 3420557
7 4911 964372
7 4912 1066892
7 4913 958642
7 4914 1983267
7 4915 1069210
7 4916 2007755
7 4917 958647
7 4918 1066977
7 4919 958728
7 4920 2870278
7 4921 3405074
7 4922 2874593
7 4923 1985360
7 4924 3427923
7 4925 1987029
7 4926 2875954
7 4927 3404842
7 4928 2902798
7 4929 1072719
7 4930 3443847
7 4931 1082395
7 4932 2902850
7 4933 2005252
7 4934 2874244
7 4935 1082395
7 4936 2009583
7 4937 1074101
7 4938 3424733
7 4939 2010058
7 4940 3446805
7 4941 1074077
7 4942 2008982
7 4943 1070589
7 4944 2876045
7 4945 3409622
7 4946 2874591
7 4947 1987196
7 4948 3430178
7 4949 1986859
7 4950 2887346
7 4951 3414660
7 4952 2899486
7 4953 958714
7 4954 3450116
7 4955 965148
7 4956 2903853
7 4957 2008732
7 4958 2905675
7 4959 964899
7 4960 2008336
7 4961 967620
7 4962 3464946
7 4963 2010895
7 4964 3469072
7 4965 967613
7 4966 2029667
7 4967 965472
7 4968 2887489
7 4969 3414610
7 4970 2904676
7 4971 1082037
7 4972 3448794
7 4973 1082612
7 4974 2876259
7 4975 3409490
7 4976 2906669
7 4977 965148
7 4978 3450444
7 4979 965291
7 4980 2899759
7 4981 1075320
7 4982 2899318
7 4983 967620
7 4984 1066959
7 4985 958710
7 4986 3428826
7 4987 1085150
7 4988 3450057
7 4989 967298
7 4990 1080734
7 4991 964655
7 4992 2901142
7 4993 2011549
7 4994 2905225
7 4995 1086708
7 4996 2008314
7 4997 1077614
7 4998 2906913
7 4999 2010639
7 5000 2898122
7 5001 967613
7 5002 2031063
7 5003 967298
7 5004 2897056
7 5005 1084680
7 5006 2874622
7 5007 965472
7 5008 1080734
7 5009 964655
7 5010 1982465
7 5011 1069275
7 5012 2007438
7 5013 958642
7 5014 1066973
7 5015 958724
7 5016 3392578
7 5017 1986321
7 5018 3416779
7 5019 1072153
7 5020 2006217
7 5021 1070365
7 5022 3418055
7 5023 1986194
7 5024 3422258
7 5025 958714
7 5026 2006386
7 5027 964384
7 5028 3422219
7 5029 1072032
7 5030 3420650
7 5031 964384
7 5032 1066974
7 5033 958724
7 5034 1983448
7 5035 1069287
7 5036 2007863
7 5037 958728
7 5038 1067058
7 5039 958809
