3 0 39916800
3 1 39916800
3 2 39916800
3 3 39916702
3 4 39916140
3 5 39916009
4 0 39158159
4 1 39672600
4 2 39024624
4 3 39889416
4 4 39765264
4 5 39889360
4 6 39453414
4 7 39812257
4 8 39702320
4 9 39509263
4 10 39812820
4 11 39692240
4 12 39545720
4 13 39602801
4 14 39538055
4 15 39281764
4 16 39537442
4 17 39230117
4 18 38989188
4 19 39279491
4 20 39255508
4 21 38319932
4 22 39127097
4 23 38415728
5 0 25954835
5 1 29747791
5 2 25900986
5 3 34470027
5 4 29859112
5 5 33755544
5 6 25858861
5 7 29387662
5 8 26589081
5 9 34422717
5 10 29622975
5 11 34589689
5 12 26596988
5 13 35013540
5 14 25668015
5 15 34536846
5 16 35103490
5 17 34582471
5 18 30141311
5 19 35121788
5 20 29719847
5 21 34534995
5 22 35036819
5 23 34415756
5 24 30505037
5 25 34698864
5 26 30361268
5 27 37348543
5 28 34898148
5 29 37239470
5 30 30790369
5 31 35490394
5 32 31109759
5 33 30980987
5 34 35539153
5 35 32083894
5 36 30903852
5 37 37725199
5 38 30967158
5 39 31776853
5 40 37239708
5 41 32105218
5 42 35193592
5 43 37767576
5 44 35681556
5 45 32210071
5 46 37349253
5 47 32294618
5 48 31024474
5 49 35293941
5 50 31944723
5 51 34138994
5 52 35452711
5 53 34212115
5 54 30762655
5 55 35275149
5 56 32330591
5 57 30798777
5 58 35453446
5 59 30796248
5 60 32663192
5 61 33697402
5 62 32436888
5 63 31097224
5 64 33224869
5 65 30328260
5 66 35291875
5 67 34425548
5 68 35309497
5 69 31123039
5 70 34043918
5 71 31133981
5 72 26675757
5 73 32348529
5 74 27052815
5 75 30959280
5 76 31930295
5 77 30830182
5 78 27124350
5 79 32564301
5 80 26996423
5 81 26437751
5 82 32733549
5 83 26361083
5 84 27033744
5 85 30756612
5 86 26558960
5 87 26514446
5 88 30569620
5 89 26115370
5 90 31325366
5 91 30633075
5 92 32310303
5 93 25804452
5 94 30404354
5 95 25894302
5 96 26344800
5 97 30489270
5 98 26600501
5 99 28794677
5 100 30594208
5 101 28844664
5 102 26855274
5 103 30518393
5 104 27077313
5 105 23134883
5 106 30528366
5 107 23927097
5 108 26999412
5 109 28759755
5 110 26666921
5 111 23916832
5 112 28431876
5 113 23223271
5 114 29842925
5 115 28649251
5 116 30271988
5 117 23201389
5 118 28508660
5 119 23263269
6 0 7641392
6 1 9205174
6 2 7638676
6 3 13605051
6 4 9236291
6 5 13298077
6 6 7636415
6 7 9194443
6 8 7783676
6 9 17528655
6 10 9295608
6 11 17562575
6 12 7783589
6 13 13575719
6 14 7634308
6 15 17566757
6 16 13402331
6 17 17506766
6 18 9300978
6 19 13552126
6 20 9302507
6 21 17475716
6 22 13423272
6 23 17250474
6 24 7630328
6 25 9192725
6 26 7627289
6 27 13538165
6 28 9230679
6 29 13184429
6 30 7841788
6 31 9478177
6 32 7956364
6 33 13807474
6 34 9554721
6 35 14012617
6 36 7924272
6 37 13845465
6 38 7938166
6 39 14005737
6 40 13756429
6 41 14110193
6 42 9487675
6 43 13478339
6 44 9596882
6 45 14099447
6 46 13735651
6 47 14023454
6 48 7840024
6 49 9476074
6 50 7913325
6 51 18387487
6 52 9571196
6 53 18201045
6 54 7620005
6 55 9129223
6 56 7945165
6 57 13985603
6 58 9408827
6 59 14003997
6 60 7923586
6 61 18757886
6 62 7923470
6 63 14230440
6 64 18567105
6 65 14017452
6 66 9583017
6 67 18817919
6 68 9541358
6 69 14203606
6 70 18694122
6 71 14103940
6 72 7957434
6 73 13845352
6 74 7946099
6 75 18653830
6 76 13773380
6 77 18608791
6 78 7942175
6 79 13528347
6 80 7890431
6 81 14204325
6 82 13636906
6 83 14205016
6 84 7921688
6 85 18645792
6 86 7616509
6 87 14002612
6 88 18659638
6 89 14093268
6 90 13582511
6 91 18597555
6 92 13546747
6 93 13999181
6 94 18556223
6 95 14006643
6 96 9451987
6 97 13778724
6 98 9498415
6 99 18463779
6 100 13742974
6 101 18281068
6 102 9490840
6 103 13688333
6 104 9579622
6 105 14000683
6 106 13504567
6 107 14232073
6 108 9574329
6 109 18707159
6 110 9355620
6 111 14204372
6 112 18501603
6 113 13999713
6 114 13593734
6 115 18568434
6 116 13349616
6 117 13980064
6 118 18372391
6 119 13802048
6 120 12077709
6 121 13524064
6 122 12070666
6 123 22113236
6 124 13594604
6 125 21579615
6 126 12058099
6 127 13402079
6 128 12293942
6 129 23805365
6 130 13496597
6 131 23847891
6 132 12295650
6 133 22384582
6 134 12041453
6 135 23838553
6 136 22125833
6 137 23851075
6 138 13642693
6 139 22393598
6 140 13528780
6 141 23841338
6 142 22115492
6 143 23779700
6 144 12116133
6 145 13561958
6 146 12110330
6 147 22324092
6 148 13607192
6 149 21907819
6 150 12160096
6 151 13737494
6 152 12194718
6 153 12266409
6 154 13821124
6 155 12611108
6 156 12296243
6 157 22641551
6 158 12235969
6 159 12618530
6 160 22415651
6 161 12767814
6 162 13725168
6 163 22226105
6 164 13905480
6 165 12739693
6 166 22272054
6 167 12679135
6 168 12148975
6 169 13495358
6 170 12408985
6 171 24066596
6 172 13863590
6 173 24050530
6 174 12155128
6 175 13533079
6 176 12221987
6 177 12519762
6 178 13562041
6 179 12546373
6 180 12392799
6 181 24010392
6 182 12352092
6 183 12754466
6 184 23779700
6 185 12672184
6 186 13871046
6 187 24191904
6 188 13877992
6 189 12750287
6 190 23848930
6 191 12835121
6 192 12377896
6 193 22644107
6 194 12243979
6 195 24204180
6 196 22446799
6 197 24234404
6 198 12428218
6 199 22766116
6 200 12351028
6 201 12849649
6 202 22729431
6 203 12841080
6 204 12378748
6 205 24075814
6 206 12160248
6 207 12644614
6 208 23842168
6 209 12820076
6 210 22320175
6 211 24067596
6 212 22484654
6 213 12762270
6 214 23849200
6 215 12741940
6 216 13719999
6 217 22513205
6 218 13593754
6 219 24086770
6 220 22327036
6 221 24013081
6 222 13789554
6 223 22825333
6 224 13927827
6 225 12730446
6 226 22742811
6 227 12899445
6 228 13918730
6 229 24200577
6 230 13677843
6 231 12874651
6 232 23838555
6 233 12749849
6 234 22367437
6 235 24071631
6 236 22405477
6 237 12771061
6 238 23805365
6 239 12594178
6 240 13836462
6 241 18841319
6 242 13835582
6 243 24035513
6 244 18854594
6 245 23879683
6 246 13990283
6 247 19649977
6 248 14223449
6 249 16923306
6 250 19718154
6 251 17228587
6 252 14243261
6 253 24589135
6 254 14158370
6 255 17109475
6 256 24187203
6 257 17186932
6 258 19176893
6 259 24572034
6 260 19726440
6 261 17199632
6 262 24215092
6 263 17179544
6 264 13733940
6 265 18633588
6 266 13718329
6 267 24013999
6 268 18674621
6 269 23857543
6 270 14005548
6 271 19773755
6 272 14099208
6 273 14227065
6 274 19721502
6 275 14381649
6 276 14133698
6 277 24644589
6 278 14095065
6 279 14230703
6 280 24232512
6 281 14406950
6 282 19018411
6 283 24533074
6 284 19778908
6 285 14416382
6 286 24207640
6 287 14360886
6 288 13996238
6 289 19988755
6 290 14236060
6 291 16957263
6 292 20145930
6 293 17269557
6 294 13993045
6 295 19902449
6 296 14203823
6 297 14451787
6 298 19905951
6 299 14538381
6 300 14042980
6 301 16435054
6 302 14041696
6 303 14382119
6 304 16198864
6 305 14035200
6 306 20065370
6 307 17431365
6 308 20047874
6 309 14755110
6 310 17020801
6 311 14373087
6 312 14269485
6 313 24554202
6 314 14352599
6 315 17232299
6 316 24502052
6 317 17306412
6 318 14340641
6 319 24557876
6 320 14197992
6 321 14515521
6 322 24520194
6 323 14545574
6 324 14237648
6 325 17134256
6 326 14158185
6 327 14643342
6 328 16878416
6 329 14305722
6 330 23858615
6 331 17161044
6 332 23880755
6 333 14391193
6 334 17038705
6 335 14361909
6 336 19173298
6 337 24642739
6 338 19935668
6 339 17483285
6 340 24650021
6 341 17527075
6 342 19166301
6 343 24663173
6 344 19943755
6 345 14597525
6 346 24613458
6 347 14681334
6 348 20044204
6 349 17337257
6 350 19912012
6 351 14777741
6 352 17111843
6 353 14397828
6 354 24015629
6 355 17469972
6 356 24037143
6 357 14627877
6 358 17239879
6 359 14420566
6 360 10871974
6 361 14412085
6 362 11480165
6 363 16966418
6 364 14579618
6 365 16947387
6 366 11044630
6 367 14554868
6 368 11662602
6 369 13340282
6 370 14601791
6 371 13468184
6 372 11570835
6 373 16596437
6 374 11598541
6 375 13471806
6 376 16883200
6 377 13409372
6 378 14459942
6 379 16945420
6 380 14607768
6 381 13475309
6 382 16913449
6 383 13430146
6 384 11051989
6 385 14571623
6 386 11524656
6 387 17038837
6 388 14627987
6 389 16918665
6 390 10915161
6 391 14581884
6 392 11535863
6 393 10328314
6 394 14593097
6 395 10394229
6 396 11822826
6 397 17186130
6 398 11596878
6 399 10471419
6 400 17150848
6 401 10543789
6 402 14669170
6 403 17218758
6 404 14606456
6 405 10513079
6 406 17127974
6 407 10524665
6 408 10925389
6 409 14592139
6 410 11527135
6 411 13384670
6 412 14654865
6 413 13338300
6 414 10858511
6 415 14400289
6 416 11529807
6 417 10374898
6 418 14445415
6 419 10368426
6 420 11591493
6 421 13322331
6 422 11564716
6 423 10540413
6 424 13240260
6 425 10279359
6 426 14617125
6 427 13479901
6 428 14569155
6 429 10538296
6 430 13224532
6 431 10272488
6 432 11555145
6 433 16953055
6 434 11780941
6 435 13539517
6 436 16453669
6 437 13313280
6 438 11778603
6 439 17143904
6 440 11573600
6 441 10534726
6 442 17166261
6 443 10478155
6 444 11610369
6 445 13438179
6 446 11401937
6 447 10538617
6 448 13342244
6 449 10405289
6 450 16099602
6 451 13136354
6 452 16762992
6 453 10192055
6 454 13038087
6 455 10207786
6 456 14422848
6 457 17102235
6 458 14607937
6 459 13503287
6 460 16900945
6 461 13565101
6 462 14617291
6 463 17194744
6 464 14570936
6 465 10488507
6 466 17221661
6 467 10656115
6 468 14587899
6 469 13445299
6 470 14432820
6 471 10652593
6 472 13361079
6 473 10414556
6 474 16469017
6 475 13401861
6 476 17042889
6 477 10409437
6 478 13340709
6 479 10417997
6 480 7080318
6 481 12796062
6 482 7186073
6 483 14298991
6 484 12714912
6 485 14312775
6 486 7193476
6 487 12852566
6 488 7302589
6 489 10510671
6 490 12871785
6 491 10543415
6 492 7300091
6 493 14391999
6 494 7222318
6 495 10552973
6 496 14387116
6 497 10410546
6 498 12534831
6 499 14236817
6 500 12733092
6 501 10298355
6 502 14327299
6 503 10326340
6 504 7227100
6 505 12977433
6 506 7208037
6 507 14376310
6 508 12855950
6 509 14291317
6 510 7250095
6 511 12925850
6 512 7198127
6 513 7249916
6 514 13008476
6 515 7345469
6 516 7293976
6 517 14392003
6 518 7297753
6 519 7363346
6 520 14399352
6 521 7384694
6 522 12918765
6 523 14385078
6 524 12967812
6 525 7259534
6 526 14385589
6 527 7351768
6 528 7231314
6 529 12859975
6 530 7295882
6 531 10551692
6 532 12926007
6 533 10522383
6 534 7193982
6 535 12708576
6 536 7294678
6 537 7346434
6 538 12815522
6 539 7362310
6 540 7170639
6 541 10414768
6 542 7146741
6 543 7279004
6 544 10409906
6 545 7155089
6 546 12831787
6 547 10559032
6 548 12916023
6 549 7346467
6 550 10383442
6 551 7147884
6 552 7163954
6 553 14243984
6 554 7217251
6 555 10474323
6 556 14170655
6 557 10327952
6 558 7201882
6 559 14279575
6 560 7156775
6 561 7282857
6 562 14382130
6 563 7293069
6 564 7185780
6 565 10426279
6 566 7040089
6 567 7232653
6 568 10406953
6 569 7136141
6 570 13885374
6 571 10252128
6 572 14103384
6 573 7086447
6 574 10234485
6 575 7087247
6 576 12282520
6 577 14037152
6 578 12476438
6 579 10242159
6 580 14115330
6 581 10266603
6 582 12623866
6 583 14027080
6 584 12685114
6 585 7035717
6 586 14129495
6 587 7245581
6 588 12603462
6 589 10232813
6 590 12550947
6 591 7244767
6 592 10124524
6 593 7040480
6 594 13822078
6 595 10166621
6 596 14074886
6 597 7039401
6 598 10142075
6 599 7043729
6 600 7775513
6 601 12202664
6 602 7824940
6 603 13680385
6 604 12255396
6 605 13617629
6 606 7830058
6 607 12221374
6 608 8015009
6 609 9733220
6 610 12274858
6 611 9945354
6 612 8019710
6 613 13789534
6 614 7832881
6 615 9940859
6 616 13762387
6 617 9799169
6 618 12238520
6 619 13802818
6 620 12240215
6 621 9789522
6 622 13765356
6 623 9766406
6 624 7833766
6 625 12246055
6 626 7832016
6 627 13715754
6 628 12260060
6 629 13616953
6 630 7908320
6 631 12390787
6 632 8026815
6 633 6575699
6 634 12391982
6 635 6786401
6 636 8045533
6 637 13893174
6 638 8066032
6 639 6748583
6 640 13799256
6 641 6778146
6 642 12302721
6 643 13831468
6 644 12425297
6 645 6796943
6 646 13897651
6 647 6781956
6 648 7910544
6 649 12393981
6 650 8032272
6 651 9925658
6 652 12467708
6 653 9975019
6 654 7836957
6 655 12228064
6 656 8058099
6 657 6758806
6 658 12303764
6 659 6770948
6 660 8007757
6 661 9788275
6 662 7989709
6 663 6795815
6 664 9685967
6 665 6579944
6 666 12348026
6 667 9996452
6 668 12356632
6 669 6773534
6 670 9941784
6 671 6687778
6 672 8012033
6 673 13886491
6 674 8032667
6 675 9984460
6 676 13779856
6 677 9823926
6 678 8017659
6 679 13865568
6 680 7984812
6 681 6806678
6 682 13935384
6 683 6785123
6 684 8018971
6 685 9961781
6 686 7797585
6 687 6800625
6 688 9940935
6 689 6687643
6 690 13441207
6 691 9722312
6 692 13629045
6 693 6577720
6 694 9708759
6 695 6582129
6 696 11991139
6 697 13604753
6 698 12029370
6 699 9741659
6 700 13698650
6 701 9760102
6 702 12047475
6 703 13604538
6 704 12160644
6 705 6576507
6 706 13696773
6 707 6726232
6 708 12162214
6 709 9737545
6 710 12025777
6 711 6725405
6 712 9696259
6 713 6581292
6 714 13452964
6 715 9727411
6 716 13632913
6 717 6580262
6 718 9714204
6 719 6584611
7 0 1106973
7 1 1215180
7 2 1106892
7 3 2155817
7 4 1217437
7 5 2130436
7 6 1106883
7 7 1215091
7 8 1113044
7 9 3568956
7 10 1220659
7 11 3569865
7 12 1113044
7 13 2154139
7 14 1106873
7 15 3570019
7 16 2133663
7 17 3565476
7 18 1219021
7 19 2153676
7 20 1220794
7 21 3564033
7 22 2134075
7 23 3532606
7 24 1106833
7 25 1215040
7 26 1106751
7 27 2155392
7 28 1217425
7 29 2129402
7 30 1115681
7 31 1231705
7 32 1117233
7 33 4068144
7 34 1236437
7 35 4090459
7 36 1118697
7 37 2181520
7 38 1118922
7 39 4091526
7 40 2161101
7 41 4105059
7 42 1229138
7 43 2158367
7 44 1238481
7 45 4103354
7 46 2162292
7 47 4094297
7 48 1115677
7 49 1231701
7 50 1118623
7 51 3597844
7 52 1236636
7 53 3573482
7 54 1106801
7 55 1215008
7 56 1119182
7 57 4092573
7 58 1226926
7 59 4093000
7 60 1116875
7 61 3600996
7 62 1116885
7 63 4105994
7 64 3560160
7 65 4071387
7 66 1234734
7 67 3591654
7 68 1233886
7 69 4103923
7 70 3565107
7 71 4087114
7 72 1117355
7 73 2179872
7 74 1119042
7 75 3619459
7 76 2161259
7 77 3615234
7 78 1119248
7 79 2158377
7 80 1116263
7 81 4104943
7 82 2159256
7 83 4103097
7 84 1116707
7 85 3597614
7 86 1106805
7 87 4092742
7 88 3565430
7 89 4086853
7 90 2137394
7 91 3580785
7 92 2138482
7 93 4069434
7 94 3559850
7 95 4070880
7 96 1222470
7 97 2160051
7 98 1226002
7 99 3597355
7 100 2160704
7 101 3567628
7 102 1226037
7 103 2160512
7 104 1234590
7 105 4069154
7 106 2155618
7 107 4102155
7 108 1234382
7 109 3588203
7 110 1224455
7 111 4102158
7 112 3547936
7 113 4070926
7 114 2138058
7 115 3575317
7 116 2135651
7 117 4069498
7 118 3549902
7 119 4057370
7 120 1106626
7 121 1214833
7 122 1106545
7 123 2155443
7 124 1217094
7 125 2129993
7 126 1106535
7 127 1214743
7 128 1113032
7 129 3568059
7 130 1220649
7 131 3568251
7 132 1113032
7 133 2154025
7 134 1106525
7 135 3568315
7 136 2133550
7 137 3563653
7 138 1219016
7 139 2153561
7 140 1220786
7 141 3561911
7 142 2133962
7 143 3522111
7 144 1124196
7 145 1234223
7 146 1124184
7 147 2181970
7 148 1235198
7 149 2167452
7 150 1129181
7 151 1248431
7 152 1129675
7 153 2104624
7 154 1252371
7 155 2132457
7 156 1137347
7 157 2207991
7 158 1132867
7 159 2133279
7 160 2185913
7 161 2137919
7 162 1246652
7 163 2192921
7 164 1255015
7 165 2136606
7 166 2185224
7 167 2135930
7 168 1129604
7 169 1247130
7 170 1136349
7 171 3626570
7 172 1253946
7 173 3618587
7 174 1128550
7 175 1246747
7 176 1132840
7 177 2131331
7 178 1251990
7 179 2132392
7 180 1135949
7 181 3630990
7 182 1135541
7 183 2141436
7 184 3603462
7 185 2133573
7 186 1254062
7 187 3644814
7 188 1256831
7 189 2141526
7 190 3609693
7 191 2139861
7 192 1136847
7 193 2195685
7 194 1133047
7 195 3639036
7 196 2180771
7 197 3638057
7 198 1140518
7 199 2198744
7 200 1135561
7 201 2144588
7 202 2195714
7 203 2142954
7 204 1137911
7 205 3634895
7 206 1128881
7 207 2136616
7 208 3611382
7 209 2140095
7 210 2159755
7 211 3623578
7 212 2181668
7 213 2137589
7 214 3613759
7 215 2137891
7 216 1243201
7 217 2181253
7 218 1243522
7 219 3618382
7 220 2175133
7 221 3565631
7 222 1248964
7 223 2205194
7 224 1256239
7 225 2136011
7 226 2192528
7 227 2145106
7 228 1256756
7 229 3645299
7 230 1255546
7 231 2145609
7 232 3608026
7 233 2137439
7 234 2163386
7 235 3614473
7 236 2174053
7 237 2137626
7 238 3603209
7 239 2129879
7 240 1124139
7 241 1234166
7 242 1124127
7 243 2181853
7 244 1235198
7 245 2167395
7 246 1128495
7 247 1245473
7 248 1136374
7 249 4269487
7 250 1253178
7 251 4275812
7 252 1136154
7 253 2202225
7 254 1131757
7 255 4275555
7 256 2181296
7 257 4280488
7 258 1246646
7 259 2198220
7 260 1253711
7 261 4279860
7 262 2181328
7 263 4263164
7 264 1106417
7 265 1214624
7 266 1106335
7 267 2153987
7 268 1217425
7 269 2125188
7 270 1130404
7 271 1247729
7 272 1133023
7 273 2126975
7 274 1251886
7 275 2135963
7 276 1133818
7 277 2199483
7 278 1132764
7 279 2132043
7 280 2181972
7 281 2138610
7 282 1243102
7 283 2169211
7 284 1254287
7 285 2138656
7 286 2179977
7 287 2134199
7 288 1128495
7 289 1245850
7 290 1138524
7 291 4327875
7 292 1259001
7 293 4330378
7 294 1130088
7 295 1246542
7 296 1138395
7 297 2155632
7 298 1254587
7 299 2158058
7 300 1132800
7 301 4317744
7 302 1133427
7 303 2157991
7 304 4298081
7 305 2128988
7 306 1255258
7 307 4367140
7 308 1256503
7 309 2167388
7 310 4336320
7 311 2136989
7 312 1138640
7 313 2201205
7 314 1137778
7 315 4362115
7 316 2206028
7 317 4371462
7 318 1139590
7 319 2204473
7 320 1136918
7 321 2159491
7 322 2201764
7 323 2163937
7 324 1136083
7 325 4353399
7 326 1134987
7 327 2161329
7 328 4336623
7 329 2136537
7 330 2179954
7 331 4369882
7 332 2185303
7 333 2157143
7 334 4352426
7 335 2138958
7 336 1248933
7 337 2204460
7 338 1260147
7 339 4361963
7 340 2201211
7 341 4345476
7 342 1248013
7 343 2199268
7 344 1260098
7 345 2161310
7 346 2176932
7 347 2163632
7 348 1258397
7 349 4374554
7 350 1256008
7 351 2169763
7 352 4348444
7 353 2139192
7 354 2186795
7 355 4371974
7 356 2185387
7 357 2161442
7 358 4338938
7 359 2132673
7 360 1131057
7 361 1248488
7 362 1139262
7 363 3623687
7 364 1257194
7 365 3607130
7 366 1130375
7 367 1247851
7 368 1142296
7 369 4301861
7 370 1259416
7 371 4308091
7 372 1137776
7 373 3642112
7 374 1139802
7 375 4317000
7 376 3609885
7 377 4289551
7 378 1255399
7 379 3640570
7 380 1258113
7 381 4317498
7 382 3609823
7 383 4290644
7 384 1131395
7 385 1246833
7 386 1135490
7 387 3604540
7 388 1253455
7 389 3569750
7 390 1126698
7 391 1243142
7 392 1138595
7 393 2152301
7 394 1255207
7 395 2158278
7 396 1138659
7 397 3647804
7 398 1134968
7 399 2160119
7 400 3629619
7 401 2161624
7 402 1257539
7 403 3611572
7 404 1257378
7 405 2161789
7 406 3623389
7 407 2157316
7 408 1127326
7 409 1246442
7 410 1137281
7 411 4308711
7 412 1256549
7 413 4307222
7 414 1106387
7 415 1214286
7 416 1131472
7 417 2134105
7 418 1238850
7 419 2134356
7 420 1136172
7 421 4346885
7 422 1134492
7 423 2162808
7 424 4338536
7 425 2136724
7 426 1256647
7 427 4364250
7 428 1251609
7 429 2163368
7 430 4338852
7 431 2136687
7 432 1133111
7 433 3625537
7 434 1136265
7 435 4345222
7 436 3607327
7 437 4322794
7 438 1136722
7 439 3627642
7 440 1129679
7 441 2161494
7 442 3630244
7 443 2163428
7 444 1133757
7 445 4347993
7 446 1130805
7 447 2163309
7 448 4348173
7 449 2144200
7 450 3571160
7 451 4305750
7 452 3581326
7 453 2133356
7 454 4312454
7 455 2135035
7 456 1252048
7 457 3642571
7 458 1255459
7 459 4367205
7 460 3627541
7 461 4351734
7 462 1255291
7 463 3637110
7 464 1254584
7 465 2165780
7 466 3600716
7 467 2163770
7 468 1256508
7 469 4367926
7 470 1249810
7 471 2168714
7 472 4343394
7 473 2142050
7 474 3578809
7 475 4325252
7 476 3582246
7 477 2137765
7 478 4329368
7 479 2137024
7 480 1132144
7 481 2200850
7 482 1135465
7 483 3646274
7 484 2186272
7 485 3644368
7 486 1135186
7 487 2201008
7 488 1137955
7 489 4307859
7 490 2201677
7 491 4322573
7 492 1137797
7 493 3646320
7 494 1131214
7 495 4311797
7 496 3630745
7 497 4303202
7 498 2178719
7 499 3626890
7 500 2181903
7 501 4284262
7 502 3625914
7 503 4287365
7 504 1135503
7 505 2199954
7 506 1135250
7 507 3646332
7 508 2182218
7 509 3638829
7 510 1139046
7 511 2199107
7 512 1133694
7 513 2160990
7 514 2201996
7 515 2168693
7 516 1137154
7 517 3645731
7 518 1135130
7 519 2165006
7 520 3646804
7 521 2169960
7 522 2182600
7 523 3641021
7 524 2199275
7 525 2163512
7 526 3645593
7 527 2167581
7 528 1137257
7 529 2197553
7 530 1134976
7 531 4362266
7 532 2202367
7 533 4351153
7 534 1133611
7 535 2165004
7 536 1138038
7 537 2161756
7 538 2175631
7 539 2166032
7 540 1129672
7 541 4346336
7 542 1131219
7 543 2159361
7 544 4351790
7 545 2144701
7 546 2201751
7 547 4363068
7 548 2194202
7 549 2161698
7 550 4345676
7 551 2140620
7 552 1133074
7 553 3626957
7 554 1133856
7 555 4343671
7 556 3611728
7 557 4327873
7 558 1133354
7 559 3605221
7 560 1129051
7 561 2160289
7 562 3621193
7 563 2161170
7 564 1127293
7 565 4309508
7 566 1106391
7 567 2132509
7 568 4334081
7 569 2135112
7 570 3578772
7 571 4324763
7 572 3578876
7 573 2137808
7 574 4324092
7 575 2135713
7 576 2153524
7 577 3598839
7 578 2156767
7 579 4307681
7 580 3602408
7 581 4304477
7 582 2157383
7 583 3599180
7 584 2172367
7 585 2133542
7 586 3596296
7 587 2157947
7 588 2177448
7 589 4327904
7 590 2152470
7 591 2158167
7 592 4305606
7 593 2131497
7 594 3573913
7 595 4318974
7 596 3576684
7 597 2135030
7 598 4306394
7 599 2131567
7 600 1237154
7 601 2175321
7 602 1241438
7 603 3617035
7 604 2178529
7 605 3590852
7 606 1241475
7 607 2177748
7 608 1254175
7 609 4270525
7 610 2178893
7 611 4299705
7 612 1253881
7 613 3615320
7 614 1241911
7 615 4299417
7 616 3594883
7 617 4277898
7 618 2178291
7 619 3613615
7 620 2176967
7 621 4276214
7 622 3596557
7 623 4263872
7 624 1241490
7 625 2178633
7 626 1241532
7 627 3620240
7 628 2178421
7 629 3588269
7 630 1247195
7 631 2203432
7 632 1253904
7 633 2131936
7 634 2197194
7 635 2163218
7 636 1255972
7 637 3641722
7 638 1256717
7 639 2159461
7 640 3621184
7 641 2161510
7 642 2180523
7 643 3593846
7 644 2198052
7 645 2162921
7 646 3623352
7 647 2158171
7 648 1247195
7 649 2202233
7 650 1255696
7 651 4351249
7 652 2202176
7 653 4348152
7 654 1241543
7 655 2174279
7 656 1256295
7 657 2160427
7 658 2177038
7 659 2161598
7 660 1251983
7 661 4342613
7 662 1251831
7 663 2164829
7 664 4312889
7 665 2135719
7 666 2192515
7 667 4356774
7 668 2192440
7 669 2159939
7 670 4345404
7 671 2140530
7 672 1251861
7 673 3637262
7 674 1254751
7 675 4363817
7 676 3616236
7 677 4343269
7 678 1251406
7 679 3597865
7 680 1251174
7 681 2161499
7 682 3611461
7 683 2159247
7 684 1253491
7 685 4353681
7 686 1237855
7 687 2161019
7 688 4347332
7 689 2143681
7 690 3568128
7 691 4318159
7 692 3575203
7 693 2131120
7 694 4307931
7 695 2132387
7 696 2153777
7 697 3596629
7 698 2156048
7 699 4308404
7 700 3597192
7 701 4302551
7 702 2155328
7 703 3593889
7 704 2172348
7 705 2133286
7 706 3582524
7 707 2155514
7 708 2170047
7 709 4319151
7 710 2143041
7 711 2152220
7 712 4307154
7 713 2130437
7 714 3566079
7 715 4301532
7 716 3548292
7 717 2126045
7 718 4269691
7 719 2103778
7 720 2156099
7 721 2263634
7 722 2156008
7 723 3202128
7 724 2268737
7 725 3167147
7 726 2155858
7 727 2263396
7 728 2170090
7 729 8037748
7 730 2277142
7 731 8031479
7 732 2170092
7 733 3199914
7 734 2155821
7 735 8031650
7 736 3175618
7 737 8025095
7 738 2273808
7 739 3197719
7 740 2277556
7 741 8021000
7 742 3177622
7 743 7929516
7 744 2154592
7 745 2262129
7 746 2154467
7 747 3190713
7 748 2268341
7 749 3144600
7 750 2185974
7 751 2298837
7 752 2195277
7 753 6602886
7 754 2314828
7 755 6623626
7 756 2192330
7 757 3232639
7 758 2196593
7 759 6624600
7 760 3218908
7 761 6650805
7 762 2306865
7 763 3175805
7 764 2320090
7 765 6648990
7 766 3218992
7 767 6626011
7 768 2185944
7 769 2298742
7 770 2192901
7 771 8257004
7 772 2311665
7 773 8175113
7 774 2154004
7 775 2259014
7 776 2195405
7 777 6622761
7 778 2300999
7 779 6623538
7 780 2193055
7 781 8322880
7 782 2190691
7 783 6666997
7 784 8176991
7 785 6627578
7 786 2313518
7 787 8318126
7 788 2311235
7 789 6664410
7 790 8194894
7 791 6652035
7 792 2193957
7 793 3242247
7 794 2195336
7 795 8336227
7 796 3225538
7 797 8330823
7 798 2194804
7 799 3182293
7 800 2190646
7 801 6664426
7 802 3199848
7 803 6664556
7 804 2192659
7 805 8305174
7 806 2154120
7 807 6622952
7 808 8193136
7 809 6650086
7 810 3200199
7 811 8241710
7 812 3189232
7 813 6625035
7 814 8181465
7 815 6624724
7 816 2296658
7 817 3225062
7 818 2303352
7 819 8264815
7 820 3225470
7 821 8181000
7 822 2302704
7 823 3210071
7 824 2314775
7 825 6624328
7 826 3177668
7 827 6667144
7 828 2313615
7 829 8312180
7 830 2293717
7 831 6664554
7 832 8170524
7 833 6625902
7 834 3202622
7 835 8237160
7 836 3158132
7 837 6624321
7 838 8157015
7 839 6602047
7 840 2157352
7 841 2264887
7 842 2157261
7 843 3203381
7 844 2269990
7 845 3168393
7 846 2157111
7 847 2264649
7 848 2170090
7 849 8041516
7 850 2277142
7 851 8037863
7 852 2170092
7 853 3199914
7 854 2157074
7 855 8038610
7 856 3175618
7 857 8032159
7 858 2273808
7 859 3197719
7 860 2277556
7 861 8029320
7 862 3177622
7 863 7966784
7 864 2159945
7 865 2269211
7 866 2159920
7 867 3214680
7 868 2271870
7 869 3194592
7 870 2160520
7 871 2279760
7 872 2160236
7 873 2171269
7 874 2284643
7 875 2189760
7 876 2170808
7 877 3239041
7 878 2163721
7 879 2189811
7 880 3216557
7 881 2196037
7 882 2279669
7 883 3223028
7 884 2289937
7 885 2195889
7 886 3214903
7 887 2190192
7 888 2166734
7 889 2284071
7 890 2180082
7 891 8106408
7 892 2298409
7 893 8098421
7 894 2163455
7 895 2281643
7 896 2163662
7 897 2189521
7 898 2283371
7 899 2189671
7 900 2177646
7 901 8105703
7 902 2174264
7 903 2203570
7 904 8058919
7 905 2199991
7 906 2297531
7 907 8139231
7 908 2298329
7 909 2204240
7 910 8062574
7 911 2204708
7 912 2177567
7 913 3224668
7 914 2169117
7 915 8134200
7 916 3212177
7 917 8131817
7 918 2181257
7 919 3238832
7 920 2174175
7 921 2203999
7 922 3234075
7 923 2204312
7 924 2175689
7 925 8108787
7 926 2163647
7 927 2190124
7 928 8064160
7 929 2204750
7 930 3189863
7 931 8100425
7 932 3220009
7 933 2200124
7 934 8066145
7 935 2199878
7 936 2281560
7 937 3211463
7 938 2282979
7 939 8094340
7 940 3199346
7 941 8028376
7 942 2286920
7 943 3238756
7 944 2295448
7 945 2200088
7 946 3235026
7 947 2204830
7 948 2298385
7 949 8137899
7 950 2295738
7 951 2205161
7 952 8064358
7 953 2199591
7 954 3196717
7 955 8069094
7 956 3212353
7 957 2200077
7 958 8033857
7 959 2189816
7 960 2158214
7 961 2267480
7 962 2158125
7 963 3189462
7 964 2272255
7 965 3149394
7 966 2191241
7 967 2305137
7 968 2204467
7 969 6636101
7 970 2320429
7 971 6642356
7 972 2202353
7 973 3251851
7 974 2201086
7 975 6642939
7 976 3241913
7 977 6655814
7 978 2314171
7 979 3229567
7 980 2323435
7 981 6655321
7 982 3241674
7 983 6637975
7 984 2158402
7 985 2267668
7 986 2158315
7 987 3194811
7 988 2272395
7 989 3153815
7 990 2162216
7 991 2281446
7 992 2162447
7 993 2183949
7 994 2284004
7 995 2188847
7 996 2168045
7 997 3222672
7 998 2162416
7 999 2184708
7 1000 3203257
7 1001 2195776
7 1002 2279006
7 1003 3177197
7 1004 2289985
7 1005 2195789
7 1006 3198122
7 1007 2188687
7 1008 2189376
7 1009 2303137
7 1010 2202180
7 1011 6637411
7 1012 2323720
7 1013 6639834
7 1014 2185997
7 1015 2300162
7 1016 2191693
7 1017 2215948
7 1018 2305298
7 1019 2218353
7 1020 2196432
7 1021 6614459
7 1022 2194320
7 1023 2222559
7 1024 6602047
7 1025 2213999
7 1026 2320587
7 1027 6650620
7 1028 2322047
7 1029 2237421
7 1030 6624724
7 1031 2224663
7 1032 2200849
7 1033 3257075
7 1034 2205990
7 1035 6664152
7 1036 3263714
7 1037 6676803
7 1038 2203149
7 1039 3254655
7 1040 2194608
7 1041 2220222
7 1042 3241667
7 1043 2229210
7 1044 2201463
7 1045 6640083
7 1046 2196009
7 1047 2228320
7 1048 6625902
7 1049 2224117
7 1050 3239812
7 1051 6664091
7 1052 3242628
7 1053 2228810
7 1054 6652035
7 1055 2228726
7 1056 2312338
7 1057 3233978
7 1058 2325139
7 1059 6668239
7 1060 3262766
7 1061 6652400
7 1062 2311455
7 1063 3244593
7 1064 2323342
7 1065 2230370
7 1066 3189876
7 1067 2225653
7 1068 2327842
7 1069 6671831
7 1070 2321460
7 1071 2242675
7 1072 6650086
7 1073 2229061
7 1074 3245188
7 1075 6659570
7 1076 3239405
7 1077 2235606
7 1078 6627578
7 1079 2219640
7 1080 2187933
7 1081 2299957
7 1082 2197685
7 1083 8262896
7 1084 2314711
7 1085 8205109
7 1086 2163450
7 1087 2277905
7 1088 2201312
7 1089 6645300
7 1090 2317145
7 1091 6649620
7 1092 2202207
7 1093 8360649
7 1094 2200951
7 1095 6693350
7 1096 8231912
7 1097 6660904
7 1098 2322763
7 1099 8389030
7 1100 2324913
7 1101 6698044
7 1102 8246781
7 1103 6666262
7 1104 2190330
7 1105 2303420
7 1106 2198027
7 1107 8265329
7 1108 2316273
7 1109 8209016
7 1110 2185837
7 1111 2299585
7 1112 2191502
7 1113 2217652
7 1114 2305307
7 1115 2218333
7 1116 2200492
7 1117 8317092
7 1118 2194911
7 1119 2224638
7 1120 8278824
7 1121 2232464
7 1122 2318542
7 1123 8261010
7 1124 2317407
7 1125 2232271
7 1126 8251825
7 1127 2225523
7 1128 2186188
7 1129 2302408
7 1130 2205140
7 1131 6642415
7 1132 2324984
7 1133 6641065
7 1134 2157984
7 1135 2271622
7 1136 2161665
7 1137 2187883
7 1138 2275399
7 1139 2187837
7 1140 2200923
7 1141 6634306
7 1142 2195288
7 1143 2227061
7 1144 6624321
7 1145 2223976
7 1146 2321558
7 1147 6650174
7 1148 2315473
7 1149 2228569
7 1150 6625035
7 1151 2223733
7 1152 2199112
7 1153 8349585
7 1154 2198766
7 1155 6684946
7 1156 8245394
7 1157 6653660
7 1158 2203528
7 1159 8331315
7 1160 2192089
7 1161 2224589
7 1162 8338515
7 1163 2235536
7 1164 2200270
7 1165 6669866
7 1166 2190533
7 1167 2222736
7 1168 6667144
7 1169 2230202
7 1170 8191905
7 1171 6638788
7 1172 8204158
7 1173 2220087
7 1174 6626011
7 1175 2220260
7 1176 2319553
7 1177 8390489
7 1178 2321845
7 1179 6697391
7 1180 8282210
7 1181 6678974
7 1182 2324723
7 1183 8389852
7 1184 2318258
7 1185 2235362
7 1186 8359059
7 1187 2237302
7 1188 2327034
7 1189 6693429
7 1190 2318662
7 1191 2235065
7 1192 6664556
7 1193 2227075
7 1194 8199254
7 1195 6655814
7 1196 8218188
7 1197 2226586
7 1198 6650805
7 1199 2223957
7 1200 2195904
7 1201 3248501
7 1202 2197544
7 1203 8344129
7 1204 3235331
7 1205 8340568
7 1206 2194774
7 1207 3205153
7 1208 2197520
7 1209 6677643
7 1210 3204670
7 1211 6693458
7 1212 2194572
7 1213 8337635
7 1214 2164003
7 1215 6653887
7 1216 8269636
7 1217 6671831
7 1218 3231258
7 1219 8267651
7 1220 3221752
7 1221 6650206
7 1222 8261660
7 1223 6650622
7 1224 2199948
7 1225 3250501
7 1226 2199156
7 1227 8356117
7 1228 3236309
7 1229 8348186
7 1230 2202677
7 1231 3255276
7 1232 2193408
7 1233 2225419
7 1234 3257894
7 1235 2236622
7 1236 2201201
7 1237 8363612
7 1238 2197470
7 1239 2227746
7 1240 8359081
7 1241 2241895
7 1242 3235576
7 1243 8359488
7 1244 3258205
7 1245 2232551
7 1246 8359731
7 1247 2237209
7 1248 2204498
7 1249 3244653
7 1250 2202388
7 1251 6692553
7 1252 3259222
7 1253 6697391
7 1254 2198259
7 1255 3193509
7 1256 2196765
7 1257 2226938
7 1258 3190862
7 1259 2228210
7 1260 2198907
7 1261 6665634
7 1262 2190285
7 1263 2222547
7 1264 6664554
7 1265 2232576
7 1266 3260046
7 1267 6698044
7 1268 3246613
7 1269 2235785
7 1270 6664410
7 1271 2228315
7 1272 2201272
7 1273 8345560
7 1274 2192775
7 1275 6670912
7 1276 8250155
7 1277 6668238
7 1278 2197307
7 1279 8311940
7 1280 2191742
7 1281 2224248
7 1282 8316843
7 1283 2236009
7 1284 2191030
7 1285 6636749
7 1286 2157933
7 1287 2187956
7 1288 6624328
7 1289 2219729
7 1290 8199254
7 1291 6655321
7 1292 8215513
7 1293 2226514
7 1294 6648990
7 1295 2220958
7 1296 3209040
7 1297 8254304
7 1298 3201848
7 1299 6641094
7 1300 8233460
7 1301 6639834
7 1302 3216679
7 1303 8273969
7 1304 3230223
7 1305 2220256
7 1306 8275878
7 1307 2230941
7 1308 3236167
7 1309 6649620
7 1310 3201278
7 1311 2230912
7 1312 6623538
7 1313 2218328
7 1314 8196400
7 1315 6642356
7 1316 8207080
7 1317 2222161
7 1318 6623626
7 1319 2213287
7 1320 2299127
7 1321 3229572
7 1322 2302979
7 1323 8262062
7 1324 3231366
7 1325 8180941
7 1326 2302214
7 1327 3214327
7 1328 2317774
7 1329 6636750
7 1330 3199131
7 1331 6669866
7 1332 2316074
7 1333 8318697
7 1334 2295115
7 1335 6665637
7 1336 8219358
7 1337 6640084
7 1338 3218869
7 1339 8255845
7 1340 3178169
7 1341 6634306
7 1342 8199302
7 1343 6614459
7 1344 2303414
7 1345 3235643
7 1346 2305161
7 1347 8278228
7 1348 3231892
7 1349 8220010
7 1350 2308148
7 1351 3259049
7 1352 2315456
7 1353 2216480
7 1354 3253865
7 1355 2227967
7 1356 2321072
7 1357 8325081
7 1358 2318528
7 1359 2227522
7 1360 8285468
7 1361 2232553
7 1362 3231796
7 1363 8268337
7 1364 3257954
7 1365 2232506
7 1366 8269549
7 1367 2223433
7 1368 2311457
7 1369 3251469
7 1370 2322788
7 1371 6670914
7 1372 3241187
7 1373 6684946
7 1374 2307466
7 1375 3222647
7 1376 2319026
7 1377 2227584
7 1378 3224689
7 1379 2227483
7 1380 2318843
7 1381 6653888
7 1382 2315566
7 1383 2236940
7 1384 6622952
7 1385 2223078
7 1386 3257008
7 1387 6693350
7 1388 3241155
7 1389 2231773
7 1390 6666997
7 1391 2228586
7 1392 2322256
7 1393 8378917
7 1394 2317974
7 1395 6692553
7 1396 8272019
7 1397 6664152
7 1398 2318509
7 1399 8355177
7 1400 2315360
7 1401 2234924
7 1402 8359916
7 1403 2232249
7 1404 2321571
7 1405 6677643
7 1406 2303779
7 1407 2223318
7 1408 6664426
7 1409 2231252
7 1410 8195214
7 1411 6642939
7 1412 8208372
7 1413 2218343
7 1414 6624600
7 1415 2216019
7 1416 3213411
7 1417 8254232
7 1418 3197096
7 1419 6642415
7 1420 8230196
7 1421 6637411
7 1422 3211334
7 1423 8272742
7 1424 3230557
7 1425 2220322
7 1426 8272217
7 1427 2228689
7 1428 3226880
7 1429 6645300
7 1430 3168247
7 1431 2226048
7 1432 6622761
7 1433 2216891
7 1434 8190936
7 1435 6636101
7 1436 8181198
7 1437 2214939
7 1438 6602886
7 1439 2185011
7 1440 3531852
7 1441 3640356
7 1442 3531314
7 1443 8345018
7 1444 3656834
7 1445 8196273
7 1446 3531848
7 1447 3640352
7 1448 3549881
7 1449 9847548
7 1450 3657747
7 1451 9850189
7 1452 3549881
7 1453 8344829
7 1454 3531848
7 1455 9850153
7 1456 8197187
7 1457 9846211
7 1458 3641308
7 1459 8344810
7 1460 3657756
7 1461 9845371
7 1462 8197201
7 1463 9830933
7 1464 3544948
7 1465 3651613
7 1466 3544726
7 1467 8440948
7 1468 3657863
7 1469 8369067
7 1470 3572122
7 1471 3686258
7 1472 3577349
7 1473 3988472
7 1474 3711319
7 1475 4043528
7 1476 3600577
7 1477 8586514
7 1478 3582368
7 1479 4040860
7 1480 8492427
7 1481 4064837
7 1482 3701675
7 1483 8515064
7 1484 3727586
7 1485 4059196
7 1486 8468895
7 1487 4049821
7 1488 3575147
7 1489 3693270
7 1490 3593815
7 1491 9993708
7 1492 3714129
7 1493 9987802
7 1494 3561558
7 1495 3662967
7 1496 3578042
7 1497 4026106
7 1498 3690415
7 1499 4019251
7 1500 3594774
7 1501 10015106
7 1502 3580389
7 1503 4055059
7 1504 9910307
7 1505 4021215
7 1506 3726689
7 1507 10081898
7 1508 3715555
7 1509 4051686
7 1510 9919485
7 1511 4045834
7 1512 3593501
7 1513 8518896
7 1514 3593547
7 1515 10068536
7 1516 8372003
7 1517 10063961
7 1518 3605300
7 1519 8560819
7 1520 3583058
7 1521 4065405
7 1522 8553624
7 1523 4060876
7 1524 3593423
7 1525 10019171
7 1526 3562739
7 1527 4045022
7 1528 9919571
7 1529 4045457
7 1530 8279181
7 1531 10002501
7 1532 8411989
7 1533 4030647
7 1534 9919721
7 1535 4026980
7 1536 3682344
7 1537 8414965
7 1538 3691983
7 1539 10001129
7 1540 8362696
7 1541 9983266
7 1542 3695542
7 1543 8574903
7 1544 3710356
7 1545 4028969
7 1546 8548992
7 1547 4065922
7 1548 3728326
7 1549 10083896
7 1550 3689027
7 1551 4062591
7 1552 9918367
7 1553 4027365
7 1554 8282330
7 1555 10002774
7 1556 8404146
7 1557 4030983
7 1558 9912211
7 1559 4014239
7 1560 3515774
7 1561 3619490
7 1562 3515166
7 1563 8278785
7 1564 3635989
7 1565 8127635
7 1566 3514871
7 1567 3612466
7 1568 3540786
7 1569 9839400
7 1570 3631631
7 1571 9840990
7 1572 3540866
7 1573 8299438
7 1574 3514751
7 1575 9840568
7 1576 8164949
7 1577 9840670
7 1578 3627152
7 1579 8299432
7 1580 3632826
7 1581 9839916
7 1582 8164600
7 1583 9822783
7 1584 3545418
7 1585 3650960
7 1586 3545200
7 1587 8443687
7 1588 3656618
7 1589 8379462
7 1590 3551894
7 1591 3669109
7 1592 3551225
7 1593 3558275
7 1594 3687165
7 1595 3569485
7 1596 3582983
7 1597 8549989
7 1598 3554791
7 1599 3567477
7 1600 8432503
7 1601 3587856
7 1602 3684261
7 1603 8497480
7 1604 3703649
7 1605 3587524
7 1606 8409576
7 1607 3569634
7 1608 3560286
7 1609 3658549
7 1610 3589160
7 1611 9986213
7 1612 3696449
7 1613 9983305
7 1614 3551834
7 1615 3668902
7 1616 3551196
7 1617 3563029
7 1618 3684057
7 1619 3559164
7 1620 3584299
7 1621 10006863
7 1622 3568592
7 1623 3592886
7 1624 9920288
7 1625 3578697
7 1626 3704499
7 1627 10075578
7 1628 3713104
7 1629 3592652
7 1630 9925014
7 1631 3596594
7 1632 3577894
7 1633 8471481
7 1634 3565795
7 1635 10051148
7 1636 8339567
7 1637 10053165
7 1638 3596576
7 1639 8570198
7 1640 3568615
7 1641 3593695
7 1642 8547576
7 1643 3594893
7 1644 3579190
7 1645 10006150
7 1646 3554262
7 1647 3566325
7 1648 9923806
7 1649 3593076
7 1650 8253362
7 1651 10001481
7 1652 8419682
7 1653 3579474
7 1654 9928946
7 1655 3577538
7 1656 3662140
7 1657 8366306
7 1658 3656741
7 1659 9985545
7 1660 8313295
7 1661 9967051
7 1662 3686879
7 1663 8580658
7 1664 3698341
7 1665 3578560
7 1666 8552038
7 1667 3596016
7 1668 3707500
7 1669 10082617
7 1670 3696253
7 1671 3595395
7 1672 9928940
7 1673 3578231
7 1674 8255999
7 1675 9998604
7 1676 8415794
7 1677 3579489
7 1678 9918494
7 1679 3567434
7 1680 3535657
7 1681 3641199
7 1682 3535527
7 1683 8418752
7 1684 3644132
7 1685 8381831
7 1686 3564146
7 1687 3681020
7 1688 3579679
7 1689 3999861
7 1690 3715303
7 1691 4041737
7 1692 3592653
7 1693 8573469
7 1694 3583307
7 1695 4047442
7 1696 8475094
7 1697 4054516
7 1698 3693275
7 1699 8530033
7 1700 3720559
7 1701 4051358
7 1702 8470361
7 1703 4048859
7 1704 3535479
7 1705 3642144
7 1706 3535344
7 1707 8416501
7 1708 3645365
7 1709 8373168
7 1710 3561747
7 1711 3676117
7 1712 3566367
7 1713 3576471
7 1714 3696657
7 1715 3583589
7 1716 3580008
7 1717 8558506
7 1718 3567837
7 1719 3581217
7 1720 8457353
7 1721 3590212
7 1722 3677047
7 1723 8500172
7 1724 3702780
7 1725 3591269
7 1726 8449357
7 1727 3582887
7 1728 3538096
7 1729 3655111
7 1730 3563998
7 1731 3985605
7 1732 3698688
7 1733 4033072
7 1734 3538103
7 1735 3655458
7 1736 3563156
7 1737 3579090
7 1738 3681824
7 1739 3584747
7 1740 3536060
7 1741 3913094
7 1742 3536060
7 1743 3570654
7 1744 3884841
7 1745 3536278
7 1746 3689934
7 1747 4059297
7 1748 3690688
7 1749 3609238
7 1750 4012082
7 1751 3559102
7 1752 3590808
7 1753 8566308
7 1754 3598194
7 1755 4086360
7 1756 8555463
7 1757 4097727
7 1758 3592621
7 1759 8566245
7 1760 3593246
7 1761 3622223
7 1762 8549597
7 1763 3629945
7 1764 3553734
7 1765 4051201
7 1766 3553720
7 1767 3595036
7 1768 4019923
7 1769 3559235
7 1770 8416755
7 1771 4079634
7 1772 8417587
7 1773 3613425
7 1774 4048082
7 1775 3578796
7 1776 3685100
7 1777 8560336
7 1778 3724221
7 1779 4085537
7 1780 8538017
7 1781 4087159
7 1782 3687439
7 1783 8562614
7 1784 3717221
7 1785 3619324
7 1786 8510572
7 1787 3613802
7 1788 3707681
7 1789 4076639
7 1790 3707673
7 1791 3628230
7 1792 4037958
7 1793 3577998
7 1794 8415106
7 1795 4085735
7 1796 8415089
7 1797 3614301
7 1798 4036791
7 1799 3561030
7 1800 3568747
7 1801 3686077
7 1802 3597669
7 1803 9960299
7 1804 3717099
7 1805 9946189
7 1806 3577393
7 1807 3686001
7 1808 3605157
7 1809 4045021
7 1810 3709979
7 1811 4069140
7 1812 3598165
7 1813 10059317
7 1814 3607940
7 1815 4065017
7 1816 9996296
7 1817 4065445
7 1818 3719453
7 1819 10063565
7 1820 3731838
7 1821 4064259
7 1822 9997424
7 1823 4074459
7 1824 3576138
7 1825 3691437
7 1826 3596817
7 1827 9959775
7 1828 3714562
7 1829 9945659
7 1830 3562482
7 1831 3663489
7 1832 3577818
7 1833 3587979
7 1834 3692543
7 1835 3596051
7 1836 3608051
7 1837 10065909
7 1838 3593034
7 1839 3615190
7 1840 10002024
7 1841 3624421
7 1842 3727785
7 1843 10064792
7 1844 3718219
7 1845 3622924
7 1846 9999593
7 1847 3627105
7 1848 3554274
7 1849 3672557
7 1850 3581185
7 1851 4050488
7 1852 3703662
7 1853 4046181
7 1854 3551363
7 1855 3652775
7 1856 3577198
7 1857 3594830
7 1858 3678991
7 1859 3594894
7 1860 3552482
7 1861 4007801
7 1862 3552276
7 1863 3591327
7 1864 3996364
7 1865 3557428
7 1866 3691983
7 1867 4059846
7 1868 3685799
7 1869 3607857
7 1870 4000317
7 1871 3557764
7 1872 3570507
7 1873 9958235
7 1874 3593214
7 1875 4063622
7 1876 9966595
7 1877 4035137
7 1878 3581781
7 1879 9960283
7 1880 3577614
7 1881 3612839
7 1882 9982103
7 1883 3603011
7 1884 3563751
7 1885 4053558
7 1886 3562497
7 1887 3606176
7 1888 4024775
7 1889 3582875
7 1890 9822783
7 1891 4012324
7 1892 9830933
7 1893 3581420
7 1894 3995307
7 1895 3568004
7 1896 3702726
7 1897 10042340
7 1898 3727448
7 1899 4065875
7 1900 10047398
7 1901 4091195
7 1902 3714642
7 1903 10043501
7 1904 3722839
7 1905 3619926
7 1906 10051922
7 1907 3641979
7 1908 3717681
7 1909 4056178
7 1910 3706034
7 1911 3635220
7 1912 4024239
7 1913 3582968
7 1914 9839605
7 1915 4060142
7 1916 9845146
7 1917 3605620
7 1918 4042678
7 1919 3587338
7 1920 3585991
7 1921 8541138
7 1922 3587943
7 1923 10074844
7 1924 8392611
7 1925 10071896
7 1926 3607131
7 1927 8610707
7 1928 3601282
7 1929 4098853
7 1930 8631367
7 1931 4112743
7 1932 3610661
7 1933 10094753
7 1934 3588026
7 1935 4095879
7 1936 10073816
7 1937 4092875
7 1938 8378146
7 1939 10079219
7 1940 8548789
7 1941 4077812
7 1942 10074830
7 1943 4078936
7 1944 3585976
7 1945 8528609
7 1946 3584461
7 1947 10074541
7 1948 8382771
7 1949 10070516
7 1950 3607421
7 1951 8607405
7 1952 3592757
7 1953 3622178
7 1954 8617013
7 1955 3638662
7 1956 3595095
7 1957 10092346
7 1958 3587586
7 1959 3612853
7 1960 10085720
7 1961 3635925
7 1962 8363386
7 1963 10089699
7 1964 8550763
7 1965 3621114
7 1966 10091052
7 1967 3620878
7 1968 3601194
7 1969 8581519
7 1970 3607857
7 1971 4108746
7 1972 8596115
7 1973 4105266
7 1974 3598812
7 1975 8561567
7 1976 3604533
7 1977 3635281
7 1978 8571400
7 1979 3638584
7 1980 3564073
7 1981 4073039
7 1982 3563694
7 1983 3608043
7 1984 4057233
7 1985 3585704
7 1986 8567848
7 1987 4102023
7 1988 8564859
7 1989 3633738
7 1990 4047395
7 1991 3585291
7 1992 3585551
7 1993 9973504
7 1994 3593360
7 1995 4094883
7 1996 9984880
7 1997 4084247
7 1998 3588411
7 1999 9973495
7 2000 3589098
7 2001 3622055
7 2002 9997452
7 2003 3630544
7 2004 3555069
7 2005 4064865
7 2006 3552590
7 2007 3594176
7 2008 4035836
7 2009 3560797
7 2010 9840286
7 2011 4063765
7 2012 9845741
7 2013 3606616
7 2014 4044093
7 2015 3585954
7 2016 8231476
7 2017 9957991
7 2018 8439137
7 2019 4064709
7 2020 9983067
7 2021 4065067
7 2022 8235978
7 2023 9959924
7 2024 8442224
7 2025 3603205
7 2026 9989987
7 2027 3607934
7 2028 8417250
7 2029 4074965
7 2030 8400239
7 2031 3618884
7 2032 4030496
7 2033 3570400
7 2034 9841685
7 2035 4064223
7 2036 9850884
7 2037 3603048
7 2038 4029946
7 2039 3568453
7 2040 3673776
7 2041 8390123
7 2042 3677723
7 2043 9978095
7 2044 8367642
7 2045 9961743
7 2046 3695879
7 2047 8587196
7 2048 3716080
7 2049 4062428
7 2050 8582429
7 2051 4089638
7 2052 3730128
7 2053 10092510
7 2054 3692476
7 2055 4084920
7 2056 10002650
7 2057 4066041
7 2058 8389332
7 2059 10067320
7 2060 8523777
7 2061 4066582
7 2062 9999900
7 2063 4052807
7 2064 3672295
7 2065 8371599
7 2066 3670409
7 2067 9976364
7 2068 8355950
7 2069 9959529
7 2070 3695610
7 2071 8600626
7 2072 3711015
7 2073 3601357
7 2074 8581226
7 2075 3614386
7 2076 3702456
7 2077 10099397
7 2078 3709665
7 2079 3611001
7 2080 10022213
7 2081 3609717
7 2082 8353956
7 2083 10061533
7 2084 8540167
7 2085 3608986
7 2086 10016369
7 2087 3598753
7 2088 3693278
7 2089 8594768
7 2090 3723039
7 2091 4084471
7 2092 8614553
7 2093 4098436
7 2094 3688272
7 2095 8578029
7 2096 3718675
7 2097 3621282
7 2098 8592275
7 2099 3626695
7 2100 3700151
7 2101 4066640
7 2102 3697834
7 2103 3622278
7 2104 4019324
7 2105 3568517
7 2106 8571549
7 2107 4104975
7 2108 8568510
7 2109 3634407
7 2110 4059069
7 2111 3586800
7 2112 3718277
7 2113 10072050
7 2114 3725026
7 2115 4107533
7 2116 10050165
7 2117 4090473
7 2118 3720874
7 2119 10072174
7 2120 3721225
7 2121 3640506
7 2122 10066801
7 2123 3636112
7 2124 3697359
7 2125 4088160
7 2126 3677139
7 2127 3623636
7 2128 4057975
7 2129 3586741
7 2130 9840568
7 2131 4061775
7 2132 9850153
7 2133 3602024
7 2134 4029159
7 2135 3569263
7 2136 8244728
7 2137 9962546
7 2138 8442714
7 2139 4069477
7 2140 9984475
7 2141 4066998
7 2142 8242478
7 2143 9963057
7 2144 8455081
7 2145 3606948
7 2146 9994019
7 2147 3610277
7 2148 8415376
7 2149 4077168
7 2150 8395387
7 2151 3618661
7 2152 4032809
7 2153 3570422
7 2154 9839400
7 2155 4061549
7 2156 9847548
7 2157 3601911
7 2158 4019877
7 2159 3559816
7 2160 2710375
7 2161 4202862
7 2162 2710305
7 2163 6139040
7 2164 4204622
7 2165 6110725
7 2166 2763607
7 2167 4416662
7 2168 2776872
7 2169 4597440
7 2170 4403997
7 2171 4633234
7 2172 2787748
7 2173 6265040
7 2174 2774128
7 2175 4632859
7 2176 6145745
7 2177 4621748
7 2178 4269361
7 2179 6252855
7 2180 4405316
7 2181 4617854
7 2182 6146195
7 2183 4616664
7 2184 2735014
7 2185 4227201
7 2186 2734938
7 2187 6162495
7 2188 4229199
7 2189 6131609
7 2190 2769240
7 2191 4444807
7 2192 2772726
7 2193 3202293
7 2194 4424157
7 2195 3230239
7 2196 2792414
7 2197 6280751
7 2198 2776506
7 2199 3221901
7 2200 6167749
7 2201 3229113
7 2202 4277218
7 2203 6254384
7 2204 4428516
7 2205 3229446
7 2206 6167293
7 2207 3230105
7 2208 2747767
7 2209 4449896
7 2210 2772921
7 2211 4632316
7 2212 4473502
7 2213 4656599
7 2214 2768329
7 2215 4447945
7 2216 2796401
7 2217 3244208
7 2218 4453513
7 2219 3253587
7 2220 2777952
7 2221 4642537
7 2222 2783095
7 2223 3265910
7 2224 4636706
7 2225 3216098
7 2226 4458475
7 2227 4708125
7 2228 4457261
7 2229 3290135
7 2230 4672891
7 2231 3229389
7 2232 2771277
7 2233 6267196
7 2234 2800117
7 2235 4666390
7 2236 6235552
7 2237 4651614
7 2238 2801717
7 2239 6280715
7 2240 2797791
7 2241 3266334
7 2242 6264575
7 2243 3257978
7 2244 2780746
7 2245 4672965
7 2246 2782156
7 2247 3269955
7 2248 4672223
7 2249 3222163
7 2250 6143236
7 2251 4682852
7 2252 6147175
7 2253 3255495
7 2254 4660686
7 2255 3224362
7 2256 4257330
7 2257 6260136
7 2258 4442199
7 2259 4681645
7 2260 6260727
7 2261 4688180
7 2262 4283701
7 2263 6274308
7 2264 4460058
7 2265 3254162
7 2266 6257183
7 2267 3268468
7 2268 4452474
7 2269 4686464
7 2270 4433024
7 2271 3288179
7 2272 4660739
7 2273 3225134
7 2274 6146486
7 2275 4687716
7 2276 6148780
7 2277 3261634
7 2278 4659058
7 2279 3223050
7 2280 2735225
7 2281 4227512
7 2282 2735151
7 2283 6163037
7 2284 4229367
7 2285 6133058
7 2286 2766596
7 2287 4420400
7 2288 2778562
7 2289 4614924
7 2290 4406370
7 2291 4641341
7 2292 2791925
7 2293 6269022
7 2294 2773298
7 2295 4635749
7 2296 6146699
7 2297 4621291
7 2298 4275215
7 2299 6256379
7 2300 4404766
7 2301 4621443
7 2302 6146504
7 2303 4613630
7 2304 2711607
7 2305 4206086
7 2306 2711589
7 2307 6148700
7 2308 4206902
7 2309 6133989
7 2310 2742342
7 2311 4424129
7 2312 2742383
7 2313 2737862
7 2314 4398450
7 2315 2743573
7 2316 2768271
7 2317 6265422
7 2318 2744908
7 2319 2742441
7 2320 6148199
7 2321 2746462
7 2322 4253801
7 2323 6254000
7 2324 4403225
7 2325 2745718
7 2326 6146870
7 2327 2743796
7 2328 2775988
7 2329 4488412
7 2330 2803054
7 2331 4677334
7 2332 4503424
7 2333 4685047
7 2334 2746434
7 2335 4458189
7 2336 2766946
7 2337 2768983
7 2338 4460288
7 2339 2770404
7 2340 2785731
7 2341 4652606
7 2342 2776843
7 2343 2800419
7 2344 4627694
7 2345 2773677
7 2346 4467778
7 2347 4711159
7 2348 4464349
7 2349 2822537
7 2350 4659224
7 2351 2781193
7 2352 2802265
7 2353 6299452
7 2354 2807667
7 2355 4696344
7 2356 6263349
7 2357 4700589
7 2358 2796196
7 2359 6279032
7 2360 2774223
7 2361 2792994
7 2362 6256136
7 2363 2793645
7 2364 2786191
7 2365 4659123
7 2366 2776508
7 2367 2798692
7 2368 4631662
7 2369 2777237
7 2370 6151530
7 2371 4685329
7 2372 6167484
7 2373 2798306
7 2374 4667875
7 2375 2779393
7 2376 4286689
7 2377 6282853
7 2378 4446761
7 2379 4679575
7 2380 6263568
7 2381 4674434
7 2382 4282281
7 2383 6298827
7 2384 4444565
7 2385 2795378
7 2386 6268929
7 2387 2800437
7 2388 4467421
7 2389 4704981
7 2390 4459641
7 2391 2822415
7 2392 4665547
7 2393 2779508
7 2394 6154824
7 2395 4685578
7 2396 6168088
7 2397 2801964
7 2398 4664313
7 2399 2776795
7 2400 2712819
7 2401 4207298
7 2402 2712801
7 2403 6149962
7 2404 4208164
7 2405 6135201
7 2406 2745865
7 2407 4424677
7 2408 2754604
7 2409 3207444
7 2410 4405449
7 2411 3217756
7 2412 2771263
7 2413 6269606
7 2414 2751186
7 2415 3209821
7 2416 6154209
7 2417 3215908
7 2418 4257150
7 2419 6261580
7 2420 4405156
7 2421 3216153
7 2422 6151211
7 2423 3210696
7 2424 2710062
7 2425 4202549
7 2426 2709992
7 2427 6139040
7 2428 4204622
7 2429 6110445
7 2430 2744453
7 2431 4425878
7 2432 2745184
7 2433 2741546
7 2434 4401002
7 2435 2744047
7 2436 2766150
7 2437 6259827
7 2438 2744990
7 2439 2741727
7 2440 6145953
7 2441 2747074
7 2442 4251218
7 2443 6230969
7 2444 4403183
7 2445 2747070
7 2446 6142836
7 2447 2742478
7 2448 2745820
7 2449 4453606
7 2450 2772479
7 2451 3235357
7 2452 4459806
7 2453 3245461
7 2454 2745719
7 2455 4451420
7 2456 2772160
7 2457 2774252
7 2458 4450299
7 2459 2775428
7 2460 2748459
7 2461 3218455
7 2462 2748457
7 2463 2776311
7 2464 3188600
7 2465 2738063
7 2466 4432519
7 2467 3269979
7 2468 4433054
7 2469 2802706
7 2470 3213301
7 2471 2743810
7 2472 2775740
7 2473 6277902
7 2474 2779464
7 2475 3250487
7 2476 6262684
7 2477 3263419
7 2478 2779108
7 2479 6275289
7 2480 2775223
7 2481 2795879
7 2482 6257218
7 2483 2800090
7 2484 2748292
7 2485 3218547
7 2486 2748136
7 2487 2775852
7 2488 3187791
7 2489 2737669
7 2490 6146030
7 2491 3245982
7 2492 6145659
7 2493 2780967
7 2494 3213503
7 2495 2746725
7 2496 4260014
7 2497 6277485
7 2498 4444017
7 2499 3252406
7 2500 6263340
7 2501 3247428
7 2502 4262918
7 2503 6275092
7 2504 4442616
7 2505 2783684
7 2506 6235716
7 2507 2780398
7 2508 4431622
7 2509 3267133
7 2510 4427591
7 2511 2805392
7 2512 3215219
7 2513 2746881
7 2514 6146470
7 2515 3243716
7 2516 6145582
7 2517 2780654
7 2518 3209814
7 2519 2743854
7 2520 2743895
7 2521 4452481
7 2522 2801217
7 2523 4657477
7 2524 4496401
7 2525 4663914
7 2526 2771973
7 2527 4486321
7 2528 2806122
7 2529 3257406
7 2530 4503261
7 2531 3268610
7 2532 2774924
7 2533 4518787
7 2534 2800501
7 2535 3262957
7 2536 4635578
7 2537 3242385
7 2538 4491591
7 2539 4686315
7 2540 4507027
7 2541 3297059
7 2542 4665254
7 2543 3255121
7 2544 2772133
7 2545 4487984
7 2546 2803591
7 2547 4660168
7 2548 4505479
7 2549 4665953
7 2550 2744975
7 2551 4459082
7 2552 2773159
7 2553 2775684
7 2554 4471220
7 2555 2777285
7 2556 2805326
7 2557 4657030
7 2558 2774252
7 2559 2798446
7 2560 4665064
7 2561 2800928
7 2562 4504840
7 2563 4709321
7 2564 4494791
7 2565 2826126
7 2566 4690356
7 2567 2805742
7 2568 2746261
7 2569 4461033
7 2570 2780329
7 2571 3247277
7 2572 4481114
7 2573 3247489
7 2574 2742164
7 2575 4424173
7 2576 2772294
7 2577 2775370
7 2578 4436621
7 2579 2775713
7 2580 2772369
7 2581 3241486
7 2582 2772037
7 2583 2800414
7 2584 3226987
7 2585 2769497
7 2586 4472417
7 2587 3276318
7 2588 4460440
7 2589 2807734
7 2590 3240529
7 2591 2772718
7 2592 2743872
7 2593 4602195
7 2594 2772391
7 2595 3248773
7 2596 4484124
7 2597 3212676
7 2598 2772458
7 2599 4623432
7 2600 2744955
7 2601 2775726
7 2602 4623471
7 2603 2771474
7 2604 2746436
7 2605 3231638
7 2606 2743652
7 2607 2776277
7 2608 3215189
7 2609 2767394
7 2610 4427954
7 2611 3178824
7 2612 4560478
7 2613 2732183
7 2614 3161660
7 2615 2733546
7 2616 4452034
7 2617 4700530
7 2618 4468634
7 2619 3297168
7 2620 4667983
7 2621 3279982
7 2622 4468966
7 2623 4712932
7 2624 4460432
7 2625 2828120
7 2626 4724578
7 2627 2828376
7 2628 4462125
7 2629 3290477
7 2630 4447679
7 2631 2833161
7 2632 3281245
7 2633 2815897
7 2634 4576857
7 2635 3225666
7 2636 4641719
7 2637 2767586
7 2638 3218958
7 2639 2767991
7 2640 2768366
7 2641 6241250
7 2642 2804529
7 2643 4660893
7 2644 6268868
7 2645 4686657
7 2646 2800767
7 2647 6270552
7 2648 2806055
7 2649 3264615
7 2650 6276417
7 2651 3291508
7 2652 2803823
7 2653 4662474
7 2654 2808160
7 2655 3295302
7 2656 4674073
7 2657 3267795
7 2658 6229859
7 2659 4647700
7 2660 6252859
7 2661 3261648
7 2662 4686000
7 2663 3266308
7 2664 2797957
7 2665 6271945
7 2666 2806355
7 2667 4688275
7 2668 6272546
7 2669 4678262
7 2670 2797309
7 2671 6270332
7 2672 2774313
7 2673 2796914
7 2674 6265528
7 2675 2820023
7 2676 2810503
7 2677 4681007
7 2678 2800616
7 2679 2824758
7 2680 4678283
7 2681 2825829
7 2682 6259983
7 2683 4698437
7 2684 6252457
7 2685 2799730
7 2686 4680047
7 2687 2824478
7 2688 2799156
7 2689 6271630
7 2690 2800351
7 2691 3283718
7 2692 6279861
7 2693 3280457
7 2694 2797604
7 2695 6240939
7 2696 2798664
7 2697 2821883
7 2698 6244194
7 2699 2825398
7 2700 2773070
7 2701 3247013
7 2702 2771865
7 2703 2801921
7 2704 3237873
7 2705 2787638
7 2706 6253991
7 2707 3281548
7 2708 6250079
7 2709 2827098
7 2710 3236168
7 2711 2787522
7 2712 2773979
7 2713 4676550
7 2714 2786366
7 2715 3279097
7 2716 4620596
7 2717 3249880
7 2718 2786649
7 2719 4687953
7 2720 2774650
7 2721 2806370
7 2722 4701289
7 2723 2807149
7 2724 2774871
7 2725 3271643
7 2726 2770848
7 2727 2803891
7 2728 3261628
7 2729 2796182
7 2730 4555838
7 2731 3214528
7 2732 4640304
7 2733 2765348
7 2734 3209500
7 2735 2765780
7 2736 6111017
7 2737 4628151
7 2738 6134668
7 2739 3235594
7 2740 4634006
7 2741 3244211
7 2742 6135861
7 2743 4632049
7 2744 6132014
7 2745 2771362
7 2746 4657364
7 2747 2801897
7 2748 6133468
7 2749 3232678
7 2750 6111297
7 2751 2799466
7 2752 3214609
7 2753 2766814
7 2754 4579819
7 2755 3217891
7 2756 4656955
7 2757 2768731
7 2758 3214275
7 2759 2769078
7 2760 4255113
7 2761 6258309
7 2762 4446414
7 2763 4671588
7 2764 6278007
7 2765 4683275
7 2766 4283696
7 2767 6280157
7 2768 4469876
7 2769 3262131
7 2770 6280516
7 2771 3275818
7 2772 4490471
7 2773 4687552
7 2774 4471584
7 2775 3298088
7 2776 4686912
7 2777 3260235
7 2778 6261693
7 2779 4700950
7 2780 6266554
7 2781 3292899
7 2782 4693867
7 2783 3260495
7 2784 4284161
7 2785 6279687
7 2786 4449275
7 2787 4683202
7 2788 6279718
7 2789 4680413
7 2790 4283451
7 2791 6298560
7 2792 4446616
7 2793 2798136
7 2794 6286587
7 2795 2807100
7 2796 4503095
7 2797 4720203
7 2798 4496166
7 2799 2829427
7 2800 4697688
7 2801 2811997
7 2802 6270998
7 2803 4720500
7 2804 6282717
7 2805 2831262
7 2806 4713073
7 2807 2813014
7 2808 4284981
7 2809 6299865
7 2810 4468994
7 2811 3274441
7 2812 6305484
7 2813 3272692
7 2814 4281049
7 2815 6268293
7 2816 4467285
7 2817 2809653
7 2818 6272027
7 2819 2806967
7 2820 4467028
7 2821 3285067
7 2822 4464707
7 2823 2833273
7 2824 3248985
7 2825 2792058
7 2826 6271947
7 2827 3293912
7 2828 6267934
7 2829 2830526
7 2830 3263760
7 2831 2797152
7 2832 4452774
7 2833 4714920
7 2834 4468578
7 2835 3298929
7 2836 4652364
7 2837 3277249
7 2838 4469876
7 2839 4722712
7 2840 4459147
7 2841 2832279
7 2842 4730652
7 2843 2826172
7 2844 4460202
7 2845 3291982
7 2846 4426836
7 2847 2832871
7 2848 3282145
7 2849 2817493
7 2850 4591723
7 2851 3225594
7 2852 4657473
7 2853 2769421
7 2854 3220286
7 2855 2769774
7 2856 6139678
7 2857 4672595
7 2858 6149407
7 2859 3268258
7 2860 4671987
7 2861 3259457
7 2862 6150648
7 2863 4670720
7 2864 6162944
7 2865 2801293
7 2866 4695894
7 2867 2811187
7 2868 6163488
7 2869 3266555
7 2870 6139678
7 2871 2813229
7 2872 3254913
7 2873 2794062
7 2874 4610726
7 2875 3228844
7 2876 4667036
7 2877 2773532
7 2878 3225896
7 2879 2773755
7 2880 1388772
7 2881 1791600
7 2882 1439569
7 2883 3749766
7 2884 1808260
7 2885 3748714
7 2886 1405431
7 2887 1808203
7 2888 1453927
7 2889 3214720
7 2890 1814828
7 2891 3225940
7 2892 1450996
7 2893 3780057
7 2894 1448573
7 2895 3245398
7 2896 3751450
7 2897 3216260
7 2898 1811529
7 2899 3786362
7 2900 1817743
7 2901 3241707
7 2902 3751645
7 2903 3217349
7 2904 1405540
7 2905 1809453
7 2906 1445137
7 2907 3766238
7 2908 1815756
7 2909 3757417
7 2910 1414219
7 2911 1828998
7 2912 1463197
7 2913 1796218
7 2914 1833380
7 2915 1801524
7 2916 1459953
7 2917 3802766
7 2918 1461827
7 2919 1809411
7 2920 3777042
7 2921 1799524
7 2922 1821378
7 2923 3795943
7 2924 1834623
7 2925 1811752
7 2926 3783561
7 2927 1799529
7 2928 1413137
7 2929 1829057
7 2930 1460618
7 2931 3256544
7 2932 1835369
7 2933 3257322
7 2934 1409030
7 2935 1812938
7 2936 1461435
7 2937 1799652
7 2938 1820918
7 2939 1799905
7 2940 1459518
7 2941 3262683
7 2942 1459796
7 2943 1813559
7 2944 3254435
7 2945 1779279
7 2946 1833367
7 2947 3271190
7 2948 1830717
7 2949 1813182
7 2950 3262358
7 2951 1781938
7 2952 1438455
7 2953 3778288
7 2954 1456070
7 2955 3256645
7 2956 3715999
7 2957 3228598
7 2958 1455708
7 2959 3803324
7 2960 1456907
7 2961 1812533
7 2962 3795124
7 2963 1807332
7 2964 1459514
7 2965 3269161
7 2966 1448882
7 2967 1811584
7 2968 3270483
7 2969 1789186
7 2970 3721357
7 2971 3235245
7 2972 3758521
7 2973 1776427
7 2974 3242072
7 2975 1776836
7 2976 1796704
7 2977 3780656
7 2978 1814749
7 2979 3251481
7 2980 3752180
7 2981 3245839
7 2982 1817088
7 2983 3791161
7 2984 1830307
7 2985 1807771
7 2986 3791518
7 2987 1810270
7 2988 1831407
7 2989 3265738
7 2990 1818770
7 2991 1812440
7 2992 3266968
7 2993 1788798
7 2994 3721586
7 2995 3235992
7 2996 3758326
7 2997 1776750
7 2998 3243410
7 2999 1776396
7 3000 1409164
7 3001 1813074
7 3002 1448243
7 3003 3774857
7 3004 1817408
7 3005 3769487
7 3006 1406898
7 3007 1810810
7 3008 1458680
7 3009 3231442
7 3010 1819642
7 3011 3238475
7 3012 1457402
7 3013 3806533
7 3014 1447883
7 3015 3248310
7 3016 3760821
7 3017 3215840
7 3018 1818662
7 3019 3806547
7 3020 1817455
7 3021 3245198
7 3022 3760487
7 3023 3213816
7 3024 1409682
7 3025 1814793
7 3026 1446997
7 3027 3763246
7 3028 1817609
7 3029 3755124
7 3030 1394006
7 3031 1814663
7 3032 1441010
7 3033 1307474
7 3034 1816576
7 3035 1308125
7 3036 1461399
7 3037 3811942
7 3038 1454914
7 3039 1330809
7 3040 3788106
7 3041 1326736
7 3042 1823115
7 3043 3798808
7 3044 1830883
7 3045 1332577
7 3046 3787160
7 3047 1326255
7 3048 1412038
7 3049 1829213
7 3050 1460840
7 3051 3252591
7 3052 1836192
7 3053 3253427
7 3054 1411253
7 3055 1829569
7 3056 1456255
7 3057 1322750
7 3058 1829472
7 3059 1322876
7 3060 1461616
7 3061 3255124
7 3062 1458484
7 3063 1338537
7 3064 3242770
7 3065 1327447
7 3066 1834107
7 3067 3270441
7 3068 1834301
7 3069 1338800
7 3070 3253212
7 3071 1329280
7 3072 1464127
7 3073 3832531
7 3074 1462460
7 3075 3268018
7 3076 3808540
7 3077 3251365
7 3078 1463794
7 3079 3821201
7 3080 1443452
7 3081 1322232
7 3082 3819931
7 3083 1323514
7 3084 1461059
7 3085 3264922
7 3086 1458469
7 3087 1335391
7 3088 3257448
7 3089 1337161
7 3090 3786558
7 3091 3244359
7 3092 3796582
7 3093 1324377
7 3094 3260122
7 3095 1329157
7 3096 1824188
7 3097 3827003
7 3098 1822912
7 3099 3269326
7 3100 3799910
7 3101 3253365
7 3102 1824924
7 3103 3820442
7 3104 1821307
7 3105 1321710
7 3106 3820654
7 3107 1334773
7 3108 1834247
7 3109 3267312
7 3110 1834160
7 3111 1338915
7 3112 3264474
7 3113 1337044
7 3114 3786905
7 3115 3244780
7 3116 3795479
7 3117 1324462
7 3118 3261917
7 3119 1328645
7 3120 1407407
7 3121 1812522
7 3122 1446273
7 3123 3761523
7 3124 1817177
7 3125 3750404
7 3126 1413141
7 3127 1829173
7 3128 1463325
7 3129 1797182
7 3130 1833439
7 3131 1801069
7 3132 1460541
7 3133 3796196
7 3134 1460668
7 3135 1808569
7 3136 3785678
7 3137 1799924
7 3138 1822951
7 3139 3796635
7 3140 1834354
7 3141 1809688
7 3142 3779383
7 3143 1795701
7 3144 1406604
7 3145 1809378
7 3146 1443189
7 3147 3756308
7 3148 1813191
7 3149 3733584
7 3150 1411178
7 3151 1829333
7 3152 1456354
7 3153 1322230
7 3154 1830529
7 3155 1323220
7 3156 1458793
7 3157 3809282
7 3158 1456531
7 3159 1332802
7 3160 3785169
7 3161 1327963
7 3162 1819250
7 3163 3775828
7 3164 1833591
7 3165 1336607
7 3166 3780705
7 3167 1324191
7 3168 1393338
7 3169 1811548
7 3170 1445361
7 3171 1784789
7 3172 1820701
7 3173 1786345
7 3174 1392800
7 3175 1808840
7 3176 1442521
7 3177 1310156
7 3178 1812345
7 3179 1310248
7 3180 1440435
7 3181 1790921
7 3182 1440249
7 3183 1322356
7 3184 1779228
7 3185 1303196
7 3186 1815524
7 3187 1799151
7 3188 1815787
7 3189 1324440
7 3190 1784467
7 3191 1303881
7 3192 1456804
7 3193 3802606
7 3194 1461544
7 3195 1813375
7 3196 3788250
7 3197 1813345
7 3198 1460425
7 3199 3810806
7 3200 1458897
7 3201 1338326
7 3202 3819220
7 3203 1341240
7 3204 1440767
7 3205 1794299
7 3206 1437881
7 3207 1322066
7 3208 1789953
7 3209 1312864
7 3210 3754932
7 3211 1803328
7 3212 3780417
7 3213 1329386
7 3214 1794278
7 3215 1317731
7 3216 1819521
7 3217 3797542
7 3218 1836760
7 3219 1813991
7 3220 3798220
7 3221 1810754
7 3222 1822172
7 3223 3799474
7 3224 1835878
7 3225 1339894
7 3226 3797479
7 3227 1338842
7 3228 1819720
7 3229 1805932
7 3230 1814945
7 3231 1336249
7 3232 1791789
7 3233 1315612
7 3234 3754230
7 3235 1802694
7 3236 3779358
7 3237 1329087
7 3238 1791676
7 3239 1315343
7 3240 1393216
7 3241 1810397
7 3242 1444898
7 3243 3222194
7 3244 1820142
7 3245 3223031
7 3246 1398092
7 3247 1815271
7 3248 1450045
7 3249 1786186
7 3250 1822723
7 3251 1787937
7 3252 1444480
7 3253 3234381
7 3254 1445607
7 3255 1799526
7 3256 3241466
7 3257 1768203
7 3258 1817479
7 3259 3251540
7 3260 1821263
7 3261 1799985
7 3262 3235381
7 3263 1766298
7 3264 1397824
7 3265 1812608
7 3266 1443064
7 3267 3221056
7 3268 1817605
7 3269 3219083
7 3270 1392946
7 3271 1810015
7 3272 1442683
7 3273 1310127
7 3274 1814872
7 3275 1310317
7 3276 1447848
7 3277 3255886
7 3278 1443762
7 3279 1324517
7 3280 3247926
7 3281 1316427
7 3282 1821323
7 3283 3258132
7 3284 1819594
7 3285 1326035
7 3286 3246752
7 3287 1314363
7 3288 1393502
7 3289 1814159
7 3290 1445164
7 3291 1785341
7 3292 1821862
7 3293 1784011
7 3294 1386679
7 3295 1789568
7 3296 1436522
7 3297 1305857
7 3298 1794538
7 3299 1305818
7 3300 1439014
7 3301 1791847
7 3302 1437554
7 3303 1320386
7 3304 1781248
7 3305 1301889
7 3306 1816609
7 3307 1797035
7 3308 1809546
7 3309 1320401
7 3310 1780799
7 3311 1301785
7 3312 1437233
7 3313 3228442
7 3314 1441842
7 3315 1794798
7 3316 3224406
7 3317 1772719
7 3318 1441605
7 3319 3233418
7 3320 1435764
7 3321 1319715
7 3322 3256280
7 3323 1321026
7 3324 1438060
7 3325 1792145
7 3326 1433513
7 3327 1319501
7 3328 1792397
7 3329 1314728
7 3330 3190250
7 3331 1758385
7 3332 3215827
7 3333 1300194
7 3334 1756177
7 3335 1300201
7 3336 1811574
7 3337 3236220
7 3338 1815965
7 3339 1797430
7 3340 3240282
7 3341 1777283
7 3342 1815541
7 3343 3238063
7 3344 1814041
7 3345 1323328
7 3346 3258933
7 3347 1325050
7 3348 1815689
7 3349 1796546
7 3350 1806627
7 3351 1325713
7 3352 1791821
7 3353 1314692
7 3354 3189646
7 3355 1757994
7 3356 3215194
7 3357 1300142
7 3358 1755786
7 3359 1300148
7 3360 1431553
7 3361 3751406
7 3362 1450676
7 3363 3233956
7 3364 3740934
7 3365 3224145
7 3366 1450565
7 3367 3778230
7 3368 1459510
7 3369 1810068
7 3370 3785564
7 3371 1807570
7 3372 1458221
7 3373 3259868
7 3374 1454908
7 3375 1810688
7 3376 3262525
7 3377 1791039
7 3378 3682281
7 3379 3220287
7 3380 3747480
7 3381 1781791
7 3382 3237703
7 3383 1783546
7 3384 1454535
7 3385 3790641
7 3386 1451846
7 3387 3245686
7 3388 3777115
7 3389 3216899
7 3390 1454578
7 3391 3779144
7 3392 1435808
7 3393 1316646
7 3394 3793945
7 3395 1333908
7 3396 1456802
7 3397 3256788
7 3398 1455389
7 3399 1334289
7 3400 3261344
7 3401 1339167
7 3402 3790805
7 3403 3238994
7 3404 3791731
7 3405 1318745
7 3406 3244983
7 3407 1335457
7 3408 1452186
7 3409 3774830
7 3410 1456487
7 3411 1809898
7 3412 3784881
7 3413 1806206
7 3414 1450257
7 3415 3774624
7 3416 1453792
7 3417 1334128
7 3418 3791454
7 3419 1337008
7 3420 1433851
7 3421 1790444
7 3422 1433504
7 3423 1317794
7 3424 1790609
7 3425 1312410
7 3426 3764097
7 3427 1808906
7 3428 3786475
7 3429 1337740
7 3430 1786422
7 3431 1314086
7 3432 1435675
7 3433 3229552
7 3434 1441250
7 3435 1793923
7 3436 3234519
7 3437 1773987
7 3438 1440562
7 3439 3234611
7 3440 1435263
7 3441 1318122
7 3442 3258759
7 3443 1322630
7 3444 1436338
7 3445 1791190
7 3446 1422724
7 3447 1315661
7 3448 1790225
7 3449 1311704
7 3450 3201526
7 3451 1767303
7 3452 3229480
7 3453 1309702
7 3454 1765046
7 3455 1309710
7 3456 3642133
7 3457 3188870
7 3458 3704195
7 3459 1767957
7 3460 3208116
7 3461 1769140
7 3462 3736257
7 3463 3187007
7 3464 3738062
7 3465 1296887
7 3466 3210910
7 3467 1320179
7 3468 3717874
7 3469 1766995
7 3470 3724569
7 3471 1320179
7 3472 1747826
7 3473 1296898
7 3474 3166352
7 3475 1751155
7 3476 3207965
7 3477 1296902
7 3478 1748464
7 3479 1296982
7 3480 1793322
7 3481 3771786
7 3482 1812903
7 3483 3229133
7 3484 3767530
7 3485 3230570
7 3486 1813889
7 3487 3782036
7 3488 1832130
7 3489 1806748
7 3490 3792966
7 3491 1807725
7 3492 1831955
7 3493 3251942
7 3494 1818688
7 3495 1809660
7 3496 3265488
7 3497 1790755
7 3498 3731593
7 3499 3243713
7 3500 3779520
7 3501 1788323
7 3502 3253321
7 3503 1787911
7 3504 1818134
7 3505 3806300
7 3506 1815584
7 3507 3243564
7 3508 3794821
7 3509 3227457
7 3510 1819125
7 3511 3802974
7 3512 1815123
7 3513 1318069
7 3514 3812361
7 3515 1335819
7 3516 1831827
7 3517 3259205
7 3518 1831564
7 3519 1336242
7 3520 3256737
7 3521 1339027
7 3522 3806853
7 3523 3250007
7 3524 3815049
7 3525 1332687
7 3526 3267627
7 3527 1340031
7 3528 1816388
7 3529 3798594
7 3530 1831730
7 3531 1808680
7 3532 3795557
7 3533 1807990
7 3534 1814314
7 3535 3795587
7 3536 1831513
7 3537 1336292
7 3538 3814834
7 3539 1337652
7 3540 1812801
7 3541 1800637
7 3542 1810187
7 3543 1332760
7 3544 1788266
7 3545 1313665
7 3546 3773897
7 3547 1810414
7 3548 3798187
7 3549 1337955
7 3550 1798780
7 3551 1324730
7 3552 1811417
7 3553 3246945
7 3554 1816989
7 3555 1803993
7 3556 3241532
7 3557 1784511
7 3558 1814556
7 3559 3251625
7 3560 1811549
7 3561 1331184
7 3562 3273278
7 3563 1332482
7 3564 1815376
7 3565 1803127
7 3566 1795106
7 3567 1330736
7 3568 1800678
7 3569 1324190
7 3570 3201605
7 3571 1767743
7 3572 3229895
7 3573 1309773
7 3574 1765482
7 3575 1309783
7 3576 3671051
7 3577 3203038
7 3578 3717809
7 3579 1773883
7 3580 3223554
7 3581 1773509
7 3582 3737594
7 3583 3200587
7 3584 3745397
7 3585 1308707
7 3586 3226422
7 3587 1324531
7 3588 3732533
7 3589 1773467
7 3590 3731680
7 3591 1324531
7 3592 1761766
7 3593 1308707
7 3594 3190872
7 3595 1763593
7 3596 3227336
7 3597 1308643
7 3598 1761778
7 3599 1308719
7 3600 962024
7 3601 2033612
7 3602 965137
7 3603 3473571
7 3604 2019542
7 3605 3471822
7 3606 965218
7 3607 2036984
7 3608 968540
7 3609 2911315
7 3610 2038592
7 3611 2921935
7 3612 968686
7 3613 3483462
7 3614 965533
7 3615 2917278
7 3616 3467065
7 3617 2903218
7 3618 2016418
7 3619 3461976
7 3620 2016731
7 3621 2891389
7 3622 3462286
7 3623 2892342
7 3624 965218
7 3625 2037123
7 3626 965299
7 3627 3476810
7 3628 2020559
7 3629 3472844
7 3630 970880
7 3631 2049799
7 3632 968652
7 3633 1471179
7 3634 2051847
7 3635 1476475
7 3636 971084
7 3637 3495259
7 3638 971429
7 3639 1476543
7 3640 3496124
7 3641 1477545
7 3642 2025351
7 3643 3488462
7 3644 2049150
7 3645 1473878
7 3646 3499523
7 3647 1475437
7 3648 970648
7 3649 2048863
7 3650 971080
7 3651 2945460
7 3652 2051077
7 3653 2946331
7 3654 965607
7 3655 2034779
7 3656 971568
7 3657 1476016
7 3658 2039936
7 3659 1478295
7 3660 968767
7 3661 2942226
7 3662 968716
7 3663 1477230
7 3664 2941686
7 3665 1455795
7 3666 2049391
7 3667 2951671
7 3668 2045955
7 3669 1477449
7 3670 2947314
7 3671 1457572
7 3672 968476
7 3673 3483682
7 3674 971099
7 3675 2943630
7 3676 3468051
7 3677 2925881
7 3678 971263
7 3679 3483934
7 3680 968552
7 3681 1477544
7 3682 3493014
7 3683 1478539
7 3684 968721
7 3685 2942824
7 3686 965058
7 3687 1473988
7 3688 2943500
7 3689 1455845
7 3690 3453337
7 3691 2925604
7 3692 3457985
7 3693 1451893
7 3694 2926234
7 3695 1451255
7 3696 2009932
7 3697 3451276
7 3698 2012702
7 3699 2909483
7 3700 3457598
7 3701 2909132
7 3702 2014008
7 3703 3453331
7 3704 2037503
7 3705 1446612
7 3706 3462038
7 3707 1468471
7 3708 2038141
7 3709 2916969
7 3710 2013136
7 3711 1468469
7 3712 2913857
7 3713 1448099
7 3714 3448412
7 3715 2917812
7 3716 3456225
7 3717 1447949
7 3718 2914728
7 3719 1447549
7 3720 965150
7 3721 2037500
7 3722 965688
7 3723 3477475
7 3724 2020883
7 3725 3473874
7 3726 965303
7 3727 2036994
7 3728 968867
7 3729 2914683
7 3730 2038759
7 3731 2922868
7 3732 968859
7 3733 3484301
7 3734 965527
7 3735 2917358
7 3736 3467160
7 3737 2903530
7 3738 2016431
7 3739 3462443
7 3740 2016136
7 3741 2891748
7 3742 3462241
7 3743 2891911
7 3744 968229
7 3745 2040631
7 3746 968551
7 3747 3479580
7 3748 2021428
7 3749 3474975
7 3750 968315
7 3751 2046331
7 3752 962366
7 3753 995277
7 3754 2047757
7 3755 1001287
7 3756 973794
7 3757 3489415
7 3758 968482
7 3759 998935
7 3760 3489201
7 3761 1004480
7 3762 2023982
7 3763 3483517
7 3764 2051364
7 3765 1001731
7 3766 3491946
7 3767 1002359
7 3768 970786
7 3769 2047470
7 3770 973934
7 3771 2947968
7 3772 2051631
7 3773 2947716
7 3774 971263
7 3775 2050137
7 3776 968241
7 3777 998731
7 3778 2050233
7 3779 1001914
7 3780 971245
7 3781 2937599
7 3782 970948
7 3783 1001787
7 3784 2940507
7 3785 1003715
7 3786 2051594
7 3787 2954157
7 3788 2054425
7 3789 1006252
7 3790 2950159
7 3791 1005810
7 3792 973880
7 3793 3494350
7 3794 971306
7 3795 2944893
7 3796 3475859
7 3797 2927019
7 3798 976504
7 3799 3495583
7 3800 970948
7 3801 1001648
7 3802 3494462
7 3803 1007079
7 3804 973854
7 3805 2949532
7 3806 968677
7 3807 998871
7 3808 2949563
7 3809 1003743
7 3810 3473703
7 3811 2930493
7 3812 3487357
7 3813 1003433
7 3814 2953102
7 3815 1003160
7 3816 2017041
7 3817 3467358
7 3818 2016727
7 3819 2914806
7 3820 3466078
7 3821 2914031
7 3822 2023084
7 3823 3481032
7 3824 2046091
7 3825 996954
7 3826 3485402
7 3827 1001601
7 3828 2046981
7 3829 2940369
7 3830 2046763
7 3831 1001821
7 3832 2938858
7 3833 1000277
7 3834 3473568
7 3835 2927530
7 3836 3485716
7 3837 1000574
7 3838 2944750
7 3839 1000067
7 3840 968385
7 3841 2040265
7 3842 968549
7 3843 3479635
7 3844 2020910
7 3845 3474579
7 3846 970778
7 3847 2047479
7 3848 973805
7 3849 1476231
7 3850 2051205
7 3851 1479155
7 3852 974010
7 3853 3494985
7 3854 971685
7 3855 1477015
7 3856 3501259
7 3857 1478171
7 3858 2026338
7 3859 3491827
7 3860 2046713
7 3861 1474869
7 3862 3500565
7 3863 1474848
7 3864 965536
7 3865 2034059
7 3866 965524
7 3867 3475224
7 3868 2014711
7 3869 3469561
7 3870 971104
7 3871 2047757
7 3872 968474
7 3873 998864
7 3874 2049853
7 3875 1002221
7 3876 971671
7 3877 3490859
7 3878 968609
7 3879 998872
7 3880 3489962
7 3881 1004704
7 3882 2018329
7 3883 3479393
7 3884 2048091
7 3885 1002020
7 3886 3490279
7 3887 1001850
7 3888 968454
7 3889 2041782
7 3890 971228
7 3891 1477074
7 3892 2049137
7 3893 1477533
7 3894 968396
7 3895 2041609
7 3896 970923
7 3897 1001333
7 3898 2041267
7 3899 1002098
7 3900 962348
7 3901 1468313
7 3902 962352
7 3903 995836
7 3904 1470480
7 3905 991262
7 3906 2045652
7 3907 1481000
7 3908 2047195
7 3909 1004873
7 3910 1476808
7 3911 996434
7 3912 970988
7 3913 3482028
7 3914 973622
7 3915 1480684
7 3916 3489134
7 3917 1480268
7 3918 973549
7 3919 3482772
7 3920 970279
7 3921 1001230
7 3922 3489483
7 3923 1006917
7 3924 968003
7 3925 1478488
7 3926 967891
7 3927 1001109
7 3928 1477948
7 3929 994233
7 3930 3471628
7 3931 1480065
7 3932 3477050
7 3933 1005119
7 3934 1478379
7 3935 999009
7 3936 2020912
7 3937 3477292
7 3938 2043986
7 3939 1477685
7 3940 3493027
7 3941 1477712
7 3942 2020556
7 3943 3475341
7 3944 2046729
7 3945 1003101
7 3946 3486527
7 3947 1004222
7 3948 2046210
7 3949 1476079
7 3950 2040502
7 3951 1006400
7 3952 1471228
7 3953 993710
7 3954 3472784
7 3955 1479460
7 3956 3476903
7 3957 1004734
7 3958 1475452
7 3959 996364
7 3960 968232
7 3961 2043474
7 3962 973708
7 3963 2929313
7 3964 2047903
7 3965 2926160
7 3966 970945
7 3967 2043342
7 3968 976501
7 3969 1477477
7 3970 2047026
7 3971 1479809
7 3972 970997
7 3973 2939781
7 3974 973390
7 3975 1478399
7 3976 2950046
7 3977 1458291
7 3978 2048315
7 3979 2952208
7 3980 2047875
7 3981 1477964
7 3982 2947430
7 3983 1456353
7 3984 970944
7 3985 2042570
7 3986 971142
7 3987 2927509
7 3988 2043653
7 3989 2921344
7 3990 968232
7 3991 2038000
7 3992 970923
7 3993 1000624
7 3994 2041914
7 3995 1001953
7 3996 973388
7 3997 2948294
7 3998 970279
7 3999 1001228
7 4000 2953556
7 4001 1005740
7 4002 2047920
7 4003 2946537
7 4004 2048479
7 4005 1006496
7 4006 2953172
7 4007 1003110
7 4008 968394
7 4009 2040156
7 4010 973854
7 4011 1478161
7 4012 2046927
7 4013 1477986
7 4014 964975
7 4015 2007474
7 4016 968416
7 4017 998548
7 4018 2010600
7 4019 998812
7 4020 967985
7 4021 1476095
7 4022 967809
7 4023 1000800
7 4024 1475640
7 4025 994008
7 4026 2042226
7 4027 1481219
7 4028 2035222
7 4029 1001868
7 4030 1477158
7 4031 994369
7 4032 962348
7 4033 2913386
7 4034 965378
7 4035 1472004
7 4036 2927648
7 4037 1452494
7 4038 965378
7 4039 2916687
7 4040 961942
7 4041 995535
7 4042 2941036
7 4043 1000066
7 4044 962331
7 4045 1470866
7 4046 961933
7 4047 995455
7 4048 1472742
7 4049 991229
7 4050 2901281
7 4051 1448488
7 4052 2913130
7 4053 989600
7 4054 1448164
7 4055 989608
7 4056 2039173
7 4057 2927892
7 4058 2039664
7 4059 1474798
7 4060 2941469
7 4061 1456242
7 4062 2039826
7 4063 2928050
7 4064 2042382
7 4065 1003644
7 4066 2947271
7 4067 1002656
7 4068 2042201
7 4069 1474466
7 4070 2032664
7 4071 1003993
7 4072 1472932
7 4073 996199
7 4074 2899325
7 4075 1448073
7 4076 2912612
7 4077 989428
7 4078 1447716
7 4079 989438
7 4080 962275
7 4081 3453624
7 4082 965686
7 4083 2915227
7 4084 3442394
7 4085 2897236
7 4086 965528
7 4087 3456441
7 4088 968328
7 4089 1474080
7 4090 3471413
7 4091 1473597
7 4092 968147
7 4093 2937556
7 4094 965584
7 4095 1474100
7 4096 2941543
7 4097 1455262
7 4098 3431359
7 4099 2914298
7 4100 3436721
7 4101 1449515
7 4102 2920988
7 4103 1449262
7 4104 965698
7 4105 3457794
7 4106 965757
7 4107 2917955
7 4108 3444314
7 4109 2896294
7 4110 968239
7 4111 3457182
7 4112 962352
7 4113 995767
7 4114 3463924
7 4115 1002030
7 4116 967822
7 4117 2935598
7 4118 967891
7 4119 998774
7 4120 2941520
7 4121 1003257
7 4122 3449112
7 4123 2919415
7 4124 3462550
7 4125 1000172
7 4126 2941386
7 4127 1001082
7 4128 968233
7 4129 3456381
7 4130 967984
7 4131 1475571
7 4132 3470612
7 4133 1473932
7 4134 965668
7 4135 3450244
7 4136 967809
7 4137 998881
7 4138 3458327
7 4139 1001920
7 4140 962175
7 4141 1470856
7 4142 962090
7 4143 995456
7 4144 1473102
7 4145 991378
7 4146 3454657
7 4147 1476429
7 4148 3454051
7 4149 1002669
7 4150 1473477
7 4151 996056
7 4152 962262
7 4153 2911449
7 4154 964967
7 4155 1471555
7 4156 2928167
7 4157 1452437
7 4158 965134
7 4159 2912965
7 4160 961933
7 4161 995376
7 4162 2936091
7 4163 999851
7 4164 961849
7 4165 1469390
7 4166 958809
7 4167 992264
7 4168 1469504
7 4169 988307
7 4170 2896748
7 4171 1446343
7 4172 2905851
7 4173 987221
7 4174 1446095
7 4175 987226
7 4176 3397603
7 4177 2883016
7 4178 3401930
7 4179 1442866
7 4180 2906080
7 4181 1442079
7 4182 3403234
7 4183 2882700
7 4184 3416932
7 4185 986463
7 4186 2906400
7 4187 993077
7 4188 3416895
7 4189 1442850
7 4190 3403202
7 4191 993077
7 4192 1441115
7 4193 986463
7 4194 2881796
7 4195 1441966
7 4196 2907288
7 4197 986399
7 4198 1441127
7 4199 986475
7 4200 1983448
7 4201 3420050
7 4202 1986538
7 4203 2878823
7 4204 3428708
7 4205 2878204
7 4206 1987288
7 4207 3420757
7 4208 2013580
7 4209 1440296
7 4210 3435632
7 4211 1461751
7 4212 2013917
7 4213 2901083
7 4214 1986492
7 4215 1461527
7 4216 2904592
7 4217 1444248
7 4218 3425051
7 4219 2905149
7 4220 3431662
7 4221 1444012
7 4222 2904523
7 4223 1441030
7 4224 1987373
7 4225 3423808
7 4226 1986744
7 4227 2881988
7 4228 3429539
7 4229 2878059
7 4230 1994086
7 4231 3437771
7 4232 2015500
7 4233 983408
7 4234 3448959
7 4235 994786
7 4236 2016276
7 4237 2908204
7 4238 2018271
7 4239 993094
7 4240 2904573
7 4241 995342
7 4242 3442047
7 4243 2907534
7 4244 3455121
7 4245 996276
7 4246 2926782
7 4247 994136
7 4248 1994234
7 4249 3437925
7 4250 2015618
7 4251 1459372
7 4252 3453329
7 4253 1463010
7 4254 1987601
7 4255 3422440
7 4256 2017988
7 4257 993343
7 4258 3438698
7 4259 993955
7 4260 2013969
7 4261 1443440
7 4262 2012663
7 4263 996250
7 4264 1436620
7 4265 983404
7 4266 3439017
7 4267 1465561
7 4268 3446590
7 4269 995490
7 4270 1462706
7 4271 990247
7 4272 2014875
7 4273 2908837
7 4274 2015031
7 4275 1464639
7 4276 2903170
7 4277 1445885
7 4278 2014428
7 4279 2908326
7 4280 2011899
7 4281 996745
7 4282 2929973
7 4283 995960
7 4284 2013872
7 4285 1463408
7 4286 1984021
7 4287 995110
7 4288 1462625
7 4289 990247
7 4290 2868703
7 4291 1438345
7 4292 2897966
7 4293 983337
7 4294 1437407
7 4295 983418
7 4296 3392578
7 4297 2877455
7 4298 3401176
7 4299 1440222
7 4300 2899318
7 4301 1440510
7 4302 3402577
7 4303 2877315
7 4304 3415338
7 4305 983408
7 4306 2899488
7 4307 992108
7 4308 3415293
7 4309 1440109
7 4310 3401798
7 4311 992108
7 4312 1436925
7 4313 983418
7 4314 2870278
7 4315 1438471
7 4316 2898382
7 4317 983423
7 4318 1437574
7 4319 983503
7 4320 1067058
7 4321 2005284
7 4322 1070775
7 4323 3442240
7 4324 2008992
7 4325 3420962
7 4326 1071103
7 4327 2008331
7 4328 1083558
7 4329 2878304
7 4330 2010681
7 4331 2901972
7 4332 1083688
7 4333 3449316
7 4334 1071525
7 4335 2902333
7 4336 3432371
7 4337 2883243
7 4338 2011769
7 4339 3449294
7 4340 2010633
7 4341 2881847
7 4342 3432494
7 4343 2877848
7 4344 1071109
7 4345 2009084
7 4346 1071050
7 4347 3445599
7 4348 2010091
7 4349 3421326
7 4350 1078544
7 4351 2038067
7 4352 1087716
7 4353 1439963
7 4354 2037916
7 4355 1467972
7 4356 1087667
7 4357 3479719
7 4358 1088933
7 4359 1464786
7 4360 3463445
7 4361 1466926
7 4362 2016927
7 4363 3458740
7 4364 2039397
7 4365 1468682
7 4366 3468137
7 4367 1467513
7 4368 1078323
7 4369 2038134
7 4370 1086981
7 4371 2928788
7 4372 2040926
7 4373 2928410
7 4374 1071537
7 4375 2008274
7 4376 1088369
7 4377 1465384
7 4378 2014620
7 4379 1466566
7 4380 1086089
7 4381 2916758
7 4382 1085207
7 4383 1471113
7 4384 2905678
7 4385 1444656
7 4386 2038989
7 4387 2939141
7 4388 2035107
7 4389 1468881
7 4390 2930777
7 4391 1451290
7 4392 1085813
7 4393 3476645
7 4394 1088404
7 4395 2936387
7 4396 3457983
7 4397 2916236
7 4398 1086875
7 4399 3460350
7 4400 1084962
7 4401 1471912
7 4402 3467621
7 4403 1470146
7 4404 1087554
7 4405 2933519
7 4406 1071581
7 4407 1469008
7 4408 2930670
7 4409 1451279
7 4410 3428074
7 4411 2910045
7 4412 3436931
7 4413 1444437
7 4414 2908007
7 4415 1444808
7 4416 2009752
7 4417 3450208
7 4418 2012465
7 4419 2908454
7 4420 3453909
7 4421 2907300
7 4422 2012962
7 4423 3450224
7 4424 2034108
7 4425 1444359
7 4426 3452142
7 4427 1467466
7 4428 2034388
7 4429 2912746
7 4430 2008175
7 4431 1467188
7 4432 2905797
7 4433 1444676
7 4434 3428221
7 4435 2909754
7 4436 3434103
7 4437 1444186
7 4438 2904540
7 4439 1440748
7 4440 1071064
7 4441 2009259
7 4442 1071544
7 4443 3445851
7 4444 2010404
7 4445 3422795
7 4446 1071208
7 4447 2008389
7 4448 1083968
7 4449 2881432
7 4450 2011298
7 4451 2902922
7 4452 1083929
7 4453 3451411
7 4454 1071540
7 4455 2902569
7 4456 3432411
7 4457 2883536
7 4458 2011947
7 4459 3449568
7 4460 2010633
7 4461 2882039
7 4462 3432562
7 4463 2877830
7 4464 1074367
7 4465 2016639
7 4466 1074772
7 4467 3449720
7 4468 2017237
7 4469 3436683
7 4470 1076316
7 4471 2042426
7 4472 1083082
7 4473 983412
7 4474 2039568
7 4475 995065
7 4476 1090960
7 4477 3482122
7 4478 1088007
7 4479 994841
7 4480 3462891
7 4481 997898
7 4482 2021874
7 4483 3466499
7 4484 2045369
7 4485 998224
7 4486 3462564
7 4487 995645
7 4488 1078705
7 4489 2041005
7 4490 1091104
7 4491 2931503
7 4492 2047319
7 4493 2935468
7 4494 1079281
7 4495 2043539
7 4496 1087794
7 4497 993867
7 4498 2041296
7 4499 994136
7 4500 1091134
7 4501 2914763
7 4502 1089821
7 4503 999619
7 4504 2904805
7 4505 995665
7 4506 2044119
7 4507 2943929
7 4508 2046955
7 4509 999596
7 4510 2933587
7 4511 1000051
7 4512 1091534
7 4513 3486908
7 4514 1088909
7 4515 2939308
7 4516 3469609
7 4517 2921027
7 4518 1094255
7 4519 3487816
7 4520 1090775
7 4521 1000561
7 4522 3480344
7 4523 1000429
7 4524 1093150
7 4525 2942157
7 4526 1088101
7 4527 995723
7 4528 2937071
7 4529 999945
7 4530 3451268
7 4531 2918129
7 4532 3465879
7 4533 997117
7 4534 2937341
7 4535 997078
7 4536 2015762
7 4537 3464458
7 4538 2014557
7 4539 2913340
7 4540 3457110
7 4541 2908216
7 4542 2022482
7 4543 3478347
7 4544 2045558
7 4545 996820
7 4546 3478051
7 4547 1000953
7 4548 2044046
7 4549 2938694
7 4550 2042466
7 4551 1001062
7 4552 2933319
7 4553 997105
7 4554 3453240
7 4555 2919257
7 4556 3462702
7 4557 997220
7 4558 2935251
7 4559 994081
7 4560 1074506
7 4561 2016713
7 4562 1074754
7 4563 3449999
7 4564 2017262
7 4565 3436716
7 4566 1078597
7 4567 2040567
7 4568 1092926
7 4569 1462130
7 4570 2041567
7 4571 1471979
7 4572 1090902
7 4573 3483387
7 4574 1090378
7 4575 1469097
7 4576 3475353
7 4577 1470829
7 4578 2024215
7 4579 3477774
7 4580 2042184
7 4581 1470927
7 4582 3473713
7 4583 1468129
7 4584 1071443
7 4585 2009510
7 4586 1071520
7 4587 3445085
7 4588 2009360
7 4589 3421207
7 4590 1078977
7 4591 2042974
7 4592 1088284
7 4593 993112
7 4594 2043153
7 4595 996032
7 4596 1088629
7 4597 3482256
7 4598 1087938
7 4599 994065
7 4600 3464584
7 4601 998493
7 4602 2015936
7 4603 3452622
7 4604 2043389
7 4605 998601
7 4606 3460391
7 4607 995461
7 4608 1076251
7 4609 2040804
7 4610 1090224
7 4611 1464842
7 4612 2049039
7 4613 1472661
7 4614 1076140
7 4615 2039655
7 4616 1090185
7 4617 997468
7 4618 2041202
7 4619 998637
7 4620 1083132
7 4621 1443698
7 4622 1083082
7 4623 996780
7 4624 1436594
7 4625 983408
7 4626 2041171
7 4627 1476683
7 4628 2042689
7 4629 1003242
7 4630 1469467
7 4631 991058
7 4632 1088445
7 4633 3482129
7 4634 1092011
7 4635 1472822
7 4636 3481676
7 4637 1473996
7 4638 1091002
7 4639 3483978
7 4640 1089913
7 4641 999558
7 4642 3486501
7 4643 1002366
7 4644 1087955
7 4645 1470924
7 4646 1086170
7 4647 1001136
7 4648 1466081
7 4649 990561
7 4650 3446050
7 4651 1470673
7 4652 3455874
7 4653 998602
7 4654 1468143
7 4655 993205
7 4656 2018768
7 4657 3470062
7 4658 2042048
7 4659 1475775
7 4660 3481410
7 4661 1474035
7 4662 2019570
7 4663 3469628
7 4664 2042805
7 4665 1002155
7 4666 3464481
7 4667 1001124
7 4668 2045321
7 4669 1475111
7 4670 2038998
7 4671 1005872
7 4672 1469887
7 4673 993388
7 4674 3455038
7 4675 1475760
7 4676 3458575
7 4677 1002019
7 4678 1469658
7 4679 991240
7 4680 1076053
7 4681 2041803
7 4682 1090851
7 4683 2917841
7 4684 2049239
7 4685 2917485
7 4686 1078782
7 4687 2041551
7 4688 1095425
7 4689 1469284
7 4690 2047003
7 4691 1474885
7 4692 1090652
7 4693 2914123
7 4694 1090982
7 4695 1473289
7 4696 2934307
7 4697 1453517
7 4698 2047383
7 4699 2942062
7 4700 2048871
7 4701 1472774
7 4702 2938272
7 4703 1453107
7 4704 1078576
7 4705 2040837
7 4706 1087360
7 4707 2916674
7 4708 2044405
7 4709 2912364
7 4710 1075949
7 4711 2038355
7 4712 1090166
7 4713 997428
7 4714 2043994
7 4715 998820
7 4716 1091402
7 4717 2941744
7 4718 1088498
7 4719 1000501
7 4720 2941418
7 4721 1002189
7 4722 2047430
7 4723 2942699
7 4724 2045712
7 4725 1002873
7 4726 2943313
7 4727 1000145
7 4728 1076415
7 4729 2040443
7 4730 1092889
7 4731 1473318
7 4732 2049209
7 4733 1471822
7 4734 1071114
7 4735 2006901
7 4736 1085891
7 4737 995500
7 4738 2012235
7 4739 995533
7 4740 1087711
7 4741 1468843
7 4742 1086493
7 4743 1000953
7 4744 1467308
7 4745 990846
7 4746 2044145
7 4747 1476327
7 4748 2037285
7 4749 1001088
7 4750 1468384
7 4751 991023
7 4752 1083046
7 4753 2914798
7 4754 1086168
7 4755 1471454
7 4756 2907097
7 4757 1448066
7 4758 1086023
7 4759 2919086
7 4760 1081234
7 4761 998378
7 4762 2939943
7 4763 999180
7 4764 1083574
7 4765 1470497
7 4766 1080035
7 4767 998450
7 4768 1469609
7 4769 993343
7 4770 2868325
7 4771 1438320
7 4772 2897924
7 4773 983327
7 4774 1437379
7 4775 983408
7 4776 2035593
7 4777 2923210
7 4778 2038295
7 4779 1469434
7 4780 2936096
7 4781 1454981
7 4782 2038437
7 4783 2924720
7 4784 2037198
7 4785 1000088
7 4786 2943945
7 4787 1001802
7 4788 2039290
7 4789 1469004
7 4790 2030024
7 4791 1002857
7 4792 1467372
7 4793 992996
7 4794 2898176
7 4795 1447495
7 4796 2912603
7 4797 989240
7 4798 1447144
7 4799 989252
7 4800 1080991
7 4801 3472640
7 4802 1084493
7 4803 2916609
7 4804 3463250
7 4805 2902364
7 4806 1084380
7 4807 3471793
7 4808 1089110
7 4809 1473090
7 4810 3485141
7 4811 1473829
7 4812 1089007
7 4813 2937251
7 4814 1084477
7 4815 1475244
7 4816 2942878
7 4817 1456248
7 4818 3443264
7 4819 2911990
7 4820 3454016
7 4821 1449059
7 4822 2920532
7 4823 1449682
7 4824 1084333
7 4825 3476212
7 4826 1084388
7 4827 2920898
7 4828 3464274
7 4829 2899673
7 4830 1086916
7 4831 3472831
7 4832 1083176
7 4833 997942
7 4834 3480857
7 4835 1003313
7 4836 1088453
7 4837 2937475
7 4838 1088580
7 4839 1001210
7 4840 2942412
7 4841 1005036
7 4842 3464655
7 4843 2919725
7 4844 3476187
7 4845 999218
7 4846 2937277
7 4847 1002023
7 4848 1087219
7 4849 3469296
7 4850 1087053
7 4851 1474455
7 4852 3486251
7 4853 1471688
7 4854 1082571
7 4855 3451849
7 4856 1086816
7 4857 1000556
7 4858 3461444
7 4859 1001306
7 4860 1081331
7 4861 1469324
7 4862 1081100
7 4863 998337
7 4864 1470724
7 4865 993458
7 4866 3467753
7 4867 1474213
7 4868 3467552
7 4869 1001904
7 4870 1468375
7 4871 993066
7 4872 1083285
7 4873 2918652
7 4874 1085983
7 4875 1473357
7 4876 2929760
7 4877 1453940
7 4878 1085724
7 4879 2920423
7 4880 1082684
7 4881 998526
7 4882 2943535
7 4883 1002167
7 4884 1083174
7 4885 1471274
7 4886 1069410
7 4887 995423
7 4888 1471145
7 4889 991382
7 4890 2898197
7 4891 1447489
7 4892 2912631
7 4893 989240
7 4894 1447140
7 4895 989252
7 4896 3392120
7 4897 2877289
7 4898 3401173
7 4899 1440205
7 4900 2899155
7 4901 1440495
7 4902 3402577
7 4903 2877153
7 4904 3415336
7 4905 983326
7 4906 2899321
7 4907 992096
7 4908 3415289
7 4909 1440091
7 4910 3401796
7 4911 992096
7 4912 1436838
7 4913 983336
7 4914 2870049
7 4915 1438387
7 4916 2898281
7 4917 983342
7 4918 1437488
7 4919 983422
7 4920 1983448
7 4921 3420050
7 4922 1986538
7 4923 2878823
7 4924 3428708
7 4925 2878204
7 4926 1987288
7 4927 3420757
7 4928 2013580
7 4929 1440296
7 4930 3435632
7 4931 1461751
7 4932 2013917
7 4933 2901083
7 4934 1986492
7 4935 1461527
7 4936 2904592
7 4937 1444248
7 4938 3425051
7 4939 2905149
7 4940 3431662
7 4941 1444012
7 4942 2904523
7 4943 1441030
7 4944 1987373
7 4945 3423808
7 4946 1986744
7 4947 2881988
7 4948 3429539
7 4949 2878059
7 4950 1994086
7 4951 3437771
7 4952 2015500
7 4953 983408
7 4954 3448959
7 4955 994786
7 4956 2016276
7 4957 2908204
7 4958 2018271
7 4959 993094
7 4960 2904573
7 4961 995342
7 4962 3442047
7 4963 2907534
7 4964 3455121
7 4965 996276
7 4966 2926782
7 4967 994136
7 4968 1994234
7 4969 3437925
7 4970 2015618
7 4971 1459372
7 4972 3453329
7 4973 1463010
7 4974 1987601
7 4975 3422440
7 4976 2017988
7 4977 993343
7 4978 3438698
7 4979 993955
7 4980 2013969
7 4981 1443440
7 4982 2012663
7 4983 996250
7 4984 1436620
7 4985 983404
7 4986 3439017
7 4987 1465561
7 4988 3446590
7 4989 995490
7 4990 1462706
7 4991 990247
7 4992 2014875
7 4993 2908837
7 4994 2015031
7 4995 1464639
7 4996 2903170
7 4997 1445885
7 4998 2014428
7 4999 2908326
7 5000 2011899
7 5001 996745
7 5002 2929973
7 5003 995960
7 5004 2013872
7 5005 1463408
7 5006 1984021
7 5007 995110
7 5008 1462625
7 5009 990247
7 5010 2868703
7 5011 1438345
7 5012 2897966
7 5013 983337
7 5014 1437407
7 5015 983418
7 5016 3392578
7 5017 2877455
7 5018 3401176
7 5019 1440222
7 5020 2899318
7 5021 1440510
7 5022 3402577
7 5023 2877315
7 5024 3415338
7 5025 983408
7 5026 2899488
7 5027 992108
7 5028 3415293
7 5029 1440109
7 5030 3401798
7 5031 992108
7 5032 1436925
7 5033 983418
7 5034 2870278
7 5035 1438471
7 5036 2898382
7 5037 983423
7 5038 1437574
7 5039 983503
