3 0 39916338
3 1 39916800
3 2 39916800
3 3 39916758
3 4 39916668
3 5 39916338
4 0 38688663
4 1 39402132
4 2 38592148
4 3 39889416
4 4 39449256
4 5 39889360
4 6 39315612
4 7 39863961
4 8 39419394
4 9 39499929
4 10 39864064
4 11 39724095
4 12 39805136
4 13 39661387
4 14 39804205
4 15 39449256
4 16 39605803
4 17 39402132
4 18 39196057
4 19 39419394
4 20 39518924
4 21 38592148
4 22 39315612
4 23 38688663
5 0 23919669
5 1 28015349
5 2 23872417
5 3 31989251
5 4 28134324
5 5 31128302
5 6 23854277
5 7 27910606
5 8 24648221
5 9 34422717
5 10 28304380
5 11 34589689
5 12 24644380
5 13 31931628
5 14 23769851
5 15 34536846
5 16 31740665
5 17 34582471
5 18 28460067
5 19 31955620
5 20 28349443
5 21 34534995
5 22 31730847
5 23 34415756
5 24 29012372
5 25 31911708
5 26 28933708
5 27 38076079
5 28 31933576
5 29 38033515
5 30 29147953
5 31 31998972
5 32 29404648
5 33 29485031
5 34 32165721
5 35 30669584
5 36 29311448
5 37 38392807
5 38 29345838
5 39 30661317
5 40 38033515
5 41 31105274
5 42 32116088
5 43 38392807
5 44 32182612
5 45 30933032
5 46 38076079
5 47 31024868
5 48 30934904
5 49 37411247
5 50 31046048
5 51 34872930
5 52 37644736
5 53 35077671
5 54 30290912
5 55 37397525
5 56 31121149
5 57 31730847
5 58 37643316
5 59 31740665
5 60 31042731
5 61 34086793
5 62 31015401
5 63 31955620
5 64 33591673
5 65 31128302
5 66 37399794
5 67 35290020
5 68 37413505
5 69 31931628
5 70 34721164
5 71 31989251
5 72 30819539
5 73 33721804
5 74 31068302
5 75 32182612
5 76 32950234
5 77 32165721
5 78 31147017
5 79 34113332
5 80 31053595
5 81 28349443
5 82 34315583
5 83 28304380
5 84 31111046
5 85 32116088
5 86 30780096
5 87 28460067
5 88 31933576
5 89 28134324
5 90 32438278
5 91 31998972
5 92 33766880
5 93 27910606
5 94 31911708
5 95 28015349
5 96 26706312
5 97 31015401
5 98 27490615
5 99 29345838
5 100 31121149
5 101 29404648
5 102 27631729
5 103 31042731
5 104 27888373
5 105 23769851
5 106 31046048
5 107 24648221
5 108 27926752
5 109 29311448
5 110 27620293
5 111 24644380
5 112 28933708
5 113 23872417
5 114 30290912
5 115 29147953
5 116 30934904
5 117 23854277
5 118 29012372
5 119 23919669
6 0 6683546
6 1 8258488
6 2 6681104
6 3 12695409
6 4 8282428
6 5 12423589
6 6 6680233
6 7 8249346
6 8 6805326
6 9 14109856
6 10 8329167
6 11 14143251
6 12 6805191
6 13 12677244
6 14 6678910
6 15 14149699
6 16 12513917
6 17 14081827
6 18 8334031
6 19 12661574
6 20 8334124
6 21 14050208
6 22 12527488
6 23 13816214
6 24 6679202
6 25 8252678
6 26 6676700
6 27 12686489
6 28 8279648
6 29 12404859
6 30 6833164
6 31 8519554
6 32 6917963
6 33 13807474
6 34 8586211
6 35 14012617
6 36 6911497
6 37 12950556
6 38 6909085
6 39 14005737
6 40 12807854
6 41 14110193
6 42 8467833
6 43 12739339
6 44 8608655
6 45 14099447
6 46 12821260
6 47 14023454
6 48 6832337
6 49 8520345
6 50 6895474
6 51 14369337
6 52 8598013
6 53 14210175
6 54 6675461
6 55 8239248
6 56 6922818
6 57 13985603
6 58 8435065
6 59 14003997
6 60 6897334
6 61 14439422
6 62 6908115
6 63 14230440
6 64 14278859
6 65 14017452
6 66 8608733
6 67 14340475
6 68 8561704
6 69 14203606
6 70 14360995
6 71 14103940
6 72 6926880
6 73 12901970
6 74 6922204
6 75 14527564
6 76 12795461
6 77 14462134
6 78 6923815
6 79 12739887
6 80 6870609
6 81 14204325
6 82 12796647
6 83 14205016
6 84 6894834
6 85 14379827
6 86 6674683
6 87 14002612
6 88 14360459
6 89 14093268
6 90 12596515
6 91 14354343
6 92 12666125
6 93 13999181
6 94 14267635
6 95 14006643
6 96 8427303
6 97 12830034
6 98 8468780
6 99 14384686
6 100 12796748
6 101 14145691
6 102 8470935
6 103 12813310
6 104 8596681
6 105 14000683
6 106 12720993
6 107 14232073
6 108 8584055
6 109 14238550
6 110 8414188
6 111 14204372
6 112 14093023
6 113 13999713
6 114 12609786
6 115 14249101
6 116 12562301
6 117 13980064
6 118 14088619
6 119 13802048
6 120 9807099
6 121 11273438
6 122 9801745
6 123 15507038
6 124 11331429
6 125 15045659
6 126 9789223
6 127 11251740
6 128 10050949
6 129 25313575
6 130 11459759
6 131 25357121
6 132 10050091
6 133 15394743
6 134 9779143
6 135 25347843
6 136 15224604
6 137 25362281
6 138 11482854
6 139 15371538
6 140 11475805
6 141 25353592
6 142 15246222
6 143 25309422
6 144 9820287
6 145 11297821
6 146 9815279
6 147 15507038
6 148 11349072
6 149 15051525
6 150 9860187
6 151 11448696
6 152 9893386
6 153 9986629
6 154 11477592
6 155 10341502
6 156 9942283
6 157 15746515
6 158 9926114
6 159 10349785
6 160 15607297
6 161 10470979
6 162 11412993
6 163 15285716
6 164 11538956
6 165 10445712
6 166 15522254
6 167 10397805
6 168 9837605
6 169 11409069
6 170 10113550
6 171 25537392
6 172 11702949
6 173 25537530
6 174 9841719
6 175 11419281
6 176 9916467
6 177 10326052
6 178 11447121
6 179 10349716
6 180 10101915
6 181 25490979
6 182 10066903
6 183 10567425
6 184 25309422
6 185 10532518
6 186 11663243
6 187 25655656
6 188 11668702
6 189 10583610
6 190 25362281
6 191 10605244
6 192 10079440
6 193 15427532
6 194 9906735
6 195 25628634
6 196 15618305
6 197 25659753
6 198 10102023
6 199 15473867
6 200 10067755
6 201 10594683
6 202 15455214
6 203 10587919
6 204 10052568
6 205 25516802
6 206 9860165
6 207 10388915
6 208 25353592
6 209 10594576
6 210 15474926
6 211 25537530
6 212 15536325
6 213 10565087
6 214 25357121
6 215 10553807
6 216 11501358
6 217 15559964
6 218 11493390
6 219 25524923
6 220 15289060
6 221 25490979
6 222 11544238
6 223 15578094
6 224 11666956
6 225 10538558
6 226 15462902
6 227 10647310
6 228 11676749
6 229 25628634
6 230 11610915
6 231 10654849
6 232 25347843
6 233 10548936
6 234 15530793
6 235 25537392
6 236 15314292
6 237 10559165
6 238 25313575
6 239 10326063
6 240 13736408
6 241 15213405
6 242 13732544
6 243 28119051
6 244 15219505
6 245 28047427
6 246 13791563
6 247 15163563
6 248 13997905
6 249 16773770
6 250 15288796
6 251 17119402
6 252 14044705
6 253 28835498
6 254 13899412
6 255 17193368
6 256 28549258
6 257 17242669
6 258 15502667
6 259 28850233
6 260 15327295
6 261 17201779
6 262 28569350
6 263 17151681
6 264 13535054
6 265 14791140
6 266 13523599
6 267 28097537
6 268 14797588
6 269 28025627
6 270 13788937
6 271 15142197
6 272 13895692
6 273 14088619
6 274 15385590
6 275 14267635
6 276 13884321
6 277 28885538
6 278 13885562
6 279 14093023
6 280 28568679
6 281 14360995
6 282 15077414
6 283 28845439
6 284 15394629
6 285 14360459
6 286 28556727
6 287 14278859
6 288 13694830
6 289 15053378
6 290 13936145
6 291 16670642
6 292 15483390
6 293 16988376
6 294 13699543
6 295 15075989
6 296 13916598
6 297 14249101
6 298 15162008
6 299 14354343
6 300 13726408
6 301 15986933
6 302 13733050
6 303 14145691
6 304 15764698
6 305 13816214
6 306 15379084
6 307 17071514
6 308 15405011
6 309 14462134
6 310 16703590
6 311 14081827
6 312 13970080
6 313 28770352
6 314 14002020
6 315 17299201
6 316 28836427
6 317 17424889
6 318 13995439
6 319 28776764
6 320 13894129
6 321 14238550
6 322 28849574
6 323 14340475
6 324 13845871
6 325 17110610
6 326 13780429
6 327 14384686
6 328 16827297
6 329 14050208
6 330 28025627
6 331 17295242
6 332 28047427
6 333 14210175
6 334 17066702
6 335 14143251
6 336 15389225
6 337 28778263
6 338 15339443
6 339 17390679
6 340 28887925
6 341 17412181
6 342 15287894
6 343 28797936
6 344 15347588
6 345 14379827
6 346 28835702
6 347 14439422
6 348 15438373
6 349 17070051
6 350 15245384
6 351 14527564
6 352 16910796
6 353 14149699
6 354 28097537
6 355 17434380
6 356 28119051
6 357 14369337
6 358 17106437
6 359 14109856
6 360 12137829
6 361 20670286
6 362 12467732
6 363 19061565
6 364 20823164
6 365 19065070
6 366 12272694
6 367 20754683
6 368 12565945
6 369 15314292
6 370 20841930
6 371 15536325
6 372 12445108
6 373 18088415
6 374 12501771
6 375 15462902
6 376 18660646
6 377 15522254
6 378 20734252
6 379 18955741
6 380 20808120
6 381 15455214
6 382 18789426
6 383 15607297
6 384 12271257
6 385 20772190
6 386 12435942
6 387 19158741
6 388 20844228
6 389 19089457
6 390 12139608
6 391 20775931
6 392 12384035
6 393 12562301
6 394 20805114
6 395 12666125
6 396 12557064
6 397 19214385
6 398 12364873
6 399 12720993
6 400 19312114
6 401 12821260
6 402 20900540
6 403 19377451
6 404 20843302
6 405 12796647
6 406 19371415
6 407 12807854
6 408 12161980
6 409 20789917
6 410 12444735
6 411 15530793
6 412 20896963
6 413 15474926
6 414 12061209
6 415 20668265
6 416 12328391
6 417 12609786
6 418 20731395
6 419 12596515
6 420 12403316
6 421 15289060
6 422 12365757
6 423 12796748
6 424 15246222
6 425 12527488
6 426 20841330
6 427 15618305
6 428 20820479
6 429 12795461
6 430 15224604
6 431 12513917
6 432 12369426
6 433 18758364
6 434 12533414
6 435 15578094
6 436 17891490
6 437 15285716
6 438 12534702
6 439 19029596
6 440 12311362
6 441 12813310
6 442 19044459
6 443 12739339
6 444 12392628
6 445 15559964
6 446 12291606
6 447 12830034
6 448 15371538
6 449 12661574
6 450 17541424
6 451 15051525
6 452 18528543
6 453 12404859
6 454 15045659
6 455 12423589
6 456 20672547
6 457 19236868
6 458 20781209
6 459 15473867
6 460 18793305
6 461 15746515
6 462 20795047
6 463 19421449
6 464 20758062
6 465 12739887
6 466 19435882
6 467 12950556
6 468 20775684
6 469 15427532
6 470 20674568
6 471 12901970
6 472 15394743
6 473 12677244
6 474 18289776
6 475 15507038
6 476 18990126
6 477 12686489
6 478 15507038
6 479 12695409
6 480 9633999
6 481 13755123
6 482 9809393
6 483 15245384
6 484 13660380
6 485 15405011
6 486 9825560
6 487 14070660
6 488 9988182
6 489 11610915
6 490 14131572
6 491 11668702
6 492 10000842
6 493 15347588
6 494 9851485
6 495 11666956
6 496 15394629
6 497 11538956
6 498 13248578
6 499 15162008
6 500 13988462
6 501 11447121
6 502 15385590
6 503 11477592
6 504 9857252
6 505 14077259
6 506 9839090
6 507 15438373
6 508 13941740
6 509 15379084
6 510 9888128
6 511 14106079
6 512 9841669
6 513 8414188
6 514 14233865
6 515 8561704
6 516 9984625
6 517 15339443
6 518 9987309
6 519 8596681
6 520 15327295
6 521 8608655
6 522 14030870
6 523 15483390
6 524 14082297
6 525 8435065
6 526 15288796
6 527 8586211
6 528 9876270
6 529 14101078
6 530 9987262
6 531 11676749
6 532 14227173
6 533 11663243
6 534 9835256
6 535 13931509
6 536 10001793
6 537 8584055
6 538 14102191
6 539 8608733
6 540 9820278
6 541 11493390
6 542 9788844
6 543 8468780
6 544 11475805
6 545 8334124
6 546 14140467
6 547 11702949
6 548 14201779
6 549 8598013
6 550 11459759
6 551 8329167
6 552 9817040
6 553 15287894
6 554 9868529
6 555 11544238
6 556 15077414
6 557 11412993
6 558 9857933
6 559 15389225
6 560 9805439
6 561 8470935
6 562 15502667
6 563 8467833
6 564 9835411
6 565 11501358
6 566 9613543
6 567 8427303
6 568 11482854
6 569 8334031
6 570 14797588
6 571 11349072
6 572 15219505
6 573 8279648
6 574 11331429
6 575 8282428
6 576 13023458
6 577 15075989
6 578 13742035
6 579 11419281
6 580 15142197
6 581 11448696
6 582 13737522
6 583 15053378
6 584 13879537
6 585 8239248
6 586 15163563
6 587 8519554
6 588 13928902
6 589 11409069
6 590 13860276
6 591 8520345
6 592 11251740
6 593 8249346
6 594 14791140
6 595 11297821
6 596 15213405
6 597 8252678
6 598 11273438
6 599 8258488
6 600 7828839
6 601 12291606
6 602 7955805
6 603 13780429
6 604 12365757
6 605 13733050
6 606 7970791
6 607 12311362
6 608 8155708
6 609 9860165
6 610 12364873
6 611 10066903
6 612 8151042
6 613 13894129
6 614 7974925
6 615 10067755
6 616 13885562
6 617 9926114
6 618 12328391
6 619 13916598
6 620 12384035
6 621 9916467
6 622 13895692
6 623 9893386
6 624 7982376
6 625 12392628
6 626 7964705
6 627 13845871
6 628 12403316
6 629 13726408
6 630 8052948
6 631 12533414
6 632 8159416
6 633 6674683
6 634 12501771
6 635 6908115
6 636 8178181
6 637 14002020
6 638 8208500
6 639 6870609
6 640 13899412
6 641 6909085
6 642 12444735
6 643 13936145
6 644 12565945
6 645 6922818
6 646 13997905
6 647 6917963
6 648 8049354
6 649 12534702
6 650 8172343
6 651 10052568
6 652 12557064
6 653 10101915
6 654 7981587
6 655 12369426
6 656 8201203
6 657 6894834
6 658 12445108
6 659 6897334
6 660 8137255
6 661 9906735
6 662 8121676
6 663 6922204
6 664 9779143
6 665 6678910
6 666 12435942
6 667 10113550
6 668 12467732
6 669 6895474
6 670 10050949
6 671 6805326
6 672 8131578
6 673 13995439
6 674 8162760
6 675 10102023
6 676 13884321
6 677 9942283
6 678 8152182
6 679 13970080
6 680 8117417
6 681 6923815
6 682 14044705
6 683 6911497
6 684 8148460
6 685 10079440
6 686 7929634
6 687 6926880
6 688 10050091
6 689 6805191
6 690 13523599
6 691 9815279
6 692 13732544
6 693 6676700
6 694 9801745
6 695 6681104
6 696 12061209
6 697 13699543
6 698 12139608
6 699 9841719
6 700 13788937
6 701 9860187
6 702 12161980
6 703 13694830
6 704 12272694
6 705 6675461
6 706 13791563
6 707 6833164
6 708 12271257
6 709 9837605
6 710 12137829
6 711 6832337
6 712 9789223
6 713 6680233
6 714 13535054
6 715 9820287
6 716 13736408
6 717 6679202
6 718 9807099
6 719 6683546
7 0 983503
7 1 1091710
7 2 983422
7 3 2032571
7 4 1093939
7 5 2007666
7 6 983418
7 7 1091626
7 8 989252
7 9 3445532
7 10 1096853
7 11 3447087
7 12 989252
7 13 2030920
7 14 983408
7 15 3447140
7 16 2010586
7 17 3442947
7 18 1095186
7 19 2030609
7 20 1096974
7 21 3441652
7 22 2010855
7 23 3415186
7 24 983418
7 25 1091625
7 26 983336
7 27 2032146
7 28 1093927
7 29 2006685
7 30 990247
7 31 1106271
7 32 991240
7 33 2900404
7 34 1110393
7 35 2922826
7 36 993066
7 37 2056425
7 38 993205
7 39 2923906
7 40 2035859
7 41 2932705
7 42 1103331
7 43 2033534
7 44 1112421
7 45 2930998
7 46 2036911
7 47 2926734
7 48 990247
7 49 1106271
7 50 992996
7 51 3474935
7 52 1110861
7 53 3452788
7 54 983404
7 55 1091611
7 56 993388
7 57 2925100
7 58 1101037
7 59 2925529
7 60 991023
7 61 3476365
7 62 991058
7 63 2932597
7 64 3435410
7 65 2902193
7 66 1108467
7 67 3472298
7 68 1107892
7 69 2930591
7 70 3440529
7 71 2913399
7 72 991382
7 73 2054853
7 74 993343
7 75 3494992
7 76 2036151
7 77 3490872
7 78 993458
7 79 2033522
7 80 990561
7 81 2931601
7 82 2034058
7 83 2929639
7 84 990846
7 85 3474988
7 86 983408
7 87 2925270
7 88 3440585
7 89 2913280
7 90 2012113
7 91 3456104
7 92 2012810
7 93 2900337
7 94 3435559
7 95 2901991
7 96 1096444
7 97 2034596
7 98 1099932
7 99 3472732
7 100 2035454
7 101 3448238
7 102 1099956
7 103 2035119
7 104 1108250
7 105 2900165
7 106 2030508
7 107 2928590
7 108 1108176
7 109 3467820
7 110 1098574
7 111 2928715
7 112 3428349
7 113 2901870
7 114 2012539
7 115 3452798
7 116 2010546
7 117 2900370
7 118 3429042
7 119 2889786
7 120 983423
7 121 1091630
7 122 983342
7 123 2032464
7 124 1093863
7 125 2007488
7 126 983337
7 127 1091545
7 128 989240
7 129 3445439
7 130 1096843
7 131 3446913
7 132 989240
7 133 2030806
7 134 983327
7 135 3446960
7 136 2010473
7 137 3442748
7 138 1095181
7 139 2030494
7 140 1096966
7 141 3441422
7 142 2010742
7 143 3413911
7 144 992108
7 145 1102135
7 146 992096
7 147 2051012
7 148 1102910
7 149 2039431
7 150 994136
7 151 1113846
7 152 994081
7 153 2104624
7 154 1117302
7 155 2132457
7 156 1002023
7 157 2074190
7 158 997078
7 159 2133279
7 160 2051350
7 161 2137919
7 162 1110969
7 163 2065126
7 164 1119707
7 165 2136606
7 166 2051128
7 167 2135930
7 168 995960
7 169 1113860
7 170 1001802
7 171 3493455
7 172 1119753
7 173 3487168
7 174 995342
7 175 1114125
7 176 997105
7 177 2131331
7 178 1116703
7 179 2132392
7 180 1000145
7 181 3495237
7 182 1000051
7 183 2141436
7 184 3468860
7 185 2133573
7 186 1118752
7 187 3510486
7 188 1121537
7 189 2141526
7 190 3475222
7 191 2139861
7 192 1002167
7 193 2061905
7 194 999180
7 195 3509809
7 196 2046543
7 197 3507812
7 198 1005036
7 199 2069242
7 200 999945
7 201 2144588
7 202 2064388
7 203 2142954
7 204 1002189
7 205 3500315
7 206 995665
7 207 2136616
7 208 3476886
7 209 2140095
7 210 2024375
7 211 3491927
7 212 2048738
7 213 2137589
7 214 3479695
7 215 2137891
7 216 1108482
7 217 2047315
7 218 1108749
7 219 3488719
7 220 2041182
7 221 3458026
7 222 1113165
7 223 2072379
7 224 1120800
7 225 2136011
7 226 2064213
7 227 2145106
7 228 1121297
7 229 3512800
7 230 1120606
7 231 2145609
7 232 3473737
7 233 2137439
7 234 2027940
7 235 3486059
7 236 2044515
7 237 2137626
7 238 3471356
7 239 2129879
7 240 992108
7 241 1102135
7 242 992096
7 243 2051038
7 244 1102910
7 245 2039530
7 246 995490
7 247 1112512
7 248 1002019
7 249 2952903
7 250 1118871
7 251 2958203
7 252 1001904
7 253 2072203
7 254 998602
7 255 2957735
7 256 2051169
7 257 2960509
7 258 1112163
7 259 2068335
7 260 1119320
7 261 2960058
7 262 2051130
7 263 2948472
7 264 983408
7 265 1091615
7 266 983326
7 267 2032035
7 268 1093927
7 269 2006328
7 270 996276
7 271 1114009
7 272 997220
7 273 2126975
7 274 1116829
7 275 2135963
7 276 999218
7 277 2065881
7 278 997117
7 279 2132043
7 280 2046839
7 281 2138610
7 282 1107985
7 283 2039150
7 284 1119001
7 285 2138656
7 286 2045177
7 287 2134199
7 288 993955
7 289 1111734
7 290 1001124
7 291 2963690
7 292 1121953
7 293 2966218
7 294 994786
7 295 1111801
7 296 1000953
7 297 2155632
7 298 1116925
7 299 2158058
7 300 995461
7 301 2940764
7 302 995645
7 303 2157991
7 304 2930145
7 305 2128988
7 306 1118143
7 307 2972584
7 308 1118762
7 309 2167388
7 310 2955350
7 311 2136989
7 312 1001306
7 313 2071732
7 314 1002366
7 315 2977055
7 316 2071898
7 317 2981711
7 318 1003313
7 319 2069815
7 320 1000429
7 321 2159491
7 322 2065226
7 323 2163937
7 324 998493
7 325 2967913
7 326 997898
7 327 2161329
7 328 2956553
7 329 2136537
7 330 2046420
7 331 2975591
7 332 2048079
7 333 2157143
7 334 2965698
7 335 2138958
7 336 1111246
7 337 2071132
7 338 1122470
7 339 2977759
7 340 2071389
7 341 2963019
7 342 1111546
7 343 2067505
7 344 1122517
7 345 2161310
7 346 2041099
7 347 2163632
7 348 1120996
7 349 2976474
7 350 1118543
7 351 2169763
7 352 2963454
7 353 2139192
7 354 2050825
7 355 2977123
7 356 2048478
7 357 2161442
7 358 2959809
7 359 2132673
7 360 995110
7 361 1113007
7 362 1002857
7 363 3491035
7 364 1121043
7 365 3478478
7 366 996250
7 367 1114151
7 368 1005872
7 369 2964202
7 370 1123373
7 371 2969264
7 372 1001088
7 373 3506553
7 374 1003242
7 375 2970967
7 376 3473860
7 377 2947667
7 378 1118864
7 379 3508320
7 380 1121750
7 381 2970584
7 382 3473828
7 383 2948546
7 384 996745
7 385 1112757
7 386 1000088
7 387 3484839
7 388 1118244
7 389 3458757
7 390 993094
7 391 1109997
7 392 1001062
7 393 2152301
7 394 1117789
7 395 2158278
7 396 1002873
7 397 3516596
7 398 999596
7 399 2160119
7 400 3496697
7 401 2161624
7 402 1121090
7 403 3491663
7 404 1120818
7 405 2161789
7 406 3491617
7 407 2157316
7 408 993343
7 409 1113053
7 410 1002155
7 411 2962252
7 412 1121850
7 413 2960613
7 414 983408
7 415 1091615
7 416 996820
7 417 2134105
7 418 1104308
7 419 2134356
7 420 998601
7 421 2964770
7 422 998224
7 423 2162808
7 424 2958080
7 425 2136724
7 426 1119247
7 427 2973525
7 428 1114757
7 429 2163368
7 430 2958463
7 431 2136687
7 432 995533
7 433 3489135
7 434 998637
7 435 2970873
7 436 3469855
7 437 2945441
7 438 998820
7 439 3494376
7 440 994136
7 441 2161494
7 442 3496234
7 443 2163428
7 444 996032
7 445 2968328
7 446 995065
7 447 2163309
7 448 2964352
7 449 2144200
7 450 3434355
7 451 2934651
7 452 3445242
7 453 2133356
7 454 2932627
7 455 2135035
7 456 1114450
7 457 3509381
7 458 1117819
7 459 2974901
7 460 3490158
7 461 2959219
7 462 1117338
7 463 3508212
7 464 1116684
7 465 2165780
7 466 3489549
7 467 2163770
7 468 1118842
7 469 2974797
7 470 1113223
7 471 2168714
7 472 2962268
7 473 2142050
7 474 3441652
7 475 2943781
7 476 3446986
7 477 2137765
7 478 2944219
7 479 2137024
7 480 995423
7 481 2064837
7 482 998450
7 483 3511460
7 484 2050107
7 485 3509410
7 486 998337
7 487 2065335
7 488 1001136
7 489 2965351
7 490 2065541
7 491 2973137
7 492 1000953
7 493 3513152
7 494 996780
7 495 2969094
7 496 3495515
7 497 2954546
7 498 2042118
7 499 3491222
7 500 2044984
7 501 2940126
7 502 3490738
7 503 2943234
7 504 998526
7 505 2065261
7 506 998378
7 507 3511963
7 508 2046184
7 509 3506741
7 510 1001210
7 511 2069002
7 512 995723
7 513 2160990
7 514 2071081
7 515 2168693
7 516 1000501
7 517 3511686
7 518 999619
7 519 2165006
7 520 3511417
7 521 2169960
7 522 2047009
7 523 3508389
7 524 2067252
7 525 2163512
7 526 3511249
7 527 2167581
7 528 1000556
7 529 2067303
7 530 999558
7 531 2979333
7 532 2070900
7 533 2965903
7 534 997942
7 535 2037159
7 536 1000561
7 537 2161756
7 538 2041641
7 539 2166032
7 540 994065
7 541 2965543
7 542 994841
7 543 2159361
7 544 2963711
7 545 2144701
7 546 2066594
7 547 2971270
7 548 2061278
7 549 2161698
7 550 2961301
7 551 2140620
7 552 995500
7 553 3491723
7 554 997468
7 555 2970140
7 556 3474549
7 557 2952731
7 558 997428
7 559 3484942
7 560 993867
7 561 2160289
7 562 3490685
7 563 2161170
7 564 993112
7 565 2957384
7 566 983412
7 567 2132509
7 568 2957911
7 569 2135112
7 570 3441654
7 571 2943909
7 572 3445025
7 573 2137808
7 574 2943873
7 575 2135713
7 576 2016122
7 577 3462221
7 578 2018932
7 579 2936896
7 580 3465949
7 581 2936651
7 582 2020036
7 583 3462604
7 584 2040144
7 585 2133542
7 586 3463283
7 587 2157947
7 588 2041133
7 589 2938924
7 590 2016716
7 591 2158167
7 592 2922545
7 593 2131497
7 594 3436717
7 595 2936151
7 596 3445194
7 597 2135030
7 598 2932344
7 599 2131567
7 600 1100387
7 601 2038605
7 602 1104173
7 603 3481613
7 604 2042018
7 605 3458886
7 606 1104257
7 607 2041260
7 608 1116660
7 609 2932591
7 610 2042839
7 611 2957568
7 612 1116512
7 613 3483999
7 614 1104882
7 615 2957603
7 616 3464447
7 617 2937448
7 618 2041939
7 619 3482217
7 620 2040823
7 621 2935714
7 622 3465105
7 623 2924276
7 624 1104404
7 625 2042217
7 626 1104497
7 627 3483918
7 628 2041940
7 629 3458528
7 630 1108963
7 631 2067169
7 632 1116085
7 633 2131936
7 634 2063676
7 635 2163218
7 636 1118230
7 637 3506551
7 638 1119267
7 639 2159461
7 640 3485139
7 641 2161510
7 642 2043539
7 643 3482808
7 644 2065735
7 645 2162921
7 646 3490406
7 647 2158171
7 648 1108927
7 649 2067204
7 650 1117435
7 651 2965683
7 652 2070084
7 653 2966487
7 654 1104471
7 655 2039258
7 656 1118446
7 657 2160427
7 658 2043091
7 659 2161598
7 660 1114526
7 661 2946702
7 662 1113683
7 663 2164829
7 664 2930473
7 665 2135719
7 666 2061979
7 667 2961954
7 668 2058181
7 669 2159939
7 670 2960259
7 671 2140530
7 672 1114230
7 673 3504117
7 674 1117096
7 675 2971607
7 676 3481966
7 677 2950700
7 678 1114853
7 679 3487173
7 680 1113604
7 681 2161499
7 682 3489138
7 683 2159247
7 684 1116092
7 685 2966837
7 686 1102558
7 687 2161019
7 688 2960472
7 689 2143681
7 690 3432500
7 691 2935585
7 692 3443888
7 693 2131120
7 694 2932040
7 695 2132387
7 696 2016334
7 697 3461423
7 698 2018700
7 699 2936966
7 700 3463837
7 701 2931806
7 702 2019108
7 703 3460889
7 704 2039952
7 705 2133286
7 706 3460744
7 707 2155514
7 708 2039411
7 709 2930276
7 710 2013861
7 711 2152220
7 712 2926159
7 713 2130437
7 714 3432443
7 715 2929744
7 716 3436921
7 717 2126045
7 718 2920790
7 719 2103778
7 720 1437574
7 721 1545109
7 722 1437488
7 723 2483628
7 724 1547748
7 725 2452648
7 726 1437407
7 727 1544945
7 728 1447144
7 729 3900686
7 730 1554217
7 731 3896921
7 732 1447140
7 733 2480840
7 734 1437379
7 735 3897664
7 736 2459141
7 737 3891181
7 738 1552999
7 739 2479000
7 740 1554543
7 741 3888302
7 742 2460811
7 743 3823270
7 744 1436925
7 745 1544462
7 746 1436838
7 747 2483216
7 748 1547736
7 749 2451192
7 750 1462706
7 751 1577801
7 752 1469658
7 753 7235299
7 754 1588378
7 755 7255985
7 756 1468375
7 757 2523145
7 758 1468143
7 759 7256952
7 760 2503853
7 761 7286239
7 762 1579622
7 763 2497997
7 764 1590618
7 765 7284425
7 766 2506221
7 767 7258335
7 768 1462625
7 769 1577720
7 770 1467372
7 771 3924474
7 772 1586441
7 773 3882756
7 774 1436620
7 775 1544164
7 776 1469887
7 777 7255046
7 778 1577565
7 779 7255822
7 780 1468384
7 781 3943891
7 782 1469467
7 783 7302854
7 784 3905119
7 785 7260678
7 786 1590005
7 787 3897647
7 788 1587104
7 789 7300237
7 790 3908833
7 791 7288081
7 792 1471145
7 793 2519968
7 794 1469609
7 795 3961214
7 796 2502805
7 797 3956556
7 798 1470724
7 799 2496984
7 800 1466081
7 801 7300259
7 802 2501900
7 803 7300459
7 804 1467308
7 805 3922400
7 806 1436594
7 807 7255235
7 808 3909761
7 809 7286066
7 810 2481358
7 811 3925086
7 812 2487474
7 813 7258069
7 814 3900631
7 815 7257629
7 816 1576212
7 817 2507490
7 818 1580083
7 819 3941619
7 820 2504672
7 821 3874755
7 822 1580278
7 823 2506755
7 824 1590671
7 825 7257296
7 826 2497280
7 827 7303079
7 828 1588483
7 829 3895799
7 830 1576565
7 831 7300451
7 832 3856697
7 833 7258902
7 834 2483285
7 835 3900594
7 836 2476401
7 837 7257386
7 838 3860347
7 839 7235299
7 840 1438471
7 841 1546006
7 842 1438387
7 843 2485443
7 844 1548587
7 845 2455339
7 846 1438345
7 847 1545883
7 848 1447495
7 849 3900686
7 850 1554574
7 851 3896921
7 852 1447489
7 853 2483101
7 854 1438320
7 855 3897664
7 856 2461349
7 857 3891181
7 858 1553247
7 859 2481257
7 860 1554867
7 861 3888302
7 862 2463019
7 863 3823270
7 864 1440510
7 865 1549776
7 866 1440495
7 867 2497490
7 868 1550945
7 869 2480528
7 870 1441030
7 871 1559790
7 872 1440748
7 873 1452103
7 874 1563872
7 875 1471835
7 876 1449682
7 877 2520275
7 878 1444808
7 879 1471937
7 880 2497729
7 881 1475728
7 882 1558169
7 883 2505742
7 884 1566715
7 885 1475518
7 886 2496449
7 887 1472407
7 888 1445885
7 889 1562931
7 890 1454981
7 891 3938152
7 892 1572286
7 893 3927679
7 894 1444248
7 895 1563008
7 896 1444676
7 897 1471581
7 898 1564422
7 899 1471758
7 900 1453107
7 901 3941534
7 902 1451290
7 903 1480861
7 904 3911048
7 905 1478856
7 906 1570989
7 907 3950750
7 908 1573006
7 909 1481532
7 910 3913205
7 911 1481527
7 912 1453940
7 913 2505986
7 914 1448066
7 915 3946621
7 916 2493623
7 917 3944769
7 918 1456248
7 919 2514817
7 920 1451279
7 921 1481473
7 922 2509615
7 923 1481626
7 924 1453517
7 925 3941446
7 926 1444656
7 927 1472425
7 928 3913405
7 929 1481727
7 930 2471164
7 931 3923073
7 932 2497963
7 933 1479310
7 934 3913481
7 935 1479333
7 936 1560023
7 937 2493550
7 938 1560211
7 939 3923751
7 940 2485344
7 941 3856618
7 942 1564030
7 943 2518417
7 944 1571657
7 945 1479322
7 946 2509197
7 947 1482173
7 948 1572770
7 949 3952873
7 950 1571607
7 951 1482547
7 952 3913562
7 953 1478862
7 954 2476943
7 955 3905751
7 956 2490426
7 957 1479230
7 958 3895324
7 959 1471699
7 960 1440109
7 961 1549375
7 962 1440091
7 963 2496872
7 964 1551716
7 965 2477450
7 966 1465561
7 967 1582477
7 968 1475760
7 969 7265629
7 970 1594129
7 971 7272097
7 972 1474213
7 973 2536289
7 974 1470673
7 975 7271838
7 976 2515579
7 977 7290451
7 978 1584824
7 979 2531679
7 980 1594615
7 981 7289896
7 982 2517600
7 983 7268805
7 984 1440222
7 985 1549488
7 986 1440205
7 987 2497464
7 988 1551732
7 989 2478507
7 990 1444012
7 991 1562772
7 992 1444186
7 993 1469726
7 994 1564272
7 995 1471902
7 996 1449059
7 997 2521440
7 998 1444437
7 999 1470250
7 1000 2499162
7 1001 1475948
7 1002 1558419
7 1003 2503391
7 1004 1567353
7 1005 1475952
7 1006 2496595
7 1007 1471820
7 1008 1463010
7 1009 1581770
7 1010 1474035
7 1011 7267713
7 1012 1595321
7 1013 7270633
7 1014 1461751
7 1015 1579545
7 1016 1467466
7 1017 1494289
7 1018 1585131
7 1019 1495168
7 1020 1468129
7 1021 7245932
7 1022 1467513
7 1023 1499405
7 1024 7235299
7 1025 1492590
7 1026 1590976
7 1027 7279857
7 1028 1591167
7 1029 1506765
7 1030 7257629
7 1031 1497713
7 1032 1471688
7 1033 2533059
7 1034 1473996
7 1035 7289451
7 1036 2537782
7 1037 7309912
7 1038 1473829
7 1039 2534006
7 1040 1470146
7 1041 1499009
7 1042 2533415
7 1043 1503686
7 1044 1470829
7 1045 7270453
7 1046 1466926
7 1047 1500142
7 1048 7258902
7 1049 1497551
7 1050 2511723
7 1051 7298905
7 1052 2517347
7 1053 1502979
7 1054 7288081
7 1055 1500007
7 1056 1582114
7 1057 2534219
7 1058 1595888
7 1059 7300702
7 1060 2535748
7 1061 7281162
7 1062 1582347
7 1063 2536303
7 1064 1594347
7 1065 1504078
7 1066 2525309
7 1067 1501363
7 1068 1593620
7 1069 7304098
7 1070 1591960
7 1071 1509739
7 1072 7286066
7 1073 1500049
7 1074 2518967
7 1075 7291270
7 1076 2513914
7 1077 1506025
7 1078 7260678
7 1079 1493333
7 1080 1463408
7 1081 1580372
7 1082 1469004
7 1083 3936803
7 1084 1590362
7 1085 3888737
7 1086 1443440
7 1087 1560488
7 1088 1475111
7 1089 7272519
7 1090 1591930
7 1091 7277449
7 1092 1476327
7 1093 3981196
7 1094 1476683
7 1095 7322550
7 1096 3946937
7 1097 7291270
7 1098 1596972
7 1099 3956700
7 1100 1596703
7 1101 7329690
7 1102 3948010
7 1103 7298905
7 1104 1464639
7 1105 1581601
7 1106 1469434
7 1107 3939662
7 1108 1590694
7 1109 3893176
7 1110 1461527
7 1111 1580287
7 1112 1467188
7 1113 1494228
7 1114 1585970
7 1115 1495133
7 1116 1472774
7 1117 3961461
7 1118 1468881
7 1119 1498891
7 1120 3935457
7 1121 1503976
7 1122 1593600
7 1123 3917723
7 1124 1593332
7 1125 1503989
7 1126 3926074
7 1127 1499344
7 1128 1459372
7 1129 1578132
7 1130 1475775
7 1131 7269935
7 1132 1595294
7 1133 7268673
7 1134 1440296
7 1135 1559056
7 1136 1444359
7 1137 1471346
7 1138 1562935
7 1139 1471317
7 1140 1470927
7 1141 7264827
7 1142 1468682
7 1143 1501441
7 1144 7257386
7 1145 1497625
7 1146 1590998
7 1147 7278013
7 1148 1589775
7 1149 1502526
7 1150 7258069
7 1151 1497376
7 1152 1471822
7 1153 3972465
7 1154 1472661
7 1155 7315488
7 1156 3952467
7 1157 7281162
7 1158 1474885
7 1159 3971634
7 1160 1466566
7 1161 1500032
7 1162 3960819
7 1163 1507305
7 1164 1471979
7 1165 7303352
7 1166 1467972
7 1167 1501156
7 1168 7303079
7 1169 1503357
7 1170 3922559
7 1171 7268805
7 1172 3923451
7 1173 1496960
7 1174 7258335
7 1175 1497759
7 1176 1592454
7 1177 3960965
7 1178 1592086
7 1179 7328137
7 1180 3967833
7 1181 7309912
7 1182 1594262
7 1183 3971906
7 1184 1593556
7 1185 1507588
7 1186 3917465
7 1187 1506476
7 1188 1594593
7 1189 7326219
7 1190 1591737
7 1191 1507947
7 1192 7300459
7 1193 1501423
7 1194 3924961
7 1195 7290451
7 1196 3923047
7 1197 1500680
7 1198 7286239
7 1199 1499580
7 1200 1471274
7 1201 2525314
7 1202 1470497
7 1203 3981824
7 1204 2508588
7 1205 3976759
7 1206 1469324
7 1207 2521018
7 1208 1470924
7 1209 7308386
7 1210 2525874
7 1211 7326219
7 1212 1468843
7 1213 3956067
7 1214 1443698
7 1215 7283737
7 1216 3953310
7 1217 7304098
7 1218 2512038
7 1219 3960809
7 1220 2515955
7 1221 7278013
7 1222 3952034
7 1223 7279857
7 1224 1473357
7 1225 2524703
7 1226 1471454
7 1227 3984006
7 1228 2509964
7 1229 3977629
7 1230 1475244
7 1231 2532213
7 1232 1469008
7 1233 1502299
7 1234 2533893
7 1235 1508464
7 1236 1473289
7 1237 3985280
7 1238 1471113
7 1239 1501873
7 1240 3976870
7 1241 1510952
7 1242 2510269
7 1243 3971670
7 1244 2530715
7 1245 1505998
7 1246 3977747
7 1247 1508570
7 1248 1474455
7 1249 2527926
7 1250 1472822
7 1251 7322033
7 1252 2539077
7 1253 7328137
7 1254 1473090
7 1255 2523728
7 1256 1471912
7 1257 1502240
7 1258 2523437
7 1259 1504280
7 1260 1469097
7 1261 7298963
7 1262 1464786
7 1263 1498094
7 1264 7300451
7 1265 1504079
7 1266 2533837
7 1267 7329690
7 1268 2532496
7 1269 1506767
7 1270 7300237
7 1271 1499991
7 1272 1473318
7 1273 3967211
7 1274 1464842
7 1275 7297827
7 1276 3952695
7 1277 7300702
7 1278 1469284
7 1279 3944679
7 1280 1465384
7 1281 1498987
7 1282 3933829
7 1283 1505558
7 1284 1462130
7 1285 7264677
7 1286 1439963
7 1287 1471319
7 1288 7257296
7 1289 1495744
7 1290 3925658
7 1291 7289896
7 1292 3921691
7 1293 1500721
7 1294 7284425
7 1295 1498203
7 1296 2487428
7 1297 3941142
7 1298 2492732
7 1299 7268673
7 1300 3931224
7 1301 7270633
7 1302 2493493
7 1303 3943684
7 1304 2508835
7 1305 1497478
7 1306 3936972
7 1307 1504653
7 1308 2515972
7 1309 7277449
7 1310 2513694
7 1311 1505111
7 1312 7255822
7 1313 1494215
7 1314 3923749
7 1315 7272097
7 1316 3916768
7 1317 1498355
7 1318 7255985
7 1319 1494265
7 1320 1576975
7 1321 2511406
7 1322 1578494
7 1323 3958020
7 1324 2508307
7 1325 3905645
7 1326 1578415
7 1327 2509284
7 1328 1593000
7 1329 7264677
7 1330 2504788
7 1331 7303352
7 1332 1590628
7 1333 3913395
7 1334 1576158
7 1335 7298963
7 1336 3887627
7 1337 7270453
7 1338 2500812
7 1339 3906325
7 1340 2498210
7 1341 7264827
7 1342 3888244
7 1343 7245932
7 1344 1579105
7 1345 2514644
7 1346 1579615
7 1347 3960047
7 1348 2511080
7 1349 3905653
7 1350 1582815
7 1351 2539970
7 1352 1589695
7 1353 1495722
7 1354 2535781
7 1355 1504231
7 1356 1594039
7 1357 3982102
7 1358 1594144
7 1359 1503395
7 1360 3959523
7 1361 1505845
7 1362 2510296
7 1363 3910738
7 1364 2532969
7 1365 1506002
7 1366 3946272
7 1367 1499475
7 1368 1584192
7 1369 2538320
7 1370 1596311
7 1371 7297827
7 1372 2534088
7 1373 7315488
7 1374 1582796
7 1375 2537108
7 1376 1594452
7 1377 1503826
7 1378 2534700
7 1379 1503826
7 1380 1592960
7 1381 7283737
7 1382 1592055
7 1383 1508371
7 1384 7255235
7 1385 1498510
7 1386 2529520
7 1387 7322550
7 1388 2526355
7 1389 1505347
7 1390 7302854
7 1391 1499942
7 1392 1592590
7 1393 3965978
7 1394 1591561
7 1395 7322033
7 1396 3939911
7 1397 7289451
7 1398 1591900
7 1399 3923656
7 1400 1591741
7 1401 1506138
7 1402 3934095
7 1403 1503667
7 1404 1592168
7 1405 7308386
7 1406 1586912
7 1407 1501918
7 1408 7300259
7 1409 1503422
7 1410 3914758
7 1411 7271838
7 1412 3910550
7 1413 1494282
7 1414 7256952
7 1415 1495217
7 1416 2491703
7 1417 3935607
7 1418 2487035
7 1419 7269935
7 1420 3917401
7 1421 7267713
7 1422 2487495
7 1423 3933209
7 1424 2508881
7 1425 1497415
7 1426 3916596
7 1427 1502305
7 1428 2507538
7 1429 7272519
7 1430 2499251
7 1431 1500946
7 1432 7255046
7 1433 1493372
7 1434 3907433
7 1435 7265629
7 1436 3874868
7 1437 1491211
7 1438 7235299
7 1439 1467327
7 1440 2898382
7 1441 3006886
7 1442 2898281
7 1443 3942199
7 1444 3015140
7 1445 3904359
7 1446 2897966
7 1447 3006470
7 1448 2912603
7 1449 12656834
7 1450 3020460
7 1451 12660495
7 1452 2912631
7 1453 3937173
7 1454 2897924
7 1455 12660504
7 1456 3909867
7 1457 12656842
7 1458 3014334
7 1459 3934916
7 1460 3020974
7 1461 12656372
7 1462 3911990
7 1463 12653357
7 1464 2899488
7 1465 3006153
7 1466 2899321
7 1467 3930856
7 1468 3011861
7 1469 3884681
7 1470 2926782
7 1471 3038516
7 1472 2935251
7 1473 3351446
7 1474 3053605
7 1475 3410837
7 1476 2937277
7 1477 3976583
7 1478 2937341
7 1479 3408541
7 1480 3965598
7 1481 3424391
7 1482 3044260
7 1483 3910757
7 1484 3060438
7 1485 3416845
7 1486 3961635
7 1487 3414980
7 1488 2929973
7 1489 3043586
7 1490 2943945
7 1491 12897683
7 1492 3059134
7 1493 12894469
7 1494 2904573
7 1495 3016303
7 1496 2933319
7 1497 3412047
7 1498 3047717
7 1499 3411905
7 1500 2943313
7 1501 12949787
7 1502 2933587
7 1503 3427917
7 1504 12857946
7 1505 3410749
7 1506 3062541
7 1507 13037647
7 1508 3057287
7 1509 3424790
7 1510 12870635
7 1511 3419979
7 1512 2943535
7 1513 3988559
7 1514 2939943
7 1515 12978171
7 1516 3973176
7 1517 12975742
7 1518 2942412
7 1519 3925768
7 1520 2937071
7 1521 3432380
7 1522 3940244
7 1523 3426705
7 1524 2941418
7 1525 12945395
7 1526 2904805
7 1527 3415458
7 1528 12870252
7 1529 3418048
7 1530 3949771
7 1531 12946077
7 1532 3934302
7 1533 3413794
7 1534 12870633
7 1535 3407798
7 1536 3044879
7 1537 3967571
7 1538 3049742
7 1539 12903572
7 1540 3962138
7 1541 12901029
7 1542 3045542
7 1543 3955400
7 1544 3057468
7 1545 3412940
7 1546 3919174
7 1547 3430522
7 1548 3063782
7 1549 13034439
7 1550 3048439
7 1551 3432447
7 1552 12869509
7 1553 3408832
7 1554 3951548
7 1555 12948674
7 1556 3897584
7 1557 3413742
7 1558 12858210
7 1559 3379758
7 1560 2870278
7 1561 2973994
7 1562 2870049
7 1563 3890572
7 1564 2983825
7 1565 3832035
7 1566 2868703
7 1567 2972462
7 1568 2898176
7 1569 12648686
7 1570 3000842
7 1571 12651296
7 1572 2898197
7 1573 3874318
7 1574 2868325
7 1575 12650919
7 1576 3849636
7 1577 12651301
7 1578 2997796
7 1579 3873198
7 1580 3002244
7 1581 12650917
7 1582 3850723
7 1583 12645207
7 1584 2899318
7 1585 3004860
7 1586 2899155
7 1587 3925492
7 1588 3010500
7 1589 3881722
7 1590 2904523
7 1591 3021738
7 1592 2904540
7 1593 2920790
7 1594 3030968
7 1595 2932344
7 1596 2920532
7 1597 3968042
7 1598 2908007
7 1599 2932040
7 1600 3950604
7 1601 2944219
7 1602 3027671
7 1603 3935799
7 1604 3040892
7 1605 2943873
7 1606 3946444
7 1607 2932627
7 1608 2903170
7 1609 3015649
7 1610 2936096
7 1611 12897615
7 1612 3052264
7 1613 12896923
7 1614 2904592
7 1615 3020729
7 1616 2905797
7 1617 2926159
7 1618 3029149
7 1619 2922545
7 1620 2938272
7 1621 12943812
7 1622 2930777
7 1623 2960259
7 1624 12858210
7 1625 2959809
7 1626 3058865
7 1627 13036577
7 1628 3060890
7 1629 2961301
7 1630 12871583
7 1631 2965698
7 1632 2929760
7 1633 3907840
7 1634 2907097
7 1635 12970902
7 1636 3925925
7 1637 12973101
7 1638 2942878
7 1639 3962241
7 1640 2930670
7 1641 2960472
7 1642 3962229
7 1643 2962268
7 1644 2934307
7 1645 12945929
7 1646 2905678
7 1647 2930473
7 1648 12871857
7 1649 2963454
7 1650 3912013
7 1651 12946682
7 1652 3959772
7 1653 2958463
7 1654 12878861
7 1655 2955350
7 1656 3029913
7 1657 3920739
7 1658 3030076
7 1659 12897861
7 1660 3882064
7 1661 12891465
7 1662 3046463
7 1663 3960991
7 1664 3057564
7 1665 2957911
7 1666 3977794
7 1667 2964352
7 1668 3060810
7 1669 13041164
7 1670 3055585
7 1671 2963711
7 1672 12876626
7 1673 2956553
7 1674 3927203
7 1675 12947663
7 1676 3939014
7 1677 2958080
7 1678 12865156
7 1679 2930145
7 1680 2877315
7 1681 2982857
7 1682 2877153
7 1683 3902525
7 1684 2987120
7 1685 3860600
7 1686 2907534
7 1687 3020143
7 1688 2919257
7 1689 3339406
7 1690 3036614
7 1691 3388611
7 1692 2919725
7 1693 3972809
7 1694 2918129
7 1695 3395085
7 1696 3963445
7 1697 3399535
7 1698 3025871
7 1699 3940686
7 1700 3040029
7 1701 3396775
7 1702 3960541
7 1703 3393019
7 1704 2877455
7 1705 2984120
7 1706 2877289
7 1707 3907704
7 1708 2988477
7 1709 3863436
7 1710 2905149
7 1711 3019519
7 1712 2909754
7 1713 2929744
7 1714 3031231
7 1715 2936151
7 1716 2911990
7 1717 3952973
7 1718 2910045
7 1719 2935585
7 1720 3935074
7 1721 2943781
7 1722 3017885
7 1723 3888418
7 1724 3037443
7 1725 2943909
7 1726 3930105
7 1727 2934651
7 1728 2878059
7 1729 2991310
7 1730 2908216
7 1731 3328662
7 1732 3029115
7 1733 3376819
7 1734 2878204
7 1735 2993057
7 1736 2907300
7 1737 2931806
7 1738 3019563
7 1739 2936651
7 1740 2877830
7 1741 3236005
7 1742 2877848
7 1743 2924276
7 1744 3208045
7 1745 2889786
7 1746 3005210
7 1747 3391048
7 1748 3007678
7 1749 2943234
7 1750 3352343
7 1751 2901991
7 1752 2899673
7 1753 3951105
7 1754 2921027
7 1755 3414602
7 1756 3978091
7 1757 3423227
7 1758 2902364
7 1759 3954646
7 1760 2916236
7 1761 2950700
7 1762 3957356
7 1763 2959219
7 1764 2883536
7 1765 3393675
7 1766 2883243
7 1767 2937448
7 1768 3361522
7 1769 2901870
7 1770 3929240
7 1771 3411972
7 1772 3931671
7 1773 2948546
7 1774 3382685
7 1775 2913399
7 1776 3002268
7 1777 3922495
7 1778 3037877
7 1779 3417276
7 1780 3974452
7 1781 3418131
7 1782 3005720
7 1783 3939142
7 1784 3036913
7 1785 2952731
7 1786 3897203
7 1787 2945441
7 1788 3016936
7 1789 3399596
7 1790 3013605
7 1791 2954546
7 1792 3372085
7 1793 2913280
7 1794 3930056
7 1795 3417029
7 1796 3931448
7 1797 2947667
7 1798 3376500
7 1799 2902193
7 1800 2908326
7 1801 3020806
7 1802 2924720
7 1803 12795184
7 1804 3038800
7 1805 12791706
7 1806 2908204
7 1807 3021681
7 1808 2938694
7 1809 3428825
7 1810 3052286
7 1811 3438493
7 1812 2942699
7 1813 12983939
7 1814 2943929
7 1815 3445596
7 1816 12946150
7 1817 3438637
7 1818 3059706
7 1819 13006590
7 1820 3066156
7 1821 3444520
7 1822 12944770
7 1823 3440658
7 1824 2908837
7 1825 3022439
7 1826 2923210
7 1827 12795586
7 1828 3039738
7 1829 12792105
7 1830 2901083
7 1831 3013690
7 1832 2912746
7 1833 2930276
7 1834 3028252
7 1835 2938924
7 1836 2942062
7 1837 12989002
7 1838 2939141
7 1839 2961954
7 1840 12948705
7 1841 2977123
7 1842 3061528
7 1843 13007835
7 1844 3060565
7 1845 2971270
7 1846 12946110
7 1847 2975591
7 1848 2881988
7 1849 2999197
7 1850 2913340
7 1851 3410083
7 1852 3032100
7 1853 3409761
7 1854 2878823
7 1855 2990550
7 1856 2908454
7 1857 2936966
7 1858 3019537
7 1859 2936896
7 1860 2882039
7 1861 3385557
7 1862 2881847
7 1863 2935714
7 1864 3365684
7 1865 2900370
7 1866 3007989
7 1867 3413919
7 1868 3003580
7 1869 2940126
7 1870 3371655
7 1871 2900337
7 1872 2912364
7 1873 12794864
7 1874 2935468
7 1875 3443833
7 1876 12891330
7 1877 3432093
7 1878 2917485
7 1879 12797147
7 1880 2928410
7 1881 2966487
7 1882 12901029
7 1883 2963019
7 1884 2902922
7 1885 3428904
7 1886 2901972
7 1887 2957568
7 1888 3399666
7 1889 2928590
7 1890 12645207
7 1891 3416988
7 1892 12653357
7 1893 2948472
7 1894 3389711
7 1895 2926734
7 1896 3032674
7 1897 12913817
7 1898 3059845
7 1899 3446314
7 1900 12971399
7 1901 3450644
7 1902 3039672
7 1903 12915393
7 1904 3056174
7 1905 2965903
7 1906 12975396
7 1907 2981711
7 1908 3037398
7 1909 3433612
7 1910 3031258
7 1911 2973137
7 1912 3399930
7 1913 2929639
7 1914 12651301
7 1915 3435650
7 1916 12656842
7 1917 2960509
7 1918 3408201
7 1919 2932705
7 1920 2920423
7 1921 3971756
7 1922 2919086
7 1923 12921360
7 1924 3956962
7 1925 12921762
7 1926 2937475
7 1927 3941375
7 1928 2942157
7 1929 3453602
7 1930 3935763
7 1931 3455515
7 1932 2941744
7 1933 13007601
7 1934 2914763
7 1935 3444713
7 1936 13035731
7 1937 3444920
7 1938 3971669
7 1939 13008462
7 1940 3964173
7 1941 3443942
7 1942 13036577
7 1943 3439244
7 1944 2918652
7 1945 3963491
7 1946 2914798
7 1947 12922447
7 1948 3949171
7 1949 12920189
7 1950 2937251
7 1951 3919706
7 1952 2933519
7 1953 2966837
7 1954 3947581
7 1955 2974797
7 1956 2914123
7 1957 13007092
7 1958 2916758
7 1959 2946702
7 1960 13034439
7 1961 2976474
7 1962 3956754
7 1963 13012959
7 1964 3970927
7 1965 2973525
7 1966 13039980
7 1967 2972584
7 1968 2920898
7 1969 3946761
7 1970 2939308
7 1971 3450758
7 1972 3971269
7 1973 3443808
7 1974 2916609
7 1975 3900596
7 1976 2936387
7 1977 2971607
7 1978 3915641
7 1979 2974901
7 1980 2902569
7 1981 3429735
7 1982 2902333
7 1983 2957603
7 1984 3407064
7 1985 2928715
7 1986 3947877
7 1987 3439630
7 1988 3939380
7 1989 2970584
7 1990 3394925
7 1991 2930591
7 1992 2916674
7 1993 12797173
7 1994 2931503
7 1995 3450423
7 1996 12897348
7 1997 3446496
7 1998 2917841
7 1999 12795607
7 2000 2928788
7 2001 2965683
7 2002 12900013
7 2003 2977759
7 2004 2881432
7 2005 3413540
7 2006 2878304
7 2007 2932591
7 2008 3384010
7 2009 2900165
7 2010 12650917
7 2011 3435237
7 2012 12656372
7 2013 2960058
7 2014 3406563
7 2015 2930998
7 2016 3923303
7 2017 12792105
7 2018 3937887
7 2019 3438035
7 2020 12896923
7 2021 3434154
7 2022 3924577
7 2023 12793418
7 2024 3958294
7 2025 2960613
7 2026 12894469
7 2027 2966218
7 2028 3941638
7 2029 3440172
7 2030 3908172
7 2031 2969264
7 2032 3401128
7 2033 2925529
7 2034 12651296
7 2035 3435150
7 2036 12660495
7 2037 2958203
7 2038 3398622
7 2039 2922826
7 2040 3021068
7 2041 3945382
7 2042 3024787
7 2043 12799993
7 2044 3939919
7 2045 12797147
7 2046 3039791
7 2047 3951723
7 2048 3058593
7 2049 3434050
7 2050 3940692
7 2051 3449480
7 2052 3059923
7 2053 13007844
7 2054 3047141
7 2055 3450030
7 2056 12944533
7 2057 3434856
7 2058 3964705
7 2059 12989002
7 2060 3917240
7 2061 3434808
7 2062 12943812
7 2063 3404631
7 2064 3018323
7 2065 3936481
7 2066 3020222
7 2067 12799319
7 2068 3927140
7 2069 12794865
7 2070 3040446
7 2071 3967915
7 2072 3056560
7 2073 2957384
7 2074 3967731
7 2075 2968328
7 2076 3050073
7 2077 13011943
7 2078 3054948
7 2079 2965543
7 2080 12946748
7 2081 2967913
7 2082 3893974
7 2083 12983973
7 2084 3943749
7 2085 2964770
7 2086 12950353
7 2087 2940764
7 2088 3024840
7 2089 3960702
7 2090 3054262
7 2091 3438646
7 2092 3973699
7 2093 3446115
7 2094 3019323
7 2095 3930827
7 2096 3054487
7 2097 2970140
7 2098 3936107
7 2099 2970873
7 2100 3027130
7 2101 3423743
7 2102 3027057
7 2103 2969094
7 2104 3385495
7 2105 2925270
7 2106 3964950
7 2107 3444090
7 2108 3956192
7 2109 2970967
7 2110 3407034
7 2111 2932597
7 2112 3040504
7 2113 12922448
7 2114 3058274
7 2115 3461969
7 2116 12970836
7 2117 3448874
7 2118 3039482
7 2119 12921362
7 2120 3053679
7 2121 2979333
7 2122 12978171
7 2123 2977055
7 2124 3029377
7 2125 3445989
7 2126 3018619
7 2127 2965351
7 2128 3414810
7 2129 2931601
7 2130 12650919
7 2131 3435923
7 2132 12660504
7 2133 2957735
7 2134 3399705
7 2135 2923906
7 2136 3924613
7 2137 12795586
7 2138 3934958
7 2139 3440264
7 2140 12897615
7 2141 3430367
7 2142 3924968
7 2143 12795184
7 2144 3954940
7 2145 2962252
7 2146 12897683
7 2147 2963690
7 2148 3920368
7 2149 3436481
7 2150 3873103
7 2151 2964202
7 2152 3400994
7 2153 2925100
7 2154 12648686
7 2155 3424761
7 2156 12656834
7 2157 2952903
7 2158 3371361
7 2159 2900404
7 2160 3401798
7 2161 3512137
7 2162 3401796
7 2163 10502957
7 2164 3513445
7 2165 10482087
7 2166 3446590
7 2167 3556836
7 2168 3458575
7 2169 5306436
7 2170 3586334
7 2171 5335461
7 2172 3467552
7 2173 10714190
7 2174 3455874
7 2175 5339209
7 2176 10539996
7 2177 5324250
7 2178 3564198
7 2179 10714123
7 2180 3586518
7 2181 5322118
7 2182 10541085
7 2183 5317242
7 2184 3415338
7 2185 3525677
7 2186 3415336
7 2187 10515507
7 2188 3527175
7 2189 10491717
7 2190 3455121
7 2191 3575063
7 2192 3462702
7 2193 3874868
7 2194 3603285
7 2195 3916768
7 2196 3476187
7 2197 10757219
7 2198 3465879
7 2199 3910550
7 2200 10599545
7 2201 3923047
7 2202 3573159
7 2203 10738236
7 2204 3604892
7 2205 3921691
7 2206 10598831
7 2207 3923451
7 2208 3438698
7 2209 3558686
7 2210 3464481
7 2211 5281053
7 2212 3605612
7 2213 5317724
7 2214 3448959
7 2215 3559098
7 2216 3478051
7 2217 3916596
7 2218 3594711
7 2219 3936972
7 2220 3460391
7 2221 5285327
7 2222 3462564
7 2223 3946272
7 2224 5262067
7 2225 3895324
7 2226 3607892
7 2227 5363047
7 2228 3606629
7 2229 3977747
7 2230 5319844
7 2231 3913481
7 2232 3461444
7 2233 10760715
7 2234 3486501
7 2235 5396227
7 2236 10729112
7 2237 5385968
7 2238 3480857
7 2239 10755554
7 2240 3480344
7 2241 3934095
7 2242 10745654
7 2243 3917465
7 2244 3464584
7 2245 5361254
7 2246 3462891
7 2247 3959523
7 2248 5339423
7 2249 3913562
7 2250 10539139
7 2251 5389385
7 2252 10539933
7 2253 3926074
7 2254 5337737
7 2255 3913205
7 2256 3568398
7 2257 10749444
7 2258 3600227
7 2259 5391167
7 2260 10744670
7 2261 5390923
7 2262 3574622
7 2263 10762834
7 2264 3611988
7 2265 3933829
7 2266 10744367
7 2267 3960819
7 2268 3607630
7 2269 5349339
7 2270 3598352
7 2271 3976870
7 2272 5329803
7 2273 3913405
7 2274 10543363
7 2275 5390465
7 2276 10540831
7 2277 3935457
7 2278 5333997
7 2279 3911048
7 2280 3415293
7 2281 3525375
7 2282 3415289
7 2283 10515854
7 2284 3526803
7 2285 10492941
7 2286 3439017
7 2287 3541079
7 2288 3455038
7 2289 5308624
7 2290 3566014
7 2291 5335449
7 2292 3467753
7 2293 10715082
7 2294 3446050
7 2295 5336393
7 2296 10540499
7 2297 5319846
7 2298 3563750
7 2299 10715238
7 2300 3566675
7 2301 5319675
7 2302 10540905
7 2303 5307579
7 2304 3401176
7 2305 3511358
7 2306 3401173
7 2307 10505514
7 2308 3511978
7 2309 10492617
7 2310 3431662
7 2311 3551836
7 2312 3434103
7 2313 3436921
7 2314 3574274
7 2315 3445194
7 2316 3454016
7 2317 10721065
7 2318 3436931
7 2319 3443888
7 2320 10540684
7 2321 3446986
7 2322 3547302
7 2323 10714164
7 2324 3575868
7 2325 3445025
7 2326 10539995
7 2327 3445242
7 2328 3453329
7 2329 3554283
7 2330 3481410
7 2331 5340744
7 2332 3600935
7 2333 5365663
7 2334 3435632
7 2335 3537890
7 2336 3452142
7 2337 3460744
7 2338 3563348
7 2339 3463283
7 2340 3473713
7 2341 5347921
7 2342 3468137
7 2343 3490406
7 2344 5334960
7 2345 3471356
7 2346 3607155
7 2347 5397738
7 2348 3606512
7 2349 3511249
7 2350 5363905
7 2351 3479695
7 2352 3486251
7 2353 10814673
7 2354 3481676
7 2355 5401363
7 2356 10752809
7 2357 5390993
7 2358 3485141
7 2359 10801640
7 2360 3467621
7 2361 3489138
7 2362 10744280
7 2363 3489549
7 2364 3475353
7 2365 5386127
7 2366 3463445
7 2367 3485139
7 2368 5372148
7 2369 3473737
7 2370 10589317
7 2371 5383985
7 2372 10598828
7 2373 3491617
7 2374 5378867
7 2375 3475222
7 2376 3579702
7 2377 10806924
7 2378 3585342
7 2379 5378203
7 2380 10754573
7 2381 5365088
7 2382 3581775
7 2383 10815553
7 2384 3609445
7 2385 3490685
7 2386 10745752
7 2387 3496234
7 2388 3612015
7 2389 5401937
7 2390 3591174
7 2391 3511417
7 2392 5375012
7 2393 3476886
7 2394 10592213
7 2395 5383742
7 2396 10599659
7 2397 3496697
7 2398 5373613
7 2399 3468860
7 2400 3402577
7 2401 3513118
7 2402 3402577
7 2403 10506739
7 2404 3513760
7 2405 10493766
7 2406 3442047
7 2407 3562097
7 2408 3453240
7 2409 3907433
7 2410 3591145
7 2411 3923749
7 2412 3464655
7 2413 10749876
7 2414 3451268
7 2415 3914758
7 2416 10592121
7 2417 3924961
7 2418 3559998
7 2419 10743715
7 2420 3591334
7 2421 3925658
7 2422 10589357
7 2423 3922559
7 2424 3392578
7 2425 3485746
7 2426 3392120
7 2427 10502957
7 2428 3487054
7 2429 10482087
7 2430 3425051
7 2431 3526047
7 2432 3428221
7 2433 3432443
7 2434 3554164
7 2435 3436717
7 2436 3443264
7 2437 10723233
7 2438 3428074
7 2439 3432500
7 2440 10543250
7 2441 3441652
7 2442 3521105
7 2443 10703250
7 2444 3555388
7 2445 3441654
7 2446 10539145
7 2447 3434355
7 2448 3429539
7 2449 3549670
7 2450 3457110
7 2451 3917401
7 2452 3585561
7 2453 3931224
7 2454 3428708
7 2455 3538898
7 2456 3453909
7 2457 3463837
7 2458 3558867
7 2459 3465949
7 2460 3432562
7 2461 3888244
7 2462 3432494
7 2463 3465105
7 2464 3860347
7 2465 3429042
7 2466 3577756
7 2467 3952034
7 2468 3574858
7 2469 3490738
7 2470 3900631
7 2471 3435559
7 2472 3464274
7 2473 10765993
7 2474 3469609
7 2475 3939911
7 2476 10754289
7 2477 3967833
7 2478 3463250
7 2479 10766779
7 2480 3457983
7 2481 3481966
7 2482 10743647
7 2483 3490158
7 2484 3432411
7 2485 3887627
7 2486 3432371
7 2487 3464447
7 2488 3856697
7 2489 3428349
7 2490 10540843
7 2491 3948010
7 2492 10540976
7 2493 3473828
7 2494 3908833
7 2495 3440529
7 2496 3551857
7 2497 10765665
7 2498 3592296
7 2499 3952695
7 2500 10753024
7 2501 3952467
7 2502 3543601
7 2503 10767405
7 2504 3565527
7 2505 3474549
7 2506 10729323
7 2507 3469855
7 2508 3579146
7 2509 3953310
7 2510 3575575
7 2511 3495515
7 2512 3909761
7 2513 3440585
7 2514 10540541
7 2515 3946937
7 2516 10540084
7 2517 3473860
7 2518 3905119
7 2519 3435410
7 2520 3422440
7 2521 3542424
7 2522 3469628
7 2523 5302214
7 2524 3594464
7 2525 5314644
7 2526 3437771
7 2527 3557857
7 2528 3478347
7 2529 3933209
7 2530 3600427
7 2531 3943684
7 2532 3452622
7 2533 5033699
7 2534 3466499
7 2535 3910738
7 2536 5231335
7 2537 3905751
7 2538 3598653
7 2539 5311597
7 2540 3602904
7 2541 3971670
7 2542 5278951
7 2543 3923073
7 2544 3437925
7 2545 3557864
7 2546 3470062
7 2547 5312175
7 2548 3596328
7 2549 5320239
7 2550 3420757
7 2551 3521764
7 2552 3450224
7 2553 3460889
7 2554 3553433
7 2555 3462604
7 2556 3477774
7 2557 5283849
7 2558 3458740
7 2559 3482808
7 2560 5329205
7 2561 3486059
7 2562 3610717
7 2563 5359117
7 2564 3596068
7 2565 3508389
7 2566 5356267
7 2567 3491927
7 2568 3423808
7 2569 3544191
7 2570 3464458
7 2571 3935607
7 2572 3587049
7 2573 3941142
7 2574 3420050
7 2575 3522211
7 2576 3450208
7 2577 3461423
7 2578 3552537
7 2579 3462221
7 2580 3449568
7 2581 3906325
7 2582 3449294
7 2583 3482217
7 2584 3900594
7 2585 3452798
7 2586 3578154
7 2587 3960809
7 2588 3569150
7 2589 3491222
7 2590 3925086
7 2591 3456104
7 2592 3421207
7 2593 5208848
7 2594 3436683
7 2595 3905653
7 2596 4994940
7 2597 3856618
7 2598 3436716
7 2599 5240626
7 2600 3421326
7 2601 3458528
7 2602 5240247
7 2603 3458026
7 2604 3422795
7 2605 3905645
7 2606 3420962
7 2607 3458886
7 2608 3874755
7 2609 3448238
7 2610 4944200
7 2611 3823270
7 2612 5160968
7 2613 3413911
7 2614 3823270
7 2615 3415186
7 2616 3584892
7 2617 5338838
7 2618 3590404
7 2619 3977629
7 2620 5281127
7 2621 3944769
7 2622 3590023
7 2623 5356905
7 2624 3582454
7 2625 3506741
7 2626 5374619
7 2627 3507812
7 2628 3589419
7 2629 3976759
7 2630 3578799
7 2631 3509410
7 2632 3956556
7 2633 3490872
7 2634 5192836
7 2635 3891181
7 2636 5282059
7 2637 3442748
7 2638 3891181
7 2639 3442947
7 2640 3451849
7 2641 10730221
7 2642 3483978
7 2643 5385600
7 2644 10763185
7 2645 5390939
7 2646 3472831
7 2647 10753831
7 2648 3487816
7 2649 3923656
7 2650 10803499
7 2651 3971906
7 2652 3482256
7 2653 5366106
7 2654 3482122
7 2655 3982102
7 2656 5352913
7 2657 3952873
7 2658 10702444
7 2659 5370039
7 2660 10713351
7 2661 3917723
7 2662 5374406
7 2663 3950750
7 2664 3469296
7 2665 10755175
7 2666 3482129
7 2667 5390863
7 2668 10762363
7 2669 5392584
7 2670 3471793
7 2671 10753496
7 2672 3460350
7 2673 3487173
7 2674 10757965
7 2675 3508212
7 2676 3483387
7 2677 5409733
7 2678 3479719
7 2679 3506551
7 2680 5412818
7 2681 3512800
7 2682 10742385
7 2683 5407725
7 2684 10737428
7 2685 3491663
7 2686 5423990
7 2687 3510486
7 2688 3476212
7 2689 10754601
7 2690 3486908
7 2691 3965978
7 2692 10806730
7 2693 3960965
7 2694 3472640
7 2695 10729648
7 2696 3476645
7 2697 3504117
7 2698 10748744
7 2699 3509381
7 2700 3451411
7 2701 3913395
7 2702 3449316
7 2703 3483999
7 2704 3895799
7 2705 3467820
7 2706 10715123
7 2707 3956700
7 2708 10714008
7 2709 3508320
7 2710 3897647
7 2711 3472298
7 2712 3445085
7 2713 5353206
7 2714 3449720
7 2715 3960047
7 2716 5298813
7 2717 3923751
7 2718 3449999
7 2719 5361212
7 2720 3445599
7 2721 3483918
7 2722 5376164
7 2723 3488719
7 2724 3445851
7 2725 3958020
7 2726 3442240
7 2727 3481613
7 2728 3941619
7 2729 3472732
7 2730 5228173
7 2731 3888302
7 2732 5300702
7 2733 3441422
7 2734 3888302
7 2735 3441652
7 2736 10482087
7 2737 5342715
7 2738 10492617
7 2739 3893176
7 2740 5332804
7 2741 3927679
7 2742 10493766
7 2743 5357762
7 2744 10491717
7 2745 3458757
7 2746 5388576
7 2747 3487168
7 2748 10492941
7 2749 3888737
7 2750 10482087
7 2751 3478478
7 2752 3882756
7 2753 3452788
7 2754 5272851
7 2755 3896921
7 2756 5328775
7 2757 3446913
7 2758 3896921
7 2759 3447087
7 2760 3557048
7 2761 10730679
7 2762 3589552
7 2763 5373328
7 2764 10767553
7 2765 5376557
7 2766 3564587
7 2767 10759356
7 2768 3611952
7 2769 3944679
7 2770 10801702
7 2771 3971634
7 2772 3607368
7 2773 5350091
7 2774 3596126
7 2775 3985280
7 2776 5355270
7 2777 3941446
7 2778 10723893
7 2779 5380850
7 2780 10721301
7 2781 3961461
7 2782 5377320
7 2783 3941534
7 2784 3563876
7 2785 10757544
7 2786 3585279
7 2787 5374907
7 2788 10766471
7 2789 5375406
7 2790 3563696
7 2791 10771182
7 2792 3599289
7 2793 3484942
7 2794 10756057
7 2795 3494376
7 2796 3592517
7 2797 5416459
7 2798 3598278
7 2799 3511686
7 2800 5408467
7 2801 3500315
7 2802 10750374
7 2803 5405729
7 2804 10757916
7 2805 3516596
7 2806 5418994
7 2807 3495237
7 2808 3565290
7 2809 10775059
7 2810 3610766
7 2811 3967211
7 2812 10818236
7 2813 3972465
7 2814 3554713
7 2815 10748964
7 2816 3593523
7 2817 3491723
7 2818 10762926
7 2819 3489135
7 2820 3595917
7 2821 3956067
7 2822 3586495
7 2823 3513152
7 2824 3922400
7 2825 3474988
7 2826 10715121
7 2827 3981196
7 2828 10714229
7 2829 3506553
7 2830 3943891
7 2831 3476365
7 2832 3586989
7 2833 5374178
7 2834 3591236
7 2835 3984006
7 2836 5277384
7 2837 3946621
7 2838 3591148
7 2839 5381038
7 2840 3582776
7 2841 3511963
7 2842 5391007
7 2843 3509809
7 2844 3589450
7 2845 3981824
7 2846 3568448
7 2847 3511460
7 2848 3961214
7 2849 3494992
7 2850 5236757
7 2851 3897664
7 2852 5313105
7 2853 3446960
7 2854 3897664
7 2855 3447140
7 2856 10502957
7 2857 5371248
7 2858 10505514
7 2859 3939662
7 2860 5356566
7 2861 3938152
7 2862 10506739
7 2863 5375480
7 2864 10515507
7 2865 3484839
7 2866 5406084
7 2867 3493455
7 2868 10515854
7 2869 3936803
7 2870 10502957
7 2871 3491035
7 2872 3924474
7 2873 3474935
7 2874 5286923
7 2875 3900686
7 2876 5332757
7 2877 3445439
7 2878 3900686
7 2879 3445532
7 2880 1984021
7 2881 4038523
7 2882 2030024
7 2883 4450112
7 2884 4062342
7 2885 4446534
7 2886 2012663
7 2887 4064376
7 2888 2038998
7 2889 3873103
7 2890 4067480
7 2891 3908172
7 2892 2037285
7 2893 4445843
7 2894 2042689
7 2895 3956192
7 2896 4432218
7 2897 3931448
7 2898 4066412
7 2899 4469829
7 2900 4073953
7 2901 3939380
7 2902 4435240
7 2903 3931671
7 2904 2011899
7 2905 4066545
7 2906 2037198
7 2907 4479660
7 2908 4072240
7 2909 4469803
7 2910 2018271
7 2911 4094286
7 2912 2042466
7 2913 2499251
7 2914 4094564
7 2915 2513694
7 2916 2045712
7 2917 4540793
7 2918 2046955
7 2919 2526355
7 2920 4507361
7 2921 2513914
7 2922 4076331
7 2923 4521779
7 2924 4097386
7 2925 2532496
7 2926 4509165
7 2927 2517347
7 2928 2017988
7 2929 4096392
7 2930 2042805
7 2931 3954940
7 2932 4099660
7 2933 3958294
7 2934 2015500
7 2935 4067838
7 2936 2045558
7 2937 2508881
7 2938 4074999
7 2939 2508835
7 2940 2043389
7 2941 3943749
7 2942 2045369
7 2943 2532969
7 2944 3939014
7 2945 2490426
7 2946 4098243
7 2947 3970927
7 2948 4094766
7 2949 2530715
7 2950 3959772
7 2951 2497963
7 2952 2012235
7 2953 4447115
7 2954 2041202
7 2955 3936107
7 2956 4257294
7 2957 3897203
7 2958 2043994
7 2959 4526279
7 2960 2041296
7 2961 2534700
7 2962 4524566
7 2963 2525309
7 2964 2043153
7 2965 3967731
7 2966 2039568
7 2967 2535781
7 2968 3977794
7 2969 2509197
7 2970 4358408
7 2971 3930105
7 2972 4478323
7 2973 2496595
7 2974 3946444
7 2975 2496449
7 2976 4042096
7 2977 4476101
7 2978 4069235
7 2979 3915641
7 2980 4400425
7 2981 3957356
7 2982 4074485
7 2983 4521579
7 2984 4091948
7 2985 2523437
7 2986 4534195
7 2987 2533415
7 2988 4096028
7 2989 3947581
7 2990 4071043
7 2991 2533893
7 2992 3962229
7 2993 2509615
7 2994 4366575
7 2995 3935074
7 2996 4478498
7 2997 2499162
7 2998 3950604
7 2999 2497729
7 3000 2013872
7 3001 4068331
7 3002 2039290
7 3003 4477104
7 3004 4073919
7 3005 4470910
7 3006 2013969
7 3007 4066851
7 3008 2045321
7 3009 3920368
7 3010 4074494
7 3011 3941638
7 3012 2044145
7 3013 4493028
7 3014 2041171
7 3015 3964950
7 3016 4447862
7 3017 3930056
7 3018 4074302
7 3019 4506076
7 3020 4072824
7 3021 3947877
7 3022 4448710
7 3023 3929240
7 3024 2015031
7 3025 4071892
7 3026 2038295
7 3027 4469924
7 3028 4075822
7 3029 4461673
7 3030 1986492
7 3031 4072294
7 3032 2008175
7 3033 2013861
7 3034 4070371
7 3035 2016716
7 3036 2048871
7 3037 4538799
7 3038 2035107
7 3039 2058181
7 3040 4504471
7 3041 2048478
7 3042 4081503
7 3043 4517219
7 3044 4094930
7 3045 2061278
7 3046 4503948
7 3047 2048079
7 3048 2015618
7 3049 4094629
7 3050 2042048
7 3051 3934958
7 3052 4101360
7 3053 3937887
7 3054 2013580
7 3055 4095058
7 3056 2034108
7 3057 2039952
7 3058 4091662
7 3059 2040144
7 3060 2042184
7 3061 3917240
7 3062 2039397
7 3063 2065735
7 3064 3897584
7 3065 2044515
7 3066 4097200
7 3067 3964173
7 3068 4097235
7 3069 2067252
7 3070 3934302
7 3071 2048738
7 3072 2049209
7 3073 4528726
7 3074 2049039
7 3075 3973699
7 3076 4488902
7 3077 3974452
7 3078 2047003
7 3079 4522073
7 3080 2014620
7 3081 2043091
7 3082 4522087
7 3083 2041099
7 3084 2041567
7 3085 3940692
7 3086 2037916
7 3087 2063676
7 3088 3919174
7 3089 2064213
7 3090 4473457
7 3091 3960541
7 3092 4496983
7 3093 2045177
7 3094 3961635
7 3095 2051128
7 3096 4079485
7 3097 4528743
7 3098 4078344
7 3099 3971269
7 3100 4491909
7 3101 3978091
7 3102 4079309
7 3103 4530030
7 3104 4075188
7 3105 2041641
7 3106 4542008
7 3107 2065226
7 3108 4096371
7 3109 3935763
7 3110 4094912
7 3111 2071081
7 3112 3940244
7 3113 2064388
7 3114 4477943
7 3115 3963445
7 3116 4496181
7 3117 2046839
7 3118 3965598
7 3119 2051350
7 3120 2014428
7 3121 4071530
7 3122 2038437
7 3123 4470205
7 3124 4076134
7 3125 4458862
7 3126 2016276
7 3127 4094837
7 3128 2044046
7 3129 2507538
7 3130 4096071
7 3131 2515972
7 3132 2047430
7 3133 4534916
7 3134 2044119
7 3135 2529520
7 3136 4511250
7 3137 2518967
7 3138 4080395
7 3139 4518106
7 3140 4097357
7 3141 2533837
7 3142 4507972
7 3143 2511723
7 3144 2014875
7 3145 4067375
7 3146 2035593
7 3147 4462536
7 3148 4069418
7 3149 4440073
7 3150 2013917
7 3151 4096986
7 3152 2034388
7 3153 2039411
7 3154 4095738
7 3155 2041133
7 3156 2047383
7 3157 4535918
7 3158 2038989
7 3159 2061979
7 3160 4504952
7 3161 2050825
7 3162 4076744
7 3163 4494683
7 3164 4098435
7 3165 2066594
7 3166 4500316
7 3167 2046420
7 3168 1986744
7 3169 4070981
7 3170 2014557
7 3171 2487035
7 3172 4077662
7 3173 2492732
7 3174 1986538
7 3175 4068584
7 3176 2012465
7 3177 2018700
7 3178 4068489
7 3179 2018932
7 3180 2010633
7 3181 2498210
7 3182 2010633
7 3183 2040823
7 3184 2476401
7 3185 2010546
7 3186 4072243
7 3187 2515955
7 3188 4073371
7 3189 2044984
7 3190 2487474
7 3191 2012810
7 3192 2044405
7 3193 4539223
7 3194 2047319
7 3195 2534088
7 3196 4526989
7 3197 2535748
7 3198 2049239
7 3199 4540036
7 3200 2040926
7 3201 2070084
7 3202 4535813
7 3203 2071389
7 3204 2011298
7 3205 2504788
7 3206 2010681
7 3207 2042839
7 3208 2497280
7 3209 2030508
7 3210 4484731
7 3211 2517600
7 3212 4501229
7 3213 2051130
7 3214 2506221
7 3215 2036911
7 3216 4077495
7 3217 4521355
7 3218 4101657
7 3219 2539077
7 3220 4536196
7 3221 2537782
7 3222 4081594
7 3223 4520821
7 3224 4099960
7 3225 2070900
7 3226 4523698
7 3227 2071898
7 3228 4074615
7 3229 2525874
7 3230 4067600
7 3231 2065541
7 3232 2501900
7 3233 2034058
7 3234 4487741
7 3235 2515579
7 3236 4500036
7 3237 2051169
7 3238 2503853
7 3239 2035859
7 3240 1987601
7 3241 4071695
7 3242 2019570
7 3243 3924968
7 3244 4080862
7 3245 3924577
7 3246 1994086
7 3247 4074973
7 3248 2022482
7 3249 2487495
7 3250 4078584
7 3251 2493493
7 3252 2015936
7 3253 3893974
7 3254 2021874
7 3255 2510296
7 3256 3927203
7 3257 2476943
7 3258 4076118
7 3259 3956754
7 3260 4080870
7 3261 2510269
7 3262 3912013
7 3263 2471164
7 3264 1994234
7 3265 4074525
7 3266 2018768
7 3267 3924613
7 3268 4076768
7 3269 3923303
7 3270 1987288
7 3271 4070134
7 3272 2012962
7 3273 2019108
7 3274 4073760
7 3275 2020036
7 3276 2024215
7 3277 3964705
7 3278 2016927
7 3279 2043539
7 3280 3951548
7 3281 2027940
7 3282 4079791
7 3283 3971669
7 3284 4075736
7 3285 2047009
7 3286 3949771
7 3287 2024375
7 3288 1987373
7 3289 4071975
7 3290 2015762
7 3291 2491703
7 3292 4078765
7 3293 2487428
7 3294 1983448
7 3295 4037992
7 3296 2009752
7 3297 2016334
7 3298 4041490
7 3299 2016122
7 3300 2011947
7 3301 2500812
7 3302 2011769
7 3303 2041939
7 3304 2483285
7 3305 2012539
7 3306 4073683
7 3307 2512038
7 3308 4065828
7 3309 2042118
7 3310 2481358
7 3311 2012113
7 3312 2009360
7 3313 3927140
7 3314 2017237
7 3315 2511080
7 3316 3882064
7 3317 2485344
7 3318 2017262
7 3319 3939919
7 3320 2010091
7 3321 2041940
7 3322 3962138
7 3323 2041182
7 3324 2010404
7 3325 2508307
7 3326 2008992
7 3327 2042018
7 3328 2504672
7 3329 2035454
7 3330 3850723
7 3331 2463019
7 3332 3911990
7 3333 2010742
7 3334 2460811
7 3335 2010855
7 3336 4068811
7 3337 3949171
7 3338 4075231
7 3339 2509964
7 3340 3925925
7 3341 2493623
7 3342 4075541
7 3343 3956962
7 3344 4071657
7 3345 2046184
7 3346 3973176
7 3347 2046543
7 3348 4073342
7 3349 2508588
7 3350 4061773
7 3351 2050107
7 3352 2502805
7 3353 2036151
7 3354 3849636
7 3355 2461349
7 3356 3909867
7 3357 2010473
7 3358 2459141
7 3359 2010586
7 3360 2006901
7 3361 4415178
7 3362 2039655
7 3363 3930827
7 3364 4389688
7 3365 3939142
7 3366 2038355
7 3367 4495361
7 3368 2043539
7 3369 2537108
7 3370 4510901
7 3371 2536303
7 3372 2042974
7 3373 3967915
7 3374 2042426
7 3375 2539970
7 3376 3960991
7 3377 2518417
7 3378 4222675
7 3379 3888418
7 3380 4469616
7 3381 2503391
7 3382 3935799
7 3383 2505742
7 3384 2040443
7 3385 4483052
7 3386 2040804
7 3387 3960702
7 3388 4451700
7 3389 3922495
7 3390 2041551
7 3391 4489188
7 3392 2008274
7 3393 2039258
7 3394 4512840
7 3395 2067505
7 3396 2040567
7 3397 3951723
7 3398 2038067
7 3399 2067169
7 3400 3955400
7 3401 2072379
7 3402 4465733
7 3403 3940686
7 3404 4471107
7 3405 2039150
7 3406 3910757
7 3407 2065126
7 3408 2040837
7 3409 4495030
7 3410 2041005
7 3411 2538320
7 3412 4520991
7 3413 2534219
7 3414 2041803
7 3415 4489112
7 3416 2038134
7 3417 2067204
7 3418 4521605
7 3419 2071132
7 3420 2008389
7 3421 2509284
7 3422 2008331
7 3423 2041260
7 3424 2506755
7 3425 2035119
7 3426 4499048
7 3427 2531679
7 3428 4513097
7 3429 2068335
7 3430 2497997
7 3431 2033534
7 3432 2009510
7 3433 3936481
7 3434 2016639
7 3435 2514644
7 3436 3920739
7 3437 2493550
7 3438 2016713
7 3439 3945382
7 3440 2009084
7 3441 2042217
7 3442 3967571
7 3443 2047315
7 3444 2009259
7 3445 2511406
7 3446 2005284
7 3447 2038605
7 3448 2507490
7 3449 2034596
7 3450 3873198
7 3451 2481257
7 3452 3934916
7 3453 2030494
7 3454 2479000
7 3455 2030609
7 3456 4176265
7 3457 3863436
7 3458 4409750
7 3459 2478507
7 3460 3881722
7 3461 2480528
7 3462 4395593
7 3463 3860600
7 3464 4424089
7 3465 2006328
7 3466 3884681
7 3467 2039431
7 3468 4441788
7 3469 2477450
7 3470 4440182
7 3471 2039530
7 3472 2451192
7 3473 2006685
7 3474 3832035
7 3475 2455339
7 3476 3904359
7 3477 2007488
7 3478 2452648
7 3479 2007666
7 3480 4039054
7 3481 4469994
7 3482 4069828
7 3483 3900596
7 3484 4454042
7 3485 3954646
7 3486 4071341
7 3487 4516438
7 3488 4095875
7 3489 2523728
7 3490 4537968
7 3491 2534006
7 3492 4097810
7 3493 3919706
7 3494 4073528
7 3495 2532213
7 3496 3962241
7 3497 2514817
7 3498 4370334
7 3499 3952973
7 3500 4508045
7 3501 2521440
7 3502 3968042
7 3503 2520275
7 3504 4073171
7 3505 4511549
7 3506 4072225
7 3507 3946761
7 3508 4492637
7 3509 3951105
7 3510 4076186
7 3511 4520926
7 3512 4068574
7 3513 2037159
7 3514 4541869
7 3515 2069815
7 3516 4095723
7 3517 3941375
7 3518 4095166
7 3519 2069002
7 3520 3925768
7 3521 2069242
7 3522 4505628
7 3523 3972809
7 3524 4522893
7 3525 2065881
7 3526 3976583
7 3527 2074190
7 3528 4075746
7 3529 4522768
7 3530 4095444
7 3531 2527926
7 3532 4547805
7 3533 2533059
7 3534 4072910
7 3535 4515706
7 3536 4097213
7 3537 2067303
7 3538 4547274
7 3539 2071732
7 3540 4067498
7 3541 2521018
7 3542 4064996
7 3543 2065335
7 3544 2496984
7 3545 2033522
7 3546 4522388
7 3547 2536289
7 3548 4533877
7 3549 2072203
7 3550 2523145
7 3551 2056425
7 3552 4067994
7 3553 3963491
7 3554 4072616
7 3555 2524703
7 3556 3907840
7 3557 2505986
7 3558 4072133
7 3559 3971756
7 3560 4067196
7 3561 2065261
7 3562 3988559
7 3563 2061905
7 3564 4069129
7 3565 2525314
7 3566 4039585
7 3567 2064837
7 3568 2519968
7 3569 2054853
7 3570 3874318
7 3571 2483101
7 3572 3937173
7 3573 2030806
7 3574 2480840
7 3575 2030920
7 3576 4293891
7 3577 3907704
7 3578 4434222
7 3579 2497464
7 3580 3925492
7 3581 2497490
7 3582 4424483
7 3583 3902525
7 3584 4451119
7 3585 2032035
7 3586 3930856
7 3587 2051012
7 3588 4461067
7 3589 2496872
7 3590 4455168
7 3591 2051038
7 3592 2483216
7 3593 2032146
7 3594 3890572
7 3595 2485443
7 3596 3942199
7 3597 2032464
7 3598 2483628
7 3599 2032571
7 3600 1209864
7 3601 2125773
7 3602 1220444
7 3603 3568448
7 3604 2113354
7 3605 3578799
7 3606 1222275
7 3607 2148082
7 3608 1232682
7 3609 3018619
7 3610 2154176
7 3611 3031258
7 3612 1233774
7 3613 3586495
7 3614 1224254
7 3615 3027057
7 3616 3575575
7 3617 3013605
7 3618 2109900
7 3619 3569150
7 3620 2135193
7 3621 3003580
7 3622 3574858
7 3623 3007678
7 3624 1223946
7 3625 2149081
7 3626 1222497
7 3627 3582776
7 3628 2133189
7 3629 3582454
7 3630 1231249
7 3631 2162550
7 3632 1238286
7 3633 1586912
7 3634 2170442
7 3635 1591737
7 3636 1237319
7 3637 3598278
7 3638 1238554
7 3639 1592055
7 3640 3591174
7 3641 1591960
7 3642 2144130
7 3643 3596068
7 3644 2167780
7 3645 1589775
7 3646 3606512
7 3647 1591167
7 3648 1229532
7 3649 2161292
7 3650 1238008
7 3651 3053679
7 3652 2167395
7 3653 3056174
7 3654 1224568
7 3655 2147005
7 3656 1239468
7 3657 1591741
7 3658 2158057
7 3659 1593556
7 3660 1236761
7 3661 3054948
7 3662 1236149
7 3663 1594144
7 3664 3055585
7 3665 1571607
7 3666 2166391
7 3667 3060565
7 3668 2164612
7 3669 1593332
7 3670 3060890
7 3671 1573006
7 3672 1234757
7 3673 3593523
7 3674 1239049
7 3675 3054487
7 3676 3565527
7 3677 3036913
7 3678 1237668
7 3679 3599289
7 3680 1235935
7 3681 1594452
7 3682 3609445
7 3683 1594347
7 3684 1238734
7 3685 3056560
7 3686 1224474
7 3687 1589695
7 3688 3057564
7 3689 1571657
7 3690 3555388
7 3691 3037443
7 3692 3575868
7 3693 1567353
7 3694 3040892
7 3695 1566715
7 3696 2081540
7 3697 3552537
7 3698 2129015
7 3699 3019537
7 3700 3558867
7 3701 3019563
7 3702 2133142
7 3703 3553433
7 3704 2156401
7 3705 1562935
7 3706 3563348
7 3707 1585131
7 3708 2155992
7 3709 3028252
7 3710 2132125
7 3711 1585970
7 3712 3029149
7 3713 1564422
7 3714 3554164
7 3715 3031231
7 3716 3574274
7 3717 1564272
7 3718 3030968
7 3719 1563872
7 3720 1224566
7 3721 2150021
7 3722 1224966
7 3723 3589450
7 3724 2133961
7 3725 3589419
7 3726 1222638
7 3727 2147520
7 3728 1235457
7 3729 3029377
7 3730 2156149
7 3731 3037398
7 3732 1235124
7 3733 3595917
7 3734 1224435
7 3735 3027130
7 3736 3579146
7 3737 3016936
7 3738 2129671
7 3739 3578154
7 3740 2134128
7 3741 3007989
7 3742 3577756
7 3743 3005210
7 3744 1227413
7 3745 2152953
7 3746 1227598
7 3747 3591236
7 3748 2134386
7 3749 3590404
7 3750 1226770
7 3751 2157579
7 3752 1222697
7 3753 1102558
7 3754 2165224
7 3755 1113223
7 3756 1239427
7 3757 3596126
7 3758 1236188
7 3759 1113683
7 3760 3598352
7 3761 1118543
7 3762 2143427
7 3763 3602904
7 3764 2170039
7 3765 1114757
7 3766 3606629
7 3767 1118762
7 3768 1229854
7 3769 2159994
7 3770 1240317
7 3771 3058274
7 3772 2168133
7 3773 3059845
7 3774 1231949
7 3775 2163027
7 3776 1235896
7 3777 1113604
7 3778 2169243
7 3779 1116684
7 3780 1241049
7 3781 3047141
7 3782 1238103
7 3783 1119267
7 3784 3048439
7 3785 1120606
7 3786 2167975
7 3787 3066156
7 3788 2173393
7 3789 1120818
7 3790 3057287
7 3791 1121537
7 3792 1241840
7 3793 3610766
7 3794 1239175
7 3795 3054262
7 3796 3592296
7 3797 3037877
7 3798 1244417
7 3799 3611952
7 3800 1239038
7 3801 1118446
7 3802 3611988
7 3803 1122517
7 3804 1243419
7 3805 3058593
7 3806 1238341
7 3807 1116085
7 3808 3057468
7 3809 1120800
7 3810 3591334
7 3811 3040029
7 3812 3604892
7 3813 1119001
7 3814 3060438
7 3815 1119707
7 3816 2136790
7 3817 3587049
7 3818 2135152
7 3819 3032100
7 3820 3585561
7 3821 3029115
7 3822 2142537
7 3823 3600427
7 3824 2163569
7 3825 1104308
7 3826 3594711
7 3827 1116925
7 3828 2163320
7 3829 3052286
7 3830 2165819
7 3831 1117789
7 3832 3047717
7 3833 1116703
7 3834 3591145
7 3835 3036614
7 3836 3603285
7 3837 1116829
7 3838 3053605
7 3839 1117302
7 3840 1227068
7 3841 2152292
7 3842 1227365
7 3843 3591148
7 3844 2133689
7 3845 3590023
7 3846 1231208
7 3847 2160281
7 3848 1243379
7 3849 1592168
7 3850 2169888
7 3851 1594593
7 3852 1240310
7 3853 3592517
7 3854 1241495
7 3855 1592960
7 3856 3612015
7 3857 1593620
7 3858 2145173
7 3859 3610717
7 3860 2165484
7 3861 1590998
7 3862 3607155
7 3863 1590976
7 3864 1224501
7 3865 2146378
7 3866 1224262
7 3867 3586989
7 3868 2127666
7 3869 3584892
7 3870 1231802
7 3871 2160743
7 3872 1238532
7 3873 1116092
7 3874 2168958
7 3875 1118842
7 3876 1239601
7 3877 3607368
7 3878 1236799
7 3879 1114526
7 3880 3607630
7 3881 1120996
7 3882 2137788
7 3883 3598653
7 3884 2167195
7 3885 1119247
7 3886 3607892
7 3887 1118143
7 3888 1226463
7 3889 2153002
7 3890 1239270
7 3891 1591561
7 3892 2166445
7 3893 1592086
7 3894 1226438
7 3895 2152756
7 3896 1239068
7 3897 1117096
7 3898 2158906
7 3899 1117819
7 3900 1222165
7 3901 1576158
7 3902 1221975
7 3903 1104882
7 3904 1576565
7 3905 1098574
7 3906 2162706
7 3907 1596703
7 3908 2164665
7 3909 1121750
7 3910 1587104
7 3911 1107892
7 3912 1235585
7 3913 3585279
7 3914 1240096
7 3915 1596311
7 3916 3585342
7 3917 1595888
7 3918 1238942
7 3919 3589552
7 3920 1237474
7 3921 1117435
7 3922 3600227
7 3923 1122470
7 3924 1234949
7 3925 1593000
7 3926 1232291
7 3927 1116660
7 3928 1590671
7 3929 1108250
7 3930 3566675
7 3931 1594615
7 3932 3586518
7 3933 1119320
7 3934 1590618
7 3935 1112421
7 3936 2139751
7 3937 3596328
7 3938 2162971
7 3939 1595294
7 3940 3600935
7 3941 1595321
7 3942 2140021
7 3943 3594464
7 3944 2165996
7 3945 1121850
7 3946 3605612
7 3947 1121953
7 3948 2163316
7 3949 1591930
7 3950 2157941
7 3951 1123373
7 3952 1577565
7 3953 1101037
7 3954 3566014
7 3955 1594129
7 3956 3586334
7 3957 1118871
7 3958 1588378
7 3959 1110393
7 3960 1224606
7 3961 2154193
7 3962 1239177
7 3963 3039482
7 3964 2164704
7 3965 3039672
7 3966 1229034
7 3967 2154444
7 3968 1244571
7 3969 1591900
7 3970 2164281
7 3971 1594262
7 3972 1239078
7 3973 3050073
7 3974 1239096
7 3975 1594039
7 3976 3060810
7 3977 1572770
7 3978 2163076
7 3979 3061528
7 3980 2165219
7 3981 1593600
7 3982 3058865
7 3983 1570989
7 3984 1229121
7 3985 2153899
7 3986 1235809
7 3987 3040504
7 3988 2161128
7 3989 3032674
7 3990 1226369
7 3991 2149240
7 3992 1237675
7 3993 1114853
7 3994 2159629
7 3995 1117338
7 3996 1239851
7 3997 3059923
7 3998 1236705
7 3999 1118230
7 4000 3063782
7 4001 1121297
7 4002 2165627
7 4003 3059706
7 4004 2165989
7 4005 1121090
7 4006 3062541
7 4007 1118752
7 4008 1226626
7 4009 2151379
7 4010 1241984
7 4011 1592590
7 4012 2164189
7 4013 1592454
7 4014 1221402
7 4015 2118584
7 4016 1234891
7 4017 1114230
7 4018 2128156
7 4019 1114450
7 4020 1234598
7 4021 1590628
7 4022 1233239
7 4023 1116512
7 4024 1588483
7 4025 1108176
7 4026 2159403
7 4027 1596972
7 4028 2152813
7 4029 1118864
7 4030 1590005
7 4031 1108467
7 4032 1221969
7 4033 3020222
7 4034 1225309
7 4035 1579615
7 4036 3030076
7 4037 1560211
7 4038 1225071
7 4039 3024787
7 4040 1220050
7 4041 1104497
7 4042 3049742
7 4043 1108749
7 4044 1222525
7 4045 1578494
7 4046 1218066
7 4047 1104173
7 4048 1580083
7 4049 1099932
7 4050 3002244
7 4051 1554867
7 4052 3020974
7 4053 1096966
7 4054 1554543
7 4055 1096974
7 4056 2153900
7 4057 3039738
7 4058 2156985
7 4059 1590694
7 4060 3052264
7 4061 1572286
7 4062 2157628
7 4063 3038800
7 4064 2159872
7 4065 1118244
7 4066 3059134
7 4067 1119753
7 4068 2159427
7 4069 1590362
7 4070 2150145
7 4071 1121043
7 4072 1586441
7 4073 1110861
7 4074 3000842
7 4075 1554574
7 4076 3020460
7 4077 1096843
7 4078 1554217
7 4079 1096853
7 4080 1219303
7 4081 3554713
7 4082 1224326
7 4083 3019323
7 4084 3543601
7 4085 3005720
7 4086 1224267
7 4087 3563696
7 4088 1229726
7 4089 1582796
7 4090 3581775
7 4091 1582347
7 4092 1229554
7 4093 3040446
7 4094 1224634
7 4095 1582815
7 4096 3046463
7 4097 1564030
7 4098 3521105
7 4099 3017885
7 4100 3547302
7 4101 1558419
7 4102 3027671
7 4103 1558169
7 4104 1224515
7 4105 3565290
7 4106 1224351
7 4107 3024840
7 4108 3551857
7 4109 3002268
7 4110 1226924
7 4111 3564587
7 4112 1222208
7 4113 1104471
7 4114 3574622
7 4115 1111546
7 4116 1228958
7 4117 3039791
7 4118 1228993
7 4119 1108963
7 4120 3045542
7 4121 1113165
7 4122 3559998
7 4123 3025871
7 4124 3573159
7 4125 1107985
7 4126 3044260
7 4127 1110969
7 4128 1227025
7 4129 3563876
7 4130 1227703
7 4131 1584192
7 4132 3579702
7 4133 1582114
7 4134 1222570
7 4135 3557048
7 4136 1227363
7 4137 1108927
7 4138 3568398
7 4139 1111246
7 4140 1220339
7 4141 1578415
7 4142 1219972
7 4143 1104257
7 4144 1580278
7 4145 1099956
7 4146 3563750
7 4147 1584824
7 4148 3564198
7 4149 1112163
7 4150 1579622
7 4151 1103331
7 4152 1222114
7 4153 3018323
7 4154 1225038
7 4155 1579105
7 4156 3029913
7 4157 1560023
7 4158 1224691
7 4159 3021068
7 4160 1221558
7 4161 1104404
7 4162 3044879
7 4163 1108482
7 4164 1222180
7 4165 1576975
7 4166 1207558
7 4167 1100387
7 4168 1576212
7 4169 1096444
7 4170 2997796
7 4171 1553247
7 4172 3014334
7 4173 1095181
7 4174 1552999
7 4175 1095186
7 4176 3487054
7 4177 2988477
7 4178 3511978
7 4179 1551732
7 4180 3010500
7 4181 1550945
7 4182 3513760
7 4183 2987120
7 4184 3527175
7 4185 1093927
7 4186 3011861
7 4187 1102910
7 4188 3526803
7 4189 1551716
7 4190 3513445
7 4191 1102910
7 4192 1547736
7 4193 1093927
7 4194 2983825
7 4195 1548587
7 4196 3015140
7 4197 1093863
7 4198 1547748
7 4199 1093939
7 4200 2056315
7 4201 3522211
7 4202 2104664
7 4203 2990550
7 4204 3538898
7 4205 2993057
7 4206 2107215
7 4207 3521764
7 4208 2133511
7 4209 1559056
7 4210 3537890
7 4211 1579545
7 4212 2131954
7 4213 3013690
7 4214 2106522
7 4215 1580287
7 4216 3020729
7 4217 1563008
7 4218 3526047
7 4219 3019519
7 4220 3551836
7 4221 1562772
7 4222 3021738
7 4223 1559790
7 4224 2107918
7 4225 3544191
7 4226 2104889
7 4227 2999197
7 4228 3549670
7 4229 2991310
7 4230 2114333
7 4231 3557857
7 4232 2133773
7 4233 1091615
7 4234 3559098
7 4235 1111801
7 4236 2134558
7 4237 3021681
7 4238 2138357
7 4239 1109997
7 4240 3016303
7 4241 1114125
7 4242 3562097
7 4243 3020143
7 4244 3575063
7 4245 1114009
7 4246 3038516
7 4247 1113846
7 4248 2114014
7 4249 3557864
7 4250 2135500
7 4251 1578132
7 4252 3554283
7 4253 1581770
7 4254 2107848
7 4255 3542424
7 4256 2138123
7 4257 1113053
7 4258 3558686
7 4259 1111734
7 4260 2131983
7 4261 1560488
7 4262 2130887
7 4263 1114151
7 4264 1544164
7 4265 1091611
7 4266 3541079
7 4267 1582477
7 4268 3556836
7 4269 1112512
7 4270 1577801
7 4271 1106271
7 4272 2130951
7 4273 3022439
7 4274 2133097
7 4275 1581601
7 4276 3015649
7 4277 1562931
7 4278 2132856
7 4279 3020806
7 4280 2130172
7 4281 1112757
7 4282 3043586
7 4283 1113860
7 4284 2131886
7 4285 1580372
7 4286 2102247
7 4287 1113007
7 4288 1577720
7 4289 1106271
7 4290 2972462
7 4291 1545883
7 4292 3006470
7 4293 1091545
7 4294 1544945
7 4295 1091626
7 4296 3485746
7 4297 2984120
7 4298 3511358
7 4299 1549488
7 4300 3004860
7 4301 1549776
7 4302 3513118
7 4303 2982857
7 4304 3525677
7 4305 1091615
7 4306 3006153
7 4307 1102135
7 4308 3525375
7 4309 1549375
7 4310 3512137
7 4311 1102135
7 4312 1544462
7 4313 1091625
7 4314 2973994
7 4315 1546006
7 4316 3006886
7 4317 1091630
7 4318 1545109
7 4319 1091710
7 4320 1067058
7 4321 2005284
7 4322 1070775
7 4323 3442240
7 4324 2008992
7 4325 3420962
7 4326 1071103
7 4327 2008331
7 4328 1083558
7 4329 2878304
7 4330 2010681
7 4331 2901972
7 4332 1083688
7 4333 3449316
7 4334 1071525
7 4335 2902333
7 4336 3432371
7 4337 2883243
7 4338 2011769
7 4339 3449294
7 4340 2010633
7 4341 2881847
7 4342 3432494
7 4343 2877848
7 4344 1071109
7 4345 2009084
7 4346 1071050
7 4347 3445599
7 4348 2010091
7 4349 3421326
7 4350 1078544
7 4351 2038067
7 4352 1087716
7 4353 1439963
7 4354 2037916
7 4355 1467972
7 4356 1087667
7 4357 3479719
7 4358 1088933
7 4359 1464786
7 4360 3463445
7 4361 1466926
7 4362 2016927
7 4363 3458740
7 4364 2039397
7 4365 1468682
7 4366 3468137
7 4367 1467513
7 4368 1078323
7 4369 2038134
7 4370 1086981
7 4371 2928788
7 4372 2040926
7 4373 2928410
7 4374 1071537
7 4375 2008274
7 4376 1088369
7 4377 1465384
7 4378 2014620
7 4379 1466566
7 4380 1086089
7 4381 2916758
7 4382 1085207
7 4383 1471113
7 4384 2905678
7 4385 1444656
7 4386 2038989
7 4387 2939141
7 4388 2035107
7 4389 1468881
7 4390 2930777
7 4391 1451290
7 4392 1085813
7 4393 3476645
7 4394 1088404
7 4395 2936387
7 4396 3457983
7 4397 2916236
7 4398 1086875
7 4399 3460350
7 4400 1084962
7 4401 1471912
7 4402 3467621
7 4403 1470146
7 4404 1087554
7 4405 2933519
7 4406 1071581
7 4407 1469008
7 4408 2930670
7 4409 1451279
7 4410 3428074
7 4411 2910045
7 4412 3436931
7 4413 1444437
7 4414 2908007
7 4415 1444808
7 4416 2009752
7 4417 3450208
7 4418 2012465
7 4419 2908454
7 4420 3453909
7 4421 2907300
7 4422 2012962
7 4423 3450224
7 4424 2034108
7 4425 1444359
7 4426 3452142
7 4427 1467466
7 4428 2034388
7 4429 2912746
7 4430 2008175
7 4431 1467188
7 4432 2905797
7 4433 1444676
7 4434 3428221
7 4435 2909754
7 4436 3434103
7 4437 1444186
7 4438 2904540
7 4439 1440748
7 4440 1071064
7 4441 2009259
7 4442 1071544
7 4443 3445851
7 4444 2010404
7 4445 3422795
7 4446 1071208
7 4447 2008389
7 4448 1083968
7 4449 2881432
7 4450 2011298
7 4451 2902922
7 4452 1083929
7 4453 3451411
7 4454 1071540
7 4455 2902569
7 4456 3432411
7 4457 2883536
7 4458 2011947
7 4459 3449568
7 4460 2010633
7 4461 2882039
7 4462 3432562
7 4463 2877830
7 4464 1074367
7 4465 2016639
7 4466 1074772
7 4467 3449720
7 4468 2017237
7 4469 3436683
7 4470 1076316
7 4471 2042426
7 4472 1083082
7 4473 983412
7 4474 2039568
7 4475 995065
7 4476 1090960
7 4477 3482122
7 4478 1088007
7 4479 994841
7 4480 3462891
7 4481 997898
7 4482 2021874
7 4483 3466499
7 4484 2045369
7 4485 998224
7 4486 3462564
7 4487 995645
7 4488 1078705
7 4489 2041005
7 4490 1091104
7 4491 2931503
7 4492 2047319
7 4493 2935468
7 4494 1079281
7 4495 2043539
7 4496 1087794
7 4497 993867
7 4498 2041296
7 4499 994136
7 4500 1091134
7 4501 2914763
7 4502 1089821
7 4503 999619
7 4504 2904805
7 4505 995665
7 4506 2044119
7 4507 2943929
7 4508 2046955
7 4509 999596
7 4510 2933587
7 4511 1000051
7 4512 1091534
7 4513 3486908
7 4514 1088909
7 4515 2939308
7 4516 3469609
7 4517 2921027
7 4518 1094255
7 4519 3487816
7 4520 1090775
7 4521 1000561
7 4522 3480344
7 4523 1000429
7 4524 1093150
7 4525 2942157
7 4526 1088101
7 4527 995723
7 4528 2937071
7 4529 999945
7 4530 3451268
7 4531 2918129
7 4532 3465879
7 4533 997117
7 4534 2937341
7 4535 997078
7 4536 2015762
7 4537 3464458
7 4538 2014557
7 4539 2913340
7 4540 3457110
7 4541 2908216
7 4542 2022482
7 4543 3478347
7 4544 2045558
7 4545 996820
7 4546 3478051
7 4547 1000953
7 4548 2044046
7 4549 2938694
7 4550 2042466
7 4551 1001062
7 4552 2933319
7 4553 997105
7 4554 3453240
7 4555 2919257
7 4556 3462702
7 4557 997220
7 4558 2935251
7 4559 994081
7 4560 1074506
7 4561 2016713
7 4562 1074754
7 4563 3449999
7 4564 2017262
7 4565 3436716
7 4566 1078597
7 4567 2040567
7 4568 1092926
7 4569 1462130
7 4570 2041567
7 4571 1471979
7 4572 1090902
7 4573 3483387
7 4574 1090378
7 4575 1469097
7 4576 3475353
7 4577 1470829
7 4578 2024215
7 4579 3477774
7 4580 2042184
7 4581 1470927
7 4582 3473713
7 4583 1468129
7 4584 1071443
7 4585 2009510
7 4586 1071520
7 4587 3445085
7 4588 2009360
7 4589 3421207
7 4590 1078977
7 4591 2042974
7 4592 1088284
7 4593 993112
7 4594 2043153
7 4595 996032
7 4596 1088629
7 4597 3482256
7 4598 1087938
7 4599 994065
7 4600 3464584
7 4601 998493
7 4602 2015936
7 4603 3452622
7 4604 2043389
7 4605 998601
7 4606 3460391
7 4607 995461
7 4608 1076251
7 4609 2040804
7 4610 1090224
7 4611 1464842
7 4612 2049039
7 4613 1472661
7 4614 1076140
7 4615 2039655
7 4616 1090185
7 4617 997468
7 4618 2041202
7 4619 998637
7 4620 1083132
7 4621 1443698
7 4622 1083082
7 4623 996780
7 4624 1436594
7 4625 983408
7 4626 2041171
7 4627 1476683
7 4628 2042689
7 4629 1003242
7 4630 1469467
7 4631 991058
7 4632 1088445
7 4633 3482129
7 4634 1092011
7 4635 1472822
7 4636 3481676
7 4637 1473996
7 4638 1091002
7 4639 3483978
7 4640 1089913
7 4641 999558
7 4642 3486501
7 4643 1002366
7 4644 1087955
7 4645 1470924
7 4646 1086170
7 4647 1001136
7 4648 1466081
7 4649 990561
7 4650 3446050
7 4651 1470673
7 4652 3455874
7 4653 998602
7 4654 1468143
7 4655 993205
7 4656 2018768
7 4657 3470062
7 4658 2042048
7 4659 1475775
7 4660 3481410
7 4661 1474035
7 4662 2019570
7 4663 3469628
7 4664 2042805
7 4665 1002155
7 4666 3464481
7 4667 1001124
7 4668 2045321
7 4669 1475111
7 4670 2038998
7 4671 1005872
7 4672 1469887
7 4673 993388
7 4674 3455038
7 4675 1475760
7 4676 3458575
7 4677 1002019
7 4678 1469658
7 4679 991240
7 4680 1076053
7 4681 2041803
7 4682 1090851
7 4683 2917841
7 4684 2049239
7 4685 2917485
7 4686 1078782
7 4687 2041551
7 4688 1095425
7 4689 1469284
7 4690 2047003
7 4691 1474885
7 4692 1090652
7 4693 2914123
7 4694 1090982
7 4695 1473289
7 4696 2934307
7 4697 1453517
7 4698 2047383
7 4699 2942062
7 4700 2048871
7 4701 1472774
7 4702 2938272
7 4703 1453107
7 4704 1078576
7 4705 2040837
7 4706 1087360
7 4707 2916674
7 4708 2044405
7 4709 2912364
7 4710 1075949
7 4711 2038355
7 4712 1090166
7 4713 997428
7 4714 2043994
7 4715 998820
7 4716 1091402
7 4717 2941744
7 4718 1088498
7 4719 1000501
7 4720 2941418
7 4721 1002189
7 4722 2047430
7 4723 2942699
7 4724 2045712
7 4725 1002873
7 4726 2943313
7 4727 1000145
7 4728 1076415
7 4729 2040443
7 4730 1092889
7 4731 1473318
7 4732 2049209
7 4733 1471822
7 4734 1071114
7 4735 2006901
7 4736 1085891
7 4737 995500
7 4738 2012235
7 4739 995533
7 4740 1087711
7 4741 1468843
7 4742 1086493
7 4743 1000953
7 4744 1467308
7 4745 990846
7 4746 2044145
7 4747 1476327
7 4748 2037285
7 4749 1001088
7 4750 1468384
7 4751 991023
7 4752 1083046
7 4753 2914798
7 4754 1086168
7 4755 1471454
7 4756 2907097
7 4757 1448066
7 4758 1086023
7 4759 2919086
7 4760 1081234
7 4761 998378
7 4762 2939943
7 4763 999180
7 4764 1083574
7 4765 1470497
7 4766 1080035
7 4767 998450
7 4768 1469609
7 4769 993343
7 4770 2868325
7 4771 1438320
7 4772 2897924
7 4773 983327
7 4774 1437379
7 4775 983408
7 4776 2035593
7 4777 2923210
7 4778 2038295
7 4779 1469434
7 4780 2936096
7 4781 1454981
7 4782 2038437
7 4783 2924720
7 4784 2037198
7 4785 1000088
7 4786 2943945
7 4787 1001802
7 4788 2039290
7 4789 1469004
7 4790 2030024
7 4791 1002857
7 4792 1467372
7 4793 992996
7 4794 2898176
7 4795 1447495
7 4796 2912603
7 4797 989240
7 4798 1447144
7 4799 989252
7 4800 1080991
7 4801 3472640
7 4802 1084493
7 4803 2916609
7 4804 3463250
7 4805 2902364
7 4806 1084380
7 4807 3471793
7 4808 1089110
7 4809 1473090
7 4810 3485141
7 4811 1473829
7 4812 1089007
7 4813 2937251
7 4814 1084477
7 4815 1475244
7 4816 2942878
7 4817 1456248
7 4818 3443264
7 4819 2911990
7 4820 3454016
7 4821 1449059
7 4822 2920532
7 4823 1449682
7 4824 1084333
7 4825 3476212
7 4826 1084388
7 4827 2920898
7 4828 3464274
7 4829 2899673
7 4830 1086916
7 4831 3472831
7 4832 1083176
7 4833 997942
7 4834 3480857
7 4835 1003313
7 4836 1088453
7 4837 2937475
7 4838 1088580
7 4839 1001210
7 4840 2942412
7 4841 1005036
7 4842 3464655
7 4843 2919725
7 4844 3476187
7 4845 999218
7 4846 2937277
7 4847 1002023
7 4848 1087219
7 4849 3469296
7 4850 1087053
7 4851 1474455
7 4852 3486251
7 4853 1471688
7 4854 1082571
7 4855 3451849
7 4856 1086816
7 4857 1000556
7 4858 3461444
7 4859 1001306
7 4860 1081331
7 4861 1469324
7 4862 1081100
7 4863 998337
7 4864 1470724
7 4865 993458
7 4866 3467753
7 4867 1474213
7 4868 3467552
7 4869 1001904
7 4870 1468375
7 4871 993066
7 4872 1083285
7 4873 2918652
7 4874 1085983
7 4875 1473357
7 4876 2929760
7 4877 1453940
7 4878 1085724
7 4879 2920423
7 4880 1082684
7 4881 998526
7 4882 2943535
7 4883 1002167
7 4884 1083174
7 4885 1471274
7 4886 1069410
7 4887 995423
7 4888 1471145
7 4889 991382
7 4890 2898197
7 4891 1447489
7 4892 2912631
7 4893 989240
7 4894 1447140
7 4895 989252
7 4896 3392120
7 4897 2877289
7 4898 3401173
7 4899 1440205
7 4900 2899155
7 4901 1440495
7 4902 3402577
7 4903 2877153
7 4904 3415336
7 4905 983326
7 4906 2899321
7 4907 992096
7 4908 3415289
7 4909 1440091
7 4910 3401796
7 4911 992096
7 4912 1436838
7 4913 983336
7 4914 2870049
7 4915 1438387
7 4916 2898281
7 4917 983342
7 4918 1437488
7 4919 983422
7 4920 1983448
7 4921 3420050
7 4922 1986538
7 4923 2878823
7 4924 3428708
7 4925 2878204
7 4926 1987288
7 4927 3420757
7 4928 2013580
7 4929 1440296
7 4930 3435632
7 4931 1461751
7 4932 2013917
7 4933 2901083
7 4934 1986492
7 4935 1461527
7 4936 2904592
7 4937 1444248
7 4938 3425051
7 4939 2905149
7 4940 3431662
7 4941 1444012
7 4942 2904523
7 4943 1441030
7 4944 1987373
7 4945 3423808
7 4946 1986744
7 4947 2881988
7 4948 3429539
7 4949 2878059
7 4950 1994086
7 4951 3437771
7 4952 2015500
7 4953 983408
7 4954 3448959
7 4955 994786
7 4956 2016276
7 4957 2908204
7 4958 2018271
7 4959 993094
7 4960 2904573
7 4961 995342
7 4962 3442047
7 4963 2907534
7 4964 3455121
7 4965 996276
7 4966 2926782
7 4967 994136
7 4968 1994234
7 4969 3437925
7 4970 2015618
7 4971 1459372
7 4972 3453329
7 4973 1463010
7 4974 1987601
7 4975 3422440
7 4976 2017988
7 4977 993343
7 4978 3438698
7 4979 993955
7 4980 2013969
7 4981 1443440
7 4982 2012663
7 4983 996250
7 4984 1436620
7 4985 983404
7 4986 3439017
7 4987 1465561
7 4988 3446590
7 4989 995490
7 4990 1462706
7 4991 990247
7 4992 2014875
7 4993 2908837
7 4994 2015031
7 4995 1464639
7 4996 2903170
7 4997 1445885
7 4998 2014428
7 4999 2908326
7 5000 2011899
7 5001 996745
7 5002 2929973
7 5003 995960
7 5004 2013872
7 5005 1463408
7 5006 1984021
7 5007 995110
7 5008 1462625
7 5009 990247
7 5010 2868703
7 5011 1438345
7 5012 2897966
7 5013 983337
7 5014 1437407
7 5015 983418
7 5016 3392578
7 5017 2877455
7 5018 3401176
7 5019 1440222
7 5020 2899318
7 5021 1440510
7 5022 3402577
7 5023 2877315
7 5024 3415338
7 5025 983408
7 5026 2899488
7 5027 992108
7 5028 3415293
7 5029 1440109
7 5030 3401798
7 5031 992108
7 5032 1436925
7 5033 983418
7 5034 2870278
7 5035 1438471
7 5036 2898382
7 5037 983423
7 5038 1437574
7 5039 983503
