3 0 40320
3 1 40320
3 2 40320
3 3 39891
3 4 39891
3 5 38890
4 0 40264
4 1 39264
4 2 40264
4 3 36888
4 4 39264
4 5 36888
4 6 39264
4 7 36199
4 8 39264
4 9 32330
4 10 37633
4 11 33128
4 12 36888
4 13 24835
4 14 36888
4 15 24835
4 16 24553
4 17 24553
4 18 32330
4 19 24835
4 20 33128
4 21 24527
4 22 24553
4 23 24553
5 0 32928
5 1 28632
5 2 32928
5 3 18400
5 4 29456
5 5 18232
5 6 32928
5 7 28632
5 8 32928
5 9 18232
5 10 29456
5 11 18400
5 12 32928
5 13 18400
5 14 32928
5 15 18400
5 16 18232
5 17 18232
5 18 28632
5 19 18400
5 20 29456
5 21 18224
5 22 18232
5 23 18232
5 24 28632
5 25 24134
5 26 28632
5 27 16708
5 28 24616
5 29 16649
5 30 29456
5 31 24616
5 32 28632
5 33 16649
5 34 26919
5 35 17047
5 36 29456
5 37 17348
5 38 29456
5 39 17022
5 40 17077
5 41 17079
5 42 26919
5 43 17415
5 44 27030
5 45 17083
5 46 17402
5 47 17156
5 48 18400
5 49 16708
5 50 18400
5 51 7102
5 52 17348
5 53 7071
5 54 18232
5 55 16649
5 56 18400
5 57 7035
5 58 17415
5 59 7036
5 60 18232
5 61 7071
5 62 18232
5 63 7068
5 64 6996
5 65 6996
5 66 17077
5 67 7104
5 68 17402
5 69 7066
5 70 7034
5 71 7034
5 72 18232
5 73 7102
5 74 18400
5 75 7136
5 76 7071
5 77 7102
5 78 18400
5 79 7071
5 80 18224
5 81 7068
5 82 7104
5 83 7066
5 84 18232
5 85 7102
5 86 18232
5 87 7037
5 88 7034
5 89 7034
5 90 6996
5 91 7034
5 92 7034
5 93 6995
5 94 6996
5 95 6996
5 96 16649
5 97 7035
5 98 17022
5 99 7068
5 100 7068
5 101 7037
5 102 17047
5 103 7036
5 104 17083
5 105 6995
5 106 7066
5 107 7064
5 108 17079
5 109 7066
5 110 17156
5 111 7064
5 112 6995
5 113 6995
5 114 6996
5 115 7034
5 116 7034
5 117 6995
5 118 6996
5 119 6996
6 0 11592
6 1 12512
6 2 11592
6 3 3672
6 4 12720
6 5 3664
6 6 11592
6 7 12512
6 8 11648
6 9 3672
6 10 12880
6 11 3680
6 12 11648
6 13 3680
6 14 11592
6 15 3680
6 16 3672
6 17 3672
6 18 12728
6 19 3680
6 20 12896
6 21 3672
6 22 3672
6 23 3664
6 24 11592
6 25 12512
6 26 11592
6 27 3672
6 28 12720
6 29 3664
6 30 11648
6 31 12528
6 32 11592
6 33 3664
6 34 12888
6 35 3672
6 36 11648
6 37 3688
6 38 11648
6 39 3672
6 40 3680
6 41 3680
6 42 13048
6 43 3680
6 44 13056
6 45 3680
6 46 3688
6 47 3672
6 48 11648
6 49 12528
6 50 11648
6 51 3688
6 52 12880
6 53 3680
6 54 11592
6 55 12512
6 56 11648
6 57 3672
6 58 12904
6 59 3672
6 60 11592
6 61 3680
6 62 11592
6 63 3680
6 64 3664
6 65 3664
6 66 12720
6 67 3688
6 68 12896
6 69 3680
6 70 3672
6 71 3672
6 72 11592
6 73 3688
6 74 11648
6 75 3696
6 76 3680
6 77 3688
6 78 11648
6 79 3680
6 80 11592
6 81 3680
6 82 3688
6 83 3680
6 84 11592
6 85 3688
6 86 11592
6 87 3672
6 88 3672
6 89 3672
6 90 3664
6 91 3672
6 92 3672
6 93 3664
6 94 3664
6 95 3664
6 96 12512
6 97 3672
6 98 12704
6 99 3680
6 100 3680
6 101 3672
6 102 12712
6 103 3672
6 104 12720
6 105 3664
6 106 3680
6 107 3680
6 108 12720
6 109 3680
6 110 12744
6 111 3680
6 112 3664
6 113 3664
6 114 3664
6 115 3672
6 116 3672
6 117 3664
6 118 3664
6 119 3664
6 120 12512
6 121 11004
6 122 12512
6 123 4846
6 124 11225
6 125 4818
6 126 12512
6 127 11004
6 128 12528
6 129 4820
6 130 11280
6 131 4848
6 132 12528
6 133 4848
6 134 12512
6 135 4848
6 136 4820
6 137 4820
6 138 11077
6 139 4848
6 140 11285
6 141 4819
6 142 4820
6 143 4818
6 144 12720
6 145 11225
6 146 12720
6 147 4858
6 148 11288
6 149 4856
6 150 12728
6 151 11077
6 152 12512
6 153 4818
6 154 11826
6 155 4855
6 156 13048
6 157 4958
6 158 12712
6 159 4856
6 160 4929
6 161 4887
6 162 12132
6 163 4935
6 164 12040
6 165 4885
6 166 4936
6 167 4860
6 168 12880
6 169 11280
6 170 12880
6 171 4924
6 172 11551
6 173 4924
6 174 12896
6 175 11285
6 176 12704
6 177 4857
6 178 11856
6 179 4858
6 180 12720
6 181 4898
6 182 12720
6 183 4886
6 184 4856
6 185 4856
6 186 11661
6 187 4959
6 188 11972
6 189 4886
6 190 4890
6 191 4888
6 192 12888
6 193 4955
6 194 12904
6 195 4957
6 196 4927
6 197 4930
6 198 13056
6 199 4959
6 200 12720
6 201 4889
6 202 4958
6 203 4886
6 204 12896
6 205 4933
6 206 12744
6 207 4862
6 208 4893
6 209 4888
6 210 4897
6 211 4899
6 212 4932
6 213 4860
6 214 4896
6 215 4860
6 216 11826
6 217 4896
6 218 11856
6 219 4898
6 220 4898
6 221 4896
6 222 12040
6 223 4933
6 224 11834
6 225 4857
6 226 4961
6 227 4888
6 228 11972
6 229 4961
6 230 11859
6 231 4890
6 232 4894
6 233 4859
6 234 4902
6 235 4903
6 236 4934
6 237 4860
6 238 4897
6 239 4859
6 240 3672
6 241 4846
6 242 3672
6 243 892
6 244 4858
6 245 892
6 246 3680
6 247 4848
6 248 3688
6 249 894
6 250 4955
6 251 894
6 252 3688
6 253 895
6 254 3680
6 255 894
6 256 895
6 257 894
6 258 4958
6 259 895
6 260 4959
6 261 894
6 262 895
6 263 893
6 264 3664
6 265 4818
6 266 3664
6 267 892
6 268 4856
6 269 891
6 270 3680
6 271 4848
6 272 3672
6 273 892
6 274 4896
6 275 892
6 276 3680
6 277 895
6 278 3672
6 279 892
6 280 894
6 281 893
6 282 4935
6 283 893
6 284 4933
6 285 893
6 286 894
6 287 892
6 288 3672
6 289 4820
6 290 3680
6 291 894
6 292 4927
6 293 894
6 294 3672
6 295 4820
6 296 3680
6 297 893
6 298 4898
6 299 893
6 300 3664
6 301 893
6 302 3664
6 303 893
6 304 891
6 305 891
6 306 4897
6 307 895
6 308 4902
6 309 895
6 310 892
6 311 892
6 312 3680
6 313 895
6 314 3688
6 315 896
6 316 895
6 317 896
6 318 3688
6 319 895
6 320 3680
6 321 894
6 322 896
6 323 895
6 324 3672
6 325 894
6 326 3672
6 327 894
6 328 892
6 329 892
6 330 893
6 331 895
6 332 894
6 333 894
6 334 893
6 335 893
6 336 4929
6 337 894
6 338 4958
6 339 895
6 340 896
6 341 894
6 342 4936
6 343 894
6 344 4961
6 345 895
6 346 895
6 347 894
6 348 4932
6 349 896
6 350 4934
6 351 896
6 352 893
6 353 893
6 354 894
6 355 895
6 356 894
6 357 895
6 358 892
6 359 892
6 360 3672
6 361 4820
6 362 3688
6 363 894
6 364 4924
6 365 894
6 366 3680
6 367 4848
6 368 3696
6 369 895
6 370 4957
6 371 895
6 372 3680
6 373 895
6 374 3688
6 375 896
6 376 894
6 377 894
6 378 4898
6 379 896
6 380 4933
6 381 896
6 382 894
6 383 894
6 384 3680
6 385 4848
6 386 3680
6 387 894
6 388 4924
6 389 893
6 390 3672
6 391 4819
6 392 3680
6 393 893
6 394 4898
6 395 893
6 396 3688
6 397 896
6 398 3680
6 399 894
6 400 895
6 401 895
6 402 4959
6 403 895
6 404 4961
6 405 895
6 406 895
6 407 894
6 408 3672
6 409 4820
6 410 3688
6 411 894
6 412 4930
6 413 894
6 414 3664
6 415 4818
6 416 3672
6 417 892
6 418 4896
6 419 892
6 420 3672
6 421 894
6 422 3672
6 423 894
6 424 892
6 425 892
6 426 4899
6 427 895
6 428 4903
6 429 894
6 430 892
6 431 892
6 432 3664
6 433 894
6 434 3672
6 435 895
6 436 893
6 437 894
6 438 3672
6 439 894
6 440 3664
6 441 893
6 442 895
6 443 894
6 444 3664
6 445 894
6 446 3664
6 447 893
6 448 893
6 449 893
6 450 891
6 451 892
6 452 892
6 453 891
6 454 891
6 455 891
6 456 4856
6 457 895
6 458 4893
6 459 896
6 460 895
6 461 895
6 462 4890
6 463 895
6 464 4894
6 465 894
6 466 895
6 467 895
6 468 4896
6 469 896
6 470 4897
6 471 895
6 472 893
6 473 893
6 474 892
6 475 892
6 476 892
6 477 892
6 478 892
6 479 892
6 480 3664
6 481 894
6 482 3672
6 483 895
6 484 894
6 485 894
6 486 3672
6 487 894
6 488 3680
6 489 895
6 490 896
6 491 896
6 492 3680
6 493 896
6 494 3672
6 495 895
6 496 895
6 497 895
6 498 893
6 499 894
6 500 894
6 501 894
6 502 894
6 503 894
6 504 3672
6 505 894
6 506 3672
6 507 895
6 508 894
6 509 894
6 510 3680
6 511 894
6 512 3664
6 513 893
6 514 895
6 515 895
6 516 3680
6 517 896
6 518 3680
6 519 894
6 520 896
6 521 896
6 522 895
6 523 895
6 524 896
6 525 894
6 526 896
6 527 895
6 528 3680
6 529 894
6 530 3680
6 531 896
6 532 896
6 533 895
6 534 3672
6 535 893
6 536 3680
6 537 894
6 538 894
6 539 894
6 540 3664
6 541 894
6 542 3664
6 543 893
6 544 893
6 545 893
6 546 895
6 547 895
6 548 895
6 549 895
6 550 893
6 551 893
6 552 3664
6 553 894
6 554 3672
6 555 895
6 556 894
6 557 894
6 558 3672
6 559 894
6 560 3664
6 561 893
6 562 895
6 563 895
6 564 3664
6 565 894
6 566 3664
6 567 892
6 568 892
6 569 892
6 570 892
6 571 892
6 572 892
6 573 892
6 574 892
6 575 892
6 576 891
6 577 892
6 578 892
6 579 893
6 580 893
6 581 892
6 582 892
6 583 892
6 584 893
6 585 891
6 586 893
6 587 893
6 588 893
6 589 893
6 590 892
6 591 893
6 592 891
6 593 891
6 594 891
6 595 892
6 596 892
6 597 891
6 598 891
6 599 891
6 600 4818
6 601 892
6 602 4857
6 603 893
6 604 893
6 605 892
6 606 4856
6 607 892
6 608 4889
6 609 893
6 610 894
6 611 894
6 612 4886
6 613 894
6 614 4862
6 615 894
6 616 893
6 617 893
6 618 893
6 619 894
6 620 894
6 621 893
6 622 893
6 623 892
6 624 4855
6 625 892
6 626 4858
6 627 893
6 628 893
6 629 892
6 630 4885
6 631 893
6 632 4857
6 633 891
6 634 895
6 635 893
6 636 4886
6 637 895
6 638 4890
6 639 893
6 640 894
6 641 894
6 642 895
6 643 894
6 644 896
6 645 894
6 646 895
6 647 893
6 648 4887
6 649 893
6 650 4886
6 651 895
6 652 895
6 653 894
6 654 4860
6 655 892
6 656 4888
6 657 893
6 658 894
6 659 893
6 660 4860
6 661 894
6 662 4860
6 663 894
6 664 891
6 665 891
6 666 894
6 667 895
6 668 895
6 669 894
6 670 893
6 671 893
6 672 4856
6 673 895
6 674 4888
6 675 896
6 676 894
6 677 895
6 678 4888
6 679 894
6 680 4859
6 681 894
6 682 895
6 683 894
6 684 4860
6 685 895
6 686 4859
6 687 893
6 688 893
6 689 893
6 690 891
6 691 892
6 692 892
6 693 891
6 694 891
6 695 891
6 696 891
6 697 892
6 698 892
6 699 893
6 700 893
6 701 892
6 702 892
6 703 892
6 704 893
6 705 891
6 706 893
6 707 893
6 708 893
6 709 893
6 710 892
6 711 893
6 712 891
6 713 891
6 714 891
6 715 892
6 716 892
6 717 891
6 718 891
6 719 891
7 0 1456
7 1 2744
7 2 1456
7 3 296
7 4 2752
7 5 296
7 6 1456
7 7 2744
7 8 1456
7 9 296
7 10 2760
7 11 296
7 12 1456
7 13 296
7 14 1456
7 15 296
7 16 296
7 17 296
7 18 2752
7 19 296
7 20 2760
7 21 296
7 22 296
7 23 296
7 24 1456
7 25 2744
7 26 1456
7 27 296
7 28 2752
7 29 296
7 30 1456
7 31 2752
7 32 1456
7 33 296
7 34 2768
7 35 296
7 36 1456
7 37 296
7 38 1456
7 39 296
7 40 296
7 41 296
7 42 2776
7 43 296
7 44 2776
7 45 296
7 46 296
7 47 296
7 48 1456
7 49 2752
7 50 1456
7 51 296
7 52 2768
7 53 296
7 54 1456
7 55 2744
7 56 1456
7 57 296
7 58 2768
7 59 296
7 60 1456
7 61 296
7 62 1456
7 63 296
7 64 296
7 65 296
7 66 2760
7 67 296
7 68 2768
7 69 296
7 70 296
7 71 296
7 72 1456
7 73 296
7 74 1456
7 75 296
7 76 296
7 77 296
7 78 1456
7 79 296
7 80 1456
7 81 296
7 82 296
7 83 296
7 84 1456
7 85 296
7 86 1456
7 87 296
7 88 296
7 89 296
7 90 296
7 91 296
7 92 296
7 93 296
7 94 296
7 95 296
7 96 2752
7 97 296
7 98 2760
7 99 296
7 100 296
7 101 296
7 102 2760
7 103 296
7 104 2760
7 105 296
7 106 296
7 107 296
7 108 2760
7 109 296
7 110 2760
7 111 296
7 112 296
7 113 296
7 114 296
7 115 296
7 116 296
7 117 296
7 118 296
7 119 296
7 120 1456
7 121 2744
7 122 1456
7 123 296
7 124 2752
7 125 296
7 126 1456
7 127 2744
7 128 1456
7 129 296
7 130 2760
7 131 296
7 132 1456
7 133 296
7 134 1456
7 135 296
7 136 296
7 137 296
7 138 2752
7 139 296
7 140 2760
7 141 296
7 142 296
7 143 296
7 144 1456
7 145 2752
7 146 1456
7 147 296
7 148 2752
7 149 296
7 150 1456
7 151 2744
7 152 1456
7 153 296
7 154 2760
7 155 296
7 156 1456
7 157 296
7 158 1456
7 159 296
7 160 296
7 161 296
7 162 2768
7 163 296
7 164 2768
7 165 296
7 166 296
7 167 296
7 168 1456
7 169 2752
7 170 1456
7 171 296
7 172 2768
7 173 296
7 174 1456
7 175 2752
7 176 1456
7 177 296
7 178 2760
7 179 296
7 180 1456
7 181 296
7 182 1456
7 183 296
7 184 296
7 185 296
7 186 2768
7 187 296
7 188 2776
7 189 296
7 190 296
7 191 296
7 192 1456
7 193 296
7 194 1456
7 195 296
7 196 296
7 197 296
7 198 1456
7 199 296
7 200 1456
7 201 296
7 202 296
7 203 296
7 204 1456
7 205 296
7 206 1456
7 207 296
7 208 296
7 209 296
7 210 296
7 211 296
7 212 296
7 213 296
7 214 296
7 215 296
7 216 2768
7 217 296
7 218 2768
7 219 296
7 220 296
7 221 296
7 222 2776
7 223 296
7 224 2768
7 225 296
7 226 296
7 227 296
7 228 2776
7 229 296
7 230 2768
7 231 296
7 232 296
7 233 296
7 234 296
7 235 296
7 236 296
7 237 296
7 238 296
7 239 296
7 240 1456
7 241 2752
7 242 1456
7 243 296
7 244 2752
7 245 296
7 246 1456
7 247 2752
7 248 1456
7 249 296
7 250 2776
7 251 296
7 252 1456
7 253 296
7 254 1456
7 255 296
7 256 296
7 257 296
7 258 2776
7 259 296
7 260 2776
7 261 296
7 262 296
7 263 296
7 264 1456
7 265 2744
7 266 1456
7 267 296
7 268 2752
7 269 296
7 270 1456
7 271 2752
7 272 1456
7 273 296
7 274 2760
7 275 296
7 276 1456
7 277 296
7 278 1456
7 279 296
7 280 296
7 281 296
7 282 2768
7 283 296
7 284 2768
7 285 296
7 286 296
7 287 296
7 288 1456
7 289 2744
7 290 1456
7 291 296
7 292 2768
7 293 296
7 294 1456
7 295 2744
7 296 1456
7 297 296
7 298 2760
7 299 296
7 300 1456
7 301 296
7 302 1456
7 303 296
7 304 296
7 305 296
7 306 2760
7 307 296
7 308 2760
7 309 296
7 310 296
7 311 296
7 312 1456
7 313 296
7 314 1456
7 315 296
7 316 296
7 317 296
7 318 1456
7 319 296
7 320 1456
7 321 296
7 322 296
7 323 296
7 324 1456
7 325 296
7 326 1456
7 327 296
7 328 296
7 329 296
7 330 296
7 331 296
7 332 296
7 333 296
7 334 296
7 335 296
7 336 2768
7 337 296
7 338 2776
7 339 296
7 340 296
7 341 296
7 342 2768
7 343 296
7 344 2776
7 345 296
7 346 296
7 347 296
7 348 2768
7 349 296
7 350 2768
7 351 296
7 352 296
7 353 296
7 354 296
7 355 296
7 356 296
7 357 296
7 358 296
7 359 296
7 360 1456
7 361 2744
7 362 1456
7 363 296
7 364 2768
7 365 296
7 366 1456
7 367 2752
7 368 1456
7 369 296
7 370 2776
7 371 296
7 372 1456
7 373 296
7 374 1456
7 375 296
7 376 296
7 377 296
7 378 2760
7 379 296
7 380 2768
7 381 296
7 382 296
7 383 296
7 384 1456
7 385 2752
7 386 1456
7 387 296
7 388 2768
7 389 296
7 390 1456
7 391 2744
7 392 1456
7 393 296
7 394 2760
7 395 296
7 396 1456
7 397 296
7 398 1456
7 399 296
7 400 296
7 401 296
7 402 2776
7 403 296
7 404 2776
7 405 296
7 406 296
7 407 296
7 408 1456
7 409 2744
7 410 1456
7 411 296
7 412 2768
7 413 296
7 414 1456
7 415 2744
7 416 1456
7 417 296
7 418 2760
7 419 296
7 420 1456
7 421 296
7 422 1456
7 423 296
7 424 296
7 425 296
7 426 2760
7 427 296
7 428 2760
7 429 296
7 430 296
7 431 296
7 432 1456
7 433 296
7 434 1456
7 435 296
7 436 296
7 437 296
7 438 1456
7 439 296
7 440 1456
7 441 296
7 442 296
7 443 296
7 444 1456
7 445 296
7 446 1456
7 447 296
7 448 296
7 449 296
7 450 296
7 451 296
7 452 296
7 453 296
7 454 296
7 455 296
7 456 2752
7 457 296
7 458 2760
7 459 296
7 460 296
7 461 296
7 462 2760
7 463 296
7 464 2760
7 465 296
7 466 296
7 467 296
7 468 2760
7 469 296
7 470 2760
7 471 296
7 472 296
7 473 296
7 474 296
7 475 296
7 476 296
7 477 296
7 478 296
7 479 296
7 480 1456
7 481 296
7 482 1456
7 483 296
7 484 296
7 485 296
7 486 1456
7 487 296
7 488 1456
7 489 296
7 490 296
7 491 296
7 492 1456
7 493 296
7 494 1456
7 495 296
7 496 296
7 497 296
7 498 296
7 499 296
7 500 296
7 501 296
7 502 296
7 503 296
7 504 1456
7 505 296
7 506 1456
7 507 296
7 508 296
7 509 296
7 510 1456
7 511 296
7 512 1456
7 513 296
7 514 296
7 515 296
7 516 1456
7 517 296
7 518 1456
7 519 296
7 520 296
7 521 296
7 522 296
7 523 296
7 524 296
7 525 296
7 526 296
7 527 296
7 528 1456
7 529 296
7 530 1456
7 531 296
7 532 296
7 533 296
7 534 1456
7 535 296
7 536 1456
7 537 296
7 538 296
7 539 296
7 540 1456
7 541 296
7 542 1456
7 543 296
7 544 296
7 545 296
7 546 296
7 547 296
7 548 296
7 549 296
7 550 296
7 551 296
7 552 1456
7 553 296
7 554 1456
7 555 296
7 556 296
7 557 296
7 558 1456
7 559 296
7 560 1456
7 561 296
7 562 296
7 563 296
7 564 1456
7 565 296
7 566 1456
7 567 296
7 568 296
7 569 296
7 570 296
7 571 296
7 572 296
7 573 296
7 574 296
7 575 296
7 576 296
7 577 296
7 578 296
7 579 296
7 580 296
7 581 296
7 582 296
7 583 296
7 584 296
7 585 296
7 586 296
7 587 296
7 588 296
7 589 296
7 590 296
7 591 296
7 592 296
7 593 296
7 594 296
7 595 296
7 596 296
7 597 296
7 598 296
7 599 296
7 600 2744
7 601 296
7 602 2752
7 603 296
7 604 296
7 605 296
7 606 2752
7 607 296
7 608 2760
7 609 296
7 610 296
7 611 296
7 612 2760
7 613 296
7 614 2752
7 615 296
7 616 296
7 617 296
7 618 296
7 619 296
7 620 296
7 621 296
7 622 296
7 623 296
7 624 2752
7 625 296
7 626 2752
7 627 296
7 628 296
7 629 296
7 630 2760
7 631 296
7 632 2752
7 633 296
7 634 296
7 635 296
7 636 2760
7 637 296
7 638 2760
7 639 296
7 640 296
7 641 296
7 642 296
7 643 296
7 644 296
7 645 296
7 646 296
7 647 296
7 648 2760
7 649 296
7 650 2760
7 651 296
7 652 296
7 653 296
7 654 2752
7 655 296
7 656 2760
7 657 296
7 658 296
7 659 296
7 660 2752
7 661 296
7 662 2752
7 663 296
7 664 296
7 665 296
7 666 296
7 667 296
7 668 296
7 669 296
7 670 296
7 671 296
7 672 2752
7 673 296
7 674 2760
7 675 296
7 676 296
7 677 296
7 678 2760
7 679 296
7 680 2752
7 681 296
7 682 296
7 683 296
7 684 2752
7 685 296
7 686 2752
7 687 296
7 688 296
7 689 296
7 690 296
7 691 296
7 692 296
7 693 296
7 694 296
7 695 296
7 696 296
7 697 296
7 698 296
7 699 296
7 700 296
7 701 296
7 702 296
7 703 296
7 704 296
7 705 296
7 706 296
7 707 296
7 708 296
7 709 296
7 710 296
7 711 296
7 712 296
7 713 296
7 714 296
7 715 296
7 716 296
7 717 296
7 718 296
7 719 296
7 720 2744
7 721 3192
7 722 2744
7 723 688
7 724 3224
7 725 687
7 726 2744
7 727 3192
7 728 2752
7 729 688
7 730 3250
7 731 689
7 732 2752
7 733 689
7 734 2744
7 735 689
7 736 688
7 737 688
7 738 3225
7 739 689
7 740 3252
7 741 688
7 742 688
7 743 687
7 744 2744
7 745 3192
7 746 2744
7 747 688
7 748 3224
7 749 687
7 750 2752
7 751 3196
7 752 2744
7 753 687
7 754 3253
7 755 688
7 756 2752
7 757 690
7 758 2752
7 759 688
7 760 689
7 761 689
7 762 3279
7 763 689
7 764 3280
7 765 689
7 766 690
7 767 688
7 768 2752
7 769 3196
7 770 2752
7 771 690
7 772 3252
7 773 689
7 774 2744
7 775 3192
7 776 2752
7 777 688
7 778 3255
7 779 688
7 780 2744
7 781 689
7 782 2744
7 783 689
7 784 687
7 785 687
7 786 3226
7 787 690
7 788 3254
7 789 689
7 790 688
7 791 688
7 792 2744
7 793 690
7 794 2752
7 795 691
7 796 689
7 797 690
7 798 2752
7 799 689
7 800 2744
7 801 689
7 802 690
7 803 689
7 804 2744
7 805 690
7 806 2744
7 807 688
7 808 688
7 809 688
7 810 687
7 811 688
7 812 688
7 813 687
7 814 687
7 815 687
7 816 3194
7 817 688
7 818 3224
7 819 689
7 820 689
7 821 688
7 822 3225
7 823 688
7 824 3226
7 825 687
7 826 689
7 827 689
7 828 3226
7 829 689
7 830 3229
7 831 689
7 832 687
7 833 687
7 834 687
7 835 688
7 836 688
7 837 687
7 838 687
7 839 687
7 840 2752
7 841 3224
7 842 2752
7 843 689
7 844 3252
7 845 688
7 846 2752
7 847 3224
7 848 2752
7 849 688
7 850 3254
7 851 689
7 852 2752
7 853 689
7 854 2752
7 855 689
7 856 688
7 857 688
7 858 3226
7 859 689
7 860 3254
7 861 688
7 862 688
7 863 688
7 864 2752
7 865 3225
7 866 2752
7 867 688
7 868 3226
7 869 688
7 870 2752
7 871 3194
7 872 2744
7 873 687
7 874 3263
7 875 688
7 876 2768
7 877 691
7 878 2752
7 879 688
7 880 690
7 881 689
7 882 3299
7 883 690
7 884 3295
7 885 689
7 886 690
7 887 688
7 888 2776
7 889 3279
7 890 2776
7 891 691
7 892 3309
7 893 691
7 894 2760
7 895 3225
7 896 2752
7 897 688
7 898 3265
7 899 688
7 900 2768
7 901 691
7 902 2760
7 903 690
7 904 690
7 905 689
7 906 3320
7 907 692
7 908 3321
7 909 690
7 910 690
7 911 690
7 912 2768
7 913 692
7 914 2768
7 915 692
7 916 691
7 917 691
7 918 2776
7 919 692
7 920 2760
7 921 690
7 922 692
7 923 690
7 924 2768
7 925 691
7 926 2752
7 927 688
7 928 690
7 929 690
7 930 690
7 931 690
7 932 691
7 933 689
7 934 690
7 935 689
7 936 3299
7 937 690
7 938 3301
7 939 690
7 940 690
7 941 690
7 942 3328
7 943 691
7 944 3298
7 945 689
7 946 692
7 947 690
7 948 3327
7 949 692
7 950 3298
7 951 690
7 952 690
7 953 689
7 954 690
7 955 690
7 956 691
7 957 689
7 958 690
7 959 688
7 960 2760
7 961 3250
7 962 2760
7 963 689
7 964 3254
7 965 689
7 966 2768
7 967 3252
7 968 2768
7 969 690
7 970 3314
7 971 690
7 972 2768
7 973 691
7 974 2768
7 975 690
7 976 691
7 977 690
7 978 3309
7 979 691
7 980 3312
7 981 690
7 982 691
7 983 690
7 984 2760
7 985 3252
7 986 2760
7 987 689
7 988 3254
7 989 689
7 990 2760
7 991 3224
7 992 2752
7 993 688
7 994 3266
7 995 688
7 996 2768
7 997 691
7 998 2752
7 999 688
7 1000 690
7 1001 689
7 1002 3301
7 1003 690
7 1004 3298
7 1005 689
7 1006 690
7 1007 688
7 1008 2760
7 1009 3226
7 1010 2760
7 1011 690
7 1012 3287
7 1013 690
7 1014 2760
7 1015 3226
7 1016 2760
7 1017 689
7 1018 3268
7 1019 689
7 1020 2752
7 1021 689
7 1022 2752
7 1023 689
7 1024 688
7 1025 688
7 1026 3293
7 1027 691
7 1028 3297
7 1029 691
7 1030 689
7 1031 689
7 1032 2768
7 1033 692
7 1034 2776
7 1035 692
7 1036 691
7 1037 692
7 1038 2776
7 1039 692
7 1040 2760
7 1041 690
7 1042 692
7 1043 691
7 1044 2760
7 1045 690
7 1046 2760
7 1047 690
7 1048 689
7 1049 689
7 1050 690
7 1051 691
7 1052 691
7 1053 690
7 1054 690
7 1055 690
7 1056 3320
7 1057 691
7 1058 3323
7 1059 691
7 1060 692
7 1061 691
7 1062 3327
7 1063 691
7 1064 3323
7 1065 691
7 1066 692
7 1067 690
7 1068 3322
7 1069 692
7 1070 3322
7 1071 692
7 1072 690
7 1073 690
7 1074 691
7 1075 691
7 1076 691
7 1077 691
7 1078 689
7 1079 689
7 1080 2768
7 1081 3253
7 1082 2776
7 1083 691
7 1084 3314
7 1085 691
7 1086 2768
7 1087 3255
7 1088 2776
7 1089 691
7 1090 3317
7 1091 691
7 1092 2768
7 1093 692
7 1094 2768
7 1095 692
7 1096 690
7 1097 690
7 1098 3287
7 1099 692
7 1100 3294
7 1101 692
7 1102 690
7 1103 690
7 1104 2776
7 1105 3280
7 1106 2776
7 1107 691
7 1108 3312
7 1109 691
7 1110 2760
7 1111 3226
7 1112 2760
7 1113 689
7 1114 3268
7 1115 689
7 1116 2776
7 1117 692
7 1118 2760
7 1119 690
7 1120 691
7 1121 691
7 1122 3323
7 1123 692
7 1124 3323
7 1125 691
7 1126 691
7 1127 690
7 1128 2768
7 1129 3254
7 1130 2768
7 1131 690
7 1132 3294
7 1133 690
7 1134 2760
7 1135 3229
7 1136 2752
7 1137 688
7 1138 3266
7 1139 688
7 1140 2760
7 1141 690
7 1142 2760
7 1143 690
7 1144 689
7 1145 689
7 1146 3295
7 1147 691
7 1148 3298
7 1149 690
7 1150 689
7 1151 689
7 1152 2760
7 1153 691
7 1154 2760
7 1155 691
7 1156 690
7 1157 690
7 1158 2768
7 1159 691
7 1160 2752
7 1161 689
7 1162 691
7 1163 690
7 1164 2760
7 1165 690
7 1166 2752
7 1167 689
7 1168 690
7 1169 690
7 1170 689
7 1171 689
7 1172 690
7 1173 688
7 1174 689
7 1175 688
7 1176 3293
7 1177 692
7 1178 3295
7 1179 692
7 1180 691
7 1181 691
7 1182 3322
7 1183 692
7 1184 3296
7 1185 690
7 1186 692
7 1187 691
7 1188 3322
7 1189 692
7 1190 3296
7 1191 691
7 1192 690
7 1193 690
7 1194 689
7 1195 689
7 1196 690
7 1197 689
7 1198 690
7 1199 689
7 1200 2760
7 1201 691
7 1202 2760
7 1203 692
7 1204 691
7 1205 691
7 1206 2760
7 1207 691
7 1208 2760
7 1209 691
7 1210 692
7 1211 692
7 1212 2760
7 1213 692
7 1214 2760
7 1215 691
7 1216 691
7 1217 691
7 1218 690
7 1219 690
7 1220 690
7 1221 690
7 1222 690
7 1223 690
7 1224 2768
7 1225 692
7 1226 2768
7 1227 692
7 1228 691
7 1229 691
7 1230 2768
7 1231 691
7 1232 2752
7 1233 689
7 1234 691
7 1235 691
7 1236 2776
7 1237 692
7 1238 2760
7 1239 690
7 1240 692
7 1241 692
7 1242 691
7 1243 691
7 1244 692
7 1245 690
7 1246 692
7 1247 691
7 1248 2776
7 1249 692
7 1250 2776
7 1251 692
7 1252 692
7 1253 692
7 1254 2768
7 1255 691
7 1256 2760
7 1257 690
7 1258 691
7 1259 690
7 1260 2760
7 1261 690
7 1262 2752
7 1263 689
7 1264 690
7 1265 690
7 1266 692
7 1267 692
7 1268 692
7 1269 691
7 1270 690
7 1271 690
7 1272 2760
7 1273 691
7 1274 2760
7 1275 691
7 1276 690
7 1277 690
7 1278 2768
7 1279 691
7 1280 2752
7 1281 689
7 1282 691
7 1283 691
7 1284 2760
7 1285 690
7 1286 2752
7 1287 688
7 1288 689
7 1289 689
7 1290 689
7 1291 689
7 1292 690
7 1293 689
7 1294 690
7 1295 689
7 1296 689
7 1297 689
7 1298 689
7 1299 689
7 1300 689
7 1301 689
7 1302 690
7 1303 690
7 1304 690
7 1305 688
7 1306 691
7 1307 689
7 1308 691
7 1309 691
7 1310 690
7 1311 689
7 1312 689
7 1313 688
7 1314 689
7 1315 689
7 1316 690
7 1317 688
7 1318 689
7 1319 688
7 1320 3263
7 1321 689
7 1322 3266
7 1323 690
7 1324 690
7 1325 689
7 1326 3265
7 1327 689
7 1328 3268
7 1329 689
7 1330 690
7 1331 690
7 1332 3268
7 1333 690
7 1334 3266
7 1335 690
7 1336 689
7 1337 689
7 1338 689
7 1339 690
7 1340 690
7 1341 689
7 1342 689
7 1343 689
7 1344 3295
7 1345 690
7 1346 3298
7 1347 690
7 1348 690
7 1349 690
7 1350 3298
7 1351 690
7 1352 3263
7 1353 688
7 1354 691
7 1355 689
7 1356 3323
7 1357 692
7 1358 3268
7 1359 689
7 1360 691
7 1361 690
7 1362 691
7 1363 691
7 1364 692
7 1365 690
7 1366 691
7 1367 689
7 1368 3321
7 1369 691
7 1370 3323
7 1371 691
7 1372 692
7 1373 691
7 1374 3298
7 1375 690
7 1376 3268
7 1377 689
7 1378 691
7 1379 689
7 1380 3296
7 1381 691
7 1382 3264
7 1383 690
7 1384 689
7 1385 688
7 1386 692
7 1387 692
7 1388 692
7 1389 690
7 1390 690
7 1391 690
7 1392 3297
7 1393 692
7 1394 3298
7 1395 692
7 1396 691
7 1397 691
7 1398 3322
7 1399 692
7 1400 3264
7 1401 690
7 1402 692
7 1403 690
7 1404 3296
7 1405 691
7 1406 3264
7 1407 689
7 1408 690
7 1409 690
7 1410 689
7 1411 689
7 1412 690
7 1413 688
7 1414 689
7 1415 688
7 1416 689
7 1417 689
7 1418 689
7 1419 689
7 1420 689
7 1421 689
7 1422 690
7 1423 690
7 1424 690
7 1425 688
7 1426 691
7 1427 689
7 1428 691
7 1429 691
7 1430 690
7 1431 689
7 1432 689
7 1433 688
7 1434 689
7 1435 689
7 1436 690
7 1437 688
7 1438 689
7 1439 688
7 1440 296
7 1441 688
7 1442 296
7 1443 50
7 1444 689
7 1445 50
7 1446 296
7 1447 688
7 1448 296
7 1449 50
7 1450 689
7 1451 50
7 1452 296
7 1453 50
7 1454 296
7 1455 50
7 1456 50
7 1457 50
7 1458 688
7 1459 50
7 1460 689
7 1461 50
7 1462 50
7 1463 50
7 1464 296
7 1465 689
7 1466 296
7 1467 50
7 1468 689
7 1469 50
7 1470 296
7 1471 690
7 1472 296
7 1473 50
7 1474 691
7 1475 50
7 1476 296
7 1477 50
7 1478 296
7 1479 50
7 1480 50
7 1481 50
7 1482 692
7 1483 50
7 1484 692
7 1485 50
7 1486 50
7 1487 50
7 1488 296
7 1489 690
7 1490 296
7 1491 50
7 1492 691
7 1493 50
7 1494 296
7 1495 689
7 1496 296
7 1497 50
7 1498 691
7 1499 50
7 1500 296
7 1501 50
7 1502 296
7 1503 50
7 1504 50
7 1505 50
7 1506 692
7 1507 50
7 1508 692
7 1509 50
7 1510 50
7 1511 50
7 1512 296
7 1513 50
7 1514 296
7 1515 50
7 1516 50
7 1517 50
7 1518 296
7 1519 50
7 1520 296
7 1521 50
7 1522 50
7 1523 50
7 1524 296
7 1525 50
7 1526 296
7 1527 50
7 1528 50
7 1529 50
7 1530 50
7 1531 50
7 1532 50
7 1533 50
7 1534 50
7 1535 50
7 1536 691
7 1537 50
7 1538 691
7 1539 50
7 1540 50
7 1541 50
7 1542 692
7 1543 50
7 1544 691
7 1545 50
7 1546 50
7 1547 50
7 1548 692
7 1549 50
7 1550 691
7 1551 50
7 1552 50
7 1553 50
7 1554 50
7 1555 50
7 1556 50
7 1557 50
7 1558 50
7 1559 50
7 1560 296
7 1561 687
7 1562 296
7 1563 50
7 1564 688
7 1565 50
7 1566 296
7 1567 687
7 1568 296
7 1569 50
7 1570 689
7 1571 50
7 1572 296
7 1573 50
7 1574 296
7 1575 50
7 1576 50
7 1577 50
7 1578 688
7 1579 50
7 1580 689
7 1581 50
7 1582 50
7 1583 50
7 1584 296
7 1585 689
7 1586 296
7 1587 50
7 1588 689
7 1589 50
7 1590 296
7 1591 688
7 1592 296
7 1593 50
7 1594 689
7 1595 50
7 1596 296
7 1597 50
7 1598 296
7 1599 50
7 1600 50
7 1601 50
7 1602 690
7 1603 50
7 1604 690
7 1605 50
7 1606 50
7 1607 50
7 1608 296
7 1609 689
7 1610 296
7 1611 50
7 1612 691
7 1613 50
7 1614 296
7 1615 688
7 1616 296
7 1617 50
7 1618 689
7 1619 50
7 1620 296
7 1621 50
7 1622 296
7 1623 50
7 1624 50
7 1625 50
7 1626 691
7 1627 50
7 1628 691
7 1629 50
7 1630 50
7 1631 50
7 1632 296
7 1633 50
7 1634 296
7 1635 50
7 1636 50
7 1637 50
7 1638 296
7 1639 50
7 1640 296
7 1641 50
7 1642 50
7 1643 50
7 1644 296
7 1645 50
7 1646 296
7 1647 50
7 1648 50
7 1649 50
7 1650 50
7 1651 50
7 1652 50
7 1653 50
7 1654 50
7 1655 50
7 1656 690
7 1657 50
7 1658 690
7 1659 50
7 1660 50
7 1661 50
7 1662 691
7 1663 50
7 1664 690
7 1665 50
7 1666 50
7 1667 50
7 1668 691
7 1669 50
7 1670 690
7 1671 50
7 1672 50
7 1673 50
7 1674 50
7 1675 50
7 1676 50
7 1677 50
7 1678 50
7 1679 50
7 1680 296
7 1681 688
7 1682 296
7 1683 50
7 1684 688
7 1685 50
7 1686 296
7 1687 689
7 1688 296
7 1689 50
7 1690 691
7 1691 50
7 1692 296
7 1693 50
7 1694 296
7 1695 50
7 1696 50
7 1697 50
7 1698 691
7 1699 50
7 1700 691
7 1701 50
7 1702 50
7 1703 50
7 1704 296
7 1705 688
7 1706 296
7 1707 50
7 1708 688
7 1709 50
7 1710 296
7 1711 689
7 1712 296
7 1713 50
7 1714 690
7 1715 50
7 1716 296
7 1717 50
7 1718 296
7 1719 50
7 1720 50
7 1721 50
7 1722 690
7 1723 50
7 1724 690
7 1725 50
7 1726 50
7 1727 50
7 1728 296
7 1729 687
7 1730 296
7 1731 50
7 1732 690
7 1733 50
7 1734 296
7 1735 687
7 1736 296
7 1737 50
7 1738 689
7 1739 50
7 1740 296
7 1741 50
7 1742 296
7 1743 50
7 1744 50
7 1745 50
7 1746 689
7 1747 50
7 1748 689
7 1749 50
7 1750 50
7 1751 50
7 1752 296
7 1753 50
7 1754 296
7 1755 50
7 1756 50
7 1757 50
7 1758 296
7 1759 50
7 1760 296
7 1761 50
7 1762 50
7 1763 50
7 1764 296
7 1765 50
7 1766 296
7 1767 50
7 1768 50
7 1769 50
7 1770 50
7 1771 50
7 1772 50
7 1773 50
7 1774 50
7 1775 50
7 1776 690
7 1777 50
7 1778 691
7 1779 50
7 1780 50
7 1781 50
7 1782 690
7 1783 50
7 1784 691
7 1785 50
7 1786 50
7 1787 50
7 1788 690
7 1789 50
7 1790 690
7 1791 50
7 1792 50
7 1793 50
7 1794 50
7 1795 50
7 1796 50
7 1797 50
7 1798 50
7 1799 50
7 1800 296
7 1801 689
7 1802 296
7 1803 50
7 1804 691
7 1805 50
7 1806 296
7 1807 690
7 1808 296
7 1809 50
7 1810 692
7 1811 50
7 1812 296
7 1813 50
7 1814 296
7 1815 50
7 1816 50
7 1817 50
7 1818 691
7 1819 50
7 1820 692
7 1821 50
7 1822 50
7 1823 50
7 1824 296
7 1825 690
7 1826 296
7 1827 50
7 1828 691
7 1829 50
7 1830 296
7 1831 689
7 1832 296
7 1833 50
7 1834 690
7 1835 50
7 1836 296
7 1837 50
7 1838 296
7 1839 50
7 1840 50
7 1841 50
7 1842 692
7 1843 50
7 1844 692
7 1845 50
7 1846 50
7 1847 50
7 1848 296
7 1849 688
7 1850 296
7 1851 50
7 1852 690
7 1853 50
7 1854 296
7 1855 688
7 1856 296
7 1857 50
7 1858 690
7 1859 50
7 1860 296
7 1861 50
7 1862 296
7 1863 50
7 1864 50
7 1865 50
7 1866 689
7 1867 50
7 1868 689
7 1869 50
7 1870 50
7 1871 50
7 1872 296
7 1873 50
7 1874 296
7 1875 50
7 1876 50
7 1877 50
7 1878 296
7 1879 50
7 1880 296
7 1881 50
7 1882 50
7 1883 50
7 1884 296
7 1885 50
7 1886 296
7 1887 50
7 1888 50
7 1889 50
7 1890 50
7 1891 50
7 1892 50
7 1893 50
7 1894 50
7 1895 50
7 1896 690
7 1897 50
7 1898 692
7 1899 50
7 1900 50
7 1901 50
7 1902 691
7 1903 50
7 1904 692
7 1905 50
7 1906 50
7 1907 50
7 1908 691
7 1909 50
7 1910 691
7 1911 50
7 1912 50
7 1913 50
7 1914 50
7 1915 50
7 1916 50
7 1917 50
7 1918 50
7 1919 50
7 1920 296
7 1921 50
7 1922 296
7 1923 50
7 1924 50
7 1925 50
7 1926 296
7 1927 50
7 1928 296
7 1929 50
7 1930 50
7 1931 50
7 1932 296
7 1933 50
7 1934 296
7 1935 50
7 1936 50
7 1937 50
7 1938 50
7 1939 50
7 1940 50
7 1941 50
7 1942 50
7 1943 50
7 1944 296
7 1945 50
7 1946 296
7 1947 50
7 1948 50
7 1949 50
7 1950 296
7 1951 50
7 1952 296
7 1953 50
7 1954 50
7 1955 50
7 1956 296
7 1957 50
7 1958 296
7 1959 50
7 1960 50
7 1961 50
7 1962 50
7 1963 50
7 1964 50
7 1965 50
7 1966 50
7 1967 50
7 1968 296
7 1969 50
7 1970 296
7 1971 50
7 1972 50
7 1973 50
7 1974 296
7 1975 50
7 1976 296
7 1977 50
7 1978 50
7 1979 50
7 1980 296
7 1981 50
7 1982 296
7 1983 50
7 1984 50
7 1985 50
7 1986 50
7 1987 50
7 1988 50
7 1989 50
7 1990 50
7 1991 50
7 1992 296
7 1993 50
7 1994 296
7 1995 50
7 1996 50
7 1997 50
7 1998 296
7 1999 50
7 2000 296
7 2001 50
7 2002 50
7 2003 50
7 2004 296
7 2005 50
7 2006 296
7 2007 50
7 2008 50
7 2009 50
7 2010 50
7 2011 50
7 2012 50
7 2013 50
7 2014 50
7 2015 50
7 2016 50
7 2017 50
7 2018 50
7 2019 50
7 2020 50
7 2021 50
7 2022 50
7 2023 50
7 2024 50
7 2025 50
7 2026 50
7 2027 50
7 2028 50
7 2029 50
7 2030 50
7 2031 50
7 2032 50
7 2033 50
7 2034 50
7 2035 50
7 2036 50
7 2037 50
7 2038 50
7 2039 50
7 2040 690
7 2041 50
7 2042 690
7 2043 50
7 2044 50
7 2045 50
7 2046 692
7 2047 50
7 2048 691
7 2049 50
7 2050 50
7 2051 50
7 2052 692
7 2053 50
7 2054 691
7 2055 50
7 2056 50
7 2057 50
7 2058 50
7 2059 50
7 2060 50
7 2061 50
7 2062 50
7 2063 50
7 2064 690
7 2065 50
7 2066 690
7 2067 50
7 2068 50
7 2069 50
7 2070 692
7 2071 50
7 2072 691
7 2073 50
7 2074 50
7 2075 50
7 2076 692
7 2077 50
7 2078 691
7 2079 50
7 2080 50
7 2081 50
7 2082 50
7 2083 50
7 2084 50
7 2085 50
7 2086 50
7 2087 50
7 2088 691
7 2089 50
7 2090 692
7 2091 50
7 2092 50
7 2093 50
7 2094 691
7 2095 50
7 2096 692
7 2097 50
7 2098 50
7 2099 50
7 2100 690
7 2101 50
7 2102 690
7 2103 50
7 2104 50
7 2105 50
7 2106 50
7 2107 50
7 2108 50
7 2109 50
7 2110 50
7 2111 50
7 2112 691
7 2113 50
7 2114 692
7 2115 50
7 2116 50
7 2117 50
7 2118 691
7 2119 50
7 2120 692
7 2121 50
7 2122 50
7 2123 50
7 2124 690
7 2125 50
7 2126 690
7 2127 50
7 2128 50
7 2129 50
7 2130 50
7 2131 50
7 2132 50
7 2133 50
7 2134 50
7 2135 50
7 2136 50
7 2137 50
7 2138 50
7 2139 50
7 2140 50
7 2141 50
7 2142 50
7 2143 50
7 2144 50
7 2145 50
7 2146 50
7 2147 50
7 2148 50
7 2149 50
7 2150 50
7 2151 50
7 2152 50
7 2153 50
7 2154 50
7 2155 50
7 2156 50
7 2157 50
7 2158 50
7 2159 50
7 2160 296
7 2161 688
7 2162 296
7 2163 50
7 2164 688
7 2165 50
7 2166 296
7 2167 690
7 2168 296
7 2169 50
7 2170 691
7 2171 50
7 2172 296
7 2173 50
7 2174 296
7 2175 50
7 2176 50
7 2177 50
7 2178 691
7 2179 50
7 2180 691
7 2181 50
7 2182 50
7 2183 50
7 2184 296
7 2185 689
7 2186 296
7 2187 50
7 2188 689
7 2189 50
7 2190 296
7 2191 691
7 2192 296
7 2193 50
7 2194 692
7 2195 50
7 2196 296
7 2197 50
7 2198 296
7 2199 50
7 2200 50
7 2201 50
7 2202 692
7 2203 50
7 2204 692
7 2205 50
7 2206 50
7 2207 50
7 2208 296
7 2209 689
7 2210 296
7 2211 50
7 2212 692
7 2213 50
7 2214 296
7 2215 690
7 2216 296
7 2217 50
7 2218 692
7 2219 50
7 2220 296
7 2221 50
7 2222 296
7 2223 50
7 2224 50
7 2225 50
7 2226 691
7 2227 50
7 2228 691
7 2229 50
7 2230 50
7 2231 50
7 2232 296
7 2233 50
7 2234 296
7 2235 50
7 2236 50
7 2237 50
7 2238 296
7 2239 50
7 2240 296
7 2241 50
7 2242 50
7 2243 50
7 2244 296
7 2245 50
7 2246 296
7 2247 50
7 2248 50
7 2249 50
7 2250 50
7 2251 50
7 2252 50
7 2253 50
7 2254 50
7 2255 50
7 2256 691
7 2257 50
7 2258 692
7 2259 50
7 2260 50
7 2261 50
7 2262 691
7 2263 50
7 2264 692
7 2265 50
7 2266 50
7 2267 50
7 2268 691
7 2269 50
7 2270 691
7 2271 50
7 2272 50
7 2273 50
7 2274 50
7 2275 50
7 2276 50
7 2277 50
7 2278 50
7 2279 50
7 2280 296
7 2281 689
7 2282 296
7 2283 50
7 2284 689
7 2285 50
7 2286 296
7 2287 689
7 2288 296
7 2289 50
7 2290 691
7 2291 50
7 2292 296
7 2293 50
7 2294 296
7 2295 50
7 2296 50
7 2297 50
7 2298 691
7 2299 50
7 2300 691
7 2301 50
7 2302 50
7 2303 50
7 2304 296
7 2305 688
7 2306 296
7 2307 50
7 2308 688
7 2309 50
7 2310 296
7 2311 689
7 2312 296
7 2313 50
7 2314 690
7 2315 50
7 2316 296
7 2317 50
7 2318 296
7 2319 50
7 2320 50
7 2321 50
7 2322 690
7 2323 50
7 2324 690
7 2325 50
7 2326 50
7 2327 50
7 2328 296
7 2329 690
7 2330 296
7 2331 50
7 2332 692
7 2333 50
7 2334 296
7 2335 689
7 2336 296
7 2337 50
7 2338 690
7 2339 50
7 2340 296
7 2341 50
7 2342 296
7 2343 50
7 2344 50
7 2345 50
7 2346 692
7 2347 50
7 2348 692
7 2349 50
7 2350 50
7 2351 50
7 2352 296
7 2353 50
7 2354 296
7 2355 50
7 2356 50
7 2357 50
7 2358 296
7 2359 50
7 2360 296
7 2361 50
7 2362 50
7 2363 50
7 2364 296
7 2365 50
7 2366 296
7 2367 50
7 2368 50
7 2369 50
7 2370 50
7 2371 50
7 2372 50
7 2373 50
7 2374 50
7 2375 50
7 2376 692
7 2377 50
7 2378 692
7 2379 50
7 2380 50
7 2381 50
7 2382 692
7 2383 50
7 2384 692
7 2385 50
7 2386 50
7 2387 50
7 2388 692
7 2389 50
7 2390 692
7 2391 50
7 2392 50
7 2393 50
7 2394 50
7 2395 50
7 2396 50
7 2397 50
7 2398 50
7 2399 50
7 2400 296
7 2401 688
7 2402 296
7 2403 50
7 2404 688
7 2405 50
7 2406 296
7 2407 690
7 2408 296
7 2409 50
7 2410 691
7 2411 50
7 2412 296
7 2413 50
7 2414 296
7 2415 50
7 2416 50
7 2417 50
7 2418 691
7 2419 50
7 2420 691
7 2421 50
7 2422 50
7 2423 50
7 2424 296
7 2425 687
7 2426 296
7 2427 50
7 2428 688
7 2429 50
7 2430 296
7 2431 688
7 2432 296
7 2433 50
7 2434 689
7 2435 50
7 2436 296
7 2437 50
7 2438 296
7 2439 50
7 2440 50
7 2441 50
7 2442 690
7 2443 50
7 2444 690
7 2445 50
7 2446 50
7 2447 50
7 2448 296
7 2449 688
7 2450 296
7 2451 50
7 2452 690
7 2453 50
7 2454 296
7 2455 688
7 2456 296
7 2457 50
7 2458 690
7 2459 50
7 2460 296
7 2461 50
7 2462 296
7 2463 50
7 2464 50
7 2465 50
7 2466 689
7 2467 50
7 2468 689
7 2469 50
7 2470 50
7 2471 50
7 2472 296
7 2473 50
7 2474 296
7 2475 50
7 2476 50
7 2477 50
7 2478 296
7 2479 50
7 2480 296
7 2481 50
7 2482 50
7 2483 50
7 2484 296
7 2485 50
7 2486 296
7 2487 50
7 2488 50
7 2489 50
7 2490 50
7 2491 50
7 2492 50
7 2493 50
7 2494 50
7 2495 50
7 2496 690
7 2497 50
7 2498 691
7 2499 50
7 2500 50
7 2501 50
7 2502 690
7 2503 50
7 2504 691
7 2505 50
7 2506 50
7 2507 50
7 2508 690
7 2509 50
7 2510 690
7 2511 50
7 2512 50
7 2513 50
7 2514 50
7 2515 50
7 2516 50
7 2517 50
7 2518 50
7 2519 50
7 2520 296
7 2521 687
7 2522 296
7 2523 50
7 2524 690
7 2525 50
7 2526 296
7 2527 688
7 2528 296
7 2529 50
7 2530 691
7 2531 50
7 2532 296
7 2533 50
7 2534 296
7 2535 50
7 2536 50
7 2537 50
7 2538 690
7 2539 50
7 2540 690
7 2541 50
7 2542 50
7 2543 50
7 2544 296
7 2545 688
7 2546 296
7 2547 50
7 2548 690
7 2549 50
7 2550 296
7 2551 687
7 2552 296
7 2553 50
7 2554 689
7 2555 50
7 2556 296
7 2557 50
7 2558 296
7 2559 50
7 2560 50
7 2561 50
7 2562 691
7 2563 50
7 2564 691
7 2565 50
7 2566 50
7 2567 50
7 2568 296
7 2569 687
7 2570 296
7 2571 50
7 2572 690
7 2573 50
7 2574 296
7 2575 687
7 2576 296
7 2577 50
7 2578 689
7 2579 50
7 2580 296
7 2581 50
7 2582 296
7 2583 50
7 2584 50
7 2585 50
7 2586 689
7 2587 50
7 2588 689
7 2589 50
7 2590 50
7 2591 50
7 2592 296
7 2593 50
7 2594 296
7 2595 50
7 2596 50
7 2597 50
7 2598 296
7 2599 50
7 2600 296
7 2601 50
7 2602 50
7 2603 50
7 2604 296
7 2605 50
7 2606 296
7 2607 50
7 2608 50
7 2609 50
7 2610 50
7 2611 50
7 2612 50
7 2613 50
7 2614 50
7 2615 50
7 2616 689
7 2617 50
7 2618 689
7 2619 50
7 2620 50
7 2621 50
7 2622 689
7 2623 50
7 2624 689
7 2625 50
7 2626 50
7 2627 50
7 2628 689
7 2629 50
7 2630 689
7 2631 50
7 2632 50
7 2633 50
7 2634 50
7 2635 50
7 2636 50
7 2637 50
7 2638 50
7 2639 50
7 2640 296
7 2641 50
7 2642 296
7 2643 50
7 2644 50
7 2645 50
7 2646 296
7 2647 50
7 2648 296
7 2649 50
7 2650 50
7 2651 50
7 2652 296
7 2653 50
7 2654 296
7 2655 50
7 2656 50
7 2657 50
7 2658 50
7 2659 50
7 2660 50
7 2661 50
7 2662 50
7 2663 50
7 2664 296
7 2665 50
7 2666 296
7 2667 50
7 2668 50
7 2669 50
7 2670 296
7 2671 50
7 2672 296
7 2673 50
7 2674 50
7 2675 50
7 2676 296
7 2677 50
7 2678 296
7 2679 50
7 2680 50
7 2681 50
7 2682 50
7 2683 50
7 2684 50
7 2685 50
7 2686 50
7 2687 50
7 2688 296
7 2689 50
7 2690 296
7 2691 50
7 2692 50
7 2693 50
7 2694 296
7 2695 50
7 2696 296
7 2697 50
7 2698 50
7 2699 50
7 2700 296
7 2701 50
7 2702 296
7 2703 50
7 2704 50
7 2705 50
7 2706 50
7 2707 50
7 2708 50
7 2709 50
7 2710 50
7 2711 50
7 2712 296
7 2713 50
7 2714 296
7 2715 50
7 2716 50
7 2717 50
7 2718 296
7 2719 50
7 2720 296
7 2721 50
7 2722 50
7 2723 50
7 2724 296
7 2725 50
7 2726 296
7 2727 50
7 2728 50
7 2729 50
7 2730 50
7 2731 50
7 2732 50
7 2733 50
7 2734 50
7 2735 50
7 2736 50
7 2737 50
7 2738 50
7 2739 50
7 2740 50
7 2741 50
7 2742 50
7 2743 50
7 2744 50
7 2745 50
7 2746 50
7 2747 50
7 2748 50
7 2749 50
7 2750 50
7 2751 50
7 2752 50
7 2753 50
7 2754 50
7 2755 50
7 2756 50
7 2757 50
7 2758 50
7 2759 50
7 2760 690
7 2761 50
7 2762 691
7 2763 50
7 2764 50
7 2765 50
7 2766 690
7 2767 50
7 2768 692
7 2769 50
7 2770 50
7 2771 50
7 2772 691
7 2773 50
7 2774 691
7 2775 50
7 2776 50
7 2777 50
7 2778 50
7 2779 50
7 2780 50
7 2781 50
7 2782 50
7 2783 50
7 2784 690
7 2785 50
7 2786 691
7 2787 50
7 2788 50
7 2789 50
7 2790 690
7 2791 50
7 2792 691
7 2793 50
7 2794 50
7 2795 50
7 2796 692
7 2797 50
7 2798 692
7 2799 50
7 2800 50
7 2801 50
7 2802 50
7 2803 50
7 2804 50
7 2805 50
7 2806 50
7 2807 50
7 2808 690
7 2809 50
7 2810 692
7 2811 50
7 2812 50
7 2813 50
7 2814 690
7 2815 50
7 2816 691
7 2817 50
7 2818 50
7 2819 50
7 2820 691
7 2821 50
7 2822 691
7 2823 50
7 2824 50
7 2825 50
7 2826 50
7 2827 50
7 2828 50
7 2829 50
7 2830 50
7 2831 50
7 2832 690
7 2833 50
7 2834 690
7 2835 50
7 2836 50
7 2837 50
7 2838 690
7 2839 50
7 2840 690
7 2841 50
7 2842 50
7 2843 50
7 2844 690
7 2845 50
7 2846 690
7 2847 50
7 2848 50
7 2849 50
7 2850 50
7 2851 50
7 2852 50
7 2853 50
7 2854 50
7 2855 50
7 2856 50
7 2857 50
7 2858 50
7 2859 50
7 2860 50
7 2861 50
7 2862 50
7 2863 50
7 2864 50
7 2865 50
7 2866 50
7 2867 50
7 2868 50
7 2869 50
7 2870 50
7 2871 50
7 2872 50
7 2873 50
7 2874 50
7 2875 50
7 2876 50
7 2877 50
7 2878 50
7 2879 50
7 2880 296
7 2881 687
7 2882 296
7 2883 50
7 2884 690
7 2885 50
7 2886 296
7 2887 688
7 2888 296
7 2889 50
7 2890 691
7 2891 50
7 2892 296
7 2893 50
7 2894 296
7 2895 50
7 2896 50
7 2897 50
7 2898 690
7 2899 50
7 2900 690
7 2901 50
7 2902 50
7 2903 50
7 2904 296
7 2905 688
7 2906 296
7 2907 50
7 2908 690
7 2909 50
7 2910 296
7 2911 689
7 2912 296
7 2913 50
7 2914 691
7 2915 50
7 2916 296
7 2917 50
7 2918 296
7 2919 50
7 2920 50
7 2921 50
7 2922 692
7 2923 50
7 2924 692
7 2925 50
7 2926 50
7 2927 50
7 2928 296
7 2929 689
7 2930 296
7 2931 50
7 2932 692
7 2933 50
7 2934 296
7 2935 688
7 2936 296
7 2937 50
7 2938 691
7 2939 50
7 2940 296
7 2941 50
7 2942 296
7 2943 50
7 2944 50
7 2945 50
7 2946 691
7 2947 50
7 2948 691
7 2949 50
7 2950 50
7 2951 50
7 2952 296
7 2953 50
7 2954 296
7 2955 50
7 2956 50
7 2957 50
7 2958 296
7 2959 50
7 2960 296
7 2961 50
7 2962 50
7 2963 50
7 2964 296
7 2965 50
7 2966 296
7 2967 50
7 2968 50
7 2969 50
7 2970 50
7 2971 50
7 2972 50
7 2973 50
7 2974 50
7 2975 50
7 2976 689
7 2977 50
7 2978 690
7 2979 50
7 2980 50
7 2981 50
7 2982 690
7 2983 50
7 2984 690
7 2985 50
7 2986 50
7 2987 50
7 2988 690
7 2989 50
7 2990 690
7 2991 50
7 2992 50
7 2993 50
7 2994 50
7 2995 50
7 2996 50
7 2997 50
7 2998 50
7 2999 50
7 3000 296
7 3001 688
7 3002 296
7 3003 50
7 3004 690
7 3005 50
7 3006 296
7 3007 688
7 3008 296
7 3009 50
7 3010 691
7 3011 50
7 3012 296
7 3013 50
7 3014 296
7 3015 50
7 3016 50
7 3017 50
7 3018 690
7 3019 50
7 3020 690
7 3021 50
7 3022 50
7 3023 50
7 3024 296
7 3025 689
7 3026 296
7 3027 50
7 3028 690
7 3029 50
7 3030 296
7 3031 687
7 3032 296
7 3033 50
7 3034 689
7 3035 50
7 3036 296
7 3037 50
7 3038 296
7 3039 50
7 3040 50
7 3041 50
7 3042 691
7 3043 50
7 3044 691
7 3045 50
7 3046 50
7 3047 50
7 3048 296
7 3049 689
7 3050 296
7 3051 50
7 3052 692
7 3053 50
7 3054 296
7 3055 689
7 3056 296
7 3057 50
7 3058 690
7 3059 50
7 3060 296
7 3061 50
7 3062 296
7 3063 50
7 3064 50
7 3065 50
7 3066 692
7 3067 50
7 3068 692
7 3069 50
7 3070 50
7 3071 50
7 3072 296
7 3073 50
7 3074 296
7 3075 50
7 3076 50
7 3077 50
7 3078 296
7 3079 50
7 3080 296
7 3081 50
7 3082 50
7 3083 50
7 3084 296
7 3085 50
7 3086 296
7 3087 50
7 3088 50
7 3089 50
7 3090 50
7 3091 50
7 3092 50
7 3093 50
7 3094 50
7 3095 50
7 3096 691
7 3097 50
7 3098 691
7 3099 50
7 3100 50
7 3101 50
7 3102 692
7 3103 50
7 3104 691
7 3105 50
7 3106 50
7 3107 50
7 3108 692
7 3109 50
7 3110 691
7 3111 50
7 3112 50
7 3113 50
7 3114 50
7 3115 50
7 3116 50
7 3117 50
7 3118 50
7 3119 50
7 3120 296
7 3121 689
7 3122 296
7 3123 50
7 3124 690
7 3125 50
7 3126 296
7 3127 689
7 3128 296
7 3129 50
7 3130 692
7 3131 50
7 3132 296
7 3133 50
7 3134 296
7 3135 50
7 3136 50
7 3137 50
7 3138 692
7 3139 50
7 3140 692
7 3141 50
7 3142 50
7 3143 50
7 3144 296
7 3145 688
7 3146 296
7 3147 50
7 3148 690
7 3149 50
7 3150 296
7 3151 689
7 3152 296
7 3153 50
7 3154 690
7 3155 50
7 3156 296
7 3157 50
7 3158 296
7 3159 50
7 3160 50
7 3161 50
7 3162 691
7 3163 50
7 3164 691
7 3165 50
7 3166 50
7 3167 50
7 3168 296
7 3169 687
7 3170 296
7 3171 50
7 3172 690
7 3173 50
7 3174 296
7 3175 687
7 3176 296
7 3177 50
7 3178 689
7 3179 50
7 3180 296
7 3181 50
7 3182 296
7 3183 50
7 3184 50
7 3185 50
7 3186 689
7 3187 50
7 3188 689
7 3189 50
7 3190 50
7 3191 50
7 3192 296
7 3193 50
7 3194 296
7 3195 50
7 3196 50
7 3197 50
7 3198 296
7 3199 50
7 3200 296
7 3201 50
7 3202 50
7 3203 50
7 3204 296
7 3205 50
7 3206 296
7 3207 50
7 3208 50
7 3209 50
7 3210 50
7 3211 50
7 3212 50
7 3213 50
7 3214 50
7 3215 50
7 3216 691
7 3217 50
7 3218 692
7 3219 50
7 3220 50
7 3221 50
7 3222 691
7 3223 50
7 3224 692
7 3225 50
7 3226 50
7 3227 50
7 3228 691
7 3229 50
7 3230 691
7 3231 50
7 3232 50
7 3233 50
7 3234 50
7 3235 50
7 3236 50
7 3237 50
7 3238 50
7 3239 50
7 3240 296
7 3241 687
7 3242 296
7 3243 50
7 3244 690
7 3245 50
7 3246 296
7 3247 688
7 3248 296
7 3249 50
7 3250 691
7 3251 50
7 3252 296
7 3253 50
7 3254 296
7 3255 50
7 3256 50
7 3257 50
7 3258 690
7 3259 50
7 3260 690
7 3261 50
7 3262 50
7 3263 50
7 3264 296
7 3265 688
7 3266 296
7 3267 50
7 3268 690
7 3269 50
7 3270 296
7 3271 687
7 3272 296
7 3273 50
7 3274 689
7 3275 50
7 3276 296
7 3277 50
7 3278 296
7 3279 50
7 3280 50
7 3281 50
7 3282 691
7 3283 50
7 3284 691
7 3285 50
7 3286 50
7 3287 50
7 3288 296
7 3289 687
7 3290 296
7 3291 50
7 3292 690
7 3293 50
7 3294 296
7 3295 687
7 3296 296
7 3297 50
7 3298 689
7 3299 50
7 3300 296
7 3301 50
7 3302 296
7 3303 50
7 3304 50
7 3305 50
7 3306 689
7 3307 50
7 3308 689
7 3309 50
7 3310 50
7 3311 50
7 3312 296
7 3313 50
7 3314 296
7 3315 50
7 3316 50
7 3317 50
7 3318 296
7 3319 50
7 3320 296
7 3321 50
7 3322 50
7 3323 50
7 3324 296
7 3325 50
7 3326 296
7 3327 50
7 3328 50
7 3329 50
7 3330 50
7 3331 50
7 3332 50
7 3333 50
7 3334 50
7 3335 50
7 3336 689
7 3337 50
7 3338 689
7 3339 50
7 3340 50
7 3341 50
7 3342 689
7 3343 50
7 3344 689
7 3345 50
7 3346 50
7 3347 50
7 3348 689
7 3349 50
7 3350 689
7 3351 50
7 3352 50
7 3353 50
7 3354 50
7 3355 50
7 3356 50
7 3357 50
7 3358 50
7 3359 50
7 3360 296
7 3361 50
7 3362 296
7 3363 50
7 3364 50
7 3365 50
7 3366 296
7 3367 50
7 3368 296
7 3369 50
7 3370 50
7 3371 50
7 3372 296
7 3373 50
7 3374 296
7 3375 50
7 3376 50
7 3377 50
7 3378 50
7 3379 50
7 3380 50
7 3381 50
7 3382 50
7 3383 50
7 3384 296
7 3385 50
7 3386 296
7 3387 50
7 3388 50
7 3389 50
7 3390 296
7 3391 50
7 3392 296
7 3393 50
7 3394 50
7 3395 50
7 3396 296
7 3397 50
7 3398 296
7 3399 50
7 3400 50
7 3401 50
7 3402 50
7 3403 50
7 3404 50
7 3405 50
7 3406 50
7 3407 50
7 3408 296
7 3409 50
7 3410 296
7 3411 50
7 3412 50
7 3413 50
7 3414 296
7 3415 50
7 3416 296
7 3417 50
7 3418 50
7 3419 50
7 3420 296
7 3421 50
7 3422 296
7 3423 50
7 3424 50
7 3425 50
7 3426 50
7 3427 50
7 3428 50
7 3429 50
7 3430 50
7 3431 50
7 3432 296
7 3433 50
7 3434 296
7 3435 50
7 3436 50
7 3437 50
7 3438 296
7 3439 50
7 3440 296
7 3441 50
7 3442 50
7 3443 50
7 3444 296
7 3445 50
7 3446 296
7 3447 50
7 3448 50
7 3449 50
7 3450 50
7 3451 50
7 3452 50
7 3453 50
7 3454 50
7 3455 50
7 3456 50
7 3457 50
7 3458 50
7 3459 50
7 3460 50
7 3461 50
7 3462 50
7 3463 50
7 3464 50
7 3465 50
7 3466 50
7 3467 50
7 3468 50
7 3469 50
7 3470 50
7 3471 50
7 3472 50
7 3473 50
7 3474 50
7 3475 50
7 3476 50
7 3477 50
7 3478 50
7 3479 50
7 3480 688
7 3481 50
7 3482 689
7 3483 50
7 3484 50
7 3485 50
7 3486 689
7 3487 50
7 3488 690
7 3489 50
7 3490 50
7 3491 50
7 3492 690
7 3493 50
7 3494 689
7 3495 50
7 3496 50
7 3497 50
7 3498 50
7 3499 50
7 3500 50
7 3501 50
7 3502 50
7 3503 50
7 3504 689
7 3505 50
7 3506 689
7 3507 50
7 3508 50
7 3509 50
7 3510 690
7 3511 50
7 3512 689
7 3513 50
7 3514 50
7 3515 50
7 3516 690
7 3517 50
7 3518 690
7 3519 50
7 3520 50
7 3521 50
7 3522 50
7 3523 50
7 3524 50
7 3525 50
7 3526 50
7 3527 50
7 3528 690
7 3529 50
7 3530 690
7 3531 50
7 3532 50
7 3533 50
7 3534 689
7 3535 50
7 3536 690
7 3537 50
7 3538 50
7 3539 50
7 3540 689
7 3541 50
7 3542 689
7 3543 50
7 3544 50
7 3545 50
7 3546 50
7 3547 50
7 3548 50
7 3549 50
7 3550 50
7 3551 50
7 3552 689
7 3553 50
7 3554 690
7 3555 50
7 3556 50
7 3557 50
7 3558 690
7 3559 50
7 3560 689
7 3561 50
7 3562 50
7 3563 50
7 3564 689
7 3565 50
7 3566 689
7 3567 50
7 3568 50
7 3569 50
7 3570 50
7 3571 50
7 3572 50
7 3573 50
7 3574 50
7 3575 50
7 3576 50
7 3577 50
7 3578 50
7 3579 50
7 3580 50
7 3581 50
7 3582 50
7 3583 50
7 3584 50
7 3585 50
7 3586 50
7 3587 50
7 3588 50
7 3589 50
7 3590 50
7 3591 50
7 3592 50
7 3593 50
7 3594 50
7 3595 50
7 3596 50
7 3597 50
7 3598 50
7 3599 50
7 3600 296
7 3601 50
7 3602 296
7 3603 50
7 3604 50
7 3605 50
7 3606 296
7 3607 50
7 3608 296
7 3609 50
7 3610 50
7 3611 50
7 3612 296
7 3613 50
7 3614 296
7 3615 50
7 3616 50
7 3617 50
7 3618 50
7 3619 50
7 3620 50
7 3621 50
7 3622 50
7 3623 50
7 3624 296
7 3625 50
7 3626 296
7 3627 50
7 3628 50
7 3629 50
7 3630 296
7 3631 50
7 3632 296
7 3633 50
7 3634 50
7 3635 50
7 3636 296
7 3637 50
7 3638 296
7 3639 50
7 3640 50
7 3641 50
7 3642 50
7 3643 50
7 3644 50
7 3645 50
7 3646 50
7 3647 50
7 3648 296
7 3649 50
7 3650 296
7 3651 50
7 3652 50
7 3653 50
7 3654 296
7 3655 50
7 3656 296
7 3657 50
7 3658 50
7 3659 50
7 3660 296
7 3661 50
7 3662 296
7 3663 50
7 3664 50
7 3665 50
7 3666 50
7 3667 50
7 3668 50
7 3669 50
7 3670 50
7 3671 50
7 3672 296
7 3673 50
7 3674 296
7 3675 50
7 3676 50
7 3677 50
7 3678 296
7 3679 50
7 3680 296
7 3681 50
7 3682 50
7 3683 50
7 3684 296
7 3685 50
7 3686 296
7 3687 50
7 3688 50
7 3689 50
7 3690 50
7 3691 50
7 3692 50
7 3693 50
7 3694 50
7 3695 50
7 3696 50
7 3697 50
7 3698 50
7 3699 50
7 3700 50
7 3701 50
7 3702 50
7 3703 50
7 3704 50
7 3705 50
7 3706 50
7 3707 50
7 3708 50
7 3709 50
7 3710 50
7 3711 50
7 3712 50
7 3713 50
7 3714 50
7 3715 50
7 3716 50
7 3717 50
7 3718 50
7 3719 50
7 3720 296
7 3721 50
7 3722 296
7 3723 50
7 3724 50
7 3725 50
7 3726 296
7 3727 50
7 3728 296
7 3729 50
7 3730 50
7 3731 50
7 3732 296
7 3733 50
7 3734 296
7 3735 50
7 3736 50
7 3737 50
7 3738 50
7 3739 50
7 3740 50
7 3741 50
7 3742 50
7 3743 50
7 3744 296
7 3745 50
7 3746 296
7 3747 50
7 3748 50
7 3749 50
7 3750 296
7 3751 50
7 3752 296
7 3753 50
7 3754 50
7 3755 50
7 3756 296
7 3757 50
7 3758 296
7 3759 50
7 3760 50
7 3761 50
7 3762 50
7 3763 50
7 3764 50
7 3765 50
7 3766 50
7 3767 50
7 3768 296
7 3769 50
7 3770 296
7 3771 50
7 3772 50
7 3773 50
7 3774 296
7 3775 50
7 3776 296
7 3777 50
7 3778 50
7 3779 50
7 3780 296
7 3781 50
7 3782 296
7 3783 50
7 3784 50
7 3785 50
7 3786 50
7 3787 50
7 3788 50
7 3789 50
7 3790 50
7 3791 50
7 3792 296
7 3793 50
7 3794 296
7 3795 50
7 3796 50
7 3797 50
7 3798 296
7 3799 50
7 3800 296
7 3801 50
7 3802 50
7 3803 50
7 3804 296
7 3805 50
7 3806 296
7 3807 50
7 3808 50
7 3809 50
7 3810 50
7 3811 50
7 3812 50
7 3813 50
7 3814 50
7 3815 50
7 3816 50
7 3817 50
7 3818 50
7 3819 50
7 3820 50
7 3821 50
7 3822 50
7 3823 50
7 3824 50
7 3825 50
7 3826 50
7 3827 50
7 3828 50
7 3829 50
7 3830 50
7 3831 50
7 3832 50
7 3833 50
7 3834 50
7 3835 50
7 3836 50
7 3837 50
7 3838 50
7 3839 50
7 3840 296
7 3841 50
7 3842 296
7 3843 50
7 3844 50
7 3845 50
7 3846 296
7 3847 50
7 3848 296
7 3849 50
7 3850 50
7 3851 50
7 3852 296
7 3853 50
7 3854 296
7 3855 50
7 3856 50
7 3857 50
7 3858 50
7 3859 50
7 3860 50
7 3861 50
7 3862 50
7 3863 50
7 3864 296
7 3865 50
7 3866 296
7 3867 50
7 3868 50
7 3869 50
7 3870 296
7 3871 50
7 3872 296
7 3873 50
7 3874 50
7 3875 50
7 3876 296
7 3877 50
7 3878 296
7 3879 50
7 3880 50
7 3881 50
7 3882 50
7 3883 50
7 3884 50
7 3885 50
7 3886 50
7 3887 50
7 3888 296
7 3889 50
7 3890 296
7 3891 50
7 3892 50
7 3893 50
7 3894 296
7 3895 50
7 3896 296
7 3897 50
7 3898 50
7 3899 50
7 3900 296
7 3901 50
7 3902 296
7 3903 50
7 3904 50
7 3905 50
7 3906 50
7 3907 50
7 3908 50
7 3909 50
7 3910 50
7 3911 50
7 3912 296
7 3913 50
7 3914 296
7 3915 50
7 3916 50
7 3917 50
7 3918 296
7 3919 50
7 3920 296
7 3921 50
7 3922 50
7 3923 50
7 3924 296
7 3925 50
7 3926 296
7 3927 50
7 3928 50
7 3929 50
7 3930 50
7 3931 50
7 3932 50
7 3933 50
7 3934 50
7 3935 50
7 3936 50
7 3937 50
7 3938 50
7 3939 50
7 3940 50
7 3941 50
7 3942 50
7 3943 50
7 3944 50
7 3945 50
7 3946 50
7 3947 50
7 3948 50
7 3949 50
7 3950 50
7 3951 50
7 3952 50
7 3953 50
7 3954 50
7 3955 50
7 3956 50
7 3957 50
7 3958 50
7 3959 50
7 3960 296
7 3961 50
7 3962 296
7 3963 50
7 3964 50
7 3965 50
7 3966 296
7 3967 50
7 3968 296
7 3969 50
7 3970 50
7 3971 50
7 3972 296
7 3973 50
7 3974 296
7 3975 50
7 3976 50
7 3977 50
7 3978 50
7 3979 50
7 3980 50
7 3981 50
7 3982 50
7 3983 50
7 3984 296
7 3985 50
7 3986 296
7 3987 50
7 3988 50
7 3989 50
7 3990 296
7 3991 50
7 3992 296
7 3993 50
7 3994 50
7 3995 50
7 3996 296
7 3997 50
7 3998 296
7 3999 50
7 4000 50
7 4001 50
7 4002 50
7 4003 50
7 4004 50
7 4005 50
7 4006 50
7 4007 50
7 4008 296
7 4009 50
7 4010 296
7 4011 50
7 4012 50
7 4013 50
7 4014 296
7 4015 50
7 4016 296
7 4017 50
7 4018 50
7 4019 50
7 4020 296
7 4021 50
7 4022 296
7 4023 50
7 4024 50
7 4025 50
7 4026 50
7 4027 50
7 4028 50
7 4029 50
7 4030 50
7 4031 50
7 4032 296
7 4033 50
7 4034 296
7 4035 50
7 4036 50
7 4037 50
7 4038 296
7 4039 50
7 4040 296
7 4041 50
7 4042 50
7 4043 50
7 4044 296
7 4045 50
7 4046 296
7 4047 50
7 4048 50
7 4049 50
7 4050 50
7 4051 50
7 4052 50
7 4053 50
7 4054 50
7 4055 50
7 4056 50
7 4057 50
7 4058 50
7 4059 50
7 4060 50
7 4061 50
7 4062 50
7 4063 50
7 4064 50
7 4065 50
7 4066 50
7 4067 50
7 4068 50
7 4069 50
7 4070 50
7 4071 50
7 4072 50
7 4073 50
7 4074 50
7 4075 50
7 4076 50
7 4077 50
7 4078 50
7 4079 50
7 4080 296
7 4081 50
7 4082 296
7 4083 50
7 4084 50
7 4085 50
7 4086 296
7 4087 50
7 4088 296
7 4089 50
7 4090 50
7 4091 50
7 4092 296
7 4093 50
7 4094 296
7 4095 50
7 4096 50
7 4097 50
7 4098 50
7 4099 50
7 4100 50
7 4101 50
7 4102 50
7 4103 50
7 4104 296
7 4105 50
7 4106 296
7 4107 50
7 4108 50
7 4109 50
7 4110 296
7 4111 50
7 4112 296
7 4113 50
7 4114 50
7 4115 50
7 4116 296
7 4117 50
7 4118 296
7 4119 50
7 4120 50
7 4121 50
7 4122 50
7 4123 50
7 4124 50
7 4125 50
7 4126 50
7 4127 50
7 4128 296
7 4129 50
7 4130 296
7 4131 50
7 4132 50
7 4133 50
7 4134 296
7 4135 50
7 4136 296
7 4137 50
7 4138 50
7 4139 50
7 4140 296
7 4141 50
7 4142 296
7 4143 50
7 4144 50
7 4145 50
7 4146 50
7 4147 50
7 4148 50
7 4149 50
7 4150 50
7 4151 50
7 4152 296
7 4153 50
7 4154 296
7 4155 50
7 4156 50
7 4157 50
7 4158 296
7 4159 50
7 4160 296
7 4161 50
7 4162 50
7 4163 50
7 4164 296
7 4165 50
7 4166 296
7 4167 50
7 4168 50
7 4169 50
7 4170 50
7 4171 50
7 4172 50
7 4173 50
7 4174 50
7 4175 50
7 4176 50
7 4177 50
7 4178 50
7 4179 50
7 4180 50
7 4181 50
7 4182 50
7 4183 50
7 4184 50
7 4185 50
7 4186 50
7 4187 50
7 4188 50
7 4189 50
7 4190 50
7 4191 50
7 4192 50
7 4193 50
7 4194 50
7 4195 50
7 4196 50
7 4197 50
7 4198 50
7 4199 50
7 4200 50
7 4201 50
7 4202 50
7 4203 50
7 4204 50
7 4205 50
7 4206 50
7 4207 50
7 4208 50
7 4209 50
7 4210 50
7 4211 50
7 4212 50
7 4213 50
7 4214 50
7 4215 50
7 4216 50
7 4217 50
7 4218 50
7 4219 50
7 4220 50
7 4221 50
7 4222 50
7 4223 50
7 4224 50
7 4225 50
7 4226 50
7 4227 50
7 4228 50
7 4229 50
7 4230 50
7 4231 50
7 4232 50
7 4233 50
7 4234 50
7 4235 50
7 4236 50
7 4237 50
7 4238 50
7 4239 50
7 4240 50
7 4241 50
7 4242 50
7 4243 50
7 4244 50
7 4245 50
7 4246 50
7 4247 50
7 4248 50
7 4249 50
7 4250 50
7 4251 50
7 4252 50
7 4253 50
7 4254 50
7 4255 50
7 4256 50
7 4257 50
7 4258 50
7 4259 50
7 4260 50
7 4261 50
7 4262 50
7 4263 50
7 4264 50
7 4265 50
7 4266 50
7 4267 50
7 4268 50
7 4269 50
7 4270 50
7 4271 50
7 4272 50
7 4273 50
7 4274 50
7 4275 50
7 4276 50
7 4277 50
7 4278 50
7 4279 50
7 4280 50
7 4281 50
7 4282 50
7 4283 50
7 4284 50
7 4285 50
7 4286 50
7 4287 50
7 4288 50
7 4289 50
7 4290 50
7 4291 50
7 4292 50
7 4293 50
7 4294 50
7 4295 50
7 4296 50
7 4297 50
7 4298 50
7 4299 50
7 4300 50
7 4301 50
7 4302 50
7 4303 50
7 4304 50
7 4305 50
7 4306 50
7 4307 50
7 4308 50
7 4309 50
7 4310 50
7 4311 50
7 4312 50
7 4313 50
7 4314 50
7 4315 50
7 4316 50
7 4317 50
7 4318 50
7 4319 50
7 4320 687
7 4321 50
7 4322 688
7 4323 50
7 4324 50
7 4325 50
7 4326 688
7 4327 50
7 4328 689
7 4329 50
7 4330 50
7 4331 50
7 4332 689
7 4333 50
7 4334 688
7 4335 50
7 4336 50
7 4337 50
7 4338 50
7 4339 50
7 4340 50
7 4341 50
7 4342 50
7 4343 50
7 4344 688
7 4345 50
7 4346 688
7 4347 50
7 4348 50
7 4349 50
7 4350 690
7 4351 50
7 4352 689
7 4353 50
7 4354 50
7 4355 50
7 4356 690
7 4357 50
7 4358 690
7 4359 50
7 4360 50
7 4361 50
7 4362 50
7 4363 50
7 4364 50
7 4365 50
7 4366 50
7 4367 50
7 4368 690
7 4369 50
7 4370 690
7 4371 50
7 4372 50
7 4373 50
7 4374 688
7 4375 50
7 4376 690
7 4377 50
7 4378 50
7 4379 50
7 4380 689
7 4381 50
7 4382 689
7 4383 50
7 4384 50
7 4385 50
7 4386 50
7 4387 50
7 4388 50
7 4389 50
7 4390 50
7 4391 50
7 4392 689
7 4393 50
7 4394 690
7 4395 50
7 4396 50
7 4397 50
7 4398 690
7 4399 50
7 4400 689
7 4401 50
7 4402 50
7 4403 50
7 4404 689
7 4405 50
7 4406 688
7 4407 50
7 4408 50
7 4409 50
7 4410 50
7 4411 50
7 4412 50
7 4413 50
7 4414 50
7 4415 50
7 4416 50
7 4417 50
7 4418 50
7 4419 50
7 4420 50
7 4421 50
7 4422 50
7 4423 50
7 4424 50
7 4425 50
7 4426 50
7 4427 50
7 4428 50
7 4429 50
7 4430 50
7 4431 50
7 4432 50
7 4433 50
7 4434 50
7 4435 50
7 4436 50
7 4437 50
7 4438 50
7 4439 50
7 4440 688
7 4441 50
7 4442 688
7 4443 50
7 4444 50
7 4445 50
7 4446 688
7 4447 50
7 4448 689
7 4449 50
7 4450 50
7 4451 50
7 4452 689
7 4453 50
7 4454 688
7 4455 50
7 4456 50
7 4457 50
7 4458 50
7 4459 50
7 4460 50
7 4461 50
7 4462 50
7 4463 50
7 4464 689
7 4465 50
7 4466 689
7 4467 50
7 4468 50
7 4469 50
7 4470 689
7 4471 50
7 4472 688
7 4473 50
7 4474 50
7 4475 50
7 4476 691
7 4477 50
7 4478 689
7 4479 50
7 4480 50
7 4481 50
7 4482 50
7 4483 50
7 4484 50
7 4485 50
7 4486 50
7 4487 50
7 4488 690
7 4489 50
7 4490 691
7 4491 50
7 4492 50
7 4493 50
7 4494 690
7 4495 50
7 4496 689
7 4497 50
7 4498 50
7 4499 50
7 4500 690
7 4501 50
7 4502 690
7 4503 50
7 4504 50
7 4505 50
7 4506 50
7 4507 50
7 4508 50
7 4509 50
7 4510 50
7 4511 50
7 4512 691
7 4513 50
7 4514 690
7 4515 50
7 4516 50
7 4517 50
7 4518 692
7 4519 50
7 4520 690
7 4521 50
7 4522 50
7 4523 50
7 4524 691
7 4525 50
7 4526 689
7 4527 50
7 4528 50
7 4529 50
7 4530 50
7 4531 50
7 4532 50
7 4533 50
7 4534 50
7 4535 50
7 4536 50
7 4537 50
7 4538 50
7 4539 50
7 4540 50
7 4541 50
7 4542 50
7 4543 50
7 4544 50
7 4545 50
7 4546 50
7 4547 50
7 4548 50
7 4549 50
7 4550 50
7 4551 50
7 4552 50
7 4553 50
7 4554 50
7 4555 50
7 4556 50
7 4557 50
7 4558 50
7 4559 50
7 4560 689
7 4561 50
7 4562 689
7 4563 50
7 4564 50
7 4565 50
7 4566 690
7 4567 50
7 4568 691
7 4569 50
7 4570 50
7 4571 50
7 4572 691
7 4573 50
7 4574 690
7 4575 50
7 4576 50
7 4577 50
7 4578 50
7 4579 50
7 4580 50
7 4581 50
7 4582 50
7 4583 50
7 4584 688
7 4585 50
7 4586 688
7 4587 50
7 4588 50
7 4589 50
7 4590 690
7 4591 50
7 4592 689
7 4593 50
7 4594 50
7 4595 50
7 4596 690
7 4597 50
7 4598 689
7 4599 50
7 4600 50
7 4601 50
7 4602 50
7 4603 50
7 4604 50
7 4605 50
7 4606 50
7 4607 50
7 4608 689
7 4609 50
7 4610 690
7 4611 50
7 4612 50
7 4613 50
7 4614 689
7 4615 50
7 4616 690
7 4617 50
7 4618 50
7 4619 50
7 4620 688
7 4621 50
7 4622 688
7 4623 50
7 4624 50
7 4625 50
7 4626 50
7 4627 50
7 4628 50
7 4629 50
7 4630 50
7 4631 50
7 4632 690
7 4633 50
7 4634 691
7 4635 50
7 4636 50
7 4637 50
7 4638 691
7 4639 50
7 4640 690
7 4641 50
7 4642 50
7 4643 50
7 4644 689
7 4645 50
7 4646 689
7 4647 50
7 4648 50
7 4649 50
7 4650 50
7 4651 50
7 4652 50
7 4653 50
7 4654 50
7 4655 50
7 4656 50
7 4657 50
7 4658 50
7 4659 50
7 4660 50
7 4661 50
7 4662 50
7 4663 50
7 4664 50
7 4665 50
7 4666 50
7 4667 50
7 4668 50
7 4669 50
7 4670 50
7 4671 50
7 4672 50
7 4673 50
7 4674 50
7 4675 50
7 4676 50
7 4677 50
7 4678 50
7 4679 50
7 4680 689
7 4681 50
7 4682 691
7 4683 50
7 4684 50
7 4685 50
7 4686 690
7 4687 50
7 4688 692
7 4689 50
7 4690 50
7 4691 50
7 4692 690
7 4693 50
7 4694 691
7 4695 50
7 4696 50
7 4697 50
7 4698 50
7 4699 50
7 4700 50
7 4701 50
7 4702 50
7 4703 50
7 4704 690
7 4705 50
7 4706 690
7 4707 50
7 4708 50
7 4709 50
7 4710 689
7 4711 50
7 4712 690
7 4713 50
7 4714 50
7 4715 50
7 4716 691
7 4717 50
7 4718 690
7 4719 50
7 4720 50
7 4721 50
7 4722 50
7 4723 50
7 4724 50
7 4725 50
7 4726 50
7 4727 50
7 4728 689
7 4729 50
7 4730 691
7 4731 50
7 4732 50
7 4733 50
7 4734 688
7 4735 50
7 4736 689
7 4737 50
7 4738 50
7 4739 50
7 4740 689
7 4741 50
7 4742 689
7 4743 50
7 4744 50
7 4745 50
7 4746 50
7 4747 50
7 4748 50
7 4749 50
7 4750 50
7 4751 50
7 4752 688
7 4753 50
7 4754 689
7 4755 50
7 4756 50
7 4757 50
7 4758 689
7 4759 50
7 4760 688
7 4761 50
7 4762 50
7 4763 50
7 4764 688
7 4765 50
7 4766 688
7 4767 50
7 4768 50
7 4769 50
7 4770 50
7 4771 50
7 4772 50
7 4773 50
7 4774 50
7 4775 50
7 4776 50
7 4777 50
7 4778 50
7 4779 50
7 4780 50
7 4781 50
7 4782 50
7 4783 50
7 4784 50
7 4785 50
7 4786 50
7 4787 50
7 4788 50
7 4789 50
7 4790 50
7 4791 50
7 4792 50
7 4793 50
7 4794 50
7 4795 50
7 4796 50
7 4797 50
7 4798 50
7 4799 50
7 4800 688
7 4801 50
7 4802 689
7 4803 50
7 4804 50
7 4805 50
7 4806 689
7 4807 50
7 4808 690
7 4809 50
7 4810 50
7 4811 50
7 4812 690
7 4813 50
7 4814 689
7 4815 50
7 4816 50
7 4817 50
7 4818 50
7 4819 50
7 4820 50
7 4821 50
7 4822 50
7 4823 50
7 4824 689
7 4825 50
7 4826 689
7 4827 50
7 4828 50
7 4829 50
7 4830 690
7 4831 50
7 4832 688
7 4833 50
7 4834 50
7 4835 50
7 4836 690
7 4837 50
7 4838 690
7 4839 50
7 4840 50
7 4841 50
7 4842 50
7 4843 50
7 4844 50
7 4845 50
7 4846 50
7 4847 50
7 4848 690
7 4849 50
7 4850 690
7 4851 50
7 4852 50
7 4853 50
7 4854 689
7 4855 50
7 4856 690
7 4857 50
7 4858 50
7 4859 50
7 4860 688
7 4861 50
7 4862 688
7 4863 50
7 4864 50
7 4865 50
7 4866 50
7 4867 50
7 4868 50
7 4869 50
7 4870 50
7 4871 50
7 4872 688
7 4873 50
7 4874 689
7 4875 50
7 4876 50
7 4877 50
7 4878 689
7 4879 50
7 4880 688
7 4881 50
7 4882 50
7 4883 50
7 4884 688
7 4885 50
7 4886 688
7 4887 50
7 4888 50
7 4889 50
7 4890 50
7 4891 50
7 4892 50
7 4893 50
7 4894 50
7 4895 50
7 4896 50
7 4897 50
7 4898 50
7 4899 50
7 4900 50
7 4901 50
7 4902 50
7 4903 50
7 4904 50
7 4905 50
7 4906 50
7 4907 50
7 4908 50
7 4909 50
7 4910 50
7 4911 50
7 4912 50
7 4913 50
7 4914 50
7 4915 50
7 4916 50
7 4917 50
7 4918 50
7 4919 50
7 4920 50
7 4921 50
7 4922 50
7 4923 50
7 4924 50
7 4925 50
7 4926 50
7 4927 50
7 4928 50
7 4929 50
7 4930 50
7 4931 50
7 4932 50
7 4933 50
7 4934 50
7 4935 50
7 4936 50
7 4937 50
7 4938 50
7 4939 50
7 4940 50
7 4941 50
7 4942 50
7 4943 50
7 4944 50
7 4945 50
7 4946 50
7 4947 50
7 4948 50
7 4949 50
7 4950 50
7 4951 50
7 4952 50
7 4953 50
7 4954 50
7 4955 50
7 4956 50
7 4957 50
7 4958 50
7 4959 50
7 4960 50
7 4961 50
7 4962 50
7 4963 50
7 4964 50
7 4965 50
7 4966 50
7 4967 50
7 4968 50
7 4969 50
7 4970 50
7 4971 50
7 4972 50
7 4973 50
7 4974 50
7 4975 50
7 4976 50
7 4977 50
7 4978 50
7 4979 50
7 4980 50
7 4981 50
7 4982 50
7 4983 50
7 4984 50
7 4985 50
7 4986 50
7 4987 50
7 4988 50
7 4989 50
7 4990 50
7 4991 50
7 4992 50
7 4993 50
7 4994 50
7 4995 50
7 4996 50
7 4997 50
7 4998 50
7 4999 50
7 5000 50
7 5001 50
7 5002 50
7 5003 50
7 5004 50
7 5005 50
7 5006 50
7 5007 50
7 5008 50
7 5009 50
7 5010 50
7 5011 50
7 5012 50
7 5013 50
7 5014 50
7 5015 50
7 5016 50
7 5017 50
7 5018 50
7 5019 50
7 5020 50
7 5021 50
7 5022 50
7 5023 50
7 5024 50
7 5025 50
7 5026 50
7 5027 50
7 5028 50
7 5029 50
7 5030 50
7 5031 50
7 5032 50
7 5033 50
7 5034 50
7 5035 50
7 5036 50
7 5037 50
7 5038 50
7 5039 50
