3 0 40319
3 1 40320
3 2 38890
3 3 40319
3 4 38890
3 5 40319
4 0 38890
4 1 38890
4 2 38890
4 3 40319
4 4 38890
4 5 40319
4 6 24553
4 7 24553
4 8 24835
4 9 38890
4 10 24835
4 11 38890
4 12 24835
4 13 24835
4 14 24553
4 15 38890
4 16 24553
4 17 38890
4 18 24553
4 19 24835
4 20 24835
4 21 38890
4 22 24553
4 23 38890
5 0 24553
5 1 24553
5 2 24527
5 3 24835
5 4 24835
5 5 24553
5 6 24553
5 7 24553
5 8 24835
5 9 38890
5 10 24835
5 11 38890
5 12 24835
5 13 24835
5 14 24553
5 15 38890
5 16 24553
5 17 38890
5 18 24553
5 19 24835
5 20 24835
5 21 38890
5 22 24553
5 23 38890
5 24 6996
5 25 6996
5 26 6995
5 27 7034
5 28 7034
5 29 6996
5 30 7034
5 31 7034
5 32 7037
5 33 24553
5 34 7102
5 35 24553
5 36 7066
5 37 7104
5 38 7068
5 39 24527
5 40 7071
5 41 24835
5 42 7102
5 43 7071
5 44 7136
5 45 24835
5 46 7102
5 47 24553
5 48 7034
5 49 7034
5 50 7066
5 51 7102
5 52 7104
5 53 7071
5 54 6996
5 55 6996
5 56 7068
5 57 24553
5 58 7071
5 59 24553
5 60 7036
5 61 7071
5 62 7035
5 63 24835
5 64 6996
5 65 24553
5 66 7071
5 67 7104
5 68 7102
5 69 24835
5 70 7034
5 71 24835
5 72 7037
5 73 7102
5 74 7068
5 75 7136
5 76 7071
5 77 7102
5 78 7068
5 79 7071
5 80 7033
5 81 24835
5 82 7104
5 83 24835
5 84 7035
5 85 7102
5 86 6996
5 87 24553
5 88 7034
5 89 24835
5 90 6996
5 91 7034
5 92 7034
5 93 24553
5 94 6996
5 95 24553
5 96 6996
5 97 7035
5 98 7033
5 99 7068
5 100 7068
5 101 7037
5 102 7035
5 103 7036
5 104 7068
5 105 24553
5 106 7066
5 107 24835
5 108 7068
5 109 7066
5 110 7037
5 111 24835
5 112 6995
5 113 24527
5 114 6996
5 115 7034
5 116 7034
5 117 24553
5 118 6996
5 119 24553
6 0 6996
6 1 6996
6 2 6995
6 3 7034
6 4 7034
6 5 6996
6 6 6995
6 7 6995
6 8 7064
6 9 7037
6 10 7066
6 11 7068
6 12 7064
6 13 7066
6 14 6995
6 15 7068
6 16 7036
6 17 7035
6 18 7037
6 19 7068
6 20 7068
6 21 7033
6 22 7035
6 23 6996
6 24 6996
6 25 6996
6 26 6995
6 27 7034
6 28 7034
6 29 6996
6 30 7034
6 31 7034
6 32 7037
6 33 24553
6 34 7102
6 35 24553
6 36 7066
6 37 7104
6 38 7068
6 39 24527
6 40 7071
6 41 24835
6 42 7102
6 43 7071
6 44 7136
6 45 24835
6 46 7102
6 47 24553
6 48 7034
6 49 7034
6 50 7066
6 51 7102
6 52 7104
6 53 7071
6 54 6996
6 55 6996
6 56 7068
6 57 24553
6 58 7071
6 59 24553
6 60 7036
6 61 7071
6 62 7035
6 63 24835
6 64 6996
6 65 24553
6 66 7071
6 67 7104
6 68 7102
6 69 24835
6 70 7034
6 71 24835
6 72 7037
6 73 7102
6 74 7068
6 75 7136
6 76 7071
6 77 7102
6 78 7068
6 79 7071
6 80 7033
6 81 24835
6 82 7104
6 83 24835
6 84 7035
6 85 7102
6 86 6996
6 87 24553
6 88 7034
6 89 24835
6 90 6996
6 91 7034
6 92 7034
6 93 24553
6 94 6996
6 95 24553
6 96 6996
6 97 7035
6 98 7033
6 99 7068
6 100 7068
6 101 7037
6 102 7035
6 103 7036
6 104 7068
6 105 24553
6 106 7066
6 107 24835
6 108 7068
6 109 7066
6 110 7037
6 111 24835
6 112 6995
6 113 24527
6 114 6996
6 115 7034
6 116 7034
6 117 24553
6 118 6996
6 119 24553
6 120 891
6 121 891
6 122 891
6 123 892
6 124 892
6 125 891
6 126 891
6 127 891
6 128 893
6 129 892
6 130 893
6 131 893
6 132 893
6 133 893
6 134 891
6 135 893
6 136 892
6 137 892
6 138 892
6 139 893
6 140 893
6 141 892
6 142 892
6 143 891
6 144 892
6 145 892
6 146 892
6 147 892
6 148 892
6 149 892
6 150 892
6 151 892
6 152 892
6 153 6996
6 154 894
6 155 6996
6 156 895
6 157 895
6 158 893
6 159 6995
6 160 894
6 161 7034
6 162 894
6 163 894
6 164 895
6 165 7034
6 166 894
6 167 6996
6 168 893
6 169 893
6 170 895
6 171 895
6 172 895
6 173 895
6 174 893
6 175 893
6 176 893
6 177 6995
6 178 894
6 179 6995
6 180 894
6 181 894
6 182 894
6 183 7064
6 184 893
6 185 7037
6 186 895
6 187 896
6 188 896
6 189 7066
6 190 894
6 191 7068
6 192 895
6 193 896
6 194 894
6 195 896
6 196 895
6 197 895
6 198 896
6 199 896
6 200 894
6 201 7064
6 202 896
6 203 7066
6 204 895
6 205 895
6 206 893
6 207 6995
6 208 894
6 209 7068
6 210 894
6 211 894
6 212 895
6 213 7036
6 214 894
6 215 7035
6 216 894
6 217 894
6 218 894
6 219 894
6 220 894
6 221 893
6 222 895
6 223 895
6 224 895
6 225 7037
6 226 896
6 227 7068
6 228 896
6 229 896
6 230 895
6 231 7068
6 232 894
6 233 7033
6 234 894
6 235 894
6 236 895
6 237 7035
6 238 894
6 239 6996
6 240 892
6 241 892
6 242 892
6 243 892
6 244 892
6 245 892
6 246 893
6 247 893
6 248 895
6 249 894
6 250 896
6 251 894
6 252 895
6 253 895
6 254 894
6 255 894
6 256 895
6 257 894
6 258 895
6 259 895
6 260 896
6 261 894
6 262 895
6 263 893
6 264 891
6 265 891
6 266 891
6 267 892
6 268 892
6 269 891
6 270 893
6 271 893
6 272 893
6 273 6996
6 274 894
6 275 6996
6 276 894
6 277 895
6 278 893
6 279 6995
6 280 894
6 281 7034
6 282 894
6 283 893
6 284 895
6 285 7034
6 286 894
6 287 6996
6 288 892
6 289 892
6 290 894
6 291 894
6 292 895
6 293 894
6 294 892
6 295 892
6 296 894
6 297 7034
6 298 894
6 299 7034
6 300 892
6 301 893
6 302 892
6 303 7037
6 304 891
6 305 6996
6 306 894
6 307 895
6 308 894
6 309 7102
6 310 892
6 311 7035
6 312 894
6 313 895
6 314 895
6 315 896
6 316 895
6 317 896
6 318 895
6 319 895
6 320 894
6 321 7066
6 322 896
6 323 7104
6 324 893
6 325 894
6 326 893
6 327 7068
6 328 892
6 329 7033
6 330 893
6 331 895
6 332 894
6 333 7071
6 334 893
6 335 7068
6 336 894
6 337 894
6 338 896
6 339 895
6 340 896
6 341 894
6 342 894
6 343 894
6 344 896
6 345 7102
6 346 895
6 347 7071
6 348 895
6 349 896
6 350 895
6 351 7136
6 352 893
6 353 7068
6 354 894
6 355 895
6 356 894
6 357 7102
6 358 892
6 359 7037
6 360 892
6 361 892
6 362 895
6 363 894
6 364 895
6 365 894
6 366 893
6 367 893
6 368 896
6 369 895
6 370 896
6 371 895
6 372 894
6 373 895
6 374 895
6 375 896
6 376 894
6 377 894
6 378 894
6 379 896
6 380 895
6 381 896
6 382 894
6 383 894
6 384 893
6 385 893
6 386 894
6 387 894
6 388 895
6 389 893
6 390 892
6 391 892
6 392 894
6 393 7034
6 394 894
6 395 7034
6 396 895
6 397 896
6 398 894
6 399 7066
6 400 895
6 401 7102
6 402 896
6 403 895
6 404 896
6 405 7104
6 406 895
6 407 7071
6 408 892
6 409 892
6 410 895
6 411 894
6 412 895
6 413 894
6 414 891
6 415 891
6 416 893
6 417 6996
6 418 893
6 419 6996
6 420 893
6 421 894
6 422 893
6 423 7068
6 424 892
6 425 7035
6 426 894
6 427 895
6 428 894
6 429 7071
6 430 892
6 431 7036
6 432 892
6 433 894
6 434 893
6 435 895
6 436 893
6 437 894
6 438 893
6 439 894
6 440 892
6 441 7036
6 442 895
6 443 7071
6 444 892
6 445 894
6 446 892
6 447 7035
6 448 893
6 449 7068
6 450 891
6 451 892
6 452 892
6 453 6996
6 454 891
6 455 6996
6 456 893
6 457 895
6 458 894
6 459 896
6 460 895
6 461 895
6 462 894
6 463 895
6 464 894
6 465 7071
6 466 895
6 467 7104
6 468 894
6 469 896
6 470 894
6 471 7102
6 472 893
6 473 7066
6 474 892
6 475 892
6 476 892
6 477 7034
6 478 892
6 479 7034
6 480 892
6 481 894
6 482 893
6 483 895
6 484 894
6 485 894
6 486 893
6 487 894
6 488 894
6 489 895
6 490 896
6 491 896
6 492 894
6 493 896
6 494 893
6 495 895
6 496 895
6 497 895
6 498 893
6 499 894
6 500 894
6 501 894
6 502 894
6 503 894
6 504 893
6 505 894
6 506 893
6 507 895
6 508 894
6 509 894
6 510 894
6 511 894
6 512 892
6 513 7037
6 514 895
6 515 7102
6 516 894
6 517 896
6 518 894
6 519 7068
6 520 896
6 521 7136
6 522 895
6 523 895
6 524 896
6 525 7071
6 526 896
6 527 7102
6 528 894
6 529 894
6 530 894
6 531 896
6 532 896
6 533 895
6 534 893
6 535 893
6 536 894
6 537 7068
6 538 894
6 539 7071
6 540 892
6 541 894
6 542 892
6 543 7033
6 544 893
6 545 7068
6 546 895
6 547 895
6 548 895
6 549 7104
6 550 893
6 551 7066
6 552 892
6 553 894
6 554 893
6 555 895
6 556 894
6 557 894
6 558 893
6 559 894
6 560 892
6 561 7035
6 562 895
6 563 7102
6 564 892
6 565 894
6 566 891
6 567 6996
6 568 892
6 569 7037
6 570 892
6 571 892
6 572 892
6 573 7034
6 574 892
6 575 7034
6 576 891
6 577 892
6 578 892
6 579 893
6 580 893
6 581 892
6 582 892
6 583 892
6 584 893
6 585 6996
6 586 893
6 587 7034
6 588 893
6 589 893
6 590 892
6 591 7034
6 592 891
6 593 6995
6 594 891
6 595 892
6 596 892
6 597 6996
6 598 891
6 599 6996
6 600 891
6 601 892
6 602 892
6 603 893
6 604 893
6 605 892
6 606 892
6 607 892
6 608 894
6 609 893
6 610 894
6 611 894
6 612 894
6 613 894
6 614 892
6 615 894
6 616 893
6 617 893
6 618 893
6 619 894
6 620 894
6 621 893
6 622 893
6 623 892
6 624 892
6 625 892
6 626 892
6 627 893
6 628 893
6 629 892
6 630 893
6 631 893
6 632 893
6 633 6996
6 634 895
6 635 7035
6 636 894
6 637 895
6 638 894
6 639 7033
6 640 894
6 641 7068
6 642 895
6 643 894
6 644 896
6 645 7068
6 646 895
6 647 7037
6 648 893
6 649 893
6 650 894
6 651 895
6 652 895
6 653 894
6 654 892
6 655 892
6 656 894
6 657 7035
6 658 894
6 659 7036
6 660 893
6 661 894
6 662 893
6 663 7068
6 664 891
6 665 6995
6 666 894
6 667 895
6 668 895
6 669 7066
6 670 893
6 671 7064
6 672 893
6 673 895
6 674 894
6 675 896
6 676 894
6 677 895
6 678 894
6 679 894
6 680 893
6 681 7068
6 682 895
6 683 7066
6 684 893
6 685 895
6 686 892
6 687 7037
6 688 893
6 689 7064
6 690 891
6 691 892
6 692 892
6 693 6995
6 694 891
6 695 6995
6 696 891
6 697 892
6 698 892
6 699 893
6 700 893
6 701 892
6 702 892
6 703 892
6 704 893
6 705 6996
6 706 893
6 707 7034
6 708 893
6 709 893
6 710 892
6 711 7034
6 712 891
6 713 6995
6 714 891
6 715 892
6 716 892
6 717 6996
6 718 891
6 719 6996
7 0 891
7 1 891
7 2 891
7 3 892
7 4 892
7 5 891
7 6 891
7 7 891
7 8 893
7 9 892
7 10 893
7 11 893
7 12 893
7 13 893
7 14 891
7 15 893
7 16 892
7 17 892
7 18 892
7 19 893
7 20 893
7 21 892
7 22 892
7 23 891
7 24 891
7 25 891
7 26 891
7 27 892
7 28 892
7 29 891
7 30 893
7 31 893
7 32 893
7 33 892
7 34 895
7 35 893
7 36 894
7 37 895
7 38 894
7 39 893
7 40 894
7 41 894
7 42 895
7 43 894
7 44 896
7 45 894
7 46 895
7 47 893
7 48 893
7 49 893
7 50 894
7 51 895
7 52 895
7 53 894
7 54 891
7 55 891
7 56 894
7 57 893
7 58 894
7 59 893
7 60 893
7 61 894
7 62 893
7 63 894
7 64 892
7 65 892
7 66 894
7 67 895
7 68 895
7 69 894
7 70 893
7 71 893
7 72 893
7 73 895
7 74 894
7 75 896
7 76 894
7 77 895
7 78 894
7 79 894
7 80 893
7 81 894
7 82 895
7 83 894
7 84 893
7 85 895
7 86 891
7 87 893
7 88 893
7 89 893
7 90 892
7 91 893
7 92 893
7 93 892
7 94 892
7 95 892
7 96 892
7 97 893
7 98 893
7 99 894
7 100 894
7 101 893
7 102 893
7 103 893
7 104 894
7 105 892
7 106 894
7 107 894
7 108 894
7 109 894
7 110 893
7 111 894
7 112 892
7 113 892
7 114 892
7 115 893
7 116 893
7 117 892
7 118 892
7 119 891
7 120 891
7 121 891
7 122 891
7 123 892
7 124 892
7 125 891
7 126 891
7 127 891
7 128 893
7 129 892
7 130 893
7 131 893
7 132 893
7 133 893
7 134 891
7 135 893
7 136 892
7 137 892
7 138 892
7 139 893
7 140 893
7 141 892
7 142 892
7 143 891
7 144 892
7 145 892
7 146 892
7 147 892
7 148 892
7 149 892
7 150 892
7 151 892
7 152 892
7 153 6996
7 154 894
7 155 6996
7 156 895
7 157 895
7 158 893
7 159 6995
7 160 894
7 161 7034
7 162 894
7 163 894
7 164 895
7 165 7034
7 166 894
7 167 6996
7 168 893
7 169 893
7 170 895
7 171 895
7 172 895
7 173 895
7 174 893
7 175 893
7 176 893
7 177 6995
7 178 894
7 179 6995
7 180 894
7 181 894
7 182 894
7 183 7064
7 184 893
7 185 7037
7 186 895
7 187 896
7 188 896
7 189 7066
7 190 894
7 191 7068
7 192 895
7 193 896
7 194 894
7 195 896
7 196 895
7 197 895
7 198 896
7 199 896
7 200 894
7 201 7064
7 202 896
7 203 7066
7 204 895
7 205 895
7 206 893
7 207 6995
7 208 894
7 209 7068
7 210 894
7 211 894
7 212 895
7 213 7036
7 214 894
7 215 7035
7 216 894
7 217 894
7 218 894
7 219 894
7 220 894
7 221 893
7 222 895
7 223 895
7 224 895
7 225 7037
7 226 896
7 227 7068
7 228 896
7 229 896
7 230 895
7 231 7068
7 232 894
7 233 7033
7 234 894
7 235 894
7 236 895
7 237 7035
7 238 894
7 239 6996
7 240 892
7 241 892
7 242 892
7 243 892
7 244 892
7 245 892
7 246 893
7 247 893
7 248 895
7 249 894
7 250 896
7 251 894
7 252 895
7 253 895
7 254 894
7 255 894
7 256 895
7 257 894
7 258 895
7 259 895
7 260 896
7 261 894
7 262 895
7 263 893
7 264 891
7 265 891
7 266 891
7 267 892
7 268 892
7 269 891
7 270 893
7 271 893
7 272 893
7 273 6996
7 274 894
7 275 6996
7 276 894
7 277 895
7 278 893
7 279 6995
7 280 894
7 281 7034
7 282 894
7 283 893
7 284 895
7 285 7034
7 286 894
7 287 6996
7 288 892
7 289 892
7 290 894
7 291 894
7 292 895
7 293 894
7 294 892
7 295 892
7 296 894
7 297 7034
7 298 894
7 299 7034
7 300 892
7 301 893
7 302 892
7 303 7037
7 304 891
7 305 6996
7 306 894
7 307 895
7 308 894
7 309 7102
7 310 892
7 311 7035
7 312 894
7 313 895
7 314 895
7 315 896
7 316 895
7 317 896
7 318 895
7 319 895
7 320 894
7 321 7066
7 322 896
7 323 7104
7 324 893
7 325 894
7 326 893
7 327 7068
7 328 892
7 329 7033
7 330 893
7 331 895
7 332 894
7 333 7071
7 334 893
7 335 7068
7 336 894
7 337 894
7 338 896
7 339 895
7 340 896
7 341 894
7 342 894
7 343 894
7 344 896
7 345 7102
7 346 895
7 347 7071
7 348 895
7 349 896
7 350 895
7 351 7136
7 352 893
7 353 7068
7 354 894
7 355 895
7 356 894
7 357 7102
7 358 892
7 359 7037
7 360 892
7 361 892
7 362 895
7 363 894
7 364 895
7 365 894
7 366 893
7 367 893
7 368 896
7 369 895
7 370 896
7 371 895
7 372 894
7 373 895
7 374 895
7 375 896
7 376 894
7 377 894
7 378 894
7 379 896
7 380 895
7 381 896
7 382 894
7 383 894
7 384 893
7 385 893
7 386 894
7 387 894
7 388 895
7 389 893
7 390 892
7 391 892
7 392 894
7 393 7034
7 394 894
7 395 7034
7 396 895
7 397 896
7 398 894
7 399 7066
7 400 895
7 401 7102
7 402 896
7 403 895
7 404 896
7 405 7104
7 406 895
7 407 7071
7 408 892
7 409 892
7 410 895
7 411 894
7 412 895
7 413 894
7 414 891
7 415 891
7 416 893
7 417 6996
7 418 893
7 419 6996
7 420 893
7 421 894
7 422 893
7 423 7068
7 424 892
7 425 7035
7 426 894
7 427 895
7 428 894
7 429 7071
7 430 892
7 431 7036
7 432 892
7 433 894
7 434 893
7 435 895
7 436 893
7 437 894
7 438 893
7 439 894
7 440 892
7 441 7036
7 442 895
7 443 7071
7 444 892
7 445 894
7 446 892
7 447 7035
7 448 893
7 449 7068
7 450 891
7 451 892
7 452 892
7 453 6996
7 454 891
7 455 6996
7 456 893
7 457 895
7 458 894
7 459 896
7 460 895
7 461 895
7 462 894
7 463 895
7 464 894
7 465 7071
7 466 895
7 467 7104
7 468 894
7 469 896
7 470 894
7 471 7102
7 472 893
7 473 7066
7 474 892
7 475 892
7 476 892
7 477 7034
7 478 892
7 479 7034
7 480 892
7 481 894
7 482 893
7 483 895
7 484 894
7 485 894
7 486 893
7 487 894
7 488 894
7 489 895
7 490 896
7 491 896
7 492 894
7 493 896
7 494 893
7 495 895
7 496 895
7 497 895
7 498 893
7 499 894
7 500 894
7 501 894
7 502 894
7 503 894
7 504 893
7 505 894
7 506 893
7 507 895
7 508 894
7 509 894
7 510 894
7 511 894
7 512 892
7 513 7037
7 514 895
7 515 7102
7 516 894
7 517 896
7 518 894
7 519 7068
7 520 896
7 521 7136
7 522 895
7 523 895
7 524 896
7 525 7071
7 526 896
7 527 7102
7 528 894
7 529 894
7 530 894
7 531 896
7 532 896
7 533 895
7 534 893
7 535 893
7 536 894
7 537 7068
7 538 894
7 539 7071
7 540 892
7 541 894
7 542 892
7 543 7033
7 544 893
7 545 7068
7 546 895
7 547 895
7 548 895
7 549 7104
7 550 893
7 551 7066
7 552 892
7 553 894
7 554 893
7 555 895
7 556 894
7 557 894
7 558 893
7 559 894
7 560 892
7 561 7035
7 562 895
7 563 7102
7 564 892
7 565 894
7 566 891
7 567 6996
7 568 892
7 569 7037
7 570 892
7 571 892
7 572 892
7 573 7034
7 574 892
7 575 7034
7 576 891
7 577 892
7 578 892
7 579 893
7 580 893
7 581 892
7 582 892
7 583 892
7 584 893
7 585 6996
7 586 893
7 587 7034
7 588 893
7 589 893
7 590 892
7 591 7034
7 592 891
7 593 6995
7 594 891
7 595 892
7 596 892
7 597 6996
7 598 891
7 599 6996
7 600 891
7 601 892
7 602 892
7 603 893
7 604 893
7 605 892
7 606 892
7 607 892
7 608 894
7 609 893
7 610 894
7 611 894
7 612 894
7 613 894
7 614 892
7 615 894
7 616 893
7 617 893
7 618 893
7 619 894
7 620 894
7 621 893
7 622 893
7 623 892
7 624 892
7 625 892
7 626 892
7 627 893
7 628 893
7 629 892
7 630 893
7 631 893
7 632 893
7 633 6996
7 634 895
7 635 7035
7 636 894
7 637 895
7 638 894
7 639 7033
7 640 894
7 641 7068
7 642 895
7 643 894
7 644 896
7 645 7068
7 646 895
7 647 7037
7 648 893
7 649 893
7 650 894
7 651 895
7 652 895
7 653 894
7 654 892
7 655 892
7 656 894
7 657 7035
7 658 894
7 659 7036
7 660 893
7 661 894
7 662 893
7 663 7068
7 664 891
7 665 6995
7 666 894
7 667 895
7 668 895
7 669 7066
7 670 893
7 671 7064
7 672 893
7 673 895
7 674 894
7 675 896
7 676 894
7 677 895
7 678 894
7 679 894
7 680 893
7 681 7068
7 682 895
7 683 7066
7 684 893
7 685 895
7 686 892
7 687 7037
7 688 893
7 689 7064
7 690 891
7 691 892
7 692 892
7 693 6995
7 694 891
7 695 6995
7 696 891
7 697 892
7 698 892
7 699 893
7 700 893
7 701 892
7 702 892
7 703 892
7 704 893
7 705 6996
7 706 893
7 707 7034
7 708 893
7 709 893
7 710 892
7 711 7034
7 712 891
7 713 6995
7 714 891
7 715 892
7 716 892
7 717 6996
7 718 891
7 719 6996
7 720 50
7 721 50
7 722 50
7 723 50
7 724 50
7 725 50
7 726 50
7 727 50
7 728 50
7 729 50
7 730 50
7 731 50
7 732 50
7 733 50
7 734 50
7 735 50
7 736 50
7 737 50
7 738 50
7 739 50
7 740 50
7 741 50
7 742 50
7 743 50
7 744 50
7 745 50
7 746 50
7 747 50
7 748 50
7 749 50
7 750 50
7 751 50
7 752 50
7 753 50
7 754 50
7 755 50
7 756 50
7 757 50
7 758 50
7 759 50
7 760 50
7 761 50
7 762 50
7 763 50
7 764 50
7 765 50
7 766 50
7 767 50
7 768 50
7 769 50
7 770 50
7 771 50
7 772 50
7 773 50
7 774 50
7 775 50
7 776 50
7 777 50
7 778 50
7 779 50
7 780 50
7 781 50
7 782 50
7 783 50
7 784 50
7 785 50
7 786 50
7 787 50
7 788 50
7 789 50
7 790 50
7 791 50
7 792 50
7 793 50
7 794 50
7 795 50
7 796 50
7 797 50
7 798 50
7 799 50
7 800 50
7 801 50
7 802 50
7 803 50
7 804 50
7 805 50
7 806 50
7 807 50
7 808 50
7 809 50
7 810 50
7 811 50
7 812 50
7 813 50
7 814 50
7 815 50
7 816 50
7 817 50
7 818 50
7 819 50
7 820 50
7 821 50
7 822 50
7 823 50
7 824 50
7 825 50
7 826 50
7 827 50
7 828 50
7 829 50
7 830 50
7 831 50
7 832 50
7 833 50
7 834 50
7 835 50
7 836 50
7 837 50
7 838 50
7 839 50
7 840 50
7 841 50
7 842 50
7 843 50
7 844 50
7 845 50
7 846 50
7 847 50
7 848 50
7 849 50
7 850 50
7 851 50
7 852 50
7 853 50
7 854 50
7 855 50
7 856 50
7 857 50
7 858 50
7 859 50
7 860 50
7 861 50
7 862 50
7 863 50
7 864 50
7 865 50
7 866 50
7 867 50
7 868 50
7 869 50
7 870 50
7 871 50
7 872 50
7 873 891
7 874 50
7 875 891
7 876 50
7 877 50
7 878 50
7 879 891
7 880 50
7 881 892
7 882 50
7 883 50
7 884 50
7 885 892
7 886 50
7 887 891
7 888 50
7 889 50
7 890 50
7 891 50
7 892 50
7 893 50
7 894 50
7 895 50
7 896 50
7 897 891
7 898 50
7 899 891
7 900 50
7 901 50
7 902 50
7 903 893
7 904 50
7 905 892
7 906 50
7 907 50
7 908 50
7 909 893
7 910 50
7 911 893
7 912 50
7 913 50
7 914 50
7 915 50
7 916 50
7 917 50
7 918 50
7 919 50
7 920 50
7 921 893
7 922 50
7 923 893
7 924 50
7 925 50
7 926 50
7 927 891
7 928 50
7 929 893
7 930 50
7 931 50
7 932 50
7 933 892
7 934 50
7 935 892
7 936 50
7 937 50
7 938 50
7 939 50
7 940 50
7 941 50
7 942 50
7 943 50
7 944 50
7 945 892
7 946 50
7 947 893
7 948 50
7 949 50
7 950 50
7 951 893
7 952 50
7 953 892
7 954 50
7 955 50
7 956 50
7 957 892
7 958 50
7 959 891
7 960 50
7 961 50
7 962 50
7 963 50
7 964 50
7 965 50
7 966 50
7 967 50
7 968 50
7 969 50
7 970 50
7 971 50
7 972 50
7 973 50
7 974 50
7 975 50
7 976 50
7 977 50
7 978 50
7 979 50
7 980 50
7 981 50
7 982 50
7 983 50
7 984 50
7 985 50
7 986 50
7 987 50
7 988 50
7 989 50
7 990 50
7 991 50
7 992 50
7 993 891
7 994 50
7 995 891
7 996 50
7 997 50
7 998 50
7 999 891
7 1000 50
7 1001 892
7 1002 50
7 1003 50
7 1004 50
7 1005 892
7 1006 50
7 1007 891
7 1008 50
7 1009 50
7 1010 50
7 1011 50
7 1012 50
7 1013 50
7 1014 50
7 1015 50
7 1016 50
7 1017 893
7 1018 50
7 1019 893
7 1020 50
7 1021 50
7 1022 50
7 1023 893
7 1024 50
7 1025 892
7 1026 50
7 1027 50
7 1028 50
7 1029 895
7 1030 50
7 1031 893
7 1032 50
7 1033 50
7 1034 50
7 1035 50
7 1036 50
7 1037 50
7 1038 50
7 1039 50
7 1040 50
7 1041 894
7 1042 50
7 1043 895
7 1044 50
7 1045 50
7 1046 50
7 1047 894
7 1048 50
7 1049 893
7 1050 50
7 1051 50
7 1052 50
7 1053 894
7 1054 50
7 1055 894
7 1056 50
7 1057 50
7 1058 50
7 1059 50
7 1060 50
7 1061 50
7 1062 50
7 1063 50
7 1064 50
7 1065 895
7 1066 50
7 1067 894
7 1068 50
7 1069 50
7 1070 50
7 1071 896
7 1072 50
7 1073 894
7 1074 50
7 1075 50
7 1076 50
7 1077 895
7 1078 50
7 1079 893
7 1080 50
7 1081 50
7 1082 50
7 1083 50
7 1084 50
7 1085 50
7 1086 50
7 1087 50
7 1088 50
7 1089 50
7 1090 50
7 1091 50
7 1092 50
7 1093 50
7 1094 50
7 1095 50
7 1096 50
7 1097 50
7 1098 50
7 1099 50
7 1100 50
7 1101 50
7 1102 50
7 1103 50
7 1104 50
7 1105 50
7 1106 50
7 1107 50
7 1108 50
7 1109 50
7 1110 50
7 1111 50
7 1112 50
7 1113 893
7 1114 50
7 1115 893
7 1116 50
7 1117 50
7 1118 50
7 1119 894
7 1120 50
7 1121 895
7 1122 50
7 1123 50
7 1124 50
7 1125 895
7 1126 50
7 1127 894
7 1128 50
7 1129 50
7 1130 50
7 1131 50
7 1132 50
7 1133 50
7 1134 50
7 1135 50
7 1136 50
7 1137 891
7 1138 50
7 1139 891
7 1140 50
7 1141 50
7 1142 50
7 1143 894
7 1144 50
7 1145 893
7 1146 50
7 1147 50
7 1148 50
7 1149 894
7 1150 50
7 1151 893
7 1152 50
7 1153 50
7 1154 50
7 1155 50
7 1156 50
7 1157 50
7 1158 50
7 1159 50
7 1160 50
7 1161 893
7 1162 50
7 1163 894
7 1164 50
7 1165 50
7 1166 50
7 1167 893
7 1168 50
7 1169 894
7 1170 50
7 1171 50
7 1172 50
7 1173 892
7 1174 50
7 1175 892
7 1176 50
7 1177 50
7 1178 50
7 1179 50
7 1180 50
7 1181 50
7 1182 50
7 1183 50
7 1184 50
7 1185 894
7 1186 50
7 1187 895
7 1188 50
7 1189 50
7 1190 50
7 1191 895
7 1192 50
7 1193 894
7 1194 50
7 1195 50
7 1196 50
7 1197 893
7 1198 50
7 1199 893
7 1200 50
7 1201 50
7 1202 50
7 1203 50
7 1204 50
7 1205 50
7 1206 50
7 1207 50
7 1208 50
7 1209 50
7 1210 50
7 1211 50
7 1212 50
7 1213 50
7 1214 50
7 1215 50
7 1216 50
7 1217 50
7 1218 50
7 1219 50
7 1220 50
7 1221 50
7 1222 50
7 1223 50
7 1224 50
7 1225 50
7 1226 50
7 1227 50
7 1228 50
7 1229 50
7 1230 50
7 1231 50
7 1232 50
7 1233 893
7 1234 50
7 1235 895
7 1236 50
7 1237 50
7 1238 50
7 1239 894
7 1240 50
7 1241 896
7 1242 50
7 1243 50
7 1244 50
7 1245 894
7 1246 50
7 1247 895
7 1248 50
7 1249 50
7 1250 50
7 1251 50
7 1252 50
7 1253 50
7 1254 50
7 1255 50
7 1256 50
7 1257 894
7 1258 50
7 1259 894
7 1260 50
7 1261 50
7 1262 50
7 1263 893
7 1264 50
7 1265 894
7 1266 50
7 1267 50
7 1268 50
7 1269 895
7 1270 50
7 1271 894
7 1272 50
7 1273 50
7 1274 50
7 1275 50
7 1276 50
7 1277 50
7 1278 50
7 1279 50
7 1280 50
7 1281 893
7 1282 50
7 1283 895
7 1284 50
7 1285 50
7 1286 50
7 1287 891
7 1288 50
7 1289 893
7 1290 50
7 1291 50
7 1292 50
7 1293 893
7 1294 50
7 1295 893
7 1296 50
7 1297 50
7 1298 50
7 1299 50
7 1300 50
7 1301 50
7 1302 50
7 1303 50
7 1304 50
7 1305 892
7 1306 50
7 1307 893
7 1308 50
7 1309 50
7 1310 50
7 1311 893
7 1312 50
7 1313 892
7 1314 50
7 1315 50
7 1316 50
7 1317 892
7 1318 50
7 1319 892
7 1320 50
7 1321 50
7 1322 50
7 1323 50
7 1324 50
7 1325 50
7 1326 50
7 1327 50
7 1328 50
7 1329 50
7 1330 50
7 1331 50
7 1332 50
7 1333 50
7 1334 50
7 1335 50
7 1336 50
7 1337 50
7 1338 50
7 1339 50
7 1340 50
7 1341 50
7 1342 50
7 1343 50
7 1344 50
7 1345 50
7 1346 50
7 1347 50
7 1348 50
7 1349 50
7 1350 50
7 1351 50
7 1352 50
7 1353 892
7 1354 50
7 1355 893
7 1356 50
7 1357 50
7 1358 50
7 1359 893
7 1360 50
7 1361 894
7 1362 50
7 1363 50
7 1364 50
7 1365 894
7 1366 50
7 1367 893
7 1368 50
7 1369 50
7 1370 50
7 1371 50
7 1372 50
7 1373 50
7 1374 50
7 1375 50
7 1376 50
7 1377 893
7 1378 50
7 1379 893
7 1380 50
7 1381 50
7 1382 50
7 1383 894
7 1384 50
7 1385 892
7 1386 50
7 1387 50
7 1388 50
7 1389 894
7 1390 50
7 1391 894
7 1392 50
7 1393 50
7 1394 50
7 1395 50
7 1396 50
7 1397 50
7 1398 50
7 1399 50
7 1400 50
7 1401 894
7 1402 50
7 1403 894
7 1404 50
7 1405 50
7 1406 50
7 1407 893
7 1408 50
7 1409 894
7 1410 50
7 1411 50
7 1412 50
7 1413 892
7 1414 50
7 1415 892
7 1416 50
7 1417 50
7 1418 50
7 1419 50
7 1420 50
7 1421 50
7 1422 50
7 1423 50
7 1424 50
7 1425 892
7 1426 50
7 1427 893
7 1428 50
7 1429 50
7 1430 50
7 1431 893
7 1432 50
7 1433 892
7 1434 50
7 1435 50
7 1436 50
7 1437 892
7 1438 50
7 1439 891
7 1440 50
7 1441 50
7 1442 50
7 1443 50
7 1444 50
7 1445 50
7 1446 50
7 1447 50
7 1448 50
7 1449 50
7 1450 50
7 1451 50
7 1452 50
7 1453 50
7 1454 50
7 1455 50
7 1456 50
7 1457 50
7 1458 50
7 1459 50
7 1460 50
7 1461 50
7 1462 50
7 1463 50
7 1464 50
7 1465 50
7 1466 50
7 1467 50
7 1468 50
7 1469 50
7 1470 50
7 1471 50
7 1472 50
7 1473 50
7 1474 50
7 1475 50
7 1476 50
7 1477 50
7 1478 50
7 1479 50
7 1480 50
7 1481 50
7 1482 50
7 1483 50
7 1484 50
7 1485 50
7 1486 50
7 1487 50
7 1488 50
7 1489 50
7 1490 50
7 1491 50
7 1492 50
7 1493 50
7 1494 50
7 1495 50
7 1496 50
7 1497 50
7 1498 50
7 1499 50
7 1500 50
7 1501 50
7 1502 50
7 1503 50
7 1504 50
7 1505 50
7 1506 50
7 1507 50
7 1508 50
7 1509 50
7 1510 50
7 1511 50
7 1512 50
7 1513 50
7 1514 50
7 1515 50
7 1516 50
7 1517 50
7 1518 50
7 1519 50
7 1520 50
7 1521 50
7 1522 50
7 1523 50
7 1524 50
7 1525 50
7 1526 50
7 1527 50
7 1528 50
7 1529 50
7 1530 50
7 1531 50
7 1532 50
7 1533 50
7 1534 50
7 1535 50
7 1536 50
7 1537 50
7 1538 50
7 1539 50
7 1540 50
7 1541 50
7 1542 50
7 1543 50
7 1544 50
7 1545 50
7 1546 50
7 1547 50
7 1548 50
7 1549 50
7 1550 50
7 1551 50
7 1552 50
7 1553 50
7 1554 50
7 1555 50
7 1556 50
7 1557 50
7 1558 50
7 1559 50
7 1560 50
7 1561 50
7 1562 50
7 1563 50
7 1564 50
7 1565 50
7 1566 50
7 1567 50
7 1568 50
7 1569 50
7 1570 50
7 1571 50
7 1572 50
7 1573 50
7 1574 50
7 1575 50
7 1576 50
7 1577 50
7 1578 50
7 1579 50
7 1580 50
7 1581 50
7 1582 50
7 1583 50
7 1584 50
7 1585 50
7 1586 50
7 1587 50
7 1588 50
7 1589 50
7 1590 50
7 1591 50
7 1592 50
7 1593 891
7 1594 50
7 1595 891
7 1596 50
7 1597 50
7 1598 50
7 1599 891
7 1600 50
7 1601 892
7 1602 50
7 1603 50
7 1604 50
7 1605 892
7 1606 50
7 1607 891
7 1608 50
7 1609 50
7 1610 50
7 1611 50
7 1612 50
7 1613 50
7 1614 50
7 1615 50
7 1616 50
7 1617 891
7 1618 50
7 1619 891
7 1620 50
7 1621 50
7 1622 50
7 1623 893
7 1624 50
7 1625 892
7 1626 50
7 1627 50
7 1628 50
7 1629 893
7 1630 50
7 1631 893
7 1632 50
7 1633 50
7 1634 50
7 1635 50
7 1636 50
7 1637 50
7 1638 50
7 1639 50
7 1640 50
7 1641 893
7 1642 50
7 1643 893
7 1644 50
7 1645 50
7 1646 50
7 1647 891
7 1648 50
7 1649 893
7 1650 50
7 1651 50
7 1652 50
7 1653 892
7 1654 50
7 1655 892
7 1656 50
7 1657 50
7 1658 50
7 1659 50
7 1660 50
7 1661 50
7 1662 50
7 1663 50
7 1664 50
7 1665 892
7 1666 50
7 1667 893
7 1668 50
7 1669 50
7 1670 50
7 1671 893
7 1672 50
7 1673 892
7 1674 50
7 1675 50
7 1676 50
7 1677 892
7 1678 50
7 1679 891
7 1680 50
7 1681 50
7 1682 50
7 1683 50
7 1684 50
7 1685 50
7 1686 50
7 1687 50
7 1688 50
7 1689 50
7 1690 50
7 1691 50
7 1692 50
7 1693 50
7 1694 50
7 1695 50
7 1696 50
7 1697 50
7 1698 50
7 1699 50
7 1700 50
7 1701 50
7 1702 50
7 1703 50
7 1704 50
7 1705 50
7 1706 50
7 1707 50
7 1708 50
7 1709 50
7 1710 50
7 1711 50
7 1712 50
7 1713 892
7 1714 50
7 1715 892
7 1716 50
7 1717 50
7 1718 50
7 1719 892
7 1720 50
7 1721 892
7 1722 50
7 1723 50
7 1724 50
7 1725 892
7 1726 50
7 1727 892
7 1728 50
7 1729 50
7 1730 50
7 1731 50
7 1732 50
7 1733 50
7 1734 50
7 1735 50
7 1736 50
7 1737 892
7 1738 50
7 1739 892
7 1740 50
7 1741 50
7 1742 50
7 1743 892
7 1744 50
7 1745 891
7 1746 50
7 1747 50
7 1748 50
7 1749 894
7 1750 50
7 1751 892
7 1752 50
7 1753 50
7 1754 50
7 1755 50
7 1756 50
7 1757 50
7 1758 50
7 1759 50
7 1760 50
7 1761 895
7 1762 50
7 1763 895
7 1764 50
7 1765 50
7 1766 50
7 1767 893
7 1768 50
7 1769 892
7 1770 50
7 1771 50
7 1772 50
7 1773 894
7 1774 50
7 1775 893
7 1776 50
7 1777 50
7 1778 50
7 1779 50
7 1780 50
7 1781 50
7 1782 50
7 1783 50
7 1784 50
7 1785 894
7 1786 50
7 1787 894
7 1788 50
7 1789 50
7 1790 50
7 1791 895
7 1792 50
7 1793 893
7 1794 50
7 1795 50
7 1796 50
7 1797 894
7 1798 50
7 1799 892
7 1800 50
7 1801 50
7 1802 50
7 1803 50
7 1804 50
7 1805 50
7 1806 50
7 1807 50
7 1808 50
7 1809 50
7 1810 50
7 1811 50
7 1812 50
7 1813 50
7 1814 50
7 1815 50
7 1816 50
7 1817 50
7 1818 50
7 1819 50
7 1820 50
7 1821 50
7 1822 50
7 1823 50
7 1824 50
7 1825 50
7 1826 50
7 1827 50
7 1828 50
7 1829 50
7 1830 50
7 1831 50
7 1832 50
7 1833 893
7 1834 50
7 1835 893
7 1836 50
7 1837 50
7 1838 50
7 1839 895
7 1840 50
7 1841 895
7 1842 50
7 1843 50
7 1844 50
7 1845 895
7 1846 50
7 1847 895
7 1848 50
7 1849 50
7 1850 50
7 1851 50
7 1852 50
7 1853 50
7 1854 50
7 1855 50
7 1856 50
7 1857 893
7 1858 50
7 1859 893
7 1860 50
7 1861 50
7 1862 50
7 1863 893
7 1864 50
7 1865 892
7 1866 50
7 1867 50
7 1868 50
7 1869 894
7 1870 50
7 1871 892
7 1872 50
7 1873 50
7 1874 50
7 1875 50
7 1876 50
7 1877 50
7 1878 50
7 1879 50
7 1880 50
7 1881 894
7 1882 50
7 1883 894
7 1884 50
7 1885 50
7 1886 50
7 1887 894
7 1888 50
7 1889 894
7 1890 50
7 1891 50
7 1892 50
7 1893 893
7 1894 50
7 1895 893
7 1896 50
7 1897 50
7 1898 50
7 1899 50
7 1900 50
7 1901 50
7 1902 50
7 1903 50
7 1904 50
7 1905 895
7 1906 50
7 1907 896
7 1908 50
7 1909 50
7 1910 50
7 1911 896
7 1912 50
7 1913 894
7 1914 50
7 1915 50
7 1916 50
7 1917 894
7 1918 50
7 1919 894
7 1920 50
7 1921 50
7 1922 50
7 1923 50
7 1924 50
7 1925 50
7 1926 50
7 1927 50
7 1928 50
7 1929 50
7 1930 50
7 1931 50
7 1932 50
7 1933 50
7 1934 50
7 1935 50
7 1936 50
7 1937 50
7 1938 50
7 1939 50
7 1940 50
7 1941 50
7 1942 50
7 1943 50
7 1944 50
7 1945 50
7 1946 50
7 1947 50
7 1948 50
7 1949 50
7 1950 50
7 1951 50
7 1952 50
7 1953 895
7 1954 50
7 1955 896
7 1956 50
7 1957 50
7 1958 50
7 1959 894
7 1960 50
7 1961 896
7 1962 50
7 1963 50
7 1964 50
7 1965 895
7 1966 50
7 1967 895
7 1968 50
7 1969 50
7 1970 50
7 1971 50
7 1972 50
7 1973 50
7 1974 50
7 1975 50
7 1976 50
7 1977 896
7 1978 50
7 1979 896
7 1980 50
7 1981 50
7 1982 50
7 1983 894
7 1984 50
7 1985 894
7 1986 50
7 1987 50
7 1988 50
7 1989 896
7 1990 50
7 1991 894
7 1992 50
7 1993 50
7 1994 50
7 1995 50
7 1996 50
7 1997 50
7 1998 50
7 1999 50
7 2000 50
7 2001 895
7 2002 50
7 2003 895
7 2004 50
7 2005 50
7 2006 50
7 2007 893
7 2008 50
7 2009 892
7 2010 50
7 2011 50
7 2012 50
7 2013 894
7 2014 50
7 2015 894
7 2016 50
7 2017 50
7 2018 50
7 2019 50
7 2020 50
7 2021 50
7 2022 50
7 2023 50
7 2024 50
7 2025 894
7 2026 50
7 2027 894
7 2028 50
7 2029 50
7 2030 50
7 2031 895
7 2032 50
7 2033 893
7 2034 50
7 2035 50
7 2036 50
7 2037 894
7 2038 50
7 2039 893
7 2040 50
7 2041 50
7 2042 50
7 2043 50
7 2044 50
7 2045 50
7 2046 50
7 2047 50
7 2048 50
7 2049 50
7 2050 50
7 2051 50
7 2052 50
7 2053 50
7 2054 50
7 2055 50
7 2056 50
7 2057 50
7 2058 50
7 2059 50
7 2060 50
7 2061 50
7 2062 50
7 2063 50
7 2064 50
7 2065 50
7 2066 50
7 2067 50
7 2068 50
7 2069 50
7 2070 50
7 2071 50
7 2072 50
7 2073 894
7 2074 50
7 2075 894
7 2076 50
7 2077 50
7 2078 50
7 2079 894
7 2080 50
7 2081 894
7 2082 50
7 2083 50
7 2084 50
7 2085 894
7 2086 50
7 2087 893
7 2088 50
7 2089 50
7 2090 50
7 2091 50
7 2092 50
7 2093 50
7 2094 50
7 2095 50
7 2096 50
7 2097 895
7 2098 50
7 2099 895
7 2100 50
7 2101 50
7 2102 50
7 2103 895
7 2104 50
7 2105 893
7 2106 50
7 2107 50
7 2108 50
7 2109 896
7 2110 50
7 2111 894
7 2112 50
7 2113 50
7 2114 50
7 2115 50
7 2116 50
7 2117 50
7 2118 50
7 2119 50
7 2120 50
7 2121 896
7 2122 50
7 2123 896
7 2124 50
7 2125 50
7 2126 50
7 2127 895
7 2128 50
7 2129 894
7 2130 50
7 2131 50
7 2132 50
7 2133 894
7 2134 50
7 2135 893
7 2136 50
7 2137 50
7 2138 50
7 2139 50
7 2140 50
7 2141 50
7 2142 50
7 2143 50
7 2144 50
7 2145 894
7 2146 50
7 2147 894
7 2148 50
7 2149 50
7 2150 50
7 2151 895
7 2152 50
7 2153 893
7 2154 50
7 2155 50
7 2156 50
7 2157 894
7 2158 50
7 2159 892
7 2160 50
7 2161 50
7 2162 50
7 2163 50
7 2164 50
7 2165 50
7 2166 50
7 2167 50
7 2168 50
7 2169 50
7 2170 50
7 2171 50
7 2172 50
7 2173 50
7 2174 50
7 2175 50
7 2176 50
7 2177 50
7 2178 50
7 2179 50
7 2180 50
7 2181 50
7 2182 50
7 2183 50
7 2184 50
7 2185 50
7 2186 50
7 2187 50
7 2188 50
7 2189 50
7 2190 50
7 2191 50
7 2192 50
7 2193 50
7 2194 50
7 2195 50
7 2196 50
7 2197 50
7 2198 50
7 2199 50
7 2200 50
7 2201 50
7 2202 50
7 2203 50
7 2204 50
7 2205 50
7 2206 50
7 2207 50
7 2208 50
7 2209 50
7 2210 50
7 2211 50
7 2212 50
7 2213 50
7 2214 50
7 2215 50
7 2216 50
7 2217 50
7 2218 50
7 2219 50
7 2220 50
7 2221 50
7 2222 50
7 2223 50
7 2224 50
7 2225 50
7 2226 50
7 2227 50
7 2228 50
7 2229 50
7 2230 50
7 2231 50
7 2232 50
7 2233 50
7 2234 50
7 2235 50
7 2236 50
7 2237 50
7 2238 50
7 2239 50
7 2240 50
7 2241 50
7 2242 50
7 2243 50
7 2244 50
7 2245 50
7 2246 50
7 2247 50
7 2248 50
7 2249 50
7 2250 50
7 2251 50
7 2252 50
7 2253 50
7 2254 50
7 2255 50
7 2256 50
7 2257 50
7 2258 50
7 2259 50
7 2260 50
7 2261 50
7 2262 50
7 2263 50
7 2264 50
7 2265 50
7 2266 50
7 2267 50
7 2268 50
7 2269 50
7 2270 50
7 2271 50
7 2272 50
7 2273 50
7 2274 50
7 2275 50
7 2276 50
7 2277 50
7 2278 50
7 2279 50
7 2280 50
7 2281 50
7 2282 50
7 2283 50
7 2284 50
7 2285 50
7 2286 50
7 2287 50
7 2288 50
7 2289 50
7 2290 50
7 2291 50
7 2292 50
7 2293 50
7 2294 50
7 2295 50
7 2296 50
7 2297 50
7 2298 50
7 2299 50
7 2300 50
7 2301 50
7 2302 50
7 2303 50
7 2304 50
7 2305 50
7 2306 50
7 2307 50
7 2308 50
7 2309 50
7 2310 50
7 2311 50
7 2312 50
7 2313 892
7 2314 50
7 2315 892
7 2316 50
7 2317 50
7 2318 50
7 2319 892
7 2320 50
7 2321 892
7 2322 50
7 2323 50
7 2324 50
7 2325 892
7 2326 50
7 2327 892
7 2328 50
7 2329 50
7 2330 50
7 2331 50
7 2332 50
7 2333 50
7 2334 50
7 2335 50
7 2336 50
7 2337 893
7 2338 50
7 2339 893
7 2340 50
7 2341 50
7 2342 50
7 2343 895
7 2344 50
7 2345 894
7 2346 50
7 2347 50
7 2348 50
7 2349 896
7 2350 50
7 2351 894
7 2352 50
7 2353 50
7 2354 50
7 2355 50
7 2356 50
7 2357 50
7 2358 50
7 2359 50
7 2360 50
7 2361 895
7 2362 50
7 2363 895
7 2364 50
7 2365 50
7 2366 50
7 2367 894
7 2368 50
7 2369 894
7 2370 50
7 2371 50
7 2372 50
7 2373 895
7 2374 50
7 2375 894
7 2376 50
7 2377 50
7 2378 50
7 2379 50
7 2380 50
7 2381 50
7 2382 50
7 2383 50
7 2384 50
7 2385 895
7 2386 50
7 2387 895
7 2388 50
7 2389 50
7 2390 50
7 2391 896
7 2392 50
7 2393 894
7 2394 50
7 2395 50
7 2396 50
7 2397 895
7 2398 50
7 2399 893
7 2400 50
7 2401 50
7 2402 50
7 2403 50
7 2404 50
7 2405 50
7 2406 50
7 2407 50
7 2408 50
7 2409 50
7 2410 50
7 2411 50
7 2412 50
7 2413 50
7 2414 50
7 2415 50
7 2416 50
7 2417 50
7 2418 50
7 2419 50
7 2420 50
7 2421 50
7 2422 50
7 2423 50
7 2424 50
7 2425 50
7 2426 50
7 2427 50
7 2428 50
7 2429 50
7 2430 50
7 2431 50
7 2432 50
7 2433 891
7 2434 50
7 2435 891
7 2436 50
7 2437 50
7 2438 50
7 2439 891
7 2440 50
7 2441 892
7 2442 50
7 2443 50
7 2444 50
7 2445 892
7 2446 50
7 2447 891
7 2448 50
7 2449 50
7 2450 50
7 2451 50
7 2452 50
7 2453 50
7 2454 50
7 2455 50
7 2456 50
7 2457 893
7 2458 50
7 2459 893
7 2460 50
7 2461 50
7 2462 50
7 2463 893
7 2464 50
7 2465 892
7 2466 50
7 2467 50
7 2468 50
7 2469 894
7 2470 50
7 2471 892
7 2472 50
7 2473 50
7 2474 50
7 2475 50
7 2476 50
7 2477 50
7 2478 50
7 2479 50
7 2480 50
7 2481 894
7 2482 50
7 2483 895
7 2484 50
7 2485 50
7 2486 50
7 2487 893
7 2488 50
7 2489 892
7 2490 50
7 2491 50
7 2492 50
7 2493 894
7 2494 50
7 2495 893
7 2496 50
7 2497 50
7 2498 50
7 2499 50
7 2500 50
7 2501 50
7 2502 50
7 2503 50
7 2504 50
7 2505 894
7 2506 50
7 2507 893
7 2508 50
7 2509 50
7 2510 50
7 2511 895
7 2512 50
7 2513 893
7 2514 50
7 2515 50
7 2516 50
7 2517 894
7 2518 50
7 2519 892
7 2520 50
7 2521 50
7 2522 50
7 2523 50
7 2524 50
7 2525 50
7 2526 50
7 2527 50
7 2528 50
7 2529 50
7 2530 50
7 2531 50
7 2532 50
7 2533 50
7 2534 50
7 2535 50
7 2536 50
7 2537 50
7 2538 50
7 2539 50
7 2540 50
7 2541 50
7 2542 50
7 2543 50
7 2544 50
7 2545 50
7 2546 50
7 2547 50
7 2548 50
7 2549 50
7 2550 50
7 2551 50
7 2552 50
7 2553 892
7 2554 50
7 2555 892
7 2556 50
7 2557 50
7 2558 50
7 2559 894
7 2560 50
7 2561 894
7 2562 50
7 2563 50
7 2564 50
7 2565 895
7 2566 50
7 2567 894
7 2568 50
7 2569 50
7 2570 50
7 2571 50
7 2572 50
7 2573 50
7 2574 50
7 2575 50
7 2576 50
7 2577 892
7 2578 50
7 2579 892
7 2580 50
7 2581 50
7 2582 50
7 2583 894
7 2584 50
7 2585 893
7 2586 50
7 2587 50
7 2588 50
7 2589 894
7 2590 50
7 2591 893
7 2592 50
7 2593 50
7 2594 50
7 2595 50
7 2596 50
7 2597 50
7 2598 50
7 2599 50
7 2600 50
7 2601 892
7 2602 50
7 2603 893
7 2604 50
7 2605 50
7 2606 50
7 2607 892
7 2608 50
7 2609 893
7 2610 50
7 2611 50
7 2612 50
7 2613 891
7 2614 50
7 2615 891
7 2616 50
7 2617 50
7 2618 50
7 2619 50
7 2620 50
7 2621 50
7 2622 50
7 2623 50
7 2624 50
7 2625 894
7 2626 50
7 2627 895
7 2628 50
7 2629 50
7 2630 50
7 2631 894
7 2632 50
7 2633 895
7 2634 50
7 2635 50
7 2636 50
7 2637 892
7 2638 50
7 2639 892
7 2640 50
7 2641 50
7 2642 50
7 2643 50
7 2644 50
7 2645 50
7 2646 50
7 2647 50
7 2648 50
7 2649 50
7 2650 50
7 2651 50
7 2652 50
7 2653 50
7 2654 50
7 2655 50
7 2656 50
7 2657 50
7 2658 50
7 2659 50
7 2660 50
7 2661 50
7 2662 50
7 2663 50
7 2664 50
7 2665 50
7 2666 50
7 2667 50
7 2668 50
7 2669 50
7 2670 50
7 2671 50
7 2672 50
7 2673 894
7 2674 50
7 2675 895
7 2676 50
7 2677 50
7 2678 50
7 2679 895
7 2680 50
7 2681 896
7 2682 50
7 2683 50
7 2684 50
7 2685 895
7 2686 50
7 2687 896
7 2688 50
7 2689 50
7 2690 50
7 2691 50
7 2692 50
7 2693 50
7 2694 50
7 2695 50
7 2696 50
7 2697 895
7 2698 50
7 2699 895
7 2700 50
7 2701 50
7 2702 50
7 2703 894
7 2704 50
7 2705 894
7 2706 50
7 2707 50
7 2708 50
7 2709 896
7 2710 50
7 2711 895
7 2712 50
7 2713 50
7 2714 50
7 2715 50
7 2716 50
7 2717 50
7 2718 50
7 2719 50
7 2720 50
7 2721 893
7 2722 50
7 2723 894
7 2724 50
7 2725 50
7 2726 50
7 2727 893
7 2728 50
7 2729 894
7 2730 50
7 2731 50
7 2732 50
7 2733 892
7 2734 50
7 2735 892
7 2736 50
7 2737 50
7 2738 50
7 2739 50
7 2740 50
7 2741 50
7 2742 50
7 2743 50
7 2744 50
7 2745 893
7 2746 50
7 2747 895
7 2748 50
7 2749 50
7 2750 50
7 2751 894
7 2752 50
7 2753 894
7 2754 50
7 2755 50
7 2756 50
7 2757 893
7 2758 50
7 2759 893
7 2760 50
7 2761 50
7 2762 50
7 2763 50
7 2764 50
7 2765 50
7 2766 50
7 2767 50
7 2768 50
7 2769 50
7 2770 50
7 2771 50
7 2772 50
7 2773 50
7 2774 50
7 2775 50
7 2776 50
7 2777 50
7 2778 50
7 2779 50
7 2780 50
7 2781 50
7 2782 50
7 2783 50
7 2784 50
7 2785 50
7 2786 50
7 2787 50
7 2788 50
7 2789 50
7 2790 50
7 2791 50
7 2792 50
7 2793 894
7 2794 50
7 2795 894
7 2796 50
7 2797 50
7 2798 50
7 2799 896
7 2800 50
7 2801 895
7 2802 50
7 2803 50
7 2804 50
7 2805 896
7 2806 50
7 2807 894
7 2808 50
7 2809 50
7 2810 50
7 2811 50
7 2812 50
7 2813 50
7 2814 50
7 2815 50
7 2816 50
7 2817 894
7 2818 50
7 2819 894
7 2820 50
7 2821 50
7 2822 50
7 2823 896
7 2824 50
7 2825 895
7 2826 50
7 2827 50
7 2828 50
7 2829 895
7 2830 50
7 2831 894
7 2832 50
7 2833 50
7 2834 50
7 2835 50
7 2836 50
7 2837 50
7 2838 50
7 2839 50
7 2840 50
7 2841 895
7 2842 50
7 2843 896
7 2844 50
7 2845 50
7 2846 50
7 2847 895
7 2848 50
7 2849 896
7 2850 50
7 2851 50
7 2852 50
7 2853 893
7 2854 50
7 2855 893
7 2856 50
7 2857 50
7 2858 50
7 2859 50
7 2860 50
7 2861 50
7 2862 50
7 2863 50
7 2864 50
7 2865 894
7 2866 50
7 2867 895
7 2868 50
7 2869 50
7 2870 50
7 2871 894
7 2872 50
7 2873 895
7 2874 50
7 2875 50
7 2876 50
7 2877 892
7 2878 50
7 2879 892
7 2880 50
7 2881 50
7 2882 50
7 2883 50
7 2884 50
7 2885 50
7 2886 50
7 2887 50
7 2888 50
7 2889 50
7 2890 50
7 2891 50
7 2892 50
7 2893 50
7 2894 50
7 2895 50
7 2896 50
7 2897 50
7 2898 50
7 2899 50
7 2900 50
7 2901 50
7 2902 50
7 2903 50
7 2904 50
7 2905 50
7 2906 50
7 2907 50
7 2908 50
7 2909 50
7 2910 50
7 2911 50
7 2912 50
7 2913 50
7 2914 50
7 2915 50
7 2916 50
7 2917 50
7 2918 50
7 2919 50
7 2920 50
7 2921 50
7 2922 50
7 2923 50
7 2924 50
7 2925 50
7 2926 50
7 2927 50
7 2928 50
7 2929 50
7 2930 50
7 2931 50
7 2932 50
7 2933 50
7 2934 50
7 2935 50
7 2936 50
7 2937 50
7 2938 50
7 2939 50
7 2940 50
7 2941 50
7 2942 50
7 2943 50
7 2944 50
7 2945 50
7 2946 50
7 2947 50
7 2948 50
7 2949 50
7 2950 50
7 2951 50
7 2952 50
7 2953 50
7 2954 50
7 2955 50
7 2956 50
7 2957 50
7 2958 50
7 2959 50
7 2960 50
7 2961 50
7 2962 50
7 2963 50
7 2964 50
7 2965 50
7 2966 50
7 2967 50
7 2968 50
7 2969 50
7 2970 50
7 2971 50
7 2972 50
7 2973 50
7 2974 50
7 2975 50
7 2976 50
7 2977 50
7 2978 50
7 2979 50
7 2980 50
7 2981 50
7 2982 50
7 2983 50
7 2984 50
7 2985 50
7 2986 50
7 2987 50
7 2988 50
7 2989 50
7 2990 50
7 2991 50
7 2992 50
7 2993 50
7 2994 50
7 2995 50
7 2996 50
7 2997 50
7 2998 50
7 2999 50
7 3000 50
7 3001 50
7 3002 50
7 3003 50
7 3004 50
7 3005 50
7 3006 50
7 3007 50
7 3008 50
7 3009 50
7 3010 50
7 3011 50
7 3012 50
7 3013 50
7 3014 50
7 3015 50
7 3016 50
7 3017 50
7 3018 50
7 3019 50
7 3020 50
7 3021 50
7 3022 50
7 3023 50
7 3024 50
7 3025 50
7 3026 50
7 3027 50
7 3028 50
7 3029 50
7 3030 50
7 3031 50
7 3032 50
7 3033 892
7 3034 50
7 3035 892
7 3036 50
7 3037 50
7 3038 50
7 3039 895
7 3040 50
7 3041 894
7 3042 50
7 3043 50
7 3044 50
7 3045 895
7 3046 50
7 3047 894
7 3048 50
7 3049 50
7 3050 50
7 3051 50
7 3052 50
7 3053 50
7 3054 50
7 3055 50
7 3056 50
7 3057 893
7 3058 50
7 3059 893
7 3060 50
7 3061 50
7 3062 50
7 3063 896
7 3064 50
7 3065 895
7 3066 50
7 3067 50
7 3068 50
7 3069 896
7 3070 50
7 3071 895
7 3072 50
7 3073 50
7 3074 50
7 3075 50
7 3076 50
7 3077 50
7 3078 50
7 3079 50
7 3080 50
7 3081 894
7 3082 50
7 3083 895
7 3084 50
7 3085 50
7 3086 50
7 3087 895
7 3088 50
7 3089 896
7 3090 50
7 3091 50
7 3092 50
7 3093 894
7 3094 50
7 3095 894
7 3096 50
7 3097 50
7 3098 50
7 3099 50
7 3100 50
7 3101 50
7 3102 50
7 3103 50
7 3104 50
7 3105 894
7 3106 50
7 3107 896
7 3108 50
7 3109 50
7 3110 50
7 3111 895
7 3112 50
7 3113 896
7 3114 50
7 3115 50
7 3116 50
7 3117 894
7 3118 50
7 3119 894
7 3120 50
7 3121 50
7 3122 50
7 3123 50
7 3124 50
7 3125 50
7 3126 50
7 3127 50
7 3128 50
7 3129 50
7 3130 50
7 3131 50
7 3132 50
7 3133 50
7 3134 50
7 3135 50
7 3136 50
7 3137 50
7 3138 50
7 3139 50
7 3140 50
7 3141 50
7 3142 50
7 3143 50
7 3144 50
7 3145 50
7 3146 50
7 3147 50
7 3148 50
7 3149 50
7 3150 50
7 3151 50
7 3152 50
7 3153 893
7 3154 50
7 3155 893
7 3156 50
7 3157 50
7 3158 50
7 3159 894
7 3160 50
7 3161 894
7 3162 50
7 3163 50
7 3164 50
7 3165 895
7 3166 50
7 3167 893
7 3168 50
7 3169 50
7 3170 50
7 3171 50
7 3172 50
7 3173 50
7 3174 50
7 3175 50
7 3176 50
7 3177 892
7 3178 50
7 3179 892
7 3180 50
7 3181 50
7 3182 50
7 3183 894
7 3184 50
7 3185 893
7 3186 50
7 3187 50
7 3188 50
7 3189 894
7 3190 50
7 3191 893
7 3192 50
7 3193 50
7 3194 50
7 3195 50
7 3196 50
7 3197 50
7 3198 50
7 3199 50
7 3200 50
7 3201 895
7 3202 50
7 3203 896
7 3204 50
7 3205 50
7 3206 50
7 3207 894
7 3208 50
7 3209 894
7 3210 50
7 3211 50
7 3212 50
7 3213 895
7 3214 50
7 3215 895
7 3216 50
7 3217 50
7 3218 50
7 3219 50
7 3220 50
7 3221 50
7 3222 50
7 3223 50
7 3224 50
7 3225 896
7 3226 50
7 3227 895
7 3228 50
7 3229 50
7 3230 50
7 3231 896
7 3232 50
7 3233 895
7 3234 50
7 3235 50
7 3236 50
7 3237 895
7 3238 50
7 3239 894
7 3240 50
7 3241 50
7 3242 50
7 3243 50
7 3244 50
7 3245 50
7 3246 50
7 3247 50
7 3248 50
7 3249 50
7 3250 50
7 3251 50
7 3252 50
7 3253 50
7 3254 50
7 3255 50
7 3256 50
7 3257 50
7 3258 50
7 3259 50
7 3260 50
7 3261 50
7 3262 50
7 3263 50
7 3264 50
7 3265 50
7 3266 50
7 3267 50
7 3268 50
7 3269 50
7 3270 50
7 3271 50
7 3272 50
7 3273 892
7 3274 50
7 3275 892
7 3276 50
7 3277 50
7 3278 50
7 3279 895
7 3280 50
7 3281 894
7 3282 50
7 3283 50
7 3284 50
7 3285 895
7 3286 50
7 3287 894
7 3288 50
7 3289 50
7 3290 50
7 3291 50
7 3292 50
7 3293 50
7 3294 50
7 3295 50
7 3296 50
7 3297 891
7 3298 50
7 3299 891
7 3300 50
7 3301 50
7 3302 50
7 3303 893
7 3304 50
7 3305 892
7 3306 50
7 3307 50
7 3308 50
7 3309 893
7 3310 50
7 3311 892
7 3312 50
7 3313 50
7 3314 50
7 3315 50
7 3316 50
7 3317 50
7 3318 50
7 3319 50
7 3320 50
7 3321 893
7 3322 50
7 3323 894
7 3324 50
7 3325 50
7 3326 50
7 3327 893
7 3328 50
7 3329 894
7 3330 50
7 3331 50
7 3332 50
7 3333 892
7 3334 50
7 3335 892
7 3336 50
7 3337 50
7 3338 50
7 3339 50
7 3340 50
7 3341 50
7 3342 50
7 3343 50
7 3344 50
7 3345 894
7 3346 50
7 3347 895
7 3348 50
7 3349 50
7 3350 50
7 3351 894
7 3352 50
7 3353 894
7 3354 50
7 3355 50
7 3356 50
7 3357 892
7 3358 50
7 3359 892
7 3360 50
7 3361 50
7 3362 50
7 3363 50
7 3364 50
7 3365 50
7 3366 50
7 3367 50
7 3368 50
7 3369 50
7 3370 50
7 3371 50
7 3372 50
7 3373 50
7 3374 50
7 3375 50
7 3376 50
7 3377 50
7 3378 50
7 3379 50
7 3380 50
7 3381 50
7 3382 50
7 3383 50
7 3384 50
7 3385 50
7 3386 50
7 3387 50
7 3388 50
7 3389 50
7 3390 50
7 3391 50
7 3392 50
7 3393 892
7 3394 50
7 3395 894
7 3396 50
7 3397 50
7 3398 50
7 3399 893
7 3400 50
7 3401 895
7 3402 50
7 3403 50
7 3404 50
7 3405 893
7 3406 50
7 3407 894
7 3408 50
7 3409 50
7 3410 50
7 3411 50
7 3412 50
7 3413 50
7 3414 50
7 3415 50
7 3416 50
7 3417 893
7 3418 50
7 3419 894
7 3420 50
7 3421 50
7 3422 50
7 3423 892
7 3424 50
7 3425 893
7 3426 50
7 3427 50
7 3428 50
7 3429 895
7 3430 50
7 3431 894
7 3432 50
7 3433 50
7 3434 50
7 3435 50
7 3436 50
7 3437 50
7 3438 50
7 3439 50
7 3440 50
7 3441 892
7 3442 50
7 3443 894
7 3444 50
7 3445 50
7 3446 50
7 3447 892
7 3448 50
7 3449 893
7 3450 50
7 3451 50
7 3452 50
7 3453 893
7 3454 50
7 3455 893
7 3456 50
7 3457 50
7 3458 50
7 3459 50
7 3460 50
7 3461 50
7 3462 50
7 3463 50
7 3464 50
7 3465 891
7 3466 50
7 3467 892
7 3468 50
7 3469 50
7 3470 50
7 3471 892
7 3472 50
7 3473 891
7 3474 50
7 3475 50
7 3476 50
7 3477 891
7 3478 50
7 3479 891
7 3480 50
7 3481 50
7 3482 50
7 3483 50
7 3484 50
7 3485 50
7 3486 50
7 3487 50
7 3488 50
7 3489 50
7 3490 50
7 3491 50
7 3492 50
7 3493 50
7 3494 50
7 3495 50
7 3496 50
7 3497 50
7 3498 50
7 3499 50
7 3500 50
7 3501 50
7 3502 50
7 3503 50
7 3504 50
7 3505 50
7 3506 50
7 3507 50
7 3508 50
7 3509 50
7 3510 50
7 3511 50
7 3512 50
7 3513 893
7 3514 50
7 3515 895
7 3516 50
7 3517 50
7 3518 50
7 3519 894
7 3520 50
7 3521 896
7 3522 50
7 3523 50
7 3524 50
7 3525 895
7 3526 50
7 3527 895
7 3528 50
7 3529 50
7 3530 50
7 3531 50
7 3532 50
7 3533 50
7 3534 50
7 3535 50
7 3536 50
7 3537 894
7 3538 50
7 3539 895
7 3540 50
7 3541 50
7 3542 50
7 3543 894
7 3544 50
7 3545 894
7 3546 50
7 3547 50
7 3548 50
7 3549 895
7 3550 50
7 3551 895
7 3552 50
7 3553 50
7 3554 50
7 3555 50
7 3556 50
7 3557 50
7 3558 50
7 3559 50
7 3560 50
7 3561 894
7 3562 50
7 3563 896
7 3564 50
7 3565 50
7 3566 50
7 3567 894
7 3568 50
7 3569 895
7 3570 50
7 3571 50
7 3572 50
7 3573 893
7 3574 50
7 3575 893
7 3576 50
7 3577 50
7 3578 50
7 3579 50
7 3580 50
7 3581 50
7 3582 50
7 3583 50
7 3584 50
7 3585 892
7 3586 50
7 3587 892
7 3588 50
7 3589 50
7 3590 50
7 3591 892
7 3592 50
7 3593 892
7 3594 50
7 3595 50
7 3596 50
7 3597 892
7 3598 50
7 3599 892
7 3600 50
7 3601 50
7 3602 50
7 3603 50
7 3604 50
7 3605 50
7 3606 50
7 3607 50
7 3608 50
7 3609 50
7 3610 50
7 3611 50
7 3612 50
7 3613 50
7 3614 50
7 3615 50
7 3616 50
7 3617 50
7 3618 50
7 3619 50
7 3620 50
7 3621 50
7 3622 50
7 3623 50
7 3624 50
7 3625 50
7 3626 50
7 3627 50
7 3628 50
7 3629 50
7 3630 50
7 3631 50
7 3632 50
7 3633 50
7 3634 50
7 3635 50
7 3636 50
7 3637 50
7 3638 50
7 3639 50
7 3640 50
7 3641 50
7 3642 50
7 3643 50
7 3644 50
7 3645 50
7 3646 50
7 3647 50
7 3648 50
7 3649 50
7 3650 50
7 3651 50
7 3652 50
7 3653 50
7 3654 50
7 3655 50
7 3656 50
7 3657 50
7 3658 50
7 3659 50
7 3660 50
7 3661 50
7 3662 50
7 3663 50
7 3664 50
7 3665 50
7 3666 50
7 3667 50
7 3668 50
7 3669 50
7 3670 50
7 3671 50
7 3672 50
7 3673 50
7 3674 50
7 3675 50
7 3676 50
7 3677 50
7 3678 50
7 3679 50
7 3680 50
7 3681 50
7 3682 50
7 3683 50
7 3684 50
7 3685 50
7 3686 50
7 3687 50
7 3688 50
7 3689 50
7 3690 50
7 3691 50
7 3692 50
7 3693 50
7 3694 50
7 3695 50
7 3696 50
7 3697 50
7 3698 50
7 3699 50
7 3700 50
7 3701 50
7 3702 50
7 3703 50
7 3704 50
7 3705 50
7 3706 50
7 3707 50
7 3708 50
7 3709 50
7 3710 50
7 3711 50
7 3712 50
7 3713 50
7 3714 50
7 3715 50
7 3716 50
7 3717 50
7 3718 50
7 3719 50
7 3720 50
7 3721 50
7 3722 50
7 3723 50
7 3724 50
7 3725 50
7 3726 50
7 3727 50
7 3728 50
7 3729 50
7 3730 50
7 3731 50
7 3732 50
7 3733 50
7 3734 50
7 3735 50
7 3736 50
7 3737 50
7 3738 50
7 3739 50
7 3740 50
7 3741 50
7 3742 50
7 3743 50
7 3744 50
7 3745 50
7 3746 50
7 3747 50
7 3748 50
7 3749 50
7 3750 50
7 3751 50
7 3752 50
7 3753 892
7 3754 50
7 3755 894
7 3756 50
7 3757 50
7 3758 50
7 3759 893
7 3760 50
7 3761 895
7 3762 50
7 3763 50
7 3764 50
7 3765 894
7 3766 50
7 3767 894
7 3768 50
7 3769 50
7 3770 50
7 3771 50
7 3772 50
7 3773 50
7 3774 50
7 3775 50
7 3776 50
7 3777 893
7 3778 50
7 3779 894
7 3780 50
7 3781 50
7 3782 50
7 3783 894
7 3784 50
7 3785 895
7 3786 50
7 3787 50
7 3788 50
7 3789 896
7 3790 50
7 3791 896
7 3792 50
7 3793 50
7 3794 50
7 3795 50
7 3796 50
7 3797 50
7 3798 50
7 3799 50
7 3800 50
7 3801 894
7 3802 50
7 3803 896
7 3804 50
7 3805 50
7 3806 50
7 3807 893
7 3808 50
7 3809 895
7 3810 50
7 3811 50
7 3812 50
7 3813 895
7 3814 50
7 3815 895
7 3816 50
7 3817 50
7 3818 50
7 3819 50
7 3820 50
7 3821 50
7 3822 50
7 3823 50
7 3824 50
7 3825 893
7 3826 50
7 3827 894
7 3828 50
7 3829 50
7 3830 50
7 3831 894
7 3832 50
7 3833 894
7 3834 50
7 3835 50
7 3836 50
7 3837 894
7 3838 50
7 3839 894
7 3840 50
7 3841 50
7 3842 50
7 3843 50
7 3844 50
7 3845 50
7 3846 50
7 3847 50
7 3848 50
7 3849 50
7 3850 50
7 3851 50
7 3852 50
7 3853 50
7 3854 50
7 3855 50
7 3856 50
7 3857 50
7 3858 50
7 3859 50
7 3860 50
7 3861 50
7 3862 50
7 3863 50
7 3864 50
7 3865 50
7 3866 50
7 3867 50
7 3868 50
7 3869 50
7 3870 50
7 3871 50
7 3872 50
7 3873 893
7 3874 50
7 3875 894
7 3876 50
7 3877 50
7 3878 50
7 3879 893
7 3880 50
7 3881 895
7 3882 50
7 3883 50
7 3884 50
7 3885 894
7 3886 50
7 3887 894
7 3888 50
7 3889 50
7 3890 50
7 3891 50
7 3892 50
7 3893 50
7 3894 50
7 3895 50
7 3896 50
7 3897 894
7 3898 50
7 3899 894
7 3900 50
7 3901 50
7 3902 50
7 3903 892
7 3904 50
7 3905 893
7 3906 50
7 3907 50
7 3908 50
7 3909 895
7 3910 50
7 3911 895
7 3912 50
7 3913 50
7 3914 50
7 3915 50
7 3916 50
7 3917 50
7 3918 50
7 3919 50
7 3920 50
7 3921 894
7 3922 50
7 3923 896
7 3924 50
7 3925 50
7 3926 50
7 3927 894
7 3928 50
7 3929 894
7 3930 50
7 3931 50
7 3932 50
7 3933 896
7 3934 50
7 3935 896
7 3936 50
7 3937 50
7 3938 50
7 3939 50
7 3940 50
7 3941 50
7 3942 50
7 3943 50
7 3944 50
7 3945 895
7 3946 50
7 3947 895
7 3948 50
7 3949 50
7 3950 50
7 3951 896
7 3952 50
7 3953 894
7 3954 50
7 3955 50
7 3956 50
7 3957 896
7 3958 50
7 3959 895
7 3960 50
7 3961 50
7 3962 50
7 3963 50
7 3964 50
7 3965 50
7 3966 50
7 3967 50
7 3968 50
7 3969 50
7 3970 50
7 3971 50
7 3972 50
7 3973 50
7 3974 50
7 3975 50
7 3976 50
7 3977 50
7 3978 50
7 3979 50
7 3980 50
7 3981 50
7 3982 50
7 3983 50
7 3984 50
7 3985 50
7 3986 50
7 3987 50
7 3988 50
7 3989 50
7 3990 50
7 3991 50
7 3992 50
7 3993 894
7 3994 50
7 3995 894
7 3996 50
7 3997 50
7 3998 50
7 3999 894
7 4000 50
7 4001 896
7 4002 50
7 4003 50
7 4004 50
7 4005 896
7 4006 50
7 4007 895
7 4008 50
7 4009 50
7 4010 50
7 4011 50
7 4012 50
7 4013 50
7 4014 50
7 4015 50
7 4016 50
7 4017 893
7 4018 50
7 4019 893
7 4020 50
7 4021 50
7 4022 50
7 4023 894
7 4024 50
7 4025 894
7 4026 50
7 4027 50
7 4028 50
7 4029 894
7 4030 50
7 4031 894
7 4032 50
7 4033 50
7 4034 50
7 4035 50
7 4036 50
7 4037 50
7 4038 50
7 4039 50
7 4040 50
7 4041 892
7 4042 50
7 4043 894
7 4044 50
7 4045 50
7 4046 50
7 4047 892
7 4048 50
7 4049 893
7 4050 50
7 4051 50
7 4052 50
7 4053 893
7 4054 50
7 4055 893
7 4056 50
7 4057 50
7 4058 50
7 4059 50
7 4060 50
7 4061 50
7 4062 50
7 4063 50
7 4064 50
7 4065 895
7 4066 50
7 4067 895
7 4068 50
7 4069 50
7 4070 50
7 4071 895
7 4072 50
7 4073 895
7 4074 50
7 4075 50
7 4076 50
7 4077 893
7 4078 50
7 4079 893
7 4080 50
7 4081 50
7 4082 50
7 4083 50
7 4084 50
7 4085 50
7 4086 50
7 4087 50
7 4088 50
7 4089 50
7 4090 50
7 4091 50
7 4092 50
7 4093 50
7 4094 50
7 4095 50
7 4096 50
7 4097 50
7 4098 50
7 4099 50
7 4100 50
7 4101 50
7 4102 50
7 4103 50
7 4104 50
7 4105 50
7 4106 50
7 4107 50
7 4108 50
7 4109 50
7 4110 50
7 4111 50
7 4112 50
7 4113 892
7 4114 50
7 4115 894
7 4116 50
7 4117 50
7 4118 50
7 4119 893
7 4120 50
7 4121 895
7 4122 50
7 4123 50
7 4124 50
7 4125 894
7 4126 50
7 4127 894
7 4128 50
7 4129 50
7 4130 50
7 4131 50
7 4132 50
7 4133 50
7 4134 50
7 4135 50
7 4136 50
7 4137 893
7 4138 50
7 4139 894
7 4140 50
7 4141 50
7 4142 50
7 4143 892
7 4144 50
7 4145 893
7 4146 50
7 4147 50
7 4148 50
7 4149 895
7 4150 50
7 4151 895
7 4152 50
7 4153 50
7 4154 50
7 4155 50
7 4156 50
7 4157 50
7 4158 50
7 4159 50
7 4160 50
7 4161 892
7 4162 50
7 4163 894
7 4164 50
7 4165 50
7 4166 50
7 4167 891
7 4168 50
7 4169 892
7 4170 50
7 4171 50
7 4172 50
7 4173 892
7 4174 50
7 4175 892
7 4176 50
7 4177 50
7 4178 50
7 4179 50
7 4180 50
7 4181 50
7 4182 50
7 4183 50
7 4184 50
7 4185 892
7 4186 50
7 4187 892
7 4188 50
7 4189 50
7 4190 50
7 4191 892
7 4192 50
7 4193 892
7 4194 50
7 4195 50
7 4196 50
7 4197 892
7 4198 50
7 4199 892
7 4200 50
7 4201 50
7 4202 50
7 4203 50
7 4204 50
7 4205 50
7 4206 50
7 4207 50
7 4208 50
7 4209 50
7 4210 50
7 4211 50
7 4212 50
7 4213 50
7 4214 50
7 4215 50
7 4216 50
7 4217 50
7 4218 50
7 4219 50
7 4220 50
7 4221 50
7 4222 50
7 4223 50
7 4224 50
7 4225 50
7 4226 50
7 4227 50
7 4228 50
7 4229 50
7 4230 50
7 4231 50
7 4232 50
7 4233 891
7 4234 50
7 4235 892
7 4236 50
7 4237 50
7 4238 50
7 4239 892
7 4240 50
7 4241 893
7 4242 50
7 4243 50
7 4244 50
7 4245 893
7 4246 50
7 4247 892
7 4248 50
7 4249 50
7 4250 50
7 4251 50
7 4252 50
7 4253 50
7 4254 50
7 4255 50
7 4256 50
7 4257 892
7 4258 50
7 4259 892
7 4260 50
7 4261 50
7 4262 50
7 4263 893
7 4264 50
7 4265 891
7 4266 50
7 4267 50
7 4268 50
7 4269 893
7 4270 50
7 4271 893
7 4272 50
7 4273 50
7 4274 50
7 4275 50
7 4276 50
7 4277 50
7 4278 50
7 4279 50
7 4280 50
7 4281 893
7 4282 50
7 4283 893
7 4284 50
7 4285 50
7 4286 50
7 4287 892
7 4288 50
7 4289 893
7 4290 50
7 4291 50
7 4292 50
7 4293 891
7 4294 50
7 4295 891
7 4296 50
7 4297 50
7 4298 50
7 4299 50
7 4300 50
7 4301 50
7 4302 50
7 4303 50
7 4304 50
7 4305 891
7 4306 50
7 4307 892
7 4308 50
7 4309 50
7 4310 50
7 4311 892
7 4312 50
7 4313 891
7 4314 50
7 4315 50
7 4316 50
7 4317 891
7 4318 50
7 4319 891
7 4320 50
7 4321 50
7 4322 50
7 4323 50
7 4324 50
7 4325 50
7 4326 50
7 4327 50
7 4328 50
7 4329 50
7 4330 50
7 4331 50
7 4332 50
7 4333 50
7 4334 50
7 4335 50
7 4336 50
7 4337 50
7 4338 50
7 4339 50
7 4340 50
7 4341 50
7 4342 50
7 4343 50
7 4344 50
7 4345 50
7 4346 50
7 4347 50
7 4348 50
7 4349 50
7 4350 50
7 4351 50
7 4352 50
7 4353 50
7 4354 50
7 4355 50
7 4356 50
7 4357 50
7 4358 50
7 4359 50
7 4360 50
7 4361 50
7 4362 50
7 4363 50
7 4364 50
7 4365 50
7 4366 50
7 4367 50
7 4368 50
7 4369 50
7 4370 50
7 4371 50
7 4372 50
7 4373 50
7 4374 50
7 4375 50
7 4376 50
7 4377 50
7 4378 50
7 4379 50
7 4380 50
7 4381 50
7 4382 50
7 4383 50
7 4384 50
7 4385 50
7 4386 50
7 4387 50
7 4388 50
7 4389 50
7 4390 50
7 4391 50
7 4392 50
7 4393 50
7 4394 50
7 4395 50
7 4396 50
7 4397 50
7 4398 50
7 4399 50
7 4400 50
7 4401 50
7 4402 50
7 4403 50
7 4404 50
7 4405 50
7 4406 50
7 4407 50
7 4408 50
7 4409 50
7 4410 50
7 4411 50
7 4412 50
7 4413 50
7 4414 50
7 4415 50
7 4416 50
7 4417 50
7 4418 50
7 4419 50
7 4420 50
7 4421 50
7 4422 50
7 4423 50
7 4424 50
7 4425 50
7 4426 50
7 4427 50
7 4428 50
7 4429 50
7 4430 50
7 4431 50
7 4432 50
7 4433 50
7 4434 50
7 4435 50
7 4436 50
7 4437 50
7 4438 50
7 4439 50
7 4440 50
7 4441 50
7 4442 50
7 4443 50
7 4444 50
7 4445 50
7 4446 50
7 4447 50
7 4448 50
7 4449 50
7 4450 50
7 4451 50
7 4452 50
7 4453 50
7 4454 50
7 4455 50
7 4456 50
7 4457 50
7 4458 50
7 4459 50
7 4460 50
7 4461 50
7 4462 50
7 4463 50
7 4464 50
7 4465 50
7 4466 50
7 4467 50
7 4468 50
7 4469 50
7 4470 50
7 4471 50
7 4472 50
7 4473 891
7 4474 50
7 4475 892
7 4476 50
7 4477 50
7 4478 50
7 4479 892
7 4480 50
7 4481 893
7 4482 50
7 4483 50
7 4484 50
7 4485 893
7 4486 50
7 4487 892
7 4488 50
7 4489 50
7 4490 50
7 4491 50
7 4492 50
7 4493 50
7 4494 50
7 4495 50
7 4496 50
7 4497 892
7 4498 50
7 4499 892
7 4500 50
7 4501 50
7 4502 50
7 4503 894
7 4504 50
7 4505 893
7 4506 50
7 4507 50
7 4508 50
7 4509 894
7 4510 50
7 4511 894
7 4512 50
7 4513 50
7 4514 50
7 4515 50
7 4516 50
7 4517 50
7 4518 50
7 4519 50
7 4520 50
7 4521 894
7 4522 50
7 4523 894
7 4524 50
7 4525 50
7 4526 50
7 4527 892
7 4528 50
7 4529 894
7 4530 50
7 4531 50
7 4532 50
7 4533 893
7 4534 50
7 4535 893
7 4536 50
7 4537 50
7 4538 50
7 4539 50
7 4540 50
7 4541 50
7 4542 50
7 4543 50
7 4544 50
7 4545 893
7 4546 50
7 4547 894
7 4548 50
7 4549 50
7 4550 50
7 4551 894
7 4552 50
7 4553 893
7 4554 50
7 4555 50
7 4556 50
7 4557 893
7 4558 50
7 4559 892
7 4560 50
7 4561 50
7 4562 50
7 4563 50
7 4564 50
7 4565 50
7 4566 50
7 4567 50
7 4568 50
7 4569 50
7 4570 50
7 4571 50
7 4572 50
7 4573 50
7 4574 50
7 4575 50
7 4576 50
7 4577 50
7 4578 50
7 4579 50
7 4580 50
7 4581 50
7 4582 50
7 4583 50
7 4584 50
7 4585 50
7 4586 50
7 4587 50
7 4588 50
7 4589 50
7 4590 50
7 4591 50
7 4592 50
7 4593 892
7 4594 50
7 4595 892
7 4596 50
7 4597 50
7 4598 50
7 4599 892
7 4600 50
7 4601 893
7 4602 50
7 4603 50
7 4604 50
7 4605 893
7 4606 50
7 4607 892
7 4608 50
7 4609 50
7 4610 50
7 4611 50
7 4612 50
7 4613 50
7 4614 50
7 4615 50
7 4616 50
7 4617 893
7 4618 50
7 4619 893
7 4620 50
7 4621 50
7 4622 50
7 4623 893
7 4624 50
7 4625 891
7 4626 50
7 4627 50
7 4628 50
7 4629 895
7 4630 50
7 4631 893
7 4632 50
7 4633 50
7 4634 50
7 4635 50
7 4636 50
7 4637 50
7 4638 50
7 4639 50
7 4640 50
7 4641 894
7 4642 50
7 4643 895
7 4644 50
7 4645 50
7 4646 50
7 4647 894
7 4648 50
7 4649 893
7 4650 50
7 4651 50
7 4652 50
7 4653 894
7 4654 50
7 4655 894
7 4656 50
7 4657 50
7 4658 50
7 4659 50
7 4660 50
7 4661 50
7 4662 50
7 4663 50
7 4664 50
7 4665 895
7 4666 50
7 4667 894
7 4668 50
7 4669 50
7 4670 50
7 4671 896
7 4672 50
7 4673 894
7 4674 50
7 4675 50
7 4676 50
7 4677 895
7 4678 50
7 4679 893
7 4680 50
7 4681 50
7 4682 50
7 4683 50
7 4684 50
7 4685 50
7 4686 50
7 4687 50
7 4688 50
7 4689 50
7 4690 50
7 4691 50
7 4692 50
7 4693 50
7 4694 50
7 4695 50
7 4696 50
7 4697 50
7 4698 50
7 4699 50
7 4700 50
7 4701 50
7 4702 50
7 4703 50
7 4704 50
7 4705 50
7 4706 50
7 4707 50
7 4708 50
7 4709 50
7 4710 50
7 4711 50
7 4712 50
7 4713 893
7 4714 50
7 4715 893
7 4716 50
7 4717 50
7 4718 50
7 4719 894
7 4720 50
7 4721 895
7 4722 50
7 4723 50
7 4724 50
7 4725 895
7 4726 50
7 4727 894
7 4728 50
7 4729 50
7 4730 50
7 4731 50
7 4732 50
7 4733 50
7 4734 50
7 4735 50
7 4736 50
7 4737 892
7 4738 50
7 4739 892
7 4740 50
7 4741 50
7 4742 50
7 4743 894
7 4744 50
7 4745 893
7 4746 50
7 4747 50
7 4748 50
7 4749 894
7 4750 50
7 4751 893
7 4752 50
7 4753 50
7 4754 50
7 4755 50
7 4756 50
7 4757 50
7 4758 50
7 4759 50
7 4760 50
7 4761 893
7 4762 50
7 4763 894
7 4764 50
7 4765 50
7 4766 50
7 4767 893
7 4768 50
7 4769 894
7 4770 50
7 4771 50
7 4772 50
7 4773 891
7 4774 50
7 4775 891
7 4776 50
7 4777 50
7 4778 50
7 4779 50
7 4780 50
7 4781 50
7 4782 50
7 4783 50
7 4784 50
7 4785 894
7 4786 50
7 4787 895
7 4788 50
7 4789 50
7 4790 50
7 4791 895
7 4792 50
7 4793 894
7 4794 50
7 4795 50
7 4796 50
7 4797 893
7 4798 50
7 4799 893
7 4800 50
7 4801 50
7 4802 50
7 4803 50
7 4804 50
7 4805 50
7 4806 50
7 4807 50
7 4808 50
7 4809 50
7 4810 50
7 4811 50
7 4812 50
7 4813 50
7 4814 50
7 4815 50
7 4816 50
7 4817 50
7 4818 50
7 4819 50
7 4820 50
7 4821 50
7 4822 50
7 4823 50
7 4824 50
7 4825 50
7 4826 50
7 4827 50
7 4828 50
7 4829 50
7 4830 50
7 4831 50
7 4832 50
7 4833 893
7 4834 50
7 4835 895
7 4836 50
7 4837 50
7 4838 50
7 4839 894
7 4840 50
7 4841 896
7 4842 50
7 4843 50
7 4844 50
7 4845 894
7 4846 50
7 4847 895
7 4848 50
7 4849 50
7 4850 50
7 4851 50
7 4852 50
7 4853 50
7 4854 50
7 4855 50
7 4856 50
7 4857 894
7 4858 50
7 4859 894
7 4860 50
7 4861 50
7 4862 50
7 4863 893
7 4864 50
7 4865 894
7 4866 50
7 4867 50
7 4868 50
7 4869 895
7 4870 50
7 4871 894
7 4872 50
7 4873 50
7 4874 50
7 4875 50
7 4876 50
7 4877 50
7 4878 50
7 4879 50
7 4880 50
7 4881 893
7 4882 50
7 4883 895
7 4884 50
7 4885 50
7 4886 50
7 4887 892
7 4888 50
7 4889 893
7 4890 50
7 4891 50
7 4892 50
7 4893 893
7 4894 50
7 4895 893
7 4896 50
7 4897 50
7 4898 50
7 4899 50
7 4900 50
7 4901 50
7 4902 50
7 4903 50
7 4904 50
7 4905 891
7 4906 50
7 4907 892
7 4908 50
7 4909 50
7 4910 50
7 4911 892
7 4912 50
7 4913 891
7 4914 50
7 4915 50
7 4916 50
7 4917 891
7 4918 50
7 4919 891
7 4920 50
7 4921 50
7 4922 50
7 4923 50
7 4924 50
7 4925 50
7 4926 50
7 4927 50
7 4928 50
7 4929 50
7 4930 50
7 4931 50
7 4932 50
7 4933 50
7 4934 50
7 4935 50
7 4936 50
7 4937 50
7 4938 50
7 4939 50
7 4940 50
7 4941 50
7 4942 50
7 4943 50
7 4944 50
7 4945 50
7 4946 50
7 4947 50
7 4948 50
7 4949 50
7 4950 50
7 4951 50
7 4952 50
7 4953 891
7 4954 50
7 4955 892
7 4956 50
7 4957 50
7 4958 50
7 4959 892
7 4960 50
7 4961 893
7 4962 50
7 4963 50
7 4964 50
7 4965 893
7 4966 50
7 4967 892
7 4968 50
7 4969 50
7 4970 50
7 4971 50
7 4972 50
7 4973 50
7 4974 50
7 4975 50
7 4976 50
7 4977 892
7 4978 50
7 4979 892
7 4980 50
7 4981 50
7 4982 50
7 4983 893
7 4984 50
7 4985 891
7 4986 50
7 4987 50
7 4988 50
7 4989 893
7 4990 50
7 4991 893
7 4992 50
7 4993 50
7 4994 50
7 4995 50
7 4996 50
7 4997 50
7 4998 50
7 4999 50
7 5000 50
7 5001 893
7 5002 50
7 5003 893
7 5004 50
7 5005 50
7 5006 50
7 5007 892
7 5008 50
7 5009 893
7 5010 50
7 5011 50
7 5012 50
7 5013 891
7 5014 50
7 5015 891
7 5016 50
7 5017 50
7 5018 50
7 5019 50
7 5020 50
7 5021 50
7 5022 50
7 5023 50
7 5024 50
7 5025 891
7 5026 50
7 5027 892
7 5028 50
7 5029 50
7 5030 50
7 5031 892
7 5032 50
7 5033 891
7 5034 50
7 5035 50
7 5036 50
7 5037 891
7 5038 50
7 5039 891
