3 0 40320
3 1 40320
3 2 40285
3 3 39319
3 4 40056
3 5 39319
4 0 40285
4 1 40056
4 2 40285
4 3 39319
4 4 40056
4 5 39319
4 6 34193
4 7 34248
4 8 34413
4 9 24553
4 10 34946
4 11 24835
4 12 34413
4 13 28428
4 14 34193
4 15 24835
4 16 28321
4 17 24553
4 18 34248
4 19 28428
4 20 34946
4 21 24527
4 22 28321
4 23 24553
5 0 34193
5 1 34248
5 2 34114
5 3 28428
5 4 34946
5 5 28321
5 6 34193
5 7 34248
5 8 34413
5 9 24553
5 10 34946
5 11 24835
5 12 34413
5 13 28428
5 14 34193
5 15 24835
5 16 28321
5 17 24553
5 18 34248
5 19 28428
5 20 34946
5 21 24527
5 22 28321
5 23 24553
5 24 13106
5 25 18200
5 26 13080
5 27 11981
5 28 18432
5 29 11974
5 30 13216
5 31 18216
5 32 13359
5 33 6996
5 34 18616
5 35 7035
5 36 13365
5 37 12225
5 38 13386
5 39 7033
5 40 12217
5 41 7068
5 42 18794
5 43 12238
5 44 18800
5 45 7068
5 46 12449
5 47 7037
5 48 13216
5 49 18216
5 50 13389
5 51 7102
5 52 18608
5 53 7071
5 54 13106
5 55 18200
5 56 13410
5 57 7035
5 58 18634
5 59 7036
5 60 13379
5 61 7071
5 62 13379
5 63 7068
5 64 6996
5 65 6996
5 66 18432
5 67 7104
5 68 18624
5 69 7066
5 70 7034
5 71 7034
5 72 13402
5 73 12287
5 74 13410
5 75 7136
5 76 12236
5 77 7102
5 78 13451
5 79 12258
5 80 13359
5 81 7068
5 82 12469
5 83 7066
5 84 13320
5 85 7102
5 86 13106
5 87 7037
5 88 7034
5 89 7034
5 90 11974
5 91 7034
5 92 12231
5 93 6995
5 94 6996
5 95 6996
5 96 18200
5 97 12005
5 98 18414
5 99 7068
5 100 12215
5 101 7037
5 102 18424
5 103 12005
5 104 18430
5 105 6995
5 106 12216
5 107 7064
5 108 18432
5 109 7066
5 110 18458
5 111 7064
5 112 6995
5 113 6995
5 114 11974
5 115 7034
5 116 12231
5 117 6995
5 118 6996
5 119 6996
6 0 13106
6 1 18200
6 2 13080
6 3 11981
6 4 18432
6 5 11974
6 6 13103
6 7 18200
6 8 13367
6 9 7037
6 10 18608
6 11 7068
6 12 13365
6 13 12190
6 14 13077
6 15 7068
6 16 12207
6 17 7035
6 18 18440
6 19 12238
6 20 18624
6 21 7033
6 22 12185
6 23 6996
6 24 13106
6 25 18200
6 26 13080
6 27 11981
6 28 18432
6 29 11974
6 30 13216
6 31 18216
6 32 13359
6 33 6996
6 34 18616
6 35 7035
6 36 13365
6 37 12225
6 38 13386
6 39 7033
6 40 12217
6 41 7068
6 42 18794
6 43 12238
6 44 18800
6 45 7068
6 46 12449
6 47 7037
6 48 13216
6 49 18216
6 50 13389
6 51 7102
6 52 18608
6 53 7071
6 54 13106
6 55 18200
6 56 13410
6 57 7035
6 58 18634
6 59 7036
6 60 13379
6 61 7071
6 62 13379
6 63 7068
6 64 6996
6 65 6996
6 66 18432
6 67 7104
6 68 18624
6 69 7066
6 70 7034
6 71 7034
6 72 13402
6 73 12287
6 74 13410
6 75 7136
6 76 12236
6 77 7102
6 78 13451
6 79 12258
6 80 13359
6 81 7068
6 82 12469
6 83 7066
6 84 13320
6 85 7102
6 86 13106
6 87 7037
6 88 7034
6 89 7034
6 90 11974
6 91 7034
6 92 12231
6 93 6995
6 94 6996
6 95 6996
6 96 18200
6 97 12005
6 98 18414
6 99 7068
6 100 12215
6 101 7037
6 102 18424
6 103 12005
6 104 18430
6 105 6995
6 106 12216
6 107 7064
6 108 18432
6 109 7066
6 110 18458
6 111 7064
6 112 6995
6 113 6995
6 114 11974
6 115 7034
6 116 12231
6 117 6995
6 118 6996
6 119 6996
6 120 1846
6 121 4442
6 122 1845
6 123 3255
6 124 4452
6 125 3255
6 126 1846
6 127 4442
6 128 1875
6 129 892
6 130 4462
6 131 893
6 132 1875
6 133 3287
6 134 1845
6 135 893
6 136 3288
6 137 892
6 138 4452
6 139 3289
6 140 4462
6 141 892
6 142 3287
6 143 891
6 144 1847
6 145 4456
6 146 1847
6 147 3257
6 148 4456
6 149 3257
6 150 1849
6 151 4442
6 152 1877
6 153 891
6 154 4462
6 155 892
6 156 1879
6 157 3315
6 158 1879
6 159 892
6 160 3316
6 161 893
6 162 4476
6 163 3294
6 164 4472
6 165 893
6 166 3323
6 167 892
6 168 1850
6 169 4456
6 170 1879
6 171 895
6 172 4478
6 173 895
6 174 1850
6 175 4456
6 176 1879
6 177 892
6 178 4466
6 179 892
6 180 1883
6 181 894
6 182 1883
6 183 894
6 184 893
6 185 893
6 186 4478
6 187 896
6 188 4486
6 189 894
6 190 894
6 191 894
6 192 1883
6 193 3346
6 194 1879
6 195 896
6 196 3346
6 197 895
6 198 1884
6 199 3345
6 200 1884
6 201 894
6 202 3349
6 203 894
6 204 1880
6 205 895
6 206 1876
6 207 892
6 208 894
6 209 894
6 210 3344
6 211 894
6 212 3347
6 213 893
6 214 894
6 215 893
6 216 4472
6 217 3318
6 218 4472
6 219 894
6 220 3320
6 221 893
6 222 4486
6 223 3320
6 224 4474
6 225 893
6 226 3351
6 227 894
6 228 4488
6 229 896
6 230 4476
6 231 894
6 232 894
6 233 893
6 234 3348
6 235 894
6 236 3347
6 237 893
6 238 894
6 239 892
6 240 1847
6 241 4456
6 242 1847
6 243 3257
6 244 4456
6 245 3257
6 246 1850
6 247 4456
6 248 1881
6 249 894
6 250 4488
6 251 894
6 252 1879
6 253 3315
6 254 1877
6 255 894
6 256 3340
6 257 894
6 258 4486
6 259 3317
6 260 4488
6 261 894
6 262 3344
6 263 893
6 264 1846
6 265 4442
6 266 1845
6 267 3255
6 268 4452
6 269 3255
6 270 1850
6 271 4456
6 272 1879
6 273 892
6 274 4466
6 275 892
6 276 1876
6 277 3318
6 278 1879
6 279 892
6 280 3320
6 281 893
6 282 4472
6 283 3291
6 284 4476
6 285 893
6 286 3321
6 287 892
6 288 1849
6 289 4442
6 290 1880
6 291 894
6 292 4472
6 293 894
6 294 1849
6 295 4442
6 296 1880
6 297 893
6 298 4462
6 299 893
6 300 1880
6 301 893
6 302 1880
6 303 893
6 304 891
6 305 891
6 306 4462
6 307 895
6 308 4462
6 309 895
6 310 892
6 311 892
6 312 1882
6 313 3319
6 314 1881
6 315 896
6 316 3318
6 317 896
6 318 1883
6 319 3320
6 320 1880
6 321 894
6 322 3350
6 323 895
6 324 1882
6 325 894
6 326 1879
6 327 894
6 328 892
6 329 892
6 330 3288
6 331 895
6 332 3317
6 333 894
6 334 893
6 335 893
6 336 4476
6 337 3292
6 338 4488
6 339 895
6 340 3348
6 341 894
6 342 4474
6 343 3292
6 344 4486
6 345 895
6 346 3350
6 347 894
6 348 4472
6 349 896
6 350 4472
6 351 896
6 352 893
6 353 893
6 354 3320
6 355 895
6 356 3326
6 357 895
6 358 892
6 359 892
6 360 1849
6 361 4442
6 362 1879
6 363 894
6 364 4474
6 365 894
6 366 1850
6 367 4456
6 368 1882
6 369 895
6 370 4486
6 371 895
6 372 1883
6 373 895
6 374 1882
6 375 896
6 376 894
6 377 894
6 378 4462
6 379 896
6 380 4476
6 381 896
6 382 894
6 383 894
6 384 1850
6 385 4456
6 386 1877
6 387 894
6 388 4476
6 389 893
6 390 1849
6 391 4442
6 392 1880
6 393 893
6 394 4462
6 395 893
6 396 1883
6 397 896
6 398 1882
6 399 894
6 400 895
6 401 895
6 402 4486
6 403 895
6 404 4482
6 405 895
6 406 895
6 407 894
6 408 1849
6 409 4442
6 410 1881
6 411 894
6 412 4472
6 413 894
6 414 1846
6 415 4442
6 416 1877
6 417 892
6 418 4462
6 419 892
6 420 1882
6 421 894
6 422 1881
6 423 894
6 424 892
6 425 892
6 426 4462
6 427 895
6 428 4462
6 429 894
6 430 892
6 431 892
6 432 1880
6 433 894
6 434 1882
6 435 895
6 436 893
6 437 894
6 438 1882
6 439 894
6 440 1880
6 441 893
6 442 895
6 443 894
6 444 1882
6 445 894
6 446 1878
6 447 893
6 448 893
6 449 893
6 450 891
6 451 892
6 452 892
6 453 891
6 454 891
6 455 891
6 456 4452
6 457 895
6 458 4466
6 459 896
6 460 895
6 461 895
6 462 4466
6 463 895
6 464 4462
6 465 894
6 466 895
6 467 895
6 468 4462
6 469 896
6 470 4462
6 471 895
6 472 893
6 473 893
6 474 892
6 475 892
6 476 892
6 477 892
6 478 892
6 479 892
6 480 1879
6 481 3291
6 482 1881
6 483 895
6 484 3322
6 485 894
6 486 1881
6 487 3292
6 488 1884
6 489 895
6 490 3348
6 491 896
6 492 1882
6 493 896
6 494 1878
6 495 895
6 496 895
6 497 895
6 498 3290
6 499 894
6 500 3323
6 501 894
6 502 894
6 503 894
6 504 1881
6 505 3294
6 506 1881
6 507 895
6 508 3323
6 509 894
6 510 1882
6 511 3292
6 512 1882
6 513 893
6 514 3326
6 515 895
6 516 1880
6 517 896
6 518 1883
6 519 894
6 520 896
6 521 896
6 522 3349
6 523 895
6 524 3347
6 525 894
6 526 896
6 527 895
6 528 1882
6 529 3292
6 530 1882
6 531 896
6 532 3348
6 533 895
6 534 1879
6 535 3291
6 536 1882
6 537 894
6 538 3327
6 539 894
6 540 1880
6 541 894
6 542 1879
6 543 893
6 544 893
6 545 893
6 546 3321
6 547 895
6 548 3326
6 549 895
6 550 893
6 551 893
6 552 1880
6 553 894
6 554 1878
6 555 895
6 556 894
6 557 894
6 558 1880
6 559 894
6 560 1877
6 561 893
6 562 895
6 563 895
6 564 1875
6 565 894
6 566 1846
6 567 892
6 568 892
6 569 892
6 570 892
6 571 892
6 572 892
6 573 892
6 574 892
6 575 892
6 576 3255
6 577 892
6 578 3287
6 579 893
6 580 893
6 581 892
6 582 3288
6 583 892
6 584 3289
6 585 891
6 586 893
6 587 893
6 588 3289
6 589 893
6 590 3292
6 591 893
6 592 891
6 593 891
6 594 891
6 595 892
6 596 892
6 597 891
6 598 891
6 599 891
6 600 4442
6 601 3256
6 602 4452
6 603 893
6 604 3289
6 605 892
6 606 4452
6 607 3256
6 608 4466
6 609 893
6 610 3314
6 611 894
6 612 4466
6 613 894
6 614 4452
6 615 894
6 616 893
6 617 893
6 618 3289
6 619 894
6 620 3318
6 621 893
6 622 893
6 623 892
6 624 4452
6 625 3258
6 626 4452
6 627 893
6 628 3290
6 629 892
6 630 4466
6 631 3260
6 632 4452
6 633 891
6 634 3316
6 635 893
6 636 4466
6 637 895
6 638 4466
6 639 893
6 640 894
6 641 894
6 642 3343
6 643 894
6 644 3344
6 645 894
6 646 895
6 647 893
6 648 4466
6 649 3260
6 650 4466
6 651 895
6 652 3314
6 653 894
6 654 4452
6 655 3258
6 656 4466
6 657 893
6 658 3319
6 659 893
6 660 4452
6 661 894
6 662 4452
6 663 894
6 664 891
6 665 891
6 666 3288
6 667 895
6 668 3317
6 669 894
6 670 893
6 671 893
6 672 4452
6 673 895
6 674 4466
6 675 896
6 676 894
6 677 895
6 678 4466
6 679 894
6 680 4452
6 681 894
6 682 895
6 683 894
6 684 4452
6 685 895
6 686 4452
6 687 893
6 688 893
6 689 893
6 690 891
6 691 892
6 692 892
6 693 891
6 694 891
6 695 891
6 696 3255
6 697 892
6 698 3287
6 699 893
6 700 893
6 701 892
6 702 3288
6 703 892
6 704 3289
6 705 891
6 706 893
6 707 893
6 708 3289
6 709 893
6 710 3292
6 711 893
6 712 891
6 713 891
6 714 891
6 715 892
6 716 892
6 717 891
6 718 891
6 719 891
7 0 1846
7 1 4442
7 2 1845
7 3 3255
7 4 4452
7 5 3255
7 6 1846
7 7 4442
7 8 1875
7 9 892
7 10 4462
7 11 893
7 12 1875
7 13 3287
7 14 1845
7 15 893
7 16 3288
7 17 892
7 18 4452
7 19 3289
7 20 4462
7 21 892
7 22 3287
7 23 891
7 24 1846
7 25 4442
7 26 1845
7 27 3255
7 28 4452
7 29 3255
7 30 1850
7 31 4456
7 32 1878
7 33 892
7 34 4476
7 35 893
7 36 1876
7 37 3314
7 38 1877
7 39 893
7 40 3314
7 41 894
7 42 4482
7 43 3315
7 44 4486
7 45 894
7 46 3343
7 47 893
7 48 1850
7 49 4456
7 50 1877
7 51 895
7 52 4476
7 53 894
7 54 1846
7 55 4442
7 56 1878
7 57 893
7 58 4474
7 59 893
7 60 1879
7 61 894
7 62 1879
7 63 894
7 64 892
7 65 892
7 66 4466
7 67 895
7 68 4472
7 69 894
7 70 893
7 71 893
7 72 1880
7 73 3321
7 74 1878
7 75 896
7 76 3319
7 77 895
7 78 1880
7 79 3319
7 80 1878
7 81 894
7 82 3346
7 83 894
7 84 1876
7 85 895
7 86 1845
7 87 893
7 88 893
7 89 893
7 90 3288
7 91 893
7 92 3319
7 93 892
7 94 892
7 95 892
7 96 4452
7 97 3290
7 98 4462
7 99 894
7 100 3318
7 101 893
7 102 4462
7 103 3290
7 104 4466
7 105 892
7 106 3318
7 107 894
7 108 4466
7 109 894
7 110 4462
7 111 894
7 112 892
7 113 892
7 114 3288
7 115 893
7 116 3317
7 117 892
7 118 892
7 119 891
7 120 1846
7 121 4442
7 122 1845
7 123 3255
7 124 4452
7 125 3255
7 126 1846
7 127 4442
7 128 1875
7 129 892
7 130 4462
7 131 893
7 132 1875
7 133 3287
7 134 1845
7 135 893
7 136 3288
7 137 892
7 138 4452
7 139 3289
7 140 4462
7 141 892
7 142 3287
7 143 891
7 144 1847
7 145 4456
7 146 1847
7 147 3257
7 148 4456
7 149 3257
7 150 1849
7 151 4442
7 152 1877
7 153 891
7 154 4462
7 155 892
7 156 1879
7 157 3315
7 158 1879
7 159 892
7 160 3316
7 161 893
7 162 4476
7 163 3294
7 164 4472
7 165 893
7 166 3323
7 167 892
7 168 1850
7 169 4456
7 170 1879
7 171 895
7 172 4478
7 173 895
7 174 1850
7 175 4456
7 176 1879
7 177 892
7 178 4466
7 179 892
7 180 1883
7 181 894
7 182 1883
7 183 894
7 184 893
7 185 893
7 186 4478
7 187 896
7 188 4486
7 189 894
7 190 894
7 191 894
7 192 1883
7 193 3346
7 194 1879
7 195 896
7 196 3346
7 197 895
7 198 1884
7 199 3345
7 200 1884
7 201 894
7 202 3349
7 203 894
7 204 1880
7 205 895
7 206 1876
7 207 892
7 208 894
7 209 894
7 210 3344
7 211 894
7 212 3347
7 213 893
7 214 894
7 215 893
7 216 4472
7 217 3318
7 218 4472
7 219 894
7 220 3320
7 221 893
7 222 4486
7 223 3320
7 224 4474
7 225 893
7 226 3351
7 227 894
7 228 4488
7 229 896
7 230 4476
7 231 894
7 232 894
7 233 893
7 234 3348
7 235 894
7 236 3347
7 237 893
7 238 894
7 239 892
7 240 1847
7 241 4456
7 242 1847
7 243 3257
7 244 4456
7 245 3257
7 246 1850
7 247 4456
7 248 1881
7 249 894
7 250 4488
7 251 894
7 252 1879
7 253 3315
7 254 1877
7 255 894
7 256 3340
7 257 894
7 258 4486
7 259 3317
7 260 4488
7 261 894
7 262 3344
7 263 893
7 264 1846
7 265 4442
7 266 1845
7 267 3255
7 268 4452
7 269 3255
7 270 1850
7 271 4456
7 272 1879
7 273 892
7 274 4466
7 275 892
7 276 1876
7 277 3318
7 278 1879
7 279 892
7 280 3320
7 281 893
7 282 4472
7 283 3291
7 284 4476
7 285 893
7 286 3321
7 287 892
7 288 1849
7 289 4442
7 290 1880
7 291 894
7 292 4472
7 293 894
7 294 1849
7 295 4442
7 296 1880
7 297 893
7 298 4462
7 299 893
7 300 1880
7 301 893
7 302 1880
7 303 893
7 304 891
7 305 891
7 306 4462
7 307 895
7 308 4462
7 309 895
7 310 892
7 311 892
7 312 1882
7 313 3319
7 314 1881
7 315 896
7 316 3318
7 317 896
7 318 1883
7 319 3320
7 320 1880
7 321 894
7 322 3350
7 323 895
7 324 1882
7 325 894
7 326 1879
7 327 894
7 328 892
7 329 892
7 330 3288
7 331 895
7 332 3317
7 333 894
7 334 893
7 335 893
7 336 4476
7 337 3292
7 338 4488
7 339 895
7 340 3348
7 341 894
7 342 4474
7 343 3292
7 344 4486
7 345 895
7 346 3350
7 347 894
7 348 4472
7 349 896
7 350 4472
7 351 896
7 352 893
7 353 893
7 354 3320
7 355 895
7 356 3326
7 357 895
7 358 892
7 359 892
7 360 1849
7 361 4442
7 362 1879
7 363 894
7 364 4474
7 365 894
7 366 1850
7 367 4456
7 368 1882
7 369 895
7 370 4486
7 371 895
7 372 1883
7 373 895
7 374 1882
7 375 896
7 376 894
7 377 894
7 378 4462
7 379 896
7 380 4476
7 381 896
7 382 894
7 383 894
7 384 1850
7 385 4456
7 386 1877
7 387 894
7 388 4476
7 389 893
7 390 1849
7 391 4442
7 392 1880
7 393 893
7 394 4462
7 395 893
7 396 1883
7 397 896
7 398 1882
7 399 894
7 400 895
7 401 895
7 402 4486
7 403 895
7 404 4482
7 405 895
7 406 895
7 407 894
7 408 1849
7 409 4442
7 410 1881
7 411 894
7 412 4472
7 413 894
7 414 1846
7 415 4442
7 416 1877
7 417 892
7 418 4462
7 419 892
7 420 1882
7 421 894
7 422 1881
7 423 894
7 424 892
7 425 892
7 426 4462
7 427 895
7 428 4462
7 429 894
7 430 892
7 431 892
7 432 1880
7 433 894
7 434 1882
7 435 895
7 436 893
7 437 894
7 438 1882
7 439 894
7 440 1880
7 441 893
7 442 895
7 443 894
7 444 1882
7 445 894
7 446 1878
7 447 893
7 448 893
7 449 893
7 450 891
7 451 892
7 452 892
7 453 891
7 454 891
7 455 891
7 456 4452
7 457 895
7 458 4466
7 459 896
7 460 895
7 461 895
7 462 4466
7 463 895
7 464 4462
7 465 894
7 466 895
7 467 895
7 468 4462
7 469 896
7 470 4462
7 471 895
7 472 893
7 473 893
7 474 892
7 475 892
7 476 892
7 477 892
7 478 892
7 479 892
7 480 1879
7 481 3291
7 482 1881
7 483 895
7 484 3322
7 485 894
7 486 1881
7 487 3292
7 488 1884
7 489 895
7 490 3348
7 491 896
7 492 1882
7 493 896
7 494 1878
7 495 895
7 496 895
7 497 895
7 498 3290
7 499 894
7 500 3323
7 501 894
7 502 894
7 503 894
7 504 1881
7 505 3294
7 506 1881
7 507 895
7 508 3323
7 509 894
7 510 1882
7 511 3292
7 512 1882
7 513 893
7 514 3326
7 515 895
7 516 1880
7 517 896
7 518 1883
7 519 894
7 520 896
7 521 896
7 522 3349
7 523 895
7 524 3347
7 525 894
7 526 896
7 527 895
7 528 1882
7 529 3292
7 530 1882
7 531 896
7 532 3348
7 533 895
7 534 1879
7 535 3291
7 536 1882
7 537 894
7 538 3327
7 539 894
7 540 1880
7 541 894
7 542 1879
7 543 893
7 544 893
7 545 893
7 546 3321
7 547 895
7 548 3326
7 549 895
7 550 893
7 551 893
7 552 1880
7 553 894
7 554 1878
7 555 895
7 556 894
7 557 894
7 558 1880
7 559 894
7 560 1877
7 561 893
7 562 895
7 563 895
7 564 1875
7 565 894
7 566 1846
7 567 892
7 568 892
7 569 892
7 570 892
7 571 892
7 572 892
7 573 892
7 574 892
7 575 892
7 576 3255
7 577 892
7 578 3287
7 579 893
7 580 893
7 581 892
7 582 3288
7 583 892
7 584 3289
7 585 891
7 586 893
7 587 893
7 588 3289
7 589 893
7 590 3292
7 591 893
7 592 891
7 593 891
7 594 891
7 595 892
7 596 892
7 597 891
7 598 891
7 599 891
7 600 4442
7 601 3256
7 602 4452
7 603 893
7 604 3289
7 605 892
7 606 4452
7 607 3256
7 608 4466
7 609 893
7 610 3314
7 611 894
7 612 4466
7 613 894
7 614 4452
7 615 894
7 616 893
7 617 893
7 618 3289
7 619 894
7 620 3318
7 621 893
7 622 893
7 623 892
7 624 4452
7 625 3258
7 626 4452
7 627 893
7 628 3290
7 629 892
7 630 4466
7 631 3260
7 632 4452
7 633 891
7 634 3316
7 635 893
7 636 4466
7 637 895
7 638 4466
7 639 893
7 640 894
7 641 894
7 642 3343
7 643 894
7 644 3344
7 645 894
7 646 895
7 647 893
7 648 4466
7 649 3260
7 650 4466
7 651 895
7 652 3314
7 653 894
7 654 4452
7 655 3258
7 656 4466
7 657 893
7 658 3319
7 659 893
7 660 4452
7 661 894
7 662 4452
7 663 894
7 664 891
7 665 891
7 666 3288
7 667 895
7 668 3317
7 669 894
7 670 893
7 671 893
7 672 4452
7 673 895
7 674 4466
7 675 896
7 676 894
7 677 895
7 678 4466
7 679 894
7 680 4452
7 681 894
7 682 895
7 683 894
7 684 4452
7 685 895
7 686 4452
7 687 893
7 688 893
7 689 893
7 690 891
7 691 892
7 692 892
7 693 891
7 694 891
7 695 891
7 696 3255
7 697 892
7 698 3287
7 699 893
7 700 893
7 701 892
7 702 3288
7 703 892
7 704 3289
7 705 891
7 706 893
7 707 893
7 708 3289
7 709 893
7 710 3292
7 711 893
7 712 891
7 713 891
7 714 891
7 715 892
7 716 892
7 717 891
7 718 891
7 719 891
7 720 91
7 721 436
7 722 91
7 723 512
7 724 436
7 725 512
7 726 91
7 727 436
7 728 92
7 729 50
7 730 436
7 731 50
7 732 92
7 733 513
7 734 91
7 735 50
7 736 513
7 737 50
7 738 436
7 739 513
7 740 436
7 741 50
7 742 513
7 743 50
7 744 91
7 745 436
7 746 91
7 747 512
7 748 436
7 749 512
7 750 91
7 751 436
7 752 92
7 753 50
7 754 436
7 755 50
7 756 92
7 757 514
7 758 92
7 759 50
7 760 514
7 761 50
7 762 436
7 763 514
7 764 436
7 765 50
7 766 515
7 767 50
7 768 91
7 769 436
7 770 92
7 771 50
7 772 436
7 773 50
7 774 91
7 775 436
7 776 92
7 777 50
7 778 436
7 779 50
7 780 92
7 781 50
7 782 92
7 783 50
7 784 50
7 785 50
7 786 436
7 787 50
7 788 436
7 789 50
7 790 50
7 791 50
7 792 92
7 793 514
7 794 92
7 795 50
7 796 514
7 797 50
7 798 92
7 799 514
7 800 92
7 801 50
7 802 515
7 803 50
7 804 92
7 805 50
7 806 91
7 807 50
7 808 50
7 809 50
7 810 513
7 811 50
7 812 514
7 813 50
7 814 50
7 815 50
7 816 436
7 817 513
7 818 436
7 819 50
7 820 514
7 821 50
7 822 436
7 823 513
7 824 436
7 825 50
7 826 514
7 827 50
7 828 436
7 829 50
7 830 436
7 831 50
7 832 50
7 833 50
7 834 513
7 835 50
7 836 514
7 837 50
7 838 50
7 839 50
7 840 91
7 841 436
7 842 91
7 843 513
7 844 436
7 845 513
7 846 91
7 847 436
7 848 92
7 849 50
7 850 436
7 851 50
7 852 92
7 853 513
7 854 91
7 855 50
7 856 513
7 857 50
7 858 436
7 859 513
7 860 436
7 861 50
7 862 513
7 863 50
7 864 91
7 865 436
7 866 91
7 867 512
7 868 436
7 869 512
7 870 91
7 871 436
7 872 92
7 873 50
7 874 436
7 875 50
7 876 92
7 877 514
7 878 92
7 879 50
7 880 514
7 881 50
7 882 436
7 883 513
7 884 436
7 885 50
7 886 514
7 887 50
7 888 91
7 889 436
7 890 92
7 891 50
7 892 436
7 893 50
7 894 91
7 895 436
7 896 92
7 897 50
7 898 436
7 899 50
7 900 92
7 901 50
7 902 92
7 903 50
7 904 50
7 905 50
7 906 436
7 907 50
7 908 436
7 909 50
7 910 50
7 911 50
7 912 92
7 913 515
7 914 92
7 915 50
7 916 515
7 917 50
7 918 92
7 919 515
7 920 92
7 921 50
7 922 515
7 923 50
7 924 92
7 925 50
7 926 92
7 927 50
7 928 50
7 929 50
7 930 515
7 931 50
7 932 515
7 933 50
7 934 50
7 935 50
7 936 436
7 937 514
7 938 436
7 939 50
7 940 514
7 941 50
7 942 436
7 943 514
7 944 436
7 945 50
7 946 515
7 947 50
7 948 436
7 949 50
7 950 436
7 951 50
7 952 50
7 953 50
7 954 515
7 955 50
7 956 515
7 957 50
7 958 50
7 959 50
7 960 91
7 961 436
7 962 91
7 963 513
7 964 436
7 965 513
7 966 91
7 967 436
7 968 92
7 969 50
7 970 436
7 971 50
7 972 92
7 973 515
7 974 92
7 975 50
7 976 516
7 977 50
7 978 436
7 979 515
7 980 436
7 981 50
7 982 516
7 983 50
7 984 91
7 985 436
7 986 91
7 987 513
7 988 436
7 989 513
7 990 91
7 991 436
7 992 92
7 993 50
7 994 436
7 995 50
7 996 92
7 997 514
7 998 92
7 999 50
7 1000 514
7 1001 50
7 1002 436
7 1003 513
7 1004 436
7 1005 50
7 1006 514
7 1007 50
7 1008 91
7 1009 436
7 1010 92
7 1011 50
7 1012 436
7 1013 50
7 1014 91
7 1015 436
7 1016 92
7 1017 50
7 1018 436
7 1019 50
7 1020 92
7 1021 50
7 1022 92
7 1023 50
7 1024 50
7 1025 50
7 1026 436
7 1027 50
7 1028 436
7 1029 50
7 1030 50
7 1031 50
7 1032 92
7 1033 516
7 1034 92
7 1035 50
7 1036 515
7 1037 50
7 1038 92
7 1039 516
7 1040 92
7 1041 50
7 1042 516
7 1043 50
7 1044 92
7 1045 50
7 1046 92
7 1047 50
7 1048 50
7 1049 50
7 1050 515
7 1051 50
7 1052 516
7 1053 50
7 1054 50
7 1055 50
7 1056 436
7 1057 515
7 1058 436
7 1059 50
7 1060 516
7 1061 50
7 1062 436
7 1063 515
7 1064 436
7 1065 50
7 1066 516
7 1067 50
7 1068 436
7 1069 50
7 1070 436
7 1071 50
7 1072 50
7 1073 50
7 1074 516
7 1075 50
7 1076 516
7 1077 50
7 1078 50
7 1079 50
7 1080 91
7 1081 436
7 1082 92
7 1083 50
7 1084 436
7 1085 50
7 1086 91
7 1087 436
7 1088 92
7 1089 50
7 1090 436
7 1091 50
7 1092 92
7 1093 50
7 1094 92
7 1095 50
7 1096 50
7 1097 50
7 1098 436
7 1099 50
7 1100 436
7 1101 50
7 1102 50
7 1103 50
7 1104 91
7 1105 436
7 1106 92
7 1107 50
7 1108 436
7 1109 50
7 1110 91
7 1111 436
7 1112 92
7 1113 50
7 1114 436
7 1115 50
7 1116 92
7 1117 50
7 1118 92
7 1119 50
7 1120 50
7 1121 50
7 1122 436
7 1123 50
7 1124 436
7 1125 50
7 1126 50
7 1127 50
7 1128 91
7 1129 436
7 1130 92
7 1131 50
7 1132 436
7 1133 50
7 1134 91
7 1135 436
7 1136 92
7 1137 50
7 1138 436
7 1139 50
7 1140 92
7 1141 50
7 1142 92
7 1143 50
7 1144 50
7 1145 50
7 1146 436
7 1147 50
7 1148 436
7 1149 50
7 1150 50
7 1151 50
7 1152 92
7 1153 50
7 1154 92
7 1155 50
7 1156 50
7 1157 50
7 1158 92
7 1159 50
7 1160 92
7 1161 50
7 1162 50
7 1163 50
7 1164 92
7 1165 50
7 1166 92
7 1167 50
7 1168 50
7 1169 50
7 1170 50
7 1171 50
7 1172 50
7 1173 50
7 1174 50
7 1175 50
7 1176 436
7 1177 50
7 1178 436
7 1179 50
7 1180 50
7 1181 50
7 1182 436
7 1183 50
7 1184 436
7 1185 50
7 1186 50
7 1187 50
7 1188 436
7 1189 50
7 1190 436
7 1191 50
7 1192 50
7 1193 50
7 1194 50
7 1195 50
7 1196 50
7 1197 50
7 1198 50
7 1199 50
7 1200 92
7 1201 515
7 1202 92
7 1203 50
7 1204 516
7 1205 50
7 1206 92
7 1207 515
7 1208 92
7 1209 50
7 1210 516
7 1211 50
7 1212 92
7 1213 50
7 1214 92
7 1215 50
7 1216 50
7 1217 50
7 1218 515
7 1219 50
7 1220 515
7 1221 50
7 1222 50
7 1223 50
7 1224 92
7 1225 516
7 1226 92
7 1227 50
7 1228 516
7 1229 50
7 1230 92
7 1231 515
7 1232 92
7 1233 50
7 1234 515
7 1235 50
7 1236 92
7 1237 50
7 1238 92
7 1239 50
7 1240 50
7 1241 50
7 1242 516
7 1243 50
7 1244 516
7 1245 50
7 1246 50
7 1247 50
7 1248 92
7 1249 516
7 1250 92
7 1251 50
7 1252 516
7 1253 50
7 1254 92
7 1255 515
7 1256 92
7 1257 50
7 1258 515
7 1259 50
7 1260 92
7 1261 50
7 1262 92
7 1263 50
7 1264 50
7 1265 50
7 1266 516
7 1267 50
7 1268 516
7 1269 50
7 1270 50
7 1271 50
7 1272 92
7 1273 50
7 1274 92
7 1275 50
7 1276 50
7 1277 50
7 1278 92
7 1279 50
7 1280 92
7 1281 50
7 1282 50
7 1283 50
7 1284 92
7 1285 50
7 1286 92
7 1287 50
7 1288 50
7 1289 50
7 1290 50
7 1291 50
7 1292 50
7 1293 50
7 1294 50
7 1295 50
7 1296 515
7 1297 50
7 1298 515
7 1299 50
7 1300 50
7 1301 50
7 1302 516
7 1303 50
7 1304 515
7 1305 50
7 1306 50
7 1307 50
7 1308 516
7 1309 50
7 1310 515
7 1311 50
7 1312 50
7 1313 50
7 1314 50
7 1315 50
7 1316 50
7 1317 50
7 1318 50
7 1319 50
7 1320 436
7 1321 514
7 1322 436
7 1323 50
7 1324 515
7 1325 50
7 1326 436
7 1327 514
7 1328 436
7 1329 50
7 1330 515
7 1331 50
7 1332 436
7 1333 50
7 1334 436
7 1335 50
7 1336 50
7 1337 50
7 1338 514
7 1339 50
7 1340 515
7 1341 50
7 1342 50
7 1343 50
7 1344 436
7 1345 515
7 1346 436
7 1347 50
7 1348 515
7 1349 50
7 1350 436
7 1351 514
7 1352 436
7 1353 50
7 1354 515
7 1355 50
7 1356 436
7 1357 50
7 1358 436
7 1359 50
7 1360 50
7 1361 50
7 1362 516
7 1363 50
7 1364 516
7 1365 50
7 1366 50
7 1367 50
7 1368 436
7 1369 515
7 1370 436
7 1371 50
7 1372 516
7 1373 50
7 1374 436
7 1375 514
7 1376 436
7 1377 50
7 1378 515
7 1379 50
7 1380 436
7 1381 50
7 1382 436
7 1383 50
7 1384 50
7 1385 50
7 1386 516
7 1387 50
7 1388 516
7 1389 50
7 1390 50
7 1391 50
7 1392 436
7 1393 50
7 1394 436
7 1395 50
7 1396 50
7 1397 50
7 1398 436
7 1399 50
7 1400 436
7 1401 50
7 1402 50
7 1403 50
7 1404 436
7 1405 50
7 1406 436
7 1407 50
7 1408 50
7 1409 50
7 1410 50
7 1411 50
7 1412 50
7 1413 50
7 1414 50
7 1415 50
7 1416 515
7 1417 50
7 1418 515
7 1419 50
7 1420 50
7 1421 50
7 1422 516
7 1423 50
7 1424 515
7 1425 50
7 1426 50
7 1427 50
7 1428 516
7 1429 50
7 1430 515
7 1431 50
7 1432 50
7 1433 50
7 1434 50
7 1435 50
7 1436 50
7 1437 50
7 1438 50
7 1439 50
7 1440 91
7 1441 436
7 1442 91
7 1443 513
7 1444 436
7 1445 513
7 1446 91
7 1447 436
7 1448 92
7 1449 50
7 1450 436
7 1451 50
7 1452 92
7 1453 513
7 1454 91
7 1455 50
7 1456 513
7 1457 50
7 1458 436
7 1459 513
7 1460 436
7 1461 50
7 1462 513
7 1463 50
7 1464 91
7 1465 436
7 1466 91
7 1467 513
7 1468 436
7 1469 513
7 1470 91
7 1471 436
7 1472 92
7 1473 50
7 1474 436
7 1475 50
7 1476 92
7 1477 516
7 1478 92
7 1479 50
7 1480 516
7 1481 50
7 1482 436
7 1483 515
7 1484 436
7 1485 50
7 1486 516
7 1487 50
7 1488 91
7 1489 436
7 1490 92
7 1491 50
7 1492 436
7 1493 50
7 1494 91
7 1495 436
7 1496 92
7 1497 50
7 1498 436
7 1499 50
7 1500 92
7 1501 50
7 1502 92
7 1503 50
7 1504 50
7 1505 50
7 1506 436
7 1507 50
7 1508 436
7 1509 50
7 1510 50
7 1511 50
7 1512 92
7 1513 516
7 1514 92
7 1515 50
7 1516 516
7 1517 50
7 1518 92
7 1519 516
7 1520 92
7 1521 50
7 1522 516
7 1523 50
7 1524 92
7 1525 50
7 1526 92
7 1527 50
7 1528 50
7 1529 50
7 1530 516
7 1531 50
7 1532 516
7 1533 50
7 1534 50
7 1535 50
7 1536 436
7 1537 515
7 1538 436
7 1539 50
7 1540 515
7 1541 50
7 1542 436
7 1543 515
7 1544 436
7 1545 50
7 1546 516
7 1547 50
7 1548 436
7 1549 50
7 1550 436
7 1551 50
7 1552 50
7 1553 50
7 1554 516
7 1555 50
7 1556 516
7 1557 50
7 1558 50
7 1559 50
7 1560 91
7 1561 436
7 1562 91
7 1563 512
7 1564 436
7 1565 512
7 1566 91
7 1567 436
7 1568 92
7 1569 50
7 1570 436
7 1571 50
7 1572 92
7 1573 513
7 1574 91
7 1575 50
7 1576 513
7 1577 50
7 1578 436
7 1579 513
7 1580 436
7 1581 50
7 1582 513
7 1583 50
7 1584 91
7 1585 436
7 1586 91
7 1587 513
7 1588 436
7 1589 513
7 1590 91
7 1591 436
7 1592 92
7 1593 50
7 1594 436
7 1595 50
7 1596 92
7 1597 514
7 1598 92
7 1599 50
7 1600 514
7 1601 50
7 1602 436
7 1603 513
7 1604 436
7 1605 50
7 1606 514
7 1607 50
7 1608 91
7 1609 436
7 1610 92
7 1611 50
7 1612 436
7 1613 50
7 1614 91
7 1615 436
7 1616 92
7 1617 50
7 1618 436
7 1619 50
7 1620 92
7 1621 50
7 1622 92
7 1623 50
7 1624 50
7 1625 50
7 1626 436
7 1627 50
7 1628 436
7 1629 50
7 1630 50
7 1631 50
7 1632 92
7 1633 515
7 1634 92
7 1635 50
7 1636 515
7 1637 50
7 1638 92
7 1639 515
7 1640 92
7 1641 50
7 1642 515
7 1643 50
7 1644 92
7 1645 50
7 1646 92
7 1647 50
7 1648 50
7 1649 50
7 1650 515
7 1651 50
7 1652 515
7 1653 50
7 1654 50
7 1655 50
7 1656 436
7 1657 514
7 1658 436
7 1659 50
7 1660 514
7 1661 50
7 1662 436
7 1663 514
7 1664 436
7 1665 50
7 1666 515
7 1667 50
7 1668 436
7 1669 50
7 1670 436
7 1671 50
7 1672 50
7 1673 50
7 1674 515
7 1675 50
7 1676 515
7 1677 50
7 1678 50
7 1679 50
7 1680 91
7 1681 436
7 1682 91
7 1683 512
7 1684 436
7 1685 512
7 1686 91
7 1687 436
7 1688 92
7 1689 50
7 1690 436
7 1691 50
7 1692 92
7 1693 515
7 1694 92
7 1695 50
7 1696 515
7 1697 50
7 1698 436
7 1699 514
7 1700 436
7 1701 50
7 1702 515
7 1703 50
7 1704 91
7 1705 436
7 1706 91
7 1707 512
7 1708 436
7 1709 512
7 1710 91
7 1711 436
7 1712 92
7 1713 50
7 1714 436
7 1715 50
7 1716 92
7 1717 514
7 1718 92
7 1719 50
7 1720 514
7 1721 50
7 1722 436
7 1723 513
7 1724 436
7 1725 50
7 1726 514
7 1727 50
7 1728 91
7 1729 436
7 1730 92
7 1731 50
7 1732 436
7 1733 50
7 1734 91
7 1735 436
7 1736 92
7 1737 50
7 1738 436
7 1739 50
7 1740 92
7 1741 50
7 1742 92
7 1743 50
7 1744 50
7 1745 50
7 1746 436
7 1747 50
7 1748 436
7 1749 50
7 1750 50
7 1751 50
7 1752 92
7 1753 514
7 1754 92
7 1755 50
7 1756 515
7 1757 50
7 1758 92
7 1759 514
7 1760 92
7 1761 50
7 1762 515
7 1763 50
7 1764 92
7 1765 50
7 1766 92
7 1767 50
7 1768 50
7 1769 50
7 1770 514
7 1771 50
7 1772 514
7 1773 50
7 1774 50
7 1775 50
7 1776 436
7 1777 513
7 1778 436
7 1779 50
7 1780 515
7 1781 50
7 1782 436
7 1783 513
7 1784 436
7 1785 50
7 1786 515
7 1787 50
7 1788 436
7 1789 50
7 1790 436
7 1791 50
7 1792 50
7 1793 50
7 1794 514
7 1795 50
7 1796 514
7 1797 50
7 1798 50
7 1799 50
7 1800 91
7 1801 436
7 1802 92
7 1803 50
7 1804 436
7 1805 50
7 1806 91
7 1807 436
7 1808 92
7 1809 50
7 1810 436
7 1811 50
7 1812 92
7 1813 50
7 1814 92
7 1815 50
7 1816 50
7 1817 50
7 1818 436
7 1819 50
7 1820 436
7 1821 50
7 1822 50
7 1823 50
7 1824 91
7 1825 436
7 1826 92
7 1827 50
7 1828 436
7 1829 50
7 1830 91
7 1831 436
7 1832 92
7 1833 50
7 1834 436
7 1835 50
7 1836 92
7 1837 50
7 1838 92
7 1839 50
7 1840 50
7 1841 50
7 1842 436
7 1843 50
7 1844 436
7 1845 50
7 1846 50
7 1847 50
7 1848 91
7 1849 436
7 1850 92
7 1851 50
7 1852 436
7 1853 50
7 1854 91
7 1855 436
7 1856 92
7 1857 50
7 1858 436
7 1859 50
7 1860 92
7 1861 50
7 1862 92
7 1863 50
7 1864 50
7 1865 50
7 1866 436
7 1867 50
7 1868 436
7 1869 50
7 1870 50
7 1871 50
7 1872 92
7 1873 50
7 1874 92
7 1875 50
7 1876 50
7 1877 50
7 1878 92
7 1879 50
7 1880 92
7 1881 50
7 1882 50
7 1883 50
7 1884 92
7 1885 50
7 1886 92
7 1887 50
7 1888 50
7 1889 50
7 1890 50
7 1891 50
7 1892 50
7 1893 50
7 1894 50
7 1895 50
7 1896 436
7 1897 50
7 1898 436
7 1899 50
7 1900 50
7 1901 50
7 1902 436
7 1903 50
7 1904 436
7 1905 50
7 1906 50
7 1907 50
7 1908 436
7 1909 50
7 1910 436
7 1911 50
7 1912 50
7 1913 50
7 1914 50
7 1915 50
7 1916 50
7 1917 50
7 1918 50
7 1919 50
7 1920 92
7 1921 515
7 1922 92
7 1923 50
7 1924 515
7 1925 50
7 1926 92
7 1927 516
7 1928 92
7 1929 50
7 1930 516
7 1931 50
7 1932 92
7 1933 50
7 1934 92
7 1935 50
7 1936 50
7 1937 50
7 1938 516
7 1939 50
7 1940 516
7 1941 50
7 1942 50
7 1943 50
7 1944 92
7 1945 515
7 1946 92
7 1947 50
7 1948 515
7 1949 50
7 1950 92
7 1951 516
7 1952 92
7 1953 50
7 1954 516
7 1955 50
7 1956 92
7 1957 50
7 1958 92
7 1959 50
7 1960 50
7 1961 50
7 1962 516
7 1963 50
7 1964 516
7 1965 50
7 1966 50
7 1967 50
7 1968 92
7 1969 515
7 1970 92
7 1971 50
7 1972 516
7 1973 50
7 1974 92
7 1975 515
7 1976 92
7 1977 50
7 1978 516
7 1979 50
7 1980 92
7 1981 50
7 1982 92
7 1983 50
7 1984 50
7 1985 50
7 1986 515
7 1987 50
7 1988 515
7 1989 50
7 1990 50
7 1991 50
7 1992 92
7 1993 50
7 1994 92
7 1995 50
7 1996 50
7 1997 50
7 1998 92
7 1999 50
7 2000 92
7 2001 50
7 2002 50
7 2003 50
7 2004 92
7 2005 50
7 2006 92
7 2007 50
7 2008 50
7 2009 50
7 2010 50
7 2011 50
7 2012 50
7 2013 50
7 2014 50
7 2015 50
7 2016 515
7 2017 50
7 2018 516
7 2019 50
7 2020 50
7 2021 50
7 2022 515
7 2023 50
7 2024 516
7 2025 50
7 2026 50
7 2027 50
7 2028 515
7 2029 50
7 2030 515
7 2031 50
7 2032 50
7 2033 50
7 2034 50
7 2035 50
7 2036 50
7 2037 50
7 2038 50
7 2039 50
7 2040 436
7 2041 514
7 2042 436
7 2043 50
7 2044 514
7 2045 50
7 2046 436
7 2047 515
7 2048 436
7 2049 50
7 2050 516
7 2051 50
7 2052 436
7 2053 50
7 2054 436
7 2055 50
7 2056 50
7 2057 50
7 2058 516
7 2059 50
7 2060 516
7 2061 50
7 2062 50
7 2063 50
7 2064 436
7 2065 514
7 2066 436
7 2067 50
7 2068 514
7 2069 50
7 2070 436
7 2071 515
7 2072 436
7 2073 50
7 2074 516
7 2075 50
7 2076 436
7 2077 50
7 2078 436
7 2079 50
7 2080 50
7 2081 50
7 2082 516
7 2083 50
7 2084 516
7 2085 50
7 2086 50
7 2087 50
7 2088 436
7 2089 514
7 2090 436
7 2091 50
7 2092 516
7 2093 50
7 2094 436
7 2095 514
7 2096 436
7 2097 50
7 2098 516
7 2099 50
7 2100 436
7 2101 50
7 2102 436
7 2103 50
7 2104 50
7 2105 50
7 2106 515
7 2107 50
7 2108 515
7 2109 50
7 2110 50
7 2111 50
7 2112 436
7 2113 50
7 2114 436
7 2115 50
7 2116 50
7 2117 50
7 2118 436
7 2119 50
7 2120 436
7 2121 50
7 2122 50
7 2123 50
7 2124 436
7 2125 50
7 2126 436
7 2127 50
7 2128 50
7 2129 50
7 2130 50
7 2131 50
7 2132 50
7 2133 50
7 2134 50
7 2135 50
7 2136 515
7 2137 50
7 2138 516
7 2139 50
7 2140 50
7 2141 50
7 2142 515
7 2143 50
7 2144 516
7 2145 50
7 2146 50
7 2147 50
7 2148 515
7 2149 50
7 2150 515
7 2151 50
7 2152 50
7 2153 50
7 2154 50
7 2155 50
7 2156 50
7 2157 50
7 2158 50
7 2159 50
7 2160 91
7 2161 436
7 2162 91
7 2163 512
7 2164 436
7 2165 512
7 2166 91
7 2167 436
7 2168 92
7 2169 50
7 2170 436
7 2171 50
7 2172 92
7 2173 515
7 2174 92
7 2175 50
7 2176 515
7 2177 50
7 2178 436
7 2179 514
7 2180 436
7 2181 50
7 2182 515
7 2183 50
7 2184 91
7 2185 436
7 2186 91
7 2187 513
7 2188 436
7 2189 513
7 2190 91
7 2191 436
7 2192 92
7 2193 50
7 2194 436
7 2195 50
7 2196 92
7 2197 516
7 2198 92
7 2199 50
7 2200 516
7 2201 50
7 2202 436
7 2203 515
7 2204 436
7 2205 50
7 2206 516
7 2207 50
7 2208 91
7 2209 436
7 2210 92
7 2211 50
7 2212 436
7 2213 50
7 2214 91
7 2215 436
7 2216 92
7 2217 50
7 2218 436
7 2219 50
7 2220 92
7 2221 50
7 2222 92
7 2223 50
7 2224 50
7 2225 50
7 2226 436
7 2227 50
7 2228 436
7 2229 50
7 2230 50
7 2231 50
7 2232 92
7 2233 515
7 2234 92
7 2235 50
7 2236 515
7 2237 50
7 2238 92
7 2239 515
7 2240 92
7 2241 50
7 2242 516
7 2243 50
7 2244 92
7 2245 50
7 2246 92
7 2247 50
7 2248 50
7 2249 50
7 2250 515
7 2251 50
7 2252 515
7 2253 50
7 2254 50
7 2255 50
7 2256 436
7 2257 514
7 2258 436
7 2259 50
7 2260 516
7 2261 50
7 2262 436
7 2263 514
7 2264 436
7 2265 50
7 2266 516
7 2267 50
7 2268 436
7 2269 50
7 2270 436
7 2271 50
7 2272 50
7 2273 50
7 2274 515
7 2275 50
7 2276 515
7 2277 50
7 2278 50
7 2279 50
7 2280 91
7 2281 436
7 2282 91
7 2283 513
7 2284 436
7 2285 513
7 2286 91
7 2287 436
7 2288 92
7 2289 50
7 2290 436
7 2291 50
7 2292 92
7 2293 515
7 2294 92
7 2295 50
7 2296 515
7 2297 50
7 2298 436
7 2299 514
7 2300 436
7 2301 50
7 2302 515
7 2303 50
7 2304 91
7 2305 436
7 2306 91
7 2307 512
7 2308 436
7 2309 512
7 2310 91
7 2311 436
7 2312 92
7 2313 50
7 2314 436
7 2315 50
7 2316 92
7 2317 514
7 2318 92
7 2319 50
7 2320 514
7 2321 50
7 2322 436
7 2323 513
7 2324 436
7 2325 50
7 2326 514
7 2327 50
7 2328 91
7 2329 436
7 2330 92
7 2331 50
7 2332 436
7 2333 50
7 2334 91
7 2335 436
7 2336 92
7 2337 50
7 2338 436
7 2339 50
7 2340 92
7 2341 50
7 2342 92
7 2343 50
7 2344 50
7 2345 50
7 2346 436
7 2347 50
7 2348 436
7 2349 50
7 2350 50
7 2351 50
7 2352 92
7 2353 516
7 2354 92
7 2355 50
7 2356 516
7 2357 50
7 2358 92
7 2359 516
7 2360 92
7 2361 50
7 2362 516
7 2363 50
7 2364 92
7 2365 50
7 2366 92
7 2367 50
7 2368 50
7 2369 50
7 2370 516
7 2371 50
7 2372 516
7 2373 50
7 2374 50
7 2375 50
7 2376 436
7 2377 515
7 2378 436
7 2379 50
7 2380 516
7 2381 50
7 2382 436
7 2383 515
7 2384 436
7 2385 50
7 2386 516
7 2387 50
7 2388 436
7 2389 50
7 2390 436
7 2391 50
7 2392 50
7 2393 50
7 2394 516
7 2395 50
7 2396 516
7 2397 50
7 2398 50
7 2399 50
7 2400 91
7 2401 436
7 2402 91
7 2403 512
7 2404 436
7 2405 512
7 2406 91
7 2407 436
7 2408 92
7 2409 50
7 2410 436
7 2411 50
7 2412 92
7 2413 515
7 2414 92
7 2415 50
7 2416 515
7 2417 50
7 2418 436
7 2419 514
7 2420 436
7 2421 50
7 2422 515
7 2423 50
7 2424 91
7 2425 436
7 2426 91
7 2427 512
7 2428 436
7 2429 512
7 2430 91
7 2431 436
7 2432 92
7 2433 50
7 2434 436
7 2435 50
7 2436 92
7 2437 514
7 2438 92
7 2439 50
7 2440 514
7 2441 50
7 2442 436
7 2443 513
7 2444 436
7 2445 50
7 2446 514
7 2447 50
7 2448 91
7 2449 436
7 2450 92
7 2451 50
7 2452 436
7 2453 50
7 2454 91
7 2455 436
7 2456 92
7 2457 50
7 2458 436
7 2459 50
7 2460 92
7 2461 50
7 2462 92
7 2463 50
7 2464 50
7 2465 50
7 2466 436
7 2467 50
7 2468 436
7 2469 50
7 2470 50
7 2471 50
7 2472 92
7 2473 514
7 2474 92
7 2475 50
7 2476 515
7 2477 50
7 2478 92
7 2479 514
7 2480 92
7 2481 50
7 2482 515
7 2483 50
7 2484 92
7 2485 50
7 2486 92
7 2487 50
7 2488 50
7 2489 50
7 2490 514
7 2491 50
7 2492 514
7 2493 50
7 2494 50
7 2495 50
7 2496 436
7 2497 513
7 2498 436
7 2499 50
7 2500 515
7 2501 50
7 2502 436
7 2503 513
7 2504 436
7 2505 50
7 2506 515
7 2507 50
7 2508 436
7 2509 50
7 2510 436
7 2511 50
7 2512 50
7 2513 50
7 2514 514
7 2515 50
7 2516 514
7 2517 50
7 2518 50
7 2519 50
7 2520 91
7 2521 436
7 2522 92
7 2523 50
7 2524 436
7 2525 50
7 2526 91
7 2527 436
7 2528 92
7 2529 50
7 2530 436
7 2531 50
7 2532 92
7 2533 50
7 2534 92
7 2535 50
7 2536 50
7 2537 50
7 2538 436
7 2539 50
7 2540 436
7 2541 50
7 2542 50
7 2543 50
7 2544 91
7 2545 436
7 2546 92
7 2547 50
7 2548 436
7 2549 50
7 2550 91
7 2551 436
7 2552 92
7 2553 50
7 2554 436
7 2555 50
7 2556 92
7 2557 50
7 2558 92
7 2559 50
7 2560 50
7 2561 50
7 2562 436
7 2563 50
7 2564 436
7 2565 50
7 2566 50
7 2567 50
7 2568 91
7 2569 436
7 2570 92
7 2571 50
7 2572 436
7 2573 50
7 2574 91
7 2575 436
7 2576 92
7 2577 50
7 2578 436
7 2579 50
7 2580 92
7 2581 50
7 2582 92
7 2583 50
7 2584 50
7 2585 50
7 2586 436
7 2587 50
7 2588 436
7 2589 50
7 2590 50
7 2591 50
7 2592 92
7 2593 50
7 2594 92
7 2595 50
7 2596 50
7 2597 50
7 2598 92
7 2599 50
7 2600 92
7 2601 50
7 2602 50
7 2603 50
7 2604 92
7 2605 50
7 2606 92
7 2607 50
7 2608 50
7 2609 50
7 2610 50
7 2611 50
7 2612 50
7 2613 50
7 2614 50
7 2615 50
7 2616 436
7 2617 50
7 2618 436
7 2619 50
7 2620 50
7 2621 50
7 2622 436
7 2623 50
7 2624 436
7 2625 50
7 2626 50
7 2627 50
7 2628 436
7 2629 50
7 2630 436
7 2631 50
7 2632 50
7 2633 50
7 2634 50
7 2635 50
7 2636 50
7 2637 50
7 2638 50
7 2639 50
7 2640 92
7 2641 514
7 2642 92
7 2643 50
7 2644 515
7 2645 50
7 2646 92
7 2647 514
7 2648 92
7 2649 50
7 2650 516
7 2651 50
7 2652 92
7 2653 50
7 2654 92
7 2655 50
7 2656 50
7 2657 50
7 2658 514
7 2659 50
7 2660 515
7 2661 50
7 2662 50
7 2663 50
7 2664 92
7 2665 514
7 2666 92
7 2667 50
7 2668 515
7 2669 50
7 2670 92
7 2671 514
7 2672 92
7 2673 50
7 2674 515
7 2675 50
7 2676 92
7 2677 50
7 2678 92
7 2679 50
7 2680 50
7 2681 50
7 2682 516
7 2683 50
7 2684 516
7 2685 50
7 2686 50
7 2687 50
7 2688 92
7 2689 514
7 2690 92
7 2691 50
7 2692 516
7 2693 50
7 2694 92
7 2695 514
7 2696 92
7 2697 50
7 2698 515
7 2699 50
7 2700 92
7 2701 50
7 2702 92
7 2703 50
7 2704 50
7 2705 50
7 2706 515
7 2707 50
7 2708 515
7 2709 50
7 2710 50
7 2711 50
7 2712 92
7 2713 50
7 2714 92
7 2715 50
7 2716 50
7 2717 50
7 2718 92
7 2719 50
7 2720 92
7 2721 50
7 2722 50
7 2723 50
7 2724 92
7 2725 50
7 2726 92
7 2727 50
7 2728 50
7 2729 50
7 2730 50
7 2731 50
7 2732 50
7 2733 50
7 2734 50
7 2735 50
7 2736 513
7 2737 50
7 2738 514
7 2739 50
7 2740 50
7 2741 50
7 2742 514
7 2743 50
7 2744 514
7 2745 50
7 2746 50
7 2747 50
7 2748 514
7 2749 50
7 2750 514
7 2751 50
7 2752 50
7 2753 50
7 2754 50
7 2755 50
7 2756 50
7 2757 50
7 2758 50
7 2759 50
7 2760 436
7 2761 513
7 2762 436
7 2763 50
7 2764 515
7 2765 50
7 2766 436
7 2767 513
7 2768 436
7 2769 50
7 2770 516
7 2771 50
7 2772 436
7 2773 50
7 2774 436
7 2775 50
7 2776 50
7 2777 50
7 2778 515
7 2779 50
7 2780 515
7 2781 50
7 2782 50
7 2783 50
7 2784 436
7 2785 513
7 2786 436
7 2787 50
7 2788 515
7 2789 50
7 2790 436
7 2791 513
7 2792 436
7 2793 50
7 2794 515
7 2795 50
7 2796 436
7 2797 50
7 2798 436
7 2799 50
7 2800 50
7 2801 50
7 2802 516
7 2803 50
7 2804 516
7 2805 50
7 2806 50
7 2807 50
7 2808 436
7 2809 513
7 2810 436
7 2811 50
7 2812 516
7 2813 50
7 2814 436
7 2815 513
7 2816 436
7 2817 50
7 2818 515
7 2819 50
7 2820 436
7 2821 50
7 2822 436
7 2823 50
7 2824 50
7 2825 50
7 2826 515
7 2827 50
7 2828 515
7 2829 50
7 2830 50
7 2831 50
7 2832 436
7 2833 50
7 2834 436
7 2835 50
7 2836 50
7 2837 50
7 2838 436
7 2839 50
7 2840 436
7 2841 50
7 2842 50
7 2843 50
7 2844 436
7 2845 50
7 2846 436
7 2847 50
7 2848 50
7 2849 50
7 2850 50
7 2851 50
7 2852 50
7 2853 50
7 2854 50
7 2855 50
7 2856 514
7 2857 50
7 2858 514
7 2859 50
7 2860 50
7 2861 50
7 2862 514
7 2863 50
7 2864 514
7 2865 50
7 2866 50
7 2867 50
7 2868 514
7 2869 50
7 2870 514
7 2871 50
7 2872 50
7 2873 50
7 2874 50
7 2875 50
7 2876 50
7 2877 50
7 2878 50
7 2879 50
7 2880 91
7 2881 436
7 2882 92
7 2883 50
7 2884 436
7 2885 50
7 2886 91
7 2887 436
7 2888 92
7 2889 50
7 2890 436
7 2891 50
7 2892 92
7 2893 50
7 2894 92
7 2895 50
7 2896 50
7 2897 50
7 2898 436
7 2899 50
7 2900 436
7 2901 50
7 2902 50
7 2903 50
7 2904 91
7 2905 436
7 2906 92
7 2907 50
7 2908 436
7 2909 50
7 2910 91
7 2911 436
7 2912 92
7 2913 50
7 2914 436
7 2915 50
7 2916 92
7 2917 50
7 2918 92
7 2919 50
7 2920 50
7 2921 50
7 2922 436
7 2923 50
7 2924 436
7 2925 50
7 2926 50
7 2927 50
7 2928 91
7 2929 436
7 2930 92
7 2931 50
7 2932 436
7 2933 50
7 2934 91
7 2935 436
7 2936 92
7 2937 50
7 2938 436
7 2939 50
7 2940 92
7 2941 50
7 2942 92
7 2943 50
7 2944 50
7 2945 50
7 2946 436
7 2947 50
7 2948 436
7 2949 50
7 2950 50
7 2951 50
7 2952 92
7 2953 50
7 2954 92
7 2955 50
7 2956 50
7 2957 50
7 2958 92
7 2959 50
7 2960 92
7 2961 50
7 2962 50
7 2963 50
7 2964 92
7 2965 50
7 2966 92
7 2967 50
7 2968 50
7 2969 50
7 2970 50
7 2971 50
7 2972 50
7 2973 50
7 2974 50
7 2975 50
7 2976 436
7 2977 50
7 2978 436
7 2979 50
7 2980 50
7 2981 50
7 2982 436
7 2983 50
7 2984 436
7 2985 50
7 2986 50
7 2987 50
7 2988 436
7 2989 50
7 2990 436
7 2991 50
7 2992 50
7 2993 50
7 2994 50
7 2995 50
7 2996 50
7 2997 50
7 2998 50
7 2999 50
7 3000 91
7 3001 436
7 3002 92
7 3003 50
7 3004 436
7 3005 50
7 3006 91
7 3007 436
7 3008 92
7 3009 50
7 3010 436
7 3011 50
7 3012 92
7 3013 50
7 3014 92
7 3015 50
7 3016 50
7 3017 50
7 3018 436
7 3019 50
7 3020 436
7 3021 50
7 3022 50
7 3023 50
7 3024 91
7 3025 436
7 3026 92
7 3027 50
7 3028 436
7 3029 50
7 3030 91
7 3031 436
7 3032 92
7 3033 50
7 3034 436
7 3035 50
7 3036 92
7 3037 50
7 3038 92
7 3039 50
7 3040 50
7 3041 50
7 3042 436
7 3043 50
7 3044 436
7 3045 50
7 3046 50
7 3047 50
7 3048 91
7 3049 436
7 3050 92
7 3051 50
7 3052 436
7 3053 50
7 3054 91
7 3055 436
7 3056 92
7 3057 50
7 3058 436
7 3059 50
7 3060 92
7 3061 50
7 3062 92
7 3063 50
7 3064 50
7 3065 50
7 3066 436
7 3067 50
7 3068 436
7 3069 50
7 3070 50
7 3071 50
7 3072 92
7 3073 50
7 3074 92
7 3075 50
7 3076 50
7 3077 50
7 3078 92
7 3079 50
7 3080 92
7 3081 50
7 3082 50
7 3083 50
7 3084 92
7 3085 50
7 3086 92
7 3087 50
7 3088 50
7 3089 50
7 3090 50
7 3091 50
7 3092 50
7 3093 50
7 3094 50
7 3095 50
7 3096 436
7 3097 50
7 3098 436
7 3099 50
7 3100 50
7 3101 50
7 3102 436
7 3103 50
7 3104 436
7 3105 50
7 3106 50
7 3107 50
7 3108 436
7 3109 50
7 3110 436
7 3111 50
7 3112 50
7 3113 50
7 3114 50
7 3115 50
7 3116 50
7 3117 50
7 3118 50
7 3119 50
7 3120 91
7 3121 436
7 3122 92
7 3123 50
7 3124 436
7 3125 50
7 3126 91
7 3127 436
7 3128 92
7 3129 50
7 3130 436
7 3131 50
7 3132 92
7 3133 50
7 3134 92
7 3135 50
7 3136 50
7 3137 50
7 3138 436
7 3139 50
7 3140 436
7 3141 50
7 3142 50
7 3143 50
7 3144 91
7 3145 436
7 3146 92
7 3147 50
7 3148 436
7 3149 50
7 3150 91
7 3151 436
7 3152 92
7 3153 50
7 3154 436
7 3155 50
7 3156 92
7 3157 50
7 3158 92
7 3159 50
7 3160 50
7 3161 50
7 3162 436
7 3163 50
7 3164 436
7 3165 50
7 3166 50
7 3167 50
7 3168 91
7 3169 436
7 3170 92
7 3171 50
7 3172 436
7 3173 50
7 3174 91
7 3175 436
7 3176 92
7 3177 50
7 3178 436
7 3179 50
7 3180 92
7 3181 50
7 3182 92
7 3183 50
7 3184 50
7 3185 50
7 3186 436
7 3187 50
7 3188 436
7 3189 50
7 3190 50
7 3191 50
7 3192 92
7 3193 50
7 3194 92
7 3195 50
7 3196 50
7 3197 50
7 3198 92
7 3199 50
7 3200 92
7 3201 50
7 3202 50
7 3203 50
7 3204 92
7 3205 50
7 3206 92
7 3207 50
7 3208 50
7 3209 50
7 3210 50
7 3211 50
7 3212 50
7 3213 50
7 3214 50
7 3215 50
7 3216 436
7 3217 50
7 3218 436
7 3219 50
7 3220 50
7 3221 50
7 3222 436
7 3223 50
7 3224 436
7 3225 50
7 3226 50
7 3227 50
7 3228 436
7 3229 50
7 3230 436
7 3231 50
7 3232 50
7 3233 50
7 3234 50
7 3235 50
7 3236 50
7 3237 50
7 3238 50
7 3239 50
7 3240 91
7 3241 436
7 3242 92
7 3243 50
7 3244 436
7 3245 50
7 3246 91
7 3247 436
7 3248 92
7 3249 50
7 3250 436
7 3251 50
7 3252 92
7 3253 50
7 3254 92
7 3255 50
7 3256 50
7 3257 50
7 3258 436
7 3259 50
7 3260 436
7 3261 50
7 3262 50
7 3263 50
7 3264 91
7 3265 436
7 3266 92
7 3267 50
7 3268 436
7 3269 50
7 3270 91
7 3271 436
7 3272 92
7 3273 50
7 3274 436
7 3275 50
7 3276 92
7 3277 50
7 3278 92
7 3279 50
7 3280 50
7 3281 50
7 3282 436
7 3283 50
7 3284 436
7 3285 50
7 3286 50
7 3287 50
7 3288 91
7 3289 436
7 3290 92
7 3291 50
7 3292 436
7 3293 50
7 3294 91
7 3295 436
7 3296 92
7 3297 50
7 3298 436
7 3299 50
7 3300 92
7 3301 50
7 3302 92
7 3303 50
7 3304 50
7 3305 50
7 3306 436
7 3307 50
7 3308 436
7 3309 50
7 3310 50
7 3311 50
7 3312 92
7 3313 50
7 3314 92
7 3315 50
7 3316 50
7 3317 50
7 3318 92
7 3319 50
7 3320 92
7 3321 50
7 3322 50
7 3323 50
7 3324 92
7 3325 50
7 3326 92
7 3327 50
7 3328 50
7 3329 50
7 3330 50
7 3331 50
7 3332 50
7 3333 50
7 3334 50
7 3335 50
7 3336 436
7 3337 50
7 3338 436
7 3339 50
7 3340 50
7 3341 50
7 3342 436
7 3343 50
7 3344 436
7 3345 50
7 3346 50
7 3347 50
7 3348 436
7 3349 50
7 3350 436
7 3351 50
7 3352 50
7 3353 50
7 3354 50
7 3355 50
7 3356 50
7 3357 50
7 3358 50
7 3359 50
7 3360 92
7 3361 50
7 3362 92
7 3363 50
7 3364 50
7 3365 50
7 3366 92
7 3367 50
7 3368 92
7 3369 50
7 3370 50
7 3371 50
7 3372 92
7 3373 50
7 3374 92
7 3375 50
7 3376 50
7 3377 50
7 3378 50
7 3379 50
7 3380 50
7 3381 50
7 3382 50
7 3383 50
7 3384 92
7 3385 50
7 3386 92
7 3387 50
7 3388 50
7 3389 50
7 3390 92
7 3391 50
7 3392 92
7 3393 50
7 3394 50
7 3395 50
7 3396 92
7 3397 50
7 3398 92
7 3399 50
7 3400 50
7 3401 50
7 3402 50
7 3403 50
7 3404 50
7 3405 50
7 3406 50
7 3407 50
7 3408 92
7 3409 50
7 3410 92
7 3411 50
7 3412 50
7 3413 50
7 3414 92
7 3415 50
7 3416 92
7 3417 50
7 3418 50
7 3419 50
7 3420 92
7 3421 50
7 3422 92
7 3423 50
7 3424 50
7 3425 50
7 3426 50
7 3427 50
7 3428 50
7 3429 50
7 3430 50
7 3431 50
7 3432 92
7 3433 50
7 3434 92
7 3435 50
7 3436 50
7 3437 50
7 3438 92
7 3439 50
7 3440 92
7 3441 50
7 3442 50
7 3443 50
7 3444 92
7 3445 50
7 3446 92
7 3447 50
7 3448 50
7 3449 50
7 3450 50
7 3451 50
7 3452 50
7 3453 50
7 3454 50
7 3455 50
7 3456 50
7 3457 50
7 3458 50
7 3459 50
7 3460 50
7 3461 50
7 3462 50
7 3463 50
7 3464 50
7 3465 50
7 3466 50
7 3467 50
7 3468 50
7 3469 50
7 3470 50
7 3471 50
7 3472 50
7 3473 50
7 3474 50
7 3475 50
7 3476 50
7 3477 50
7 3478 50
7 3479 50
7 3480 436
7 3481 50
7 3482 436
7 3483 50
7 3484 50
7 3485 50
7 3486 436
7 3487 50
7 3488 436
7 3489 50
7 3490 50
7 3491 50
7 3492 436
7 3493 50
7 3494 436
7 3495 50
7 3496 50
7 3497 50
7 3498 50
7 3499 50
7 3500 50
7 3501 50
7 3502 50
7 3503 50
7 3504 436
7 3505 50
7 3506 436
7 3507 50
7 3508 50
7 3509 50
7 3510 436
7 3511 50
7 3512 436
7 3513 50
7 3514 50
7 3515 50
7 3516 436
7 3517 50
7 3518 436
7 3519 50
7 3520 50
7 3521 50
7 3522 50
7 3523 50
7 3524 50
7 3525 50
7 3526 50
7 3527 50
7 3528 436
7 3529 50
7 3530 436
7 3531 50
7 3532 50
7 3533 50
7 3534 436
7 3535 50
7 3536 436
7 3537 50
7 3538 50
7 3539 50
7 3540 436
7 3541 50
7 3542 436
7 3543 50
7 3544 50
7 3545 50
7 3546 50
7 3547 50
7 3548 50
7 3549 50
7 3550 50
7 3551 50
7 3552 436
7 3553 50
7 3554 436
7 3555 50
7 3556 50
7 3557 50
7 3558 436
7 3559 50
7 3560 436
7 3561 50
7 3562 50
7 3563 50
7 3564 436
7 3565 50
7 3566 436
7 3567 50
7 3568 50
7 3569 50
7 3570 50
7 3571 50
7 3572 50
7 3573 50
7 3574 50
7 3575 50
7 3576 50
7 3577 50
7 3578 50
7 3579 50
7 3580 50
7 3581 50
7 3582 50
7 3583 50
7 3584 50
7 3585 50
7 3586 50
7 3587 50
7 3588 50
7 3589 50
7 3590 50
7 3591 50
7 3592 50
7 3593 50
7 3594 50
7 3595 50
7 3596 50
7 3597 50
7 3598 50
7 3599 50
7 3600 92
7 3601 513
7 3602 92
7 3603 50
7 3604 514
7 3605 50
7 3606 92
7 3607 513
7 3608 92
7 3609 50
7 3610 515
7 3611 50
7 3612 92
7 3613 50
7 3614 92
7 3615 50
7 3616 50
7 3617 50
7 3618 514
7 3619 50
7 3620 514
7 3621 50
7 3622 50
7 3623 50
7 3624 92
7 3625 513
7 3626 92
7 3627 50
7 3628 514
7 3629 50
7 3630 92
7 3631 514
7 3632 92
7 3633 50
7 3634 515
7 3635 50
7 3636 92
7 3637 50
7 3638 92
7 3639 50
7 3640 50
7 3641 50
7 3642 516
7 3643 50
7 3644 516
7 3645 50
7 3646 50
7 3647 50
7 3648 92
7 3649 514
7 3650 92
7 3651 50
7 3652 516
7 3653 50
7 3654 92
7 3655 513
7 3656 92
7 3657 50
7 3658 515
7 3659 50
7 3660 92
7 3661 50
7 3662 92
7 3663 50
7 3664 50
7 3665 50
7 3666 515
7 3667 50
7 3668 515
7 3669 50
7 3670 50
7 3671 50
7 3672 92
7 3673 50
7 3674 92
7 3675 50
7 3676 50
7 3677 50
7 3678 92
7 3679 50
7 3680 92
7 3681 50
7 3682 50
7 3683 50
7 3684 92
7 3685 50
7 3686 92
7 3687 50
7 3688 50
7 3689 50
7 3690 50
7 3691 50
7 3692 50
7 3693 50
7 3694 50
7 3695 50
7 3696 513
7 3697 50
7 3698 514
7 3699 50
7 3700 50
7 3701 50
7 3702 514
7 3703 50
7 3704 514
7 3705 50
7 3706 50
7 3707 50
7 3708 514
7 3709 50
7 3710 514
7 3711 50
7 3712 50
7 3713 50
7 3714 50
7 3715 50
7 3716 50
7 3717 50
7 3718 50
7 3719 50
7 3720 92
7 3721 513
7 3722 92
7 3723 50
7 3724 514
7 3725 50
7 3726 92
7 3727 513
7 3728 92
7 3729 50
7 3730 515
7 3731 50
7 3732 92
7 3733 50
7 3734 92
7 3735 50
7 3736 50
7 3737 50
7 3738 514
7 3739 50
7 3740 514
7 3741 50
7 3742 50
7 3743 50
7 3744 92
7 3745 514
7 3746 92
7 3747 50
7 3748 514
7 3749 50
7 3750 92
7 3751 513
7 3752 92
7 3753 50
7 3754 514
7 3755 50
7 3756 92
7 3757 50
7 3758 92
7 3759 50
7 3760 50
7 3761 50
7 3762 515
7 3763 50
7 3764 515
7 3765 50
7 3766 50
7 3767 50
7 3768 92
7 3769 514
7 3770 92
7 3771 50
7 3772 516
7 3773 50
7 3774 92
7 3775 514
7 3776 92
7 3777 50
7 3778 514
7 3779 50
7 3780 92
7 3781 50
7 3782 92
7 3783 50
7 3784 50
7 3785 50
7 3786 516
7 3787 50
7 3788 516
7 3789 50
7 3790 50
7 3791 50
7 3792 92
7 3793 50
7 3794 92
7 3795 50
7 3796 50
7 3797 50
7 3798 92
7 3799 50
7 3800 92
7 3801 50
7 3802 50
7 3803 50
7 3804 92
7 3805 50
7 3806 92
7 3807 50
7 3808 50
7 3809 50
7 3810 50
7 3811 50
7 3812 50
7 3813 50
7 3814 50
7 3815 50
7 3816 515
7 3817 50
7 3818 515
7 3819 50
7 3820 50
7 3821 50
7 3822 516
7 3823 50
7 3824 515
7 3825 50
7 3826 50
7 3827 50
7 3828 516
7 3829 50
7 3830 515
7 3831 50
7 3832 50
7 3833 50
7 3834 50
7 3835 50
7 3836 50
7 3837 50
7 3838 50
7 3839 50
7 3840 92
7 3841 514
7 3842 92
7 3843 50
7 3844 514
7 3845 50
7 3846 92
7 3847 514
7 3848 92
7 3849 50
7 3850 516
7 3851 50
7 3852 92
7 3853 50
7 3854 92
7 3855 50
7 3856 50
7 3857 50
7 3858 516
7 3859 50
7 3860 516
7 3861 50
7 3862 50
7 3863 50
7 3864 92
7 3865 513
7 3866 92
7 3867 50
7 3868 514
7 3869 50
7 3870 92
7 3871 514
7 3872 92
7 3873 50
7 3874 514
7 3875 50
7 3876 92
7 3877 50
7 3878 92
7 3879 50
7 3880 50
7 3881 50
7 3882 515
7 3883 50
7 3884 515
7 3885 50
7 3886 50
7 3887 50
7 3888 92
7 3889 513
7 3890 92
7 3891 50
7 3892 515
7 3893 50
7 3894 92
7 3895 513
7 3896 92
7 3897 50
7 3898 514
7 3899 50
7 3900 92
7 3901 50
7 3902 92
7 3903 50
7 3904 50
7 3905 50
7 3906 514
7 3907 50
7 3908 514
7 3909 50
7 3910 50
7 3911 50
7 3912 92
7 3913 50
7 3914 92
7 3915 50
7 3916 50
7 3917 50
7 3918 92
7 3919 50
7 3920 92
7 3921 50
7 3922 50
7 3923 50
7 3924 92
7 3925 50
7 3926 92
7 3927 50
7 3928 50
7 3929 50
7 3930 50
7 3931 50
7 3932 50
7 3933 50
7 3934 50
7 3935 50
7 3936 515
7 3937 50
7 3938 516
7 3939 50
7 3940 50
7 3941 50
7 3942 515
7 3943 50
7 3944 516
7 3945 50
7 3946 50
7 3947 50
7 3948 515
7 3949 50
7 3950 515
7 3951 50
7 3952 50
7 3953 50
7 3954 50
7 3955 50
7 3956 50
7 3957 50
7 3958 50
7 3959 50
7 3960 92
7 3961 513
7 3962 92
7 3963 50
7 3964 515
7 3965 50
7 3966 92
7 3967 514
7 3968 92
7 3969 50
7 3970 516
7 3971 50
7 3972 92
7 3973 50
7 3974 92
7 3975 50
7 3976 50
7 3977 50
7 3978 515
7 3979 50
7 3980 515
7 3981 50
7 3982 50
7 3983 50
7 3984 92
7 3985 514
7 3986 92
7 3987 50
7 3988 515
7 3989 50
7 3990 92
7 3991 513
7 3992 92
7 3993 50
7 3994 514
7 3995 50
7 3996 92
7 3997 50
7 3998 92
7 3999 50
7 4000 50
7 4001 50
7 4002 516
7 4003 50
7 4004 516
7 4005 50
7 4006 50
7 4007 50
7 4008 92
7 4009 513
7 4010 92
7 4011 50
7 4012 515
7 4013 50
7 4014 92
7 4015 513
7 4016 92
7 4017 50
7 4018 514
7 4019 50
7 4020 92
7 4021 50
7 4022 92
7 4023 50
7 4024 50
7 4025 50
7 4026 514
7 4027 50
7 4028 514
7 4029 50
7 4030 50
7 4031 50
7 4032 92
7 4033 50
7 4034 92
7 4035 50
7 4036 50
7 4037 50
7 4038 92
7 4039 50
7 4040 92
7 4041 50
7 4042 50
7 4043 50
7 4044 92
7 4045 50
7 4046 92
7 4047 50
7 4048 50
7 4049 50
7 4050 50
7 4051 50
7 4052 50
7 4053 50
7 4054 50
7 4055 50
7 4056 514
7 4057 50
7 4058 514
7 4059 50
7 4060 50
7 4061 50
7 4062 514
7 4063 50
7 4064 514
7 4065 50
7 4066 50
7 4067 50
7 4068 514
7 4069 50
7 4070 514
7 4071 50
7 4072 50
7 4073 50
7 4074 50
7 4075 50
7 4076 50
7 4077 50
7 4078 50
7 4079 50
7 4080 92
7 4081 50
7 4082 92
7 4083 50
7 4084 50
7 4085 50
7 4086 92
7 4087 50
7 4088 92
7 4089 50
7 4090 50
7 4091 50
7 4092 92
7 4093 50
7 4094 92
7 4095 50
7 4096 50
7 4097 50
7 4098 50
7 4099 50
7 4100 50
7 4101 50
7 4102 50
7 4103 50
7 4104 92
7 4105 50
7 4106 92
7 4107 50
7 4108 50
7 4109 50
7 4110 92
7 4111 50
7 4112 92
7 4113 50
7 4114 50
7 4115 50
7 4116 92
7 4117 50
7 4118 92
7 4119 50
7 4120 50
7 4121 50
7 4122 50
7 4123 50
7 4124 50
7 4125 50
7 4126 50
7 4127 50
7 4128 92
7 4129 50
7 4130 92
7 4131 50
7 4132 50
7 4133 50
7 4134 92
7 4135 50
7 4136 92
7 4137 50
7 4138 50
7 4139 50
7 4140 92
7 4141 50
7 4142 92
7 4143 50
7 4144 50
7 4145 50
7 4146 50
7 4147 50
7 4148 50
7 4149 50
7 4150 50
7 4151 50
7 4152 92
7 4153 50
7 4154 92
7 4155 50
7 4156 50
7 4157 50
7 4158 92
7 4159 50
7 4160 92
7 4161 50
7 4162 50
7 4163 50
7 4164 92
7 4165 50
7 4166 91
7 4167 50
7 4168 50
7 4169 50
7 4170 50
7 4171 50
7 4172 50
7 4173 50
7 4174 50
7 4175 50
7 4176 50
7 4177 50
7 4178 50
7 4179 50
7 4180 50
7 4181 50
7 4182 50
7 4183 50
7 4184 50
7 4185 50
7 4186 50
7 4187 50
7 4188 50
7 4189 50
7 4190 50
7 4191 50
7 4192 50
7 4193 50
7 4194 50
7 4195 50
7 4196 50
7 4197 50
7 4198 50
7 4199 50
7 4200 512
7 4201 50
7 4202 513
7 4203 50
7 4204 50
7 4205 50
7 4206 513
7 4207 50
7 4208 514
7 4209 50
7 4210 50
7 4211 50
7 4212 514
7 4213 50
7 4214 513
7 4215 50
7 4216 50
7 4217 50
7 4218 50
7 4219 50
7 4220 50
7 4221 50
7 4222 50
7 4223 50
7 4224 513
7 4225 50
7 4226 513
7 4227 50
7 4228 50
7 4229 50
7 4230 514
7 4231 50
7 4232 513
7 4233 50
7 4234 50
7 4235 50
7 4236 514
7 4237 50
7 4238 514
7 4239 50
7 4240 50
7 4241 50
7 4242 50
7 4243 50
7 4244 50
7 4245 50
7 4246 50
7 4247 50
7 4248 514
7 4249 50
7 4250 514
7 4251 50
7 4252 50
7 4253 50
7 4254 513
7 4255 50
7 4256 514
7 4257 50
7 4258 50
7 4259 50
7 4260 513
7 4261 50
7 4262 513
7 4263 50
7 4264 50
7 4265 50
7 4266 50
7 4267 50
7 4268 50
7 4269 50
7 4270 50
7 4271 50
7 4272 513
7 4273 50
7 4274 514
7 4275 50
7 4276 50
7 4277 50
7 4278 514
7 4279 50
7 4280 513
7 4281 50
7 4282 50
7 4283 50
7 4284 513
7 4285 50
7 4286 513
7 4287 50
7 4288 50
7 4289 50
7 4290 50
7 4291 50
7 4292 50
7 4293 50
7 4294 50
7 4295 50
7 4296 50
7 4297 50
7 4298 50
7 4299 50
7 4300 50
7 4301 50
7 4302 50
7 4303 50
7 4304 50
7 4305 50
7 4306 50
7 4307 50
7 4308 50
7 4309 50
7 4310 50
7 4311 50
7 4312 50
7 4313 50
7 4314 50
7 4315 50
7 4316 50
7 4317 50
7 4318 50
7 4319 50
7 4320 436
7 4321 512
7 4322 436
7 4323 50
7 4324 513
7 4325 50
7 4326 436
7 4327 512
7 4328 436
7 4329 50
7 4330 514
7 4331 50
7 4332 436
7 4333 50
7 4334 436
7 4335 50
7 4336 50
7 4337 50
7 4338 513
7 4339 50
7 4340 514
7 4341 50
7 4342 50
7 4343 50
7 4344 436
7 4345 512
7 4346 436
7 4347 50
7 4348 513
7 4349 50
7 4350 436
7 4351 513
7 4352 436
7 4353 50
7 4354 515
7 4355 50
7 4356 436
7 4357 50
7 4358 436
7 4359 50
7 4360 50
7 4361 50
7 4362 516
7 4363 50
7 4364 516
7 4365 50
7 4366 50
7 4367 50
7 4368 436
7 4369 513
7 4370 436
7 4371 50
7 4372 515
7 4373 50
7 4374 436
7 4375 512
7 4376 436
7 4377 50
7 4378 515
7 4379 50
7 4380 436
7 4381 50
7 4382 436
7 4383 50
7 4384 50
7 4385 50
7 4386 514
7 4387 50
7 4388 515
7 4389 50
7 4390 50
7 4391 50
7 4392 436
7 4393 50
7 4394 436
7 4395 50
7 4396 50
7 4397 50
7 4398 436
7 4399 50
7 4400 436
7 4401 50
7 4402 50
7 4403 50
7 4404 436
7 4405 50
7 4406 436
7 4407 50
7 4408 50
7 4409 50
7 4410 50
7 4411 50
7 4412 50
7 4413 50
7 4414 50
7 4415 50
7 4416 513
7 4417 50
7 4418 514
7 4419 50
7 4420 50
7 4421 50
7 4422 514
7 4423 50
7 4424 514
7 4425 50
7 4426 50
7 4427 50
7 4428 514
7 4429 50
7 4430 514
7 4431 50
7 4432 50
7 4433 50
7 4434 50
7 4435 50
7 4436 50
7 4437 50
7 4438 50
7 4439 50
7 4440 436
7 4441 512
7 4442 436
7 4443 50
7 4444 513
7 4445 50
7 4446 436
7 4447 512
7 4448 436
7 4449 50
7 4450 514
7 4451 50
7 4452 436
7 4453 50
7 4454 436
7 4455 50
7 4456 50
7 4457 50
7 4458 513
7 4459 50
7 4460 514
7 4461 50
7 4462 50
7 4463 50
7 4464 436
7 4465 513
7 4466 436
7 4467 50
7 4468 513
7 4469 50
7 4470 436
7 4471 512
7 4472 436
7 4473 50
7 4474 514
7 4475 50
7 4476 436
7 4477 50
7 4478 436
7 4479 50
7 4480 50
7 4481 50
7 4482 515
7 4483 50
7 4484 515
7 4485 50
7 4486 50
7 4487 50
7 4488 436
7 4489 513
7 4490 436
7 4491 50
7 4492 515
7 4493 50
7 4494 436
7 4495 513
7 4496 436
7 4497 50
7 4498 514
7 4499 50
7 4500 436
7 4501 50
7 4502 436
7 4503 50
7 4504 50
7 4505 50
7 4506 515
7 4507 50
7 4508 516
7 4509 50
7 4510 50
7 4511 50
7 4512 436
7 4513 50
7 4514 436
7 4515 50
7 4516 50
7 4517 50
7 4518 436
7 4519 50
7 4520 436
7 4521 50
7 4522 50
7 4523 50
7 4524 436
7 4525 50
7 4526 436
7 4527 50
7 4528 50
7 4529 50
7 4530 50
7 4531 50
7 4532 50
7 4533 50
7 4534 50
7 4535 50
7 4536 515
7 4537 50
7 4538 515
7 4539 50
7 4540 50
7 4541 50
7 4542 516
7 4543 50
7 4544 515
7 4545 50
7 4546 50
7 4547 50
7 4548 516
7 4549 50
7 4550 515
7 4551 50
7 4552 50
7 4553 50
7 4554 50
7 4555 50
7 4556 50
7 4557 50
7 4558 50
7 4559 50
7 4560 436
7 4561 513
7 4562 436
7 4563 50
7 4564 513
7 4565 50
7 4566 436
7 4567 513
7 4568 436
7 4569 50
7 4570 516
7 4571 50
7 4572 436
7 4573 50
7 4574 436
7 4575 50
7 4576 50
7 4577 50
7 4578 516
7 4579 50
7 4580 516
7 4581 50
7 4582 50
7 4583 50
7 4584 436
7 4585 512
7 4586 436
7 4587 50
7 4588 513
7 4589 50
7 4590 436
7 4591 513
7 4592 436
7 4593 50
7 4594 514
7 4595 50
7 4596 436
7 4597 50
7 4598 436
7 4599 50
7 4600 50
7 4601 50
7 4602 515
7 4603 50
7 4604 515
7 4605 50
7 4606 50
7 4607 50
7 4608 436
7 4609 512
7 4610 436
7 4611 50
7 4612 515
7 4613 50
7 4614 436
7 4615 512
7 4616 436
7 4617 50
7 4618 514
7 4619 50
7 4620 436
7 4621 50
7 4622 436
7 4623 50
7 4624 50
7 4625 50
7 4626 514
7 4627 50
7 4628 514
7 4629 50
7 4630 50
7 4631 50
7 4632 436
7 4633 50
7 4634 436
7 4635 50
7 4636 50
7 4637 50
7 4638 436
7 4639 50
7 4640 436
7 4641 50
7 4642 50
7 4643 50
7 4644 436
7 4645 50
7 4646 436
7 4647 50
7 4648 50
7 4649 50
7 4650 50
7 4651 50
7 4652 50
7 4653 50
7 4654 50
7 4655 50
7 4656 515
7 4657 50
7 4658 516
7 4659 50
7 4660 50
7 4661 50
7 4662 515
7 4663 50
7 4664 516
7 4665 50
7 4666 50
7 4667 50
7 4668 515
7 4669 50
7 4670 515
7 4671 50
7 4672 50
7 4673 50
7 4674 50
7 4675 50
7 4676 50
7 4677 50
7 4678 50
7 4679 50
7 4680 436
7 4681 512
7 4682 436
7 4683 50
7 4684 515
7 4685 50
7 4686 436
7 4687 513
7 4688 436
7 4689 50
7 4690 516
7 4691 50
7 4692 436
7 4693 50
7 4694 436
7 4695 50
7 4696 50
7 4697 50
7 4698 514
7 4699 50
7 4700 515
7 4701 50
7 4702 50
7 4703 50
7 4704 436
7 4705 513
7 4706 436
7 4707 50
7 4708 515
7 4709 50
7 4710 436
7 4711 512
7 4712 436
7 4713 50
7 4714 514
7 4715 50
7 4716 436
7 4717 50
7 4718 436
7 4719 50
7 4720 50
7 4721 50
7 4722 516
7 4723 50
7 4724 516
7 4725 50
7 4726 50
7 4727 50
7 4728 436
7 4729 512
7 4730 436
7 4731 50
7 4732 515
7 4733 50
7 4734 436
7 4735 512
7 4736 436
7 4737 50
7 4738 514
7 4739 50
7 4740 436
7 4741 50
7 4742 436
7 4743 50
7 4744 50
7 4745 50
7 4746 514
7 4747 50
7 4748 514
7 4749 50
7 4750 50
7 4751 50
7 4752 436
7 4753 50
7 4754 436
7 4755 50
7 4756 50
7 4757 50
7 4758 436
7 4759 50
7 4760 436
7 4761 50
7 4762 50
7 4763 50
7 4764 436
7 4765 50
7 4766 436
7 4767 50
7 4768 50
7 4769 50
7 4770 50
7 4771 50
7 4772 50
7 4773 50
7 4774 50
7 4775 50
7 4776 513
7 4777 50
7 4778 514
7 4779 50
7 4780 50
7 4781 50
7 4782 514
7 4783 50
7 4784 514
7 4785 50
7 4786 50
7 4787 50
7 4788 514
7 4789 50
7 4790 514
7 4791 50
7 4792 50
7 4793 50
7 4794 50
7 4795 50
7 4796 50
7 4797 50
7 4798 50
7 4799 50
7 4800 436
7 4801 50
7 4802 436
7 4803 50
7 4804 50
7 4805 50
7 4806 436
7 4807 50
7 4808 436
7 4809 50
7 4810 50
7 4811 50
7 4812 436
7 4813 50
7 4814 436
7 4815 50
7 4816 50
7 4817 50
7 4818 50
7 4819 50
7 4820 50
7 4821 50
7 4822 50
7 4823 50
7 4824 436
7 4825 50
7 4826 436
7 4827 50
7 4828 50
7 4829 50
7 4830 436
7 4831 50
7 4832 436
7 4833 50
7 4834 50
7 4835 50
7 4836 436
7 4837 50
7 4838 436
7 4839 50
7 4840 50
7 4841 50
7 4842 50
7 4843 50
7 4844 50
7 4845 50
7 4846 50
7 4847 50
7 4848 436
7 4849 50
7 4850 436
7 4851 50
7 4852 50
7 4853 50
7 4854 436
7 4855 50
7 4856 436
7 4857 50
7 4858 50
7 4859 50
7 4860 436
7 4861 50
7 4862 436
7 4863 50
7 4864 50
7 4865 50
7 4866 50
7 4867 50
7 4868 50
7 4869 50
7 4870 50
7 4871 50
7 4872 436
7 4873 50
7 4874 436
7 4875 50
7 4876 50
7 4877 50
7 4878 436
7 4879 50
7 4880 436
7 4881 50
7 4882 50
7 4883 50
7 4884 436
7 4885 50
7 4886 436
7 4887 50
7 4888 50
7 4889 50
7 4890 50
7 4891 50
7 4892 50
7 4893 50
7 4894 50
7 4895 50
7 4896 50
7 4897 50
7 4898 50
7 4899 50
7 4900 50
7 4901 50
7 4902 50
7 4903 50
7 4904 50
7 4905 50
7 4906 50
7 4907 50
7 4908 50
7 4909 50
7 4910 50
7 4911 50
7 4912 50
7 4913 50
7 4914 50
7 4915 50
7 4916 50
7 4917 50
7 4918 50
7 4919 50
7 4920 512
7 4921 50
7 4922 513
7 4923 50
7 4924 50
7 4925 50
7 4926 513
7 4927 50
7 4928 514
7 4929 50
7 4930 50
7 4931 50
7 4932 514
7 4933 50
7 4934 513
7 4935 50
7 4936 50
7 4937 50
7 4938 50
7 4939 50
7 4940 50
7 4941 50
7 4942 50
7 4943 50
7 4944 513
7 4945 50
7 4946 513
7 4947 50
7 4948 50
7 4949 50
7 4950 514
7 4951 50
7 4952 513
7 4953 50
7 4954 50
7 4955 50
7 4956 514
7 4957 50
7 4958 514
7 4959 50
7 4960 50
7 4961 50
7 4962 50
7 4963 50
7 4964 50
7 4965 50
7 4966 50
7 4967 50
7 4968 514
7 4969 50
7 4970 514
7 4971 50
7 4972 50
7 4973 50
7 4974 513
7 4975 50
7 4976 514
7 4977 50
7 4978 50
7 4979 50
7 4980 513
7 4981 50
7 4982 513
7 4983 50
7 4984 50
7 4985 50
7 4986 50
7 4987 50
7 4988 50
7 4989 50
7 4990 50
7 4991 50
7 4992 513
7 4993 50
7 4994 514
7 4995 50
7 4996 50
7 4997 50
7 4998 514
7 4999 50
7 5000 513
7 5001 50
7 5002 50
7 5003 50
7 5004 513
7 5005 50
7 5006 513
7 5007 50
7 5008 50
7 5009 50
7 5010 50
7 5011 50
7 5012 50
7 5013 50
7 5014 50
7 5015 50
7 5016 50
7 5017 50
7 5018 50
7 5019 50
7 5020 50
7 5021 50
7 5022 50
7 5023 50
7 5024 50
7 5025 50
7 5026 50
7 5027 50
7 5028 50
7 5029 50
7 5030 50
7 5031 50
7 5032 50
7 5033 50
7 5034 50
7 5035 50
7 5036 50
7 5037 50
7 5038 50
7 5039 50
