3 0 40320
3 1 40320
3 2 39748
3 3 40210
3 4 40110
3 5 40210
4 0 39748
4 1 40110
4 2 39748
4 3 40210
4 4 40110
4 5 40210
4 6 25726
4 7 31723
4 8 26419
4 9 31093
4 10 31744
4 11 31653
4 12 26419
4 13 34971
4 14 25726
4 15 31653
4 16 34512
4 17 31093
4 18 31723
4 19 34971
4 20 31744
4 21 30958
4 22 34512
4 23 31093
5 0 25726
5 1 31723
5 2 25701
5 3 34971
5 4 31744
5 5 34512
5 6 25726
5 7 31723
5 8 26419
5 9 31093
5 10 31744
5 11 31653
5 12 26419
5 13 34971
5 14 25726
5 15 31653
5 16 34512
5 17 31093
5 18 31723
5 19 34971
5 20 31744
5 21 30958
5 22 34512
5 23 31093
5 24 6996
5 25 9161
5 26 6995
5 27 16230
5 28 9176
5 29 15924
5 30 7034
5 31 9443
5 32 7037
5 33 9560
5 34 9447
5 35 9889
5 36 7066
5 37 16466
5 38 7068
5 39 9868
5 40 16199
5 41 9900
5 42 9240
5 43 16211
5 44 9461
5 45 9903
5 46 16180
5 47 9915
5 48 7034
5 49 9443
5 50 7066
5 51 16574
5 52 9470
5 53 16515
5 54 6996
5 55 9161
5 56 7068
5 57 9885
5 58 9210
5 59 9901
5 60 7036
5 61 16437
5 62 7035
5 63 9906
5 64 16302
5 65 9560
5 66 9418
5 67 16559
5 68 9363
5 69 9871
5 70 16408
5 71 9656
5 72 7037
5 73 16434
5 74 7068
5 75 16601
5 76 16229
5 77 16497
5 78 7068
5 79 16236
5 80 7033
5 81 9909
5 82 16199
5 83 9877
5 84 7035
5 85 16526
5 86 6996
5 87 9921
5 88 16408
5 89 9656
5 90 15924
5 91 16359
5 92 15924
5 93 9546
5 94 16302
5 95 9560
5 96 9161
5 97 16226
5 98 9217
5 99 16405
5 100 16192
5 101 16383
5 102 9216
5 103 16238
5 104 9413
5 105 9539
5 106 16164
5 107 9838
5 108 9417
5 109 16404
5 110 9176
5 111 9836
5 112 16286
5 113 9557
5 114 15924
5 115 16359
5 116 15924
5 117 9546
5 118 16302
5 119 9560
6 0 6996
6 1 9161
6 2 6995
6 3 16230
6 4 9176
6 5 15924
6 6 6995
6 7 9160
6 8 7064
6 9 16361
6 10 9207
6 11 16464
6 12 7064
6 13 16199
6 14 6995
6 15 16466
6 16 15956
6 17 16363
6 18 9197
6 19 16199
6 20 9208
6 21 16344
6 22 15956
6 23 16302
6 24 6996
6 25 9161
6 26 6995
6 27 16230
6 28 9176
6 29 15924
6 30 7034
6 31 9443
6 32 7037
6 33 9560
6 34 9447
6 35 9889
6 36 7066
6 37 16466
6 38 7068
6 39 9868
6 40 16199
6 41 9900
6 42 9240
6 43 16211
6 44 9461
6 45 9903
6 46 16180
6 47 9915
6 48 7034
6 49 9443
6 50 7066
6 51 16574
6 52 9470
6 53 16515
6 54 6996
6 55 9161
6 56 7068
6 57 9885
6 58 9210
6 59 9901
6 60 7036
6 61 16437
6 62 7035
6 63 9906
6 64 16302
6 65 9560
6 66 9418
6 67 16559
6 68 9363
6 69 9871
6 70 16408
6 71 9656
6 72 7037
6 73 16434
6 74 7068
6 75 16601
6 76 16229
6 77 16497
6 78 7068
6 79 16236
6 80 7033
6 81 9909
6 82 16199
6 83 9877
6 84 7035
6 85 16526
6 86 6996
6 87 9921
6 88 16408
6 89 9656
6 90 15924
6 91 16359
6 92 15924
6 93 9546
6 94 16302
6 95 9560
6 96 9161
6 97 16226
6 98 9217
6 99 16405
6 100 16192
6 101 16383
6 102 9216
6 103 16238
6 104 9413
6 105 9539
6 106 16164
6 107 9838
6 108 9417
6 109 16404
6 110 9176
6 111 9836
6 112 16286
6 113 9557
6 114 15924
6 115 16359
6 116 15924
6 117 9546
6 118 16302
6 119 9560
6 120 891
6 121 891
6 122 891
6 123 2198
6 124 892
6 125 2174
6 126 891
6 127 891
6 128 893
6 129 4407
6 130 893
6 131 4407
6 132 893
6 133 2197
6 134 891
6 135 4407
6 136 2175
6 137 4407
6 138 892
6 139 2197
6 140 893
6 141 4407
6 142 2175
6 143 4389
6 144 892
6 145 892
6 146 892
6 147 2208
6 148 892
6 149 2204
6 150 892
6 151 892
6 152 892
6 153 1082
6 154 894
6 155 1102
6 156 895
6 157 2231
6 158 893
6 159 1102
6 160 2207
6 161 1103
6 162 894
6 163 2228
6 164 895
6 165 1103
6 166 2207
6 167 1102
6 168 893
6 169 893
6 170 895
6 171 4423
6 172 895
6 173 4422
6 174 893
6 175 893
6 176 893
6 177 1100
6 178 894
6 179 1100
6 180 894
6 181 4423
6 182 894
6 183 1102
6 184 4405
6 185 1099
6 186 895
6 187 4438
6 188 896
6 189 1102
6 190 4406
6 191 1102
6 192 895
6 193 2222
6 194 894
6 195 4440
6 196 2202
6 197 4440
6 198 896
6 199 2228
6 200 894
6 201 1104
6 202 2226
6 203 1104
6 204 895
6 205 4424
6 206 893
6 207 1102
6 208 4406
6 209 1102
6 210 2178
6 211 4422
6 212 2206
6 213 1101
6 214 4406
6 215 1101
6 216 894
6 217 2201
6 218 894
6 219 4424
6 220 2199
6 221 4406
6 222 895
6 223 2230
6 224 895
6 225 1101
6 226 2226
6 227 1104
6 228 896
6 229 4440
6 230 895
6 231 1104
6 232 4406
6 233 1101
6 234 2180
6 235 4419
6 236 2204
6 237 1101
6 238 4403
6 239 1100
6 240 892
6 241 892
6 242 892
6 243 2208
6 244 892
6 245 2204
6 246 893
6 247 893
6 248 895
6 249 2875
6 250 896
6 251 2877
6 252 895
6 253 2229
6 254 894
6 255 2877
6 256 2206
6 257 2876
6 258 895
6 259 2229
6 260 896
6 261 2876
6 262 2206
6 263 2875
6 264 891
6 265 891
6 266 891
6 267 2198
6 268 892
6 269 2174
6 270 893
6 271 893
6 272 893
6 273 1099
6 274 894
6 275 1102
6 276 894
6 277 2224
6 278 893
6 279 1100
6 280 2203
6 281 1103
6 282 894
6 283 2199
6 284 895
6 285 1103
6 286 2203
6 287 1102
6 288 892
6 289 892
6 290 894
6 291 2874
6 292 895
6 293 2874
6 294 892
6 295 892
6 296 894
6 297 1102
6 298 894
6 299 1103
6 300 892
6 301 2848
6 302 892
6 303 1101
6 304 2847
6 305 1082
6 306 894
6 307 2873
6 308 894
6 309 1105
6 310 2870
6 311 1085
6 312 894
6 313 2227
6 314 895
6 315 2876
6 316 2228
6 317 2877
6 318 895
6 319 2226
6 320 894
6 321 1102
6 322 2223
6 323 1103
6 324 893
6 325 2874
6 326 893
6 327 1104
6 328 2872
6 329 1085
6 330 2203
6 331 2875
6 332 2204
6 333 1101
6 334 2874
6 335 1086
6 336 894
6 337 2228
6 338 896
6 339 2876
6 340 2229
6 341 2876
6 342 894
6 343 2226
6 344 896
6 345 1103
6 346 2199
6 347 1104
6 348 895
6 349 2872
6 350 895
6 351 1106
6 352 2872
6 353 1086
6 354 2205
6 355 2876
6 356 2204
6 357 1103
6 358 2874
6 359 1085
6 360 892
6 361 892
6 362 895
6 363 4426
6 364 895
6 365 4421
6 366 893
6 367 893
6 368 896
6 369 2874
6 370 896
6 371 2877
6 372 894
6 373 4440
6 374 895
6 375 2873
6 376 4408
6 377 2851
6 378 894
6 379 4440
6 380 895
6 381 2872
6 382 4408
6 383 2851
6 384 893
6 385 893
6 386 894
6 387 4426
6 388 895
6 389 4408
6 390 892
6 391 892
6 392 894
6 393 1102
6 394 894
6 395 1103
6 396 895
6 397 4440
6 398 894
6 399 1104
6 400 4422
6 401 1103
6 402 896
6 403 4424
6 404 896
6 405 1104
6 406 4419
6 407 1102
6 408 892
6 409 892
6 410 895
6 411 2876
6 412 895
6 413 2875
6 414 891
6 415 891
6 416 893
6 417 1102
6 418 893
6 419 1102
6 420 893
6 421 2872
6 422 893
6 423 1104
6 424 2873
6 425 1085
6 426 894
6 427 2874
6 428 894
6 429 1104
6 430 2873
6 431 1085
6 432 892
6 433 4426
6 434 893
6 435 2873
6 436 4408
6 437 2848
6 438 893
6 439 4426
6 440 892
6 441 1103
6 442 4422
6 443 1102
6 444 892
6 445 2873
6 446 892
6 447 1103
6 448 2872
6 449 1086
6 450 4389
6 451 2847
6 452 4389
6 453 1082
6 454 2847
6 455 1082
6 456 893
6 457 4443
6 458 894
6 459 2872
6 460 4424
6 461 2852
6 462 894
6 463 4443
6 464 894
6 465 1104
6 466 4422
6 467 1103
6 468 894
6 469 2872
6 470 894
6 471 1105
6 472 2871
6 473 1086
6 474 4389
6 475 2850
6 476 4389
6 477 1083
6 478 2850
6 479 1083
6 480 892
6 481 2222
6 482 893
6 483 4446
6 484 2203
6 485 4446
6 486 893
6 487 2224
6 488 894
6 489 2871
6 490 2224
6 491 2874
6 492 894
6 493 4441
6 494 893
6 495 2875
6 496 4424
6 497 2852
6 498 2199
6 499 4426
6 500 2201
6 501 2847
6 502 4424
6 503 2849
6 504 893
6 505 2222
6 506 893
6 507 4446
6 508 2200
6 509 4446
6 510 894
6 511 2227
6 512 892
6 513 1103
6 514 2228
6 515 1105
6 516 894
6 517 4441
6 518 894
6 519 1104
6 520 4438
6 521 1104
6 522 2201
6 523 4440
6 524 2227
6 525 1102
6 526 4438
6 527 1103
6 528 894
6 529 2227
6 530 894
6 531 2876
6 532 2228
6 533 2874
6 534 893
6 535 2197
6 536 894
6 537 1103
6 538 2198
6 539 1104
6 540 892
6 541 2871
6 542 892
6 543 1103
6 544 2871
6 545 1086
6 546 2226
6 547 2874
6 548 2222
6 549 1103
6 550 2870
6 551 1086
6 552 892
6 553 4426
6 554 893
6 555 2874
6 556 4408
6 557 2851
6 558 893
6 559 4426
6 560 892
6 561 1103
6 562 4422
6 563 1103
6 564 892
6 565 2872
6 566 891
6 567 1102
6 568 2872
6 569 1085
6 570 4389
6 571 2850
6 572 4389
6 573 1083
6 574 2850
6 575 1083
6 576 2174
6 577 4408
6 578 2176
6 579 2846
6 580 4405
6 581 2848
6 582 2176
6 583 4408
6 584 2202
6 585 1082
6 586 4405
6 587 1099
6 588 2202
6 589 2846
6 590 2174
6 591 1099
6 592 2846
6 593 1082
6 594 4389
6 595 2847
6 596 4389
6 597 1082
6 598 2847
6 599 1082
6 600 891
6 601 2196
6 602 892
6 603 4426
6 604 2198
6 605 4408
6 606 892
6 607 2198
6 608 894
6 609 2846
6 610 2199
6 611 2870
6 612 894
6 613 4424
6 614 892
6 615 2870
6 616 4406
6 617 2848
6 618 2199
6 619 4422
6 620 2199
6 621 2847
6 622 4406
6 623 2848
6 624 892
6 625 2198
6 626 892
6 627 4426
6 628 2198
6 629 4408
6 630 893
6 631 2227
6 632 893
6 633 1082
6 634 2225
6 635 1103
6 636 894
6 637 4440
6 638 894
6 639 1100
6 640 4421
6 641 1100
6 642 2200
6 643 4422
6 644 2227
6 645 1102
6 646 4419
6 647 1101
6 648 893
6 649 2227
6 650 894
6 651 2873
6 652 2228
6 653 2873
6 654 892
6 655 2197
6 656 894
6 657 1100
6 658 2199
6 659 1101
6 660 893
6 661 2848
6 662 893
6 663 1102
6 664 2846
6 665 1082
6 666 2224
6 667 2872
6 668 2221
6 669 1101
6 670 2870
6 671 1086
6 672 893
6 673 4441
6 674 894
6 675 2871
6 676 4423
6 677 2849
6 678 894
6 679 4428
6 680 893
6 681 1103
6 682 4422
6 683 1102
6 684 893
6 685 2870
6 686 892
6 687 1103
6 688 2870
6 689 1086
6 690 4389
6 691 2847
6 692 4389
6 693 1082
6 694 2847
6 695 1082
6 696 2174
6 697 4408
6 698 2176
6 699 2846
6 700 4405
6 701 2848
6 702 2176
6 703 4408
6 704 2202
6 705 1082
6 706 4405
6 707 1099
6 708 2202
6 709 2846
6 710 2174
6 711 1099
6 712 2846
6 713 1082
6 714 4389
6 715 2847
6 716 4389
6 717 1082
6 718 2847
6 719 1082
7 0 891
7 1 891
7 2 891
7 3 2198
7 4 892
7 5 2174
7 6 891
7 7 891
7 8 893
7 9 4407
7 10 893
7 11 4407
7 12 893
7 13 2197
7 14 891
7 15 4407
7 16 2175
7 17 4407
7 18 892
7 19 2197
7 20 893
7 21 4407
7 22 2175
7 23 4389
7 24 891
7 25 891
7 26 891
7 27 2198
7 28 892
7 29 2174
7 30 893
7 31 893
7 32 893
7 33 2847
7 34 895
7 35 2870
7 36 894
7 37 2222
7 38 894
7 39 2872
7 40 2200
7 41 2874
7 42 895
7 43 2199
7 44 896
7 45 2872
7 46 2201
7 47 2874
7 48 893
7 49 893
7 50 894
7 51 4423
7 52 895
7 53 4406
7 54 891
7 55 891
7 56 894
7 57 2873
7 58 894
7 59 2873
7 60 893
7 61 4424
7 62 893
7 63 2872
7 64 4392
7 65 2847
7 66 894
7 67 4422
7 68 895
7 69 2871
7 70 4392
7 71 2850
7 72 893
7 73 2221
7 74 894
7 75 4440
7 76 2199
7 77 4440
7 78 894
7 79 2198
7 80 893
7 81 2871
7 82 2198
7 83 2870
7 84 893
7 85 4423
7 86 891
7 87 2872
7 88 4392
7 89 2850
7 90 2175
7 91 4408
7 92 2175
7 93 2846
7 94 4392
7 95 2847
7 96 892
7 97 2197
7 98 893
7 99 4424
7 100 2199
7 101 4406
7 102 893
7 103 2198
7 104 894
7 105 2846
7 106 2197
7 107 2870
7 108 894
7 109 4422
7 110 893
7 111 2870
7 112 4390
7 113 2847
7 114 2175
7 115 4407
7 116 2175
7 117 2846
7 118 4390
7 119 2847
7 120 891
7 121 891
7 122 891
7 123 2198
7 124 892
7 125 2174
7 126 891
7 127 891
7 128 893
7 129 4407
7 130 893
7 131 4407
7 132 893
7 133 2197
7 134 891
7 135 4407
7 136 2175
7 137 4407
7 138 892
7 139 2197
7 140 893
7 141 4407
7 142 2175
7 143 4389
7 144 892
7 145 892
7 146 892
7 147 2208
7 148 892
7 149 2204
7 150 892
7 151 892
7 152 892
7 153 1082
7 154 894
7 155 1102
7 156 895
7 157 2231
7 158 893
7 159 1102
7 160 2207
7 161 1103
7 162 894
7 163 2228
7 164 895
7 165 1103
7 166 2207
7 167 1102
7 168 893
7 169 893
7 170 895
7 171 4423
7 172 895
7 173 4422
7 174 893
7 175 893
7 176 893
7 177 1100
7 178 894
7 179 1100
7 180 894
7 181 4423
7 182 894
7 183 1102
7 184 4405
7 185 1099
7 186 895
7 187 4438
7 188 896
7 189 1102
7 190 4406
7 191 1102
7 192 895
7 193 2222
7 194 894
7 195 4440
7 196 2202
7 197 4440
7 198 896
7 199 2228
7 200 894
7 201 1104
7 202 2226
7 203 1104
7 204 895
7 205 4424
7 206 893
7 207 1102
7 208 4406
7 209 1102
7 210 2178
7 211 4422
7 212 2206
7 213 1101
7 214 4406
7 215 1101
7 216 894
7 217 2201
7 218 894
7 219 4424
7 220 2199
7 221 4406
7 222 895
7 223 2230
7 224 895
7 225 1101
7 226 2226
7 227 1104
7 228 896
7 229 4440
7 230 895
7 231 1104
7 232 4406
7 233 1101
7 234 2180
7 235 4419
7 236 2204
7 237 1101
7 238 4403
7 239 1100
7 240 892
7 241 892
7 242 892
7 243 2208
7 244 892
7 245 2204
7 246 893
7 247 893
7 248 895
7 249 2875
7 250 896
7 251 2877
7 252 895
7 253 2229
7 254 894
7 255 2877
7 256 2206
7 257 2876
7 258 895
7 259 2229
7 260 896
7 261 2876
7 262 2206
7 263 2875
7 264 891
7 265 891
7 266 891
7 267 2198
7 268 892
7 269 2174
7 270 893
7 271 893
7 272 893
7 273 1099
7 274 894
7 275 1102
7 276 894
7 277 2224
7 278 893
7 279 1100
7 280 2203
7 281 1103
7 282 894
7 283 2199
7 284 895
7 285 1103
7 286 2203
7 287 1102
7 288 892
7 289 892
7 290 894
7 291 2874
7 292 895
7 293 2874
7 294 892
7 295 892
7 296 894
7 297 1102
7 298 894
7 299 1103
7 300 892
7 301 2848
7 302 892
7 303 1101
7 304 2847
7 305 1082
7 306 894
7 307 2873
7 308 894
7 309 1105
7 310 2870
7 311 1085
7 312 894
7 313 2227
7 314 895
7 315 2876
7 316 2228
7 317 2877
7 318 895
7 319 2226
7 320 894
7 321 1102
7 322 2223
7 323 1103
7 324 893
7 325 2874
7 326 893
7 327 1104
7 328 2872
7 329 1085
7 330 2203
7 331 2875
7 332 2204
7 333 1101
7 334 2874
7 335 1086
7 336 894
7 337 2228
7 338 896
7 339 2876
7 340 2229
7 341 2876
7 342 894
7 343 2226
7 344 896
7 345 1103
7 346 2199
7 347 1104
7 348 895
7 349 2872
7 350 895
7 351 1106
7 352 2872
7 353 1086
7 354 2205
7 355 2876
7 356 2204
7 357 1103
7 358 2874
7 359 1085
7 360 892
7 361 892
7 362 895
7 363 4426
7 364 895
7 365 4421
7 366 893
7 367 893
7 368 896
7 369 2874
7 370 896
7 371 2877
7 372 894
7 373 4440
7 374 895
7 375 2873
7 376 4408
7 377 2851
7 378 894
7 379 4440
7 380 895
7 381 2872
7 382 4408
7 383 2851
7 384 893
7 385 893
7 386 894
7 387 4426
7 388 895
7 389 4408
7 390 892
7 391 892
7 392 894
7 393 1102
7 394 894
7 395 1103
7 396 895
7 397 4440
7 398 894
7 399 1104
7 400 4422
7 401 1103
7 402 896
7 403 4424
7 404 896
7 405 1104
7 406 4419
7 407 1102
7 408 892
7 409 892
7 410 895
7 411 2876
7 412 895
7 413 2875
7 414 891
7 415 891
7 416 893
7 417 1102
7 418 893
7 419 1102
7 420 893
7 421 2872
7 422 893
7 423 1104
7 424 2873
7 425 1085
7 426 894
7 427 2874
7 428 894
7 429 1104
7 430 2873
7 431 1085
7 432 892
7 433 4426
7 434 893
7 435 2873
7 436 4408
7 437 2848
7 438 893
7 439 4426
7 440 892
7 441 1103
7 442 4422
7 443 1102
7 444 892
7 445 2873
7 446 892
7 447 1103
7 448 2872
7 449 1086
7 450 4389
7 451 2847
7 452 4389
7 453 1082
7 454 2847
7 455 1082
7 456 893
7 457 4443
7 458 894
7 459 2872
7 460 4424
7 461 2852
7 462 894
7 463 4443
7 464 894
7 465 1104
7 466 4422
7 467 1103
7 468 894
7 469 2872
7 470 894
7 471 1105
7 472 2871
7 473 1086
7 474 4389
7 475 2850
7 476 4389
7 477 1083
7 478 2850
7 479 1083
7 480 892
7 481 2222
7 482 893
7 483 4446
7 484 2203
7 485 4446
7 486 893
7 487 2224
7 488 894
7 489 2871
7 490 2224
7 491 2874
7 492 894
7 493 4441
7 494 893
7 495 2875
7 496 4424
7 497 2852
7 498 2199
7 499 4426
7 500 2201
7 501 2847
7 502 4424
7 503 2849
7 504 893
7 505 2222
7 506 893
7 507 4446
7 508 2200
7 509 4446
7 510 894
7 511 2227
7 512 892
7 513 1103
7 514 2228
7 515 1105
7 516 894
7 517 4441
7 518 894
7 519 1104
7 520 4438
7 521 1104
7 522 2201
7 523 4440
7 524 2227
7 525 1102
7 526 4438
7 527 1103
7 528 894
7 529 2227
7 530 894
7 531 2876
7 532 2228
7 533 2874
7 534 893
7 535 2197
7 536 894
7 537 1103
7 538 2198
7 539 1104
7 540 892
7 541 2871
7 542 892
7 543 1103
7 544 2871
7 545 1086
7 546 2226
7 547 2874
7 548 2222
7 549 1103
7 550 2870
7 551 1086
7 552 892
7 553 4426
7 554 893
7 555 2874
7 556 4408
7 557 2851
7 558 893
7 559 4426
7 560 892
7 561 1103
7 562 4422
7 563 1103
7 564 892
7 565 2872
7 566 891
7 567 1102
7 568 2872
7 569 1085
7 570 4389
7 571 2850
7 572 4389
7 573 1083
7 574 2850
7 575 1083
7 576 2174
7 577 4408
7 578 2176
7 579 2846
7 580 4405
7 581 2848
7 582 2176
7 583 4408
7 584 2202
7 585 1082
7 586 4405
7 587 1099
7 588 2202
7 589 2846
7 590 2174
7 591 1099
7 592 2846
7 593 1082
7 594 4389
7 595 2847
7 596 4389
7 597 1082
7 598 2847
7 599 1082
7 600 891
7 601 2196
7 602 892
7 603 4426
7 604 2198
7 605 4408
7 606 892
7 607 2198
7 608 894
7 609 2846
7 610 2199
7 611 2870
7 612 894
7 613 4424
7 614 892
7 615 2870
7 616 4406
7 617 2848
7 618 2199
7 619 4422
7 620 2199
7 621 2847
7 622 4406
7 623 2848
7 624 892
7 625 2198
7 626 892
7 627 4426
7 628 2198
7 629 4408
7 630 893
7 631 2227
7 632 893
7 633 1082
7 634 2225
7 635 1103
7 636 894
7 637 4440
7 638 894
7 639 1100
7 640 4421
7 641 1100
7 642 2200
7 643 4422
7 644 2227
7 645 1102
7 646 4419
7 647 1101
7 648 893
7 649 2227
7 650 894
7 651 2873
7 652 2228
7 653 2873
7 654 892
7 655 2197
7 656 894
7 657 1100
7 658 2199
7 659 1101
7 660 893
7 661 2848
7 662 893
7 663 1102
7 664 2846
7 665 1082
7 666 2224
7 667 2872
7 668 2221
7 669 1101
7 670 2870
7 671 1086
7 672 893
7 673 4441
7 674 894
7 675 2871
7 676 4423
7 677 2849
7 678 894
7 679 4428
7 680 893
7 681 1103
7 682 4422
7 683 1102
7 684 893
7 685 2870
7 686 892
7 687 1103
7 688 2870
7 689 1086
7 690 4389
7 691 2847
7 692 4389
7 693 1082
7 694 2847
7 695 1082
7 696 2174
7 697 4408
7 698 2176
7 699 2846
7 700 4405
7 701 2848
7 702 2176
7 703 4408
7 704 2202
7 705 1082
7 706 4405
7 707 1099
7 708 2202
7 709 2846
7 710 2174
7 711 1099
7 712 2846
7 713 1082
7 714 4389
7 715 2847
7 716 4389
7 717 1082
7 718 2847
7 719 1082
7 720 50
7 721 50
7 722 50
7 723 50
7 724 50
7 725 50
7 726 50
7 727 50
7 728 50
7 729 366
7 730 50
7 731 366
7 732 50
7 733 50
7 734 50
7 735 366
7 736 50
7 737 366
7 738 50
7 739 50
7 740 50
7 741 366
7 742 50
7 743 365
7 744 50
7 745 50
7 746 50
7 747 50
7 748 50
7 749 50
7 750 50
7 751 50
7 752 50
7 753 520
7 754 50
7 755 520
7 756 50
7 757 50
7 758 50
7 759 520
7 760 50
7 761 520
7 762 50
7 763 50
7 764 50
7 765 520
7 766 50
7 767 520
7 768 50
7 769 50
7 770 50
7 771 367
7 772 50
7 773 366
7 774 50
7 775 50
7 776 50
7 777 520
7 778 50
7 779 520
7 780 50
7 781 367
7 782 50
7 783 520
7 784 365
7 785 520
7 786 50
7 787 367
7 788 50
7 789 520
7 790 365
7 791 520
7 792 50
7 793 50
7 794 50
7 795 368
7 796 50
7 797 368
7 798 50
7 799 50
7 800 50
7 801 520
7 802 50
7 803 520
7 804 50
7 805 367
7 806 50
7 807 520
7 808 365
7 809 520
7 810 50
7 811 366
7 812 50
7 813 520
7 814 365
7 815 520
7 816 50
7 817 50
7 818 50
7 819 367
7 820 50
7 821 366
7 822 50
7 823 50
7 824 50
7 825 520
7 826 50
7 827 520
7 828 50
7 829 367
7 830 50
7 831 520
7 832 365
7 833 520
7 834 50
7 835 366
7 836 50
7 837 520
7 838 365
7 839 520
7 840 50
7 841 50
7 842 50
7 843 50
7 844 50
7 845 50
7 846 50
7 847 50
7 848 50
7 849 366
7 850 50
7 851 366
7 852 50
7 853 50
7 854 50
7 855 366
7 856 50
7 857 366
7 858 50
7 859 50
7 860 50
7 861 366
7 862 50
7 863 366
7 864 50
7 865 50
7 866 50
7 867 50
7 868 50
7 869 50
7 870 50
7 871 50
7 872 50
7 873 50
7 874 50
7 875 50
7 876 50
7 877 50
7 878 50
7 879 50
7 880 50
7 881 50
7 882 50
7 883 50
7 884 50
7 885 50
7 886 50
7 887 50
7 888 50
7 889 50
7 890 50
7 891 367
7 892 50
7 893 367
7 894 50
7 895 50
7 896 50
7 897 50
7 898 50
7 899 50
7 900 50
7 901 367
7 902 50
7 903 50
7 904 366
7 905 50
7 906 50
7 907 368
7 908 50
7 909 50
7 910 366
7 911 50
7 912 50
7 913 50
7 914 50
7 915 368
7 916 50
7 917 368
7 918 50
7 919 50
7 920 50
7 921 50
7 922 50
7 923 50
7 924 50
7 925 367
7 926 50
7 927 50
7 928 366
7 929 50
7 930 50
7 931 367
7 932 50
7 933 50
7 934 366
7 935 50
7 936 50
7 937 50
7 938 50
7 939 367
7 940 50
7 941 367
7 942 50
7 943 50
7 944 50
7 945 50
7 946 50
7 947 50
7 948 50
7 949 368
7 950 50
7 951 50
7 952 366
7 953 50
7 954 50
7 955 367
7 956 50
7 957 50
7 958 366
7 959 50
7 960 50
7 961 50
7 962 50
7 963 50
7 964 50
7 965 50
7 966 50
7 967 50
7 968 50
7 969 520
7 970 50
7 971 520
7 972 50
7 973 50
7 974 50
7 975 520
7 976 50
7 977 520
7 978 50
7 979 50
7 980 50
7 981 520
7 982 50
7 983 520
7 984 50
7 985 50
7 986 50
7 987 50
7 988 50
7 989 50
7 990 50
7 991 50
7 992 50
7 993 50
7 994 50
7 995 50
7 996 50
7 997 50
7 998 50
7 999 50
7 1000 50
7 1001 50
7 1002 50
7 1003 50
7 1004 50
7 1005 50
7 1006 50
7 1007 50
7 1008 50
7 1009 50
7 1010 50
7 1011 520
7 1012 50
7 1013 520
7 1014 50
7 1015 50
7 1016 50
7 1017 50
7 1018 50
7 1019 50
7 1020 50
7 1021 520
7 1022 50
7 1023 50
7 1024 520
7 1025 50
7 1026 50
7 1027 520
7 1028 50
7 1029 50
7 1030 520
7 1031 50
7 1032 50
7 1033 50
7 1034 50
7 1035 520
7 1036 50
7 1037 520
7 1038 50
7 1039 50
7 1040 50
7 1041 50
7 1042 50
7 1043 50
7 1044 50
7 1045 520
7 1046 50
7 1047 50
7 1048 520
7 1049 50
7 1050 50
7 1051 520
7 1052 50
7 1053 50
7 1054 520
7 1055 50
7 1056 50
7 1057 50
7 1058 50
7 1059 520
7 1060 50
7 1061 520
7 1062 50
7 1063 50
7 1064 50
7 1065 50
7 1066 50
7 1067 50
7 1068 50
7 1069 520
7 1070 50
7 1071 50
7 1072 520
7 1073 50
7 1074 50
7 1075 520
7 1076 50
7 1077 50
7 1078 520
7 1079 50
7 1080 50
7 1081 50
7 1082 50
7 1083 367
7 1084 50
7 1085 367
7 1086 50
7 1087 50
7 1088 50
7 1089 520
7 1090 50
7 1091 520
7 1092 50
7 1093 368
7 1094 50
7 1095 520
7 1096 366
7 1097 520
7 1098 50
7 1099 368
7 1100 50
7 1101 520
7 1102 366
7 1103 520
7 1104 50
7 1105 50
7 1106 50
7 1107 367
7 1108 50
7 1109 367
7 1110 50
7 1111 50
7 1112 50
7 1113 50
7 1114 50
7 1115 50
7 1116 50
7 1117 368
7 1118 50
7 1119 50
7 1120 367
7 1121 50
7 1122 50
7 1123 368
7 1124 50
7 1125 50
7 1126 367
7 1127 50
7 1128 50
7 1129 50
7 1130 50
7 1131 520
7 1132 50
7 1133 520
7 1134 50
7 1135 50
7 1136 50
7 1137 50
7 1138 50
7 1139 50
7 1140 50
7 1141 520
7 1142 50
7 1143 50
7 1144 520
7 1145 50
7 1146 50
7 1147 520
7 1148 50
7 1149 50
7 1150 520
7 1151 50
7 1152 50
7 1153 367
7 1154 50
7 1155 520
7 1156 366
7 1157 520
7 1158 50
7 1159 367
7 1160 50
7 1161 50
7 1162 367
7 1163 50
7 1164 50
7 1165 520
7 1166 50
7 1167 50
7 1168 520
7 1169 50
7 1170 365
7 1171 520
7 1172 366
7 1173 50
7 1174 520
7 1175 50
7 1176 50
7 1177 368
7 1178 50
7 1179 520
7 1180 367
7 1181 520
7 1182 50
7 1183 368
7 1184 50
7 1185 50
7 1186 368
7 1187 50
7 1188 50
7 1189 520
7 1190 50
7 1191 50
7 1192 520
7 1193 50
7 1194 365
7 1195 520
7 1196 366
7 1197 50
7 1198 520
7 1199 50
7 1200 50
7 1201 50
7 1202 50
7 1203 368
7 1204 50
7 1205 368
7 1206 50
7 1207 50
7 1208 50
7 1209 520
7 1210 50
7 1211 520
7 1212 50
7 1213 368
7 1214 50
7 1215 520
7 1216 367
7 1217 520
7 1218 50
7 1219 367
7 1220 50
7 1221 520
7 1222 367
7 1223 520
7 1224 50
7 1225 50
7 1226 50
7 1227 368
7 1228 50
7 1229 368
7 1230 50
7 1231 50
7 1232 50
7 1233 50
7 1234 50
7 1235 50
7 1236 50
7 1237 368
7 1238 50
7 1239 50
7 1240 368
7 1241 50
7 1242 50
7 1243 368
7 1244 50
7 1245 50
7 1246 368
7 1247 50
7 1248 50
7 1249 50
7 1250 50
7 1251 520
7 1252 50
7 1253 520
7 1254 50
7 1255 50
7 1256 50
7 1257 50
7 1258 50
7 1259 50
7 1260 50
7 1261 520
7 1262 50
7 1263 50
7 1264 520
7 1265 50
7 1266 50
7 1267 520
7 1268 50
7 1269 50
7 1270 520
7 1271 50
7 1272 50
7 1273 367
7 1274 50
7 1275 520
7 1276 366
7 1277 520
7 1278 50
7 1279 367
7 1280 50
7 1281 50
7 1282 367
7 1283 50
7 1284 50
7 1285 520
7 1286 50
7 1287 50
7 1288 520
7 1289 50
7 1290 365
7 1291 520
7 1292 366
7 1293 50
7 1294 520
7 1295 50
7 1296 50
7 1297 366
7 1298 50
7 1299 520
7 1300 366
7 1301 520
7 1302 50
7 1303 367
7 1304 50
7 1305 50
7 1306 367
7 1307 50
7 1308 50
7 1309 520
7 1310 50
7 1311 50
7 1312 520
7 1313 50
7 1314 365
7 1315 520
7 1316 366
7 1317 50
7 1318 520
7 1319 50
7 1320 50
7 1321 50
7 1322 50
7 1323 367
7 1324 50
7 1325 366
7 1326 50
7 1327 50
7 1328 50
7 1329 520
7 1330 50
7 1331 520
7 1332 50
7 1333 367
7 1334 50
7 1335 520
7 1336 366
7 1337 520
7 1338 50
7 1339 367
7 1340 50
7 1341 520
7 1342 366
7 1343 520
7 1344 50
7 1345 50
7 1346 50
7 1347 367
7 1348 50
7 1349 367
7 1350 50
7 1351 50
7 1352 50
7 1353 50
7 1354 50
7 1355 50
7 1356 50
7 1357 368
7 1358 50
7 1359 50
7 1360 367
7 1361 50
7 1362 50
7 1363 368
7 1364 50
7 1365 50
7 1366 367
7 1367 50
7 1368 50
7 1369 50
7 1370 50
7 1371 520
7 1372 50
7 1373 520
7 1374 50
7 1375 50
7 1376 50
7 1377 50
7 1378 50
7 1379 50
7 1380 50
7 1381 520
7 1382 50
7 1383 50
7 1384 520
7 1385 50
7 1386 50
7 1387 520
7 1388 50
7 1389 50
7 1390 520
7 1391 50
7 1392 50
7 1393 368
7 1394 50
7 1395 520
7 1396 367
7 1397 520
7 1398 50
7 1399 368
7 1400 50
7 1401 50
7 1402 368
7 1403 50
7 1404 50
7 1405 520
7 1406 50
7 1407 50
7 1408 520
7 1409 50
7 1410 365
7 1411 520
7 1412 366
7 1413 50
7 1414 520
7 1415 50
7 1416 50
7 1417 366
7 1418 50
7 1419 520
7 1420 366
7 1421 520
7 1422 50
7 1423 367
7 1424 50
7 1425 50
7 1426 367
7 1427 50
7 1428 50
7 1429 520
7 1430 50
7 1431 50
7 1432 520
7 1433 50
7 1434 365
7 1435 520
7 1436 366
7 1437 50
7 1438 520
7 1439 50
7 1440 50
7 1441 50
7 1442 50
7 1443 50
7 1444 50
7 1445 50
7 1446 50
7 1447 50
7 1448 50
7 1449 366
7 1450 50
7 1451 366
7 1452 50
7 1453 50
7 1454 50
7 1455 366
7 1456 50
7 1457 366
7 1458 50
7 1459 50
7 1460 50
7 1461 366
7 1462 50
7 1463 366
7 1464 50
7 1465 50
7 1466 50
7 1467 50
7 1468 50
7 1469 50
7 1470 50
7 1471 50
7 1472 50
7 1473 156
7 1474 50
7 1475 156
7 1476 50
7 1477 50
7 1478 50
7 1479 156
7 1480 50
7 1481 156
7 1482 50
7 1483 50
7 1484 50
7 1485 156
7 1486 50
7 1487 156
7 1488 50
7 1489 50
7 1490 50
7 1491 367
7 1492 50
7 1493 367
7 1494 50
7 1495 50
7 1496 50
7 1497 156
7 1498 50
7 1499 156
7 1500 50
7 1501 367
7 1502 50
7 1503 156
7 1504 366
7 1505 156
7 1506 50
7 1507 368
7 1508 50
7 1509 156
7 1510 366
7 1511 156
7 1512 50
7 1513 50
7 1514 50
7 1515 368
7 1516 50
7 1517 368
7 1518 50
7 1519 50
7 1520 50
7 1521 156
7 1522 50
7 1523 156
7 1524 50
7 1525 367
7 1526 50
7 1527 156
7 1528 366
7 1529 156
7 1530 50
7 1531 367
7 1532 50
7 1533 156
7 1534 366
7 1535 156
7 1536 50
7 1537 50
7 1538 50
7 1539 367
7 1540 50
7 1541 367
7 1542 50
7 1543 50
7 1544 50
7 1545 156
7 1546 50
7 1547 156
7 1548 50
7 1549 368
7 1550 50
7 1551 156
7 1552 366
7 1553 156
7 1554 50
7 1555 367
7 1556 50
7 1557 156
7 1558 366
7 1559 156
7 1560 50
7 1561 50
7 1562 50
7 1563 50
7 1564 50
7 1565 50
7 1566 50
7 1567 50
7 1568 50
7 1569 366
7 1570 50
7 1571 366
7 1572 50
7 1573 50
7 1574 50
7 1575 366
7 1576 50
7 1577 366
7 1578 50
7 1579 50
7 1580 50
7 1581 366
7 1582 50
7 1583 365
7 1584 50
7 1585 50
7 1586 50
7 1587 50
7 1588 50
7 1589 50
7 1590 50
7 1591 50
7 1592 50
7 1593 50
7 1594 50
7 1595 50
7 1596 50
7 1597 50
7 1598 50
7 1599 50
7 1600 50
7 1601 50
7 1602 50
7 1603 50
7 1604 50
7 1605 50
7 1606 50
7 1607 50
7 1608 50
7 1609 50
7 1610 50
7 1611 367
7 1612 50
7 1613 367
7 1614 50
7 1615 50
7 1616 50
7 1617 50
7 1618 50
7 1619 50
7 1620 50
7 1621 367
7 1622 50
7 1623 50
7 1624 366
7 1625 50
7 1626 50
7 1627 368
7 1628 50
7 1629 50
7 1630 366
7 1631 50
7 1632 50
7 1633 50
7 1634 50
7 1635 368
7 1636 50
7 1637 368
7 1638 50
7 1639 50
7 1640 50
7 1641 50
7 1642 50
7 1643 50
7 1644 50
7 1645 367
7 1646 50
7 1647 50
7 1648 366
7 1649 50
7 1650 50
7 1651 367
7 1652 50
7 1653 50
7 1654 366
7 1655 50
7 1656 50
7 1657 50
7 1658 50
7 1659 367
7 1660 50
7 1661 366
7 1662 50
7 1663 50
7 1664 50
7 1665 50
7 1666 50
7 1667 50
7 1668 50
7 1669 368
7 1670 50
7 1671 50
7 1672 366
7 1673 50
7 1674 50
7 1675 367
7 1676 50
7 1677 50
7 1678 366
7 1679 50
7 1680 50
7 1681 50
7 1682 50
7 1683 50
7 1684 50
7 1685 50
7 1686 50
7 1687 50
7 1688 50
7 1689 156
7 1690 50
7 1691 156
7 1692 50
7 1693 50
7 1694 50
7 1695 156
7 1696 50
7 1697 156
7 1698 50
7 1699 50
7 1700 50
7 1701 156
7 1702 50
7 1703 156
7 1704 50
7 1705 50
7 1706 50
7 1707 50
7 1708 50
7 1709 50
7 1710 50
7 1711 50
7 1712 50
7 1713 50
7 1714 50
7 1715 50
7 1716 50
7 1717 50
7 1718 50
7 1719 50
7 1720 50
7 1721 50
7 1722 50
7 1723 50
7 1724 50
7 1725 50
7 1726 50
7 1727 50
7 1728 50
7 1729 50
7 1730 50
7 1731 156
7 1732 50
7 1733 156
7 1734 50
7 1735 50
7 1736 50
7 1737 50
7 1738 50
7 1739 50
7 1740 50
7 1741 155
7 1742 50
7 1743 50
7 1744 155
7 1745 50
7 1746 50
7 1747 156
7 1748 50
7 1749 50
7 1750 156
7 1751 50
7 1752 50
7 1753 50
7 1754 50
7 1755 156
7 1756 50
7 1757 156
7 1758 50
7 1759 50
7 1760 50
7 1761 50
7 1762 50
7 1763 50
7 1764 50
7 1765 156
7 1766 50
7 1767 50
7 1768 156
7 1769 50
7 1770 50
7 1771 156
7 1772 50
7 1773 50
7 1774 156
7 1775 50
7 1776 50
7 1777 50
7 1778 50
7 1779 156
7 1780 50
7 1781 156
7 1782 50
7 1783 50
7 1784 50
7 1785 50
7 1786 50
7 1787 50
7 1788 50
7 1789 156
7 1790 50
7 1791 50
7 1792 156
7 1793 50
7 1794 50
7 1795 156
7 1796 50
7 1797 50
7 1798 156
7 1799 50
7 1800 50
7 1801 50
7 1802 50
7 1803 367
7 1804 50
7 1805 367
7 1806 50
7 1807 50
7 1808 50
7 1809 156
7 1810 50
7 1811 156
7 1812 50
7 1813 368
7 1814 50
7 1815 156
7 1816 367
7 1817 156
7 1818 50
7 1819 368
7 1820 50
7 1821 156
7 1822 367
7 1823 156
7 1824 50
7 1825 50
7 1826 50
7 1827 367
7 1828 50
7 1829 367
7 1830 50
7 1831 50
7 1832 50
7 1833 50
7 1834 50
7 1835 50
7 1836 50
7 1837 368
7 1838 50
7 1839 50
7 1840 367
7 1841 50
7 1842 50
7 1843 368
7 1844 50
7 1845 50
7 1846 367
7 1847 50
7 1848 50
7 1849 50
7 1850 50
7 1851 156
7 1852 50
7 1853 156
7 1854 50
7 1855 50
7 1856 50
7 1857 50
7 1858 50
7 1859 50
7 1860 50
7 1861 156
7 1862 50
7 1863 50
7 1864 156
7 1865 50
7 1866 50
7 1867 156
7 1868 50
7 1869 50
7 1870 156
7 1871 50
7 1872 50
7 1873 367
7 1874 50
7 1875 156
7 1876 367
7 1877 156
7 1878 50
7 1879 367
7 1880 50
7 1881 50
7 1882 367
7 1883 50
7 1884 50
7 1885 156
7 1886 50
7 1887 50
7 1888 156
7 1889 50
7 1890 366
7 1891 156
7 1892 366
7 1893 50
7 1894 156
7 1895 50
7 1896 50
7 1897 368
7 1898 50
7 1899 156
7 1900 368
7 1901 156
7 1902 50
7 1903 368
7 1904 50
7 1905 50
7 1906 368
7 1907 50
7 1908 50
7 1909 156
7 1910 50
7 1911 50
7 1912 156
7 1913 50
7 1914 366
7 1915 156
7 1916 366
7 1917 50
7 1918 156
7 1919 50
7 1920 50
7 1921 50
7 1922 50
7 1923 368
7 1924 50
7 1925 368
7 1926 50
7 1927 50
7 1928 50
7 1929 156
7 1930 50
7 1931 156
7 1932 50
7 1933 368
7 1934 50
7 1935 156
7 1936 368
7 1937 156
7 1938 50
7 1939 368
7 1940 50
7 1941 156
7 1942 368
7 1943 156
7 1944 50
7 1945 50
7 1946 50
7 1947 368
7 1948 50
7 1949 368
7 1950 50
7 1951 50
7 1952 50
7 1953 50
7 1954 50
7 1955 50
7 1956 50
7 1957 368
7 1958 50
7 1959 50
7 1960 368
7 1961 50
7 1962 50
7 1963 368
7 1964 50
7 1965 50
7 1966 368
7 1967 50
7 1968 50
7 1969 50
7 1970 50
7 1971 156
7 1972 50
7 1973 156
7 1974 50
7 1975 50
7 1976 50
7 1977 50
7 1978 50
7 1979 50
7 1980 50
7 1981 156
7 1982 50
7 1983 50
7 1984 156
7 1985 50
7 1986 50
7 1987 156
7 1988 50
7 1989 50
7 1990 156
7 1991 50
7 1992 50
7 1993 367
7 1994 50
7 1995 156
7 1996 367
7 1997 156
7 1998 50
7 1999 367
7 2000 50
7 2001 50
7 2002 367
7 2003 50
7 2004 50
7 2005 156
7 2006 50
7 2007 50
7 2008 156
7 2009 50
7 2010 366
7 2011 156
7 2012 366
7 2013 50
7 2014 156
7 2015 50
7 2016 50
7 2017 367
7 2018 50
7 2019 156
7 2020 367
7 2021 156
7 2022 50
7 2023 367
7 2024 50
7 2025 50
7 2026 367
7 2027 50
7 2028 50
7 2029 156
7 2030 50
7 2031 50
7 2032 156
7 2033 50
7 2034 366
7 2035 156
7 2036 366
7 2037 50
7 2038 156
7 2039 50
7 2040 50
7 2041 50
7 2042 50
7 2043 367
7 2044 50
7 2045 367
7 2046 50
7 2047 50
7 2048 50
7 2049 156
7 2050 50
7 2051 156
7 2052 50
7 2053 368
7 2054 50
7 2055 156
7 2056 367
7 2057 156
7 2058 50
7 2059 368
7 2060 50
7 2061 156
7 2062 367
7 2063 156
7 2064 50
7 2065 50
7 2066 50
7 2067 367
7 2068 50
7 2069 367
7 2070 50
7 2071 50
7 2072 50
7 2073 50
7 2074 50
7 2075 50
7 2076 50
7 2077 368
7 2078 50
7 2079 50
7 2080 367
7 2081 50
7 2082 50
7 2083 367
7 2084 50
7 2085 50
7 2086 367
7 2087 50
7 2088 50
7 2089 50
7 2090 50
7 2091 156
7 2092 50
7 2093 156
7 2094 50
7 2095 50
7 2096 50
7 2097 50
7 2098 50
7 2099 50
7 2100 50
7 2101 156
7 2102 50
7 2103 50
7 2104 156
7 2105 50
7 2106 50
7 2107 156
7 2108 50
7 2109 50
7 2110 156
7 2111 50
7 2112 50
7 2113 368
7 2114 50
7 2115 156
7 2116 368
7 2117 156
7 2118 50
7 2119 368
7 2120 50
7 2121 50
7 2122 368
7 2123 50
7 2124 50
7 2125 156
7 2126 50
7 2127 50
7 2128 156
7 2129 50
7 2130 366
7 2131 156
7 2132 366
7 2133 50
7 2134 156
7 2135 50
7 2136 50
7 2137 367
7 2138 50
7 2139 156
7 2140 367
7 2141 156
7 2142 50
7 2143 367
7 2144 50
7 2145 50
7 2146 367
7 2147 50
7 2148 50
7 2149 156
7 2150 50
7 2151 50
7 2152 156
7 2153 50
7 2154 366
7 2155 156
7 2156 366
7 2157 50
7 2158 156
7 2159 50
7 2160 50
7 2161 50
7 2162 50
7 2163 50
7 2164 50
7 2165 50
7 2166 50
7 2167 50
7 2168 50
7 2169 520
7 2170 50
7 2171 520
7 2172 50
7 2173 50
7 2174 50
7 2175 520
7 2176 50
7 2177 520
7 2178 50
7 2179 50
7 2180 50
7 2181 520
7 2182 50
7 2183 520
7 2184 50
7 2185 50
7 2186 50
7 2187 50
7 2188 50
7 2189 50
7 2190 50
7 2191 50
7 2192 50
7 2193 156
7 2194 50
7 2195 156
7 2196 50
7 2197 50
7 2198 50
7 2199 156
7 2200 50
7 2201 156
7 2202 50
7 2203 50
7 2204 50
7 2205 156
7 2206 50
7 2207 156
7 2208 50
7 2209 50
7 2210 50
7 2211 520
7 2212 50
7 2213 520
7 2214 50
7 2215 50
7 2216 50
7 2217 156
7 2218 50
7 2219 156
7 2220 50
7 2221 520
7 2222 50
7 2223 156
7 2224 520
7 2225 155
7 2226 50
7 2227 520
7 2228 50
7 2229 156
7 2230 520
7 2231 155
7 2232 50
7 2233 50
7 2234 50
7 2235 520
7 2236 50
7 2237 520
7 2238 50
7 2239 50
7 2240 50
7 2241 156
7 2242 50
7 2243 156
7 2244 50
7 2245 520
7 2246 50
7 2247 156
7 2248 520
7 2249 155
7 2250 50
7 2251 520
7 2252 50
7 2253 156
7 2254 520
7 2255 155
7 2256 50
7 2257 50
7 2258 50
7 2259 520
7 2260 50
7 2261 520
7 2262 50
7 2263 50
7 2264 50
7 2265 156
7 2266 50
7 2267 156
7 2268 50
7 2269 520
7 2270 50
7 2271 156
7 2272 520
7 2273 155
7 2274 50
7 2275 520
7 2276 50
7 2277 156
7 2278 520
7 2279 155
7 2280 50
7 2281 50
7 2282 50
7 2283 50
7 2284 50
7 2285 50
7 2286 50
7 2287 50
7 2288 50
7 2289 520
7 2290 50
7 2291 520
7 2292 50
7 2293 50
7 2294 50
7 2295 520
7 2296 50
7 2297 520
7 2298 50
7 2299 50
7 2300 50
7 2301 520
7 2302 50
7 2303 520
7 2304 50
7 2305 50
7 2306 50
7 2307 50
7 2308 50
7 2309 50
7 2310 50
7 2311 50
7 2312 50
7 2313 50
7 2314 50
7 2315 50
7 2316 50
7 2317 50
7 2318 50
7 2319 50
7 2320 50
7 2321 50
7 2322 50
7 2323 50
7 2324 50
7 2325 50
7 2326 50
7 2327 50
7 2328 50
7 2329 50
7 2330 50
7 2331 520
7 2332 50
7 2333 520
7 2334 50
7 2335 50
7 2336 50
7 2337 50
7 2338 50
7 2339 50
7 2340 50
7 2341 520
7 2342 50
7 2343 50
7 2344 520
7 2345 50
7 2346 50
7 2347 520
7 2348 50
7 2349 50
7 2350 520
7 2351 50
7 2352 50
7 2353 50
7 2354 50
7 2355 520
7 2356 50
7 2357 520
7 2358 50
7 2359 50
7 2360 50
7 2361 50
7 2362 50
7 2363 50
7 2364 50
7 2365 520
7 2366 50
7 2367 50
7 2368 520
7 2369 50
7 2370 50
7 2371 520
7 2372 50
7 2373 50
7 2374 520
7 2375 50
7 2376 50
7 2377 50
7 2378 50
7 2379 520
7 2380 50
7 2381 520
7 2382 50
7 2383 50
7 2384 50
7 2385 50
7 2386 50
7 2387 50
7 2388 50
7 2389 520
7 2390 50
7 2391 50
7 2392 520
7 2393 50
7 2394 50
7 2395 520
7 2396 50
7 2397 50
7 2398 520
7 2399 50
7 2400 50
7 2401 50
7 2402 50
7 2403 50
7 2404 50
7 2405 50
7 2406 50
7 2407 50
7 2408 50
7 2409 156
7 2410 50
7 2411 156
7 2412 50
7 2413 50
7 2414 50
7 2415 156
7 2416 50
7 2417 156
7 2418 50
7 2419 50
7 2420 50
7 2421 156
7 2422 50
7 2423 156
7 2424 50
7 2425 50
7 2426 50
7 2427 50
7 2428 50
7 2429 50
7 2430 50
7 2431 50
7 2432 50
7 2433 50
7 2434 50
7 2435 50
7 2436 50
7 2437 50
7 2438 50
7 2439 50
7 2440 50
7 2441 50
7 2442 50
7 2443 50
7 2444 50
7 2445 50
7 2446 50
7 2447 50
7 2448 50
7 2449 50
7 2450 50
7 2451 156
7 2452 50
7 2453 156
7 2454 50
7 2455 50
7 2456 50
7 2457 50
7 2458 50
7 2459 50
7 2460 50
7 2461 156
7 2462 50
7 2463 50
7 2464 156
7 2465 50
7 2466 50
7 2467 156
7 2468 50
7 2469 50
7 2470 156
7 2471 50
7 2472 50
7 2473 50
7 2474 50
7 2475 156
7 2476 50
7 2477 156
7 2478 50
7 2479 50
7 2480 50
7 2481 50
7 2482 50
7 2483 50
7 2484 50
7 2485 156
7 2486 50
7 2487 50
7 2488 156
7 2489 50
7 2490 50
7 2491 156
7 2492 50
7 2493 50
7 2494 156
7 2495 50
7 2496 50
7 2497 50
7 2498 50
7 2499 156
7 2500 50
7 2501 156
7 2502 50
7 2503 50
7 2504 50
7 2505 50
7 2506 50
7 2507 50
7 2508 50
7 2509 156
7 2510 50
7 2511 50
7 2512 156
7 2513 50
7 2514 50
7 2515 156
7 2516 50
7 2517 50
7 2518 156
7 2519 50
7 2520 50
7 2521 50
7 2522 50
7 2523 520
7 2524 50
7 2525 520
7 2526 50
7 2527 50
7 2528 50
7 2529 156
7 2530 50
7 2531 156
7 2532 50
7 2533 520
7 2534 50
7 2535 156
7 2536 520
7 2537 155
7 2538 50
7 2539 520
7 2540 50
7 2541 156
7 2542 520
7 2543 155
7 2544 50
7 2545 50
7 2546 50
7 2547 520
7 2548 50
7 2549 520
7 2550 50
7 2551 50
7 2552 50
7 2553 50
7 2554 50
7 2555 50
7 2556 50
7 2557 520
7 2558 50
7 2559 50
7 2560 520
7 2561 50
7 2562 50
7 2563 520
7 2564 50
7 2565 50
7 2566 520
7 2567 50
7 2568 50
7 2569 50
7 2570 50
7 2571 156
7 2572 50
7 2573 156
7 2574 50
7 2575 50
7 2576 50
7 2577 50
7 2578 50
7 2579 50
7 2580 50
7 2581 156
7 2582 50
7 2583 50
7 2584 156
7 2585 50
7 2586 50
7 2587 156
7 2588 50
7 2589 50
7 2590 156
7 2591 50
7 2592 50
7 2593 520
7 2594 50
7 2595 156
7 2596 520
7 2597 155
7 2598 50
7 2599 520
7 2600 50
7 2601 50
7 2602 520
7 2603 50
7 2604 50
7 2605 156
7 2606 50
7 2607 50
7 2608 156
7 2609 50
7 2610 520
7 2611 155
7 2612 520
7 2613 50
7 2614 155
7 2615 50
7 2616 50
7 2617 520
7 2618 50
7 2619 156
7 2620 520
7 2621 155
7 2622 50
7 2623 520
7 2624 50
7 2625 50
7 2626 520
7 2627 50
7 2628 50
7 2629 156
7 2630 50
7 2631 50
7 2632 156
7 2633 50
7 2634 520
7 2635 155
7 2636 520
7 2637 50
7 2638 155
7 2639 50
7 2640 50
7 2641 50
7 2642 50
7 2643 520
7 2644 50
7 2645 520
7 2646 50
7 2647 50
7 2648 50
7 2649 156
7 2650 50
7 2651 156
7 2652 50
7 2653 520
7 2654 50
7 2655 156
7 2656 520
7 2657 155
7 2658 50
7 2659 520
7 2660 50
7 2661 156
7 2662 520
7 2663 155
7 2664 50
7 2665 50
7 2666 50
7 2667 520
7 2668 50
7 2669 520
7 2670 50
7 2671 50
7 2672 50
7 2673 50
7 2674 50
7 2675 50
7 2676 50
7 2677 520
7 2678 50
7 2679 50
7 2680 520
7 2681 50
7 2682 50
7 2683 520
7 2684 50
7 2685 50
7 2686 520
7 2687 50
7 2688 50
7 2689 50
7 2690 50
7 2691 156
7 2692 50
7 2693 156
7 2694 50
7 2695 50
7 2696 50
7 2697 50
7 2698 50
7 2699 50
7 2700 50
7 2701 156
7 2702 50
7 2703 50
7 2704 156
7 2705 50
7 2706 50
7 2707 156
7 2708 50
7 2709 50
7 2710 156
7 2711 50
7 2712 50
7 2713 520
7 2714 50
7 2715 156
7 2716 520
7 2717 155
7 2718 50
7 2719 520
7 2720 50
7 2721 50
7 2722 520
7 2723 50
7 2724 50
7 2725 156
7 2726 50
7 2727 50
7 2728 156
7 2729 50
7 2730 520
7 2731 155
7 2732 520
7 2733 50
7 2734 155
7 2735 50
7 2736 50
7 2737 520
7 2738 50
7 2739 156
7 2740 520
7 2741 155
7 2742 50
7 2743 520
7 2744 50
7 2745 50
7 2746 520
7 2747 50
7 2748 50
7 2749 156
7 2750 50
7 2751 50
7 2752 156
7 2753 50
7 2754 520
7 2755 155
7 2756 520
7 2757 50
7 2758 155
7 2759 50
7 2760 50
7 2761 50
7 2762 50
7 2763 520
7 2764 50
7 2765 520
7 2766 50
7 2767 50
7 2768 50
7 2769 156
7 2770 50
7 2771 156
7 2772 50
7 2773 520
7 2774 50
7 2775 156
7 2776 520
7 2777 155
7 2778 50
7 2779 520
7 2780 50
7 2781 156
7 2782 520
7 2783 155
7 2784 50
7 2785 50
7 2786 50
7 2787 520
7 2788 50
7 2789 520
7 2790 50
7 2791 50
7 2792 50
7 2793 50
7 2794 50
7 2795 50
7 2796 50
7 2797 520
7 2798 50
7 2799 50
7 2800 520
7 2801 50
7 2802 50
7 2803 520
7 2804 50
7 2805 50
7 2806 520
7 2807 50
7 2808 50
7 2809 50
7 2810 50
7 2811 156
7 2812 50
7 2813 156
7 2814 50
7 2815 50
7 2816 50
7 2817 50
7 2818 50
7 2819 50
7 2820 50
7 2821 156
7 2822 50
7 2823 50
7 2824 156
7 2825 50
7 2826 50
7 2827 156
7 2828 50
7 2829 50
7 2830 156
7 2831 50
7 2832 50
7 2833 520
7 2834 50
7 2835 156
7 2836 520
7 2837 155
7 2838 50
7 2839 520
7 2840 50
7 2841 50
7 2842 520
7 2843 50
7 2844 50
7 2845 156
7 2846 50
7 2847 50
7 2848 156
7 2849 50
7 2850 520
7 2851 155
7 2852 520
7 2853 50
7 2854 155
7 2855 50
7 2856 50
7 2857 520
7 2858 50
7 2859 156
7 2860 520
7 2861 155
7 2862 50
7 2863 520
7 2864 50
7 2865 50
7 2866 520
7 2867 50
7 2868 50
7 2869 156
7 2870 50
7 2871 50
7 2872 156
7 2873 50
7 2874 520
7 2875 155
7 2876 520
7 2877 50
7 2878 155
7 2879 50
7 2880 50
7 2881 50
7 2882 50
7 2883 367
7 2884 50
7 2885 367
7 2886 50
7 2887 50
7 2888 50
7 2889 520
7 2890 50
7 2891 520
7 2892 50
7 2893 368
7 2894 50
7 2895 520
7 2896 366
7 2897 520
7 2898 50
7 2899 368
7 2900 50
7 2901 520
7 2902 366
7 2903 520
7 2904 50
7 2905 50
7 2906 50
7 2907 367
7 2908 50
7 2909 367
7 2910 50
7 2911 50
7 2912 50
7 2913 156
7 2914 50
7 2915 156
7 2916 50
7 2917 368
7 2918 50
7 2919 156
7 2920 367
7 2921 156
7 2922 50
7 2923 368
7 2924 50
7 2925 156
7 2926 367
7 2927 156
7 2928 50
7 2929 50
7 2930 50
7 2931 520
7 2932 50
7 2933 520
7 2934 50
7 2935 50
7 2936 50
7 2937 156
7 2938 50
7 2939 156
7 2940 50
7 2941 520
7 2942 50
7 2943 156
7 2944 520
7 2945 155
7 2946 50
7 2947 520
7 2948 50
7 2949 156
7 2950 520
7 2951 155
7 2952 50
7 2953 368
7 2954 50
7 2955 520
7 2956 367
7 2957 520
7 2958 50
7 2959 368
7 2960 50
7 2961 156
7 2962 368
7 2963 156
7 2964 50
7 2965 520
7 2966 50
7 2967 156
7 2968 520
7 2969 155
7 2970 366
7 2971 520
7 2972 366
7 2973 155
7 2974 520
7 2975 155
7 2976 50
7 2977 368
7 2978 50
7 2979 520
7 2980 367
7 2981 520
7 2982 50
7 2983 368
7 2984 50
7 2985 156
7 2986 368
7 2987 156
7 2988 50
7 2989 520
7 2990 50
7 2991 156
7 2992 520
7 2993 155
7 2994 366
7 2995 520
7 2996 366
7 2997 155
7 2998 520
7 2999 155
7 3000 50
7 3001 50
7 3002 50
7 3003 367
7 3004 50
7 3005 367
7 3006 50
7 3007 50
7 3008 50
7 3009 520
7 3010 50
7 3011 520
7 3012 50
7 3013 368
7 3014 50
7 3015 520
7 3016 366
7 3017 520
7 3018 50
7 3019 368
7 3020 50
7 3021 520
7 3022 366
7 3023 520
7 3024 50
7 3025 50
7 3026 50
7 3027 367
7 3028 50
7 3029 367
7 3030 50
7 3031 50
7 3032 50
7 3033 50
7 3034 50
7 3035 50
7 3036 50
7 3037 368
7 3038 50
7 3039 50
7 3040 367
7 3041 50
7 3042 50
7 3043 368
7 3044 50
7 3045 50
7 3046 367
7 3047 50
7 3048 50
7 3049 50
7 3050 50
7 3051 520
7 3052 50
7 3053 520
7 3054 50
7 3055 50
7 3056 50
7 3057 50
7 3058 50
7 3059 50
7 3060 50
7 3061 520
7 3062 50
7 3063 50
7 3064 520
7 3065 50
7 3066 50
7 3067 520
7 3068 50
7 3069 50
7 3070 520
7 3071 50
7 3072 50
7 3073 368
7 3074 50
7 3075 520
7 3076 367
7 3077 520
7 3078 50
7 3079 368
7 3080 50
7 3081 50
7 3082 368
7 3083 50
7 3084 50
7 3085 520
7 3086 50
7 3087 50
7 3088 520
7 3089 50
7 3090 366
7 3091 520
7 3092 367
7 3093 50
7 3094 520
7 3095 50
7 3096 50
7 3097 368
7 3098 50
7 3099 520
7 3100 367
7 3101 520
7 3102 50
7 3103 368
7 3104 50
7 3105 50
7 3106 368
7 3107 50
7 3108 50
7 3109 520
7 3110 50
7 3111 50
7 3112 520
7 3113 50
7 3114 366
7 3115 520
7 3116 367
7 3117 50
7 3118 520
7 3119 50
7 3120 50
7 3121 50
7 3122 50
7 3123 367
7 3124 50
7 3125 367
7 3126 50
7 3127 50
7 3128 50
7 3129 156
7 3130 50
7 3131 156
7 3132 50
7 3133 368
7 3134 50
7 3135 156
7 3136 367
7 3137 156
7 3138 50
7 3139 368
7 3140 50
7 3141 156
7 3142 367
7 3143 156
7 3144 50
7 3145 50
7 3146 50
7 3147 367
7 3148 50
7 3149 366
7 3150 50
7 3151 50
7 3152 50
7 3153 50
7 3154 50
7 3155 50
7 3156 50
7 3157 368
7 3158 50
7 3159 50
7 3160 367
7 3161 50
7 3162 50
7 3163 367
7 3164 50
7 3165 50
7 3166 367
7 3167 50
7 3168 50
7 3169 50
7 3170 50
7 3171 156
7 3172 50
7 3173 156
7 3174 50
7 3175 50
7 3176 50
7 3177 50
7 3178 50
7 3179 50
7 3180 50
7 3181 156
7 3182 50
7 3183 50
7 3184 156
7 3185 50
7 3186 50
7 3187 156
7 3188 50
7 3189 50
7 3190 156
7 3191 50
7 3192 50
7 3193 368
7 3194 50
7 3195 156
7 3196 368
7 3197 156
7 3198 50
7 3199 368
7 3200 50
7 3201 50
7 3202 368
7 3203 50
7 3204 50
7 3205 156
7 3206 50
7 3207 50
7 3208 156
7 3209 50
7 3210 367
7 3211 156
7 3212 367
7 3213 50
7 3214 156
7 3215 50
7 3216 50
7 3217 368
7 3218 50
7 3219 156
7 3220 368
7 3221 156
7 3222 50
7 3223 368
7 3224 50
7 3225 50
7 3226 367
7 3227 50
7 3228 50
7 3229 156
7 3230 50
7 3231 50
7 3232 156
7 3233 50
7 3234 367
7 3235 156
7 3236 367
7 3237 50
7 3238 156
7 3239 50
7 3240 50
7 3241 50
7 3242 50
7 3243 520
7 3244 50
7 3245 520
7 3246 50
7 3247 50
7 3248 50
7 3249 156
7 3250 50
7 3251 156
7 3252 50
7 3253 520
7 3254 50
7 3255 156
7 3256 520
7 3257 155
7 3258 50
7 3259 520
7 3260 50
7 3261 156
7 3262 520
7 3263 155
7 3264 50
7 3265 50
7 3266 50
7 3267 520
7 3268 50
7 3269 520
7 3270 50
7 3271 50
7 3272 50
7 3273 50
7 3274 50
7 3275 50
7 3276 50
7 3277 520
7 3278 50
7 3279 50
7 3280 520
7 3281 50
7 3282 50
7 3283 520
7 3284 50
7 3285 50
7 3286 520
7 3287 50
7 3288 50
7 3289 50
7 3290 50
7 3291 156
7 3292 50
7 3293 156
7 3294 50
7 3295 50
7 3296 50
7 3297 50
7 3298 50
7 3299 50
7 3300 50
7 3301 156
7 3302 50
7 3303 50
7 3304 156
7 3305 50
7 3306 50
7 3307 156
7 3308 50
7 3309 50
7 3310 156
7 3311 50
7 3312 50
7 3313 520
7 3314 50
7 3315 156
7 3316 520
7 3317 155
7 3318 50
7 3319 520
7 3320 50
7 3321 50
7 3322 520
7 3323 50
7 3324 50
7 3325 156
7 3326 50
7 3327 50
7 3328 156
7 3329 50
7 3330 520
7 3331 155
7 3332 520
7 3333 50
7 3334 155
7 3335 50
7 3336 50
7 3337 520
7 3338 50
7 3339 156
7 3340 520
7 3341 155
7 3342 50
7 3343 520
7 3344 50
7 3345 50
7 3346 520
7 3347 50
7 3348 50
7 3349 156
7 3350 50
7 3351 50
7 3352 156
7 3353 50
7 3354 520
7 3355 155
7 3356 520
7 3357 50
7 3358 155
7 3359 50
7 3360 50
7 3361 367
7 3362 50
7 3363 520
7 3364 366
7 3365 520
7 3366 50
7 3367 367
7 3368 50
7 3369 156
7 3370 367
7 3371 156
7 3372 50
7 3373 520
7 3374 50
7 3375 156
7 3376 520
7 3377 155
7 3378 366
7 3379 520
7 3380 366
7 3381 155
7 3382 520
7 3383 155
7 3384 50
7 3385 367
7 3386 50
7 3387 520
7 3388 366
7 3389 520
7 3390 50
7 3391 367
7 3392 50
7 3393 50
7 3394 367
7 3395 50
7 3396 50
7 3397 520
7 3398 50
7 3399 50
7 3400 520
7 3401 50
7 3402 366
7 3403 520
7 3404 367
7 3405 50
7 3406 520
7 3407 50
7 3408 50
7 3409 367
7 3410 50
7 3411 156
7 3412 367
7 3413 156
7 3414 50
7 3415 367
7 3416 50
7 3417 50
7 3418 367
7 3419 50
7 3420 50
7 3421 156
7 3422 50
7 3423 50
7 3424 156
7 3425 50
7 3426 367
7 3427 156
7 3428 367
7 3429 50
7 3430 156
7 3431 50
7 3432 50
7 3433 520
7 3434 50
7 3435 156
7 3436 520
7 3437 155
7 3438 50
7 3439 520
7 3440 50
7 3441 50
7 3442 520
7 3443 50
7 3444 50
7 3445 156
7 3446 50
7 3447 50
7 3448 156
7 3449 50
7 3450 520
7 3451 155
7 3452 520
7 3453 50
7 3454 155
7 3455 50
7 3456 365
7 3457 520
7 3458 365
7 3459 155
7 3460 520
7 3461 155
7 3462 365
7 3463 520
7 3464 366
7 3465 50
7 3466 520
7 3467 50
7 3468 366
7 3469 155
7 3470 365
7 3471 50
7 3472 155
7 3473 50
7 3474 520
7 3475 155
7 3476 520
7 3477 50
7 3478 155
7 3479 50
7 3480 50
7 3481 368
7 3482 50
7 3483 520
7 3484 367
7 3485 520
7 3486 50
7 3487 368
7 3488 50
7 3489 156
7 3490 368
7 3491 156
7 3492 50
7 3493 520
7 3494 50
7 3495 156
7 3496 520
7 3497 155
7 3498 367
7 3499 520
7 3500 367
7 3501 155
7 3502 520
7 3503 155
7 3504 50
7 3505 368
7 3506 50
7 3507 520
7 3508 367
7 3509 520
7 3510 50
7 3511 368
7 3512 50
7 3513 50
7 3514 368
7 3515 50
7 3516 50
7 3517 520
7 3518 50
7 3519 50
7 3520 520
7 3521 50
7 3522 367
7 3523 520
7 3524 368
7 3525 50
7 3526 520
7 3527 50
7 3528 50
7 3529 368
7 3530 50
7 3531 156
7 3532 368
7 3533 156
7 3534 50
7 3535 368
7 3536 50
7 3537 50
7 3538 368
7 3539 50
7 3540 50
7 3541 156
7 3542 50
7 3543 50
7 3544 156
7 3545 50
7 3546 368
7 3547 156
7 3548 368
7 3549 50
7 3550 156
7 3551 50
7 3552 50
7 3553 520
7 3554 50
7 3555 156
7 3556 520
7 3557 155
7 3558 50
7 3559 520
7 3560 50
7 3561 50
7 3562 520
7 3563 50
7 3564 50
7 3565 156
7 3566 50
7 3567 50
7 3568 156
7 3569 50
7 3570 520
7 3571 155
7 3572 520
7 3573 50
7 3574 155
7 3575 50
7 3576 365
7 3577 520
7 3578 365
7 3579 155
7 3580 520
7 3581 155
7 3582 365
7 3583 520
7 3584 366
7 3585 50
7 3586 520
7 3587 50
7 3588 366
7 3589 155
7 3590 365
7 3591 50
7 3592 155
7 3593 50
7 3594 520
7 3595 155
7 3596 520
7 3597 50
7 3598 155
7 3599 50
7 3600 50
7 3601 50
7 3602 50
7 3603 368
7 3604 50
7 3605 368
7 3606 50
7 3607 50
7 3608 50
7 3609 520
7 3610 50
7 3611 520
7 3612 50
7 3613 368
7 3614 50
7 3615 520
7 3616 367
7 3617 520
7 3618 50
7 3619 367
7 3620 50
7 3621 520
7 3622 367
7 3623 520
7 3624 50
7 3625 50
7 3626 50
7 3627 368
7 3628 50
7 3629 368
7 3630 50
7 3631 50
7 3632 50
7 3633 156
7 3634 50
7 3635 156
7 3636 50
7 3637 368
7 3638 50
7 3639 156
7 3640 368
7 3641 156
7 3642 50
7 3643 368
7 3644 50
7 3645 156
7 3646 368
7 3647 156
7 3648 50
7 3649 50
7 3650 50
7 3651 520
7 3652 50
7 3653 520
7 3654 50
7 3655 50
7 3656 50
7 3657 156
7 3658 50
7 3659 156
7 3660 50
7 3661 520
7 3662 50
7 3663 156
7 3664 520
7 3665 155
7 3666 50
7 3667 520
7 3668 50
7 3669 156
7 3670 520
7 3671 155
7 3672 50
7 3673 368
7 3674 50
7 3675 520
7 3676 367
7 3677 520
7 3678 50
7 3679 368
7 3680 50
7 3681 156
7 3682 368
7 3683 156
7 3684 50
7 3685 520
7 3686 50
7 3687 156
7 3688 520
7 3689 155
7 3690 367
7 3691 520
7 3692 367
7 3693 155
7 3694 520
7 3695 155
7 3696 50
7 3697 367
7 3698 50
7 3699 520
7 3700 367
7 3701 520
7 3702 50
7 3703 367
7 3704 50
7 3705 155
7 3706 367
7 3707 156
7 3708 50
7 3709 520
7 3710 50
7 3711 156
7 3712 520
7 3713 155
7 3714 367
7 3715 520
7 3716 367
7 3717 155
7 3718 520
7 3719 155
7 3720 50
7 3721 50
7 3722 50
7 3723 368
7 3724 50
7 3725 368
7 3726 50
7 3727 50
7 3728 50
7 3729 520
7 3730 50
7 3731 520
7 3732 50
7 3733 368
7 3734 50
7 3735 520
7 3736 367
7 3737 520
7 3738 50
7 3739 367
7 3740 50
7 3741 520
7 3742 367
7 3743 520
7 3744 50
7 3745 50
7 3746 50
7 3747 368
7 3748 50
7 3749 368
7 3750 50
7 3751 50
7 3752 50
7 3753 50
7 3754 50
7 3755 50
7 3756 50
7 3757 368
7 3758 50
7 3759 50
7 3760 368
7 3761 50
7 3762 50
7 3763 368
7 3764 50
7 3765 50
7 3766 368
7 3767 50
7 3768 50
7 3769 50
7 3770 50
7 3771 520
7 3772 50
7 3773 520
7 3774 50
7 3775 50
7 3776 50
7 3777 50
7 3778 50
7 3779 50
7 3780 50
7 3781 520
7 3782 50
7 3783 50
7 3784 520
7 3785 50
7 3786 50
7 3787 520
7 3788 50
7 3789 50
7 3790 520
7 3791 50
7 3792 50
7 3793 368
7 3794 50
7 3795 520
7 3796 367
7 3797 520
7 3798 50
7 3799 368
7 3800 50
7 3801 50
7 3802 368
7 3803 50
7 3804 50
7 3805 520
7 3806 50
7 3807 50
7 3808 520
7 3809 50
7 3810 367
7 3811 520
7 3812 368
7 3813 50
7 3814 520
7 3815 50
7 3816 50
7 3817 367
7 3818 50
7 3819 520
7 3820 367
7 3821 520
7 3822 50
7 3823 368
7 3824 50
7 3825 50
7 3826 368
7 3827 50
7 3828 50
7 3829 520
7 3830 50
7 3831 50
7 3832 520
7 3833 50
7 3834 367
7 3835 520
7 3836 368
7 3837 50
7 3838 520
7 3839 50
7 3840 50
7 3841 50
7 3842 50
7 3843 368
7 3844 50
7 3845 368
7 3846 50
7 3847 50
7 3848 50
7 3849 156
7 3850 50
7 3851 156
7 3852 50
7 3853 368
7 3854 50
7 3855 156
7 3856 368
7 3857 156
7 3858 50
7 3859 368
7 3860 50
7 3861 156
7 3862 368
7 3863 156
7 3864 50
7 3865 50
7 3866 50
7 3867 368
7 3868 50
7 3869 368
7 3870 50
7 3871 50
7 3872 50
7 3873 50
7 3874 50
7 3875 50
7 3876 50
7 3877 368
7 3878 50
7 3879 50
7 3880 368
7 3881 50
7 3882 50
7 3883 368
7 3884 50
7 3885 50
7 3886 368
7 3887 50
7 3888 50
7 3889 50
7 3890 50
7 3891 156
7 3892 50
7 3893 156
7 3894 50
7 3895 50
7 3896 50
7 3897 50
7 3898 50
7 3899 50
7 3900 50
7 3901 156
7 3902 50
7 3903 50
7 3904 156
7 3905 50
7 3906 50
7 3907 156
7 3908 50
7 3909 50
7 3910 156
7 3911 50
7 3912 50
7 3913 368
7 3914 50
7 3915 156
7 3916 368
7 3917 156
7 3918 50
7 3919 368
7 3920 50
7 3921 50
7 3922 368
7 3923 50
7 3924 50
7 3925 156
7 3926 50
7 3927 50
7 3928 156
7 3929 50
7 3930 368
7 3931 156
7 3932 368
7 3933 50
7 3934 156
7 3935 50
7 3936 50
7 3937 368
7 3938 50
7 3939 156
7 3940 368
7 3941 156
7 3942 50
7 3943 368
7 3944 50
7 3945 50
7 3946 368
7 3947 50
7 3948 50
7 3949 156
7 3950 50
7 3951 50
7 3952 156
7 3953 50
7 3954 368
7 3955 156
7 3956 368
7 3957 50
7 3958 156
7 3959 50
7 3960 50
7 3961 50
7 3962 50
7 3963 520
7 3964 50
7 3965 520
7 3966 50
7 3967 50
7 3968 50
7 3969 156
7 3970 50
7 3971 156
7 3972 50
7 3973 520
7 3974 50
7 3975 156
7 3976 520
7 3977 155
7 3978 50
7 3979 520
7 3980 50
7 3981 156
7 3982 520
7 3983 155
7 3984 50
7 3985 50
7 3986 50
7 3987 520
7 3988 50
7 3989 520
7 3990 50
7 3991 50
7 3992 50
7 3993 50
7 3994 50
7 3995 50
7 3996 50
7 3997 520
7 3998 50
7 3999 50
7 4000 520
7 4001 50
7 4002 50
7 4003 520
7 4004 50
7 4005 50
7 4006 520
7 4007 50
7 4008 50
7 4009 50
7 4010 50
7 4011 156
7 4012 50
7 4013 156
7 4014 50
7 4015 50
7 4016 50
7 4017 50
7 4018 50
7 4019 50
7 4020 50
7 4021 156
7 4022 50
7 4023 50
7 4024 156
7 4025 50
7 4026 50
7 4027 156
7 4028 50
7 4029 50
7 4030 156
7 4031 50
7 4032 50
7 4033 520
7 4034 50
7 4035 156
7 4036 520
7 4037 155
7 4038 50
7 4039 520
7 4040 50
7 4041 50
7 4042 520
7 4043 50
7 4044 50
7 4045 156
7 4046 50
7 4047 50
7 4048 156
7 4049 50
7 4050 520
7 4051 155
7 4052 520
7 4053 50
7 4054 155
7 4055 50
7 4056 50
7 4057 520
7 4058 50
7 4059 156
7 4060 520
7 4061 155
7 4062 50
7 4063 520
7 4064 50
7 4065 50
7 4066 520
7 4067 50
7 4068 50
7 4069 156
7 4070 50
7 4071 50
7 4072 156
7 4073 50
7 4074 520
7 4075 155
7 4076 520
7 4077 50
7 4078 155
7 4079 50
7 4080 50
7 4081 367
7 4082 50
7 4083 520
7 4084 366
7 4085 520
7 4086 50
7 4087 367
7 4088 50
7 4089 156
7 4090 367
7 4091 156
7 4092 50
7 4093 520
7 4094 50
7 4095 156
7 4096 520
7 4097 155
7 4098 366
7 4099 520
7 4100 366
7 4101 155
7 4102 520
7 4103 155
7 4104 50
7 4105 367
7 4106 50
7 4107 520
7 4108 366
7 4109 520
7 4110 50
7 4111 367
7 4112 50
7 4113 50
7 4114 367
7 4115 50
7 4116 50
7 4117 520
7 4118 50
7 4119 50
7 4120 520
7 4121 50
7 4122 366
7 4123 520
7 4124 367
7 4125 50
7 4126 520
7 4127 50
7 4128 50
7 4129 367
7 4130 50
7 4131 156
7 4132 367
7 4133 156
7 4134 50
7 4135 367
7 4136 50
7 4137 50
7 4138 367
7 4139 50
7 4140 50
7 4141 156
7 4142 50
7 4143 50
7 4144 156
7 4145 50
7 4146 367
7 4147 156
7 4148 367
7 4149 50
7 4150 156
7 4151 50
7 4152 50
7 4153 520
7 4154 50
7 4155 156
7 4156 520
7 4157 155
7 4158 50
7 4159 520
7 4160 50
7 4161 50
7 4162 520
7 4163 50
7 4164 50
7 4165 156
7 4166 50
7 4167 50
7 4168 156
7 4169 50
7 4170 520
7 4171 155
7 4172 520
7 4173 50
7 4174 155
7 4175 50
7 4176 365
7 4177 520
7 4178 365
7 4179 155
7 4180 520
7 4181 155
7 4182 365
7 4183 520
7 4184 366
7 4185 50
7 4186 520
7 4187 50
7 4188 366
7 4189 155
7 4190 365
7 4191 50
7 4192 155
7 4193 50
7 4194 520
7 4195 155
7 4196 520
7 4197 50
7 4198 155
7 4199 50
7 4200 50
7 4201 366
7 4202 50
7 4203 520
7 4204 366
7 4205 520
7 4206 50
7 4207 366
7 4208 50
7 4209 155
7 4210 366
7 4211 156
7 4212 50
7 4213 520
7 4214 50
7 4215 156
7 4216 520
7 4217 155
7 4218 366
7 4219 520
7 4220 366
7 4221 155
7 4222 520
7 4223 155
7 4224 50
7 4225 366
7 4226 50
7 4227 520
7 4228 366
7 4229 520
7 4230 50
7 4231 367
7 4232 50
7 4233 50
7 4234 367
7 4235 50
7 4236 50
7 4237 520
7 4238 50
7 4239 50
7 4240 520
7 4241 50
7 4242 366
7 4243 520
7 4244 367
7 4245 50
7 4246 520
7 4247 50
7 4248 50
7 4249 367
7 4250 50
7 4251 156
7 4252 367
7 4253 156
7 4254 50
7 4255 366
7 4256 50
7 4257 50
7 4258 366
7 4259 50
7 4260 50
7 4261 155
7 4262 50
7 4263 50
7 4264 155
7 4265 50
7 4266 367
7 4267 156
7 4268 367
7 4269 50
7 4270 156
7 4271 50
7 4272 50
7 4273 520
7 4274 50
7 4275 156
7 4276 520
7 4277 155
7 4278 50
7 4279 520
7 4280 50
7 4281 50
7 4282 520
7 4283 50
7 4284 50
7 4285 156
7 4286 50
7 4287 50
7 4288 156
7 4289 50
7 4290 520
7 4291 155
7 4292 520
7 4293 50
7 4294 155
7 4295 50
7 4296 365
7 4297 520
7 4298 365
7 4299 155
7 4300 520
7 4301 155
7 4302 365
7 4303 520
7 4304 366
7 4305 50
7 4306 520
7 4307 50
7 4308 366
7 4309 155
7 4310 365
7 4311 50
7 4312 155
7 4313 50
7 4314 520
7 4315 155
7 4316 520
7 4317 50
7 4318 155
7 4319 50
7 4320 50
7 4321 50
7 4322 50
7 4323 367
7 4324 50
7 4325 366
7 4326 50
7 4327 50
7 4328 50
7 4329 520
7 4330 50
7 4331 520
7 4332 50
7 4333 367
7 4334 50
7 4335 520
7 4336 366
7 4337 520
7 4338 50
7 4339 367
7 4340 50
7 4341 520
7 4342 366
7 4343 520
7 4344 50
7 4345 50
7 4346 50
7 4347 367
7 4348 50
7 4349 366
7 4350 50
7 4351 50
7 4352 50
7 4353 155
7 4354 50
7 4355 156
7 4356 50
7 4357 368
7 4358 50
7 4359 156
7 4360 367
7 4361 156
7 4362 50
7 4363 367
7 4364 50
7 4365 156
7 4366 367
7 4367 156
7 4368 50
7 4369 50
7 4370 50
7 4371 520
7 4372 50
7 4373 520
7 4374 50
7 4375 50
7 4376 50
7 4377 156
7 4378 50
7 4379 156
7 4380 50
7 4381 520
7 4382 50
7 4383 156
7 4384 520
7 4385 155
7 4386 50
7 4387 520
7 4388 50
7 4389 156
7 4390 520
7 4391 155
7 4392 50
7 4393 368
7 4394 50
7 4395 520
7 4396 367
7 4397 520
7 4398 50
7 4399 367
7 4400 50
7 4401 156
7 4402 367
7 4403 156
7 4404 50
7 4405 520
7 4406 50
7 4407 156
7 4408 520
7 4409 155
7 4410 366
7 4411 520
7 4412 366
7 4413 155
7 4414 520
7 4415 155
7 4416 50
7 4417 367
7 4418 50
7 4419 520
7 4420 367
7 4421 520
7 4422 50
7 4423 367
7 4424 50
7 4425 155
7 4426 367
7 4427 156
7 4428 50
7 4429 520
7 4430 50
7 4431 156
7 4432 520
7 4433 155
7 4434 366
7 4435 520
7 4436 366
7 4437 155
7 4438 520
7 4439 155
7 4440 50
7 4441 50
7 4442 50
7 4443 367
7 4444 50
7 4445 366
7 4446 50
7 4447 50
7 4448 50
7 4449 520
7 4450 50
7 4451 520
7 4452 50
7 4453 367
7 4454 50
7 4455 520
7 4456 366
7 4457 520
7 4458 50
7 4459 367
7 4460 50
7 4461 520
7 4462 366
7 4463 520
7 4464 50
7 4465 50
7 4466 50
7 4467 367
7 4468 50
7 4469 367
7 4470 50
7 4471 50
7 4472 50
7 4473 50
7 4474 50
7 4475 50
7 4476 50
7 4477 368
7 4478 50
7 4479 50
7 4480 367
7 4481 50
7 4482 50
7 4483 368
7 4484 50
7 4485 50
7 4486 367
7 4487 50
7 4488 50
7 4489 50
7 4490 50
7 4491 520
7 4492 50
7 4493 520
7 4494 50
7 4495 50
7 4496 50
7 4497 50
7 4498 50
7 4499 50
7 4500 50
7 4501 520
7 4502 50
7 4503 50
7 4504 520
7 4505 50
7 4506 50
7 4507 520
7 4508 50
7 4509 50
7 4510 520
7 4511 50
7 4512 50
7 4513 368
7 4514 50
7 4515 520
7 4516 367
7 4517 520
7 4518 50
7 4519 368
7 4520 50
7 4521 50
7 4522 368
7 4523 50
7 4524 50
7 4525 520
7 4526 50
7 4527 50
7 4528 520
7 4529 50
7 4530 366
7 4531 520
7 4532 367
7 4533 50
7 4534 520
7 4535 50
7 4536 50
7 4537 367
7 4538 50
7 4539 520
7 4540 367
7 4541 520
7 4542 50
7 4543 368
7 4544 50
7 4545 50
7 4546 368
7 4547 50
7 4548 50
7 4549 520
7 4550 50
7 4551 50
7 4552 520
7 4553 50
7 4554 366
7 4555 520
7 4556 367
7 4557 50
7 4558 520
7 4559 50
7 4560 50
7 4561 50
7 4562 50
7 4563 367
7 4564 50
7 4565 367
7 4566 50
7 4567 50
7 4568 50
7 4569 156
7 4570 50
7 4571 156
7 4572 50
7 4573 368
7 4574 50
7 4575 156
7 4576 367
7 4577 156
7 4578 50
7 4579 368
7 4580 50
7 4581 156
7 4582 367
7 4583 156
7 4584 50
7 4585 50
7 4586 50
7 4587 367
7 4588 50
7 4589 366
7 4590 50
7 4591 50
7 4592 50
7 4593 50
7 4594 50
7 4595 50
7 4596 50
7 4597 368
7 4598 50
7 4599 50
7 4600 367
7 4601 50
7 4602 50
7 4603 367
7 4604 50
7 4605 50
7 4606 367
7 4607 50
7 4608 50
7 4609 50
7 4610 50
7 4611 156
7 4612 50
7 4613 156
7 4614 50
7 4615 50
7 4616 50
7 4617 50
7 4618 50
7 4619 50
7 4620 50
7 4621 155
7 4622 50
7 4623 50
7 4624 155
7 4625 50
7 4626 50
7 4627 156
7 4628 50
7 4629 50
7 4630 156
7 4631 50
7 4632 50
7 4633 368
7 4634 50
7 4635 156
7 4636 368
7 4637 156
7 4638 50
7 4639 368
7 4640 50
7 4641 50
7 4642 368
7 4643 50
7 4644 50
7 4645 156
7 4646 50
7 4647 50
7 4648 156
7 4649 50
7 4650 367
7 4651 156
7 4652 367
7 4653 50
7 4654 156
7 4655 50
7 4656 50
7 4657 368
7 4658 50
7 4659 156
7 4660 368
7 4661 156
7 4662 50
7 4663 368
7 4664 50
7 4665 50
7 4666 367
7 4667 50
7 4668 50
7 4669 156
7 4670 50
7 4671 50
7 4672 156
7 4673 50
7 4674 367
7 4675 156
7 4676 367
7 4677 50
7 4678 156
7 4679 50
7 4680 50
7 4681 50
7 4682 50
7 4683 520
7 4684 50
7 4685 520
7 4686 50
7 4687 50
7 4688 50
7 4689 156
7 4690 50
7 4691 156
7 4692 50
7 4693 520
7 4694 50
7 4695 156
7 4696 520
7 4697 155
7 4698 50
7 4699 520
7 4700 50
7 4701 156
7 4702 520
7 4703 155
7 4704 50
7 4705 50
7 4706 50
7 4707 520
7 4708 50
7 4709 520
7 4710 50
7 4711 50
7 4712 50
7 4713 50
7 4714 50
7 4715 50
7 4716 50
7 4717 520
7 4718 50
7 4719 50
7 4720 520
7 4721 50
7 4722 50
7 4723 520
7 4724 50
7 4725 50
7 4726 520
7 4727 50
7 4728 50
7 4729 50
7 4730 50
7 4731 156
7 4732 50
7 4733 156
7 4734 50
7 4735 50
7 4736 50
7 4737 50
7 4738 50
7 4739 50
7 4740 50
7 4741 156
7 4742 50
7 4743 50
7 4744 156
7 4745 50
7 4746 50
7 4747 156
7 4748 50
7 4749 50
7 4750 156
7 4751 50
7 4752 50
7 4753 520
7 4754 50
7 4755 156
7 4756 520
7 4757 155
7 4758 50
7 4759 520
7 4760 50
7 4761 50
7 4762 520
7 4763 50
7 4764 50
7 4765 156
7 4766 50
7 4767 50
7 4768 156
7 4769 50
7 4770 520
7 4771 155
7 4772 520
7 4773 50
7 4774 155
7 4775 50
7 4776 50
7 4777 520
7 4778 50
7 4779 156
7 4780 520
7 4781 155
7 4782 50
7 4783 520
7 4784 50
7 4785 50
7 4786 520
7 4787 50
7 4788 50
7 4789 156
7 4790 50
7 4791 50
7 4792 156
7 4793 50
7 4794 520
7 4795 155
7 4796 520
7 4797 50
7 4798 155
7 4799 50
7 4800 50
7 4801 368
7 4802 50
7 4803 520
7 4804 367
7 4805 520
7 4806 50
7 4807 368
7 4808 50
7 4809 156
7 4810 368
7 4811 156
7 4812 50
7 4813 520
7 4814 50
7 4815 156
7 4816 520
7 4817 155
7 4818 367
7 4819 520
7 4820 367
7 4821 155
7 4822 520
7 4823 155
7 4824 50
7 4825 368
7 4826 50
7 4827 520
7 4828 367
7 4829 520
7 4830 50
7 4831 368
7 4832 50
7 4833 50
7 4834 368
7 4835 50
7 4836 50
7 4837 520
7 4838 50
7 4839 50
7 4840 520
7 4841 50
7 4842 367
7 4843 520
7 4844 368
7 4845 50
7 4846 520
7 4847 50
7 4848 50
7 4849 368
7 4850 50
7 4851 156
7 4852 368
7 4853 156
7 4854 50
7 4855 367
7 4856 50
7 4857 50
7 4858 367
7 4859 50
7 4860 50
7 4861 156
7 4862 50
7 4863 50
7 4864 156
7 4865 50
7 4866 368
7 4867 156
7 4868 368
7 4869 50
7 4870 156
7 4871 50
7 4872 50
7 4873 520
7 4874 50
7 4875 156
7 4876 520
7 4877 155
7 4878 50
7 4879 520
7 4880 50
7 4881 50
7 4882 520
7 4883 50
7 4884 50
7 4885 156
7 4886 50
7 4887 50
7 4888 156
7 4889 50
7 4890 520
7 4891 155
7 4892 520
7 4893 50
7 4894 155
7 4895 50
7 4896 365
7 4897 520
7 4898 365
7 4899 155
7 4900 520
7 4901 155
7 4902 365
7 4903 520
7 4904 366
7 4905 50
7 4906 520
7 4907 50
7 4908 366
7 4909 155
7 4910 365
7 4911 50
7 4912 155
7 4913 50
7 4914 520
7 4915 155
7 4916 520
7 4917 50
7 4918 155
7 4919 50
7 4920 50
7 4921 366
7 4922 50
7 4923 520
7 4924 366
7 4925 520
7 4926 50
7 4927 366
7 4928 50
7 4929 155
7 4930 366
7 4931 156
7 4932 50
7 4933 520
7 4934 50
7 4935 156
7 4936 520
7 4937 155
7 4938 366
7 4939 520
7 4940 366
7 4941 155
7 4942 520
7 4943 155
7 4944 50
7 4945 366
7 4946 50
7 4947 520
7 4948 366
7 4949 520
7 4950 50
7 4951 367
7 4952 50
7 4953 50
7 4954 367
7 4955 50
7 4956 50
7 4957 520
7 4958 50
7 4959 50
7 4960 520
7 4961 50
7 4962 366
7 4963 520
7 4964 367
7 4965 50
7 4966 520
7 4967 50
7 4968 50
7 4969 367
7 4970 50
7 4971 156
7 4972 367
7 4973 156
7 4974 50
7 4975 366
7 4976 50
7 4977 50
7 4978 366
7 4979 50
7 4980 50
7 4981 155
7 4982 50
7 4983 50
7 4984 155
7 4985 50
7 4986 367
7 4987 156
7 4988 367
7 4989 50
7 4990 156
7 4991 50
7 4992 50
7 4993 520
7 4994 50
7 4995 156
7 4996 520
7 4997 155
7 4998 50
7 4999 520
7 5000 50
7 5001 50
7 5002 520
7 5003 50
7 5004 50
7 5005 156
7 5006 50
7 5007 50
7 5008 156
7 5009 50
7 5010 520
7 5011 155
7 5012 520
7 5013 50
7 5014 155
7 5015 50
7 5016 365
7 5017 520
7 5018 365
7 5019 155
7 5020 520
7 5021 155
7 5022 365
7 5023 520
7 5024 366
7 5025 50
7 5026 520
7 5027 50
7 5028 366
7 5029 155
7 5030 365
7 5031 50
7 5032 155
7 5033 50
7 5034 520
7 5035 155
7 5036 520
7 5037 50
7 5038 155
7 5039 50
