3 0 40320
3 1 40320
3 2 40045
3 3 40045
3 4 40124
3 5 40045
4 0 40045
4 1 40124
4 2 40045
4 3 40045
4 4 40124
4 5 40045
4 6 28072
4 7 33728
4 8 28867
4 9 28072
4 10 33913
4 11 28867
4 12 28867
4 13 33913
4 14 28072
4 15 28867
4 16 33728
4 17 28072
4 18 33728
4 19 33913
4 20 33913
4 21 27972
4 22 33728
4 23 28072
5 0 28072
5 1 33728
5 2 27972
5 3 33913
5 4 33913
5 5 33728
5 6 28072
5 7 33728
5 8 28867
5 9 28072
5 10 33913
5 11 28867
5 12 28867
5 13 33913
5 14 28072
5 15 28867
5 16 33728
5 17 28072
5 18 33728
5 19 33913
5 20 33913
5 21 27972
5 22 33728
5 23 28072
5 24 7637
5 25 12776
5 26 7636
5 27 17451
5 28 12776
5 29 17292
5 30 7710
5 31 13042
5 32 7862
5 33 7637
5 34 13028
5 35 7860
5 36 7854
5 37 17704
5 38 7874
5 39 7803
5 40 17594
5 41 7820
5 42 12820
5 43 17590
5 44 13044
5 45 7856
5 46 17639
5 47 7825
5 48 7710
5 49 13042
5 50 7836
5 51 13026
5 52 13078
5 53 13062
5 54 7637
5 55 12776
5 56 7855
5 57 7805
5 58 12808
5 59 7824
5 60 7824
5 61 12808
5 62 7805
5 63 7855
5 64 12776
5 65 7637
5 66 13062
5 67 13078
5 68 13026
5 69 7836
5 70 13042
5 71 7710
5 72 7825
5 73 17639
5 74 7856
5 75 13044
5 76 17590
5 77 12820
5 78 7820
5 79 17594
5 80 7803
5 81 7874
5 82 17704
5 83 7854
5 84 7860
5 85 13028
5 86 7637
5 87 7862
5 88 13042
5 89 7710
5 90 17292
5 91 12776
5 92 17451
5 93 7636
5 94 12776
5 95 7637
5 96 12776
5 97 17482
5 98 12784
5 99 12769
5 100 17562
5 101 12807
5 102 12804
5 103 17483
5 104 13012
5 105 7636
5 106 17562
5 107 7816
5 108 13014
5 109 12767
5 110 12776
5 111 7816
5 112 12754
5 113 7636
5 114 17292
5 115 12776
5 116 17451
5 117 7636
5 118 12776
5 119 7637
6 0 7637
6 1 12776
6 2 7636
6 3 17451
6 4 12776
6 5 17292
6 6 7636
6 7 12754
6 8 7816
6 9 12776
6 10 12767
6 11 13014
6 12 7816
6 13 17562
6 14 7636
6 15 13012
6 16 17483
6 17 12804
6 18 12807
6 19 17562
6 20 12769
6 21 12784
6 22 17482
6 23 12776
6 24 7637
6 25 12776
6 26 7636
6 27 17451
6 28 12776
6 29 17292
6 30 7710
6 31 13042
6 32 7862
6 33 7637
6 34 13028
6 35 7860
6 36 7854
6 37 17704
6 38 7874
6 39 7803
6 40 17594
6 41 7820
6 42 12820
6 43 17590
6 44 13044
6 45 7856
6 46 17639
6 47 7825
6 48 7710
6 49 13042
6 50 7836
6 51 13026
6 52 13078
6 53 13062
6 54 7637
6 55 12776
6 56 7855
6 57 7805
6 58 12808
6 59 7824
6 60 7824
6 61 12808
6 62 7805
6 63 7855
6 64 12776
6 65 7637
6 66 13062
6 67 13078
6 68 13026
6 69 7836
6 70 13042
6 71 7710
6 72 7825
6 73 17639
6 74 7856
6 75 13044
6 76 17590
6 77 12820
6 78 7820
6 79 17594
6 80 7803
6 81 7874
6 82 17704
6 83 7854
6 84 7860
6 85 13028
6 86 7637
6 87 7862
6 88 13042
6 89 7710
6 90 17292
6 91 12776
6 92 17451
6 93 7636
6 94 12776
6 95 7637
6 96 12776
6 97 17482
6 98 12784
6 99 12769
6 100 17562
6 101 12807
6 102 12804
6 103 17483
6 104 13012
6 105 7636
6 106 17562
6 107 7816
6 108 13014
6 109 12767
6 110 12776
6 111 7816
6 112 12754
6 113 7636
6 114 17292
6 115 12776
6 116 17451
6 117 7636
6 118 12776
6 119 7637
6 120 891
6 121 1481
6 122 891
6 123 3794
6 124 1481
6 125 3770
6 126 891
6 127 1481
6 128 893
6 129 3770
6 130 1482
6 131 3786
6 132 893
6 133 3793
6 134 891
6 135 3786
6 136 3771
6 137 3770
6 138 1482
6 139 3793
6 140 1482
6 141 3769
6 142 3771
6 143 3770
6 144 892
6 145 1484
6 146 892
6 147 3794
6 148 1484
6 149 3786
6 150 892
6 151 1509
6 152 892
6 153 891
6 154 1508
6 155 892
6 156 895
6 157 3815
6 158 893
6 159 892
6 160 3793
6 161 893
6 162 1487
6 163 3809
6 164 1508
6 165 893
6 166 3792
6 167 892
6 168 893
6 169 1508
6 170 895
6 171 3812
6 172 1509
6 173 3812
6 174 893
6 175 1509
6 176 893
6 177 892
6 178 1507
6 179 892
6 180 894
6 181 3796
6 182 894
6 183 894
6 184 3795
6 185 893
6 186 1507
6 187 3815
6 188 1508
6 189 894
6 190 3813
6 191 894
6 192 895
6 193 3815
6 194 894
6 195 3811
6 196 3795
6 197 3796
6 198 896
6 199 3814
6 200 894
6 201 894
6 202 3810
6 203 894
6 204 895
6 205 3816
6 206 893
6 207 892
6 208 3816
6 209 894
6 210 3773
6 211 3798
6 212 3790
6 213 893
6 214 3820
6 215 893
6 216 1485
6 217 3799
6 218 1485
6 219 3793
6 220 3793
6 221 3793
6 222 1488
6 223 3815
6 224 1509
6 225 893
6 226 3810
6 227 894
6 228 1508
6 229 3814
6 230 1509
6 231 894
6 232 3816
6 233 893
6 234 3774
6 235 3798
6 236 3788
6 237 893
6 238 3819
6 239 892
6 240 892
6 241 1484
6 242 892
6 243 3794
6 244 1484
6 245 3786
6 246 893
6 247 1507
6 248 895
6 249 1501
6 250 1506
6 251 1507
6 252 895
6 253 3817
6 254 894
6 255 1505
6 256 3794
6 257 1506
6 258 1487
6 259 3811
6 260 1506
6 261 1506
6 262 3793
6 263 1505
6 264 891
6 265 1481
6 266 891
6 267 3794
6 268 1481
6 269 3770
6 270 893
6 271 1508
6 272 893
6 273 892
6 274 1507
6 275 892
6 276 894
6 277 3817
6 278 893
6 279 892
6 280 3794
6 281 893
6 282 1484
6 283 3793
6 284 1507
6 285 893
6 286 3791
6 287 892
6 288 892
6 289 1507
6 290 894
6 291 1503
6 292 1510
6 293 1508
6 294 892
6 295 1506
6 296 894
6 297 893
6 298 1506
6 299 893
6 300 892
6 301 1482
6 302 892
6 303 893
6 304 1481
6 305 891
6 306 1507
6 307 1511
6 308 1508
6 309 895
6 310 1509
6 311 892
6 312 894
6 313 3818
6 314 895
6 315 1507
6 316 3815
6 317 1507
6 318 895
6 319 3818
6 320 894
6 321 894
6 322 3816
6 323 895
6 324 893
6 325 1507
6 326 893
6 327 894
6 328 1506
6 329 892
6 330 3792
6 331 1506
6 332 3792
6 333 894
6 334 1506
6 335 893
6 336 1486
6 337 3815
6 338 1508
6 339 1509
6 340 3812
6 341 1508
6 342 1487
6 343 3815
6 344 1508
6 345 895
6 346 3794
6 347 894
6 348 1508
6 349 1510
6 350 1505
6 351 896
6 352 1508
6 353 893
6 354 3793
6 355 1509
6 356 3793
6 357 895
6 358 1507
6 359 892
6 360 892
6 361 1507
6 362 895
6 363 3793
6 364 1509
6 365 3793
6 366 893
6 367 1508
6 368 896
6 369 1505
6 370 1510
6 371 1508
6 372 894
6 373 3794
6 374 895
6 375 1508
6 376 3815
6 377 1487
6 378 1508
6 379 3812
6 380 1509
6 381 1508
6 382 3815
6 383 1486
6 384 893
6 385 1506
6 386 894
6 387 3792
6 388 1506
6 389 3792
6 390 892
6 391 1506
6 392 894
6 393 893
6 394 1507
6 395 893
6 396 895
6 397 3816
6 398 894
6 399 894
6 400 3818
6 401 895
6 402 1507
6 403 3815
6 404 1507
6 405 895
6 406 3818
6 407 894
6 408 892
6 409 1509
6 410 895
6 411 1508
6 412 1511
6 413 1507
6 414 891
6 415 1481
6 416 893
6 417 892
6 418 1482
6 419 892
6 420 893
6 421 1506
6 422 893
6 423 894
6 424 1506
6 425 892
6 426 1508
6 427 1510
6 428 1503
6 429 894
6 430 1507
6 431 892
6 432 892
6 433 3791
6 434 893
6 435 1507
6 436 3793
6 437 1484
6 438 893
6 439 3794
6 440 892
6 441 893
6 442 3817
6 443 894
6 444 892
6 445 1507
6 446 892
6 447 893
6 448 1508
6 449 893
6 450 3770
6 451 1481
6 452 3794
6 453 891
6 454 1481
6 455 891
6 456 1505
6 457 3793
6 458 1506
6 459 1506
6 460 3811
6 461 1487
6 462 1506
6 463 3794
6 464 1505
6 465 894
6 466 3817
6 467 895
6 468 1507
6 469 1506
6 470 1501
6 471 895
6 472 1507
6 473 893
6 474 3786
6 475 1484
6 476 3794
6 477 892
6 478 1484
6 479 892
6 480 892
6 481 3819
6 482 893
6 483 3788
6 484 3798
6 485 3774
6 486 893
6 487 3816
6 488 894
6 489 1509
6 490 3814
6 491 1508
6 492 894
6 493 3810
6 494 893
6 495 1509
6 496 3815
6 497 1488
6 498 3793
6 499 3793
6 500 3793
6 501 1485
6 502 3799
6 503 1485
6 504 893
6 505 3820
6 506 893
6 507 3790
6 508 3798
6 509 3773
6 510 894
6 511 3816
6 512 892
6 513 893
6 514 3816
6 515 895
6 516 894
6 517 3810
6 518 894
6 519 894
6 520 3814
6 521 896
6 522 3796
6 523 3795
6 524 3811
6 525 894
6 526 3815
6 527 895
6 528 894
6 529 3813
6 530 894
6 531 1508
6 532 3815
6 533 1507
6 534 893
6 535 3795
6 536 894
6 537 894
6 538 3796
6 539 894
6 540 892
6 541 1507
6 542 892
6 543 893
6 544 1509
6 545 893
6 546 3812
6 547 1509
6 548 3812
6 549 895
6 550 1508
6 551 893
6 552 892
6 553 3792
6 554 893
6 555 1508
6 556 3809
6 557 1487
6 558 893
6 559 3793
6 560 892
6 561 893
6 562 3815
6 563 895
6 564 892
6 565 1508
6 566 891
6 567 892
6 568 1509
6 569 892
6 570 3786
6 571 1484
6 572 3794
6 573 892
6 574 1484
6 575 892
6 576 3770
6 577 3771
6 578 3769
6 579 1482
6 580 3793
6 581 1482
6 582 3770
6 583 3771
6 584 3786
6 585 891
6 586 3793
6 587 893
6 588 3786
6 589 1482
6 590 3770
6 591 893
6 592 1481
6 593 891
6 594 3770
6 595 1481
6 596 3794
6 597 891
6 598 1481
6 599 891
6 600 1481
6 601 3795
6 602 1483
6 603 3769
6 604 3795
6 605 3771
6 606 1483
6 607 3795
6 608 1506
6 609 1482
6 610 3795
6 611 1504
6 612 1506
6 613 3791
6 614 1483
6 615 1504
6 616 3796
6 617 1484
6 618 3793
6 619 3793
6 620 3791
6 621 1484
6 622 3796
6 623 1482
6 624 1483
6 625 3796
6 626 1483
6 627 3771
6 628 3795
6 629 3771
6 630 1486
6 631 3812
6 632 1507
6 633 891
6 634 3811
6 635 893
6 636 1508
6 637 3793
6 638 1509
6 639 893
6 640 3794
6 641 894
6 642 3793
6 643 3795
6 644 3809
6 645 894
6 646 3815
6 647 893
6 648 1486
6 649 3812
6 650 1507
6 651 1501
6 652 3814
6 653 1504
6 654 1483
6 655 3795
6 656 1508
6 657 893
6 658 3796
6 659 893
6 660 1505
6 661 1483
6 662 1504
6 663 894
6 664 1481
6 665 891
6 666 3811
6 667 1506
6 668 3811
6 669 894
6 670 1506
6 671 893
6 672 1505
6 673 3791
6 674 1506
6 675 1505
6 676 3792
6 677 1484
6 678 1504
6 679 3793
6 680 1504
6 681 894
6 682 3816
6 683 894
6 684 1507
6 685 1505
6 686 1481
6 687 893
6 688 1506
6 689 893
6 690 3769
6 691 1481
6 692 3794
6 693 891
6 694 1481
6 695 891
6 696 3770
6 697 3771
6 698 3769
6 699 1482
6 700 3793
6 701 1482
6 702 3770
6 703 3771
6 704 3786
6 705 891
6 706 3793
6 707 893
6 708 3786
6 709 1482
6 710 3770
6 711 893
6 712 1481
6 713 891
6 714 3770
6 715 1481
6 716 3794
6 717 891
6 718 1481
6 719 891
7 0 891
7 1 1481
7 2 891
7 3 3794
7 4 1481
7 5 3770
7 6 891
7 7 1481
7 8 893
7 9 3770
7 10 1482
7 11 3786
7 12 893
7 13 3793
7 14 891
7 15 3786
7 16 3771
7 17 3770
7 18 1482
7 19 3793
7 20 1482
7 21 3769
7 22 3771
7 23 3770
7 24 891
7 25 1481
7 26 891
7 27 3794
7 28 1481
7 29 3769
7 30 893
7 31 1506
7 32 893
7 33 1481
7 34 1505
7 35 1507
7 36 894
7 37 3816
7 38 894
7 39 1504
7 40 3793
7 41 1504
7 42 1484
7 43 3792
7 44 1505
7 45 1506
7 46 3791
7 47 1505
7 48 893
7 49 1506
7 50 894
7 51 3811
7 52 1506
7 53 3811
7 54 891
7 55 1481
7 56 894
7 57 1504
7 58 1483
7 59 1505
7 60 893
7 61 3796
7 62 893
7 63 1508
7 64 3795
7 65 1483
7 66 1504
7 67 3814
7 68 1501
7 69 1507
7 70 3812
7 71 1486
7 72 893
7 73 3815
7 74 894
7 75 3809
7 76 3795
7 77 3793
7 78 894
7 79 3794
7 80 893
7 81 1509
7 82 3793
7 83 1508
7 84 893
7 85 3811
7 86 891
7 87 1507
7 88 3812
7 89 1486
7 90 3771
7 91 3795
7 92 3771
7 93 1483
7 94 3796
7 95 1483
7 96 1482
7 97 3796
7 98 1484
7 99 3791
7 100 3793
7 101 3793
7 102 1484
7 103 3796
7 104 1504
7 105 1483
7 106 3791
7 107 1506
7 108 1504
7 109 3795
7 110 1482
7 111 1506
7 112 3795
7 113 1483
7 114 3771
7 115 3795
7 116 3769
7 117 1483
7 118 3795
7 119 1481
7 120 891
7 121 1481
7 122 891
7 123 3794
7 124 1481
7 125 3770
7 126 891
7 127 1481
7 128 893
7 129 3770
7 130 1482
7 131 3786
7 132 893
7 133 3793
7 134 891
7 135 3786
7 136 3771
7 137 3770
7 138 1482
7 139 3793
7 140 1482
7 141 3769
7 142 3771
7 143 3770
7 144 892
7 145 1484
7 146 892
7 147 3794
7 148 1484
7 149 3786
7 150 892
7 151 1509
7 152 892
7 153 891
7 154 1508
7 155 892
7 156 895
7 157 3815
7 158 893
7 159 892
7 160 3793
7 161 893
7 162 1487
7 163 3809
7 164 1508
7 165 893
7 166 3792
7 167 892
7 168 893
7 169 1508
7 170 895
7 171 3812
7 172 1509
7 173 3812
7 174 893
7 175 1509
7 176 893
7 177 892
7 178 1507
7 179 892
7 180 894
7 181 3796
7 182 894
7 183 894
7 184 3795
7 185 893
7 186 1507
7 187 3815
7 188 1508
7 189 894
7 190 3813
7 191 894
7 192 895
7 193 3815
7 194 894
7 195 3811
7 196 3795
7 197 3796
7 198 896
7 199 3814
7 200 894
7 201 894
7 202 3810
7 203 894
7 204 895
7 205 3816
7 206 893
7 207 892
7 208 3816
7 209 894
7 210 3773
7 211 3798
7 212 3790
7 213 893
7 214 3820
7 215 893
7 216 1485
7 217 3799
7 218 1485
7 219 3793
7 220 3793
7 221 3793
7 222 1488
7 223 3815
7 224 1509
7 225 893
7 226 3810
7 227 894
7 228 1508
7 229 3814
7 230 1509
7 231 894
7 232 3816
7 233 893
7 234 3774
7 235 3798
7 236 3788
7 237 893
7 238 3819
7 239 892
7 240 892
7 241 1484
7 242 892
7 243 3794
7 244 1484
7 245 3786
7 246 893
7 247 1507
7 248 895
7 249 1501
7 250 1506
7 251 1507
7 252 895
7 253 3817
7 254 894
7 255 1505
7 256 3794
7 257 1506
7 258 1487
7 259 3811
7 260 1506
7 261 1506
7 262 3793
7 263 1505
7 264 891
7 265 1481
7 266 891
7 267 3794
7 268 1481
7 269 3770
7 270 893
7 271 1508
7 272 893
7 273 892
7 274 1507
7 275 892
7 276 894
7 277 3817
7 278 893
7 279 892
7 280 3794
7 281 893
7 282 1484
7 283 3793
7 284 1507
7 285 893
7 286 3791
7 287 892
7 288 892
7 289 1507
7 290 894
7 291 1503
7 292 1510
7 293 1508
7 294 892
7 295 1506
7 296 894
7 297 893
7 298 1506
7 299 893
7 300 892
7 301 1482
7 302 892
7 303 893
7 304 1481
7 305 891
7 306 1507
7 307 1511
7 308 1508
7 309 895
7 310 1509
7 311 892
7 312 894
7 313 3818
7 314 895
7 315 1507
7 316 3815
7 317 1507
7 318 895
7 319 3818
7 320 894
7 321 894
7 322 3816
7 323 895
7 324 893
7 325 1507
7 326 893
7 327 894
7 328 1506
7 329 892
7 330 3792
7 331 1506
7 332 3792
7 333 894
7 334 1506
7 335 893
7 336 1486
7 337 3815
7 338 1508
7 339 1509
7 340 3812
7 341 1508
7 342 1487
7 343 3815
7 344 1508
7 345 895
7 346 3794
7 347 894
7 348 1508
7 349 1510
7 350 1505
7 351 896
7 352 1508
7 353 893
7 354 3793
7 355 1509
7 356 3793
7 357 895
7 358 1507
7 359 892
7 360 892
7 361 1507
7 362 895
7 363 3793
7 364 1509
7 365 3793
7 366 893
7 367 1508
7 368 896
7 369 1505
7 370 1510
7 371 1508
7 372 894
7 373 3794
7 374 895
7 375 1508
7 376 3815
7 377 1487
7 378 1508
7 379 3812
7 380 1509
7 381 1508
7 382 3815
7 383 1486
7 384 893
7 385 1506
7 386 894
7 387 3792
7 388 1506
7 389 3792
7 390 892
7 391 1506
7 392 894
7 393 893
7 394 1507
7 395 893
7 396 895
7 397 3816
7 398 894
7 399 894
7 400 3818
7 401 895
7 402 1507
7 403 3815
7 404 1507
7 405 895
7 406 3818
7 407 894
7 408 892
7 409 1509
7 410 895
7 411 1508
7 412 1511
7 413 1507
7 414 891
7 415 1481
7 416 893
7 417 892
7 418 1482
7 419 892
7 420 893
7 421 1506
7 422 893
7 423 894
7 424 1506
7 425 892
7 426 1508
7 427 1510
7 428 1503
7 429 894
7 430 1507
7 431 892
7 432 892
7 433 3791
7 434 893
7 435 1507
7 436 3793
7 437 1484
7 438 893
7 439 3794
7 440 892
7 441 893
7 442 3817
7 443 894
7 444 892
7 445 1507
7 446 892
7 447 893
7 448 1508
7 449 893
7 450 3770
7 451 1481
7 452 3794
7 453 891
7 454 1481
7 455 891
7 456 1505
7 457 3793
7 458 1506
7 459 1506
7 460 3811
7 461 1487
7 462 1506
7 463 3794
7 464 1505
7 465 894
7 466 3817
7 467 895
7 468 1507
7 469 1506
7 470 1501
7 471 895
7 472 1507
7 473 893
7 474 3786
7 475 1484
7 476 3794
7 477 892
7 478 1484
7 479 892
7 480 892
7 481 3819
7 482 893
7 483 3788
7 484 3798
7 485 3774
7 486 893
7 487 3816
7 488 894
7 489 1509
7 490 3814
7 491 1508
7 492 894
7 493 3810
7 494 893
7 495 1509
7 496 3815
7 497 1488
7 498 3793
7 499 3793
7 500 3793
7 501 1485
7 502 3799
7 503 1485
7 504 893
7 505 3820
7 506 893
7 507 3790
7 508 3798
7 509 3773
7 510 894
7 511 3816
7 512 892
7 513 893
7 514 3816
7 515 895
7 516 894
7 517 3810
7 518 894
7 519 894
7 520 3814
7 521 896
7 522 3796
7 523 3795
7 524 3811
7 525 894
7 526 3815
7 527 895
7 528 894
7 529 3813
7 530 894
7 531 1508
7 532 3815
7 533 1507
7 534 893
7 535 3795
7 536 894
7 537 894
7 538 3796
7 539 894
7 540 892
7 541 1507
7 542 892
7 543 893
7 544 1509
7 545 893
7 546 3812
7 547 1509
7 548 3812
7 549 895
7 550 1508
7 551 893
7 552 892
7 553 3792
7 554 893
7 555 1508
7 556 3809
7 557 1487
7 558 893
7 559 3793
7 560 892
7 561 893
7 562 3815
7 563 895
7 564 892
7 565 1508
7 566 891
7 567 892
7 568 1509
7 569 892
7 570 3786
7 571 1484
7 572 3794
7 573 892
7 574 1484
7 575 892
7 576 3770
7 577 3771
7 578 3769
7 579 1482
7 580 3793
7 581 1482
7 582 3770
7 583 3771
7 584 3786
7 585 891
7 586 3793
7 587 893
7 588 3786
7 589 1482
7 590 3770
7 591 893
7 592 1481
7 593 891
7 594 3770
7 595 1481
7 596 3794
7 597 891
7 598 1481
7 599 891
7 600 1481
7 601 3795
7 602 1483
7 603 3769
7 604 3795
7 605 3771
7 606 1483
7 607 3795
7 608 1506
7 609 1482
7 610 3795
7 611 1504
7 612 1506
7 613 3791
7 614 1483
7 615 1504
7 616 3796
7 617 1484
7 618 3793
7 619 3793
7 620 3791
7 621 1484
7 622 3796
7 623 1482
7 624 1483
7 625 3796
7 626 1483
7 627 3771
7 628 3795
7 629 3771
7 630 1486
7 631 3812
7 632 1507
7 633 891
7 634 3811
7 635 893
7 636 1508
7 637 3793
7 638 1509
7 639 893
7 640 3794
7 641 894
7 642 3793
7 643 3795
7 644 3809
7 645 894
7 646 3815
7 647 893
7 648 1486
7 649 3812
7 650 1507
7 651 1501
7 652 3814
7 653 1504
7 654 1483
7 655 3795
7 656 1508
7 657 893
7 658 3796
7 659 893
7 660 1505
7 661 1483
7 662 1504
7 663 894
7 664 1481
7 665 891
7 666 3811
7 667 1506
7 668 3811
7 669 894
7 670 1506
7 671 893
7 672 1505
7 673 3791
7 674 1506
7 675 1505
7 676 3792
7 677 1484
7 678 1504
7 679 3793
7 680 1504
7 681 894
7 682 3816
7 683 894
7 684 1507
7 685 1505
7 686 1481
7 687 893
7 688 1506
7 689 893
7 690 3769
7 691 1481
7 692 3794
7 693 891
7 694 1481
7 695 891
7 696 3770
7 697 3771
7 698 3769
7 699 1482
7 700 3793
7 701 1482
7 702 3770
7 703 3771
7 704 3786
7 705 891
7 706 3793
7 707 893
7 708 3786
7 709 1482
7 710 3770
7 711 893
7 712 1481
7 713 891
7 714 3770
7 715 1481
7 716 3794
7 717 891
7 718 1481
7 719 891
7 720 50
7 721 50
7 722 50
7 723 247
7 724 50
7 725 246
7 726 50
7 727 50
7 728 50
7 729 548
7 730 50
7 731 548
7 732 50
7 733 247
7 734 50
7 735 548
7 736 246
7 737 548
7 738 50
7 739 247
7 740 50
7 741 548
7 742 246
7 743 548
7 744 50
7 745 50
7 746 50
7 747 247
7 748 50
7 749 246
7 750 50
7 751 50
7 752 50
7 753 246
7 754 50
7 755 247
7 756 50
7 757 248
7 758 50
7 759 247
7 760 247
7 761 247
7 762 50
7 763 247
7 764 50
7 765 247
7 766 247
7 767 247
7 768 50
7 769 50
7 770 50
7 771 548
7 772 50
7 773 548
7 774 50
7 775 50
7 776 50
7 777 247
7 778 50
7 779 247
7 780 50
7 781 548
7 782 50
7 783 247
7 784 548
7 785 246
7 786 50
7 787 548
7 788 50
7 789 247
7 790 548
7 791 246
7 792 50
7 793 248
7 794 50
7 795 548
7 796 247
7 797 548
7 798 50
7 799 247
7 800 50
7 801 247
7 802 247
7 803 247
7 804 50
7 805 548
7 806 50
7 807 247
7 808 548
7 809 246
7 810 246
7 811 548
7 812 246
7 813 246
7 814 548
7 815 246
7 816 50
7 817 247
7 818 50
7 819 548
7 820 247
7 821 548
7 822 50
7 823 247
7 824 50
7 825 246
7 826 247
7 827 247
7 828 50
7 829 548
7 830 50
7 831 247
7 832 548
7 833 246
7 834 246
7 835 548
7 836 246
7 837 246
7 838 548
7 839 246
7 840 50
7 841 50
7 842 50
7 843 247
7 844 50
7 845 246
7 846 50
7 847 50
7 848 50
7 849 548
7 850 50
7 851 548
7 852 50
7 853 247
7 854 50
7 855 548
7 856 246
7 857 548
7 858 50
7 859 247
7 860 50
7 861 548
7 862 246
7 863 548
7 864 50
7 865 50
7 866 50
7 867 247
7 868 50
7 869 247
7 870 50
7 871 50
7 872 50
7 873 50
7 874 50
7 875 50
7 876 50
7 877 248
7 878 50
7 879 50
7 880 247
7 881 50
7 882 50
7 883 248
7 884 50
7 885 50
7 886 247
7 887 50
7 888 50
7 889 50
7 890 50
7 891 548
7 892 50
7 893 548
7 894 50
7 895 50
7 896 50
7 897 50
7 898 50
7 899 50
7 900 50
7 901 548
7 902 50
7 903 50
7 904 548
7 905 50
7 906 50
7 907 548
7 908 50
7 909 50
7 910 548
7 911 50
7 912 50
7 913 248
7 914 50
7 915 548
7 916 247
7 917 548
7 918 50
7 919 248
7 920 50
7 921 50
7 922 248
7 923 50
7 924 50
7 925 548
7 926 50
7 927 50
7 928 548
7 929 50
7 930 246
7 931 548
7 932 247
7 933 50
7 934 548
7 935 50
7 936 50
7 937 247
7 938 50
7 939 548
7 940 247
7 941 548
7 942 50
7 943 248
7 944 50
7 945 50
7 946 248
7 947 50
7 948 50
7 949 548
7 950 50
7 951 50
7 952 548
7 953 50
7 954 246
7 955 548
7 956 247
7 957 50
7 958 548
7 959 50
7 960 50
7 961 50
7 962 50
7 963 247
7 964 50
7 965 247
7 966 50
7 967 50
7 968 50
7 969 248
7 970 50
7 971 248
7 972 50
7 973 248
7 974 50
7 975 248
7 976 247
7 977 248
7 978 50
7 979 248
7 980 50
7 981 248
7 982 247
7 983 248
7 984 50
7 985 50
7 986 50
7 987 247
7 988 50
7 989 247
7 990 50
7 991 50
7 992 50
7 993 50
7 994 50
7 995 50
7 996 50
7 997 248
7 998 50
7 999 50
7 1000 247
7 1001 50
7 1002 50
7 1003 248
7 1004 50
7 1005 50
7 1006 247
7 1007 50
7 1008 50
7 1009 50
7 1010 50
7 1011 248
7 1012 50
7 1013 248
7 1014 50
7 1015 50
7 1016 50
7 1017 50
7 1018 50
7 1019 50
7 1020 50
7 1021 247
7 1022 50
7 1023 50
7 1024 247
7 1025 50
7 1026 50
7 1027 248
7 1028 50
7 1029 50
7 1030 248
7 1031 50
7 1032 50
7 1033 248
7 1034 50
7 1035 248
7 1036 248
7 1037 248
7 1038 50
7 1039 248
7 1040 50
7 1041 50
7 1042 248
7 1043 50
7 1044 50
7 1045 248
7 1046 50
7 1047 50
7 1048 248
7 1049 50
7 1050 247
7 1051 248
7 1052 247
7 1053 50
7 1054 248
7 1055 50
7 1056 50
7 1057 248
7 1058 50
7 1059 248
7 1060 248
7 1061 248
7 1062 50
7 1063 248
7 1064 50
7 1065 50
7 1066 248
7 1067 50
7 1068 50
7 1069 248
7 1070 50
7 1071 50
7 1072 248
7 1073 50
7 1074 247
7 1075 248
7 1076 247
7 1077 50
7 1078 248
7 1079 50
7 1080 50
7 1081 50
7 1082 50
7 1083 548
7 1084 50
7 1085 548
7 1086 50
7 1087 50
7 1088 50
7 1089 248
7 1090 50
7 1091 248
7 1092 50
7 1093 548
7 1094 50
7 1095 248
7 1096 548
7 1097 247
7 1098 50
7 1099 548
7 1100 50
7 1101 248
7 1102 548
7 1103 247
7 1104 50
7 1105 50
7 1106 50
7 1107 548
7 1108 50
7 1109 548
7 1110 50
7 1111 50
7 1112 50
7 1113 50
7 1114 50
7 1115 50
7 1116 50
7 1117 548
7 1118 50
7 1119 50
7 1120 548
7 1121 50
7 1122 50
7 1123 548
7 1124 50
7 1125 50
7 1126 548
7 1127 50
7 1128 50
7 1129 50
7 1130 50
7 1131 248
7 1132 50
7 1133 248
7 1134 50
7 1135 50
7 1136 50
7 1137 50
7 1138 50
7 1139 50
7 1140 50
7 1141 248
7 1142 50
7 1143 50
7 1144 248
7 1145 50
7 1146 50
7 1147 248
7 1148 50
7 1149 50
7 1150 248
7 1151 50
7 1152 50
7 1153 548
7 1154 50
7 1155 248
7 1156 548
7 1157 247
7 1158 50
7 1159 548
7 1160 50
7 1161 50
7 1162 548
7 1163 50
7 1164 50
7 1165 248
7 1166 50
7 1167 50
7 1168 248
7 1169 50
7 1170 548
7 1171 247
7 1172 548
7 1173 50
7 1174 248
7 1175 50
7 1176 50
7 1177 548
7 1178 50
7 1179 248
7 1180 548
7 1181 247
7 1182 50
7 1183 548
7 1184 50
7 1185 50
7 1186 548
7 1187 50
7 1188 50
7 1189 248
7 1190 50
7 1191 50
7 1192 248
7 1193 50
7 1194 548
7 1195 247
7 1196 548
7 1197 50
7 1198 248
7 1199 50
7 1200 50
7 1201 248
7 1202 50
7 1203 548
7 1204 247
7 1205 548
7 1206 50
7 1207 248
7 1208 50
7 1209 248
7 1210 248
7 1211 248
7 1212 50
7 1213 548
7 1214 50
7 1215 248
7 1216 548
7 1217 247
7 1218 247
7 1219 548
7 1220 247
7 1221 247
7 1222 548
7 1223 247
7 1224 50
7 1225 248
7 1226 50
7 1227 548
7 1228 247
7 1229 548
7 1230 50
7 1231 248
7 1232 50
7 1233 50
7 1234 248
7 1235 50
7 1236 50
7 1237 548
7 1238 50
7 1239 50
7 1240 548
7 1241 50
7 1242 247
7 1243 548
7 1244 248
7 1245 50
7 1246 548
7 1247 50
7 1248 50
7 1249 248
7 1250 50
7 1251 248
7 1252 248
7 1253 248
7 1254 50
7 1255 248
7 1256 50
7 1257 50
7 1258 248
7 1259 50
7 1260 50
7 1261 248
7 1262 50
7 1263 50
7 1264 248
7 1265 50
7 1266 248
7 1267 248
7 1268 248
7 1269 50
7 1270 248
7 1271 50
7 1272 50
7 1273 548
7 1274 50
7 1275 248
7 1276 548
7 1277 247
7 1278 50
7 1279 548
7 1280 50
7 1281 50
7 1282 548
7 1283 50
7 1284 50
7 1285 248
7 1286 50
7 1287 50
7 1288 248
7 1289 50
7 1290 548
7 1291 247
7 1292 548
7 1293 50
7 1294 248
7 1295 50
7 1296 246
7 1297 548
7 1298 246
7 1299 247
7 1300 548
7 1301 247
7 1302 246
7 1303 548
7 1304 247
7 1305 50
7 1306 548
7 1307 50
7 1308 247
7 1309 248
7 1310 247
7 1311 50
7 1312 248
7 1313 50
7 1314 548
7 1315 247
7 1316 548
7 1317 50
7 1318 248
7 1319 50
7 1320 50
7 1321 247
7 1322 50
7 1323 548
7 1324 247
7 1325 548
7 1326 50
7 1327 247
7 1328 50
7 1329 247
7 1330 247
7 1331 248
7 1332 50
7 1333 548
7 1334 50
7 1335 248
7 1336 548
7 1337 247
7 1338 247
7 1339 548
7 1340 247
7 1341 247
7 1342 548
7 1343 247
7 1344 50
7 1345 247
7 1346 50
7 1347 548
7 1348 247
7 1349 548
7 1350 50
7 1351 248
7 1352 50
7 1353 50
7 1354 248
7 1355 50
7 1356 50
7 1357 548
7 1358 50
7 1359 50
7 1360 548
7 1361 50
7 1362 247
7 1363 548
7 1364 248
7 1365 50
7 1366 548
7 1367 50
7 1368 50
7 1369 248
7 1370 50
7 1371 248
7 1372 248
7 1373 248
7 1374 50
7 1375 248
7 1376 50
7 1377 50
7 1378 248
7 1379 50
7 1380 50
7 1381 248
7 1382 50
7 1383 50
7 1384 248
7 1385 50
7 1386 248
7 1387 248
7 1388 248
7 1389 50
7 1390 248
7 1391 50
7 1392 50
7 1393 548
7 1394 50
7 1395 248
7 1396 548
7 1397 247
7 1398 50
7 1399 548
7 1400 50
7 1401 50
7 1402 548
7 1403 50
7 1404 50
7 1405 248
7 1406 50
7 1407 50
7 1408 248
7 1409 50
7 1410 548
7 1411 247
7 1412 548
7 1413 50
7 1414 248
7 1415 50
7 1416 246
7 1417 548
7 1418 246
7 1419 247
7 1420 548
7 1421 247
7 1422 246
7 1423 548
7 1424 247
7 1425 50
7 1426 548
7 1427 50
7 1428 247
7 1429 248
7 1430 247
7 1431 50
7 1432 248
7 1433 50
7 1434 548
7 1435 247
7 1436 548
7 1437 50
7 1438 248
7 1439 50
7 1440 50
7 1441 50
7 1442 50
7 1443 247
7 1444 50
7 1445 246
7 1446 50
7 1447 50
7 1448 50
7 1449 548
7 1450 50
7 1451 548
7 1452 50
7 1453 247
7 1454 50
7 1455 548
7 1456 246
7 1457 548
7 1458 50
7 1459 247
7 1460 50
7 1461 548
7 1462 246
7 1463 548
7 1464 50
7 1465 50
7 1466 50
7 1467 247
7 1468 50
7 1469 247
7 1470 50
7 1471 50
7 1472 50
7 1473 50
7 1474 50
7 1475 50
7 1476 50
7 1477 248
7 1478 50
7 1479 50
7 1480 247
7 1481 50
7 1482 50
7 1483 248
7 1484 50
7 1485 50
7 1486 247
7 1487 50
7 1488 50
7 1489 50
7 1490 50
7 1491 548
7 1492 50
7 1493 548
7 1494 50
7 1495 50
7 1496 50
7 1497 50
7 1498 50
7 1499 50
7 1500 50
7 1501 548
7 1502 50
7 1503 50
7 1504 548
7 1505 50
7 1506 50
7 1507 548
7 1508 50
7 1509 50
7 1510 548
7 1511 50
7 1512 50
7 1513 248
7 1514 50
7 1515 548
7 1516 247
7 1517 548
7 1518 50
7 1519 248
7 1520 50
7 1521 50
7 1522 248
7 1523 50
7 1524 50
7 1525 548
7 1526 50
7 1527 50
7 1528 548
7 1529 50
7 1530 246
7 1531 548
7 1532 247
7 1533 50
7 1534 548
7 1535 50
7 1536 50
7 1537 247
7 1538 50
7 1539 548
7 1540 247
7 1541 548
7 1542 50
7 1543 248
7 1544 50
7 1545 50
7 1546 248
7 1547 50
7 1548 50
7 1549 548
7 1550 50
7 1551 50
7 1552 548
7 1553 50
7 1554 246
7 1555 548
7 1556 247
7 1557 50
7 1558 548
7 1559 50
7 1560 50
7 1561 50
7 1562 50
7 1563 247
7 1564 50
7 1565 246
7 1566 50
7 1567 50
7 1568 50
7 1569 548
7 1570 50
7 1571 548
7 1572 50
7 1573 247
7 1574 50
7 1575 548
7 1576 246
7 1577 548
7 1578 50
7 1579 247
7 1580 50
7 1581 548
7 1582 246
7 1583 548
7 1584 50
7 1585 50
7 1586 50
7 1587 247
7 1588 50
7 1589 247
7 1590 50
7 1591 50
7 1592 50
7 1593 50
7 1594 50
7 1595 50
7 1596 50
7 1597 248
7 1598 50
7 1599 50
7 1600 247
7 1601 50
7 1602 50
7 1603 248
7 1604 50
7 1605 50
7 1606 247
7 1607 50
7 1608 50
7 1609 50
7 1610 50
7 1611 548
7 1612 50
7 1613 548
7 1614 50
7 1615 50
7 1616 50
7 1617 50
7 1618 50
7 1619 50
7 1620 50
7 1621 548
7 1622 50
7 1623 50
7 1624 548
7 1625 50
7 1626 50
7 1627 548
7 1628 50
7 1629 50
7 1630 548
7 1631 50
7 1632 50
7 1633 248
7 1634 50
7 1635 548
7 1636 247
7 1637 548
7 1638 50
7 1639 248
7 1640 50
7 1641 50
7 1642 248
7 1643 50
7 1644 50
7 1645 548
7 1646 50
7 1647 50
7 1648 548
7 1649 50
7 1650 246
7 1651 548
7 1652 247
7 1653 50
7 1654 548
7 1655 50
7 1656 50
7 1657 247
7 1658 50
7 1659 548
7 1660 247
7 1661 548
7 1662 50
7 1663 248
7 1664 50
7 1665 50
7 1666 248
7 1667 50
7 1668 50
7 1669 548
7 1670 50
7 1671 50
7 1672 548
7 1673 50
7 1674 246
7 1675 548
7 1676 247
7 1677 50
7 1678 548
7 1679 50
7 1680 50
7 1681 50
7 1682 50
7 1683 247
7 1684 50
7 1685 247
7 1686 50
7 1687 50
7 1688 50
7 1689 50
7 1690 50
7 1691 50
7 1692 50
7 1693 248
7 1694 50
7 1695 50
7 1696 247
7 1697 50
7 1698 50
7 1699 248
7 1700 50
7 1701 50
7 1702 247
7 1703 50
7 1704 50
7 1705 50
7 1706 50
7 1707 247
7 1708 50
7 1709 247
7 1710 50
7 1711 50
7 1712 50
7 1713 50
7 1714 50
7 1715 50
7 1716 50
7 1717 248
7 1718 50
7 1719 50
7 1720 247
7 1721 50
7 1722 50
7 1723 248
7 1724 50
7 1725 50
7 1726 247
7 1727 50
7 1728 50
7 1729 50
7 1730 50
7 1731 50
7 1732 50
7 1733 50
7 1734 50
7 1735 50
7 1736 50
7 1737 50
7 1738 50
7 1739 50
7 1740 50
7 1741 50
7 1742 50
7 1743 50
7 1744 50
7 1745 50
7 1746 50
7 1747 50
7 1748 50
7 1749 50
7 1750 50
7 1751 50
7 1752 50
7 1753 248
7 1754 50
7 1755 50
7 1756 248
7 1757 50
7 1758 50
7 1759 248
7 1760 50
7 1761 50
7 1762 248
7 1763 50
7 1764 50
7 1765 50
7 1766 50
7 1767 50
7 1768 50
7 1769 50
7 1770 247
7 1771 50
7 1772 247
7 1773 50
7 1774 50
7 1775 50
7 1776 50
7 1777 248
7 1778 50
7 1779 50
7 1780 248
7 1781 50
7 1782 50
7 1783 248
7 1784 50
7 1785 50
7 1786 248
7 1787 50
7 1788 50
7 1789 50
7 1790 50
7 1791 50
7 1792 50
7 1793 50
7 1794 247
7 1795 50
7 1796 247
7 1797 50
7 1798 50
7 1799 50
7 1800 50
7 1801 50
7 1802 50
7 1803 548
7 1804 50
7 1805 548
7 1806 50
7 1807 50
7 1808 50
7 1809 50
7 1810 50
7 1811 50
7 1812 50
7 1813 548
7 1814 50
7 1815 50
7 1816 548
7 1817 50
7 1818 50
7 1819 548
7 1820 50
7 1821 50
7 1822 548
7 1823 50
7 1824 50
7 1825 50
7 1826 50
7 1827 548
7 1828 50
7 1829 548
7 1830 50
7 1831 50
7 1832 50
7 1833 50
7 1834 50
7 1835 50
7 1836 50
7 1837 548
7 1838 50
7 1839 50
7 1840 548
7 1841 50
7 1842 50
7 1843 548
7 1844 50
7 1845 50
7 1846 548
7 1847 50
7 1848 50
7 1849 50
7 1850 50
7 1851 50
7 1852 50
7 1853 50
7 1854 50
7 1855 50
7 1856 50
7 1857 50
7 1858 50
7 1859 50
7 1860 50
7 1861 50
7 1862 50
7 1863 50
7 1864 50
7 1865 50
7 1866 50
7 1867 50
7 1868 50
7 1869 50
7 1870 50
7 1871 50
7 1872 50
7 1873 548
7 1874 50
7 1875 50
7 1876 548
7 1877 50
7 1878 50
7 1879 548
7 1880 50
7 1881 50
7 1882 548
7 1883 50
7 1884 50
7 1885 50
7 1886 50
7 1887 50
7 1888 50
7 1889 50
7 1890 548
7 1891 50
7 1892 548
7 1893 50
7 1894 50
7 1895 50
7 1896 50
7 1897 548
7 1898 50
7 1899 50
7 1900 548
7 1901 50
7 1902 50
7 1903 548
7 1904 50
7 1905 50
7 1906 548
7 1907 50
7 1908 50
7 1909 50
7 1910 50
7 1911 50
7 1912 50
7 1913 50
7 1914 548
7 1915 50
7 1916 548
7 1917 50
7 1918 50
7 1919 50
7 1920 50
7 1921 248
7 1922 50
7 1923 548
7 1924 247
7 1925 548
7 1926 50
7 1927 248
7 1928 50
7 1929 50
7 1930 248
7 1931 50
7 1932 50
7 1933 548
7 1934 50
7 1935 50
7 1936 548
7 1937 50
7 1938 247
7 1939 548
7 1940 248
7 1941 50
7 1942 548
7 1943 50
7 1944 50
7 1945 248
7 1946 50
7 1947 548
7 1948 247
7 1949 548
7 1950 50
7 1951 248
7 1952 50
7 1953 50
7 1954 248
7 1955 50
7 1956 50
7 1957 548
7 1958 50
7 1959 50
7 1960 548
7 1961 50
7 1962 247
7 1963 548
7 1964 248
7 1965 50
7 1966 548
7 1967 50
7 1968 50
7 1969 248
7 1970 50
7 1971 50
7 1972 248
7 1973 50
7 1974 50
7 1975 248
7 1976 50
7 1977 50
7 1978 248
7 1979 50
7 1980 50
7 1981 50
7 1982 50
7 1983 50
7 1984 50
7 1985 50
7 1986 248
7 1987 50
7 1988 248
7 1989 50
7 1990 50
7 1991 50
7 1992 50
7 1993 548
7 1994 50
7 1995 50
7 1996 548
7 1997 50
7 1998 50
7 1999 548
7 2000 50
7 2001 50
7 2002 548
7 2003 50
7 2004 50
7 2005 50
7 2006 50
7 2007 50
7 2008 50
7 2009 50
7 2010 548
7 2011 50
7 2012 548
7 2013 50
7 2014 50
7 2015 50
7 2016 246
7 2017 548
7 2018 247
7 2019 50
7 2020 548
7 2021 50
7 2022 246
7 2023 548
7 2024 247
7 2025 50
7 2026 548
7 2027 50
7 2028 247
7 2029 50
7 2030 247
7 2031 50
7 2032 50
7 2033 50
7 2034 548
7 2035 50
7 2036 548
7 2037 50
7 2038 50
7 2039 50
7 2040 50
7 2041 247
7 2042 50
7 2043 548
7 2044 247
7 2045 548
7 2046 50
7 2047 248
7 2048 50
7 2049 50
7 2050 248
7 2051 50
7 2052 50
7 2053 548
7 2054 50
7 2055 50
7 2056 548
7 2057 50
7 2058 247
7 2059 548
7 2060 248
7 2061 50
7 2062 548
7 2063 50
7 2064 50
7 2065 247
7 2066 50
7 2067 548
7 2068 247
7 2069 548
7 2070 50
7 2071 248
7 2072 50
7 2073 50
7 2074 248
7 2075 50
7 2076 50
7 2077 548
7 2078 50
7 2079 50
7 2080 548
7 2081 50
7 2082 247
7 2083 548
7 2084 248
7 2085 50
7 2086 548
7 2087 50
7 2088 50
7 2089 248
7 2090 50
7 2091 50
7 2092 248
7 2093 50
7 2094 50
7 2095 248
7 2096 50
7 2097 50
7 2098 248
7 2099 50
7 2100 50
7 2101 50
7 2102 50
7 2103 50
7 2104 50
7 2105 50
7 2106 248
7 2107 50
7 2108 248
7 2109 50
7 2110 50
7 2111 50
7 2112 50
7 2113 548
7 2114 50
7 2115 50
7 2116 548
7 2117 50
7 2118 50
7 2119 548
7 2120 50
7 2121 50
7 2122 548
7 2123 50
7 2124 50
7 2125 50
7 2126 50
7 2127 50
7 2128 50
7 2129 50
7 2130 548
7 2131 50
7 2132 548
7 2133 50
7 2134 50
7 2135 50
7 2136 246
7 2137 548
7 2138 247
7 2139 50
7 2140 548
7 2141 50
7 2142 246
7 2143 548
7 2144 247
7 2145 50
7 2146 548
7 2147 50
7 2148 247
7 2149 50
7 2150 247
7 2151 50
7 2152 50
7 2153 50
7 2154 548
7 2155 50
7 2156 548
7 2157 50
7 2158 50
7 2159 50
7 2160 50
7 2161 50
7 2162 50
7 2163 247
7 2164 50
7 2165 247
7 2166 50
7 2167 50
7 2168 50
7 2169 247
7 2170 50
7 2171 247
7 2172 50
7 2173 248
7 2174 50
7 2175 247
7 2176 247
7 2177 247
7 2178 50
7 2179 248
7 2180 50
7 2181 247
7 2182 247
7 2183 247
7 2184 50
7 2185 50
7 2186 50
7 2187 247
7 2188 50
7 2189 247
7 2190 50
7 2191 50
7 2192 50
7 2193 50
7 2194 50
7 2195 50
7 2196 50
7 2197 248
7 2198 50
7 2199 50
7 2200 247
7 2201 50
7 2202 50
7 2203 248
7 2204 50
7 2205 50
7 2206 247
7 2207 50
7 2208 50
7 2209 50
7 2210 50
7 2211 248
7 2212 50
7 2213 248
7 2214 50
7 2215 50
7 2216 50
7 2217 50
7 2218 50
7 2219 50
7 2220 50
7 2221 248
7 2222 50
7 2223 50
7 2224 248
7 2225 50
7 2226 50
7 2227 248
7 2228 50
7 2229 50
7 2230 248
7 2231 50
7 2232 50
7 2233 248
7 2234 50
7 2235 248
7 2236 248
7 2237 248
7 2238 50
7 2239 248
7 2240 50
7 2241 50
7 2242 248
7 2243 50
7 2244 50
7 2245 248
7 2246 50
7 2247 50
7 2248 248
7 2249 50
7 2250 247
7 2251 248
7 2252 247
7 2253 50
7 2254 248
7 2255 50
7 2256 50
7 2257 248
7 2258 50
7 2259 248
7 2260 248
7 2261 248
7 2262 50
7 2263 248
7 2264 50
7 2265 50
7 2266 248
7 2267 50
7 2268 50
7 2269 248
7 2270 50
7 2271 50
7 2272 248
7 2273 50
7 2274 247
7 2275 248
7 2276 247
7 2277 50
7 2278 248
7 2279 50
7 2280 50
7 2281 50
7 2282 50
7 2283 247
7 2284 50
7 2285 247
7 2286 50
7 2287 50
7 2288 50
7 2289 247
7 2290 50
7 2291 247
7 2292 50
7 2293 248
7 2294 50
7 2295 247
7 2296 247
7 2297 247
7 2298 50
7 2299 248
7 2300 50
7 2301 247
7 2302 247
7 2303 247
7 2304 50
7 2305 50
7 2306 50
7 2307 247
7 2308 50
7 2309 247
7 2310 50
7 2311 50
7 2312 50
7 2313 50
7 2314 50
7 2315 50
7 2316 50
7 2317 248
7 2318 50
7 2319 50
7 2320 247
7 2321 50
7 2322 50
7 2323 248
7 2324 50
7 2325 50
7 2326 247
7 2327 50
7 2328 50
7 2329 50
7 2330 50
7 2331 248
7 2332 50
7 2333 248
7 2334 50
7 2335 50
7 2336 50
7 2337 50
7 2338 50
7 2339 50
7 2340 50
7 2341 248
7 2342 50
7 2343 50
7 2344 248
7 2345 50
7 2346 50
7 2347 248
7 2348 50
7 2349 50
7 2350 248
7 2351 50
7 2352 50
7 2353 248
7 2354 50
7 2355 248
7 2356 248
7 2357 248
7 2358 50
7 2359 248
7 2360 50
7 2361 50
7 2362 248
7 2363 50
7 2364 50
7 2365 248
7 2366 50
7 2367 50
7 2368 248
7 2369 50
7 2370 247
7 2371 248
7 2372 247
7 2373 50
7 2374 248
7 2375 50
7 2376 50
7 2377 248
7 2378 50
7 2379 248
7 2380 248
7 2381 248
7 2382 50
7 2383 248
7 2384 50
7 2385 50
7 2386 248
7 2387 50
7 2388 50
7 2389 248
7 2390 50
7 2391 50
7 2392 248
7 2393 50
7 2394 247
7 2395 248
7 2396 247
7 2397 50
7 2398 248
7 2399 50
7 2400 50
7 2401 50
7 2402 50
7 2403 247
7 2404 50
7 2405 247
7 2406 50
7 2407 50
7 2408 50
7 2409 50
7 2410 50
7 2411 50
7 2412 50
7 2413 248
7 2414 50
7 2415 50
7 2416 247
7 2417 50
7 2418 50
7 2419 248
7 2420 50
7 2421 50
7 2422 247
7 2423 50
7 2424 50
7 2425 50
7 2426 50
7 2427 247
7 2428 50
7 2429 246
7 2430 50
7 2431 50
7 2432 50
7 2433 50
7 2434 50
7 2435 50
7 2436 50
7 2437 248
7 2438 50
7 2439 50
7 2440 247
7 2441 50
7 2442 50
7 2443 247
7 2444 50
7 2445 50
7 2446 247
7 2447 50
7 2448 50
7 2449 50
7 2450 50
7 2451 50
7 2452 50
7 2453 50
7 2454 50
7 2455 50
7 2456 50
7 2457 50
7 2458 50
7 2459 50
7 2460 50
7 2461 50
7 2462 50
7 2463 50
7 2464 50
7 2465 50
7 2466 50
7 2467 50
7 2468 50
7 2469 50
7 2470 50
7 2471 50
7 2472 50
7 2473 248
7 2474 50
7 2475 50
7 2476 248
7 2477 50
7 2478 50
7 2479 248
7 2480 50
7 2481 50
7 2482 248
7 2483 50
7 2484 50
7 2485 50
7 2486 50
7 2487 50
7 2488 50
7 2489 50
7 2490 247
7 2491 50
7 2492 247
7 2493 50
7 2494 50
7 2495 50
7 2496 50
7 2497 248
7 2498 50
7 2499 50
7 2500 248
7 2501 50
7 2502 50
7 2503 248
7 2504 50
7 2505 50
7 2506 247
7 2507 50
7 2508 50
7 2509 50
7 2510 50
7 2511 50
7 2512 50
7 2513 50
7 2514 247
7 2515 50
7 2516 247
7 2517 50
7 2518 50
7 2519 50
7 2520 50
7 2521 50
7 2522 50
7 2523 247
7 2524 50
7 2525 247
7 2526 50
7 2527 50
7 2528 50
7 2529 50
7 2530 50
7 2531 50
7 2532 50
7 2533 247
7 2534 50
7 2535 50
7 2536 248
7 2537 50
7 2538 50
7 2539 248
7 2540 50
7 2541 50
7 2542 248
7 2543 50
7 2544 50
7 2545 50
7 2546 50
7 2547 247
7 2548 50
7 2549 247
7 2550 50
7 2551 50
7 2552 50
7 2553 50
7 2554 50
7 2555 50
7 2556 50
7 2557 248
7 2558 50
7 2559 50
7 2560 248
7 2561 50
7 2562 50
7 2563 248
7 2564 50
7 2565 50
7 2566 248
7 2567 50
7 2568 50
7 2569 50
7 2570 50
7 2571 50
7 2572 50
7 2573 50
7 2574 50
7 2575 50
7 2576 50
7 2577 50
7 2578 50
7 2579 50
7 2580 50
7 2581 50
7 2582 50
7 2583 50
7 2584 50
7 2585 50
7 2586 50
7 2587 50
7 2588 50
7 2589 50
7 2590 50
7 2591 50
7 2592 50
7 2593 247
7 2594 50
7 2595 50
7 2596 247
7 2597 50
7 2598 50
7 2599 247
7 2600 50
7 2601 50
7 2602 248
7 2603 50
7 2604 50
7 2605 50
7 2606 50
7 2607 50
7 2608 50
7 2609 50
7 2610 246
7 2611 50
7 2612 247
7 2613 50
7 2614 50
7 2615 50
7 2616 50
7 2617 247
7 2618 50
7 2619 50
7 2620 248
7 2621 50
7 2622 50
7 2623 247
7 2624 50
7 2625 50
7 2626 248
7 2627 50
7 2628 50
7 2629 50
7 2630 50
7 2631 50
7 2632 50
7 2633 50
7 2634 247
7 2635 50
7 2636 247
7 2637 50
7 2638 50
7 2639 50
7 2640 50
7 2641 248
7 2642 50
7 2643 247
7 2644 248
7 2645 247
7 2646 50
7 2647 248
7 2648 50
7 2649 50
7 2650 248
7 2651 50
7 2652 50
7 2653 248
7 2654 50
7 2655 50
7 2656 248
7 2657 50
7 2658 248
7 2659 248
7 2660 248
7 2661 50
7 2662 248
7 2663 50
7 2664 50
7 2665 248
7 2666 50
7 2667 247
7 2668 248
7 2669 247
7 2670 50
7 2671 248
7 2672 50
7 2673 50
7 2674 248
7 2675 50
7 2676 50
7 2677 248
7 2678 50
7 2679 50
7 2680 248
7 2681 50
7 2682 248
7 2683 248
7 2684 248
7 2685 50
7 2686 248
7 2687 50
7 2688 50
7 2689 248
7 2690 50
7 2691 50
7 2692 248
7 2693 50
7 2694 50
7 2695 248
7 2696 50
7 2697 50
7 2698 248
7 2699 50
7 2700 50
7 2701 50
7 2702 50
7 2703 50
7 2704 50
7 2705 50
7 2706 248
7 2707 50
7 2708 248
7 2709 50
7 2710 50
7 2711 50
7 2712 50
7 2713 247
7 2714 50
7 2715 50
7 2716 248
7 2717 50
7 2718 50
7 2719 247
7 2720 50
7 2721 50
7 2722 248
7 2723 50
7 2724 50
7 2725 50
7 2726 50
7 2727 50
7 2728 50
7 2729 50
7 2730 247
7 2731 50
7 2732 247
7 2733 50
7 2734 50
7 2735 50
7 2736 247
7 2737 247
7 2738 247
7 2739 50
7 2740 248
7 2741 50
7 2742 247
7 2743 247
7 2744 247
7 2745 50
7 2746 248
7 2747 50
7 2748 247
7 2749 50
7 2750 247
7 2751 50
7 2752 50
7 2753 50
7 2754 247
7 2755 50
7 2756 247
7 2757 50
7 2758 50
7 2759 50
7 2760 50
7 2761 248
7 2762 50
7 2763 247
7 2764 248
7 2765 247
7 2766 50
7 2767 248
7 2768 50
7 2769 50
7 2770 248
7 2771 50
7 2772 50
7 2773 248
7 2774 50
7 2775 50
7 2776 248
7 2777 50
7 2778 248
7 2779 248
7 2780 248
7 2781 50
7 2782 248
7 2783 50
7 2784 50
7 2785 248
7 2786 50
7 2787 247
7 2788 248
7 2789 247
7 2790 50
7 2791 248
7 2792 50
7 2793 50
7 2794 248
7 2795 50
7 2796 50
7 2797 248
7 2798 50
7 2799 50
7 2800 248
7 2801 50
7 2802 248
7 2803 248
7 2804 248
7 2805 50
7 2806 248
7 2807 50
7 2808 50
7 2809 248
7 2810 50
7 2811 50
7 2812 248
7 2813 50
7 2814 50
7 2815 248
7 2816 50
7 2817 50
7 2818 248
7 2819 50
7 2820 50
7 2821 50
7 2822 50
7 2823 50
7 2824 50
7 2825 50
7 2826 248
7 2827 50
7 2828 248
7 2829 50
7 2830 50
7 2831 50
7 2832 50
7 2833 247
7 2834 50
7 2835 50
7 2836 248
7 2837 50
7 2838 50
7 2839 247
7 2840 50
7 2841 50
7 2842 248
7 2843 50
7 2844 50
7 2845 50
7 2846 50
7 2847 50
7 2848 50
7 2849 50
7 2850 247
7 2851 50
7 2852 247
7 2853 50
7 2854 50
7 2855 50
7 2856 247
7 2857 247
7 2858 247
7 2859 50
7 2860 248
7 2861 50
7 2862 247
7 2863 247
7 2864 247
7 2865 50
7 2866 248
7 2867 50
7 2868 247
7 2869 50
7 2870 247
7 2871 50
7 2872 50
7 2873 50
7 2874 247
7 2875 50
7 2876 247
7 2877 50
7 2878 50
7 2879 50
7 2880 50
7 2881 50
7 2882 50
7 2883 548
7 2884 50
7 2885 548
7 2886 50
7 2887 50
7 2888 50
7 2889 247
7 2890 50
7 2891 247
7 2892 50
7 2893 548
7 2894 50
7 2895 247
7 2896 548
7 2897 246
7 2898 50
7 2899 548
7 2900 50
7 2901 247
7 2902 548
7 2903 246
7 2904 50
7 2905 50
7 2906 50
7 2907 548
7 2908 50
7 2909 548
7 2910 50
7 2911 50
7 2912 50
7 2913 50
7 2914 50
7 2915 50
7 2916 50
7 2917 548
7 2918 50
7 2919 50
7 2920 548
7 2921 50
7 2922 50
7 2923 548
7 2924 50
7 2925 50
7 2926 548
7 2927 50
7 2928 50
7 2929 50
7 2930 50
7 2931 248
7 2932 50
7 2933 248
7 2934 50
7 2935 50
7 2936 50
7 2937 50
7 2938 50
7 2939 50
7 2940 50
7 2941 248
7 2942 50
7 2943 50
7 2944 248
7 2945 50
7 2946 50
7 2947 248
7 2948 50
7 2949 50
7 2950 248
7 2951 50
7 2952 50
7 2953 548
7 2954 50
7 2955 248
7 2956 548
7 2957 247
7 2958 50
7 2959 548
7 2960 50
7 2961 50
7 2962 548
7 2963 50
7 2964 50
7 2965 248
7 2966 50
7 2967 50
7 2968 248
7 2969 50
7 2970 548
7 2971 247
7 2972 548
7 2973 50
7 2974 247
7 2975 50
7 2976 50
7 2977 548
7 2978 50
7 2979 248
7 2980 548
7 2981 247
7 2982 50
7 2983 548
7 2984 50
7 2985 50
7 2986 548
7 2987 50
7 2988 50
7 2989 248
7 2990 50
7 2991 50
7 2992 248
7 2993 50
7 2994 548
7 2995 247
7 2996 548
7 2997 50
7 2998 247
7 2999 50
7 3000 50
7 3001 50
7 3002 50
7 3003 548
7 3004 50
7 3005 548
7 3006 50
7 3007 50
7 3008 50
7 3009 247
7 3010 50
7 3011 247
7 3012 50
7 3013 548
7 3014 50
7 3015 247
7 3016 548
7 3017 246
7 3018 50
7 3019 548
7 3020 50
7 3021 247
7 3022 548
7 3023 246
7 3024 50
7 3025 50
7 3026 50
7 3027 548
7 3028 50
7 3029 548
7 3030 50
7 3031 50
7 3032 50
7 3033 50
7 3034 50
7 3035 50
7 3036 50
7 3037 548
7 3038 50
7 3039 50
7 3040 548
7 3041 50
7 3042 50
7 3043 548
7 3044 50
7 3045 50
7 3046 548
7 3047 50
7 3048 50
7 3049 50
7 3050 50
7 3051 248
7 3052 50
7 3053 248
7 3054 50
7 3055 50
7 3056 50
7 3057 50
7 3058 50
7 3059 50
7 3060 50
7 3061 248
7 3062 50
7 3063 50
7 3064 248
7 3065 50
7 3066 50
7 3067 248
7 3068 50
7 3069 50
7 3070 248
7 3071 50
7 3072 50
7 3073 548
7 3074 50
7 3075 248
7 3076 548
7 3077 247
7 3078 50
7 3079 548
7 3080 50
7 3081 50
7 3082 548
7 3083 50
7 3084 50
7 3085 248
7 3086 50
7 3087 50
7 3088 248
7 3089 50
7 3090 548
7 3091 247
7 3092 548
7 3093 50
7 3094 248
7 3095 50
7 3096 50
7 3097 548
7 3098 50
7 3099 248
7 3100 548
7 3101 247
7 3102 50
7 3103 548
7 3104 50
7 3105 50
7 3106 548
7 3107 50
7 3108 50
7 3109 248
7 3110 50
7 3111 50
7 3112 248
7 3113 50
7 3114 548
7 3115 247
7 3116 548
7 3117 50
7 3118 248
7 3119 50
7 3120 50
7 3121 50
7 3122 50
7 3123 548
7 3124 50
7 3125 548
7 3126 50
7 3127 50
7 3128 50
7 3129 50
7 3130 50
7 3131 50
7 3132 50
7 3133 548
7 3134 50
7 3135 50
7 3136 548
7 3137 50
7 3138 50
7 3139 548
7 3140 50
7 3141 50
7 3142 548
7 3143 50
7 3144 50
7 3145 50
7 3146 50
7 3147 548
7 3148 50
7 3149 548
7 3150 50
7 3151 50
7 3152 50
7 3153 50
7 3154 50
7 3155 50
7 3156 50
7 3157 548
7 3158 50
7 3159 50
7 3160 548
7 3161 50
7 3162 50
7 3163 548
7 3164 50
7 3165 50
7 3166 548
7 3167 50
7 3168 50
7 3169 50
7 3170 50
7 3171 50
7 3172 50
7 3173 50
7 3174 50
7 3175 50
7 3176 50
7 3177 50
7 3178 50
7 3179 50
7 3180 50
7 3181 50
7 3182 50
7 3183 50
7 3184 50
7 3185 50
7 3186 50
7 3187 50
7 3188 50
7 3189 50
7 3190 50
7 3191 50
7 3192 50
7 3193 548
7 3194 50
7 3195 50
7 3196 548
7 3197 50
7 3198 50
7 3199 548
7 3200 50
7 3201 50
7 3202 548
7 3203 50
7 3204 50
7 3205 50
7 3206 50
7 3207 50
7 3208 50
7 3209 50
7 3210 548
7 3211 50
7 3212 548
7 3213 50
7 3214 50
7 3215 50
7 3216 50
7 3217 548
7 3218 50
7 3219 50
7 3220 548
7 3221 50
7 3222 50
7 3223 548
7 3224 50
7 3225 50
7 3226 548
7 3227 50
7 3228 50
7 3229 50
7 3230 50
7 3231 50
7 3232 50
7 3233 50
7 3234 548
7 3235 50
7 3236 548
7 3237 50
7 3238 50
7 3239 50
7 3240 50
7 3241 50
7 3242 50
7 3243 247
7 3244 50
7 3245 247
7 3246 50
7 3247 50
7 3248 50
7 3249 50
7 3250 50
7 3251 50
7 3252 50
7 3253 248
7 3254 50
7 3255 50
7 3256 248
7 3257 50
7 3258 50
7 3259 248
7 3260 50
7 3261 50
7 3262 248
7 3263 50
7 3264 50
7 3265 50
7 3266 50
7 3267 247
7 3268 50
7 3269 247
7 3270 50
7 3271 50
7 3272 50
7 3273 50
7 3274 50
7 3275 50
7 3276 50
7 3277 248
7 3278 50
7 3279 50
7 3280 248
7 3281 50
7 3282 50
7 3283 248
7 3284 50
7 3285 50
7 3286 248
7 3287 50
7 3288 50
7 3289 50
7 3290 50
7 3291 50
7 3292 50
7 3293 50
7 3294 50
7 3295 50
7 3296 50
7 3297 50
7 3298 50
7 3299 50
7 3300 50
7 3301 50
7 3302 50
7 3303 50
7 3304 50
7 3305 50
7 3306 50
7 3307 50
7 3308 50
7 3309 50
7 3310 50
7 3311 50
7 3312 50
7 3313 247
7 3314 50
7 3315 50
7 3316 248
7 3317 50
7 3318 50
7 3319 247
7 3320 50
7 3321 50
7 3322 248
7 3323 50
7 3324 50
7 3325 50
7 3326 50
7 3327 50
7 3328 50
7 3329 50
7 3330 247
7 3331 50
7 3332 247
7 3333 50
7 3334 50
7 3335 50
7 3336 50
7 3337 247
7 3338 50
7 3339 50
7 3340 248
7 3341 50
7 3342 50
7 3343 247
7 3344 50
7 3345 50
7 3346 248
7 3347 50
7 3348 50
7 3349 50
7 3350 50
7 3351 50
7 3352 50
7 3353 50
7 3354 247
7 3355 50
7 3356 247
7 3357 50
7 3358 50
7 3359 50
7 3360 50
7 3361 548
7 3362 50
7 3363 247
7 3364 548
7 3365 246
7 3366 50
7 3367 548
7 3368 50
7 3369 50
7 3370 548
7 3371 50
7 3372 50
7 3373 248
7 3374 50
7 3375 50
7 3376 248
7 3377 50
7 3378 548
7 3379 247
7 3380 548
7 3381 50
7 3382 247
7 3383 50
7 3384 50
7 3385 548
7 3386 50
7 3387 247
7 3388 548
7 3389 246
7 3390 50
7 3391 548
7 3392 50
7 3393 50
7 3394 548
7 3395 50
7 3396 50
7 3397 248
7 3398 50
7 3399 50
7 3400 248
7 3401 50
7 3402 548
7 3403 247
7 3404 548
7 3405 50
7 3406 248
7 3407 50
7 3408 50
7 3409 548
7 3410 50
7 3411 50
7 3412 548
7 3413 50
7 3414 50
7 3415 548
7 3416 50
7 3417 50
7 3418 548
7 3419 50
7 3420 50
7 3421 50
7 3422 50
7 3423 50
7 3424 50
7 3425 50
7 3426 548
7 3427 50
7 3428 548
7 3429 50
7 3430 50
7 3431 50
7 3432 50
7 3433 247
7 3434 50
7 3435 50
7 3436 248
7 3437 50
7 3438 50
7 3439 247
7 3440 50
7 3441 50
7 3442 248
7 3443 50
7 3444 50
7 3445 50
7 3446 50
7 3447 50
7 3448 50
7 3449 50
7 3450 247
7 3451 50
7 3452 247
7 3453 50
7 3454 50
7 3455 50
7 3456 548
7 3457 246
7 3458 548
7 3459 50
7 3460 247
7 3461 50
7 3462 548
7 3463 246
7 3464 548
7 3465 50
7 3466 247
7 3467 50
7 3468 548
7 3469 50
7 3470 548
7 3471 50
7 3472 50
7 3473 50
7 3474 246
7 3475 50
7 3476 247
7 3477 50
7 3478 50
7 3479 50
7 3480 50
7 3481 548
7 3482 50
7 3483 247
7 3484 548
7 3485 246
7 3486 50
7 3487 548
7 3488 50
7 3489 50
7 3490 548
7 3491 50
7 3492 50
7 3493 248
7 3494 50
7 3495 50
7 3496 248
7 3497 50
7 3498 548
7 3499 247
7 3500 548
7 3501 50
7 3502 247
7 3503 50
7 3504 50
7 3505 548
7 3506 50
7 3507 247
7 3508 548
7 3509 246
7 3510 50
7 3511 548
7 3512 50
7 3513 50
7 3514 548
7 3515 50
7 3516 50
7 3517 248
7 3518 50
7 3519 50
7 3520 248
7 3521 50
7 3522 548
7 3523 247
7 3524 548
7 3525 50
7 3526 248
7 3527 50
7 3528 50
7 3529 548
7 3530 50
7 3531 50
7 3532 548
7 3533 50
7 3534 50
7 3535 548
7 3536 50
7 3537 50
7 3538 548
7 3539 50
7 3540 50
7 3541 50
7 3542 50
7 3543 50
7 3544 50
7 3545 50
7 3546 548
7 3547 50
7 3548 548
7 3549 50
7 3550 50
7 3551 50
7 3552 50
7 3553 247
7 3554 50
7 3555 50
7 3556 248
7 3557 50
7 3558 50
7 3559 247
7 3560 50
7 3561 50
7 3562 248
7 3563 50
7 3564 50
7 3565 50
7 3566 50
7 3567 50
7 3568 50
7 3569 50
7 3570 247
7 3571 50
7 3572 247
7 3573 50
7 3574 50
7 3575 50
7 3576 548
7 3577 246
7 3578 548
7 3579 50
7 3580 247
7 3581 50
7 3582 548
7 3583 246
7 3584 548
7 3585 50
7 3586 247
7 3587 50
7 3588 548
7 3589 50
7 3590 548
7 3591 50
7 3592 50
7 3593 50
7 3594 246
7 3595 50
7 3596 247
7 3597 50
7 3598 50
7 3599 50
7 3600 50
7 3601 248
7 3602 50
7 3603 548
7 3604 247
7 3605 548
7 3606 50
7 3607 248
7 3608 50
7 3609 247
7 3610 248
7 3611 247
7 3612 50
7 3613 548
7 3614 50
7 3615 247
7 3616 548
7 3617 246
7 3618 247
7 3619 548
7 3620 247
7 3621 246
7 3622 548
7 3623 246
7 3624 50
7 3625 248
7 3626 50
7 3627 548
7 3628 247
7 3629 548
7 3630 50
7 3631 248
7 3632 50
7 3633 50
7 3634 248
7 3635 50
7 3636 50
7 3637 548
7 3638 50
7 3639 50
7 3640 548
7 3641 50
7 3642 247
7 3643 548
7 3644 248
7 3645 50
7 3646 548
7 3647 50
7 3648 50
7 3649 248
7 3650 50
7 3651 248
7 3652 248
7 3653 248
7 3654 50
7 3655 248
7 3656 50
7 3657 50
7 3658 248
7 3659 50
7 3660 50
7 3661 248
7 3662 50
7 3663 50
7 3664 248
7 3665 50
7 3666 248
7 3667 248
7 3668 248
7 3669 50
7 3670 248
7 3671 50
7 3672 50
7 3673 548
7 3674 50
7 3675 248
7 3676 548
7 3677 247
7 3678 50
7 3679 548
7 3680 50
7 3681 50
7 3682 548
7 3683 50
7 3684 50
7 3685 248
7 3686 50
7 3687 50
7 3688 248
7 3689 50
7 3690 548
7 3691 247
7 3692 548
7 3693 50
7 3694 247
7 3695 50
7 3696 247
7 3697 548
7 3698 247
7 3699 247
7 3700 548
7 3701 247
7 3702 247
7 3703 548
7 3704 248
7 3705 50
7 3706 548
7 3707 50
7 3708 248
7 3709 247
7 3710 247
7 3711 50
7 3712 247
7 3713 50
7 3714 548
7 3715 247
7 3716 548
7 3717 50
7 3718 247
7 3719 50
7 3720 50
7 3721 248
7 3722 50
7 3723 548
7 3724 247
7 3725 548
7 3726 50
7 3727 248
7 3728 50
7 3729 247
7 3730 248
7 3731 247
7 3732 50
7 3733 548
7 3734 50
7 3735 247
7 3736 548
7 3737 246
7 3738 247
7 3739 548
7 3740 247
7 3741 246
7 3742 548
7 3743 246
7 3744 50
7 3745 248
7 3746 50
7 3747 548
7 3748 247
7 3749 548
7 3750 50
7 3751 248
7 3752 50
7 3753 50
7 3754 248
7 3755 50
7 3756 50
7 3757 548
7 3758 50
7 3759 50
7 3760 548
7 3761 50
7 3762 247
7 3763 548
7 3764 248
7 3765 50
7 3766 548
7 3767 50
7 3768 50
7 3769 248
7 3770 50
7 3771 248
7 3772 248
7 3773 248
7 3774 50
7 3775 248
7 3776 50
7 3777 50
7 3778 248
7 3779 50
7 3780 50
7 3781 248
7 3782 50
7 3783 50
7 3784 248
7 3785 50
7 3786 248
7 3787 248
7 3788 248
7 3789 50
7 3790 248
7 3791 50
7 3792 50
7 3793 548
7 3794 50
7 3795 248
7 3796 548
7 3797 247
7 3798 50
7 3799 548
7 3800 50
7 3801 50
7 3802 548
7 3803 50
7 3804 50
7 3805 248
7 3806 50
7 3807 50
7 3808 248
7 3809 50
7 3810 548
7 3811 247
7 3812 548
7 3813 50
7 3814 248
7 3815 50
7 3816 247
7 3817 548
7 3818 247
7 3819 247
7 3820 548
7 3821 247
7 3822 247
7 3823 548
7 3824 248
7 3825 50
7 3826 548
7 3827 50
7 3828 248
7 3829 248
7 3830 248
7 3831 50
7 3832 248
7 3833 50
7 3834 548
7 3835 247
7 3836 548
7 3837 50
7 3838 248
7 3839 50
7 3840 50
7 3841 248
7 3842 50
7 3843 548
7 3844 247
7 3845 548
7 3846 50
7 3847 248
7 3848 50
7 3849 50
7 3850 248
7 3851 50
7 3852 50
7 3853 548
7 3854 50
7 3855 50
7 3856 548
7 3857 50
7 3858 247
7 3859 548
7 3860 248
7 3861 50
7 3862 548
7 3863 50
7 3864 50
7 3865 248
7 3866 50
7 3867 548
7 3868 247
7 3869 548
7 3870 50
7 3871 248
7 3872 50
7 3873 50
7 3874 248
7 3875 50
7 3876 50
7 3877 548
7 3878 50
7 3879 50
7 3880 548
7 3881 50
7 3882 247
7 3883 548
7 3884 248
7 3885 50
7 3886 548
7 3887 50
7 3888 50
7 3889 248
7 3890 50
7 3891 50
7 3892 248
7 3893 50
7 3894 50
7 3895 248
7 3896 50
7 3897 50
7 3898 248
7 3899 50
7 3900 50
7 3901 50
7 3902 50
7 3903 50
7 3904 50
7 3905 50
7 3906 248
7 3907 50
7 3908 248
7 3909 50
7 3910 50
7 3911 50
7 3912 50
7 3913 548
7 3914 50
7 3915 50
7 3916 548
7 3917 50
7 3918 50
7 3919 548
7 3920 50
7 3921 50
7 3922 548
7 3923 50
7 3924 50
7 3925 50
7 3926 50
7 3927 50
7 3928 50
7 3929 50
7 3930 548
7 3931 50
7 3932 548
7 3933 50
7 3934 50
7 3935 50
7 3936 247
7 3937 548
7 3938 248
7 3939 50
7 3940 548
7 3941 50
7 3942 247
7 3943 548
7 3944 248
7 3945 50
7 3946 548
7 3947 50
7 3948 248
7 3949 50
7 3950 248
7 3951 50
7 3952 50
7 3953 50
7 3954 548
7 3955 50
7 3956 548
7 3957 50
7 3958 50
7 3959 50
7 3960 50
7 3961 248
7 3962 50
7 3963 247
7 3964 248
7 3965 247
7 3966 50
7 3967 248
7 3968 50
7 3969 50
7 3970 248
7 3971 50
7 3972 50
7 3973 248
7 3974 50
7 3975 50
7 3976 248
7 3977 50
7 3978 248
7 3979 248
7 3980 248
7 3981 50
7 3982 248
7 3983 50
7 3984 50
7 3985 248
7 3986 50
7 3987 247
7 3988 248
7 3989 247
7 3990 50
7 3991 248
7 3992 50
7 3993 50
7 3994 248
7 3995 50
7 3996 50
7 3997 248
7 3998 50
7 3999 50
7 4000 248
7 4001 50
7 4002 248
7 4003 248
7 4004 248
7 4005 50
7 4006 248
7 4007 50
7 4008 50
7 4009 248
7 4010 50
7 4011 50
7 4012 248
7 4013 50
7 4014 50
7 4015 247
7 4016 50
7 4017 50
7 4018 247
7 4019 50
7 4020 50
7 4021 50
7 4022 50
7 4023 50
7 4024 50
7 4025 50
7 4026 248
7 4027 50
7 4028 248
7 4029 50
7 4030 50
7 4031 50
7 4032 50
7 4033 247
7 4034 50
7 4035 50
7 4036 248
7 4037 50
7 4038 50
7 4039 247
7 4040 50
7 4041 50
7 4042 248
7 4043 50
7 4044 50
7 4045 50
7 4046 50
7 4047 50
7 4048 50
7 4049 50
7 4050 247
7 4051 50
7 4052 247
7 4053 50
7 4054 50
7 4055 50
7 4056 248
7 4057 247
7 4058 248
7 4059 50
7 4060 248
7 4061 50
7 4062 248
7 4063 247
7 4064 248
7 4065 50
7 4066 248
7 4067 50
7 4068 248
7 4069 50
7 4070 248
7 4071 50
7 4072 50
7 4073 50
7 4074 247
7 4075 50
7 4076 247
7 4077 50
7 4078 50
7 4079 50
7 4080 50
7 4081 548
7 4082 50
7 4083 247
7 4084 548
7 4085 246
7 4086 50
7 4087 548
7 4088 50
7 4089 50
7 4090 548
7 4091 50
7 4092 50
7 4093 248
7 4094 50
7 4095 50
7 4096 248
7 4097 50
7 4098 548
7 4099 247
7 4100 548
7 4101 50
7 4102 247
7 4103 50
7 4104 50
7 4105 548
7 4106 50
7 4107 247
7 4108 548
7 4109 246
7 4110 50
7 4111 548
7 4112 50
7 4113 50
7 4114 548
7 4115 50
7 4116 50
7 4117 248
7 4118 50
7 4119 50
7 4120 248
7 4121 50
7 4122 548
7 4123 247
7 4124 548
7 4125 50
7 4126 248
7 4127 50
7 4128 50
7 4129 548
7 4130 50
7 4131 50
7 4132 548
7 4133 50
7 4134 50
7 4135 548
7 4136 50
7 4137 50
7 4138 548
7 4139 50
7 4140 50
7 4141 50
7 4142 50
7 4143 50
7 4144 50
7 4145 50
7 4146 548
7 4147 50
7 4148 548
7 4149 50
7 4150 50
7 4151 50
7 4152 50
7 4153 247
7 4154 50
7 4155 50
7 4156 248
7 4157 50
7 4158 50
7 4159 247
7 4160 50
7 4161 50
7 4162 248
7 4163 50
7 4164 50
7 4165 50
7 4166 50
7 4167 50
7 4168 50
7 4169 50
7 4170 247
7 4171 50
7 4172 247
7 4173 50
7 4174 50
7 4175 50
7 4176 548
7 4177 246
7 4178 548
7 4179 50
7 4180 247
7 4181 50
7 4182 548
7 4183 246
7 4184 548
7 4185 50
7 4186 247
7 4187 50
7 4188 548
7 4189 50
7 4190 548
7 4191 50
7 4192 50
7 4193 50
7 4194 246
7 4195 50
7 4196 247
7 4197 50
7 4198 50
7 4199 50
7 4200 246
7 4201 548
7 4202 246
7 4203 246
7 4204 548
7 4205 246
7 4206 246
7 4207 548
7 4208 247
7 4209 50
7 4210 548
7 4211 50
7 4212 247
7 4213 247
7 4214 246
7 4215 50
7 4216 247
7 4217 50
7 4218 548
7 4219 247
7 4220 548
7 4221 50
7 4222 247
7 4223 50
7 4224 246
7 4225 548
7 4226 246
7 4227 246
7 4228 548
7 4229 246
7 4230 246
7 4231 548
7 4232 247
7 4233 50
7 4234 548
7 4235 50
7 4236 247
7 4237 247
7 4238 247
7 4239 50
7 4240 247
7 4241 50
7 4242 548
7 4243 247
7 4244 548
7 4245 50
7 4246 248
7 4247 50
7 4248 246
7 4249 548
7 4250 247
7 4251 50
7 4252 548
7 4253 50
7 4254 246
7 4255 548
7 4256 247
7 4257 50
7 4258 548
7 4259 50
7 4260 247
7 4261 50
7 4262 247
7 4263 50
7 4264 50
7 4265 50
7 4266 548
7 4267 50
7 4268 548
7 4269 50
7 4270 50
7 4271 50
7 4272 247
7 4273 247
7 4274 247
7 4275 50
7 4276 247
7 4277 50
7 4278 247
7 4279 247
7 4280 247
7 4281 50
7 4282 248
7 4283 50
7 4284 247
7 4285 50
7 4286 246
7 4287 50
7 4288 50
7 4289 50
7 4290 246
7 4291 50
7 4292 247
7 4293 50
7 4294 50
7 4295 50
7 4296 548
7 4297 246
7 4298 548
7 4299 50
7 4300 247
7 4301 50
7 4302 548
7 4303 246
7 4304 548
7 4305 50
7 4306 247
7 4307 50
7 4308 548
7 4309 50
7 4310 548
7 4311 50
7 4312 50
7 4313 50
7 4314 246
7 4315 50
7 4316 247
7 4317 50
7 4318 50
7 4319 50
7 4320 50
7 4321 247
7 4322 50
7 4323 548
7 4324 247
7 4325 548
7 4326 50
7 4327 247
7 4328 50
7 4329 246
7 4330 247
7 4331 247
7 4332 50
7 4333 548
7 4334 50
7 4335 247
7 4336 548
7 4337 246
7 4338 247
7 4339 548
7 4340 247
7 4341 246
7 4342 548
7 4343 246
7 4344 50
7 4345 247
7 4346 50
7 4347 548
7 4348 247
7 4349 548
7 4350 50
7 4351 248
7 4352 50
7 4353 50
7 4354 248
7 4355 50
7 4356 50
7 4357 548
7 4358 50
7 4359 50
7 4360 548
7 4361 50
7 4362 247
7 4363 548
7 4364 248
7 4365 50
7 4366 548
7 4367 50
7 4368 50
7 4369 248
7 4370 50
7 4371 248
7 4372 248
7 4373 248
7 4374 50
7 4375 247
7 4376 50
7 4377 50
7 4378 247
7 4379 50
7 4380 50
7 4381 247
7 4382 50
7 4383 50
7 4384 247
7 4385 50
7 4386 248
7 4387 248
7 4388 248
7 4389 50
7 4390 248
7 4391 50
7 4392 50
7 4393 548
7 4394 50
7 4395 248
7 4396 548
7 4397 247
7 4398 50
7 4399 548
7 4400 50
7 4401 50
7 4402 548
7 4403 50
7 4404 50
7 4405 248
7 4406 50
7 4407 50
7 4408 248
7 4409 50
7 4410 548
7 4411 247
7 4412 548
7 4413 50
7 4414 247
7 4415 50
7 4416 247
7 4417 548
7 4418 247
7 4419 247
7 4420 548
7 4421 247
7 4422 247
7 4423 548
7 4424 248
7 4425 50
7 4426 548
7 4427 50
7 4428 248
7 4429 247
7 4430 247
7 4431 50
7 4432 247
7 4433 50
7 4434 548
7 4435 247
7 4436 548
7 4437 50
7 4438 247
7 4439 50
7 4440 50
7 4441 247
7 4442 50
7 4443 548
7 4444 247
7 4445 548
7 4446 50
7 4447 247
7 4448 50
7 4449 246
7 4450 247
7 4451 247
7 4452 50
7 4453 548
7 4454 50
7 4455 247
7 4456 548
7 4457 246
7 4458 247
7 4459 548
7 4460 247
7 4461 246
7 4462 548
7 4463 246
7 4464 50
7 4465 247
7 4466 50
7 4467 548
7 4468 247
7 4469 548
7 4470 50
7 4471 248
7 4472 50
7 4473 50
7 4474 248
7 4475 50
7 4476 50
7 4477 548
7 4478 50
7 4479 50
7 4480 548
7 4481 50
7 4482 247
7 4483 548
7 4484 248
7 4485 50
7 4486 548
7 4487 50
7 4488 50
7 4489 248
7 4490 50
7 4491 248
7 4492 248
7 4493 248
7 4494 50
7 4495 248
7 4496 50
7 4497 50
7 4498 248
7 4499 50
7 4500 50
7 4501 247
7 4502 50
7 4503 50
7 4504 247
7 4505 50
7 4506 248
7 4507 248
7 4508 248
7 4509 50
7 4510 248
7 4511 50
7 4512 50
7 4513 548
7 4514 50
7 4515 248
7 4516 548
7 4517 247
7 4518 50
7 4519 548
7 4520 50
7 4521 50
7 4522 548
7 4523 50
7 4524 50
7 4525 248
7 4526 50
7 4527 50
7 4528 248
7 4529 50
7 4530 548
7 4531 247
7 4532 548
7 4533 50
7 4534 248
7 4535 50
7 4536 247
7 4537 548
7 4538 247
7 4539 247
7 4540 548
7 4541 247
7 4542 247
7 4543 548
7 4544 248
7 4545 50
7 4546 548
7 4547 50
7 4548 248
7 4549 248
7 4550 248
7 4551 50
7 4552 248
7 4553 50
7 4554 548
7 4555 247
7 4556 548
7 4557 50
7 4558 248
7 4559 50
7 4560 50
7 4561 247
7 4562 50
7 4563 548
7 4564 247
7 4565 548
7 4566 50
7 4567 248
7 4568 50
7 4569 50
7 4570 248
7 4571 50
7 4572 50
7 4573 548
7 4574 50
7 4575 50
7 4576 548
7 4577 50
7 4578 247
7 4579 548
7 4580 248
7 4581 50
7 4582 548
7 4583 50
7 4584 50
7 4585 247
7 4586 50
7 4587 548
7 4588 247
7 4589 548
7 4590 50
7 4591 248
7 4592 50
7 4593 50
7 4594 248
7 4595 50
7 4596 50
7 4597 548
7 4598 50
7 4599 50
7 4600 548
7 4601 50
7 4602 247
7 4603 548
7 4604 248
7 4605 50
7 4606 548
7 4607 50
7 4608 50
7 4609 248
7 4610 50
7 4611 50
7 4612 248
7 4613 50
7 4614 50
7 4615 248
7 4616 50
7 4617 50
7 4618 248
7 4619 50
7 4620 50
7 4621 50
7 4622 50
7 4623 50
7 4624 50
7 4625 50
7 4626 248
7 4627 50
7 4628 248
7 4629 50
7 4630 50
7 4631 50
7 4632 50
7 4633 548
7 4634 50
7 4635 50
7 4636 548
7 4637 50
7 4638 50
7 4639 548
7 4640 50
7 4641 50
7 4642 548
7 4643 50
7 4644 50
7 4645 50
7 4646 50
7 4647 50
7 4648 50
7 4649 50
7 4650 548
7 4651 50
7 4652 548
7 4653 50
7 4654 50
7 4655 50
7 4656 247
7 4657 548
7 4658 248
7 4659 50
7 4660 548
7 4661 50
7 4662 247
7 4663 548
7 4664 248
7 4665 50
7 4666 548
7 4667 50
7 4668 248
7 4669 50
7 4670 248
7 4671 50
7 4672 50
7 4673 50
7 4674 548
7 4675 50
7 4676 548
7 4677 50
7 4678 50
7 4679 50
7 4680 50
7 4681 248
7 4682 50
7 4683 247
7 4684 248
7 4685 247
7 4686 50
7 4687 248
7 4688 50
7 4689 50
7 4690 248
7 4691 50
7 4692 50
7 4693 247
7 4694 50
7 4695 50
7 4696 248
7 4697 50
7 4698 248
7 4699 248
7 4700 248
7 4701 50
7 4702 248
7 4703 50
7 4704 50
7 4705 248
7 4706 50
7 4707 247
7 4708 248
7 4709 247
7 4710 50
7 4711 248
7 4712 50
7 4713 50
7 4714 248
7 4715 50
7 4716 50
7 4717 248
7 4718 50
7 4719 50
7 4720 248
7 4721 50
7 4722 248
7 4723 248
7 4724 248
7 4725 50
7 4726 248
7 4727 50
7 4728 50
7 4729 248
7 4730 50
7 4731 50
7 4732 248
7 4733 50
7 4734 50
7 4735 247
7 4736 50
7 4737 50
7 4738 247
7 4739 50
7 4740 50
7 4741 50
7 4742 50
7 4743 50
7 4744 50
7 4745 50
7 4746 248
7 4747 50
7 4748 248
7 4749 50
7 4750 50
7 4751 50
7 4752 50
7 4753 247
7 4754 50
7 4755 50
7 4756 247
7 4757 50
7 4758 50
7 4759 247
7 4760 50
7 4761 50
7 4762 248
7 4763 50
7 4764 50
7 4765 50
7 4766 50
7 4767 50
7 4768 50
7 4769 50
7 4770 246
7 4771 50
7 4772 247
7 4773 50
7 4774 50
7 4775 50
7 4776 248
7 4777 247
7 4778 248
7 4779 50
7 4780 248
7 4781 50
7 4782 248
7 4783 247
7 4784 248
7 4785 50
7 4786 248
7 4787 50
7 4788 248
7 4789 50
7 4790 248
7 4791 50
7 4792 50
7 4793 50
7 4794 247
7 4795 50
7 4796 247
7 4797 50
7 4798 50
7 4799 50
7 4800 50
7 4801 548
7 4802 50
7 4803 247
7 4804 548
7 4805 246
7 4806 50
7 4807 548
7 4808 50
7 4809 50
7 4810 548
7 4811 50
7 4812 50
7 4813 248
7 4814 50
7 4815 50
7 4816 248
7 4817 50
7 4818 548
7 4819 247
7 4820 548
7 4821 50
7 4822 247
7 4823 50
7 4824 50
7 4825 548
7 4826 50
7 4827 247
7 4828 548
7 4829 246
7 4830 50
7 4831 548
7 4832 50
7 4833 50
7 4834 548
7 4835 50
7 4836 50
7 4837 248
7 4838 50
7 4839 50
7 4840 248
7 4841 50
7 4842 548
7 4843 247
7 4844 548
7 4845 50
7 4846 248
7 4847 50
7 4848 50
7 4849 548
7 4850 50
7 4851 50
7 4852 548
7 4853 50
7 4854 50
7 4855 548
7 4856 50
7 4857 50
7 4858 548
7 4859 50
7 4860 50
7 4861 50
7 4862 50
7 4863 50
7 4864 50
7 4865 50
7 4866 548
7 4867 50
7 4868 548
7 4869 50
7 4870 50
7 4871 50
7 4872 50
7 4873 247
7 4874 50
7 4875 50
7 4876 248
7 4877 50
7 4878 50
7 4879 247
7 4880 50
7 4881 50
7 4882 248
7 4883 50
7 4884 50
7 4885 50
7 4886 50
7 4887 50
7 4888 50
7 4889 50
7 4890 247
7 4891 50
7 4892 247
7 4893 50
7 4894 50
7 4895 50
7 4896 548
7 4897 246
7 4898 548
7 4899 50
7 4900 247
7 4901 50
7 4902 548
7 4903 246
7 4904 548
7 4905 50
7 4906 247
7 4907 50
7 4908 548
7 4909 50
7 4910 548
7 4911 50
7 4912 50
7 4913 50
7 4914 246
7 4915 50
7 4916 247
7 4917 50
7 4918 50
7 4919 50
7 4920 246
7 4921 548
7 4922 246
7 4923 246
7 4924 548
7 4925 246
7 4926 246
7 4927 548
7 4928 247
7 4929 50
7 4930 548
7 4931 50
7 4932 247
7 4933 247
7 4934 246
7 4935 50
7 4936 247
7 4937 50
7 4938 548
7 4939 247
7 4940 548
7 4941 50
7 4942 247
7 4943 50
7 4944 246
7 4945 548
7 4946 246
7 4947 246
7 4948 548
7 4949 246
7 4950 246
7 4951 548
7 4952 247
7 4953 50
7 4954 548
7 4955 50
7 4956 247
7 4957 247
7 4958 247
7 4959 50
7 4960 247
7 4961 50
7 4962 548
7 4963 247
7 4964 548
7 4965 50
7 4966 248
7 4967 50
7 4968 246
7 4969 548
7 4970 247
7 4971 50
7 4972 548
7 4973 50
7 4974 246
7 4975 548
7 4976 247
7 4977 50
7 4978 548
7 4979 50
7 4980 247
7 4981 50
7 4982 247
7 4983 50
7 4984 50
7 4985 50
7 4986 548
7 4987 50
7 4988 548
7 4989 50
7 4990 50
7 4991 50
7 4992 247
7 4993 247
7 4994 247
7 4995 50
7 4996 247
7 4997 50
7 4998 247
7 4999 247
7 5000 247
7 5001 50
7 5002 248
7 5003 50
7 5004 247
7 5005 50
7 5006 246
7 5007 50
7 5008 50
7 5009 50
7 5010 246
7 5011 50
7 5012 247
7 5013 50
7 5014 50
7 5015 50
7 5016 548
7 5017 246
7 5018 548
7 5019 50
7 5020 247
7 5021 50
7 5022 548
7 5023 246
7 5024 548
7 5025 50
7 5026 247
7 5027 50
7 5028 548
7 5029 50
7 5030 548
7 5031 50
7 5032 50
7 5033 50
7 5034 246
7 5035 50
7 5036 247
7 5037 50
7 5038 50
7 5039 50
