3 0 40320
3 1 40320
3 2 40320
3 3 40155
3 4 40110
3 5 39748
4 0 39720
4 1 39760
4 2 39720
4 3 39000
4 4 39760
4 5 39000
4 6 37310
4 7 37386
4 8 37736
4 9 32954
4 10 38407
4 11 33928
4 12 31653
4 13 31744
4 14 31093
4 15 26419
4 16 31723
4 17 25726
4 18 34512
4 19 31744
4 20 34971
4 21 25701
4 22 31723
4 23 25726
5 0 23632
5 1 30552
5 2 23544
5 3 28120
5 4 30816
5 5 28120
5 6 23632
5 7 30552
5 8 24352
5 9 20032
5 10 30816
5 11 20704
5 12 24352
5 13 28120
5 14 23632
5 15 20704
5 16 28120
5 17 20032
5 18 30552
5 19 28120
5 20 30816
5 21 20024
5 22 28120
5 23 20032
5 24 22277
5 25 26196
5 26 22249
5 27 22961
5 28 26310
5 29 22961
5 30 23120
5 31 26431
5 32 23588
5 33 16649
5 34 27547
5 35 17047
5 36 23808
5 37 24248
5 38 24017
5 39 17022
5 40 24448
5 41 17079
5 42 27521
5 43 24453
5 44 27660
5 45 17083
5 46 25339
5 47 17156
5 48 9656
5 49 16408
5 50 9871
5 51 9363
5 52 16559
5 53 9418
5 54 9560
5 55 16302
5 56 9906
5 57 7035
5 58 16437
5 59 7036
5 60 9901
5 61 9210
5 62 9885
5 63 7068
5 64 9161
5 65 6996
5 66 16515
5 67 9470
5 68 16574
5 69 7066
5 70 9443
5 71 7034
5 72 9915
5 73 16180
5 74 9903
5 75 9461
5 76 16211
5 77 9240
5 78 9900
5 79 16199
5 80 9868
5 81 7068
5 82 16466
5 83 7066
5 84 9889
5 85 9447
5 86 9560
5 87 7037
5 88 9443
5 89 7034
5 90 15924
5 91 9176
5 92 16230
5 93 6995
5 94 9161
5 95 6996
5 96 16302
5 97 15956
5 98 16344
5 99 9208
5 100 16199
5 101 9197
5 102 16363
5 103 15956
5 104 16466
5 105 6995
5 106 16199
5 107 7064
5 108 16464
5 109 9207
5 110 16361
5 111 7064
5 112 9160
5 113 6995
5 114 15924
5 115 9176
5 116 16230
5 117 6995
5 118 9161
5 119 6996
6 0 4496
6 1 9856
6 2 4496
6 3 12008
6 4 9856
6 5 12008
6 6 4496
6 7 9848
6 8 4608
6 9 6080
6 10 9848
6 11 6224
6 12 4608
6 13 12112
6 14 4496
6 15 6224
6 16 12136
6 17 6096
6 18 9864
6 19 12112
6 20 9848
6 21 6096
6 22 12136
6 23 6080
6 24 4496
6 25 9856
6 26 4496
6 27 12008
6 28 9856
6 29 12008
6 30 4520
6 31 9952
6 32 4632
6 33 3664
6 34 9952
6 35 3672
6 36 4624
6 37 12120
6 38 4632
6 39 3672
6 40 12136
6 41 3680
6 42 9864
6 43 12128
6 44 9960
6 45 3680
6 46 12216
6 47 3672
6 48 4520
6 49 9952
6 50 4616
6 51 6200
6 52 9968
6 53 6224
6 54 4496
6 55 9856
6 56 4624
6 57 3672
6 58 9864
6 59 3672
6 60 4616
6 61 6088
6 62 4608
6 63 3680
6 64 6080
6 65 3664
6 66 9976
6 67 6240
6 68 9976
6 69 3680
6 70 6240
6 71 3672
6 72 4616
6 73 12096
6 74 4624
6 75 6232
6 76 12120
6 77 6096
6 78 4608
6 79 12112
6 80 4608
6 81 3680
6 82 12224
6 83 3680
6 84 4632
6 85 6232
6 86 4496
6 87 3672
6 88 6240
6 89 3672
6 90 12008
6 91 6080
6 92 12128
6 93 3664
6 94 6080
6 95 3664
6 96 9856
6 97 12016
6 98 9848
6 99 6088
6 100 12120
6 101 6088
6 102 9856
6 103 12016
6 104 9952
6 105 3664
6 106 12120
6 107 3680
6 108 9952
6 109 6088
6 110 9856
6 111 3680
6 112 6080
6 113 3664
6 114 12008
6 115 6080
6 116 12128
6 117 3664
6 118 6080
6 119 3664
6 120 6932
6 121 11278
6 122 6918
6 123 10294
6 124 11335
6 125 10294
6 126 6932
6 127 11276
6 128 7112
6 129 6018
6 130 11333
6 131 6162
6 132 7112
6 133 10326
6 134 6932
6 135 6162
6 136 10332
6 137 6023
6 138 11280
6 139 10326
6 140 11333
6 141 6022
6 142 10332
6 143 6018
6 144 6980
6 145 11442
6 146 6980
6 147 10328
6 148 11442
6 149 10328
6 150 7047
6 151 11419
6 152 7296
6 153 4818
6 154 11538
6 155 4855
6 156 7344
6 157 10850
6 158 7348
6 159 4856
6 160 10947
6 161 4887
6 162 11586
6 163 10738
6 164 11631
6 165 4885
6 166 11018
6 167 4860
6 168 7072
6 169 11541
6 170 7246
6 171 6332
6 172 11602
6 173 6367
6 174 7078
6 175 11555
6 176 7346
6 177 4857
6 178 11617
6 179 4858
6 180 7325
6 181 6225
6 182 7314
6 183 4886
6 184 6188
6 185 4856
6 186 11602
6 187 6423
6 188 11678
6 189 4886
6 190 6379
6 191 4888
6 192 7308
6 193 10875
6 194 7310
6 195 6397
6 196 10885
6 197 6252
6 198 7344
6 199 10865
6 200 7348
6 201 4889
6 202 10957
6 203 4886
6 204 7361
6 205 6411
6 206 7334
6 207 4862
6 208 6377
6 209 4888
6 210 10959
6 211 6222
6 212 10988
6 213 4860
6 214 6359
6 215 4860
6 216 11420
6 217 10681
6 218 11417
6 219 6245
6 220 10717
6 221 6245
6 222 11584
6 223 10704
6 224 11601
6 225 4857
6 226 10990
6 227 4888
6 228 11679
6 229 6424
6 230 11622
6 231 4890
6 232 6399
6 233 4859
6 234 11004
6 235 6286
6 236 11010
6 237 4860
6 238 6401
6 239 4859
6 240 1083
6 241 2850
6 242 1083
6 243 4389
6 244 2850
6 245 4389
6 246 1086
6 247 2871
6 248 1105
6 249 894
6 250 2872
6 251 894
6 252 1103
6 253 4422
6 254 1104
6 255 894
6 256 4443
6 257 894
6 258 2852
6 259 4424
6 260 2872
6 261 894
6 262 4443
6 263 893
6 264 1082
6 265 2847
6 266 1082
6 267 4389
6 268 2847
6 269 4389
6 270 1086
6 271 2872
6 272 1103
6 273 892
6 274 2873
6 275 892
6 276 1102
6 277 4422
6 278 1103
6 279 892
6 280 4426
6 281 893
6 282 2848
6 283 4408
6 284 2873
6 285 893
6 286 4426
6 287 892
6 288 1085
6 289 2873
6 290 1104
6 291 894
6 292 2874
6 293 894
6 294 1085
6 295 2873
6 296 1104
6 297 893
6 298 2872
6 299 893
6 300 1102
6 301 893
6 302 1102
6 303 893
6 304 891
6 305 891
6 306 2875
6 307 895
6 308 2876
6 309 895
6 310 892
6 311 892
6 312 1102
6 313 4419
6 314 1104
6 315 896
6 316 4424
6 317 896
6 318 1103
6 319 4422
6 320 1104
6 321 894
6 322 4440
6 323 895
6 324 1103
6 325 894
6 326 1102
6 327 894
6 328 892
6 329 892
6 330 4408
6 331 895
6 332 4426
6 333 894
6 334 893
6 335 893
6 336 2851
6 337 4408
6 338 2872
6 339 895
6 340 4440
6 341 894
6 342 2851
6 343 4408
6 344 2873
6 345 895
6 346 4440
6 347 894
6 348 2877
6 349 896
6 350 2874
6 351 896
6 352 893
6 353 893
6 354 4421
6 355 895
6 356 4426
6 357 895
6 358 892
6 359 892
6 360 1085
6 361 2874
6 362 1103
6 363 2204
6 364 2876
6 365 2205
6 366 1086
6 367 2872
6 368 1106
6 369 895
6 370 2872
6 371 895
6 372 1104
6 373 2199
6 374 1103
6 375 896
6 376 2226
6 377 894
6 378 2876
6 379 2229
6 380 2876
6 381 896
6 382 2228
6 383 894
6 384 1086
6 385 2874
6 386 1101
6 387 2204
6 388 2875
6 389 2203
6 390 1085
6 391 2872
6 392 1104
6 393 893
6 394 2874
6 395 893
6 396 1103
6 397 2223
6 398 1102
6 399 894
6 400 2226
6 401 895
6 402 2877
6 403 2228
6 404 2876
6 405 895
6 406 2227
6 407 894
6 408 1085
6 409 2870
6 410 1105
6 411 894
6 412 2873
6 413 894
6 414 1082
6 415 2847
6 416 1101
6 417 892
6 418 2848
6 419 892
6 420 1103
6 421 894
6 422 1102
6 423 894
6 424 892
6 425 892
6 426 2874
6 427 895
6 428 2874
6 429 894
6 430 892
6 431 892
6 432 1102
6 433 2203
6 434 1103
6 435 895
6 436 2199
6 437 894
6 438 1103
6 439 2203
6 440 1100
6 441 893
6 442 2224
6 443 894
6 444 1102
6 445 894
6 446 1099
6 447 893
6 448 893
6 449 893
6 450 2174
6 451 892
6 452 2198
6 453 891
6 454 891
6 455 891
6 456 2875
6 457 2206
6 458 2876
6 459 896
6 460 2229
6 461 895
6 462 2876
6 463 2206
6 464 2877
6 465 894
6 466 2229
6 467 895
6 468 2877
6 469 896
6 470 2875
6 471 895
6 472 893
6 473 893
6 474 2204
6 475 892
6 476 2208
6 477 892
6 478 892
6 479 892
6 480 1100
6 481 4403
6 482 1101
6 483 2204
6 484 4419
6 485 2180
6 486 1101
6 487 4406
6 488 1104
6 489 895
6 490 4440
6 491 896
6 492 1104
6 493 2226
6 494 1101
6 495 895
6 496 2230
6 497 895
6 498 4406
6 499 2199
6 500 4424
6 501 894
6 502 2201
6 503 894
6 504 1101
6 505 4406
6 506 1101
6 507 2206
6 508 4422
6 509 2178
6 510 1102
6 511 4406
6 512 1102
6 513 893
6 514 4424
6 515 895
6 516 1104
6 517 2226
6 518 1104
6 519 894
6 520 2228
6 521 896
6 522 4440
6 523 2202
6 524 4440
6 525 894
6 526 2222
6 527 895
6 528 1102
6 529 4406
6 530 1102
6 531 896
6 532 4438
6 533 895
6 534 1099
6 535 4405
6 536 1102
6 537 894
6 538 4423
6 539 894
6 540 1100
6 541 894
6 542 1100
6 543 893
6 544 893
6 545 893
6 546 4422
6 547 895
6 548 4423
6 549 895
6 550 893
6 551 893
6 552 1102
6 553 2207
6 554 1103
6 555 895
6 556 2228
6 557 894
6 558 1103
6 559 2207
6 560 1102
6 561 893
6 562 2231
6 563 895
6 564 1102
6 565 894
6 566 1082
6 567 892
6 568 892
6 569 892
6 570 2204
6 571 892
6 572 2208
6 573 892
6 574 892
6 575 892
6 576 4389
6 577 2175
6 578 4407
6 579 893
6 580 2197
6 581 892
6 582 4407
6 583 2175
6 584 4407
6 585 891
6 586 2197
6 587 893
6 588 4407
6 589 893
6 590 4407
6 591 893
6 592 891
6 593 891
6 594 2174
6 595 892
6 596 2198
6 597 891
6 598 891
6 599 891
6 600 2847
6 601 4390
6 602 2846
6 603 2175
6 604 4407
6 605 2175
6 606 2847
6 607 4390
6 608 2870
6 609 893
6 610 4422
6 611 894
6 612 2870
6 613 2197
6 614 2846
6 615 894
6 616 2198
6 617 893
6 618 4406
6 619 2199
6 620 4424
6 621 893
6 622 2197
6 623 892
6 624 2847
6 625 4392
6 626 2846
6 627 2175
6 628 4408
6 629 2175
6 630 2850
6 631 4392
6 632 2872
6 633 891
6 634 4423
6 635 893
6 636 2870
6 637 2198
6 638 2871
6 639 893
6 640 2198
6 641 894
6 642 4440
6 643 2199
6 644 4440
6 645 894
6 646 2221
6 647 893
6 648 2850
6 649 4392
6 650 2871
6 651 895
6 652 4422
6 653 894
6 654 2847
6 655 4392
6 656 2872
6 657 893
6 658 4424
6 659 893
6 660 2873
6 661 894
6 662 2873
6 663 894
6 664 891
6 665 891
6 666 4406
6 667 895
6 668 4423
6 669 894
6 670 893
6 671 893
6 672 2874
6 673 2201
6 674 2872
6 675 896
6 676 2199
6 677 895
6 678 2874
6 679 2200
6 680 2872
6 681 894
6 682 2222
6 683 894
6 684 2870
6 685 895
6 686 2847
6 687 893
6 688 893
6 689 893
6 690 2174
6 691 892
6 692 2198
6 693 891
6 694 891
6 695 891
6 696 4389
6 697 2175
6 698 4407
6 699 893
6 700 2197
6 701 892
6 702 4407
6 703 2175
6 704 4407
6 705 891
6 706 2197
6 707 893
6 708 4407
6 709 893
6 710 4407
6 711 893
6 712 891
6 713 891
6 714 2174
6 715 892
6 716 2198
6 717 891
6 718 891
6 719 891
7 0 296
7 1 872
7 2 296
7 3 2320
7 4 872
7 5 2320
7 6 296
7 7 872
7 8 296
7 9 1352
7 10 872
7 11 1360
7 12 296
7 13 2320
7 14 296
7 15 1360
7 16 2320
7 17 1352
7 18 872
7 19 2320
7 20 872
7 21 1352
7 22 2320
7 23 1352
7 24 296
7 25 872
7 26 296
7 27 2320
7 28 872
7 29 2320
7 30 296
7 31 880
7 32 296
7 33 296
7 34 880
7 35 296
7 36 296
7 37 2320
7 38 296
7 39 296
7 40 2320
7 41 296
7 42 872
7 43 2320
7 44 880
7 45 296
7 46 2320
7 47 296
7 48 296
7 49 880
7 50 296
7 51 1368
7 52 880
7 53 1368
7 54 296
7 55 872
7 56 296
7 57 296
7 58 872
7 59 296
7 60 296
7 61 1360
7 62 296
7 63 296
7 64 1360
7 65 296
7 66 880
7 67 1368
7 68 880
7 69 296
7 70 1368
7 71 296
7 72 296
7 73 2320
7 74 296
7 75 1368
7 76 2320
7 77 1360
7 78 296
7 79 2320
7 80 296
7 81 296
7 82 2320
7 83 296
7 84 296
7 85 1368
7 86 296
7 87 296
7 88 1368
7 89 296
7 90 2320
7 91 1360
7 92 2320
7 93 296
7 94 1360
7 95 296
7 96 872
7 97 2320
7 98 872
7 99 1360
7 100 2320
7 101 1360
7 102 872
7 103 2320
7 104 880
7 105 296
7 106 2320
7 107 296
7 108 880
7 109 1360
7 110 872
7 111 296
7 112 1360
7 113 296
7 114 2320
7 115 1360
7 116 2320
7 117 296
7 118 1360
7 119 296
7 120 296
7 121 872
7 122 296
7 123 2320
7 124 872
7 125 2320
7 126 296
7 127 872
7 128 296
7 129 1352
7 130 872
7 131 1360
7 132 296
7 133 2320
7 134 296
7 135 1360
7 136 2320
7 137 1352
7 138 872
7 139 2320
7 140 872
7 141 1352
7 142 2320
7 143 1352
7 144 296
7 145 872
7 146 296
7 147 2320
7 148 872
7 149 2320
7 150 296
7 151 880
7 152 296
7 153 296
7 154 880
7 155 296
7 156 296
7 157 2320
7 158 296
7 159 296
7 160 2320
7 161 296
7 162 872
7 163 2320
7 164 880
7 165 296
7 166 2320
7 167 296
7 168 296
7 169 880
7 170 296
7 171 1368
7 172 880
7 173 1368
7 174 296
7 175 880
7 176 296
7 177 296
7 178 880
7 179 296
7 180 296
7 181 1360
7 182 296
7 183 296
7 184 1360
7 185 296
7 186 880
7 187 1368
7 188 880
7 189 296
7 190 1368
7 191 296
7 192 296
7 193 2320
7 194 296
7 195 1368
7 196 2320
7 197 1360
7 198 296
7 199 2320
7 200 296
7 201 296
7 202 2320
7 203 296
7 204 296
7 205 1368
7 206 296
7 207 296
7 208 1368
7 209 296
7 210 2320
7 211 1360
7 212 2320
7 213 296
7 214 1368
7 215 296
7 216 872
7 217 2320
7 218 872
7 219 1360
7 220 2320
7 221 1360
7 222 872
7 223 2320
7 224 880
7 225 296
7 226 2320
7 227 296
7 228 880
7 229 1368
7 230 880
7 231 296
7 232 1368
7 233 296
7 234 2320
7 235 1360
7 236 2320
7 237 296
7 238 1368
7 239 296
7 240 296
7 241 872
7 242 296
7 243 2320
7 244 872
7 245 2320
7 246 296
7 247 880
7 248 296
7 249 296
7 250 880
7 251 296
7 252 296
7 253 2320
7 254 296
7 255 296
7 256 2320
7 257 296
7 258 872
7 259 2320
7 260 880
7 261 296
7 262 2320
7 263 296
7 264 296
7 265 872
7 266 296
7 267 2320
7 268 872
7 269 2320
7 270 296
7 271 880
7 272 296
7 273 296
7 274 880
7 275 296
7 276 296
7 277 2320
7 278 296
7 279 296
7 280 2320
7 281 296
7 282 872
7 283 2320
7 284 880
7 285 296
7 286 2320
7 287 296
7 288 296
7 289 880
7 290 296
7 291 296
7 292 880
7 293 296
7 294 296
7 295 880
7 296 296
7 297 296
7 298 880
7 299 296
7 300 296
7 301 296
7 302 296
7 303 296
7 304 296
7 305 296
7 306 880
7 307 296
7 308 880
7 309 296
7 310 296
7 311 296
7 312 296
7 313 2320
7 314 296
7 315 296
7 316 2320
7 317 296
7 318 296
7 319 2320
7 320 296
7 321 296
7 322 2320
7 323 296
7 324 296
7 325 296
7 326 296
7 327 296
7 328 296
7 329 296
7 330 2320
7 331 296
7 332 2320
7 333 296
7 334 296
7 335 296
7 336 872
7 337 2320
7 338 880
7 339 296
7 340 2320
7 341 296
7 342 872
7 343 2320
7 344 880
7 345 296
7 346 2320
7 347 296
7 348 880
7 349 296
7 350 880
7 351 296
7 352 296
7 353 296
7 354 2320
7 355 296
7 356 2320
7 357 296
7 358 296
7 359 296
7 360 296
7 361 880
7 362 296
7 363 1360
7 364 880
7 365 1360
7 366 296
7 367 880
7 368 296
7 369 296
7 370 880
7 371 296
7 372 296
7 373 1360
7 374 296
7 375 296
7 376 1368
7 377 296
7 378 880
7 379 1368
7 380 880
7 381 296
7 382 1368
7 383 296
7 384 296
7 385 880
7 386 296
7 387 1360
7 388 880
7 389 1360
7 390 296
7 391 880
7 392 296
7 393 296
7 394 880
7 395 296
7 396 296
7 397 1368
7 398 296
7 399 296
7 400 1368
7 401 296
7 402 880
7 403 1368
7 404 880
7 405 296
7 406 1368
7 407 296
7 408 296
7 409 880
7 410 296
7 411 296
7 412 880
7 413 296
7 414 296
7 415 872
7 416 296
7 417 296
7 418 872
7 419 296
7 420 296
7 421 296
7 422 296
7 423 296
7 424 296
7 425 296
7 426 880
7 427 296
7 428 880
7 429 296
7 430 296
7 431 296
7 432 296
7 433 1360
7 434 296
7 435 296
7 436 1360
7 437 296
7 438 296
7 439 1360
7 440 296
7 441 296
7 442 1368
7 443 296
7 444 296
7 445 296
7 446 296
7 447 296
7 448 296
7 449 296
7 450 1352
7 451 296
7 452 1360
7 453 296
7 454 296
7 455 296
7 456 880
7 457 1360
7 458 880
7 459 296
7 460 1368
7 461 296
7 462 880
7 463 1360
7 464 880
7 465 296
7 466 1368
7 467 296
7 468 880
7 469 296
7 470 880
7 471 296
7 472 296
7 473 296
7 474 1360
7 475 296
7 476 1360
7 477 296
7 478 296
7 479 296
7 480 296
7 481 2320
7 482 296
7 483 1360
7 484 2320
7 485 1352
7 486 296
7 487 2320
7 488 296
7 489 296
7 490 2320
7 491 296
7 492 296
7 493 1368
7 494 296
7 495 296
7 496 1368
7 497 296
7 498 2320
7 499 1360
7 500 2320
7 501 296
7 502 1360
7 503 296
7 504 296
7 505 2320
7 506 296
7 507 1360
7 508 2320
7 509 1352
7 510 296
7 511 2320
7 512 296
7 513 296
7 514 2320
7 515 296
7 516 296
7 517 1368
7 518 296
7 519 296
7 520 1368
7 521 296
7 522 2320
7 523 1360
7 524 2320
7 525 296
7 526 1368
7 527 296
7 528 296
7 529 2320
7 530 296
7 531 296
7 532 2320
7 533 296
7 534 296
7 535 2320
7 536 296
7 537 296
7 538 2320
7 539 296
7 540 296
7 541 296
7 542 296
7 543 296
7 544 296
7 545 296
7 546 2320
7 547 296
7 548 2320
7 549 296
7 550 296
7 551 296
7 552 296
7 553 1360
7 554 296
7 555 296
7 556 1368
7 557 296
7 558 296
7 559 1360
7 560 296
7 561 296
7 562 1368
7 563 296
7 564 296
7 565 296
7 566 296
7 567 296
7 568 296
7 569 296
7 570 1360
7 571 296
7 572 1360
7 573 296
7 574 296
7 575 296
7 576 2320
7 577 1352
7 578 2320
7 579 296
7 580 1360
7 581 296
7 582 2320
7 583 1352
7 584 2320
7 585 296
7 586 1360
7 587 296
7 588 2320
7 589 296
7 590 2320
7 591 296
7 592 296
7 593 296
7 594 1352
7 595 296
7 596 1360
7 597 296
7 598 296
7 599 296
7 600 872
7 601 2320
7 602 872
7 603 1352
7 604 2320
7 605 1352
7 606 872
7 607 2320
7 608 880
7 609 296
7 610 2320
7 611 296
7 612 880
7 613 1360
7 614 872
7 615 296
7 616 1360
7 617 296
7 618 2320
7 619 1360
7 620 2320
7 621 296
7 622 1360
7 623 296
7 624 872
7 625 2320
7 626 872
7 627 1352
7 628 2320
7 629 1352
7 630 872
7 631 2320
7 632 880
7 633 296
7 634 2320
7 635 296
7 636 880
7 637 1360
7 638 880
7 639 296
7 640 1360
7 641 296
7 642 2320
7 643 1360
7 644 2320
7 645 296
7 646 1368
7 647 296
7 648 872
7 649 2320
7 650 880
7 651 296
7 652 2320
7 653 296
7 654 872
7 655 2320
7 656 880
7 657 296
7 658 2320
7 659 296
7 660 880
7 661 296
7 662 880
7 663 296
7 664 296
7 665 296
7 666 2320
7 667 296
7 668 2320
7 669 296
7 670 296
7 671 296
7 672 880
7 673 1360
7 674 880
7 675 296
7 676 1360
7 677 296
7 678 880
7 679 1360
7 680 880
7 681 296
7 682 1368
7 683 296
7 684 880
7 685 296
7 686 872
7 687 296
7 688 296
7 689 296
7 690 1352
7 691 296
7 692 1360
7 693 296
7 694 296
7 695 296
7 696 2320
7 697 1352
7 698 2320
7 699 296
7 700 1360
7 701 296
7 702 2320
7 703 1352
7 704 2320
7 705 296
7 706 1360
7 707 296
7 708 2320
7 709 296
7 710 2320
7 711 296
7 712 296
7 713 296
7 714 1352
7 715 296
7 716 1360
7 717 296
7 718 296
7 719 296
7 720 878
7 721 2277
7 722 878
7 723 2973
7 724 2277
7 725 2973
7 726 878
7 727 2276
7 728 895
7 729 1372
7 730 2276
7 731 1394
7 732 895
7 733 2989
7 734 878
7 735 1394
7 736 2992
7 737 1374
7 738 2278
7 739 2989
7 740 2276
7 741 1374
7 742 2992
7 743 1372
7 744 878
7 745 2277
7 746 878
7 747 2973
7 748 2277
7 749 2973
7 750 881
7 751 2293
7 752 898
7 753 687
7 754 2293
7 755 688
7 756 897
7 757 2990
7 758 898
7 759 688
7 760 2992
7 761 689
7 762 2278
7 763 2991
7 764 2294
7 765 689
7 766 3005
7 767 688
7 768 881
7 769 2293
7 770 896
7 771 1393
7 772 2295
7 773 1396
7 774 878
7 775 2277
7 776 897
7 777 688
7 778 2278
7 779 688
7 780 896
7 781 1375
7 782 895
7 783 689
7 784 1374
7 785 687
7 786 2296
7 787 1398
7 788 2296
7 789 689
7 790 1398
7 791 688
7 792 896
7 793 2987
7 794 897
7 795 1397
7 796 2990
7 797 1376
7 798 895
7 799 2989
7 800 895
7 801 689
7 802 3006
7 803 689
7 804 898
7 805 1397
7 806 878
7 807 688
7 808 1398
7 809 688
7 810 2973
7 811 1374
7 812 2991
7 813 687
7 814 1374
7 815 687
7 816 2277
7 817 2974
7 818 2276
7 819 1375
7 820 2990
7 821 1375
7 822 2277
7 823 2974
7 824 2293
7 825 687
7 826 2990
7 827 689
7 828 2293
7 829 1375
7 830 2277
7 831 689
7 832 1374
7 833 687
7 834 2973
7 835 1374
7 836 2991
7 837 687
7 838 1374
7 839 687
7 840 879
7 841 2278
7 842 879
7 843 2993
7 844 2278
7 845 2993
7 846 879
7 847 2278
7 848 895
7 849 1374
7 850 2278
7 851 1396
7 852 895
7 853 2993
7 854 879
7 855 1396
7 856 2993
7 857 1374
7 858 2278
7 859 2993
7 860 2278
7 861 1374
7 862 2993
7 863 1374
7 864 879
7 865 2280
7 866 879
7 867 2973
7 868 2280
7 869 2973
7 870 881
7 871 2300
7 872 898
7 873 687
7 874 2300
7 875 688
7 876 899
7 877 3006
7 878 899
7 879 688
7 880 3010
7 881 689
7 882 2281
7 883 2992
7 884 2302
7 885 689
7 886 3010
7 887 688
7 888 884
7 889 2302
7 890 900
7 891 1420
7 892 2302
7 893 1422
7 894 882
7 895 2302
7 896 899
7 897 688
7 898 2302
7 899 688
7 900 901
7 901 1419
7 902 900
7 903 690
7 904 1418
7 905 689
7 906 2302
7 907 1424
7 908 2303
7 909 690
7 910 1424
7 911 690
7 912 899
7 913 3026
7 914 899
7 915 1426
7 916 3026
7 917 1404
7 918 900
7 919 3022
7 920 900
7 921 690
7 922 3025
7 923 690
7 924 901
7 925 1425
7 926 899
7 927 688
7 928 1424
7 929 690
7 930 3030
7 931 1403
7 932 3030
7 933 689
7 934 1426
7 935 689
7 936 2279
7 937 3012
7 938 2279
7 939 1401
7 940 3012
7 941 1401
7 942 2282
7 943 3008
7 944 2303
7 945 689
7 946 3025
7 947 690
7 948 2302
7 949 1426
7 950 2302
7 951 690
7 952 1426
7 953 689
7 954 3030
7 955 1403
7 956 3030
7 957 689
7 958 1424
7 959 688
7 960 880
7 961 2281
7 962 880
7 963 2993
7 964 2281
7 965 2993
7 966 883
7 967 2297
7 968 901
7 969 690
7 970 2298
7 971 690
7 972 899
7 973 3010
7 974 901
7 975 690
7 976 3028
7 977 690
7 978 2282
7 979 3012
7 980 2298
7 981 690
7 982 3028
7 983 690
7 984 880
7 985 2281
7 986 880
7 987 2993
7 988 2281
7 989 2993
7 990 882
7 991 2302
7 992 899
7 993 688
7 994 2302
7 995 688
7 996 899
7 997 3010
7 998 899
7 999 688
7 1000 3011
7 1001 689
7 1002 2281
7 1003 2996
7 1004 2302
7 1005 689
7 1006 3011
7 1007 688
7 1008 882
7 1009 2301
7 1010 900
7 1011 690
7 1012 2301
7 1013 690
7 1014 882
7 1015 2301
7 1016 900
7 1017 689
7 1018 2301
7 1019 689
7 1020 899
7 1021 689
7 1022 899
7 1023 689
7 1024 688
7 1025 688
7 1026 2301
7 1027 691
7 1028 2301
7 1029 691
7 1030 689
7 1031 689
7 1032 899
7 1033 3023
7 1034 901
7 1035 692
7 1036 3012
7 1037 692
7 1038 900
7 1039 3026
7 1040 900
7 1041 690
7 1042 3028
7 1043 691
7 1044 900
7 1045 690
7 1046 899
7 1047 690
7 1048 689
7 1049 689
7 1050 3012
7 1051 691
7 1052 3030
7 1053 690
7 1054 690
7 1055 690
7 1056 2282
7 1057 3012
7 1058 2298
7 1059 691
7 1060 3028
7 1061 691
7 1062 2282
7 1063 3012
7 1064 2303
7 1065 691
7 1066 3028
7 1067 690
7 1068 2303
7 1069 692
7 1070 2302
7 1071 692
7 1072 690
7 1073 690
7 1074 3025
7 1075 691
7 1076 3030
7 1077 691
7 1078 689
7 1079 689
7 1080 883
7 1081 2301
7 1082 900
7 1083 1421
7 1084 2302
7 1085 1422
7 1086 883
7 1087 2301
7 1088 902
7 1089 691
7 1090 2302
7 1091 691
7 1092 901
7 1093 1420
7 1094 899
7 1095 692
7 1096 1425
7 1097 690
7 1098 2301
7 1099 1424
7 1100 2301
7 1101 692
7 1102 1425
7 1103 690
7 1104 884
7 1105 2302
7 1106 900
7 1107 1421
7 1108 2302
7 1109 1420
7 1110 882
7 1111 2302
7 1112 900
7 1113 689
7 1114 2302
7 1115 689
7 1116 902
7 1117 1422
7 1118 900
7 1119 690
7 1120 1422
7 1121 691
7 1122 2302
7 1123 1423
7 1124 2303
7 1125 691
7 1126 1422
7 1127 690
7 1128 883
7 1129 2302
7 1130 901
7 1131 690
7 1132 2302
7 1133 690
7 1134 882
7 1135 2301
7 1136 899
7 1137 688
7 1138 2301
7 1139 688
7 1140 900
7 1141 690
7 1142 900
7 1143 690
7 1144 689
7 1145 689
7 1146 2302
7 1147 691
7 1148 2303
7 1149 690
7 1150 689
7 1151 689
7 1152 900
7 1153 1423
7 1154 900
7 1155 691
7 1156 1422
7 1157 690
7 1158 901
7 1159 1422
7 1160 899
7 1161 689
7 1162 1423
7 1163 690
7 1164 900
7 1165 690
7 1166 899
7 1167 689
7 1168 690
7 1169 690
7 1170 1419
7 1171 689
7 1172 1420
7 1173 688
7 1174 689
7 1175 688
7 1176 2301
7 1177 1422
7 1178 2301
7 1179 692
7 1180 1426
7 1181 691
7 1182 2302
7 1183 1422
7 1184 2302
7 1185 690
7 1186 1424
7 1187 691
7 1188 2303
7 1189 692
7 1190 2302
7 1191 691
7 1192 690
7 1193 690
7 1194 1424
7 1195 689
7 1196 1424
7 1197 689
7 1198 690
7 1199 689
7 1200 898
7 1201 3006
7 1202 898
7 1203 1422
7 1204 3022
7 1205 1402
7 1206 898
7 1207 3006
7 1208 900
7 1209 691
7 1210 3024
7 1211 692
7 1212 900
7 1213 1424
7 1214 898
7 1215 691
7 1216 1426
7 1217 691
7 1218 3006
7 1219 1402
7 1220 3008
7 1221 690
7 1222 1402
7 1223 690
7 1224 899
7 1225 3026
7 1226 899
7 1227 1424
7 1228 3026
7 1229 1402
7 1230 899
7 1231 3008
7 1232 899
7 1233 689
7 1234 3012
7 1235 691
7 1236 902
7 1237 1425
7 1238 900
7 1239 690
7 1240 1425
7 1241 692
7 1242 3030
7 1243 1404
7 1244 3026
7 1245 690
7 1246 1426
7 1247 691
7 1248 900
7 1249 3026
7 1250 901
7 1251 692
7 1252 3030
7 1253 692
7 1254 899
7 1255 3010
7 1256 900
7 1257 690
7 1258 3011
7 1259 690
7 1260 900
7 1261 690
7 1262 899
7 1263 689
7 1264 690
7 1265 690
7 1266 3029
7 1267 692
7 1268 3027
7 1269 691
7 1270 690
7 1271 690
7 1272 900
7 1273 1425
7 1274 900
7 1275 691
7 1276 1427
7 1277 690
7 1278 901
7 1279 1423
7 1280 899
7 1281 689
7 1282 1425
7 1283 691
7 1284 900
7 1285 690
7 1286 899
7 1287 688
7 1288 689
7 1289 689
7 1290 1424
7 1291 689
7 1292 1424
7 1293 689
7 1294 690
7 1295 689
7 1296 3010
7 1297 1399
7 1298 3010
7 1299 689
7 1300 1401
7 1301 689
7 1302 3031
7 1303 1401
7 1304 3011
7 1305 688
7 1306 1423
7 1307 689
7 1308 3031
7 1309 691
7 1310 3011
7 1311 689
7 1312 689
7 1313 688
7 1314 1423
7 1315 689
7 1316 1422
7 1317 688
7 1318 689
7 1319 688
7 1320 2278
7 1321 2992
7 1322 2277
7 1323 1397
7 1324 3008
7 1325 1397
7 1326 2278
7 1327 2991
7 1328 2294
7 1329 689
7 1330 3008
7 1331 690
7 1332 2294
7 1333 1399
7 1334 2278
7 1335 690
7 1336 1399
7 1337 689
7 1338 2992
7 1339 1399
7 1340 3008
7 1341 689
7 1342 1399
7 1343 689
7 1344 2279
7 1345 3012
7 1346 2279
7 1347 1399
7 1348 3012
7 1349 1399
7 1350 2281
7 1351 2994
7 1352 2302
7 1353 688
7 1354 3011
7 1355 689
7 1356 2302
7 1357 1423
7 1358 2302
7 1359 689
7 1360 1424
7 1361 690
7 1362 3030
7 1363 1404
7 1364 3026
7 1365 690
7 1366 1425
7 1367 689
7 1368 2282
7 1369 3012
7 1370 2298
7 1371 691
7 1372 3026
7 1373 691
7 1374 2281
7 1375 2996
7 1376 2302
7 1377 689
7 1378 3012
7 1379 689
7 1380 2302
7 1381 691
7 1382 2302
7 1383 690
7 1384 689
7 1385 688
7 1386 3027
7 1387 692
7 1388 3027
7 1389 690
7 1390 690
7 1391 690
7 1392 2301
7 1393 1424
7 1394 2301
7 1395 692
7 1396 1425
7 1397 691
7 1398 2302
7 1399 1422
7 1400 2302
7 1401 690
7 1402 1425
7 1403 690
7 1404 2302
7 1405 691
7 1406 2301
7 1407 689
7 1408 690
7 1409 690
7 1410 1423
7 1411 689
7 1412 1422
7 1413 688
7 1414 689
7 1415 688
7 1416 3010
7 1417 1399
7 1418 3010
7 1419 689
7 1420 1401
7 1421 689
7 1422 3031
7 1423 1401
7 1424 3011
7 1425 688
7 1426 1423
7 1427 689
7 1428 3031
7 1429 691
7 1430 3011
7 1431 689
7 1432 689
7 1433 688
7 1434 1423
7 1435 689
7 1436 1422
7 1437 688
7 1438 689
7 1439 688
7 1440 50
7 1441 155
7 1442 50
7 1443 520
7 1444 155
7 1445 520
7 1446 50
7 1447 155
7 1448 50
7 1449 365
7 1450 155
7 1451 366
7 1452 50
7 1453 520
7 1454 50
7 1455 366
7 1456 520
7 1457 365
7 1458 155
7 1459 520
7 1460 155
7 1461 365
7 1462 520
7 1463 365
7 1464 50
7 1465 155
7 1466 50
7 1467 520
7 1468 155
7 1469 520
7 1470 50
7 1471 156
7 1472 50
7 1473 50
7 1474 156
7 1475 50
7 1476 50
7 1477 520
7 1478 50
7 1479 50
7 1480 520
7 1481 50
7 1482 155
7 1483 520
7 1484 156
7 1485 50
7 1486 520
7 1487 50
7 1488 50
7 1489 156
7 1490 50
7 1491 368
7 1492 156
7 1493 368
7 1494 50
7 1495 156
7 1496 50
7 1497 50
7 1498 156
7 1499 50
7 1500 50
7 1501 368
7 1502 50
7 1503 50
7 1504 368
7 1505 50
7 1506 156
7 1507 368
7 1508 156
7 1509 50
7 1510 368
7 1511 50
7 1512 50
7 1513 520
7 1514 50
7 1515 368
7 1516 520
7 1517 367
7 1518 50
7 1519 520
7 1520 50
7 1521 50
7 1522 520
7 1523 50
7 1524 50
7 1525 368
7 1526 50
7 1527 50
7 1528 368
7 1529 50
7 1530 520
7 1531 367
7 1532 520
7 1533 50
7 1534 368
7 1535 50
7 1536 155
7 1537 520
7 1538 155
7 1539 367
7 1540 520
7 1541 367
7 1542 155
7 1543 520
7 1544 156
7 1545 50
7 1546 520
7 1547 50
7 1548 156
7 1549 368
7 1550 156
7 1551 50
7 1552 368
7 1553 50
7 1554 520
7 1555 367
7 1556 520
7 1557 50
7 1558 368
7 1559 50
7 1560 50
7 1561 155
7 1562 50
7 1563 520
7 1564 155
7 1565 520
7 1566 50
7 1567 155
7 1568 50
7 1569 365
7 1570 155
7 1571 366
7 1572 50
7 1573 520
7 1574 50
7 1575 366
7 1576 520
7 1577 365
7 1578 155
7 1579 520
7 1580 155
7 1581 365
7 1582 520
7 1583 365
7 1584 50
7 1585 155
7 1586 50
7 1587 520
7 1588 155
7 1589 520
7 1590 50
7 1591 156
7 1592 50
7 1593 50
7 1594 156
7 1595 50
7 1596 50
7 1597 520
7 1598 50
7 1599 50
7 1600 520
7 1601 50
7 1602 155
7 1603 520
7 1604 156
7 1605 50
7 1606 520
7 1607 50
7 1608 50
7 1609 156
7 1610 50
7 1611 367
7 1612 156
7 1613 367
7 1614 50
7 1615 156
7 1616 50
7 1617 50
7 1618 156
7 1619 50
7 1620 50
7 1621 367
7 1622 50
7 1623 50
7 1624 367
7 1625 50
7 1626 156
7 1627 367
7 1628 156
7 1629 50
7 1630 367
7 1631 50
7 1632 50
7 1633 520
7 1634 50
7 1635 367
7 1636 520
7 1637 366
7 1638 50
7 1639 520
7 1640 50
7 1641 50
7 1642 520
7 1643 50
7 1644 50
7 1645 367
7 1646 50
7 1647 50
7 1648 367
7 1649 50
7 1650 520
7 1651 366
7 1652 520
7 1653 50
7 1654 367
7 1655 50
7 1656 155
7 1657 520
7 1658 155
7 1659 366
7 1660 520
7 1661 366
7 1662 155
7 1663 520
7 1664 156
7 1665 50
7 1666 520
7 1667 50
7 1668 156
7 1669 367
7 1670 156
7 1671 50
7 1672 367
7 1673 50
7 1674 520
7 1675 366
7 1676 520
7 1677 50
7 1678 367
7 1679 50
7 1680 50
7 1681 155
7 1682 50
7 1683 520
7 1684 155
7 1685 520
7 1686 50
7 1687 156
7 1688 50
7 1689 50
7 1690 156
7 1691 50
7 1692 50
7 1693 520
7 1694 50
7 1695 50
7 1696 520
7 1697 50
7 1698 155
7 1699 520
7 1700 156
7 1701 50
7 1702 520
7 1703 50
7 1704 50
7 1705 155
7 1706 50
7 1707 520
7 1708 155
7 1709 520
7 1710 50
7 1711 156
7 1712 50
7 1713 50
7 1714 156
7 1715 50
7 1716 50
7 1717 520
7 1718 50
7 1719 50
7 1720 520
7 1721 50
7 1722 155
7 1723 520
7 1724 156
7 1725 50
7 1726 520
7 1727 50
7 1728 50
7 1729 156
7 1730 50
7 1731 50
7 1732 156
7 1733 50
7 1734 50
7 1735 156
7 1736 50
7 1737 50
7 1738 156
7 1739 50
7 1740 50
7 1741 50
7 1742 50
7 1743 50
7 1744 50
7 1745 50
7 1746 156
7 1747 50
7 1748 156
7 1749 50
7 1750 50
7 1751 50
7 1752 50
7 1753 520
7 1754 50
7 1755 50
7 1756 520
7 1757 50
7 1758 50
7 1759 520
7 1760 50
7 1761 50
7 1762 520
7 1763 50
7 1764 50
7 1765 50
7 1766 50
7 1767 50
7 1768 50
7 1769 50
7 1770 520
7 1771 50
7 1772 520
7 1773 50
7 1774 50
7 1775 50
7 1776 155
7 1777 520
7 1778 156
7 1779 50
7 1780 520
7 1781 50
7 1782 155
7 1783 520
7 1784 156
7 1785 50
7 1786 520
7 1787 50
7 1788 156
7 1789 50
7 1790 156
7 1791 50
7 1792 50
7 1793 50
7 1794 520
7 1795 50
7 1796 520
7 1797 50
7 1798 50
7 1799 50
7 1800 50
7 1801 156
7 1802 50
7 1803 367
7 1804 156
7 1805 367
7 1806 50
7 1807 156
7 1808 50
7 1809 50
7 1810 156
7 1811 50
7 1812 50
7 1813 367
7 1814 50
7 1815 50
7 1816 368
7 1817 50
7 1818 156
7 1819 368
7 1820 156
7 1821 50
7 1822 368
7 1823 50
7 1824 50
7 1825 156
7 1826 50
7 1827 367
7 1828 156
7 1829 367
7 1830 50
7 1831 156
7 1832 50
7 1833 50
7 1834 156
7 1835 50
7 1836 50
7 1837 368
7 1838 50
7 1839 50
7 1840 368
7 1841 50
7 1842 156
7 1843 368
7 1844 156
7 1845 50
7 1846 368
7 1847 50
7 1848 50
7 1849 156
7 1850 50
7 1851 50
7 1852 156
7 1853 50
7 1854 50
7 1855 156
7 1856 50
7 1857 50
7 1858 156
7 1859 50
7 1860 50
7 1861 50
7 1862 50
7 1863 50
7 1864 50
7 1865 50
7 1866 156
7 1867 50
7 1868 156
7 1869 50
7 1870 50
7 1871 50
7 1872 50
7 1873 367
7 1874 50
7 1875 50
7 1876 367
7 1877 50
7 1878 50
7 1879 367
7 1880 50
7 1881 50
7 1882 368
7 1883 50
7 1884 50
7 1885 50
7 1886 50
7 1887 50
7 1888 50
7 1889 50
7 1890 366
7 1891 50
7 1892 367
7 1893 50
7 1894 50
7 1895 50
7 1896 156
7 1897 367
7 1898 156
7 1899 50
7 1900 368
7 1901 50
7 1902 156
7 1903 367
7 1904 156
7 1905 50
7 1906 368
7 1907 50
7 1908 156
7 1909 50
7 1910 156
7 1911 50
7 1912 50
7 1913 50
7 1914 367
7 1915 50
7 1916 367
7 1917 50
7 1918 50
7 1919 50
7 1920 50
7 1921 520
7 1922 50
7 1923 367
7 1924 520
7 1925 366
7 1926 50
7 1927 520
7 1928 50
7 1929 50
7 1930 520
7 1931 50
7 1932 50
7 1933 368
7 1934 50
7 1935 50
7 1936 368
7 1937 50
7 1938 520
7 1939 367
7 1940 520
7 1941 50
7 1942 368
7 1943 50
7 1944 50
7 1945 520
7 1946 50
7 1947 367
7 1948 520
7 1949 366
7 1950 50
7 1951 520
7 1952 50
7 1953 50
7 1954 520
7 1955 50
7 1956 50
7 1957 368
7 1958 50
7 1959 50
7 1960 368
7 1961 50
7 1962 520
7 1963 367
7 1964 520
7 1965 50
7 1966 368
7 1967 50
7 1968 50
7 1969 520
7 1970 50
7 1971 50
7 1972 520
7 1973 50
7 1974 50
7 1975 520
7 1976 50
7 1977 50
7 1978 520
7 1979 50
7 1980 50
7 1981 50
7 1982 50
7 1983 50
7 1984 50
7 1985 50
7 1986 520
7 1987 50
7 1988 520
7 1989 50
7 1990 50
7 1991 50
7 1992 50
7 1993 367
7 1994 50
7 1995 50
7 1996 368
7 1997 50
7 1998 50
7 1999 367
7 2000 50
7 2001 50
7 2002 368
7 2003 50
7 2004 50
7 2005 50
7 2006 50
7 2007 50
7 2008 50
7 2009 50
7 2010 367
7 2011 50
7 2012 367
7 2013 50
7 2014 50
7 2015 50
7 2016 520
7 2017 366
7 2018 520
7 2019 50
7 2020 368
7 2021 50
7 2022 520
7 2023 366
7 2024 520
7 2025 50
7 2026 368
7 2027 50
7 2028 520
7 2029 50
7 2030 520
7 2031 50
7 2032 50
7 2033 50
7 2034 367
7 2035 50
7 2036 367
7 2037 50
7 2038 50
7 2039 50
7 2040 155
7 2041 520
7 2042 155
7 2043 366
7 2044 520
7 2045 366
7 2046 155
7 2047 520
7 2048 156
7 2049 50
7 2050 520
7 2051 50
7 2052 156
7 2053 368
7 2054 156
7 2055 50
7 2056 368
7 2057 50
7 2058 520
7 2059 367
7 2060 520
7 2061 50
7 2062 368
7 2063 50
7 2064 155
7 2065 520
7 2066 155
7 2067 366
7 2068 520
7 2069 366
7 2070 155
7 2071 520
7 2072 156
7 2073 50
7 2074 520
7 2075 50
7 2076 156
7 2077 368
7 2078 156
7 2079 50
7 2080 368
7 2081 50
7 2082 520
7 2083 367
7 2084 520
7 2085 50
7 2086 368
7 2087 50
7 2088 155
7 2089 520
7 2090 156
7 2091 50
7 2092 520
7 2093 50
7 2094 155
7 2095 520
7 2096 156
7 2097 50
7 2098 520
7 2099 50
7 2100 156
7 2101 50
7 2102 156
7 2103 50
7 2104 50
7 2105 50
7 2106 520
7 2107 50
7 2108 520
7 2109 50
7 2110 50
7 2111 50
7 2112 156
7 2113 367
7 2114 156
7 2115 50
7 2116 368
7 2117 50
7 2118 156
7 2119 367
7 2120 156
7 2121 50
7 2122 368
7 2123 50
7 2124 156
7 2125 50
7 2126 156
7 2127 50
7 2128 50
7 2129 50
7 2130 367
7 2131 50
7 2132 367
7 2133 50
7 2134 50
7 2135 50
7 2136 520
7 2137 366
7 2138 520
7 2139 50
7 2140 368
7 2141 50
7 2142 520
7 2143 366
7 2144 520
7 2145 50
7 2146 368
7 2147 50
7 2148 520
7 2149 50
7 2150 520
7 2151 50
7 2152 50
7 2153 50
7 2154 367
7 2155 50
7 2156 367
7 2157 50
7 2158 50
7 2159 50
7 2160 50
7 2161 155
7 2162 50
7 2163 520
7 2164 155
7 2165 520
7 2166 50
7 2167 156
7 2168 50
7 2169 50
7 2170 156
7 2171 50
7 2172 50
7 2173 520
7 2174 50
7 2175 50
7 2176 520
7 2177 50
7 2178 155
7 2179 520
7 2180 156
7 2181 50
7 2182 520
7 2183 50
7 2184 50
7 2185 155
7 2186 50
7 2187 520
7 2188 155
7 2189 520
7 2190 50
7 2191 156
7 2192 50
7 2193 50
7 2194 156
7 2195 50
7 2196 50
7 2197 520
7 2198 50
7 2199 50
7 2200 520
7 2201 50
7 2202 155
7 2203 520
7 2204 156
7 2205 50
7 2206 520
7 2207 50
7 2208 50
7 2209 156
7 2210 50
7 2211 50
7 2212 156
7 2213 50
7 2214 50
7 2215 156
7 2216 50
7 2217 50
7 2218 156
7 2219 50
7 2220 50
7 2221 50
7 2222 50
7 2223 50
7 2224 50
7 2225 50
7 2226 156
7 2227 50
7 2228 156
7 2229 50
7 2230 50
7 2231 50
7 2232 50
7 2233 520
7 2234 50
7 2235 50
7 2236 520
7 2237 50
7 2238 50
7 2239 520
7 2240 50
7 2241 50
7 2242 520
7 2243 50
7 2244 50
7 2245 50
7 2246 50
7 2247 50
7 2248 50
7 2249 50
7 2250 520
7 2251 50
7 2252 520
7 2253 50
7 2254 50
7 2255 50
7 2256 155
7 2257 520
7 2258 156
7 2259 50
7 2260 520
7 2261 50
7 2262 155
7 2263 520
7 2264 156
7 2265 50
7 2266 520
7 2267 50
7 2268 156
7 2269 50
7 2270 156
7 2271 50
7 2272 50
7 2273 50
7 2274 520
7 2275 50
7 2276 520
7 2277 50
7 2278 50
7 2279 50
7 2280 50
7 2281 155
7 2282 50
7 2283 520
7 2284 155
7 2285 520
7 2286 50
7 2287 156
7 2288 50
7 2289 50
7 2290 156
7 2291 50
7 2292 50
7 2293 520
7 2294 50
7 2295 50
7 2296 520
7 2297 50
7 2298 155
7 2299 520
7 2300 156
7 2301 50
7 2302 520
7 2303 50
7 2304 50
7 2305 155
7 2306 50
7 2307 520
7 2308 155
7 2309 520
7 2310 50
7 2311 156
7 2312 50
7 2313 50
7 2314 156
7 2315 50
7 2316 50
7 2317 520
7 2318 50
7 2319 50
7 2320 520
7 2321 50
7 2322 155
7 2323 520
7 2324 156
7 2325 50
7 2326 520
7 2327 50
7 2328 50
7 2329 156
7 2330 50
7 2331 50
7 2332 156
7 2333 50
7 2334 50
7 2335 156
7 2336 50
7 2337 50
7 2338 156
7 2339 50
7 2340 50
7 2341 50
7 2342 50
7 2343 50
7 2344 50
7 2345 50
7 2346 156
7 2347 50
7 2348 156
7 2349 50
7 2350 50
7 2351 50
7 2352 50
7 2353 520
7 2354 50
7 2355 50
7 2356 520
7 2357 50
7 2358 50
7 2359 520
7 2360 50
7 2361 50
7 2362 520
7 2363 50
7 2364 50
7 2365 50
7 2366 50
7 2367 50
7 2368 50
7 2369 50
7 2370 520
7 2371 50
7 2372 520
7 2373 50
7 2374 50
7 2375 50
7 2376 155
7 2377 520
7 2378 156
7 2379 50
7 2380 520
7 2381 50
7 2382 155
7 2383 520
7 2384 156
7 2385 50
7 2386 520
7 2387 50
7 2388 156
7 2389 50
7 2390 156
7 2391 50
7 2392 50
7 2393 50
7 2394 520
7 2395 50
7 2396 520
7 2397 50
7 2398 50
7 2399 50
7 2400 50
7 2401 155
7 2402 50
7 2403 520
7 2404 155
7 2405 520
7 2406 50
7 2407 156
7 2408 50
7 2409 50
7 2410 156
7 2411 50
7 2412 50
7 2413 520
7 2414 50
7 2415 50
7 2416 520
7 2417 50
7 2418 155
7 2419 520
7 2420 156
7 2421 50
7 2422 520
7 2423 50
7 2424 50
7 2425 155
7 2426 50
7 2427 520
7 2428 155
7 2429 520
7 2430 50
7 2431 156
7 2432 50
7 2433 50
7 2434 156
7 2435 50
7 2436 50
7 2437 520
7 2438 50
7 2439 50
7 2440 520
7 2441 50
7 2442 155
7 2443 520
7 2444 156
7 2445 50
7 2446 520
7 2447 50
7 2448 50
7 2449 156
7 2450 50
7 2451 50
7 2452 156
7 2453 50
7 2454 50
7 2455 156
7 2456 50
7 2457 50
7 2458 156
7 2459 50
7 2460 50
7 2461 50
7 2462 50
7 2463 50
7 2464 50
7 2465 50
7 2466 156
7 2467 50
7 2468 156
7 2469 50
7 2470 50
7 2471 50
7 2472 50
7 2473 520
7 2474 50
7 2475 50
7 2476 520
7 2477 50
7 2478 50
7 2479 520
7 2480 50
7 2481 50
7 2482 520
7 2483 50
7 2484 50
7 2485 50
7 2486 50
7 2487 50
7 2488 50
7 2489 50
7 2490 520
7 2491 50
7 2492 520
7 2493 50
7 2494 50
7 2495 50
7 2496 155
7 2497 520
7 2498 156
7 2499 50
7 2500 520
7 2501 50
7 2502 155
7 2503 520
7 2504 156
7 2505 50
7 2506 520
7 2507 50
7 2508 156
7 2509 50
7 2510 156
7 2511 50
7 2512 50
7 2513 50
7 2514 520
7 2515 50
7 2516 520
7 2517 50
7 2518 50
7 2519 50
7 2520 50
7 2521 156
7 2522 50
7 2523 50
7 2524 156
7 2525 50
7 2526 50
7 2527 156
7 2528 50
7 2529 50
7 2530 156
7 2531 50
7 2532 50
7 2533 50
7 2534 50
7 2535 50
7 2536 50
7 2537 50
7 2538 156
7 2539 50
7 2540 156
7 2541 50
7 2542 50
7 2543 50
7 2544 50
7 2545 156
7 2546 50
7 2547 50
7 2548 156
7 2549 50
7 2550 50
7 2551 156
7 2552 50
7 2553 50
7 2554 156
7 2555 50
7 2556 50
7 2557 50
7 2558 50
7 2559 50
7 2560 50
7 2561 50
7 2562 156
7 2563 50
7 2564 156
7 2565 50
7 2566 50
7 2567 50
7 2568 50
7 2569 156
7 2570 50
7 2571 50
7 2572 156
7 2573 50
7 2574 50
7 2575 156
7 2576 50
7 2577 50
7 2578 156
7 2579 50
7 2580 50
7 2581 50
7 2582 50
7 2583 50
7 2584 50
7 2585 50
7 2586 156
7 2587 50
7 2588 156
7 2589 50
7 2590 50
7 2591 50
7 2592 50
7 2593 50
7 2594 50
7 2595 50
7 2596 50
7 2597 50
7 2598 50
7 2599 50
7 2600 50
7 2601 50
7 2602 50
7 2603 50
7 2604 50
7 2605 50
7 2606 50
7 2607 50
7 2608 50
7 2609 50
7 2610 50
7 2611 50
7 2612 50
7 2613 50
7 2614 50
7 2615 50
7 2616 156
7 2617 50
7 2618 156
7 2619 50
7 2620 50
7 2621 50
7 2622 156
7 2623 50
7 2624 156
7 2625 50
7 2626 50
7 2627 50
7 2628 156
7 2629 50
7 2630 156
7 2631 50
7 2632 50
7 2633 50
7 2634 50
7 2635 50
7 2636 50
7 2637 50
7 2638 50
7 2639 50
7 2640 50
7 2641 520
7 2642 50
7 2643 50
7 2644 520
7 2645 50
7 2646 50
7 2647 520
7 2648 50
7 2649 50
7 2650 520
7 2651 50
7 2652 50
7 2653 50
7 2654 50
7 2655 50
7 2656 50
7 2657 50
7 2658 520
7 2659 50
7 2660 520
7 2661 50
7 2662 50
7 2663 50
7 2664 50
7 2665 520
7 2666 50
7 2667 50
7 2668 520
7 2669 50
7 2670 50
7 2671 520
7 2672 50
7 2673 50
7 2674 520
7 2675 50
7 2676 50
7 2677 50
7 2678 50
7 2679 50
7 2680 50
7 2681 50
7 2682 520
7 2683 50
7 2684 520
7 2685 50
7 2686 50
7 2687 50
7 2688 50
7 2689 520
7 2690 50
7 2691 50
7 2692 520
7 2693 50
7 2694 50
7 2695 520
7 2696 50
7 2697 50
7 2698 520
7 2699 50
7 2700 50
7 2701 50
7 2702 50
7 2703 50
7 2704 50
7 2705 50
7 2706 520
7 2707 50
7 2708 520
7 2709 50
7 2710 50
7 2711 50
7 2712 50
7 2713 50
7 2714 50
7 2715 50
7 2716 50
7 2717 50
7 2718 50
7 2719 50
7 2720 50
7 2721 50
7 2722 50
7 2723 50
7 2724 50
7 2725 50
7 2726 50
7 2727 50
7 2728 50
7 2729 50
7 2730 50
7 2731 50
7 2732 50
7 2733 50
7 2734 50
7 2735 50
7 2736 520
7 2737 50
7 2738 520
7 2739 50
7 2740 50
7 2741 50
7 2742 520
7 2743 50
7 2744 520
7 2745 50
7 2746 50
7 2747 50
7 2748 520
7 2749 50
7 2750 520
7 2751 50
7 2752 50
7 2753 50
7 2754 50
7 2755 50
7 2756 50
7 2757 50
7 2758 50
7 2759 50
7 2760 155
7 2761 520
7 2762 156
7 2763 50
7 2764 520
7 2765 50
7 2766 155
7 2767 520
7 2768 156
7 2769 50
7 2770 520
7 2771 50
7 2772 156
7 2773 50
7 2774 156
7 2775 50
7 2776 50
7 2777 50
7 2778 520
7 2779 50
7 2780 520
7 2781 50
7 2782 50
7 2783 50
7 2784 155
7 2785 520
7 2786 156
7 2787 50
7 2788 520
7 2789 50
7 2790 155
7 2791 520
7 2792 156
7 2793 50
7 2794 520
7 2795 50
7 2796 156
7 2797 50
7 2798 156
7 2799 50
7 2800 50
7 2801 50
7 2802 520
7 2803 50
7 2804 520
7 2805 50
7 2806 50
7 2807 50
7 2808 155
7 2809 520
7 2810 156
7 2811 50
7 2812 520
7 2813 50
7 2814 155
7 2815 520
7 2816 156
7 2817 50
7 2818 520
7 2819 50
7 2820 156
7 2821 50
7 2822 156
7 2823 50
7 2824 50
7 2825 50
7 2826 520
7 2827 50
7 2828 520
7 2829 50
7 2830 50
7 2831 50
7 2832 156
7 2833 50
7 2834 156
7 2835 50
7 2836 50
7 2837 50
7 2838 156
7 2839 50
7 2840 156
7 2841 50
7 2842 50
7 2843 50
7 2844 156
7 2845 50
7 2846 156
7 2847 50
7 2848 50
7 2849 50
7 2850 50
7 2851 50
7 2852 50
7 2853 50
7 2854 50
7 2855 50
7 2856 520
7 2857 50
7 2858 520
7 2859 50
7 2860 50
7 2861 50
7 2862 520
7 2863 50
7 2864 520
7 2865 50
7 2866 50
7 2867 50
7 2868 520
7 2869 50
7 2870 520
7 2871 50
7 2872 50
7 2873 50
7 2874 50
7 2875 50
7 2876 50
7 2877 50
7 2878 50
7 2879 50
7 2880 50
7 2881 156
7 2882 50
7 2883 366
7 2884 156
7 2885 366
7 2886 50
7 2887 156
7 2888 50
7 2889 50
7 2890 156
7 2891 50
7 2892 50
7 2893 367
7 2894 50
7 2895 50
7 2896 367
7 2897 50
7 2898 156
7 2899 367
7 2900 156
7 2901 50
7 2902 367
7 2903 50
7 2904 50
7 2905 156
7 2906 50
7 2907 366
7 2908 156
7 2909 366
7 2910 50
7 2911 156
7 2912 50
7 2913 50
7 2914 156
7 2915 50
7 2916 50
7 2917 368
7 2918 50
7 2919 50
7 2920 368
7 2921 50
7 2922 156
7 2923 368
7 2924 156
7 2925 50
7 2926 368
7 2927 50
7 2928 50
7 2929 156
7 2930 50
7 2931 50
7 2932 156
7 2933 50
7 2934 50
7 2935 156
7 2936 50
7 2937 50
7 2938 156
7 2939 50
7 2940 50
7 2941 50
7 2942 50
7 2943 50
7 2944 50
7 2945 50
7 2946 156
7 2947 50
7 2948 156
7 2949 50
7 2950 50
7 2951 50
7 2952 50
7 2953 367
7 2954 50
7 2955 50
7 2956 367
7 2957 50
7 2958 50
7 2959 367
7 2960 50
7 2961 50
7 2962 368
7 2963 50
7 2964 50
7 2965 50
7 2966 50
7 2967 50
7 2968 50
7 2969 50
7 2970 367
7 2971 50
7 2972 367
7 2973 50
7 2974 50
7 2975 50
7 2976 156
7 2977 367
7 2978 156
7 2979 50
7 2980 368
7 2981 50
7 2982 156
7 2983 367
7 2984 156
7 2985 50
7 2986 368
7 2987 50
7 2988 156
7 2989 50
7 2990 156
7 2991 50
7 2992 50
7 2993 50
7 2994 367
7 2995 50
7 2996 367
7 2997 50
7 2998 50
7 2999 50
7 3000 50
7 3001 156
7 3002 50
7 3003 366
7 3004 156
7 3005 366
7 3006 50
7 3007 156
7 3008 50
7 3009 50
7 3010 156
7 3011 50
7 3012 50
7 3013 367
7 3014 50
7 3015 50
7 3016 367
7 3017 50
7 3018 156
7 3019 367
7 3020 156
7 3021 50
7 3022 367
7 3023 50
7 3024 50
7 3025 156
7 3026 50
7 3027 366
7 3028 156
7 3029 366
7 3030 50
7 3031 156
7 3032 50
7 3033 50
7 3034 156
7 3035 50
7 3036 50
7 3037 367
7 3038 50
7 3039 50
7 3040 367
7 3041 50
7 3042 156
7 3043 367
7 3044 156
7 3045 50
7 3046 367
7 3047 50
7 3048 50
7 3049 156
7 3050 50
7 3051 50
7 3052 156
7 3053 50
7 3054 50
7 3055 156
7 3056 50
7 3057 50
7 3058 156
7 3059 50
7 3060 50
7 3061 50
7 3062 50
7 3063 50
7 3064 50
7 3065 50
7 3066 156
7 3067 50
7 3068 156
7 3069 50
7 3070 50
7 3071 50
7 3072 50
7 3073 368
7 3074 50
7 3075 50
7 3076 368
7 3077 50
7 3078 50
7 3079 368
7 3080 50
7 3081 50
7 3082 368
7 3083 50
7 3084 50
7 3085 50
7 3086 50
7 3087 50
7 3088 50
7 3089 50
7 3090 368
7 3091 50
7 3092 368
7 3093 50
7 3094 50
7 3095 50
7 3096 156
7 3097 368
7 3098 156
7 3099 50
7 3100 368
7 3101 50
7 3102 156
7 3103 368
7 3104 156
7 3105 50
7 3106 368
7 3107 50
7 3108 156
7 3109 50
7 3110 156
7 3111 50
7 3112 50
7 3113 50
7 3114 368
7 3115 50
7 3116 368
7 3117 50
7 3118 50
7 3119 50
7 3120 50
7 3121 156
7 3122 50
7 3123 366
7 3124 156
7 3125 366
7 3126 50
7 3127 156
7 3128 50
7 3129 50
7 3130 156
7 3131 50
7 3132 50
7 3133 368
7 3134 50
7 3135 50
7 3136 368
7 3137 50
7 3138 156
7 3139 368
7 3140 156
7 3141 50
7 3142 368
7 3143 50
7 3144 50
7 3145 156
7 3146 50
7 3147 366
7 3148 156
7 3149 366
7 3150 50
7 3151 156
7 3152 50
7 3153 50
7 3154 156
7 3155 50
7 3156 50
7 3157 367
7 3158 50
7 3159 50
7 3160 367
7 3161 50
7 3162 156
7 3163 367
7 3164 156
7 3165 50
7 3166 367
7 3167 50
7 3168 50
7 3169 156
7 3170 50
7 3171 50
7 3172 156
7 3173 50
7 3174 50
7 3175 156
7 3176 50
7 3177 50
7 3178 156
7 3179 50
7 3180 50
7 3181 50
7 3182 50
7 3183 50
7 3184 50
7 3185 50
7 3186 156
7 3187 50
7 3188 156
7 3189 50
7 3190 50
7 3191 50
7 3192 50
7 3193 367
7 3194 50
7 3195 50
7 3196 368
7 3197 50
7 3198 50
7 3199 367
7 3200 50
7 3201 50
7 3202 368
7 3203 50
7 3204 50
7 3205 50
7 3206 50
7 3207 50
7 3208 50
7 3209 50
7 3210 367
7 3211 50
7 3212 367
7 3213 50
7 3214 50
7 3215 50
7 3216 156
7 3217 367
7 3218 156
7 3219 50
7 3220 368
7 3221 50
7 3222 156
7 3223 367
7 3224 156
7 3225 50
7 3226 368
7 3227 50
7 3228 156
7 3229 50
7 3230 156
7 3231 50
7 3232 50
7 3233 50
7 3234 367
7 3235 50
7 3236 367
7 3237 50
7 3238 50
7 3239 50
7 3240 50
7 3241 156
7 3242 50
7 3243 50
7 3244 156
7 3245 50
7 3246 50
7 3247 156
7 3248 50
7 3249 50
7 3250 156
7 3251 50
7 3252 50
7 3253 50
7 3254 50
7 3255 50
7 3256 50
7 3257 50
7 3258 156
7 3259 50
7 3260 156
7 3261 50
7 3262 50
7 3263 50
7 3264 50
7 3265 156
7 3266 50
7 3267 50
7 3268 156
7 3269 50
7 3270 50
7 3271 156
7 3272 50
7 3273 50
7 3274 156
7 3275 50
7 3276 50
7 3277 50
7 3278 50
7 3279 50
7 3280 50
7 3281 50
7 3282 156
7 3283 50
7 3284 156
7 3285 50
7 3286 50
7 3287 50
7 3288 50
7 3289 156
7 3290 50
7 3291 50
7 3292 156
7 3293 50
7 3294 50
7 3295 155
7 3296 50
7 3297 50
7 3298 155
7 3299 50
7 3300 50
7 3301 50
7 3302 50
7 3303 50
7 3304 50
7 3305 50
7 3306 156
7 3307 50
7 3308 156
7 3309 50
7 3310 50
7 3311 50
7 3312 50
7 3313 50
7 3314 50
7 3315 50
7 3316 50
7 3317 50
7 3318 50
7 3319 50
7 3320 50
7 3321 50
7 3322 50
7 3323 50
7 3324 50
7 3325 50
7 3326 50
7 3327 50
7 3328 50
7 3329 50
7 3330 50
7 3331 50
7 3332 50
7 3333 50
7 3334 50
7 3335 50
7 3336 156
7 3337 50
7 3338 156
7 3339 50
7 3340 50
7 3341 50
7 3342 156
7 3343 50
7 3344 156
7 3345 50
7 3346 50
7 3347 50
7 3348 156
7 3349 50
7 3350 156
7 3351 50
7 3352 50
7 3353 50
7 3354 50
7 3355 50
7 3356 50
7 3357 50
7 3358 50
7 3359 50
7 3360 50
7 3361 366
7 3362 50
7 3363 50
7 3364 367
7 3365 50
7 3366 50
7 3367 366
7 3368 50
7 3369 50
7 3370 368
7 3371 50
7 3372 50
7 3373 50
7 3374 50
7 3375 50
7 3376 50
7 3377 50
7 3378 366
7 3379 50
7 3380 367
7 3381 50
7 3382 50
7 3383 50
7 3384 50
7 3385 366
7 3386 50
7 3387 50
7 3388 367
7 3389 50
7 3390 50
7 3391 366
7 3392 50
7 3393 50
7 3394 367
7 3395 50
7 3396 50
7 3397 50
7 3398 50
7 3399 50
7 3400 50
7 3401 50
7 3402 368
7 3403 50
7 3404 368
7 3405 50
7 3406 50
7 3407 50
7 3408 50
7 3409 366
7 3410 50
7 3411 50
7 3412 368
7 3413 50
7 3414 50
7 3415 366
7 3416 50
7 3417 50
7 3418 367
7 3419 50
7 3420 50
7 3421 50
7 3422 50
7 3423 50
7 3424 50
7 3425 50
7 3426 367
7 3427 50
7 3428 367
7 3429 50
7 3430 50
7 3431 50
7 3432 50
7 3433 50
7 3434 50
7 3435 50
7 3436 50
7 3437 50
7 3438 50
7 3439 50
7 3440 50
7 3441 50
7 3442 50
7 3443 50
7 3444 50
7 3445 50
7 3446 50
7 3447 50
7 3448 50
7 3449 50
7 3450 50
7 3451 50
7 3452 50
7 3453 50
7 3454 50
7 3455 50
7 3456 365
7 3457 50
7 3458 366
7 3459 50
7 3460 50
7 3461 50
7 3462 366
7 3463 50
7 3464 366
7 3465 50
7 3466 50
7 3467 50
7 3468 366
7 3469 50
7 3470 366
7 3471 50
7 3472 50
7 3473 50
7 3474 50
7 3475 50
7 3476 50
7 3477 50
7 3478 50
7 3479 50
7 3480 156
7 3481 366
7 3482 156
7 3483 50
7 3484 367
7 3485 50
7 3486 156
7 3487 366
7 3488 156
7 3489 50
7 3490 368
7 3491 50
7 3492 156
7 3493 50
7 3494 156
7 3495 50
7 3496 50
7 3497 50
7 3498 367
7 3499 50
7 3500 367
7 3501 50
7 3502 50
7 3503 50
7 3504 156
7 3505 366
7 3506 156
7 3507 50
7 3508 367
7 3509 50
7 3510 156
7 3511 366
7 3512 156
7 3513 50
7 3514 367
7 3515 50
7 3516 156
7 3517 50
7 3518 156
7 3519 50
7 3520 50
7 3521 50
7 3522 368
7 3523 50
7 3524 368
7 3525 50
7 3526 50
7 3527 50
7 3528 156
7 3529 366
7 3530 156
7 3531 50
7 3532 368
7 3533 50
7 3534 156
7 3535 366
7 3536 156
7 3537 50
7 3538 367
7 3539 50
7 3540 156
7 3541 50
7 3542 156
7 3543 50
7 3544 50
7 3545 50
7 3546 367
7 3547 50
7 3548 367
7 3549 50
7 3550 50
7 3551 50
7 3552 156
7 3553 50
7 3554 156
7 3555 50
7 3556 50
7 3557 50
7 3558 156
7 3559 50
7 3560 156
7 3561 50
7 3562 50
7 3563 50
7 3564 156
7 3565 50
7 3566 156
7 3567 50
7 3568 50
7 3569 50
7 3570 50
7 3571 50
7 3572 50
7 3573 50
7 3574 50
7 3575 50
7 3576 366
7 3577 50
7 3578 366
7 3579 50
7 3580 50
7 3581 50
7 3582 366
7 3583 50
7 3584 366
7 3585 50
7 3586 50
7 3587 50
7 3588 366
7 3589 50
7 3590 366
7 3591 50
7 3592 50
7 3593 50
7 3594 50
7 3595 50
7 3596 50
7 3597 50
7 3598 50
7 3599 50
7 3600 50
7 3601 520
7 3602 50
7 3603 366
7 3604 520
7 3605 365
7 3606 50
7 3607 520
7 3608 50
7 3609 50
7 3610 520
7 3611 50
7 3612 50
7 3613 367
7 3614 50
7 3615 50
7 3616 367
7 3617 50
7 3618 520
7 3619 366
7 3620 520
7 3621 50
7 3622 366
7 3623 50
7 3624 50
7 3625 520
7 3626 50
7 3627 366
7 3628 520
7 3629 365
7 3630 50
7 3631 520
7 3632 50
7 3633 50
7 3634 520
7 3635 50
7 3636 50
7 3637 368
7 3638 50
7 3639 50
7 3640 368
7 3641 50
7 3642 520
7 3643 367
7 3644 520
7 3645 50
7 3646 368
7 3647 50
7 3648 50
7 3649 520
7 3650 50
7 3651 50
7 3652 520
7 3653 50
7 3654 50
7 3655 520
7 3656 50
7 3657 50
7 3658 520
7 3659 50
7 3660 50
7 3661 50
7 3662 50
7 3663 50
7 3664 50
7 3665 50
7 3666 520
7 3667 50
7 3668 520
7 3669 50
7 3670 50
7 3671 50
7 3672 50
7 3673 367
7 3674 50
7 3675 50
7 3676 368
7 3677 50
7 3678 50
7 3679 367
7 3680 50
7 3681 50
7 3682 368
7 3683 50
7 3684 50
7 3685 50
7 3686 50
7 3687 50
7 3688 50
7 3689 50
7 3690 367
7 3691 50
7 3692 367
7 3693 50
7 3694 50
7 3695 50
7 3696 520
7 3697 366
7 3698 520
7 3699 50
7 3700 367
7 3701 50
7 3702 520
7 3703 366
7 3704 520
7 3705 50
7 3706 367
7 3707 50
7 3708 520
7 3709 50
7 3710 520
7 3711 50
7 3712 50
7 3713 50
7 3714 366
7 3715 50
7 3716 367
7 3717 50
7 3718 50
7 3719 50
7 3720 50
7 3721 520
7 3722 50
7 3723 366
7 3724 520
7 3725 365
7 3726 50
7 3727 520
7 3728 50
7 3729 50
7 3730 520
7 3731 50
7 3732 50
7 3733 367
7 3734 50
7 3735 50
7 3736 367
7 3737 50
7 3738 520
7 3739 366
7 3740 520
7 3741 50
7 3742 366
7 3743 50
7 3744 50
7 3745 520
7 3746 50
7 3747 366
7 3748 520
7 3749 365
7 3750 50
7 3751 520
7 3752 50
7 3753 50
7 3754 520
7 3755 50
7 3756 50
7 3757 367
7 3758 50
7 3759 50
7 3760 367
7 3761 50
7 3762 520
7 3763 366
7 3764 520
7 3765 50
7 3766 367
7 3767 50
7 3768 50
7 3769 520
7 3770 50
7 3771 50
7 3772 520
7 3773 50
7 3774 50
7 3775 520
7 3776 50
7 3777 50
7 3778 520
7 3779 50
7 3780 50
7 3781 50
7 3782 50
7 3783 50
7 3784 50
7 3785 50
7 3786 520
7 3787 50
7 3788 520
7 3789 50
7 3790 50
7 3791 50
7 3792 50
7 3793 368
7 3794 50
7 3795 50
7 3796 368
7 3797 50
7 3798 50
7 3799 368
7 3800 50
7 3801 50
7 3802 368
7 3803 50
7 3804 50
7 3805 50
7 3806 50
7 3807 50
7 3808 50
7 3809 50
7 3810 368
7 3811 50
7 3812 368
7 3813 50
7 3814 50
7 3815 50
7 3816 520
7 3817 367
7 3818 520
7 3819 50
7 3820 367
7 3821 50
7 3822 520
7 3823 367
7 3824 520
7 3825 50
7 3826 368
7 3827 50
7 3828 520
7 3829 50
7 3830 520
7 3831 50
7 3832 50
7 3833 50
7 3834 368
7 3835 50
7 3836 368
7 3837 50
7 3838 50
7 3839 50
7 3840 50
7 3841 520
7 3842 50
7 3843 366
7 3844 520
7 3845 365
7 3846 50
7 3847 520
7 3848 50
7 3849 50
7 3850 520
7 3851 50
7 3852 50
7 3853 368
7 3854 50
7 3855 50
7 3856 368
7 3857 50
7 3858 520
7 3859 367
7 3860 520
7 3861 50
7 3862 368
7 3863 50
7 3864 50
7 3865 520
7 3866 50
7 3867 366
7 3868 520
7 3869 365
7 3870 50
7 3871 520
7 3872 50
7 3873 50
7 3874 520
7 3875 50
7 3876 50
7 3877 367
7 3878 50
7 3879 50
7 3880 367
7 3881 50
7 3882 520
7 3883 366
7 3884 520
7 3885 50
7 3886 367
7 3887 50
7 3888 50
7 3889 520
7 3890 50
7 3891 50
7 3892 520
7 3893 50
7 3894 50
7 3895 520
7 3896 50
7 3897 50
7 3898 520
7 3899 50
7 3900 50
7 3901 50
7 3902 50
7 3903 50
7 3904 50
7 3905 50
7 3906 520
7 3907 50
7 3908 520
7 3909 50
7 3910 50
7 3911 50
7 3912 50
7 3913 367
7 3914 50
7 3915 50
7 3916 368
7 3917 50
7 3918 50
7 3919 367
7 3920 50
7 3921 50
7 3922 368
7 3923 50
7 3924 50
7 3925 50
7 3926 50
7 3927 50
7 3928 50
7 3929 50
7 3930 367
7 3931 50
7 3932 367
7 3933 50
7 3934 50
7 3935 50
7 3936 520
7 3937 366
7 3938 520
7 3939 50
7 3940 368
7 3941 50
7 3942 520
7 3943 366
7 3944 520
7 3945 50
7 3946 368
7 3947 50
7 3948 520
7 3949 50
7 3950 520
7 3951 50
7 3952 50
7 3953 50
7 3954 367
7 3955 50
7 3956 367
7 3957 50
7 3958 50
7 3959 50
7 3960 50
7 3961 520
7 3962 50
7 3963 50
7 3964 520
7 3965 50
7 3966 50
7 3967 520
7 3968 50
7 3969 50
7 3970 520
7 3971 50
7 3972 50
7 3973 50
7 3974 50
7 3975 50
7 3976 50
7 3977 50
7 3978 520
7 3979 50
7 3980 520
7 3981 50
7 3982 50
7 3983 50
7 3984 50
7 3985 520
7 3986 50
7 3987 50
7 3988 520
7 3989 50
7 3990 50
7 3991 520
7 3992 50
7 3993 50
7 3994 520
7 3995 50
7 3996 50
7 3997 50
7 3998 50
7 3999 50
7 4000 50
7 4001 50
7 4002 520
7 4003 50
7 4004 520
7 4005 50
7 4006 50
7 4007 50
7 4008 50
7 4009 520
7 4010 50
7 4011 50
7 4012 520
7 4013 50
7 4014 50
7 4015 520
7 4016 50
7 4017 50
7 4018 520
7 4019 50
7 4020 50
7 4021 50
7 4022 50
7 4023 50
7 4024 50
7 4025 50
7 4026 520
7 4027 50
7 4028 520
7 4029 50
7 4030 50
7 4031 50
7 4032 50
7 4033 50
7 4034 50
7 4035 50
7 4036 50
7 4037 50
7 4038 50
7 4039 50
7 4040 50
7 4041 50
7 4042 50
7 4043 50
7 4044 50
7 4045 50
7 4046 50
7 4047 50
7 4048 50
7 4049 50
7 4050 50
7 4051 50
7 4052 50
7 4053 50
7 4054 50
7 4055 50
7 4056 520
7 4057 50
7 4058 520
7 4059 50
7 4060 50
7 4061 50
7 4062 520
7 4063 50
7 4064 520
7 4065 50
7 4066 50
7 4067 50
7 4068 520
7 4069 50
7 4070 520
7 4071 50
7 4072 50
7 4073 50
7 4074 50
7 4075 50
7 4076 50
7 4077 50
7 4078 50
7 4079 50
7 4080 50
7 4081 366
7 4082 50
7 4083 50
7 4084 367
7 4085 50
7 4086 50
7 4087 366
7 4088 50
7 4089 50
7 4090 368
7 4091 50
7 4092 50
7 4093 50
7 4094 50
7 4095 50
7 4096 50
7 4097 50
7 4098 367
7 4099 50
7 4100 367
7 4101 50
7 4102 50
7 4103 50
7 4104 50
7 4105 366
7 4106 50
7 4107 50
7 4108 367
7 4109 50
7 4110 50
7 4111 366
7 4112 50
7 4113 50
7 4114 367
7 4115 50
7 4116 50
7 4117 50
7 4118 50
7 4119 50
7 4120 50
7 4121 50
7 4122 368
7 4123 50
7 4124 368
7 4125 50
7 4126 50
7 4127 50
7 4128 50
7 4129 366
7 4130 50
7 4131 50
7 4132 368
7 4133 50
7 4134 50
7 4135 366
7 4136 50
7 4137 50
7 4138 367
7 4139 50
7 4140 50
7 4141 50
7 4142 50
7 4143 50
7 4144 50
7 4145 50
7 4146 367
7 4147 50
7 4148 367
7 4149 50
7 4150 50
7 4151 50
7 4152 50
7 4153 50
7 4154 50
7 4155 50
7 4156 50
7 4157 50
7 4158 50
7 4159 50
7 4160 50
7 4161 50
7 4162 50
7 4163 50
7 4164 50
7 4165 50
7 4166 50
7 4167 50
7 4168 50
7 4169 50
7 4170 50
7 4171 50
7 4172 50
7 4173 50
7 4174 50
7 4175 50
7 4176 366
7 4177 50
7 4178 366
7 4179 50
7 4180 50
7 4181 50
7 4182 366
7 4183 50
7 4184 366
7 4185 50
7 4186 50
7 4187 50
7 4188 366
7 4189 50
7 4190 366
7 4191 50
7 4192 50
7 4193 50
7 4194 50
7 4195 50
7 4196 50
7 4197 50
7 4198 50
7 4199 50
7 4200 520
7 4201 365
7 4202 520
7 4203 50
7 4204 366
7 4205 50
7 4206 520
7 4207 365
7 4208 520
7 4209 50
7 4210 367
7 4211 50
7 4212 520
7 4213 50
7 4214 520
7 4215 50
7 4216 50
7 4217 50
7 4218 366
7 4219 50
7 4220 367
7 4221 50
7 4222 50
7 4223 50
7 4224 520
7 4225 365
7 4226 520
7 4227 50
7 4228 366
7 4229 50
7 4230 520
7 4231 365
7 4232 520
7 4233 50
7 4234 367
7 4235 50
7 4236 520
7 4237 50
7 4238 520
7 4239 50
7 4240 50
7 4241 50
7 4242 368
7 4243 50
7 4244 368
7 4245 50
7 4246 50
7 4247 50
7 4248 520
7 4249 365
7 4250 520
7 4251 50
7 4252 367
7 4253 50
7 4254 520
7 4255 365
7 4256 520
7 4257 50
7 4258 367
7 4259 50
7 4260 520
7 4261 50
7 4262 520
7 4263 50
7 4264 50
7 4265 50
7 4266 366
7 4267 50
7 4268 367
7 4269 50
7 4270 50
7 4271 50
7 4272 520
7 4273 50
7 4274 520
7 4275 50
7 4276 50
7 4277 50
7 4278 520
7 4279 50
7 4280 520
7 4281 50
7 4282 50
7 4283 50
7 4284 520
7 4285 50
7 4286 520
7 4287 50
7 4288 50
7 4289 50
7 4290 50
7 4291 50
7 4292 50
7 4293 50
7 4294 50
7 4295 50
7 4296 365
7 4297 50
7 4298 366
7 4299 50
7 4300 50
7 4301 50
7 4302 366
7 4303 50
7 4304 366
7 4305 50
7 4306 50
7 4307 50
7 4308 366
7 4309 50
7 4310 366
7 4311 50
7 4312 50
7 4313 50
7 4314 50
7 4315 50
7 4316 50
7 4317 50
7 4318 50
7 4319 50
7 4320 155
7 4321 520
7 4322 155
7 4323 365
7 4324 520
7 4325 365
7 4326 155
7 4327 520
7 4328 156
7 4329 50
7 4330 520
7 4331 50
7 4332 156
7 4333 366
7 4334 155
7 4335 50
7 4336 366
7 4337 50
7 4338 520
7 4339 366
7 4340 520
7 4341 50
7 4342 366
7 4343 50
7 4344 155
7 4345 520
7 4346 155
7 4347 365
7 4348 520
7 4349 365
7 4350 155
7 4351 520
7 4352 156
7 4353 50
7 4354 520
7 4355 50
7 4356 156
7 4357 367
7 4358 156
7 4359 50
7 4360 367
7 4361 50
7 4362 520
7 4363 367
7 4364 520
7 4365 50
7 4366 368
7 4367 50
7 4368 155
7 4369 520
7 4370 156
7 4371 50
7 4372 520
7 4373 50
7 4374 155
7 4375 520
7 4376 156
7 4377 50
7 4378 520
7 4379 50
7 4380 156
7 4381 50
7 4382 156
7 4383 50
7 4384 50
7 4385 50
7 4386 520
7 4387 50
7 4388 520
7 4389 50
7 4390 50
7 4391 50
7 4392 156
7 4393 367
7 4394 156
7 4395 50
7 4396 367
7 4397 50
7 4398 156
7 4399 367
7 4400 156
7 4401 50
7 4402 368
7 4403 50
7 4404 156
7 4405 50
7 4406 155
7 4407 50
7 4408 50
7 4409 50
7 4410 366
7 4411 50
7 4412 367
7 4413 50
7 4414 50
7 4415 50
7 4416 520
7 4417 366
7 4418 520
7 4419 50
7 4420 367
7 4421 50
7 4422 520
7 4423 366
7 4424 520
7 4425 50
7 4426 367
7 4427 50
7 4428 520
7 4429 50
7 4430 520
7 4431 50
7 4432 50
7 4433 50
7 4434 366
7 4435 50
7 4436 367
7 4437 50
7 4438 50
7 4439 50
7 4440 155
7 4441 520
7 4442 155
7 4443 365
7 4444 520
7 4445 365
7 4446 155
7 4447 520
7 4448 156
7 4449 50
7 4450 520
7 4451 50
7 4452 156
7 4453 366
7 4454 155
7 4455 50
7 4456 366
7 4457 50
7 4458 520
7 4459 366
7 4460 520
7 4461 50
7 4462 366
7 4463 50
7 4464 155
7 4465 520
7 4466 155
7 4467 365
7 4468 520
7 4469 365
7 4470 155
7 4471 520
7 4472 156
7 4473 50
7 4474 520
7 4475 50
7 4476 156
7 4477 367
7 4478 156
7 4479 50
7 4480 367
7 4481 50
7 4482 520
7 4483 366
7 4484 520
7 4485 50
7 4486 367
7 4487 50
7 4488 155
7 4489 520
7 4490 156
7 4491 50
7 4492 520
7 4493 50
7 4494 155
7 4495 520
7 4496 156
7 4497 50
7 4498 520
7 4499 50
7 4500 156
7 4501 50
7 4502 156
7 4503 50
7 4504 50
7 4505 50
7 4506 520
7 4507 50
7 4508 520
7 4509 50
7 4510 50
7 4511 50
7 4512 156
7 4513 368
7 4514 156
7 4515 50
7 4516 368
7 4517 50
7 4518 156
7 4519 368
7 4520 156
7 4521 50
7 4522 368
7 4523 50
7 4524 156
7 4525 50
7 4526 156
7 4527 50
7 4528 50
7 4529 50
7 4530 368
7 4531 50
7 4532 368
7 4533 50
7 4534 50
7 4535 50
7 4536 520
7 4537 367
7 4538 520
7 4539 50
7 4540 367
7 4541 50
7 4542 520
7 4543 367
7 4544 520
7 4545 50
7 4546 368
7 4547 50
7 4548 520
7 4549 50
7 4550 520
7 4551 50
7 4552 50
7 4553 50
7 4554 368
7 4555 50
7 4556 368
7 4557 50
7 4558 50
7 4559 50
7 4560 155
7 4561 520
7 4562 155
7 4563 365
7 4564 520
7 4565 365
7 4566 155
7 4567 520
7 4568 156
7 4569 50
7 4570 520
7 4571 50
7 4572 156
7 4573 367
7 4574 156
7 4575 50
7 4576 368
7 4577 50
7 4578 520
7 4579 367
7 4580 520
7 4581 50
7 4582 368
7 4583 50
7 4584 155
7 4585 520
7 4586 155
7 4587 365
7 4588 520
7 4589 365
7 4590 155
7 4591 520
7 4592 156
7 4593 50
7 4594 520
7 4595 50
7 4596 156
7 4597 367
7 4598 156
7 4599 50
7 4600 367
7 4601 50
7 4602 520
7 4603 366
7 4604 520
7 4605 50
7 4606 367
7 4607 50
7 4608 155
7 4609 520
7 4610 156
7 4611 50
7 4612 520
7 4613 50
7 4614 155
7 4615 520
7 4616 156
7 4617 50
7 4618 520
7 4619 50
7 4620 156
7 4621 50
7 4622 156
7 4623 50
7 4624 50
7 4625 50
7 4626 520
7 4627 50
7 4628 520
7 4629 50
7 4630 50
7 4631 50
7 4632 156
7 4633 367
7 4634 156
7 4635 50
7 4636 367
7 4637 50
7 4638 156
7 4639 367
7 4640 156
7 4641 50
7 4642 368
7 4643 50
7 4644 156
7 4645 50
7 4646 156
7 4647 50
7 4648 50
7 4649 50
7 4650 366
7 4651 50
7 4652 367
7 4653 50
7 4654 50
7 4655 50
7 4656 520
7 4657 366
7 4658 520
7 4659 50
7 4660 368
7 4661 50
7 4662 520
7 4663 366
7 4664 520
7 4665 50
7 4666 368
7 4667 50
7 4668 520
7 4669 50
7 4670 520
7 4671 50
7 4672 50
7 4673 50
7 4674 367
7 4675 50
7 4676 367
7 4677 50
7 4678 50
7 4679 50
7 4680 155
7 4681 520
7 4682 156
7 4683 50
7 4684 520
7 4685 50
7 4686 155
7 4687 520
7 4688 156
7 4689 50
7 4690 520
7 4691 50
7 4692 156
7 4693 50
7 4694 156
7 4695 50
7 4696 50
7 4697 50
7 4698 520
7 4699 50
7 4700 520
7 4701 50
7 4702 50
7 4703 50
7 4704 155
7 4705 520
7 4706 156
7 4707 50
7 4708 520
7 4709 50
7 4710 155
7 4711 520
7 4712 156
7 4713 50
7 4714 520
7 4715 50
7 4716 156
7 4717 50
7 4718 156
7 4719 50
7 4720 50
7 4721 50
7 4722 520
7 4723 50
7 4724 520
7 4725 50
7 4726 50
7 4727 50
7 4728 155
7 4729 520
7 4730 156
7 4731 50
7 4732 520
7 4733 50
7 4734 155
7 4735 520
7 4736 156
7 4737 50
7 4738 520
7 4739 50
7 4740 156
7 4741 50
7 4742 156
7 4743 50
7 4744 50
7 4745 50
7 4746 520
7 4747 50
7 4748 520
7 4749 50
7 4750 50
7 4751 50
7 4752 156
7 4753 50
7 4754 156
7 4755 50
7 4756 50
7 4757 50
7 4758 156
7 4759 50
7 4760 156
7 4761 50
7 4762 50
7 4763 50
7 4764 156
7 4765 50
7 4766 156
7 4767 50
7 4768 50
7 4769 50
7 4770 50
7 4771 50
7 4772 50
7 4773 50
7 4774 50
7 4775 50
7 4776 520
7 4777 50
7 4778 520
7 4779 50
7 4780 50
7 4781 50
7 4782 520
7 4783 50
7 4784 520
7 4785 50
7 4786 50
7 4787 50
7 4788 520
7 4789 50
7 4790 520
7 4791 50
7 4792 50
7 4793 50
7 4794 50
7 4795 50
7 4796 50
7 4797 50
7 4798 50
7 4799 50
7 4800 156
7 4801 366
7 4802 156
7 4803 50
7 4804 367
7 4805 50
7 4806 156
7 4807 366
7 4808 156
7 4809 50
7 4810 368
7 4811 50
7 4812 156
7 4813 50
7 4814 156
7 4815 50
7 4816 50
7 4817 50
7 4818 366
7 4819 50
7 4820 367
7 4821 50
7 4822 50
7 4823 50
7 4824 156
7 4825 366
7 4826 156
7 4827 50
7 4828 367
7 4829 50
7 4830 156
7 4831 366
7 4832 156
7 4833 50
7 4834 367
7 4835 50
7 4836 156
7 4837 50
7 4838 156
7 4839 50
7 4840 50
7 4841 50
7 4842 368
7 4843 50
7 4844 368
7 4845 50
7 4846 50
7 4847 50
7 4848 156
7 4849 366
7 4850 156
7 4851 50
7 4852 368
7 4853 50
7 4854 156
7 4855 366
7 4856 156
7 4857 50
7 4858 367
7 4859 50
7 4860 156
7 4861 50
7 4862 156
7 4863 50
7 4864 50
7 4865 50
7 4866 367
7 4867 50
7 4868 367
7 4869 50
7 4870 50
7 4871 50
7 4872 156
7 4873 50
7 4874 156
7 4875 50
7 4876 50
7 4877 50
7 4878 156
7 4879 50
7 4880 156
7 4881 50
7 4882 50
7 4883 50
7 4884 156
7 4885 50
7 4886 155
7 4887 50
7 4888 50
7 4889 50
7 4890 50
7 4891 50
7 4892 50
7 4893 50
7 4894 50
7 4895 50
7 4896 365
7 4897 50
7 4898 366
7 4899 50
7 4900 50
7 4901 50
7 4902 366
7 4903 50
7 4904 366
7 4905 50
7 4906 50
7 4907 50
7 4908 366
7 4909 50
7 4910 366
7 4911 50
7 4912 50
7 4913 50
7 4914 50
7 4915 50
7 4916 50
7 4917 50
7 4918 50
7 4919 50
7 4920 520
7 4921 365
7 4922 520
7 4923 50
7 4924 366
7 4925 50
7 4926 520
7 4927 365
7 4928 520
7 4929 50
7 4930 367
7 4931 50
7 4932 520
7 4933 50
7 4934 520
7 4935 50
7 4936 50
7 4937 50
7 4938 366
7 4939 50
7 4940 367
7 4941 50
7 4942 50
7 4943 50
7 4944 520
7 4945 365
7 4946 520
7 4947 50
7 4948 366
7 4949 50
7 4950 520
7 4951 365
7 4952 520
7 4953 50
7 4954 367
7 4955 50
7 4956 520
7 4957 50
7 4958 520
7 4959 50
7 4960 50
7 4961 50
7 4962 368
7 4963 50
7 4964 368
7 4965 50
7 4966 50
7 4967 50
7 4968 520
7 4969 365
7 4970 520
7 4971 50
7 4972 367
7 4973 50
7 4974 520
7 4975 365
7 4976 520
7 4977 50
7 4978 367
7 4979 50
7 4980 520
7 4981 50
7 4982 520
7 4983 50
7 4984 50
7 4985 50
7 4986 366
7 4987 50
7 4988 367
7 4989 50
7 4990 50
7 4991 50
7 4992 520
7 4993 50
7 4994 520
7 4995 50
7 4996 50
7 4997 50
7 4998 520
7 4999 50
7 5000 520
7 5001 50
7 5002 50
7 5003 50
7 5004 520
7 5005 50
7 5006 520
7 5007 50
7 5008 50
7 5009 50
7 5010 50
7 5011 50
7 5012 50
7 5013 50
7 5014 50
7 5015 50
7 5016 365
7 5017 50
7 5018 366
7 5019 50
7 5020 50
7 5021 50
7 5022 366
7 5023 50
7 5024 366
7 5025 50
7 5026 50
7 5027 50
7 5028 366
7 5029 50
7 5030 366
7 5031 50
7 5032 50
7 5033 50
7 5034 50
7 5035 50
7 5036 50
7 5037 50
7 5038 50
7 5039 50
