3 0 40312
3 1 40320
3 2 40320
3 3 40319
3 4 39891
3 5 40312
4 0 36888
4 1 36888
4 2 36888
4 3 40312
4 4 36888
4 5 40312
4 6 32330
4 7 37559
4 8 33128
4 9 38890
4 10 37580
4 11 39266
4 12 24835
4 13 33128
4 14 24553
4 15 36888
4 16 32330
4 17 36888
4 18 24553
4 19 33128
4 20 24835
4 21 36888
4 22 32330
4 23 36888
5 0 18232
5 1 18232
5 2 18224
5 3 18400
5 4 18400
5 5 18232
5 6 18232
5 7 18232
5 8 18400
5 9 36888
5 10 18400
5 11 36888
5 12 18400
5 13 18400
5 14 18232
5 15 36888
5 16 18232
5 17 36888
5 18 18232
5 19 18400
5 20 18400
5 21 36888
5 22 18232
5 23 36888
5 24 16649
5 25 16649
5 26 16647
5 27 27958
5 28 16708
5 29 27688
5 30 17074
5 31 17074
5 32 17100
5 33 24553
5 34 17638
5 35 25661
5 36 17345
5 37 29010
5 38 17398
5 39 25988
5 40 27692
5 41 26412
5 42 17372
5 43 29008
5 44 17673
5 45 26126
5 46 27964
5 47 26561
5 48 7034
5 49 7034
5 50 7066
5 51 17402
5 52 7104
5 53 17077
5 54 6996
5 55 6996
5 56 7068
5 57 18232
5 58 7071
5 59 18232
5 60 7036
5 61 17415
5 62 7035
5 63 18400
5 64 16649
5 65 18232
5 66 7071
5 67 17348
5 68 7102
5 69 18400
5 70 16708
5 71 18400
5 72 7037
5 73 7102
5 74 7068
5 75 17673
5 76 7071
5 77 17638
5 78 7068
5 79 7071
5 80 7033
5 81 18400
5 82 7104
5 83 18400
5 84 7035
5 85 17372
5 86 6996
5 87 18232
5 88 16708
5 89 18400
5 90 6996
5 91 17074
5 92 7034
5 93 18232
5 94 16649
5 95 18232
5 96 6996
5 97 7035
5 98 7033
5 99 17398
5 100 7068
5 101 17100
5 102 7035
5 103 7036
5 104 7068
5 105 18232
5 106 7066
5 107 18400
5 108 7068
5 109 17345
5 110 7037
5 111 18400
5 112 16647
5 113 18224
5 114 6996
5 115 17074
5 116 7034
5 117 18232
5 118 16649
5 119 18232
6 0 3664
6 1 3664
6 2 3664
6 3 3672
6 4 3672
6 5 3664
6 6 3664
6 7 3664
6 8 3680
6 9 3672
6 10 3680
6 11 3680
6 12 3680
6 13 3680
6 14 3664
6 15 3680
6 16 3672
6 17 3672
6 18 3672
6 19 3680
6 20 3680
6 21 3672
6 22 3672
6 23 3664
6 24 3664
6 25 3664
6 26 3664
6 27 3672
6 28 3672
6 29 3664
6 30 3672
6 31 3672
6 32 3672
6 33 18232
6 34 3688
6 35 18232
6 36 3680
6 37 3688
6 38 3680
6 39 18224
6 40 3680
6 41 18400
6 42 3688
6 43 3680
6 44 3696
6 45 18400
6 46 3688
6 47 18232
6 48 3672
6 49 3672
6 50 3680
6 51 3688
6 52 3688
6 53 3680
6 54 3664
6 55 3664
6 56 3680
6 57 18232
6 58 3680
6 59 18232
6 60 3672
6 61 3680
6 62 3672
6 63 18400
6 64 3664
6 65 18232
6 66 3680
6 67 3688
6 68 3688
6 69 18400
6 70 3672
6 71 18400
6 72 3672
6 73 3688
6 74 3680
6 75 3696
6 76 3680
6 77 3688
6 78 3680
6 79 3680
6 80 3672
6 81 18400
6 82 3688
6 83 18400
6 84 3672
6 85 3688
6 86 3664
6 87 18232
6 88 3672
6 89 18400
6 90 3664
6 91 3672
6 92 3672
6 93 18232
6 94 3664
6 95 18232
6 96 3664
6 97 3672
6 98 3672
6 99 3680
6 100 3680
6 101 3672
6 102 3672
6 103 3672
6 104 3680
6 105 18232
6 106 3680
6 107 18400
6 108 3680
6 109 3680
6 110 3672
6 111 18400
6 112 3664
6 113 18224
6 114 3664
6 115 3672
6 116 3672
6 117 18232
6 118 3664
6 119 18232
6 120 4818
6 121 4818
6 122 4817
6 123 4846
6 124 4846
6 125 4818
6 126 4818
6 127 4818
6 128 4848
6 129 15107
6 130 4848
6 131 15102
6 132 4848
6 133 4848
6 134 4818
6 135 15104
6 136 4820
6 137 15104
6 138 4820
6 139 4848
6 140 4848
6 141 15100
6 142 4820
6 143 15066
6 144 4856
6 145 4856
6 146 4856
6 147 4858
6 148 4858
6 149 4856
6 150 4861
6 151 4861
6 152 4857
6 153 6996
6 154 4929
6 155 7377
6 156 4957
6 157 4958
6 158 4895
6 159 7432
6 160 4929
6 161 7521
6 162 4935
6 163 4935
6 164 4959
6 165 7467
6 166 4936
6 167 7518
6 168 4892
6 169 4892
6 170 4920
6 171 15595
6 172 4922
6 173 15563
6 174 4894
6 175 4894
6 176 4894
6 177 7502
6 178 4934
6 179 7530
6 180 4895
6 181 15591
6 182 4894
6 183 7571
6 184 15066
6 185 7516
6 186 4924
6 187 15834
6 188 4958
6 189 7568
6 190 15101
6 191 7611
6 192 4925
6 193 4955
6 194 4927
6 195 15866
6 196 4927
6 197 15864
6 198 4958
6 199 4959
6 200 4896
6 201 7591
6 202 4958
6 203 7500
6 204 4929
6 205 15595
6 206 4898
6 207 7595
6 208 15101
6 209 7612
6 210 4897
6 211 15563
6 212 4932
6 213 7570
6 214 15104
6 215 7587
6 216 4893
6 217 4896
6 218 4894
6 219 15625
6 220 4898
6 221 15595
6 222 4931
6 223 4933
6 224 4933
6 225 7478
6 226 4961
6 227 7559
6 228 4958
6 229 15866
6 230 4935
6 231 7629
6 232 15104
6 233 7580
6 234 4902
6 235 15595
6 236 4934
6 237 7575
6 238 15107
6 239 7551
6 240 892
6 241 892
6 242 892
6 243 892
6 244 892
6 245 892
6 246 893
6 247 893
6 248 895
6 249 4897
6 250 896
6 251 4896
6 252 895
6 253 895
6 254 894
6 255 4894
6 256 895
6 257 4890
6 258 895
6 259 895
6 260 896
6 261 4893
6 262 895
6 263 4856
6 264 891
6 265 891
6 266 891
6 267 892
6 268 892
6 269 891
6 270 893
6 271 893
6 272 893
6 273 3664
6 274 894
6 275 3664
6 276 894
6 277 895
6 278 893
6 279 3664
6 280 894
6 281 3672
6 282 894
6 283 893
6 284 895
6 285 3672
6 286 894
6 287 3664
6 288 892
6 289 892
6 290 894
6 291 4903
6 292 895
6 293 4899
6 294 892
6 295 892
6 296 894
6 297 3672
6 298 894
6 299 3672
6 300 892
6 301 4896
6 302 892
6 303 3672
6 304 4818
6 305 3664
6 306 894
6 307 4930
6 308 894
6 309 3688
6 310 4820
6 311 3672
6 312 894
6 313 895
6 314 895
6 315 4961
6 316 895
6 317 4959
6 318 895
6 319 895
6 320 894
6 321 3680
6 322 896
6 323 3688
6 324 893
6 325 4898
6 326 893
6 327 3680
6 328 4819
6 329 3672
6 330 893
6 331 4924
6 332 894
6 333 3680
6 334 4848
6 335 3680
6 336 894
6 337 894
6 338 896
6 339 4933
6 340 896
6 341 4898
6 342 894
6 343 894
6 344 896
6 345 3688
6 346 895
6 347 3680
6 348 895
6 349 4957
6 350 895
6 351 3696
6 352 4848
6 353 3680
6 354 894
6 355 4924
6 356 894
6 357 3688
6 358 4820
6 359 3672
6 360 892
6 361 892
6 362 895
6 363 894
6 364 895
6 365 894
6 366 893
6 367 893
6 368 896
6 369 4934
6 370 896
6 371 4932
6 372 894
6 373 895
6 374 895
6 375 4961
6 376 894
6 377 4936
6 378 894
6 379 896
6 380 895
6 381 4958
6 382 894
6 383 4929
6 384 893
6 385 893
6 386 894
6 387 894
6 388 895
6 389 893
6 390 892
6 391 892
6 392 894
6 393 3672
6 394 894
6 395 3672
6 396 895
6 397 896
6 398 894
6 399 3680
6 400 895
6 401 3688
6 402 896
6 403 895
6 404 896
6 405 3688
6 406 895
6 407 3680
6 408 892
6 409 892
6 410 895
6 411 4902
6 412 895
6 413 4897
6 414 891
6 415 891
6 416 893
6 417 3664
6 418 893
6 419 3664
6 420 893
6 421 4898
6 422 893
6 423 3680
6 424 4820
6 425 3672
6 426 894
6 427 4927
6 428 894
6 429 3680
6 430 4820
6 431 3672
6 432 892
6 433 894
6 434 893
6 435 4933
6 436 893
6 437 4935
6 438 893
6 439 894
6 440 892
6 441 3672
6 442 895
6 443 3680
6 444 892
6 445 4896
6 446 892
6 447 3672
6 448 4848
6 449 3680
6 450 891
6 451 4856
6 452 892
6 453 3664
6 454 4818
6 455 3664
6 456 893
6 457 895
6 458 894
6 459 4959
6 460 895
6 461 4958
6 462 894
6 463 895
6 464 894
6 465 3680
6 466 895
6 467 3688
6 468 894
6 469 4955
6 470 894
6 471 3688
6 472 4848
6 473 3680
6 474 892
6 475 4858
6 476 892
6 477 3672
6 478 4846
6 479 3672
6 480 892
6 481 894
6 482 893
6 483 895
6 484 894
6 485 894
6 486 893
6 487 894
6 488 894
6 489 4935
6 490 896
6 491 4958
6 492 894
6 493 896
6 494 893
6 495 4933
6 496 895
6 497 4959
6 498 893
6 499 894
6 500 894
6 501 4934
6 502 894
6 503 4929
6 504 893
6 505 894
6 506 893
6 507 895
6 508 894
6 509 894
6 510 894
6 511 894
6 512 892
6 513 3672
6 514 895
6 515 3688
6 516 894
6 517 896
6 518 894
6 519 3680
6 520 896
6 521 3696
6 522 895
6 523 895
6 524 896
6 525 3680
6 526 896
6 527 3688
6 528 894
6 529 894
6 530 894
6 531 4958
6 532 896
6 533 4924
6 534 893
6 535 893
6 536 894
6 537 3680
6 538 894
6 539 3680
6 540 892
6 541 4894
6 542 892
6 543 3672
6 544 4848
6 545 3680
6 546 895
6 547 4922
6 548 895
6 549 3688
6 550 4848
6 551 3680
6 552 892
6 553 894
6 554 893
6 555 4931
6 556 894
6 557 4935
6 558 893
6 559 894
6 560 892
6 561 3672
6 562 895
6 563 3688
6 564 892
6 565 4893
6 566 891
6 567 3664
6 568 4820
6 569 3672
6 570 892
6 571 4858
6 572 892
6 573 3672
6 574 4846
6 575 3672
6 576 891
6 577 892
6 578 892
6 579 4894
6 580 893
6 581 4861
6 582 892
6 583 892
6 584 893
6 585 3664
6 586 893
6 587 3672
6 588 893
6 589 4892
6 590 892
6 591 3672
6 592 4818
6 593 3664
6 594 891
6 595 4856
6 596 892
6 597 3664
6 598 4818
6 599 3664
6 600 891
6 601 892
6 602 892
6 603 893
6 604 893
6 605 892
6 606 892
6 607 892
6 608 894
6 609 4898
6 610 894
6 611 4894
6 612 894
6 613 894
6 614 892
6 615 4896
6 616 893
6 617 4895
6 618 893
6 619 894
6 620 894
6 621 4894
6 622 893
6 623 4857
6 624 892
6 625 892
6 626 892
6 627 893
6 628 893
6 629 892
6 630 893
6 631 893
6 632 893
6 633 3664
6 634 895
6 635 3672
6 636 894
6 637 895
6 638 894
6 639 3672
6 640 894
6 641 3680
6 642 895
6 643 894
6 644 896
6 645 3680
6 646 895
6 647 3672
6 648 893
6 649 893
6 650 894
6 651 4929
6 652 895
6 653 4895
6 654 892
6 655 892
6 656 894
6 657 3672
6 658 894
6 659 3672
6 660 893
6 661 4927
6 662 893
6 663 3680
6 664 4818
6 665 3664
6 666 894
6 667 4920
6 668 895
6 669 3680
6 670 4848
6 671 3680
6 672 893
6 673 895
6 674 894
6 675 4958
6 676 894
6 677 4957
6 678 894
6 679 894
6 680 893
6 681 3680
6 682 895
6 683 3680
6 684 893
6 685 4925
6 686 892
6 687 3672
6 688 4848
6 689 3680
6 690 891
6 691 4856
6 692 892
6 693 3664
6 694 4817
6 695 3664
6 696 891
6 697 892
6 698 892
6 699 4894
6 700 893
6 701 4861
6 702 892
6 703 892
6 704 893
6 705 3664
6 706 893
6 707 3672
6 708 893
6 709 4892
6 710 892
6 711 3672
6 712 4818
6 713 3664
6 714 891
6 715 4856
6 716 892
6 717 3664
6 718 4818
6 719 3664
7 0 296
7 1 296
7 2 296
7 3 296
7 4 296
7 5 296
7 6 296
7 7 296
7 8 296
7 9 296
7 10 296
7 11 296
7 12 296
7 13 296
7 14 296
7 15 296
7 16 296
7 17 296
7 18 296
7 19 296
7 20 296
7 21 296
7 22 296
7 23 296
7 24 296
7 25 296
7 26 296
7 27 296
7 28 296
7 29 296
7 30 296
7 31 296
7 32 296
7 33 296
7 34 296
7 35 296
7 36 296
7 37 296
7 38 296
7 39 296
7 40 296
7 41 296
7 42 296
7 43 296
7 44 296
7 45 296
7 46 296
7 47 296
7 48 296
7 49 296
7 50 296
7 51 296
7 52 296
7 53 296
7 54 296
7 55 296
7 56 296
7 57 296
7 58 296
7 59 296
7 60 296
7 61 296
7 62 296
7 63 296
7 64 296
7 65 296
7 66 296
7 67 296
7 68 296
7 69 296
7 70 296
7 71 296
7 72 296
7 73 296
7 74 296
7 75 296
7 76 296
7 77 296
7 78 296
7 79 296
7 80 296
7 81 296
7 82 296
7 83 296
7 84 296
7 85 296
7 86 296
7 87 296
7 88 296
7 89 296
7 90 296
7 91 296
7 92 296
7 93 296
7 94 296
7 95 296
7 96 296
7 97 296
7 98 296
7 99 296
7 100 296
7 101 296
7 102 296
7 103 296
7 104 296
7 105 296
7 106 296
7 107 296
7 108 296
7 109 296
7 110 296
7 111 296
7 112 296
7 113 296
7 114 296
7 115 296
7 116 296
7 117 296
7 118 296
7 119 296
7 120 296
7 121 296
7 122 296
7 123 296
7 124 296
7 125 296
7 126 296
7 127 296
7 128 296
7 129 296
7 130 296
7 131 296
7 132 296
7 133 296
7 134 296
7 135 296
7 136 296
7 137 296
7 138 296
7 139 296
7 140 296
7 141 296
7 142 296
7 143 296
7 144 296
7 145 296
7 146 296
7 147 296
7 148 296
7 149 296
7 150 296
7 151 296
7 152 296
7 153 3664
7 154 296
7 155 3664
7 156 296
7 157 296
7 158 296
7 159 3664
7 160 296
7 161 3672
7 162 296
7 163 296
7 164 296
7 165 3672
7 166 296
7 167 3664
7 168 296
7 169 296
7 170 296
7 171 296
7 172 296
7 173 296
7 174 296
7 175 296
7 176 296
7 177 3664
7 178 296
7 179 3664
7 180 296
7 181 296
7 182 296
7 183 3680
7 184 296
7 185 3672
7 186 296
7 187 296
7 188 296
7 189 3680
7 190 296
7 191 3680
7 192 296
7 193 296
7 194 296
7 195 296
7 196 296
7 197 296
7 198 296
7 199 296
7 200 296
7 201 3680
7 202 296
7 203 3680
7 204 296
7 205 296
7 206 296
7 207 3664
7 208 296
7 209 3680
7 210 296
7 211 296
7 212 296
7 213 3672
7 214 296
7 215 3672
7 216 296
7 217 296
7 218 296
7 219 296
7 220 296
7 221 296
7 222 296
7 223 296
7 224 296
7 225 3672
7 226 296
7 227 3680
7 228 296
7 229 296
7 230 296
7 231 3680
7 232 296
7 233 3672
7 234 296
7 235 296
7 236 296
7 237 3672
7 238 296
7 239 3664
7 240 296
7 241 296
7 242 296
7 243 296
7 244 296
7 245 296
7 246 296
7 247 296
7 248 296
7 249 296
7 250 296
7 251 296
7 252 296
7 253 296
7 254 296
7 255 296
7 256 296
7 257 296
7 258 296
7 259 296
7 260 296
7 261 296
7 262 296
7 263 296
7 264 296
7 265 296
7 266 296
7 267 296
7 268 296
7 269 296
7 270 296
7 271 296
7 272 296
7 273 3664
7 274 296
7 275 3664
7 276 296
7 277 296
7 278 296
7 279 3664
7 280 296
7 281 3672
7 282 296
7 283 296
7 284 296
7 285 3672
7 286 296
7 287 3664
7 288 296
7 289 296
7 290 296
7 291 296
7 292 296
7 293 296
7 294 296
7 295 296
7 296 296
7 297 3672
7 298 296
7 299 3672
7 300 296
7 301 296
7 302 296
7 303 3672
7 304 296
7 305 3664
7 306 296
7 307 296
7 308 296
7 309 3688
7 310 296
7 311 3672
7 312 296
7 313 296
7 314 296
7 315 296
7 316 296
7 317 296
7 318 296
7 319 296
7 320 296
7 321 3680
7 322 296
7 323 3688
7 324 296
7 325 296
7 326 296
7 327 3680
7 328 296
7 329 3672
7 330 296
7 331 296
7 332 296
7 333 3680
7 334 296
7 335 3680
7 336 296
7 337 296
7 338 296
7 339 296
7 340 296
7 341 296
7 342 296
7 343 296
7 344 296
7 345 3688
7 346 296
7 347 3680
7 348 296
7 349 296
7 350 296
7 351 3696
7 352 296
7 353 3680
7 354 296
7 355 296
7 356 296
7 357 3688
7 358 296
7 359 3672
7 360 296
7 361 296
7 362 296
7 363 296
7 364 296
7 365 296
7 366 296
7 367 296
7 368 296
7 369 296
7 370 296
7 371 296
7 372 296
7 373 296
7 374 296
7 375 296
7 376 296
7 377 296
7 378 296
7 379 296
7 380 296
7 381 296
7 382 296
7 383 296
7 384 296
7 385 296
7 386 296
7 387 296
7 388 296
7 389 296
7 390 296
7 391 296
7 392 296
7 393 3672
7 394 296
7 395 3672
7 396 296
7 397 296
7 398 296
7 399 3680
7 400 296
7 401 3688
7 402 296
7 403 296
7 404 296
7 405 3688
7 406 296
7 407 3680
7 408 296
7 409 296
7 410 296
7 411 296
7 412 296
7 413 296
7 414 296
7 415 296
7 416 296
7 417 3664
7 418 296
7 419 3664
7 420 296
7 421 296
7 422 296
7 423 3680
7 424 296
7 425 3672
7 426 296
7 427 296
7 428 296
7 429 3680
7 430 296
7 431 3672
7 432 296
7 433 296
7 434 296
7 435 296
7 436 296
7 437 296
7 438 296
7 439 296
7 440 296
7 441 3672
7 442 296
7 443 3680
7 444 296
7 445 296
7 446 296
7 447 3672
7 448 296
7 449 3680
7 450 296
7 451 296
7 452 296
7 453 3664
7 454 296
7 455 3664
7 456 296
7 457 296
7 458 296
7 459 296
7 460 296
7 461 296
7 462 296
7 463 296
7 464 296
7 465 3680
7 466 296
7 467 3688
7 468 296
7 469 296
7 470 296
7 471 3688
7 472 296
7 473 3680
7 474 296
7 475 296
7 476 296
7 477 3672
7 478 296
7 479 3672
7 480 296
7 481 296
7 482 296
7 483 296
7 484 296
7 485 296
7 486 296
7 487 296
7 488 296
7 489 296
7 490 296
7 491 296
7 492 296
7 493 296
7 494 296
7 495 296
7 496 296
7 497 296
7 498 296
7 499 296
7 500 296
7 501 296
7 502 296
7 503 296
7 504 296
7 505 296
7 506 296
7 507 296
7 508 296
7 509 296
7 510 296
7 511 296
7 512 296
7 513 3672
7 514 296
7 515 3688
7 516 296
7 517 296
7 518 296
7 519 3680
7 520 296
7 521 3696
7 522 296
7 523 296
7 524 296
7 525 3680
7 526 296
7 527 3688
7 528 296
7 529 296
7 530 296
7 531 296
7 532 296
7 533 296
7 534 296
7 535 296
7 536 296
7 537 3680
7 538 296
7 539 3680
7 540 296
7 541 296
7 542 296
7 543 3672
7 544 296
7 545 3680
7 546 296
7 547 296
7 548 296
7 549 3688
7 550 296
7 551 3680
7 552 296
7 553 296
7 554 296
7 555 296
7 556 296
7 557 296
7 558 296
7 559 296
7 560 296
7 561 3672
7 562 296
7 563 3688
7 564 296
7 565 296
7 566 296
7 567 3664
7 568 296
7 569 3672
7 570 296
7 571 296
7 572 296
7 573 3672
7 574 296
7 575 3672
7 576 296
7 577 296
7 578 296
7 579 296
7 580 296
7 581 296
7 582 296
7 583 296
7 584 296
7 585 3664
7 586 296
7 587 3672
7 588 296
7 589 296
7 590 296
7 591 3672
7 592 296
7 593 3664
7 594 296
7 595 296
7 596 296
7 597 3664
7 598 296
7 599 3664
7 600 296
7 601 296
7 602 296
7 603 296
7 604 296
7 605 296
7 606 296
7 607 296
7 608 296
7 609 296
7 610 296
7 611 296
7 612 296
7 613 296
7 614 296
7 615 296
7 616 296
7 617 296
7 618 296
7 619 296
7 620 296
7 621 296
7 622 296
7 623 296
7 624 296
7 625 296
7 626 296
7 627 296
7 628 296
7 629 296
7 630 296
7 631 296
7 632 296
7 633 3664
7 634 296
7 635 3672
7 636 296
7 637 296
7 638 296
7 639 3672
7 640 296
7 641 3680
7 642 296
7 643 296
7 644 296
7 645 3680
7 646 296
7 647 3672
7 648 296
7 649 296
7 650 296
7 651 296
7 652 296
7 653 296
7 654 296
7 655 296
7 656 296
7 657 3672
7 658 296
7 659 3672
7 660 296
7 661 296
7 662 296
7 663 3680
7 664 296
7 665 3664
7 666 296
7 667 296
7 668 296
7 669 3680
7 670 296
7 671 3680
7 672 296
7 673 296
7 674 296
7 675 296
7 676 296
7 677 296
7 678 296
7 679 296
7 680 296
7 681 3680
7 682 296
7 683 3680
7 684 296
7 685 296
7 686 296
7 687 3672
7 688 296
7 689 3680
7 690 296
7 691 296
7 692 296
7 693 3664
7 694 296
7 695 3664
7 696 296
7 697 296
7 698 296
7 699 296
7 700 296
7 701 296
7 702 296
7 703 296
7 704 296
7 705 3664
7 706 296
7 707 3672
7 708 296
7 709 296
7 710 296
7 711 3672
7 712 296
7 713 3664
7 714 296
7 715 296
7 716 296
7 717 3664
7 718 296
7 719 3664
7 720 687
7 721 687
7 722 687
7 723 688
7 724 688
7 725 687
7 726 687
7 727 687
7 728 689
7 729 688
7 730 689
7 731 689
7 732 689
7 733 689
7 734 687
7 735 689
7 736 688
7 737 688
7 738 688
7 739 689
7 740 689
7 741 688
7 742 688
7 743 687
7 744 687
7 745 687
7 746 687
7 747 688
7 748 688
7 749 687
7 750 688
7 751 688
7 752 688
7 753 4657
7 754 690
7 755 4657
7 756 689
7 757 690
7 758 689
7 759 4656
7 760 689
7 761 4685
7 762 690
7 763 689
7 764 691
7 765 4685
7 766 690
7 767 4657
7 768 688
7 769 688
7 770 689
7 771 690
7 772 690
7 773 689
7 774 687
7 775 687
7 776 689
7 777 4657
7 778 689
7 779 4657
7 780 688
7 781 689
7 782 688
7 783 4685
7 784 687
7 785 4657
7 786 689
7 787 690
7 788 690
7 789 4685
7 790 688
7 791 4685
7 792 688
7 793 690
7 794 689
7 795 691
7 796 689
7 797 690
7 798 689
7 799 689
7 800 688
7 801 4685
7 802 690
7 803 4685
7 804 688
7 805 690
7 806 687
7 807 4657
7 808 688
7 809 4685
7 810 687
7 811 688
7 812 688
7 813 4657
7 814 687
7 815 4657
7 816 687
7 817 688
7 818 688
7 819 689
7 820 689
7 821 688
7 822 688
7 823 688
7 824 689
7 825 4657
7 826 689
7 827 4685
7 828 689
7 829 689
7 830 688
7 831 4685
7 832 687
7 833 4656
7 834 687
7 835 688
7 836 688
7 837 4657
7 838 687
7 839 4656
7 840 688
7 841 688
7 842 688
7 843 689
7 844 689
7 845 688
7 846 688
7 847 688
7 848 689
7 849 688
7 850 689
7 851 689
7 852 689
7 853 689
7 854 688
7 855 689
7 856 688
7 857 688
7 858 688
7 859 689
7 860 689
7 861 688
7 862 688
7 863 688
7 864 688
7 865 688
7 866 688
7 867 688
7 868 688
7 869 688
7 870 688
7 871 688
7 872 688
7 873 891
7 874 690
7 875 927
7 876 691
7 877 691
7 878 689
7 879 929
7 880 690
7 881 932
7 882 690
7 883 690
7 884 691
7 885 930
7 886 690
7 887 932
7 888 691
7 889 691
7 890 692
7 891 691
7 892 692
7 893 691
7 894 689
7 895 689
7 896 689
7 897 931
7 898 690
7 899 932
7 900 691
7 901 691
7 902 690
7 903 934
7 904 690
7 905 932
7 906 692
7 907 692
7 908 692
7 909 934
7 910 690
7 911 935
7 912 691
7 913 692
7 914 691
7 915 692
7 916 691
7 917 691
7 918 692
7 919 692
7 920 690
7 921 935
7 922 692
7 923 932
7 924 691
7 925 691
7 926 689
7 927 934
7 928 690
7 929 935
7 930 690
7 931 690
7 932 691
7 933 934
7 934 690
7 935 934
7 936 690
7 937 690
7 938 690
7 939 690
7 940 690
7 941 690
7 942 691
7 943 691
7 944 691
7 945 931
7 946 692
7 947 934
7 948 692
7 949 692
7 950 691
7 951 936
7 952 690
7 953 934
7 954 690
7 955 690
7 956 691
7 957 934
7 958 690
7 959 932
7 960 689
7 961 689
7 962 689
7 963 689
7 964 689
7 965 689
7 966 690
7 967 690
7 968 691
7 969 4697
7 970 692
7 971 4697
7 972 691
7 973 691
7 974 691
7 975 4697
7 976 691
7 977 4697
7 978 691
7 979 691
7 980 692
7 981 4697
7 982 691
7 983 4696
7 984 689
7 985 689
7 986 689
7 987 689
7 988 689
7 989 689
7 990 689
7 991 689
7 992 689
7 993 931
7 994 690
7 995 934
7 996 691
7 997 691
7 998 689
7 999 932
7 1000 690
7 1001 935
7 1002 690
7 1003 690
7 1004 691
7 1005 935
7 1006 690
7 1007 934
7 1008 689
7 1009 689
7 1010 690
7 1011 4701
7 1012 691
7 1013 4701
7 1014 689
7 1015 689
7 1016 690
7 1017 934
7 1018 690
7 1019 935
7 1020 689
7 1021 4697
7 1022 689
7 1023 933
7 1024 4656
7 1025 931
7 1026 691
7 1027 4734
7 1028 691
7 1029 937
7 1030 4657
7 1031 934
7 1032 691
7 1033 692
7 1034 692
7 1035 4766
7 1036 691
7 1037 4764
7 1038 692
7 1039 692
7 1040 690
7 1041 934
7 1042 692
7 1043 935
7 1044 690
7 1045 4698
7 1046 690
7 1047 936
7 1048 4656
7 1049 934
7 1050 690
7 1051 4732
7 1052 691
7 1053 934
7 1054 4685
7 1055 935
7 1056 691
7 1057 691
7 1058 692
7 1059 4737
7 1060 692
7 1061 4736
7 1062 691
7 1063 691
7 1064 692
7 1065 936
7 1066 692
7 1067 936
7 1068 692
7 1069 4762
7 1070 692
7 1071 938
7 1072 4685
7 1073 935
7 1074 691
7 1075 4733
7 1076 691
7 1077 936
7 1078 4657
7 1079 934
7 1080 690
7 1081 690
7 1082 692
7 1083 691
7 1084 692
7 1085 691
7 1086 690
7 1087 690
7 1088 692
7 1089 4733
7 1090 692
7 1091 4733
7 1092 691
7 1093 692
7 1094 691
7 1095 4761
7 1096 690
7 1097 4734
7 1098 691
7 1099 692
7 1100 691
7 1101 4761
7 1102 690
7 1103 4734
7 1104 691
7 1105 691
7 1106 692
7 1107 691
7 1108 692
7 1109 691
7 1110 689
7 1111 689
7 1112 690
7 1113 934
7 1114 690
7 1115 935
7 1116 692
7 1117 692
7 1118 690
7 1119 932
7 1120 691
7 1121 937
7 1122 692
7 1123 692
7 1124 692
7 1125 936
7 1126 691
7 1127 936
7 1128 690
7 1129 690
7 1130 691
7 1131 4702
7 1132 691
7 1133 4701
7 1134 689
7 1135 689
7 1136 689
7 1137 934
7 1138 690
7 1139 934
7 1140 690
7 1141 4698
7 1142 690
7 1143 936
7 1144 4657
7 1145 934
7 1146 691
7 1147 4733
7 1148 691
7 1149 936
7 1150 4657
7 1151 934
7 1152 690
7 1153 691
7 1154 690
7 1155 4736
7 1156 690
7 1157 4736
7 1158 691
7 1159 691
7 1160 689
7 1161 935
7 1162 691
7 1163 936
7 1164 690
7 1165 4698
7 1166 689
7 1167 935
7 1168 4685
7 1169 935
7 1170 689
7 1171 4696
7 1172 690
7 1173 933
7 1174 4657
7 1175 933
7 1176 691
7 1177 692
7 1178 691
7 1179 4765
7 1180 691
7 1181 4766
7 1182 692
7 1183 692
7 1184 691
7 1185 936
7 1186 692
7 1187 937
7 1188 692
7 1189 4761
7 1190 691
7 1191 937
7 1192 4685
7 1193 935
7 1194 689
7 1195 4697
7 1196 690
7 1197 934
7 1198 4685
7 1199 934
7 1200 690
7 1201 691
7 1202 690
7 1203 692
7 1204 691
7 1205 691
7 1206 690
7 1207 691
7 1208 690
7 1209 4734
7 1210 692
7 1211 4762
7 1212 690
7 1213 692
7 1214 690
7 1215 4734
7 1216 691
7 1217 4762
7 1218 690
7 1219 690
7 1220 690
7 1221 4734
7 1222 690
7 1223 4734
7 1224 691
7 1225 692
7 1226 691
7 1227 692
7 1228 691
7 1229 691
7 1230 691
7 1231 691
7 1232 689
7 1233 934
7 1234 691
7 1235 937
7 1236 692
7 1237 692
7 1238 690
7 1239 936
7 1240 692
7 1241 938
7 1242 691
7 1243 691
7 1244 692
7 1245 934
7 1246 692
7 1247 937
7 1248 692
7 1249 692
7 1250 692
7 1251 4766
7 1252 692
7 1253 4765
7 1254 691
7 1255 691
7 1256 690
7 1257 936
7 1258 691
7 1259 936
7 1260 690
7 1261 4698
7 1262 689
7 1263 935
7 1264 4685
7 1265 935
7 1266 692
7 1267 4761
7 1268 692
7 1269 937
7 1270 4685
7 1271 935
7 1272 690
7 1273 691
7 1274 690
7 1275 4737
7 1276 690
7 1277 4737
7 1278 691
7 1279 691
7 1280 689
7 1281 935
7 1282 691
7 1283 937
7 1284 690
7 1285 4698
7 1286 689
7 1287 934
7 1288 4657
7 1289 934
7 1290 689
7 1291 4697
7 1292 690
7 1293 934
7 1294 4685
7 1295 934
7 1296 689
7 1297 689
7 1298 689
7 1299 4702
7 1300 689
7 1301 4701
7 1302 690
7 1303 690
7 1304 690
7 1305 933
7 1306 691
7 1307 935
7 1308 691
7 1309 4733
7 1310 690
7 1311 935
7 1312 4657
7 1313 933
7 1314 689
7 1315 4697
7 1316 690
7 1317 933
7 1318 4657
7 1319 933
7 1320 689
7 1321 689
7 1322 689
7 1323 690
7 1324 690
7 1325 689
7 1326 689
7 1327 689
7 1328 690
7 1329 4698
7 1330 690
7 1331 4698
7 1332 690
7 1333 690
7 1334 689
7 1335 4698
7 1336 689
7 1337 4698
7 1338 689
7 1339 690
7 1340 690
7 1341 4698
7 1342 689
7 1343 4697
7 1344 690
7 1345 690
7 1346 690
7 1347 690
7 1348 690
7 1349 690
7 1350 690
7 1351 690
7 1352 690
7 1353 930
7 1354 691
7 1355 935
7 1356 692
7 1357 692
7 1358 690
7 1359 935
7 1360 691
7 1361 936
7 1362 691
7 1363 691
7 1364 692
7 1365 934
7 1366 691
7 1367 934
7 1368 691
7 1369 691
7 1370 692
7 1371 4737
7 1372 692
7 1373 4736
7 1374 690
7 1375 690
7 1376 690
7 1377 935
7 1378 691
7 1379 935
7 1380 691
7 1381 4734
7 1382 690
7 1383 936
7 1384 4657
7 1385 933
7 1386 692
7 1387 4761
7 1388 692
7 1389 936
7 1390 4685
7 1391 935
7 1392 691
7 1393 692
7 1394 691
7 1395 4766
7 1396 691
7 1397 4766
7 1398 692
7 1399 692
7 1400 690
7 1401 936
7 1402 692
7 1403 936
7 1404 691
7 1405 4734
7 1406 690
7 1407 935
7 1408 4685
7 1409 935
7 1410 689
7 1411 4697
7 1412 690
7 1413 933
7 1414 4656
7 1415 933
7 1416 689
7 1417 689
7 1418 689
7 1419 4702
7 1420 689
7 1421 4701
7 1422 690
7 1423 690
7 1424 690
7 1425 933
7 1426 691
7 1427 935
7 1428 691
7 1429 4733
7 1430 690
7 1431 935
7 1432 4657
7 1433 933
7 1434 689
7 1435 4697
7 1436 690
7 1437 933
7 1438 4657
7 1439 932
7 1440 50
7 1441 50
7 1442 50
7 1443 50
7 1444 50
7 1445 50
7 1446 50
7 1447 50
7 1448 50
7 1449 50
7 1450 50
7 1451 50
7 1452 50
7 1453 50
7 1454 50
7 1455 50
7 1456 50
7 1457 50
7 1458 50
7 1459 50
7 1460 50
7 1461 50
7 1462 50
7 1463 50
7 1464 50
7 1465 50
7 1466 50
7 1467 50
7 1468 50
7 1469 50
7 1470 50
7 1471 50
7 1472 50
7 1473 689
7 1474 50
7 1475 689
7 1476 50
7 1477 50
7 1478 50
7 1479 689
7 1480 50
7 1481 690
7 1482 50
7 1483 50
7 1484 50
7 1485 690
7 1486 50
7 1487 689
7 1488 50
7 1489 50
7 1490 50
7 1491 50
7 1492 50
7 1493 50
7 1494 50
7 1495 50
7 1496 50
7 1497 689
7 1498 50
7 1499 689
7 1500 50
7 1501 50
7 1502 50
7 1503 690
7 1504 50
7 1505 689
7 1506 50
7 1507 50
7 1508 50
7 1509 690
7 1510 50
7 1511 690
7 1512 50
7 1513 50
7 1514 50
7 1515 50
7 1516 50
7 1517 50
7 1518 50
7 1519 50
7 1520 50
7 1521 690
7 1522 50
7 1523 690
7 1524 50
7 1525 50
7 1526 50
7 1527 689
7 1528 50
7 1529 690
7 1530 50
7 1531 50
7 1532 50
7 1533 689
7 1534 50
7 1535 689
7 1536 50
7 1537 50
7 1538 50
7 1539 50
7 1540 50
7 1541 50
7 1542 50
7 1543 50
7 1544 50
7 1545 689
7 1546 50
7 1547 690
7 1548 50
7 1549 50
7 1550 50
7 1551 690
7 1552 50
7 1553 689
7 1554 50
7 1555 50
7 1556 50
7 1557 689
7 1558 50
7 1559 688
7 1560 50
7 1561 50
7 1562 50
7 1563 50
7 1564 50
7 1565 50
7 1566 50
7 1567 50
7 1568 50
7 1569 50
7 1570 50
7 1571 50
7 1572 50
7 1573 50
7 1574 50
7 1575 50
7 1576 50
7 1577 50
7 1578 50
7 1579 50
7 1580 50
7 1581 50
7 1582 50
7 1583 50
7 1584 50
7 1585 50
7 1586 50
7 1587 50
7 1588 50
7 1589 50
7 1590 50
7 1591 50
7 1592 50
7 1593 296
7 1594 50
7 1595 296
7 1596 50
7 1597 50
7 1598 50
7 1599 296
7 1600 50
7 1601 296
7 1602 50
7 1603 50
7 1604 50
7 1605 296
7 1606 50
7 1607 296
7 1608 50
7 1609 50
7 1610 50
7 1611 50
7 1612 50
7 1613 50
7 1614 50
7 1615 50
7 1616 50
7 1617 296
7 1618 50
7 1619 296
7 1620 50
7 1621 50
7 1622 50
7 1623 296
7 1624 50
7 1625 296
7 1626 50
7 1627 50
7 1628 50
7 1629 296
7 1630 50
7 1631 296
7 1632 50
7 1633 50
7 1634 50
7 1635 50
7 1636 50
7 1637 50
7 1638 50
7 1639 50
7 1640 50
7 1641 296
7 1642 50
7 1643 296
7 1644 50
7 1645 50
7 1646 50
7 1647 296
7 1648 50
7 1649 296
7 1650 50
7 1651 50
7 1652 50
7 1653 296
7 1654 50
7 1655 296
7 1656 50
7 1657 50
7 1658 50
7 1659 50
7 1660 50
7 1661 50
7 1662 50
7 1663 50
7 1664 50
7 1665 296
7 1666 50
7 1667 296
7 1668 50
7 1669 50
7 1670 50
7 1671 296
7 1672 50
7 1673 296
7 1674 50
7 1675 50
7 1676 50
7 1677 296
7 1678 50
7 1679 296
7 1680 50
7 1681 50
7 1682 50
7 1683 50
7 1684 50
7 1685 50
7 1686 50
7 1687 50
7 1688 50
7 1689 689
7 1690 50
7 1691 689
7 1692 50
7 1693 50
7 1694 50
7 1695 689
7 1696 50
7 1697 689
7 1698 50
7 1699 50
7 1700 50
7 1701 689
7 1702 50
7 1703 689
7 1704 50
7 1705 50
7 1706 50
7 1707 50
7 1708 50
7 1709 50
7 1710 50
7 1711 50
7 1712 50
7 1713 296
7 1714 50
7 1715 296
7 1716 50
7 1717 50
7 1718 50
7 1719 296
7 1720 50
7 1721 296
7 1722 50
7 1723 50
7 1724 50
7 1725 296
7 1726 50
7 1727 296
7 1728 50
7 1729 50
7 1730 50
7 1731 689
7 1732 50
7 1733 689
7 1734 50
7 1735 50
7 1736 50
7 1737 296
7 1738 50
7 1739 296
7 1740 50
7 1741 689
7 1742 50
7 1743 296
7 1744 687
7 1745 296
7 1746 50
7 1747 690
7 1748 50
7 1749 296
7 1750 687
7 1751 296
7 1752 50
7 1753 50
7 1754 50
7 1755 691
7 1756 50
7 1757 691
7 1758 50
7 1759 50
7 1760 50
7 1761 296
7 1762 50
7 1763 296
7 1764 50
7 1765 689
7 1766 50
7 1767 296
7 1768 687
7 1769 296
7 1770 50
7 1771 690
7 1772 50
7 1773 296
7 1774 688
7 1775 296
7 1776 50
7 1777 50
7 1778 50
7 1779 690
7 1780 50
7 1781 690
7 1782 50
7 1783 50
7 1784 50
7 1785 296
7 1786 50
7 1787 296
7 1788 50
7 1789 691
7 1790 50
7 1791 296
7 1792 688
7 1793 296
7 1794 50
7 1795 690
7 1796 50
7 1797 296
7 1798 687
7 1799 296
7 1800 50
7 1801 50
7 1802 50
7 1803 50
7 1804 50
7 1805 50
7 1806 50
7 1807 50
7 1808 50
7 1809 691
7 1810 50
7 1811 691
7 1812 50
7 1813 50
7 1814 50
7 1815 692
7 1816 50
7 1817 691
7 1818 50
7 1819 50
7 1820 50
7 1821 692
7 1822 50
7 1823 691
7 1824 50
7 1825 50
7 1826 50
7 1827 50
7 1828 50
7 1829 50
7 1830 50
7 1831 50
7 1832 50
7 1833 296
7 1834 50
7 1835 296
7 1836 50
7 1837 50
7 1838 50
7 1839 296
7 1840 50
7 1841 296
7 1842 50
7 1843 50
7 1844 50
7 1845 296
7 1846 50
7 1847 296
7 1848 50
7 1849 50
7 1850 50
7 1851 689
7 1852 50
7 1853 689
7 1854 50
7 1855 50
7 1856 50
7 1857 296
7 1858 50
7 1859 296
7 1860 50
7 1861 689
7 1862 50
7 1863 296
7 1864 687
7 1865 296
7 1866 50
7 1867 690
7 1868 50
7 1869 296
7 1870 687
7 1871 296
7 1872 50
7 1873 50
7 1874 50
7 1875 691
7 1876 50
7 1877 691
7 1878 50
7 1879 50
7 1880 50
7 1881 296
7 1882 50
7 1883 296
7 1884 50
7 1885 690
7 1886 50
7 1887 296
7 1888 689
7 1889 296
7 1890 50
7 1891 690
7 1892 50
7 1893 296
7 1894 688
7 1895 296
7 1896 50
7 1897 50
7 1898 50
7 1899 692
7 1900 50
7 1901 692
7 1902 50
7 1903 50
7 1904 50
7 1905 296
7 1906 50
7 1907 296
7 1908 50
7 1909 692
7 1910 50
7 1911 296
7 1912 689
7 1913 296
7 1914 50
7 1915 690
7 1916 50
7 1917 296
7 1918 689
7 1919 296
7 1920 50
7 1921 50
7 1922 50
7 1923 50
7 1924 50
7 1925 50
7 1926 50
7 1927 50
7 1928 50
7 1929 691
7 1930 50
7 1931 692
7 1932 50
7 1933 50
7 1934 50
7 1935 691
7 1936 50
7 1937 692
7 1938 50
7 1939 50
7 1940 50
7 1941 691
7 1942 50
7 1943 691
7 1944 50
7 1945 50
7 1946 50
7 1947 50
7 1948 50
7 1949 50
7 1950 50
7 1951 50
7 1952 50
7 1953 296
7 1954 50
7 1955 296
7 1956 50
7 1957 50
7 1958 50
7 1959 296
7 1960 50
7 1961 296
7 1962 50
7 1963 50
7 1964 50
7 1965 296
7 1966 50
7 1967 296
7 1968 50
7 1969 50
7 1970 50
7 1971 692
7 1972 50
7 1973 692
7 1974 50
7 1975 50
7 1976 50
7 1977 296
7 1978 50
7 1979 296
7 1980 50
7 1981 690
7 1982 50
7 1983 296
7 1984 689
7 1985 296
7 1986 50
7 1987 692
7 1988 50
7 1989 296
7 1990 689
7 1991 296
7 1992 50
7 1993 50
7 1994 50
7 1995 691
7 1996 50
7 1997 691
7 1998 50
7 1999 50
7 2000 50
7 2001 296
7 2002 50
7 2003 296
7 2004 50
7 2005 689
7 2006 50
7 2007 296
7 2008 687
7 2009 296
7 2010 50
7 2011 690
7 2012 50
7 2013 296
7 2014 689
7 2015 296
7 2016 50
7 2017 50
7 2018 50
7 2019 690
7 2020 50
7 2021 690
7 2022 50
7 2023 50
7 2024 50
7 2025 296
7 2026 50
7 2027 296
7 2028 50
7 2029 691
7 2030 50
7 2031 296
7 2032 688
7 2033 296
7 2034 50
7 2035 690
7 2036 50
7 2037 296
7 2038 688
7 2039 296
7 2040 50
7 2041 50
7 2042 50
7 2043 50
7 2044 50
7 2045 50
7 2046 50
7 2047 50
7 2048 50
7 2049 690
7 2050 50
7 2051 690
7 2052 50
7 2053 50
7 2054 50
7 2055 690
7 2056 50
7 2057 690
7 2058 50
7 2059 50
7 2060 50
7 2061 690
7 2062 50
7 2063 689
7 2064 50
7 2065 50
7 2066 50
7 2067 50
7 2068 50
7 2069 50
7 2070 50
7 2071 50
7 2072 50
7 2073 296
7 2074 50
7 2075 296
7 2076 50
7 2077 50
7 2078 50
7 2079 296
7 2080 50
7 2081 296
7 2082 50
7 2083 50
7 2084 50
7 2085 296
7 2086 50
7 2087 296
7 2088 50
7 2089 50
7 2090 50
7 2091 691
7 2092 50
7 2093 691
7 2094 50
7 2095 50
7 2096 50
7 2097 296
7 2098 50
7 2099 296
7 2100 50
7 2101 691
7 2102 50
7 2103 296
7 2104 688
7 2105 296
7 2106 50
7 2107 692
7 2108 50
7 2109 296
7 2110 689
7 2111 296
7 2112 50
7 2113 50
7 2114 50
7 2115 692
7 2116 50
7 2117 692
7 2118 50
7 2119 50
7 2120 50
7 2121 296
7 2122 50
7 2123 296
7 2124 50
7 2125 691
7 2126 50
7 2127 296
7 2128 689
7 2129 296
7 2130 50
7 2131 690
7 2132 50
7 2133 296
7 2134 688
7 2135 296
7 2136 50
7 2137 50
7 2138 50
7 2139 690
7 2140 50
7 2141 690
7 2142 50
7 2143 50
7 2144 50
7 2145 296
7 2146 50
7 2147 296
7 2148 50
7 2149 691
7 2150 50
7 2151 296
7 2152 688
7 2153 296
7 2154 50
7 2155 690
7 2156 50
7 2157 296
7 2158 687
7 2159 296
7 2160 50
7 2161 50
7 2162 50
7 2163 50
7 2164 50
7 2165 50
7 2166 50
7 2167 50
7 2168 50
7 2169 50
7 2170 50
7 2171 50
7 2172 50
7 2173 50
7 2174 50
7 2175 50
7 2176 50
7 2177 50
7 2178 50
7 2179 50
7 2180 50
7 2181 50
7 2182 50
7 2183 50
7 2184 50
7 2185 50
7 2186 50
7 2187 50
7 2188 50
7 2189 50
7 2190 50
7 2191 50
7 2192 50
7 2193 690
7 2194 50
7 2195 690
7 2196 50
7 2197 50
7 2198 50
7 2199 690
7 2200 50
7 2201 690
7 2202 50
7 2203 50
7 2204 50
7 2205 690
7 2206 50
7 2207 690
7 2208 50
7 2209 50
7 2210 50
7 2211 50
7 2212 50
7 2213 50
7 2214 50
7 2215 50
7 2216 50
7 2217 691
7 2218 50
7 2219 691
7 2220 50
7 2221 50
7 2222 50
7 2223 691
7 2224 50
7 2225 690
7 2226 50
7 2227 50
7 2228 50
7 2229 692
7 2230 50
7 2231 690
7 2232 50
7 2233 50
7 2234 50
7 2235 50
7 2236 50
7 2237 50
7 2238 50
7 2239 50
7 2240 50
7 2241 692
7 2242 50
7 2243 692
7 2244 50
7 2245 50
7 2246 50
7 2247 691
7 2248 50
7 2249 690
7 2250 50
7 2251 50
7 2252 50
7 2253 691
7 2254 50
7 2255 690
7 2256 50
7 2257 50
7 2258 50
7 2259 50
7 2260 50
7 2261 50
7 2262 50
7 2263 50
7 2264 50
7 2265 691
7 2266 50
7 2267 691
7 2268 50
7 2269 50
7 2270 50
7 2271 692
7 2272 50
7 2273 690
7 2274 50
7 2275 50
7 2276 50
7 2277 691
7 2278 50
7 2279 690
7 2280 50
7 2281 50
7 2282 50
7 2283 50
7 2284 50
7 2285 50
7 2286 50
7 2287 50
7 2288 50
7 2289 50
7 2290 50
7 2291 50
7 2292 50
7 2293 50
7 2294 50
7 2295 50
7 2296 50
7 2297 50
7 2298 50
7 2299 50
7 2300 50
7 2301 50
7 2302 50
7 2303 50
7 2304 50
7 2305 50
7 2306 50
7 2307 50
7 2308 50
7 2309 50
7 2310 50
7 2311 50
7 2312 50
7 2313 296
7 2314 50
7 2315 296
7 2316 50
7 2317 50
7 2318 50
7 2319 296
7 2320 50
7 2321 296
7 2322 50
7 2323 50
7 2324 50
7 2325 296
7 2326 50
7 2327 296
7 2328 50
7 2329 50
7 2330 50
7 2331 50
7 2332 50
7 2333 50
7 2334 50
7 2335 50
7 2336 50
7 2337 296
7 2338 50
7 2339 296
7 2340 50
7 2341 50
7 2342 50
7 2343 296
7 2344 50
7 2345 296
7 2346 50
7 2347 50
7 2348 50
7 2349 296
7 2350 50
7 2351 296
7 2352 50
7 2353 50
7 2354 50
7 2355 50
7 2356 50
7 2357 50
7 2358 50
7 2359 50
7 2360 50
7 2361 296
7 2362 50
7 2363 296
7 2364 50
7 2365 50
7 2366 50
7 2367 296
7 2368 50
7 2369 296
7 2370 50
7 2371 50
7 2372 50
7 2373 296
7 2374 50
7 2375 296
7 2376 50
7 2377 50
7 2378 50
7 2379 50
7 2380 50
7 2381 50
7 2382 50
7 2383 50
7 2384 50
7 2385 296
7 2386 50
7 2387 296
7 2388 50
7 2389 50
7 2390 50
7 2391 296
7 2392 50
7 2393 296
7 2394 50
7 2395 50
7 2396 50
7 2397 296
7 2398 50
7 2399 296
7 2400 50
7 2401 50
7 2402 50
7 2403 50
7 2404 50
7 2405 50
7 2406 50
7 2407 50
7 2408 50
7 2409 689
7 2410 50
7 2411 689
7 2412 50
7 2413 50
7 2414 50
7 2415 689
7 2416 50
7 2417 689
7 2418 50
7 2419 50
7 2420 50
7 2421 689
7 2422 50
7 2423 689
7 2424 50
7 2425 50
7 2426 50
7 2427 50
7 2428 50
7 2429 50
7 2430 50
7 2431 50
7 2432 50
7 2433 296
7 2434 50
7 2435 296
7 2436 50
7 2437 50
7 2438 50
7 2439 296
7 2440 50
7 2441 296
7 2442 50
7 2443 50
7 2444 50
7 2445 296
7 2446 50
7 2447 296
7 2448 50
7 2449 50
7 2450 50
7 2451 689
7 2452 50
7 2453 689
7 2454 50
7 2455 50
7 2456 50
7 2457 296
7 2458 50
7 2459 296
7 2460 50
7 2461 689
7 2462 50
7 2463 296
7 2464 687
7 2465 296
7 2466 50
7 2467 690
7 2468 50
7 2469 296
7 2470 687
7 2471 296
7 2472 50
7 2473 50
7 2474 50
7 2475 691
7 2476 50
7 2477 691
7 2478 50
7 2479 50
7 2480 50
7 2481 296
7 2482 50
7 2483 296
7 2484 50
7 2485 689
7 2486 50
7 2487 296
7 2488 687
7 2489 296
7 2490 50
7 2491 690
7 2492 50
7 2493 296
7 2494 688
7 2495 296
7 2496 50
7 2497 50
7 2498 50
7 2499 690
7 2500 50
7 2501 690
7 2502 50
7 2503 50
7 2504 50
7 2505 296
7 2506 50
7 2507 296
7 2508 50
7 2509 691
7 2510 50
7 2511 296
7 2512 688
7 2513 296
7 2514 50
7 2515 690
7 2516 50
7 2517 296
7 2518 687
7 2519 296
7 2520 50
7 2521 50
7 2522 50
7 2523 50
7 2524 50
7 2525 50
7 2526 50
7 2527 50
7 2528 50
7 2529 690
7 2530 50
7 2531 690
7 2532 50
7 2533 50
7 2534 50
7 2535 691
7 2536 50
7 2537 690
7 2538 50
7 2539 50
7 2540 50
7 2541 691
7 2542 50
7 2543 690
7 2544 50
7 2545 50
7 2546 50
7 2547 50
7 2548 50
7 2549 50
7 2550 50
7 2551 50
7 2552 50
7 2553 296
7 2554 50
7 2555 296
7 2556 50
7 2557 50
7 2558 50
7 2559 296
7 2560 50
7 2561 296
7 2562 50
7 2563 50
7 2564 50
7 2565 296
7 2566 50
7 2567 296
7 2568 50
7 2569 50
7 2570 50
7 2571 689
7 2572 50
7 2573 689
7 2574 50
7 2575 50
7 2576 50
7 2577 296
7 2578 50
7 2579 296
7 2580 50
7 2581 690
7 2582 50
7 2583 296
7 2584 688
7 2585 296
7 2586 50
7 2587 690
7 2588 50
7 2589 296
7 2590 688
7 2591 296
7 2592 50
7 2593 50
7 2594 50
7 2595 690
7 2596 50
7 2597 690
7 2598 50
7 2599 50
7 2600 50
7 2601 296
7 2602 50
7 2603 296
7 2604 50
7 2605 689
7 2606 50
7 2607 296
7 2608 688
7 2609 296
7 2610 50
7 2611 688
7 2612 50
7 2613 296
7 2614 687
7 2615 296
7 2616 50
7 2617 50
7 2618 50
7 2619 691
7 2620 50
7 2621 691
7 2622 50
7 2623 50
7 2624 50
7 2625 296
7 2626 50
7 2627 296
7 2628 50
7 2629 691
7 2630 50
7 2631 296
7 2632 690
7 2633 296
7 2634 50
7 2635 688
7 2636 50
7 2637 296
7 2638 688
7 2639 296
7 2640 50
7 2641 50
7 2642 50
7 2643 50
7 2644 50
7 2645 50
7 2646 50
7 2647 50
7 2648 50
7 2649 692
7 2650 50
7 2651 692
7 2652 50
7 2653 50
7 2654 50
7 2655 692
7 2656 50
7 2657 692
7 2658 50
7 2659 50
7 2660 50
7 2661 692
7 2662 50
7 2663 692
7 2664 50
7 2665 50
7 2666 50
7 2667 50
7 2668 50
7 2669 50
7 2670 50
7 2671 50
7 2672 50
7 2673 296
7 2674 50
7 2675 296
7 2676 50
7 2677 50
7 2678 50
7 2679 296
7 2680 50
7 2681 296
7 2682 50
7 2683 50
7 2684 50
7 2685 296
7 2686 50
7 2687 296
7 2688 50
7 2689 50
7 2690 50
7 2691 692
7 2692 50
7 2693 692
7 2694 50
7 2695 50
7 2696 50
7 2697 296
7 2698 50
7 2699 296
7 2700 50
7 2701 690
7 2702 50
7 2703 296
7 2704 689
7 2705 296
7 2706 50
7 2707 692
7 2708 50
7 2709 296
7 2710 690
7 2711 296
7 2712 50
7 2713 50
7 2714 50
7 2715 690
7 2716 50
7 2717 690
7 2718 50
7 2719 50
7 2720 50
7 2721 296
7 2722 50
7 2723 296
7 2724 50
7 2725 690
7 2726 50
7 2727 296
7 2728 689
7 2729 296
7 2730 50
7 2731 688
7 2732 50
7 2733 296
7 2734 688
7 2735 296
7 2736 50
7 2737 50
7 2738 50
7 2739 691
7 2740 50
7 2741 691
7 2742 50
7 2743 50
7 2744 50
7 2745 296
7 2746 50
7 2747 296
7 2748 50
7 2749 691
7 2750 50
7 2751 296
7 2752 689
7 2753 296
7 2754 50
7 2755 689
7 2756 50
7 2757 296
7 2758 689
7 2759 296
7 2760 50
7 2761 50
7 2762 50
7 2763 50
7 2764 50
7 2765 50
7 2766 50
7 2767 50
7 2768 50
7 2769 691
7 2770 50
7 2771 691
7 2772 50
7 2773 50
7 2774 50
7 2775 692
7 2776 50
7 2777 691
7 2778 50
7 2779 50
7 2780 50
7 2781 692
7 2782 50
7 2783 691
7 2784 50
7 2785 50
7 2786 50
7 2787 50
7 2788 50
7 2789 50
7 2790 50
7 2791 50
7 2792 50
7 2793 296
7 2794 50
7 2795 296
7 2796 50
7 2797 50
7 2798 50
7 2799 296
7 2800 50
7 2801 296
7 2802 50
7 2803 50
7 2804 50
7 2805 296
7 2806 50
7 2807 296
7 2808 50
7 2809 50
7 2810 50
7 2811 691
7 2812 50
7 2813 691
7 2814 50
7 2815 50
7 2816 50
7 2817 296
7 2818 50
7 2819 296
7 2820 50
7 2821 692
7 2822 50
7 2823 296
7 2824 690
7 2825 296
7 2826 50
7 2827 692
7 2828 50
7 2829 296
7 2830 689
7 2831 296
7 2832 50
7 2833 50
7 2834 50
7 2835 692
7 2836 50
7 2837 692
7 2838 50
7 2839 50
7 2840 50
7 2841 296
7 2842 50
7 2843 296
7 2844 50
7 2845 692
7 2846 50
7 2847 296
7 2848 691
7 2849 296
7 2850 50
7 2851 689
7 2852 50
7 2853 296
7 2854 689
7 2855 296
7 2856 50
7 2857 50
7 2858 50
7 2859 691
7 2860 50
7 2861 691
7 2862 50
7 2863 50
7 2864 50
7 2865 296
7 2866 50
7 2867 296
7 2868 50
7 2869 691
7 2870 50
7 2871 296
7 2872 690
7 2873 296
7 2874 50
7 2875 688
7 2876 50
7 2877 296
7 2878 688
7 2879 296
7 2880 50
7 2881 50
7 2882 50
7 2883 50
7 2884 50
7 2885 50
7 2886 50
7 2887 50
7 2888 50
7 2889 50
7 2890 50
7 2891 50
7 2892 50
7 2893 50
7 2894 50
7 2895 50
7 2896 50
7 2897 50
7 2898 50
7 2899 50
7 2900 50
7 2901 50
7 2902 50
7 2903 50
7 2904 50
7 2905 50
7 2906 50
7 2907 50
7 2908 50
7 2909 50
7 2910 50
7 2911 50
7 2912 50
7 2913 690
7 2914 50
7 2915 690
7 2916 50
7 2917 50
7 2918 50
7 2919 692
7 2920 50
7 2921 691
7 2922 50
7 2923 50
7 2924 50
7 2925 692
7 2926 50
7 2927 691
7 2928 50
7 2929 50
7 2930 50
7 2931 50
7 2932 50
7 2933 50
7 2934 50
7 2935 50
7 2936 50
7 2937 690
7 2938 50
7 2939 690
7 2940 50
7 2941 50
7 2942 50
7 2943 692
7 2944 50
7 2945 691
7 2946 50
7 2947 50
7 2948 50
7 2949 692
7 2950 50
7 2951 691
7 2952 50
7 2953 50
7 2954 50
7 2955 50
7 2956 50
7 2957 50
7 2958 50
7 2959 50
7 2960 50
7 2961 691
7 2962 50
7 2963 692
7 2964 50
7 2965 50
7 2966 50
7 2967 691
7 2968 50
7 2969 692
7 2970 50
7 2971 50
7 2972 50
7 2973 690
7 2974 50
7 2975 690
7 2976 50
7 2977 50
7 2978 50
7 2979 50
7 2980 50
7 2981 50
7 2982 50
7 2983 50
7 2984 50
7 2985 691
7 2986 50
7 2987 692
7 2988 50
7 2989 50
7 2990 50
7 2991 691
7 2992 50
7 2993 692
7 2994 50
7 2995 50
7 2996 50
7 2997 690
7 2998 50
7 2999 690
7 3000 50
7 3001 50
7 3002 50
7 3003 50
7 3004 50
7 3005 50
7 3006 50
7 3007 50
7 3008 50
7 3009 50
7 3010 50
7 3011 50
7 3012 50
7 3013 50
7 3014 50
7 3015 50
7 3016 50
7 3017 50
7 3018 50
7 3019 50
7 3020 50
7 3021 50
7 3022 50
7 3023 50
7 3024 50
7 3025 50
7 3026 50
7 3027 50
7 3028 50
7 3029 50
7 3030 50
7 3031 50
7 3032 50
7 3033 296
7 3034 50
7 3035 296
7 3036 50
7 3037 50
7 3038 50
7 3039 296
7 3040 50
7 3041 296
7 3042 50
7 3043 50
7 3044 50
7 3045 296
7 3046 50
7 3047 296
7 3048 50
7 3049 50
7 3050 50
7 3051 50
7 3052 50
7 3053 50
7 3054 50
7 3055 50
7 3056 50
7 3057 296
7 3058 50
7 3059 296
7 3060 50
7 3061 50
7 3062 50
7 3063 296
7 3064 50
7 3065 296
7 3066 50
7 3067 50
7 3068 50
7 3069 296
7 3070 50
7 3071 296
7 3072 50
7 3073 50
7 3074 50
7 3075 50
7 3076 50
7 3077 50
7 3078 50
7 3079 50
7 3080 50
7 3081 296
7 3082 50
7 3083 296
7 3084 50
7 3085 50
7 3086 50
7 3087 296
7 3088 50
7 3089 296
7 3090 50
7 3091 50
7 3092 50
7 3093 296
7 3094 50
7 3095 296
7 3096 50
7 3097 50
7 3098 50
7 3099 50
7 3100 50
7 3101 50
7 3102 50
7 3103 50
7 3104 50
7 3105 296
7 3106 50
7 3107 296
7 3108 50
7 3109 50
7 3110 50
7 3111 296
7 3112 50
7 3113 296
7 3114 50
7 3115 50
7 3116 50
7 3117 296
7 3118 50
7 3119 296
7 3120 50
7 3121 50
7 3122 50
7 3123 50
7 3124 50
7 3125 50
7 3126 50
7 3127 50
7 3128 50
7 3129 691
7 3130 50
7 3131 691
7 3132 50
7 3133 50
7 3134 50
7 3135 692
7 3136 50
7 3137 691
7 3138 50
7 3139 50
7 3140 50
7 3141 692
7 3142 50
7 3143 690
7 3144 50
7 3145 50
7 3146 50
7 3147 50
7 3148 50
7 3149 50
7 3150 50
7 3151 50
7 3152 50
7 3153 296
7 3154 50
7 3155 296
7 3156 50
7 3157 50
7 3158 50
7 3159 296
7 3160 50
7 3161 296
7 3162 50
7 3163 50
7 3164 50
7 3165 296
7 3166 50
7 3167 296
7 3168 50
7 3169 50
7 3170 50
7 3171 689
7 3172 50
7 3173 689
7 3174 50
7 3175 50
7 3176 50
7 3177 296
7 3178 50
7 3179 296
7 3180 50
7 3181 690
7 3182 50
7 3183 296
7 3184 688
7 3185 296
7 3186 50
7 3187 690
7 3188 50
7 3189 296
7 3190 688
7 3191 296
7 3192 50
7 3193 50
7 3194 50
7 3195 692
7 3196 50
7 3197 692
7 3198 50
7 3199 50
7 3200 50
7 3201 296
7 3202 50
7 3203 296
7 3204 50
7 3205 690
7 3206 50
7 3207 296
7 3208 689
7 3209 296
7 3210 50
7 3211 691
7 3212 50
7 3213 296
7 3214 690
7 3215 296
7 3216 50
7 3217 50
7 3218 50
7 3219 692
7 3220 50
7 3221 691
7 3222 50
7 3223 50
7 3224 50
7 3225 296
7 3226 50
7 3227 296
7 3228 50
7 3229 692
7 3230 50
7 3231 296
7 3232 690
7 3233 296
7 3234 50
7 3235 691
7 3236 50
7 3237 296
7 3238 689
7 3239 296
7 3240 50
7 3241 50
7 3242 50
7 3243 50
7 3244 50
7 3245 50
7 3246 50
7 3247 50
7 3248 50
7 3249 690
7 3250 50
7 3251 690
7 3252 50
7 3253 50
7 3254 50
7 3255 691
7 3256 50
7 3257 690
7 3258 50
7 3259 50
7 3260 50
7 3261 691
7 3262 50
7 3263 690
7 3264 50
7 3265 50
7 3266 50
7 3267 50
7 3268 50
7 3269 50
7 3270 50
7 3271 50
7 3272 50
7 3273 296
7 3274 50
7 3275 296
7 3276 50
7 3277 50
7 3278 50
7 3279 296
7 3280 50
7 3281 296
7 3282 50
7 3283 50
7 3284 50
7 3285 296
7 3286 50
7 3287 296
7 3288 50
7 3289 50
7 3290 50
7 3291 689
7 3292 50
7 3293 689
7 3294 50
7 3295 50
7 3296 50
7 3297 296
7 3298 50
7 3299 296
7 3300 50
7 3301 689
7 3302 50
7 3303 296
7 3304 687
7 3305 296
7 3306 50
7 3307 690
7 3308 50
7 3309 296
7 3310 687
7 3311 296
7 3312 50
7 3313 50
7 3314 50
7 3315 690
7 3316 50
7 3317 690
7 3318 50
7 3319 50
7 3320 50
7 3321 296
7 3322 50
7 3323 296
7 3324 50
7 3325 690
7 3326 50
7 3327 296
7 3328 689
7 3329 296
7 3330 50
7 3331 688
7 3332 50
7 3333 296
7 3334 688
7 3335 296
7 3336 50
7 3337 50
7 3338 50
7 3339 691
7 3340 50
7 3341 691
7 3342 50
7 3343 50
7 3344 50
7 3345 296
7 3346 50
7 3347 296
7 3348 50
7 3349 691
7 3350 50
7 3351 296
7 3352 689
7 3353 296
7 3354 50
7 3355 688
7 3356 50
7 3357 296
7 3358 688
7 3359 296
7 3360 50
7 3361 50
7 3362 50
7 3363 50
7 3364 50
7 3365 50
7 3366 50
7 3367 50
7 3368 50
7 3369 690
7 3370 50
7 3371 691
7 3372 50
7 3373 50
7 3374 50
7 3375 690
7 3376 50
7 3377 691
7 3378 50
7 3379 50
7 3380 50
7 3381 690
7 3382 50
7 3383 690
7 3384 50
7 3385 50
7 3386 50
7 3387 50
7 3388 50
7 3389 50
7 3390 50
7 3391 50
7 3392 50
7 3393 296
7 3394 50
7 3395 296
7 3396 50
7 3397 50
7 3398 50
7 3399 296
7 3400 50
7 3401 296
7 3402 50
7 3403 50
7 3404 50
7 3405 296
7 3406 50
7 3407 296
7 3408 50
7 3409 50
7 3410 50
7 3411 691
7 3412 50
7 3413 691
7 3414 50
7 3415 50
7 3416 50
7 3417 296
7 3418 50
7 3419 296
7 3420 50
7 3421 689
7 3422 50
7 3423 296
7 3424 688
7 3425 296
7 3426 50
7 3427 691
7 3428 50
7 3429 296
7 3430 689
7 3431 296
7 3432 50
7 3433 50
7 3434 50
7 3435 690
7 3436 50
7 3437 690
7 3438 50
7 3439 50
7 3440 50
7 3441 296
7 3442 50
7 3443 296
7 3444 50
7 3445 689
7 3446 50
7 3447 296
7 3448 688
7 3449 296
7 3450 50
7 3451 689
7 3452 50
7 3453 296
7 3454 689
7 3455 296
7 3456 50
7 3457 50
7 3458 50
7 3459 689
7 3460 50
7 3461 688
7 3462 50
7 3463 50
7 3464 50
7 3465 296
7 3466 50
7 3467 296
7 3468 50
7 3469 689
7 3470 50
7 3471 296
7 3472 687
7 3473 296
7 3474 50
7 3475 688
7 3476 50
7 3477 296
7 3478 687
7 3479 296
7 3480 50
7 3481 50
7 3482 50
7 3483 50
7 3484 50
7 3485 50
7 3486 50
7 3487 50
7 3488 50
7 3489 691
7 3490 50
7 3491 692
7 3492 50
7 3493 50
7 3494 50
7 3495 691
7 3496 50
7 3497 692
7 3498 50
7 3499 50
7 3500 50
7 3501 691
7 3502 50
7 3503 691
7 3504 50
7 3505 50
7 3506 50
7 3507 50
7 3508 50
7 3509 50
7 3510 50
7 3511 50
7 3512 50
7 3513 296
7 3514 50
7 3515 296
7 3516 50
7 3517 50
7 3518 50
7 3519 296
7 3520 50
7 3521 296
7 3522 50
7 3523 50
7 3524 50
7 3525 296
7 3526 50
7 3527 296
7 3528 50
7 3529 50
7 3530 50
7 3531 692
7 3532 50
7 3533 692
7 3534 50
7 3535 50
7 3536 50
7 3537 296
7 3538 50
7 3539 296
7 3540 50
7 3541 691
7 3542 50
7 3543 296
7 3544 689
7 3545 296
7 3546 50
7 3547 691
7 3548 50
7 3549 296
7 3550 690
7 3551 296
7 3552 50
7 3553 50
7 3554 50
7 3555 692
7 3556 50
7 3557 692
7 3558 50
7 3559 50
7 3560 50
7 3561 296
7 3562 50
7 3563 296
7 3564 50
7 3565 691
7 3566 50
7 3567 296
7 3568 690
7 3569 296
7 3570 50
7 3571 689
7 3572 50
7 3573 296
7 3574 689
7 3575 296
7 3576 50
7 3577 50
7 3578 50
7 3579 689
7 3580 50
7 3581 688
7 3582 50
7 3583 50
7 3584 50
7 3585 296
7 3586 50
7 3587 296
7 3588 50
7 3589 689
7 3590 50
7 3591 296
7 3592 688
7 3593 296
7 3594 50
7 3595 689
7 3596 50
7 3597 296
7 3598 688
7 3599 296
7 3600 50
7 3601 50
7 3602 50
7 3603 50
7 3604 50
7 3605 50
7 3606 50
7 3607 50
7 3608 50
7 3609 50
7 3610 50
7 3611 50
7 3612 50
7 3613 50
7 3614 50
7 3615 50
7 3616 50
7 3617 50
7 3618 50
7 3619 50
7 3620 50
7 3621 50
7 3622 50
7 3623 50
7 3624 50
7 3625 50
7 3626 50
7 3627 50
7 3628 50
7 3629 50
7 3630 50
7 3631 50
7 3632 50
7 3633 690
7 3634 50
7 3635 691
7 3636 50
7 3637 50
7 3638 50
7 3639 690
7 3640 50
7 3641 692
7 3642 50
7 3643 50
7 3644 50
7 3645 691
7 3646 50
7 3647 691
7 3648 50
7 3649 50
7 3650 50
7 3651 50
7 3652 50
7 3653 50
7 3654 50
7 3655 50
7 3656 50
7 3657 690
7 3658 50
7 3659 691
7 3660 50
7 3661 50
7 3662 50
7 3663 690
7 3664 50
7 3665 691
7 3666 50
7 3667 50
7 3668 50
7 3669 692
7 3670 50
7 3671 692
7 3672 50
7 3673 50
7 3674 50
7 3675 50
7 3676 50
7 3677 50
7 3678 50
7 3679 50
7 3680 50
7 3681 690
7 3682 50
7 3683 692
7 3684 50
7 3685 50
7 3686 50
7 3687 690
7 3688 50
7 3689 691
7 3690 50
7 3691 50
7 3692 50
7 3693 691
7 3694 50
7 3695 691
7 3696 50
7 3697 50
7 3698 50
7 3699 50
7 3700 50
7 3701 50
7 3702 50
7 3703 50
7 3704 50
7 3705 690
7 3706 50
7 3707 690
7 3708 50
7 3709 50
7 3710 50
7 3711 690
7 3712 50
7 3713 690
7 3714 50
7 3715 50
7 3716 50
7 3717 690
7 3718 50
7 3719 690
7 3720 50
7 3721 50
7 3722 50
7 3723 50
7 3724 50
7 3725 50
7 3726 50
7 3727 50
7 3728 50
7 3729 50
7 3730 50
7 3731 50
7 3732 50
7 3733 50
7 3734 50
7 3735 50
7 3736 50
7 3737 50
7 3738 50
7 3739 50
7 3740 50
7 3741 50
7 3742 50
7 3743 50
7 3744 50
7 3745 50
7 3746 50
7 3747 50
7 3748 50
7 3749 50
7 3750 50
7 3751 50
7 3752 50
7 3753 296
7 3754 50
7 3755 296
7 3756 50
7 3757 50
7 3758 50
7 3759 296
7 3760 50
7 3761 296
7 3762 50
7 3763 50
7 3764 50
7 3765 296
7 3766 50
7 3767 296
7 3768 50
7 3769 50
7 3770 50
7 3771 50
7 3772 50
7 3773 50
7 3774 50
7 3775 50
7 3776 50
7 3777 296
7 3778 50
7 3779 296
7 3780 50
7 3781 50
7 3782 50
7 3783 296
7 3784 50
7 3785 296
7 3786 50
7 3787 50
7 3788 50
7 3789 296
7 3790 50
7 3791 296
7 3792 50
7 3793 50
7 3794 50
7 3795 50
7 3796 50
7 3797 50
7 3798 50
7 3799 50
7 3800 50
7 3801 296
7 3802 50
7 3803 296
7 3804 50
7 3805 50
7 3806 50
7 3807 296
7 3808 50
7 3809 296
7 3810 50
7 3811 50
7 3812 50
7 3813 296
7 3814 50
7 3815 296
7 3816 50
7 3817 50
7 3818 50
7 3819 50
7 3820 50
7 3821 50
7 3822 50
7 3823 50
7 3824 50
7 3825 296
7 3826 50
7 3827 296
7 3828 50
7 3829 50
7 3830 50
7 3831 296
7 3832 50
7 3833 296
7 3834 50
7 3835 50
7 3836 50
7 3837 296
7 3838 50
7 3839 296
7 3840 50
7 3841 50
7 3842 50
7 3843 50
7 3844 50
7 3845 50
7 3846 50
7 3847 50
7 3848 50
7 3849 691
7 3850 50
7 3851 692
7 3852 50
7 3853 50
7 3854 50
7 3855 691
7 3856 50
7 3857 692
7 3858 50
7 3859 50
7 3860 50
7 3861 691
7 3862 50
7 3863 691
7 3864 50
7 3865 50
7 3866 50
7 3867 50
7 3868 50
7 3869 50
7 3870 50
7 3871 50
7 3872 50
7 3873 296
7 3874 50
7 3875 296
7 3876 50
7 3877 50
7 3878 50
7 3879 296
7 3880 50
7 3881 296
7 3882 50
7 3883 50
7 3884 50
7 3885 296
7 3886 50
7 3887 296
7 3888 50
7 3889 50
7 3890 50
7 3891 691
7 3892 50
7 3893 691
7 3894 50
7 3895 50
7 3896 50
7 3897 296
7 3898 50
7 3899 296
7 3900 50
7 3901 689
7 3902 50
7 3903 296
7 3904 688
7 3905 296
7 3906 50
7 3907 691
7 3908 50
7 3909 296
7 3910 690
7 3911 296
7 3912 50
7 3913 50
7 3914 50
7 3915 692
7 3916 50
7 3917 692
7 3918 50
7 3919 50
7 3920 50
7 3921 296
7 3922 50
7 3923 296
7 3924 50
7 3925 690
7 3926 50
7 3927 296
7 3928 689
7 3929 296
7 3930 50
7 3931 692
7 3932 50
7 3933 296
7 3934 691
7 3935 296
7 3936 50
7 3937 50
7 3938 50
7 3939 691
7 3940 50
7 3941 691
7 3942 50
7 3943 50
7 3944 50
7 3945 296
7 3946 50
7 3947 296
7 3948 50
7 3949 692
7 3950 50
7 3951 296
7 3952 689
7 3953 296
7 3954 50
7 3955 692
7 3956 50
7 3957 296
7 3958 690
7 3959 296
7 3960 50
7 3961 50
7 3962 50
7 3963 50
7 3964 50
7 3965 50
7 3966 50
7 3967 50
7 3968 50
7 3969 692
7 3970 50
7 3971 692
7 3972 50
7 3973 50
7 3974 50
7 3975 692
7 3976 50
7 3977 692
7 3978 50
7 3979 50
7 3980 50
7 3981 692
7 3982 50
7 3983 692
7 3984 50
7 3985 50
7 3986 50
7 3987 50
7 3988 50
7 3989 50
7 3990 50
7 3991 50
7 3992 50
7 3993 296
7 3994 50
7 3995 296
7 3996 50
7 3997 50
7 3998 50
7 3999 296
7 4000 50
7 4001 296
7 4002 50
7 4003 50
7 4004 50
7 4005 296
7 4006 50
7 4007 296
7 4008 50
7 4009 50
7 4010 50
7 4011 691
7 4012 50
7 4013 691
7 4014 50
7 4015 50
7 4016 50
7 4017 296
7 4018 50
7 4019 296
7 4020 50
7 4021 690
7 4022 50
7 4023 296
7 4024 689
7 4025 296
7 4026 50
7 4027 691
7 4028 50
7 4029 296
7 4030 689
7 4031 296
7 4032 50
7 4033 50
7 4034 50
7 4035 690
7 4036 50
7 4037 690
7 4038 50
7 4039 50
7 4040 50
7 4041 296
7 4042 50
7 4043 296
7 4044 50
7 4045 689
7 4046 50
7 4047 296
7 4048 688
7 4049 296
7 4050 50
7 4051 689
7 4052 50
7 4053 296
7 4054 689
7 4055 296
7 4056 50
7 4057 50
7 4058 50
7 4059 692
7 4060 50
7 4061 692
7 4062 50
7 4063 50
7 4064 50
7 4065 296
7 4066 50
7 4067 296
7 4068 50
7 4069 692
7 4070 50
7 4071 296
7 4072 690
7 4073 296
7 4074 50
7 4075 689
7 4076 50
7 4077 296
7 4078 689
7 4079 296
7 4080 50
7 4081 50
7 4082 50
7 4083 50
7 4084 50
7 4085 50
7 4086 50
7 4087 50
7 4088 50
7 4089 690
7 4090 50
7 4091 691
7 4092 50
7 4093 50
7 4094 50
7 4095 690
7 4096 50
7 4097 691
7 4098 50
7 4099 50
7 4100 50
7 4101 690
7 4102 50
7 4103 690
7 4104 50
7 4105 50
7 4106 50
7 4107 50
7 4108 50
7 4109 50
7 4110 50
7 4111 50
7 4112 50
7 4113 296
7 4114 50
7 4115 296
7 4116 50
7 4117 50
7 4118 50
7 4119 296
7 4120 50
7 4121 296
7 4122 50
7 4123 50
7 4124 50
7 4125 296
7 4126 50
7 4127 296
7 4128 50
7 4129 50
7 4130 50
7 4131 691
7 4132 50
7 4133 691
7 4134 50
7 4135 50
7 4136 50
7 4137 296
7 4138 50
7 4139 296
7 4140 50
7 4141 689
7 4142 50
7 4143 296
7 4144 688
7 4145 296
7 4146 50
7 4147 691
7 4148 50
7 4149 296
7 4150 690
7 4151 296
7 4152 50
7 4153 50
7 4154 50
7 4155 690
7 4156 50
7 4157 690
7 4158 50
7 4159 50
7 4160 50
7 4161 296
7 4162 50
7 4163 296
7 4164 50
7 4165 689
7 4166 50
7 4167 296
7 4168 687
7 4169 296
7 4170 50
7 4171 688
7 4172 50
7 4173 296
7 4174 688
7 4175 296
7 4176 50
7 4177 50
7 4178 50
7 4179 689
7 4180 50
7 4181 688
7 4182 50
7 4183 50
7 4184 50
7 4185 296
7 4186 50
7 4187 296
7 4188 50
7 4189 689
7 4190 50
7 4191 296
7 4192 688
7 4193 296
7 4194 50
7 4195 689
7 4196 50
7 4197 296
7 4198 688
7 4199 296
7 4200 50
7 4201 50
7 4202 50
7 4203 50
7 4204 50
7 4205 50
7 4206 50
7 4207 50
7 4208 50
7 4209 689
7 4210 50
7 4211 689
7 4212 50
7 4213 50
7 4214 50
7 4215 689
7 4216 50
7 4217 689
7 4218 50
7 4219 50
7 4220 50
7 4221 689
7 4222 50
7 4223 688
7 4224 50
7 4225 50
7 4226 50
7 4227 50
7 4228 50
7 4229 50
7 4230 50
7 4231 50
7 4232 50
7 4233 296
7 4234 50
7 4235 296
7 4236 50
7 4237 50
7 4238 50
7 4239 296
7 4240 50
7 4241 296
7 4242 50
7 4243 50
7 4244 50
7 4245 296
7 4246 50
7 4247 296
7 4248 50
7 4249 50
7 4250 50
7 4251 690
7 4252 50
7 4253 689
7 4254 50
7 4255 50
7 4256 50
7 4257 296
7 4258 50
7 4259 296
7 4260 50
7 4261 690
7 4262 50
7 4263 296
7 4264 687
7 4265 296
7 4266 50
7 4267 690
7 4268 50
7 4269 296
7 4270 688
7 4271 296
7 4272 50
7 4273 50
7 4274 50
7 4275 691
7 4276 50
7 4277 691
7 4278 50
7 4279 50
7 4280 50
7 4281 296
7 4282 50
7 4283 296
7 4284 50
7 4285 690
7 4286 50
7 4287 296
7 4288 688
7 4289 296
7 4290 50
7 4291 688
7 4292 50
7 4293 296
7 4294 687
7 4295 296
7 4296 50
7 4297 50
7 4298 50
7 4299 689
7 4300 50
7 4301 688
7 4302 50
7 4303 50
7 4304 50
7 4305 296
7 4306 50
7 4307 296
7 4308 50
7 4309 689
7 4310 50
7 4311 296
7 4312 687
7 4313 296
7 4314 50
7 4315 688
7 4316 50
7 4317 296
7 4318 687
7 4319 296
7 4320 50
7 4321 50
7 4322 50
7 4323 50
7 4324 50
7 4325 50
7 4326 50
7 4327 50
7 4328 50
7 4329 50
7 4330 50
7 4331 50
7 4332 50
7 4333 50
7 4334 50
7 4335 50
7 4336 50
7 4337 50
7 4338 50
7 4339 50
7 4340 50
7 4341 50
7 4342 50
7 4343 50
7 4344 50
7 4345 50
7 4346 50
7 4347 50
7 4348 50
7 4349 50
7 4350 50
7 4351 50
7 4352 50
7 4353 689
7 4354 50
7 4355 689
7 4356 50
7 4357 50
7 4358 50
7 4359 689
7 4360 50
7 4361 690
7 4362 50
7 4363 50
7 4364 50
7 4365 690
7 4366 50
7 4367 689
7 4368 50
7 4369 50
7 4370 50
7 4371 50
7 4372 50
7 4373 50
7 4374 50
7 4375 50
7 4376 50
7 4377 689
7 4378 50
7 4379 689
7 4380 50
7 4381 50
7 4382 50
7 4383 690
7 4384 50
7 4385 689
7 4386 50
7 4387 50
7 4388 50
7 4389 690
7 4390 50
7 4391 690
7 4392 50
7 4393 50
7 4394 50
7 4395 50
7 4396 50
7 4397 50
7 4398 50
7 4399 50
7 4400 50
7 4401 690
7 4402 50
7 4403 690
7 4404 50
7 4405 50
7 4406 50
7 4407 689
7 4408 50
7 4409 690
7 4410 50
7 4411 50
7 4412 50
7 4413 689
7 4414 50
7 4415 689
7 4416 50
7 4417 50
7 4418 50
7 4419 50
7 4420 50
7 4421 50
7 4422 50
7 4423 50
7 4424 50
7 4425 689
7 4426 50
7 4427 690
7 4428 50
7 4429 50
7 4430 50
7 4431 690
7 4432 50
7 4433 689
7 4434 50
7 4435 50
7 4436 50
7 4437 689
7 4438 50
7 4439 688
7 4440 50
7 4441 50
7 4442 50
7 4443 50
7 4444 50
7 4445 50
7 4446 50
7 4447 50
7 4448 50
7 4449 50
7 4450 50
7 4451 50
7 4452 50
7 4453 50
7 4454 50
7 4455 50
7 4456 50
7 4457 50
7 4458 50
7 4459 50
7 4460 50
7 4461 50
7 4462 50
7 4463 50
7 4464 50
7 4465 50
7 4466 50
7 4467 50
7 4468 50
7 4469 50
7 4470 50
7 4471 50
7 4472 50
7 4473 296
7 4474 50
7 4475 296
7 4476 50
7 4477 50
7 4478 50
7 4479 296
7 4480 50
7 4481 296
7 4482 50
7 4483 50
7 4484 50
7 4485 296
7 4486 50
7 4487 296
7 4488 50
7 4489 50
7 4490 50
7 4491 50
7 4492 50
7 4493 50
7 4494 50
7 4495 50
7 4496 50
7 4497 296
7 4498 50
7 4499 296
7 4500 50
7 4501 50
7 4502 50
7 4503 296
7 4504 50
7 4505 296
7 4506 50
7 4507 50
7 4508 50
7 4509 296
7 4510 50
7 4511 296
7 4512 50
7 4513 50
7 4514 50
7 4515 50
7 4516 50
7 4517 50
7 4518 50
7 4519 50
7 4520 50
7 4521 296
7 4522 50
7 4523 296
7 4524 50
7 4525 50
7 4526 50
7 4527 296
7 4528 50
7 4529 296
7 4530 50
7 4531 50
7 4532 50
7 4533 296
7 4534 50
7 4535 296
7 4536 50
7 4537 50
7 4538 50
7 4539 50
7 4540 50
7 4541 50
7 4542 50
7 4543 50
7 4544 50
7 4545 296
7 4546 50
7 4547 296
7 4548 50
7 4549 50
7 4550 50
7 4551 296
7 4552 50
7 4553 296
7 4554 50
7 4555 50
7 4556 50
7 4557 296
7 4558 50
7 4559 296
7 4560 50
7 4561 50
7 4562 50
7 4563 50
7 4564 50
7 4565 50
7 4566 50
7 4567 50
7 4568 50
7 4569 690
7 4570 50
7 4571 690
7 4572 50
7 4573 50
7 4574 50
7 4575 690
7 4576 50
7 4577 690
7 4578 50
7 4579 50
7 4580 50
7 4581 690
7 4582 50
7 4583 689
7 4584 50
7 4585 50
7 4586 50
7 4587 50
7 4588 50
7 4589 50
7 4590 50
7 4591 50
7 4592 50
7 4593 296
7 4594 50
7 4595 296
7 4596 50
7 4597 50
7 4598 50
7 4599 296
7 4600 50
7 4601 296
7 4602 50
7 4603 50
7 4604 50
7 4605 296
7 4606 50
7 4607 296
7 4608 50
7 4609 50
7 4610 50
7 4611 690
7 4612 50
7 4613 690
7 4614 50
7 4615 50
7 4616 50
7 4617 296
7 4618 50
7 4619 296
7 4620 50
7 4621 690
7 4622 50
7 4623 296
7 4624 687
7 4625 296
7 4626 50
7 4627 691
7 4628 50
7 4629 296
7 4630 688
7 4631 296
7 4632 50
7 4633 50
7 4634 50
7 4635 692
7 4636 50
7 4637 692
7 4638 50
7 4639 50
7 4640 50
7 4641 296
7 4642 50
7 4643 296
7 4644 50
7 4645 690
7 4646 50
7 4647 296
7 4648 688
7 4649 296
7 4650 50
7 4651 691
7 4652 50
7 4653 296
7 4654 689
7 4655 296
7 4656 50
7 4657 50
7 4658 50
7 4659 691
7 4660 50
7 4661 690
7 4662 50
7 4663 50
7 4664 50
7 4665 296
7 4666 50
7 4667 296
7 4668 50
7 4669 692
7 4670 50
7 4671 296
7 4672 689
7 4673 296
7 4674 50
7 4675 691
7 4676 50
7 4677 296
7 4678 688
7 4679 296
7 4680 50
7 4681 50
7 4682 50
7 4683 50
7 4684 50
7 4685 50
7 4686 50
7 4687 50
7 4688 50
7 4689 691
7 4690 50
7 4691 691
7 4692 50
7 4693 50
7 4694 50
7 4695 692
7 4696 50
7 4697 691
7 4698 50
7 4699 50
7 4700 50
7 4701 692
7 4702 50
7 4703 691
7 4704 50
7 4705 50
7 4706 50
7 4707 50
7 4708 50
7 4709 50
7 4710 50
7 4711 50
7 4712 50
7 4713 296
7 4714 50
7 4715 296
7 4716 50
7 4717 50
7 4718 50
7 4719 296
7 4720 50
7 4721 296
7 4722 50
7 4723 50
7 4724 50
7 4725 296
7 4726 50
7 4727 296
7 4728 50
7 4729 50
7 4730 50
7 4731 690
7 4732 50
7 4733 690
7 4734 50
7 4735 50
7 4736 50
7 4737 296
7 4738 50
7 4739 296
7 4740 50
7 4741 690
7 4742 50
7 4743 296
7 4744 688
7 4745 296
7 4746 50
7 4747 691
7 4748 50
7 4749 296
7 4750 688
7 4751 296
7 4752 50
7 4753 50
7 4754 50
7 4755 691
7 4756 50
7 4757 691
7 4758 50
7 4759 50
7 4760 50
7 4761 296
7 4762 50
7 4763 296
7 4764 50
7 4765 690
7 4766 50
7 4767 296
7 4768 689
7 4769 296
7 4770 50
7 4771 688
7 4772 50
7 4773 296
7 4774 687
7 4775 296
7 4776 50
7 4777 50
7 4778 50
7 4779 692
7 4780 50
7 4781 692
7 4782 50
7 4783 50
7 4784 50
7 4785 296
7 4786 50
7 4787 296
7 4788 50
7 4789 692
7 4790 50
7 4791 296
7 4792 689
7 4793 296
7 4794 50
7 4795 689
7 4796 50
7 4797 296
7 4798 689
7 4799 296
7 4800 50
7 4801 50
7 4802 50
7 4803 50
7 4804 50
7 4805 50
7 4806 50
7 4807 50
7 4808 50
7 4809 691
7 4810 50
7 4811 692
7 4812 50
7 4813 50
7 4814 50
7 4815 691
7 4816 50
7 4817 692
7 4818 50
7 4819 50
7 4820 50
7 4821 691
7 4822 50
7 4823 691
7 4824 50
7 4825 50
7 4826 50
7 4827 50
7 4828 50
7 4829 50
7 4830 50
7 4831 50
7 4832 50
7 4833 296
7 4834 50
7 4835 296
7 4836 50
7 4837 50
7 4838 50
7 4839 296
7 4840 50
7 4841 296
7 4842 50
7 4843 50
7 4844 50
7 4845 296
7 4846 50
7 4847 296
7 4848 50
7 4849 50
7 4850 50
7 4851 692
7 4852 50
7 4853 691
7 4854 50
7 4855 50
7 4856 50
7 4857 296
7 4858 50
7 4859 296
7 4860 50
7 4861 690
7 4862 50
7 4863 296
7 4864 689
7 4865 296
7 4866 50
7 4867 691
7 4868 50
7 4869 296
7 4870 689
7 4871 296
7 4872 50
7 4873 50
7 4874 50
7 4875 691
7 4876 50
7 4877 691
7 4878 50
7 4879 50
7 4880 50
7 4881 296
7 4882 50
7 4883 296
7 4884 50
7 4885 690
7 4886 50
7 4887 296
7 4888 688
7 4889 296
7 4890 50
7 4891 689
7 4892 50
7 4893 296
7 4894 689
7 4895 296
7 4896 50
7 4897 50
7 4898 50
7 4899 689
7 4900 50
7 4901 688
7 4902 50
7 4903 50
7 4904 50
7 4905 296
7 4906 50
7 4907 296
7 4908 50
7 4909 689
7 4910 50
7 4911 296
7 4912 687
7 4913 296
7 4914 50
7 4915 688
7 4916 50
7 4917 296
7 4918 687
7 4919 296
7 4920 50
7 4921 50
7 4922 50
7 4923 50
7 4924 50
7 4925 50
7 4926 50
7 4927 50
7 4928 50
7 4929 689
7 4930 50
7 4931 689
7 4932 50
7 4933 50
7 4934 50
7 4935 689
7 4936 50
7 4937 689
7 4938 50
7 4939 50
7 4940 50
7 4941 689
7 4942 50
7 4943 688
7 4944 50
7 4945 50
7 4946 50
7 4947 50
7 4948 50
7 4949 50
7 4950 50
7 4951 50
7 4952 50
7 4953 296
7 4954 50
7 4955 296
7 4956 50
7 4957 50
7 4958 50
7 4959 296
7 4960 50
7 4961 296
7 4962 50
7 4963 50
7 4964 50
7 4965 296
7 4966 50
7 4967 296
7 4968 50
7 4969 50
7 4970 50
7 4971 690
7 4972 50
7 4973 689
7 4974 50
7 4975 50
7 4976 50
7 4977 296
7 4978 50
7 4979 296
7 4980 50
7 4981 690
7 4982 50
7 4983 296
7 4984 687
7 4985 296
7 4986 50
7 4987 690
7 4988 50
7 4989 296
7 4990 688
7 4991 296
7 4992 50
7 4993 50
7 4994 50
7 4995 691
7 4996 50
7 4997 691
7 4998 50
7 4999 50
7 5000 50
7 5001 296
7 5002 50
7 5003 296
7 5004 50
7 5005 690
7 5006 50
7 5007 296
7 5008 688
7 5009 296
7 5010 50
7 5011 688
7 5012 50
7 5013 296
7 5014 687
7 5015 296
7 5016 50
7 5017 50
7 5018 50
7 5019 689
7 5020 50
7 5021 688
7 5022 50
7 5023 50
7 5024 50
7 5025 296
7 5026 50
7 5027 296
7 5028 50
7 5029 689
7 5030 50
7 5031 296
7 5032 687
7 5033 296
7 5034 50
7 5035 688
7 5036 50
7 5037 296
7 5038 687
7 5039 296
