3 0 40320
3 1 40320
3 2 40320
3 3 40295
3 4 40264
3 5 40195
4 0 33478
4 1 37926
4 2 32986
4 3 39085
4 4 38542
4 5 39085
4 6 37140
4 7 39311
4 8 38265
4 9 35928
4 10 39311
4 11 36916
4 12 36448
4 13 36944
4 14 36438
4 15 33929
4 16 36850
4 17 33733
4 18 34222
4 19 34552
4 20 34944
4 21 28857
4 22 34292
4 23 28951
5 0 10187
5 1 15152
5 2 10184
5 3 23649
5 4 15152
5 5 23282
5 6 10173
5 7 14930
5 8 10525
5 9 18806
5 10 14972
5 11 19008
5 12 10524
5 13 24617
5 14 10119
5 15 18988
5 16 24926
5 17 19008
5 18 15395
5 19 24704
5 20 15000
5 21 18988
5 22 24855
5 23 18806
5 24 16860
5 25 26424
5 26 16768
5 27 29808
5 28 26612
5 29 29772
5 30 16917
5 31 27111
5 32 17084
5 33 16655
5 34 27078
5 35 17188
5 36 16916
5 37 30068
5 38 16918
5 39 16928
5 40 29772
5 41 17042
5 42 26720
5 43 30103
5 44 27266
5 45 17196
5 46 29808
5 47 17092
5 48 19415
5 49 25780
5 50 20599
5 51 20746
5 52 25796
5 53 20884
5 54 19415
5 55 25780
5 56 20819
5 57 16545
5 58 25796
5 59 16545
5 60 21187
5 61 20299
5 62 21017
5 63 16775
5 64 20074
5 65 16417
5 66 25780
5 67 21066
5 68 25780
5 69 16788
5 70 20956
5 71 16816
5 72 11374
5 73 19262
5 74 11610
5 75 14927
5 76 18954
5 77 14771
5 78 11614
5 79 19396
5 80 11600
5 81 9955
5 82 19542
5 83 9942
5 84 11599
5 85 14810
5 86 11360
5 87 9957
5 88 14810
5 89 9806
5 90 18688
5 91 14759
5 92 19415
5 93 9766
5 94 14638
5 95 9767
5 96 12776
5 97 17482
5 98 12784
5 99 12769
5 100 17562
5 101 12807
5 102 12804
5 103 17483
5 104 13012
5 105 7636
5 106 17562
5 107 7816
5 108 13014
5 109 12767
5 110 12776
5 111 7816
5 112 12754
5 113 7636
5 114 17292
5 115 12776
5 116 17451
5 117 7636
5 118 12776
5 119 7637
6 0 1082
6 1 1672
6 2 1082
6 3 3985
6 4 1672
6 5 3956
6 6 1082
6 7 1672
6 8 1086
6 9 6004
6 10 1675
6 11 6020
6 12 1086
6 13 3982
6 14 1082
6 15 6020
6 16 3959
6 17 6004
6 18 1675
6 19 3981
6 20 1675
6 21 6003
6 22 3960
6 23 6004
6 24 1082
6 25 1672
6 26 1082
6 27 3985
6 28 1672
6 29 3942
6 30 1099
6 31 1709
6 32 1101
6 33 2296
6 34 1707
6 35 2323
6 36 1102
6 37 4024
6 38 1100
6 39 2320
6 40 4000
6 41 2321
6 42 1692
6 43 3967
6 44 1708
6 45 2323
6 46 3996
6 47 2320
6 48 1099
6 49 1709
6 50 1101
6 51 6303
6 52 1710
6 53 6303
6 54 1082
6 55 1669
6 56 1102
6 57 2319
6 58 1688
6 59 2321
6 60 1101
6 61 6354
6 62 1103
6 63 2344
6 64 6358
6 65 2320
6 66 1708
6 67 6388
6 68 1708
6 69 2344
6 70 6392
6 71 2321
6 72 1103
6 73 4019
6 74 1102
6 75 6323
6 76 4002
6 77 6309
6 78 1103
6 79 3971
6 80 1100
6 81 2344
6 82 3984
6 83 2344
6 84 1100
6 85 6348
6 86 1082
6 87 2323
6 88 6388
6 89 2323
6 90 3978
6 91 6356
6 92 3979
6 93 2321
6 94 6369
6 95 2323
6 96 1692
6 97 4003
6 98 1694
6 99 6305
6 100 3997
6 101 6309
6 102 1693
6 103 4003
6 104 1708
6 105 2323
6 106 3969
6 107 2344
6 108 1708
6 109 6367
6 110 1686
6 111 2344
6 112 6371
6 113 2320
6 114 3978
6 115 6356
6 116 3946
6 117 2319
6 118 6335
6 119 2296
6 120 2847
6 121 3432
6 122 2847
6 123 11557
6 124 3432
6 125 11425
6 126 2846
6 127 3410
6 128 2870
6 129 9245
6 130 3412
6 131 9259
6 132 2870
6 133 11680
6 134 2846
6 135 9258
6 136 11604
6 137 9259
6 138 3452
6 139 11680
6 140 3414
6 141 9258
6 142 11603
6 143 9245
6 144 2847
6 145 3432
6 146 2847
6 147 11557
6 148 3432
6 149 11482
6 150 2848
6 151 3458
6 152 2848
6 153 2847
6 154 3459
6 155 2847
6 156 2849
6 157 11622
6 158 2848
6 159 2847
6 160 11557
6 161 2850
6 162 3434
6 163 11547
6 164 3459
6 165 2850
6 166 11521
6 167 2847
6 168 2846
6 169 3410
6 170 2872
6 171 9263
6 172 3457
6 173 9263
6 174 2846
6 175 3412
6 176 2847
6 177 2846
6 178 3410
6 179 2846
6 180 2873
6 181 9246
6 182 2870
6 183 2870
6 184 9245
6 185 2874
6 186 3458
6 187 9263
6 188 3467
6 189 2870
6 190 9259
6 191 2874
6 192 2870
6 193 11742
6 194 2848
6 195 9260
6 196 11656
6 197 9263
6 198 2871
6 199 11742
6 200 2870
6 201 2870
6 202 11737
6 203 2871
6 204 2873
6 205 9260
6 206 2846
6 207 2846
6 208 9258
6 209 2872
6 210 11633
6 211 9263
6 212 11669
6 213 2873
6 214 9259
6 215 2870
6 216 3452
6 217 11686
6 218 3416
6 219 9260
6 220 11650
6 221 9246
6 222 3455
6 223 11746
6 224 3477
6 225 2872
6 226 11738
6 227 2872
6 228 3475
6 229 9260
6 230 3417
6 231 2871
6 232 9258
6 233 2872
6 234 11636
6 235 9263
6 236 11660
6 237 2873
6 238 9245
6 239 2847
6 240 4389
6 241 9317
6 242 4389
6 243 11741
6 244 9317
6 245 11724
6 246 4405
6 247 9621
6 248 4419
6 249 4946
6 250 9607
6 251 5001
6 252 4422
6 253 11845
6 254 4421
6 255 4964
6 256 11738
6 257 4977
6 258 9350
6 259 11843
6 260 9607
6 261 4983
6 262 11740
6 263 4982
6 264 4389
6 265 9317
6 266 4389
6 267 11741
6 268 9317
6 269 11724
6 270 4405
6 271 9635
6 272 4406
6 273 4390
6 274 9608
6 275 4392
6 276 4423
6 277 11845
6 278 4406
6 279 4390
6 280 11740
6 281 4392
6 282 9351
6 283 11831
6 284 9609
6 285 4392
6 286 11738
6 287 4392
6 288 4408
6 289 9710
6 290 4422
6 291 4962
6 292 9702
6 293 5017
6 294 4408
6 295 9698
6 296 4422
6 297 4407
6 298 9673
6 299 4408
6 300 4408
6 301 4880
6 302 4408
6 303 4406
6 304 4864
6 305 4389
6 306 9708
6 307 5056
6 308 9708
6 309 4440
6 310 5024
6 311 4407
6 312 4428
6 313 11852
6 314 4440
6 315 4984
6 316 11829
6 317 4984
6 318 4441
6 319 11852
6 320 4424
6 321 4422
6 322 11829
6 323 4422
6 324 4426
6 325 4984
6 326 4426
6 327 4424
6 328 4968
6 329 4407
6 330 11724
6 331 4968
6 332 11724
6 333 4406
6 334 4968
6 335 4407
6 336 9355
6 337 11869
6 338 9640
6 339 5021
6 340 11846
6 341 5021
6 342 9368
6 343 11869
6 344 9640
6 345 4423
6 346 11846
6 347 4424
6 348 9690
6 349 5037
6 350 9677
6 351 4440
6 352 5005
6 353 4407
6 354 11741
6 355 5021
6 356 11741
6 357 4423
6 358 5005
6 359 4407
6 360 2857
6 361 4317
6 362 3036
6 363 5026
6 364 4342
6 365 5041
6 366 2885
6 367 4345
6 368 3062
6 369 2790
6 370 4346
6 371 2802
6 372 3035
6 373 4938
6 374 3041
6 375 2813
6 376 5052
6 377 2788
6 378 4318
6 379 5028
6 380 4346
6 381 2814
6 382 5052
6 383 2787
6 384 2885
6 385 4345
6 386 3040
6 387 5041
6 388 4346
6 389 5026
6 390 2861
6 391 4347
6 392 3039
6 393 2175
6 394 4346
6 395 2175
6 396 3065
6 397 5055
6 398 3037
6 399 2197
6 400 5054
6 401 2201
6 402 4348
6 403 5070
6 404 4346
6 405 2198
6 406 5054
6 407 2200
6 408 2861
6 409 4347
6 410 3036
6 411 2781
6 412 4348
6 413 2775
6 414 2857
6 415 4317
6 416 3037
6 417 2175
6 418 4318
6 419 2175
6 420 3036
6 421 2788
6 422 3034
6 423 2199
6 424 2771
6 425 2175
6 426 4346
6 427 2800
6 428 4342
6 429 2199
6 430 2770
6 431 2175
6 432 3034
6 433 5047
6 434 3064
6 435 2819
6 436 4939
6 437 2793
6 438 3062
6 439 5067
6 440 3035
6 441 2198
6 442 5077
6 443 2199
6 444 3038
6 445 2797
6 446 3011
6 447 2197
6 448 2791
6 449 2197
6 450 4894
6 451 2769
6 452 5036
6 453 2174
6 454 2747
6 455 2174
6 456 4317
6 457 5043
6 458 4347
6 459 2815
6 460 5041
6 461 2811
6 462 4347
6 463 5046
6 464 4345
6 465 2198
6 466 5073
6 467 2222
6 468 4345
6 469 2810
6 470 4317
6 471 2221
6 472 2793
6 473 2197
6 474 4990
6 475 2790
6 476 5086
6 477 2198
6 478 2783
6 479 2198
6 480 892
6 481 3819
6 482 893
6 483 3788
6 484 3798
6 485 3774
6 486 893
6 487 3816
6 488 894
6 489 1509
6 490 3814
6 491 1508
6 492 894
6 493 3810
6 494 893
6 495 1509
6 496 3815
6 497 1488
6 498 3793
6 499 3793
6 500 3793
6 501 1485
6 502 3799
6 503 1485
6 504 893
6 505 3820
6 506 893
6 507 3790
6 508 3798
6 509 3773
6 510 894
6 511 3816
6 512 892
6 513 893
6 514 3816
6 515 895
6 516 894
6 517 3810
6 518 894
6 519 894
6 520 3814
6 521 896
6 522 3796
6 523 3795
6 524 3811
6 525 894
6 526 3815
6 527 895
6 528 894
6 529 3813
6 530 894
6 531 1508
6 532 3815
6 533 1507
6 534 893
6 535 3795
6 536 894
6 537 894
6 538 3796
6 539 894
6 540 892
6 541 1507
6 542 892
6 543 893
6 544 1509
6 545 893
6 546 3812
6 547 1509
6 548 3812
6 549 895
6 550 1508
6 551 893
6 552 892
6 553 3792
6 554 893
6 555 1508
6 556 3809
6 557 1487
6 558 893
6 559 3793
6 560 892
6 561 893
6 562 3815
6 563 895
6 564 892
6 565 1508
6 566 891
6 567 892
6 568 1509
6 569 892
6 570 3786
6 571 1484
6 572 3794
6 573 892
6 574 1484
6 575 892
6 576 3770
6 577 3771
6 578 3769
6 579 1482
6 580 3793
6 581 1482
6 582 3770
6 583 3771
6 584 3786
6 585 891
6 586 3793
6 587 893
6 588 3786
6 589 1482
6 590 3770
6 591 893
6 592 1481
6 593 891
6 594 3770
6 595 1481
6 596 3794
6 597 891
6 598 1481
6 599 891
6 600 1481
6 601 3795
6 602 1483
6 603 3769
6 604 3795
6 605 3771
6 606 1483
6 607 3795
6 608 1506
6 609 1482
6 610 3795
6 611 1504
6 612 1506
6 613 3791
6 614 1483
6 615 1504
6 616 3796
6 617 1484
6 618 3793
6 619 3793
6 620 3791
6 621 1484
6 622 3796
6 623 1482
6 624 1483
6 625 3796
6 626 1483
6 627 3771
6 628 3795
6 629 3771
6 630 1486
6 631 3812
6 632 1507
6 633 891
6 634 3811
6 635 893
6 636 1508
6 637 3793
6 638 1509
6 639 893
6 640 3794
6 641 894
6 642 3793
6 643 3795
6 644 3809
6 645 894
6 646 3815
6 647 893
6 648 1486
6 649 3812
6 650 1507
6 651 1501
6 652 3814
6 653 1504
6 654 1483
6 655 3795
6 656 1508
6 657 893
6 658 3796
6 659 893
6 660 1505
6 661 1483
6 662 1504
6 663 894
6 664 1481
6 665 891
6 666 3811
6 667 1506
6 668 3811
6 669 894
6 670 1506
6 671 893
6 672 1505
6 673 3791
6 674 1506
6 675 1505
6 676 3792
6 677 1484
6 678 1504
6 679 3793
6 680 1504
6 681 894
6 682 3816
6 683 894
6 684 1507
6 685 1505
6 686 1481
6 687 893
6 688 1506
6 689 893
6 690 3769
6 691 1481
6 692 3794
6 693 891
6 694 1481
6 695 891
6 696 3770
6 697 3771
6 698 3769
6 699 1482
6 700 3793
6 701 1482
6 702 3770
6 703 3771
6 704 3786
6 705 891
6 706 3793
6 707 893
6 708 3786
6 709 1482
6 710 3770
6 711 893
6 712 1481
6 713 891
6 714 3770
6 715 1481
6 716 3794
6 717 891
6 718 1481
6 719 891
7 0 50
7 1 50
7 2 50
7 3 247
7 4 50
7 5 246
7 6 50
7 7 50
7 8 50
7 9 548
7 10 50
7 11 548
7 12 50
7 13 247
7 14 50
7 15 548
7 16 246
7 17 548
7 18 50
7 19 247
7 20 50
7 21 548
7 22 246
7 23 548
7 24 50
7 25 50
7 26 50
7 27 247
7 28 50
7 29 246
7 30 50
7 31 50
7 32 50
7 33 439
7 34 50
7 35 440
7 36 50
7 37 248
7 38 50
7 39 440
7 40 247
7 41 440
7 42 50
7 43 247
7 44 50
7 45 440
7 46 247
7 47 440
7 48 50
7 49 50
7 50 50
7 51 548
7 52 50
7 53 548
7 54 50
7 55 50
7 56 50
7 57 440
7 58 50
7 59 440
7 60 50
7 61 548
7 62 50
7 63 440
7 64 548
7 65 439
7 66 50
7 67 548
7 68 50
7 69 440
7 70 548
7 71 439
7 72 50
7 73 248
7 74 50
7 75 548
7 76 247
7 77 548
7 78 50
7 79 247
7 80 50
7 81 440
7 82 247
7 83 440
7 84 50
7 85 548
7 86 50
7 87 440
7 88 548
7 89 439
7 90 246
7 91 548
7 92 246
7 93 439
7 94 548
7 95 439
7 96 50
7 97 247
7 98 50
7 99 548
7 100 247
7 101 548
7 102 50
7 103 247
7 104 50
7 105 439
7 106 247
7 107 440
7 108 50
7 109 548
7 110 50
7 111 440
7 112 548
7 113 439
7 114 246
7 115 548
7 116 246
7 117 439
7 118 548
7 119 439
7 120 50
7 121 50
7 122 50
7 123 247
7 124 50
7 125 246
7 126 50
7 127 50
7 128 50
7 129 548
7 130 50
7 131 548
7 132 50
7 133 247
7 134 50
7 135 548
7 136 246
7 137 548
7 138 50
7 139 247
7 140 50
7 141 548
7 142 246
7 143 548
7 144 50
7 145 50
7 146 50
7 147 247
7 148 50
7 149 247
7 150 50
7 151 50
7 152 50
7 153 50
7 154 50
7 155 50
7 156 50
7 157 248
7 158 50
7 159 50
7 160 247
7 161 50
7 162 50
7 163 248
7 164 50
7 165 50
7 166 247
7 167 50
7 168 50
7 169 50
7 170 50
7 171 548
7 172 50
7 173 548
7 174 50
7 175 50
7 176 50
7 177 50
7 178 50
7 179 50
7 180 50
7 181 548
7 182 50
7 183 50
7 184 548
7 185 50
7 186 50
7 187 548
7 188 50
7 189 50
7 190 548
7 191 50
7 192 50
7 193 248
7 194 50
7 195 548
7 196 247
7 197 548
7 198 50
7 199 248
7 200 50
7 201 50
7 202 248
7 203 50
7 204 50
7 205 548
7 206 50
7 207 50
7 208 548
7 209 50
7 210 246
7 211 548
7 212 247
7 213 50
7 214 548
7 215 50
7 216 50
7 217 247
7 218 50
7 219 548
7 220 247
7 221 548
7 222 50
7 223 248
7 224 50
7 225 50
7 226 248
7 227 50
7 228 50
7 229 548
7 230 50
7 231 50
7 232 548
7 233 50
7 234 246
7 235 548
7 236 247
7 237 50
7 238 548
7 239 50
7 240 50
7 241 50
7 242 50
7 243 247
7 244 50
7 245 247
7 246 50
7 247 50
7 248 50
7 249 457
7 250 50
7 251 457
7 252 50
7 253 248
7 254 50
7 255 457
7 256 247
7 257 457
7 258 50
7 259 248
7 260 50
7 261 457
7 262 247
7 263 457
7 264 50
7 265 50
7 266 50
7 267 247
7 268 50
7 269 246
7 270 50
7 271 50
7 272 50
7 273 50
7 274 50
7 275 50
7 276 50
7 277 248
7 278 50
7 279 50
7 280 247
7 281 50
7 282 50
7 283 247
7 284 50
7 285 50
7 286 247
7 287 50
7 288 50
7 289 50
7 290 50
7 291 458
7 292 50
7 293 458
7 294 50
7 295 50
7 296 50
7 297 50
7 298 50
7 299 50
7 300 50
7 301 457
7 302 50
7 303 50
7 304 457
7 305 50
7 306 50
7 307 458
7 308 50
7 309 50
7 310 458
7 311 50
7 312 50
7 313 248
7 314 50
7 315 458
7 316 248
7 317 458
7 318 50
7 319 248
7 320 50
7 321 50
7 322 248
7 323 50
7 324 50
7 325 458
7 326 50
7 327 50
7 328 458
7 329 50
7 330 247
7 331 458
7 332 247
7 333 50
7 334 458
7 335 50
7 336 50
7 337 248
7 338 50
7 339 458
7 340 248
7 341 458
7 342 50
7 343 248
7 344 50
7 345 50
7 346 247
7 347 50
7 348 50
7 349 458
7 350 50
7 351 50
7 352 458
7 353 50
7 354 247
7 355 458
7 356 247
7 357 50
7 358 458
7 359 50
7 360 50
7 361 50
7 362 50
7 363 548
7 364 50
7 365 548
7 366 50
7 367 50
7 368 50
7 369 458
7 370 50
7 371 458
7 372 50
7 373 548
7 374 50
7 375 458
7 376 548
7 377 457
7 378 50
7 379 548
7 380 50
7 381 458
7 382 548
7 383 457
7 384 50
7 385 50
7 386 50
7 387 548
7 388 50
7 389 548
7 390 50
7 391 50
7 392 50
7 393 50
7 394 50
7 395 50
7 396 50
7 397 548
7 398 50
7 399 50
7 400 548
7 401 50
7 402 50
7 403 548
7 404 50
7 405 50
7 406 548
7 407 50
7 408 50
7 409 50
7 410 50
7 411 457
7 412 50
7 413 457
7 414 50
7 415 50
7 416 50
7 417 50
7 418 50
7 419 50
7 420 50
7 421 458
7 422 50
7 423 50
7 424 458
7 425 50
7 426 50
7 427 458
7 428 50
7 429 50
7 430 458
7 431 50
7 432 50
7 433 548
7 434 50
7 435 458
7 436 548
7 437 457
7 438 50
7 439 548
7 440 50
7 441 50
7 442 548
7 443 50
7 444 50
7 445 458
7 446 50
7 447 50
7 448 458
7 449 50
7 450 548
7 451 457
7 452 548
7 453 50
7 454 457
7 455 50
7 456 50
7 457 548
7 458 50
7 459 458
7 460 548
7 461 457
7 462 50
7 463 548
7 464 50
7 465 50
7 466 548
7 467 50
7 468 50
7 469 458
7 470 50
7 471 50
7 472 458
7 473 50
7 474 548
7 475 457
7 476 548
7 477 50
7 478 457
7 479 50
7 480 50
7 481 248
7 482 50
7 483 548
7 484 247
7 485 548
7 486 50
7 487 248
7 488 50
7 489 458
7 490 248
7 491 458
7 492 50
7 493 548
7 494 50
7 495 458
7 496 548
7 497 457
7 498 247
7 499 548
7 500 247
7 501 457
7 502 548
7 503 457
7 504 50
7 505 248
7 506 50
7 507 548
7 508 247
7 509 548
7 510 50
7 511 248
7 512 50
7 513 50
7 514 248
7 515 50
7 516 50
7 517 548
7 518 50
7 519 50
7 520 548
7 521 50
7 522 247
7 523 548
7 524 248
7 525 50
7 526 548
7 527 50
7 528 50
7 529 248
7 530 50
7 531 458
7 532 248
7 533 458
7 534 50
7 535 247
7 536 50
7 537 50
7 538 247
7 539 50
7 540 50
7 541 458
7 542 50
7 543 50
7 544 458
7 545 50
7 546 248
7 547 458
7 548 248
7 549 50
7 550 458
7 551 50
7 552 50
7 553 548
7 554 50
7 555 458
7 556 548
7 557 457
7 558 50
7 559 548
7 560 50
7 561 50
7 562 548
7 563 50
7 564 50
7 565 457
7 566 50
7 567 50
7 568 458
7 569 50
7 570 548
7 571 457
7 572 548
7 573 50
7 574 457
7 575 50
7 576 246
7 577 548
7 578 246
7 579 457
7 580 548
7 581 457
7 582 246
7 583 548
7 584 247
7 585 50
7 586 548
7 587 50
7 588 247
7 589 457
7 590 246
7 591 50
7 592 457
7 593 50
7 594 548
7 595 457
7 596 548
7 597 50
7 598 457
7 599 50
7 600 50
7 601 247
7 602 50
7 603 548
7 604 247
7 605 548
7 606 50
7 607 247
7 608 50
7 609 457
7 610 247
7 611 458
7 612 50
7 613 548
7 614 50
7 615 458
7 616 548
7 617 457
7 618 247
7 619 548
7 620 247
7 621 457
7 622 548
7 623 457
7 624 50
7 625 247
7 626 50
7 627 548
7 628 247
7 629 548
7 630 50
7 631 248
7 632 50
7 633 50
7 634 248
7 635 50
7 636 50
7 637 548
7 638 50
7 639 50
7 640 548
7 641 50
7 642 247
7 643 548
7 644 248
7 645 50
7 646 548
7 647 50
7 648 50
7 649 248
7 650 50
7 651 458
7 652 248
7 653 458
7 654 50
7 655 247
7 656 50
7 657 50
7 658 247
7 659 50
7 660 50
7 661 457
7 662 50
7 663 50
7 664 457
7 665 50
7 666 248
7 667 458
7 668 248
7 669 50
7 670 458
7 671 50
7 672 50
7 673 548
7 674 50
7 675 458
7 676 548
7 677 457
7 678 50
7 679 548
7 680 50
7 681 50
7 682 548
7 683 50
7 684 50
7 685 458
7 686 50
7 687 50
7 688 458
7 689 50
7 690 548
7 691 457
7 692 548
7 693 50
7 694 457
7 695 50
7 696 246
7 697 548
7 698 246
7 699 457
7 700 548
7 701 457
7 702 246
7 703 548
7 704 247
7 705 50
7 706 548
7 707 50
7 708 247
7 709 457
7 710 246
7 711 50
7 712 457
7 713 50
7 714 548
7 715 457
7 716 548
7 717 50
7 718 456
7 719 50
7 720 155
7 721 155
7 722 155
7 723 352
7 724 155
7 725 351
7 726 155
7 727 155
7 728 155
7 729 2222
7 730 155
7 731 2222
7 732 155
7 733 352
7 734 155
7 735 2222
7 736 351
7 737 2222
7 738 155
7 739 352
7 740 155
7 741 2222
7 742 351
7 743 2222
7 744 155
7 745 155
7 746 155
7 747 352
7 748 155
7 749 350
7 750 156
7 751 156
7 752 156
7 753 742
7 754 156
7 755 743
7 756 156
7 757 354
7 758 156
7 759 743
7 760 353
7 761 743
7 762 156
7 763 351
7 764 156
7 765 743
7 766 353
7 767 743
7 768 156
7 769 156
7 770 156
7 771 2244
7 772 156
7 773 2244
7 774 155
7 775 155
7 776 156
7 777 743
7 778 156
7 779 743
7 780 156
7 781 2247
7 782 156
7 783 744
7 784 2247
7 785 743
7 786 156
7 787 2248
7 788 156
7 789 744
7 790 2248
7 791 743
7 792 156
7 793 354
7 794 156
7 795 2244
7 796 353
7 797 2244
7 798 156
7 799 351
7 800 156
7 801 744
7 802 352
7 803 744
7 804 156
7 805 2247
7 806 155
7 807 743
7 808 2248
7 809 743
7 810 352
7 811 2247
7 812 352
7 813 743
7 814 2248
7 815 743
7 816 156
7 817 353
7 818 156
7 819 2244
7 820 353
7 821 2244
7 822 156
7 823 353
7 824 156
7 825 743
7 826 351
7 827 744
7 828 156
7 829 2248
7 830 156
7 831 744
7 832 2248
7 833 743
7 834 352
7 835 2247
7 836 350
7 837 743
7 838 2247
7 839 742
7 840 155
7 841 155
7 842 155
7 843 352
7 844 155
7 845 351
7 846 155
7 847 155
7 848 155
7 849 2222
7 850 155
7 851 2222
7 852 155
7 853 352
7 854 155
7 855 2222
7 856 351
7 857 2222
7 858 155
7 859 352
7 860 155
7 861 2222
7 862 351
7 863 2222
7 864 155
7 865 155
7 866 155
7 867 352
7 868 155
7 869 352
7 870 155
7 871 155
7 872 155
7 873 155
7 874 155
7 875 155
7 876 155
7 877 353
7 878 155
7 879 155
7 880 352
7 881 155
7 882 155
7 883 353
7 884 155
7 885 155
7 886 352
7 887 155
7 888 155
7 889 155
7 890 155
7 891 2222
7 892 155
7 893 2222
7 894 155
7 895 155
7 896 155
7 897 155
7 898 155
7 899 155
7 900 155
7 901 2222
7 902 155
7 903 155
7 904 2222
7 905 155
7 906 155
7 907 2222
7 908 155
7 909 155
7 910 2222
7 911 155
7 912 155
7 913 353
7 914 155
7 915 2222
7 916 352
7 917 2222
7 918 155
7 919 353
7 920 155
7 921 155
7 922 353
7 923 155
7 924 155
7 925 2222
7 926 155
7 927 155
7 928 2222
7 929 155
7 930 351
7 931 2222
7 932 352
7 933 155
7 934 2222
7 935 155
7 936 155
7 937 352
7 938 155
7 939 2222
7 940 352
7 941 2222
7 942 155
7 943 353
7 944 155
7 945 155
7 946 353
7 947 155
7 948 155
7 949 2222
7 950 155
7 951 155
7 952 2222
7 953 155
7 954 351
7 955 2222
7 956 352
7 957 155
7 958 2222
7 959 155
7 960 155
7 961 155
7 962 155
7 963 352
7 964 155
7 965 350
7 966 156
7 967 156
7 968 156
7 969 743
7 970 156
7 971 743
7 972 156
7 973 354
7 974 156
7 975 743
7 976 353
7 977 743
7 978 156
7 979 353
7 980 156
7 981 743
7 982 353
7 983 743
7 984 155
7 985 155
7 986 155
7 987 352
7 988 155
7 989 350
7 990 155
7 991 155
7 992 155
7 993 155
7 994 155
7 995 155
7 996 155
7 997 353
7 998 155
7 999 155
7 1000 352
7 1001 155
7 1002 155
7 1003 351
7 1004 155
7 1005 155
7 1006 352
7 1007 155
7 1008 156
7 1009 156
7 1010 156
7 1011 743
7 1012 156
7 1013 743
7 1014 156
7 1015 156
7 1016 156
7 1017 156
7 1018 156
7 1019 156
7 1020 156
7 1021 742
7 1022 156
7 1023 156
7 1024 742
7 1025 156
7 1026 156
7 1027 743
7 1028 156
7 1029 156
7 1030 743
7 1031 156
7 1032 156
7 1033 354
7 1034 156
7 1035 743
7 1036 354
7 1037 743
7 1038 156
7 1039 354
7 1040 156
7 1041 156
7 1042 354
7 1043 156
7 1044 156
7 1045 743
7 1046 156
7 1047 156
7 1048 743
7 1049 156
7 1050 353
7 1051 743
7 1052 353
7 1053 156
7 1054 743
7 1055 156
7 1056 156
7 1057 353
7 1058 156
7 1059 743
7 1060 354
7 1061 743
7 1062 156
7 1063 354
7 1064 156
7 1065 156
7 1066 351
7 1067 156
7 1068 156
7 1069 743
7 1070 156
7 1071 156
7 1072 743
7 1073 156
7 1074 353
7 1075 743
7 1076 353
7 1077 156
7 1078 743
7 1079 156
7 1080 156
7 1081 156
7 1082 156
7 1083 2244
7 1084 156
7 1085 2244
7 1086 155
7 1087 155
7 1088 156
7 1089 743
7 1090 156
7 1091 743
7 1092 156
7 1093 2246
7 1094 156
7 1095 744
7 1096 2247
7 1097 743
7 1098 156
7 1099 2248
7 1100 156
7 1101 744
7 1102 2248
7 1103 743
7 1104 156
7 1105 156
7 1106 156
7 1107 2244
7 1108 156
7 1109 2244
7 1110 156
7 1111 156
7 1112 156
7 1113 156
7 1114 156
7 1115 156
7 1116 156
7 1117 2244
7 1118 156
7 1119 156
7 1120 2244
7 1121 156
7 1122 156
7 1123 2244
7 1124 156
7 1125 156
7 1126 2244
7 1127 156
7 1128 156
7 1129 156
7 1130 156
7 1131 743
7 1132 156
7 1133 743
7 1134 155
7 1135 155
7 1136 155
7 1137 155
7 1138 155
7 1139 155
7 1140 156
7 1141 743
7 1142 156
7 1143 156
7 1144 743
7 1145 156
7 1146 156
7 1147 743
7 1148 156
7 1149 156
7 1150 743
7 1151 156
7 1152 156
7 1153 2248
7 1154 156
7 1155 744
7 1156 2248
7 1157 743
7 1158 156
7 1159 2247
7 1160 156
7 1161 156
7 1162 2247
7 1163 156
7 1164 156
7 1165 744
7 1166 156
7 1167 156
7 1168 744
7 1169 156
7 1170 2248
7 1171 743
7 1172 2247
7 1173 156
7 1174 743
7 1175 156
7 1176 156
7 1177 2248
7 1178 156
7 1179 744
7 1180 2248
7 1181 743
7 1182 156
7 1183 2248
7 1184 156
7 1185 156
7 1186 2248
7 1187 156
7 1188 156
7 1189 744
7 1190 156
7 1191 156
7 1192 744
7 1193 156
7 1194 2248
7 1195 743
7 1196 2248
7 1197 156
7 1198 743
7 1199 156
7 1200 156
7 1201 354
7 1202 156
7 1203 2244
7 1204 353
7 1205 2244
7 1206 156
7 1207 352
7 1208 156
7 1209 744
7 1210 352
7 1211 744
7 1212 156
7 1213 2246
7 1214 155
7 1215 743
7 1216 2248
7 1217 743
7 1218 353
7 1219 2246
7 1220 353
7 1221 743
7 1222 2248
7 1223 743
7 1224 156
7 1225 354
7 1226 156
7 1227 2244
7 1228 353
7 1229 2244
7 1230 156
7 1231 354
7 1232 156
7 1233 156
7 1234 354
7 1235 156
7 1236 156
7 1237 2244
7 1238 156
7 1239 156
7 1240 2244
7 1241 156
7 1242 353
7 1243 2244
7 1244 354
7 1245 156
7 1246 2244
7 1247 156
7 1248 156
7 1249 354
7 1250 156
7 1251 744
7 1252 354
7 1253 744
7 1254 156
7 1255 351
7 1256 156
7 1257 156
7 1258 351
7 1259 156
7 1260 156
7 1261 744
7 1262 156
7 1263 156
7 1264 744
7 1265 156
7 1266 354
7 1267 744
7 1268 354
7 1269 156
7 1270 744
7 1271 156
7 1272 156
7 1273 2248
7 1274 156
7 1275 744
7 1276 2248
7 1277 743
7 1278 156
7 1279 2247
7 1280 156
7 1281 156
7 1282 2247
7 1283 156
7 1284 156
7 1285 743
7 1286 155
7 1287 155
7 1288 743
7 1289 156
7 1290 2248
7 1291 743
7 1292 2248
7 1293 156
7 1294 743
7 1295 156
7 1296 352
7 1297 2248
7 1298 352
7 1299 743
7 1300 2248
7 1301 743
7 1302 352
7 1303 2247
7 1304 353
7 1305 156
7 1306 2247
7 1307 156
7 1308 353
7 1309 743
7 1310 352
7 1311 156
7 1312 743
7 1313 156
7 1314 2248
7 1315 743
7 1316 2248
7 1317 156
7 1318 743
7 1319 156
7 1320 156
7 1321 353
7 1322 156
7 1323 2244
7 1324 353
7 1325 2244
7 1326 156
7 1327 353
7 1328 156
7 1329 743
7 1330 352
7 1331 744
7 1332 156
7 1333 2248
7 1334 156
7 1335 744
7 1336 2248
7 1337 743
7 1338 353
7 1339 2246
7 1340 351
7 1341 743
7 1342 2247
7 1343 742
7 1344 156
7 1345 353
7 1346 156
7 1347 2244
7 1348 353
7 1349 2244
7 1350 156
7 1351 354
7 1352 156
7 1353 156
7 1354 354
7 1355 156
7 1356 156
7 1357 2244
7 1358 156
7 1359 156
7 1360 2244
7 1361 156
7 1362 353
7 1363 2244
7 1364 354
7 1365 156
7 1366 2244
7 1367 156
7 1368 156
7 1369 354
7 1370 156
7 1371 744
7 1372 353
7 1373 744
7 1374 156
7 1375 353
7 1376 156
7 1377 156
7 1378 353
7 1379 156
7 1380 156
7 1381 743
7 1382 156
7 1383 156
7 1384 743
7 1385 156
7 1386 354
7 1387 744
7 1388 354
7 1389 156
7 1390 744
7 1391 156
7 1392 156
7 1393 2248
7 1394 156
7 1395 744
7 1396 2248
7 1397 743
7 1398 156
7 1399 2248
7 1400 156
7 1401 156
7 1402 2248
7 1403 156
7 1404 156
7 1405 744
7 1406 156
7 1407 156
7 1408 744
7 1409 156
7 1410 2248
7 1411 743
7 1412 2248
7 1413 156
7 1414 743
7 1415 156
7 1416 352
7 1417 2248
7 1418 352
7 1419 743
7 1420 2248
7 1421 743
7 1422 352
7 1423 2247
7 1424 353
7 1425 156
7 1426 2247
7 1427 156
7 1428 353
7 1429 743
7 1430 350
7 1431 156
7 1432 743
7 1433 156
7 1434 2248
7 1435 743
7 1436 2247
7 1437 156
7 1438 742
7 1439 155
7 1440 520
7 1441 520
7 1442 520
7 1443 2924
7 1444 520
7 1445 2904
7 1446 520
7 1447 520
7 1448 520
7 1449 2320
7 1450 520
7 1451 2320
7 1452 520
7 1453 2924
7 1454 520
7 1455 2320
7 1456 2904
7 1457 2320
7 1458 520
7 1459 2924
7 1460 520
7 1461 2320
7 1462 2904
7 1463 2320
7 1464 520
7 1465 520
7 1466 520
7 1467 2924
7 1468 520
7 1469 2920
7 1470 520
7 1471 520
7 1472 520
7 1473 520
7 1474 520
7 1475 520
7 1476 520
7 1477 2940
7 1478 520
7 1479 520
7 1480 2924
7 1481 520
7 1482 520
7 1483 2936
7 1484 520
7 1485 520
7 1486 2922
7 1487 520
7 1488 520
7 1489 520
7 1490 520
7 1491 2320
7 1492 520
7 1493 2320
7 1494 520
7 1495 520
7 1496 520
7 1497 520
7 1498 520
7 1499 520
7 1500 520
7 1501 2320
7 1502 520
7 1503 520
7 1504 2320
7 1505 520
7 1506 520
7 1507 2320
7 1508 520
7 1509 520
7 1510 2320
7 1511 520
7 1512 520
7 1513 2940
7 1514 520
7 1515 2320
7 1516 2920
7 1517 2320
7 1518 520
7 1519 2940
7 1520 520
7 1521 520
7 1522 2940
7 1523 520
7 1524 520
7 1525 2320
7 1526 520
7 1527 520
7 1528 2320
7 1529 520
7 1530 2904
7 1531 2320
7 1532 2920
7 1533 520
7 1534 2320
7 1535 520
7 1536 520
7 1537 2924
7 1538 520
7 1539 2320
7 1540 2920
7 1541 2320
7 1542 520
7 1543 2940
7 1544 520
7 1545 520
7 1546 2940
7 1547 520
7 1548 520
7 1549 2320
7 1550 520
7 1551 520
7 1552 2320
7 1553 520
7 1554 2904
7 1555 2320
7 1556 2920
7 1557 520
7 1558 2320
7 1559 520
7 1560 520
7 1561 520
7 1562 520
7 1563 2924
7 1564 520
7 1565 2904
7 1566 520
7 1567 520
7 1568 520
7 1569 2320
7 1570 520
7 1571 2320
7 1572 520
7 1573 2924
7 1574 520
7 1575 2320
7 1576 2904
7 1577 2320
7 1578 520
7 1579 2924
7 1580 520
7 1581 2320
7 1582 2904
7 1583 2320
7 1584 520
7 1585 520
7 1586 520
7 1587 2924
7 1588 520
7 1589 2920
7 1590 520
7 1591 520
7 1592 520
7 1593 520
7 1594 520
7 1595 520
7 1596 520
7 1597 2940
7 1598 520
7 1599 520
7 1600 2924
7 1601 520
7 1602 520
7 1603 2936
7 1604 520
7 1605 520
7 1606 2922
7 1607 520
7 1608 520
7 1609 520
7 1610 520
7 1611 2320
7 1612 520
7 1613 2320
7 1614 520
7 1615 520
7 1616 520
7 1617 520
7 1618 520
7 1619 520
7 1620 520
7 1621 2320
7 1622 520
7 1623 520
7 1624 2320
7 1625 520
7 1626 520
7 1627 2320
7 1628 520
7 1629 520
7 1630 2320
7 1631 520
7 1632 520
7 1633 2940
7 1634 520
7 1635 2320
7 1636 2920
7 1637 2320
7 1638 520
7 1639 2940
7 1640 520
7 1641 520
7 1642 2940
7 1643 520
7 1644 520
7 1645 2320
7 1646 520
7 1647 520
7 1648 2320
7 1649 520
7 1650 2904
7 1651 2320
7 1652 2920
7 1653 520
7 1654 2320
7 1655 520
7 1656 520
7 1657 2924
7 1658 520
7 1659 2320
7 1660 2920
7 1661 2320
7 1662 520
7 1663 2940
7 1664 520
7 1665 520
7 1666 2940
7 1667 520
7 1668 520
7 1669 2320
7 1670 520
7 1671 520
7 1672 2320
7 1673 520
7 1674 2904
7 1675 2320
7 1676 2920
7 1677 520
7 1678 2320
7 1679 520
7 1680 520
7 1681 520
7 1682 520
7 1683 2924
7 1684 520
7 1685 2923
7 1686 520
7 1687 520
7 1688 520
7 1689 520
7 1690 520
7 1691 520
7 1692 520
7 1693 2940
7 1694 520
7 1695 520
7 1696 2924
7 1697 520
7 1698 520
7 1699 2938
7 1700 520
7 1701 520
7 1702 2924
7 1703 520
7 1704 520
7 1705 520
7 1706 520
7 1707 2924
7 1708 520
7 1709 2923
7 1710 520
7 1711 520
7 1712 520
7 1713 520
7 1714 520
7 1715 520
7 1716 520
7 1717 2940
7 1718 520
7 1719 520
7 1720 2924
7 1721 520
7 1722 520
7 1723 2938
7 1724 520
7 1725 520
7 1726 2924
7 1727 520
7 1728 520
7 1729 520
7 1730 520
7 1731 520
7 1732 520
7 1733 520
7 1734 520
7 1735 520
7 1736 520
7 1737 520
7 1738 520
7 1739 520
7 1740 520
7 1741 520
7 1742 520
7 1743 520
7 1744 520
7 1745 520
7 1746 520
7 1747 520
7 1748 520
7 1749 520
7 1750 520
7 1751 520
7 1752 520
7 1753 2943
7 1754 520
7 1755 520
7 1756 2940
7 1757 520
7 1758 520
7 1759 2943
7 1760 520
7 1761 520
7 1762 2940
7 1763 520
7 1764 520
7 1765 520
7 1766 520
7 1767 520
7 1768 520
7 1769 520
7 1770 2924
7 1771 520
7 1772 2924
7 1773 520
7 1774 520
7 1775 520
7 1776 520
7 1777 2943
7 1778 520
7 1779 520
7 1780 2938
7 1781 520
7 1782 520
7 1783 2943
7 1784 520
7 1785 520
7 1786 2938
7 1787 520
7 1788 520
7 1789 520
7 1790 520
7 1791 520
7 1792 520
7 1793 520
7 1794 2924
7 1795 520
7 1796 2924
7 1797 520
7 1798 520
7 1799 520
7 1800 520
7 1801 520
7 1802 520
7 1803 2320
7 1804 520
7 1805 2320
7 1806 520
7 1807 520
7 1808 520
7 1809 520
7 1810 520
7 1811 520
7 1812 520
7 1813 2320
7 1814 520
7 1815 520
7 1816 2320
7 1817 520
7 1818 520
7 1819 2320
7 1820 520
7 1821 520
7 1822 2320
7 1823 520
7 1824 520
7 1825 520
7 1826 520
7 1827 2320
7 1828 520
7 1829 2320
7 1830 520
7 1831 520
7 1832 520
7 1833 520
7 1834 520
7 1835 520
7 1836 520
7 1837 2320
7 1838 520
7 1839 520
7 1840 2320
7 1841 520
7 1842 520
7 1843 2320
7 1844 520
7 1845 520
7 1846 2320
7 1847 520
7 1848 520
7 1849 520
7 1850 520
7 1851 520
7 1852 520
7 1853 520
7 1854 520
7 1855 520
7 1856 520
7 1857 520
7 1858 520
7 1859 520
7 1860 520
7 1861 520
7 1862 520
7 1863 520
7 1864 520
7 1865 520
7 1866 520
7 1867 520
7 1868 520
7 1869 520
7 1870 520
7 1871 520
7 1872 520
7 1873 2320
7 1874 520
7 1875 520
7 1876 2320
7 1877 520
7 1878 520
7 1879 2320
7 1880 520
7 1881 520
7 1882 2320
7 1883 520
7 1884 520
7 1885 520
7 1886 520
7 1887 520
7 1888 520
7 1889 520
7 1890 2320
7 1891 520
7 1892 2320
7 1893 520
7 1894 520
7 1895 520
7 1896 520
7 1897 2320
7 1898 520
7 1899 520
7 1900 2320
7 1901 520
7 1902 520
7 1903 2320
7 1904 520
7 1905 520
7 1906 2320
7 1907 520
7 1908 520
7 1909 520
7 1910 520
7 1911 520
7 1912 520
7 1913 520
7 1914 2320
7 1915 520
7 1916 2320
7 1917 520
7 1918 520
7 1919 520
7 1920 520
7 1921 2944
7 1922 520
7 1923 2320
7 1924 2923
7 1925 2320
7 1926 520
7 1927 2942
7 1928 520
7 1929 520
7 1930 2943
7 1931 520
7 1932 520
7 1933 2320
7 1934 520
7 1935 520
7 1936 2320
7 1937 520
7 1938 2920
7 1939 2320
7 1940 2936
7 1941 520
7 1942 2320
7 1943 520
7 1944 520
7 1945 2944
7 1946 520
7 1947 2320
7 1948 2923
7 1949 2320
7 1950 520
7 1951 2942
7 1952 520
7 1953 520
7 1954 2943
7 1955 520
7 1956 520
7 1957 2320
7 1958 520
7 1959 520
7 1960 2320
7 1961 520
7 1962 2920
7 1963 2320
7 1964 2936
7 1965 520
7 1966 2320
7 1967 520
7 1968 520
7 1969 2943
7 1970 520
7 1971 520
7 1972 2942
7 1973 520
7 1974 520
7 1975 2943
7 1976 520
7 1977 520
7 1978 2942
7 1979 520
7 1980 520
7 1981 520
7 1982 520
7 1983 520
7 1984 520
7 1985 520
7 1986 2944
7 1987 520
7 1988 2944
7 1989 520
7 1990 520
7 1991 520
7 1992 520
7 1993 2320
7 1994 520
7 1995 520
7 1996 2320
7 1997 520
7 1998 520
7 1999 2320
7 2000 520
7 2001 520
7 2002 2320
7 2003 520
7 2004 520
7 2005 520
7 2006 520
7 2007 520
7 2008 520
7 2009 520
7 2010 2320
7 2011 520
7 2012 2320
7 2013 520
7 2014 520
7 2015 520
7 2016 2904
7 2017 2320
7 2018 2920
7 2019 520
7 2020 2320
7 2021 520
7 2022 2904
7 2023 2320
7 2024 2920
7 2025 520
7 2026 2320
7 2027 520
7 2028 2923
7 2029 520
7 2030 2923
7 2031 520
7 2032 520
7 2033 520
7 2034 2320
7 2035 520
7 2036 2320
7 2037 520
7 2038 520
7 2039 520
7 2040 520
7 2041 2924
7 2042 520
7 2043 2320
7 2044 2923
7 2045 2320
7 2046 520
7 2047 2940
7 2048 520
7 2049 520
7 2050 2940
7 2051 520
7 2052 520
7 2053 2320
7 2054 520
7 2055 520
7 2056 2320
7 2057 520
7 2058 2920
7 2059 2320
7 2060 2936
7 2061 520
7 2062 2320
7 2063 520
7 2064 520
7 2065 2924
7 2066 520
7 2067 2320
7 2068 2923
7 2069 2320
7 2070 520
7 2071 2940
7 2072 520
7 2073 520
7 2074 2940
7 2075 520
7 2076 520
7 2077 2320
7 2078 520
7 2079 520
7 2080 2320
7 2081 520
7 2082 2920
7 2083 2320
7 2084 2936
7 2085 520
7 2086 2320
7 2087 520
7 2088 520
7 2089 2943
7 2090 520
7 2091 520
7 2092 2942
7 2093 520
7 2094 520
7 2095 2943
7 2096 520
7 2097 520
7 2098 2942
7 2099 520
7 2100 520
7 2101 520
7 2102 520
7 2103 520
7 2104 520
7 2105 520
7 2106 2944
7 2107 520
7 2108 2944
7 2109 520
7 2110 520
7 2111 520
7 2112 520
7 2113 2320
7 2114 520
7 2115 520
7 2116 2320
7 2117 520
7 2118 520
7 2119 2320
7 2120 520
7 2121 520
7 2122 2320
7 2123 520
7 2124 520
7 2125 520
7 2126 520
7 2127 520
7 2128 520
7 2129 520
7 2130 2320
7 2131 520
7 2132 2320
7 2133 520
7 2134 520
7 2135 520
7 2136 2904
7 2137 2320
7 2138 2920
7 2139 520
7 2140 2320
7 2141 520
7 2142 2904
7 2143 2320
7 2144 2920
7 2145 520
7 2146 2320
7 2147 520
7 2148 2923
7 2149 520
7 2150 2923
7 2151 520
7 2152 520
7 2153 520
7 2154 2320
7 2155 520
7 2156 2320
7 2157 520
7 2158 520
7 2159 520
7 2160 365
7 2161 957
7 2162 365
7 2163 1257
7 2164 957
7 2165 1256
7 2166 367
7 2167 983
7 2168 367
7 2169 560
7 2170 981
7 2171 562
7 2172 368
7 2173 1266
7 2174 367
7 2175 562
7 2176 1257
7 2177 561
7 2178 960
7 2179 1265
7 2180 981
7 2181 561
7 2182 1257
7 2183 561
7 2184 366
7 2185 958
7 2186 366
7 2187 1258
7 2188 958
7 2189 1257
7 2190 367
7 2191 984
7 2192 367
7 2193 366
7 2194 982
7 2195 366
7 2196 368
7 2197 1266
7 2198 367
7 2199 366
7 2200 1258
7 2201 366
7 2202 960
7 2203 1265
7 2204 982
7 2205 366
7 2206 1258
7 2207 366
7 2208 366
7 2209 983
7 2210 367
7 2211 563
7 2212 984
7 2213 564
7 2214 367
7 2215 983
7 2216 368
7 2217 367
7 2218 983
7 2219 367
7 2220 367
7 2221 563
7 2222 367
7 2223 367
7 2224 563
7 2225 366
7 2226 982
7 2227 566
7 2228 982
7 2229 368
7 2230 564
7 2231 366
7 2232 367
7 2233 1265
7 2234 368
7 2235 563
7 2236 1264
7 2237 562
7 2238 368
7 2239 1266
7 2240 368
7 2241 368
7 2242 1266
7 2243 368
7 2244 367
7 2245 564
7 2246 367
7 2247 367
7 2248 564
7 2249 366
7 2250 1257
7 2251 564
7 2252 1257
7 2253 367
7 2254 563
7 2255 366
7 2256 959
7 2257 1265
7 2258 983
7 2259 564
7 2260 1265
7 2261 564
7 2262 960
7 2263 1265
7 2264 984
7 2265 367
7 2266 1265
7 2267 367
7 2268 982
7 2269 565
7 2270 981
7 2271 368
7 2272 563
7 2273 366
7 2274 1257
7 2275 564
7 2276 1257
7 2277 367
7 2278 563
7 2279 366
7 2280 366
7 2281 958
7 2282 366
7 2283 1258
7 2284 958
7 2285 1257
7 2286 367
7 2287 983
7 2288 367
7 2289 561
7 2290 981
7 2291 562
7 2292 368
7 2293 1266
7 2294 367
7 2295 562
7 2296 1257
7 2297 561
7 2298 960
7 2299 1265
7 2300 981
7 2301 561
7 2302 1257
7 2303 561
7 2304 365
7 2305 957
7 2306 365
7 2307 1257
7 2308 957
7 2309 1257
7 2310 366
7 2311 983
7 2312 366
7 2313 365
7 2314 981
7 2315 365
7 2316 367
7 2317 1265
7 2318 366
7 2319 365
7 2320 1257
7 2321 365
7 2322 959
7 2323 1265
7 2324 981
7 2325 365
7 2326 1257
7 2327 365
7 2328 367
7 2329 984
7 2330 368
7 2331 564
7 2332 984
7 2333 564
7 2334 366
7 2335 983
7 2336 367
7 2337 366
7 2338 983
7 2339 366
7 2340 367
7 2341 562
7 2342 367
7 2343 367
7 2344 561
7 2345 366
7 2346 982
7 2347 565
7 2348 982
7 2349 368
7 2350 563
7 2351 366
7 2352 368
7 2353 1266
7 2354 368
7 2355 564
7 2356 1265
7 2357 564
7 2358 368
7 2359 1265
7 2360 367
7 2361 367
7 2362 1265
7 2363 367
7 2364 367
7 2365 562
7 2366 367
7 2367 367
7 2368 561
7 2369 366
7 2370 1257
7 2371 563
7 2372 1258
7 2373 367
7 2374 563
7 2375 366
7 2376 960
7 2377 1265
7 2378 983
7 2379 563
7 2380 1265
7 2381 563
7 2382 960
7 2383 1266
7 2384 983
7 2385 367
7 2386 1266
7 2387 367
7 2388 982
7 2389 565
7 2390 982
7 2391 368
7 2392 563
7 2393 366
7 2394 1257
7 2395 563
7 2396 1258
7 2397 367
7 2398 563
7 2399 366
7 2400 365
7 2401 957
7 2402 365
7 2403 1257
7 2404 957
7 2405 1257
7 2406 366
7 2407 983
7 2408 366
7 2409 365
7 2410 981
7 2411 365
7 2412 367
7 2413 1265
7 2414 366
7 2415 365
7 2416 1257
7 2417 365
7 2418 959
7 2419 1265
7 2420 981
7 2421 365
7 2422 1257
7 2423 365
7 2424 365
7 2425 957
7 2426 365
7 2427 1257
7 2428 957
7 2429 1256
7 2430 366
7 2431 983
7 2432 366
7 2433 365
7 2434 981
7 2435 365
7 2436 367
7 2437 1265
7 2438 366
7 2439 365
7 2440 1257
7 2441 365
7 2442 959
7 2443 1264
7 2444 981
7 2445 365
7 2446 1257
7 2447 365
7 2448 366
7 2449 983
7 2450 367
7 2451 366
7 2452 983
7 2453 366
7 2454 366
7 2455 983
7 2456 367
7 2457 366
7 2458 983
7 2459 366
7 2460 366
7 2461 366
7 2462 366
7 2463 366
7 2464 365
7 2465 365
7 2466 981
7 2467 367
7 2468 981
7 2469 367
7 2470 365
7 2471 365
7 2472 367
7 2473 1265
7 2474 367
7 2475 367
7 2476 1265
7 2477 367
7 2478 367
7 2479 1265
7 2480 367
7 2481 367
7 2482 1265
7 2483 367
7 2484 366
7 2485 366
7 2486 366
7 2487 366
7 2488 365
7 2489 365
7 2490 1257
7 2491 366
7 2492 1257
7 2493 366
7 2494 365
7 2495 365
7 2496 959
7 2497 1265
7 2498 983
7 2499 366
7 2500 1265
7 2501 366
7 2502 959
7 2503 1265
7 2504 983
7 2505 366
7 2506 1264
7 2507 366
7 2508 981
7 2509 367
7 2510 981
7 2511 367
7 2512 365
7 2513 365
7 2514 1257
7 2515 366
7 2516 1257
7 2517 366
7 2518 365
7 2519 365
7 2520 366
7 2521 983
7 2522 368
7 2523 563
7 2524 984
7 2525 563
7 2526 367
7 2527 984
7 2528 368
7 2529 367
7 2530 984
7 2531 367
7 2532 367
7 2533 556
7 2534 368
7 2535 368
7 2536 564
7 2537 367
7 2538 984
7 2539 566
7 2540 984
7 2541 368
7 2542 565
7 2543 367
7 2544 367
7 2545 984
7 2546 368
7 2547 563
7 2548 984
7 2549 563
7 2550 366
7 2551 983
7 2552 367
7 2553 366
7 2554 983
7 2555 366
7 2556 368
7 2557 563
7 2558 367
7 2559 367
7 2560 563
7 2561 367
7 2562 984
7 2563 565
7 2564 984
7 2565 368
7 2566 564
7 2567 367
7 2568 366
7 2569 983
7 2570 367
7 2571 366
7 2572 983
7 2573 366
7 2574 366
7 2575 982
7 2576 367
7 2577 366
7 2578 982
7 2579 366
7 2580 367
7 2581 367
7 2582 367
7 2583 367
7 2584 366
7 2585 366
7 2586 983
7 2587 367
7 2588 983
7 2589 367
7 2590 366
7 2591 366
7 2592 366
7 2593 562
7 2594 367
7 2595 367
7 2596 555
7 2597 367
7 2598 367
7 2599 562
7 2600 366
7 2601 366
7 2602 562
7 2603 366
7 2604 366
7 2605 366
7 2606 366
7 2607 366
7 2608 366
7 2609 366
7 2610 553
7 2611 366
7 2612 560
7 2613 365
7 2614 365
7 2615 365
7 2616 982
7 2617 565
7 2618 982
7 2619 368
7 2620 566
7 2621 368
7 2622 982
7 2623 565
7 2624 982
7 2625 368
7 2626 566
7 2627 368
7 2628 982
7 2629 368
7 2630 982
7 2631 368
7 2632 368
7 2633 368
7 2634 563
7 2635 366
7 2636 563
7 2637 366
7 2638 366
7 2639 366
7 2640 367
7 2641 1264
7 2642 368
7 2643 562
7 2644 1265
7 2645 564
7 2646 368
7 2647 1265
7 2648 368
7 2649 368
7 2650 1265
7 2651 368
7 2652 368
7 2653 563
7 2654 368
7 2655 368
7 2656 564
7 2657 368
7 2658 1264
7 2659 562
7 2660 1265
7 2661 368
7 2662 564
7 2663 368
7 2664 368
7 2665 1265
7 2666 368
7 2667 564
7 2668 1265
7 2669 563
7 2670 368
7 2671 1265
7 2672 367
7 2673 367
7 2674 1265
7 2675 368
7 2676 368
7 2677 563
7 2678 368
7 2679 368
7 2680 563
7 2681 368
7 2682 1265
7 2683 564
7 2684 1265
7 2685 367
7 2686 563
7 2687 368
7 2688 368
7 2689 1265
7 2690 368
7 2691 368
7 2692 1265
7 2693 368
7 2694 368
7 2695 1264
7 2696 368
7 2697 368
7 2698 1264
7 2699 368
7 2700 367
7 2701 367
7 2702 367
7 2703 367
7 2704 367
7 2705 367
7 2706 1265
7 2707 368
7 2708 1265
7 2709 368
7 2710 367
7 2711 367
7 2712 367
7 2713 564
7 2714 367
7 2715 367
7 2716 562
7 2717 367
7 2718 367
7 2719 564
7 2720 367
7 2721 367
7 2722 565
7 2723 367
7 2724 367
7 2725 367
7 2726 367
7 2727 367
7 2728 367
7 2729 367
7 2730 560
7 2731 366
7 2732 563
7 2733 366
7 2734 366
7 2735 366
7 2736 1256
7 2737 561
7 2738 1257
7 2739 367
7 2740 562
7 2741 367
7 2742 1257
7 2743 561
7 2744 1257
7 2745 366
7 2746 562
7 2747 367
7 2748 1257
7 2749 367
7 2750 1256
7 2751 367
7 2752 366
7 2753 366
7 2754 560
7 2755 366
7 2756 563
7 2757 366
7 2758 366
7 2759 366
7 2760 959
7 2761 1265
7 2762 983
7 2763 563
7 2764 1265
7 2765 563
7 2766 960
7 2767 1265
7 2768 984
7 2769 367
7 2770 1265
7 2771 367
7 2772 984
7 2773 565
7 2774 983
7 2775 368
7 2776 564
7 2777 367
7 2778 1265
7 2779 565
7 2780 1265
7 2781 368
7 2782 564
7 2783 367
7 2784 960
7 2785 1265
7 2786 983
7 2787 563
7 2788 1265
7 2789 563
7 2790 960
7 2791 1266
7 2792 983
7 2793 367
7 2794 1266
7 2795 367
7 2796 984
7 2797 565
7 2798 984
7 2799 368
7 2800 564
7 2801 367
7 2802 1265
7 2803 565
7 2804 1266
7 2805 368
7 2806 565
7 2807 367
7 2808 960
7 2809 1266
7 2810 984
7 2811 367
7 2812 1266
7 2813 367
7 2814 960
7 2815 1265
7 2816 984
7 2817 367
7 2818 1265
7 2819 367
7 2820 983
7 2821 368
7 2822 983
7 2823 368
7 2824 367
7 2825 367
7 2826 1266
7 2827 368
7 2828 1266
7 2829 368
7 2830 367
7 2831 367
7 2832 982
7 2833 565
7 2834 982
7 2835 368
7 2836 565
7 2837 368
7 2838 982
7 2839 565
7 2840 982
7 2841 368
7 2842 566
7 2843 368
7 2844 982
7 2845 368
7 2846 981
7 2847 368
7 2848 368
7 2849 368
7 2850 562
7 2851 366
7 2852 563
7 2853 366
7 2854 366
7 2855 366
7 2856 1257
7 2857 563
7 2858 1257
7 2859 367
7 2860 564
7 2861 367
7 2862 1257
7 2863 563
7 2864 1258
7 2865 367
7 2866 564
7 2867 367
7 2868 1258
7 2869 367
7 2870 1257
7 2871 367
7 2872 367
7 2873 367
7 2874 562
7 2875 366
7 2876 563
7 2877 366
7 2878 366
7 2879 366
7 2880 50
7 2881 50
7 2882 50
7 2883 548
7 2884 50
7 2885 548
7 2886 50
7 2887 50
7 2888 50
7 2889 247
7 2890 50
7 2891 247
7 2892 50
7 2893 548
7 2894 50
7 2895 247
7 2896 548
7 2897 246
7 2898 50
7 2899 548
7 2900 50
7 2901 247
7 2902 548
7 2903 246
7 2904 50
7 2905 50
7 2906 50
7 2907 548
7 2908 50
7 2909 548
7 2910 50
7 2911 50
7 2912 50
7 2913 50
7 2914 50
7 2915 50
7 2916 50
7 2917 548
7 2918 50
7 2919 50
7 2920 548
7 2921 50
7 2922 50
7 2923 548
7 2924 50
7 2925 50
7 2926 548
7 2927 50
7 2928 50
7 2929 50
7 2930 50
7 2931 248
7 2932 50
7 2933 248
7 2934 50
7 2935 50
7 2936 50
7 2937 50
7 2938 50
7 2939 50
7 2940 50
7 2941 248
7 2942 50
7 2943 50
7 2944 248
7 2945 50
7 2946 50
7 2947 248
7 2948 50
7 2949 50
7 2950 248
7 2951 50
7 2952 50
7 2953 548
7 2954 50
7 2955 248
7 2956 548
7 2957 247
7 2958 50
7 2959 548
7 2960 50
7 2961 50
7 2962 548
7 2963 50
7 2964 50
7 2965 248
7 2966 50
7 2967 50
7 2968 248
7 2969 50
7 2970 548
7 2971 247
7 2972 548
7 2973 50
7 2974 247
7 2975 50
7 2976 50
7 2977 548
7 2978 50
7 2979 248
7 2980 548
7 2981 247
7 2982 50
7 2983 548
7 2984 50
7 2985 50
7 2986 548
7 2987 50
7 2988 50
7 2989 248
7 2990 50
7 2991 50
7 2992 248
7 2993 50
7 2994 548
7 2995 247
7 2996 548
7 2997 50
7 2998 247
7 2999 50
7 3000 50
7 3001 50
7 3002 50
7 3003 548
7 3004 50
7 3005 548
7 3006 50
7 3007 50
7 3008 50
7 3009 247
7 3010 50
7 3011 247
7 3012 50
7 3013 548
7 3014 50
7 3015 247
7 3016 548
7 3017 246
7 3018 50
7 3019 548
7 3020 50
7 3021 247
7 3022 548
7 3023 246
7 3024 50
7 3025 50
7 3026 50
7 3027 548
7 3028 50
7 3029 548
7 3030 50
7 3031 50
7 3032 50
7 3033 50
7 3034 50
7 3035 50
7 3036 50
7 3037 548
7 3038 50
7 3039 50
7 3040 548
7 3041 50
7 3042 50
7 3043 548
7 3044 50
7 3045 50
7 3046 548
7 3047 50
7 3048 50
7 3049 50
7 3050 50
7 3051 248
7 3052 50
7 3053 248
7 3054 50
7 3055 50
7 3056 50
7 3057 50
7 3058 50
7 3059 50
7 3060 50
7 3061 248
7 3062 50
7 3063 50
7 3064 248
7 3065 50
7 3066 50
7 3067 248
7 3068 50
7 3069 50
7 3070 248
7 3071 50
7 3072 50
7 3073 548
7 3074 50
7 3075 248
7 3076 548
7 3077 247
7 3078 50
7 3079 548
7 3080 50
7 3081 50
7 3082 548
7 3083 50
7 3084 50
7 3085 248
7 3086 50
7 3087 50
7 3088 248
7 3089 50
7 3090 548
7 3091 247
7 3092 548
7 3093 50
7 3094 248
7 3095 50
7 3096 50
7 3097 548
7 3098 50
7 3099 248
7 3100 548
7 3101 247
7 3102 50
7 3103 548
7 3104 50
7 3105 50
7 3106 548
7 3107 50
7 3108 50
7 3109 248
7 3110 50
7 3111 50
7 3112 248
7 3113 50
7 3114 548
7 3115 247
7 3116 548
7 3117 50
7 3118 248
7 3119 50
7 3120 50
7 3121 50
7 3122 50
7 3123 548
7 3124 50
7 3125 548
7 3126 50
7 3127 50
7 3128 50
7 3129 50
7 3130 50
7 3131 50
7 3132 50
7 3133 548
7 3134 50
7 3135 50
7 3136 548
7 3137 50
7 3138 50
7 3139 548
7 3140 50
7 3141 50
7 3142 548
7 3143 50
7 3144 50
7 3145 50
7 3146 50
7 3147 548
7 3148 50
7 3149 548
7 3150 50
7 3151 50
7 3152 50
7 3153 50
7 3154 50
7 3155 50
7 3156 50
7 3157 548
7 3158 50
7 3159 50
7 3160 548
7 3161 50
7 3162 50
7 3163 548
7 3164 50
7 3165 50
7 3166 548
7 3167 50
7 3168 50
7 3169 50
7 3170 50
7 3171 50
7 3172 50
7 3173 50
7 3174 50
7 3175 50
7 3176 50
7 3177 50
7 3178 50
7 3179 50
7 3180 50
7 3181 50
7 3182 50
7 3183 50
7 3184 50
7 3185 50
7 3186 50
7 3187 50
7 3188 50
7 3189 50
7 3190 50
7 3191 50
7 3192 50
7 3193 548
7 3194 50
7 3195 50
7 3196 548
7 3197 50
7 3198 50
7 3199 548
7 3200 50
7 3201 50
7 3202 548
7 3203 50
7 3204 50
7 3205 50
7 3206 50
7 3207 50
7 3208 50
7 3209 50
7 3210 548
7 3211 50
7 3212 548
7 3213 50
7 3214 50
7 3215 50
7 3216 50
7 3217 548
7 3218 50
7 3219 50
7 3220 548
7 3221 50
7 3222 50
7 3223 548
7 3224 50
7 3225 50
7 3226 548
7 3227 50
7 3228 50
7 3229 50
7 3230 50
7 3231 50
7 3232 50
7 3233 50
7 3234 548
7 3235 50
7 3236 548
7 3237 50
7 3238 50
7 3239 50
7 3240 50
7 3241 50
7 3242 50
7 3243 247
7 3244 50
7 3245 247
7 3246 50
7 3247 50
7 3248 50
7 3249 50
7 3250 50
7 3251 50
7 3252 50
7 3253 248
7 3254 50
7 3255 50
7 3256 248
7 3257 50
7 3258 50
7 3259 248
7 3260 50
7 3261 50
7 3262 248
7 3263 50
7 3264 50
7 3265 50
7 3266 50
7 3267 247
7 3268 50
7 3269 247
7 3270 50
7 3271 50
7 3272 50
7 3273 50
7 3274 50
7 3275 50
7 3276 50
7 3277 248
7 3278 50
7 3279 50
7 3280 248
7 3281 50
7 3282 50
7 3283 248
7 3284 50
7 3285 50
7 3286 248
7 3287 50
7 3288 50
7 3289 50
7 3290 50
7 3291 50
7 3292 50
7 3293 50
7 3294 50
7 3295 50
7 3296 50
7 3297 50
7 3298 50
7 3299 50
7 3300 50
7 3301 50
7 3302 50
7 3303 50
7 3304 50
7 3305 50
7 3306 50
7 3307 50
7 3308 50
7 3309 50
7 3310 50
7 3311 50
7 3312 50
7 3313 247
7 3314 50
7 3315 50
7 3316 248
7 3317 50
7 3318 50
7 3319 247
7 3320 50
7 3321 50
7 3322 248
7 3323 50
7 3324 50
7 3325 50
7 3326 50
7 3327 50
7 3328 50
7 3329 50
7 3330 247
7 3331 50
7 3332 247
7 3333 50
7 3334 50
7 3335 50
7 3336 50
7 3337 247
7 3338 50
7 3339 50
7 3340 248
7 3341 50
7 3342 50
7 3343 247
7 3344 50
7 3345 50
7 3346 248
7 3347 50
7 3348 50
7 3349 50
7 3350 50
7 3351 50
7 3352 50
7 3353 50
7 3354 247
7 3355 50
7 3356 247
7 3357 50
7 3358 50
7 3359 50
7 3360 50
7 3361 548
7 3362 50
7 3363 247
7 3364 548
7 3365 246
7 3366 50
7 3367 548
7 3368 50
7 3369 50
7 3370 548
7 3371 50
7 3372 50
7 3373 248
7 3374 50
7 3375 50
7 3376 248
7 3377 50
7 3378 548
7 3379 247
7 3380 548
7 3381 50
7 3382 247
7 3383 50
7 3384 50
7 3385 548
7 3386 50
7 3387 247
7 3388 548
7 3389 246
7 3390 50
7 3391 548
7 3392 50
7 3393 50
7 3394 548
7 3395 50
7 3396 50
7 3397 248
7 3398 50
7 3399 50
7 3400 248
7 3401 50
7 3402 548
7 3403 247
7 3404 548
7 3405 50
7 3406 248
7 3407 50
7 3408 50
7 3409 548
7 3410 50
7 3411 50
7 3412 548
7 3413 50
7 3414 50
7 3415 548
7 3416 50
7 3417 50
7 3418 548
7 3419 50
7 3420 50
7 3421 50
7 3422 50
7 3423 50
7 3424 50
7 3425 50
7 3426 548
7 3427 50
7 3428 548
7 3429 50
7 3430 50
7 3431 50
7 3432 50
7 3433 247
7 3434 50
7 3435 50
7 3436 248
7 3437 50
7 3438 50
7 3439 247
7 3440 50
7 3441 50
7 3442 248
7 3443 50
7 3444 50
7 3445 50
7 3446 50
7 3447 50
7 3448 50
7 3449 50
7 3450 247
7 3451 50
7 3452 247
7 3453 50
7 3454 50
7 3455 50
7 3456 548
7 3457 246
7 3458 548
7 3459 50
7 3460 247
7 3461 50
7 3462 548
7 3463 246
7 3464 548
7 3465 50
7 3466 247
7 3467 50
7 3468 548
7 3469 50
7 3470 548
7 3471 50
7 3472 50
7 3473 50
7 3474 246
7 3475 50
7 3476 247
7 3477 50
7 3478 50
7 3479 50
7 3480 50
7 3481 548
7 3482 50
7 3483 247
7 3484 548
7 3485 246
7 3486 50
7 3487 548
7 3488 50
7 3489 50
7 3490 548
7 3491 50
7 3492 50
7 3493 248
7 3494 50
7 3495 50
7 3496 248
7 3497 50
7 3498 548
7 3499 247
7 3500 548
7 3501 50
7 3502 247
7 3503 50
7 3504 50
7 3505 548
7 3506 50
7 3507 247
7 3508 548
7 3509 246
7 3510 50
7 3511 548
7 3512 50
7 3513 50
7 3514 548
7 3515 50
7 3516 50
7 3517 248
7 3518 50
7 3519 50
7 3520 248
7 3521 50
7 3522 548
7 3523 247
7 3524 548
7 3525 50
7 3526 248
7 3527 50
7 3528 50
7 3529 548
7 3530 50
7 3531 50
7 3532 548
7 3533 50
7 3534 50
7 3535 548
7 3536 50
7 3537 50
7 3538 548
7 3539 50
7 3540 50
7 3541 50
7 3542 50
7 3543 50
7 3544 50
7 3545 50
7 3546 548
7 3547 50
7 3548 548
7 3549 50
7 3550 50
7 3551 50
7 3552 50
7 3553 247
7 3554 50
7 3555 50
7 3556 248
7 3557 50
7 3558 50
7 3559 247
7 3560 50
7 3561 50
7 3562 248
7 3563 50
7 3564 50
7 3565 50
7 3566 50
7 3567 50
7 3568 50
7 3569 50
7 3570 247
7 3571 50
7 3572 247
7 3573 50
7 3574 50
7 3575 50
7 3576 548
7 3577 246
7 3578 548
7 3579 50
7 3580 247
7 3581 50
7 3582 548
7 3583 246
7 3584 548
7 3585 50
7 3586 247
7 3587 50
7 3588 548
7 3589 50
7 3590 548
7 3591 50
7 3592 50
7 3593 50
7 3594 246
7 3595 50
7 3596 247
7 3597 50
7 3598 50
7 3599 50
7 3600 50
7 3601 248
7 3602 50
7 3603 548
7 3604 247
7 3605 548
7 3606 50
7 3607 248
7 3608 50
7 3609 247
7 3610 248
7 3611 247
7 3612 50
7 3613 548
7 3614 50
7 3615 247
7 3616 548
7 3617 246
7 3618 247
7 3619 548
7 3620 247
7 3621 246
7 3622 548
7 3623 246
7 3624 50
7 3625 248
7 3626 50
7 3627 548
7 3628 247
7 3629 548
7 3630 50
7 3631 248
7 3632 50
7 3633 50
7 3634 248
7 3635 50
7 3636 50
7 3637 548
7 3638 50
7 3639 50
7 3640 548
7 3641 50
7 3642 247
7 3643 548
7 3644 248
7 3645 50
7 3646 548
7 3647 50
7 3648 50
7 3649 248
7 3650 50
7 3651 248
7 3652 248
7 3653 248
7 3654 50
7 3655 248
7 3656 50
7 3657 50
7 3658 248
7 3659 50
7 3660 50
7 3661 248
7 3662 50
7 3663 50
7 3664 248
7 3665 50
7 3666 248
7 3667 248
7 3668 248
7 3669 50
7 3670 248
7 3671 50
7 3672 50
7 3673 548
7 3674 50
7 3675 248
7 3676 548
7 3677 247
7 3678 50
7 3679 548
7 3680 50
7 3681 50
7 3682 548
7 3683 50
7 3684 50
7 3685 248
7 3686 50
7 3687 50
7 3688 248
7 3689 50
7 3690 548
7 3691 247
7 3692 548
7 3693 50
7 3694 247
7 3695 50
7 3696 247
7 3697 548
7 3698 247
7 3699 247
7 3700 548
7 3701 247
7 3702 247
7 3703 548
7 3704 248
7 3705 50
7 3706 548
7 3707 50
7 3708 248
7 3709 247
7 3710 247
7 3711 50
7 3712 247
7 3713 50
7 3714 548
7 3715 247
7 3716 548
7 3717 50
7 3718 247
7 3719 50
7 3720 50
7 3721 248
7 3722 50
7 3723 548
7 3724 247
7 3725 548
7 3726 50
7 3727 248
7 3728 50
7 3729 247
7 3730 248
7 3731 247
7 3732 50
7 3733 548
7 3734 50
7 3735 247
7 3736 548
7 3737 246
7 3738 247
7 3739 548
7 3740 247
7 3741 246
7 3742 548
7 3743 246
7 3744 50
7 3745 248
7 3746 50
7 3747 548
7 3748 247
7 3749 548
7 3750 50
7 3751 248
7 3752 50
7 3753 50
7 3754 248
7 3755 50
7 3756 50
7 3757 548
7 3758 50
7 3759 50
7 3760 548
7 3761 50
7 3762 247
7 3763 548
7 3764 248
7 3765 50
7 3766 548
7 3767 50
7 3768 50
7 3769 248
7 3770 50
7 3771 248
7 3772 248
7 3773 248
7 3774 50
7 3775 248
7 3776 50
7 3777 50
7 3778 248
7 3779 50
7 3780 50
7 3781 248
7 3782 50
7 3783 50
7 3784 248
7 3785 50
7 3786 248
7 3787 248
7 3788 248
7 3789 50
7 3790 248
7 3791 50
7 3792 50
7 3793 548
7 3794 50
7 3795 248
7 3796 548
7 3797 247
7 3798 50
7 3799 548
7 3800 50
7 3801 50
7 3802 548
7 3803 50
7 3804 50
7 3805 248
7 3806 50
7 3807 50
7 3808 248
7 3809 50
7 3810 548
7 3811 247
7 3812 548
7 3813 50
7 3814 248
7 3815 50
7 3816 247
7 3817 548
7 3818 247
7 3819 247
7 3820 548
7 3821 247
7 3822 247
7 3823 548
7 3824 248
7 3825 50
7 3826 548
7 3827 50
7 3828 248
7 3829 248
7 3830 248
7 3831 50
7 3832 248
7 3833 50
7 3834 548
7 3835 247
7 3836 548
7 3837 50
7 3838 248
7 3839 50
7 3840 50
7 3841 248
7 3842 50
7 3843 548
7 3844 247
7 3845 548
7 3846 50
7 3847 248
7 3848 50
7 3849 50
7 3850 248
7 3851 50
7 3852 50
7 3853 548
7 3854 50
7 3855 50
7 3856 548
7 3857 50
7 3858 247
7 3859 548
7 3860 248
7 3861 50
7 3862 548
7 3863 50
7 3864 50
7 3865 248
7 3866 50
7 3867 548
7 3868 247
7 3869 548
7 3870 50
7 3871 248
7 3872 50
7 3873 50
7 3874 248
7 3875 50
7 3876 50
7 3877 548
7 3878 50
7 3879 50
7 3880 548
7 3881 50
7 3882 247
7 3883 548
7 3884 248
7 3885 50
7 3886 548
7 3887 50
7 3888 50
7 3889 248
7 3890 50
7 3891 50
7 3892 248
7 3893 50
7 3894 50
7 3895 248
7 3896 50
7 3897 50
7 3898 248
7 3899 50
7 3900 50
7 3901 50
7 3902 50
7 3903 50
7 3904 50
7 3905 50
7 3906 248
7 3907 50
7 3908 248
7 3909 50
7 3910 50
7 3911 50
7 3912 50
7 3913 548
7 3914 50
7 3915 50
7 3916 548
7 3917 50
7 3918 50
7 3919 548
7 3920 50
7 3921 50
7 3922 548
7 3923 50
7 3924 50
7 3925 50
7 3926 50
7 3927 50
7 3928 50
7 3929 50
7 3930 548
7 3931 50
7 3932 548
7 3933 50
7 3934 50
7 3935 50
7 3936 247
7 3937 548
7 3938 248
7 3939 50
7 3940 548
7 3941 50
7 3942 247
7 3943 548
7 3944 248
7 3945 50
7 3946 548
7 3947 50
7 3948 248
7 3949 50
7 3950 248
7 3951 50
7 3952 50
7 3953 50
7 3954 548
7 3955 50
7 3956 548
7 3957 50
7 3958 50
7 3959 50
7 3960 50
7 3961 248
7 3962 50
7 3963 247
7 3964 248
7 3965 247
7 3966 50
7 3967 248
7 3968 50
7 3969 50
7 3970 248
7 3971 50
7 3972 50
7 3973 248
7 3974 50
7 3975 50
7 3976 248
7 3977 50
7 3978 248
7 3979 248
7 3980 248
7 3981 50
7 3982 248
7 3983 50
7 3984 50
7 3985 248
7 3986 50
7 3987 247
7 3988 248
7 3989 247
7 3990 50
7 3991 248
7 3992 50
7 3993 50
7 3994 248
7 3995 50
7 3996 50
7 3997 248
7 3998 50
7 3999 50
7 4000 248
7 4001 50
7 4002 248
7 4003 248
7 4004 248
7 4005 50
7 4006 248
7 4007 50
7 4008 50
7 4009 248
7 4010 50
7 4011 50
7 4012 248
7 4013 50
7 4014 50
7 4015 247
7 4016 50
7 4017 50
7 4018 247
7 4019 50
7 4020 50
7 4021 50
7 4022 50
7 4023 50
7 4024 50
7 4025 50
7 4026 248
7 4027 50
7 4028 248
7 4029 50
7 4030 50
7 4031 50
7 4032 50
7 4033 247
7 4034 50
7 4035 50
7 4036 248
7 4037 50
7 4038 50
7 4039 247
7 4040 50
7 4041 50
7 4042 248
7 4043 50
7 4044 50
7 4045 50
7 4046 50
7 4047 50
7 4048 50
7 4049 50
7 4050 247
7 4051 50
7 4052 247
7 4053 50
7 4054 50
7 4055 50
7 4056 248
7 4057 247
7 4058 248
7 4059 50
7 4060 248
7 4061 50
7 4062 248
7 4063 247
7 4064 248
7 4065 50
7 4066 248
7 4067 50
7 4068 248
7 4069 50
7 4070 248
7 4071 50
7 4072 50
7 4073 50
7 4074 247
7 4075 50
7 4076 247
7 4077 50
7 4078 50
7 4079 50
7 4080 50
7 4081 548
7 4082 50
7 4083 247
7 4084 548
7 4085 246
7 4086 50
7 4087 548
7 4088 50
7 4089 50
7 4090 548
7 4091 50
7 4092 50
7 4093 248
7 4094 50
7 4095 50
7 4096 248
7 4097 50
7 4098 548
7 4099 247
7 4100 548
7 4101 50
7 4102 247
7 4103 50
7 4104 50
7 4105 548
7 4106 50
7 4107 247
7 4108 548
7 4109 246
7 4110 50
7 4111 548
7 4112 50
7 4113 50
7 4114 548
7 4115 50
7 4116 50
7 4117 248
7 4118 50
7 4119 50
7 4120 248
7 4121 50
7 4122 548
7 4123 247
7 4124 548
7 4125 50
7 4126 248
7 4127 50
7 4128 50
7 4129 548
7 4130 50
7 4131 50
7 4132 548
7 4133 50
7 4134 50
7 4135 548
7 4136 50
7 4137 50
7 4138 548
7 4139 50
7 4140 50
7 4141 50
7 4142 50
7 4143 50
7 4144 50
7 4145 50
7 4146 548
7 4147 50
7 4148 548
7 4149 50
7 4150 50
7 4151 50
7 4152 50
7 4153 247
7 4154 50
7 4155 50
7 4156 248
7 4157 50
7 4158 50
7 4159 247
7 4160 50
7 4161 50
7 4162 248
7 4163 50
7 4164 50
7 4165 50
7 4166 50
7 4167 50
7 4168 50
7 4169 50
7 4170 247
7 4171 50
7 4172 247
7 4173 50
7 4174 50
7 4175 50
7 4176 548
7 4177 246
7 4178 548
7 4179 50
7 4180 247
7 4181 50
7 4182 548
7 4183 246
7 4184 548
7 4185 50
7 4186 247
7 4187 50
7 4188 548
7 4189 50
7 4190 548
7 4191 50
7 4192 50
7 4193 50
7 4194 246
7 4195 50
7 4196 247
7 4197 50
7 4198 50
7 4199 50
7 4200 246
7 4201 548
7 4202 246
7 4203 246
7 4204 548
7 4205 246
7 4206 246
7 4207 548
7 4208 247
7 4209 50
7 4210 548
7 4211 50
7 4212 247
7 4213 247
7 4214 246
7 4215 50
7 4216 247
7 4217 50
7 4218 548
7 4219 247
7 4220 548
7 4221 50
7 4222 247
7 4223 50
7 4224 246
7 4225 548
7 4226 246
7 4227 246
7 4228 548
7 4229 246
7 4230 246
7 4231 548
7 4232 247
7 4233 50
7 4234 548
7 4235 50
7 4236 247
7 4237 247
7 4238 247
7 4239 50
7 4240 247
7 4241 50
7 4242 548
7 4243 247
7 4244 548
7 4245 50
7 4246 248
7 4247 50
7 4248 246
7 4249 548
7 4250 247
7 4251 50
7 4252 548
7 4253 50
7 4254 246
7 4255 548
7 4256 247
7 4257 50
7 4258 548
7 4259 50
7 4260 247
7 4261 50
7 4262 247
7 4263 50
7 4264 50
7 4265 50
7 4266 548
7 4267 50
7 4268 548
7 4269 50
7 4270 50
7 4271 50
7 4272 247
7 4273 247
7 4274 247
7 4275 50
7 4276 247
7 4277 50
7 4278 247
7 4279 247
7 4280 247
7 4281 50
7 4282 248
7 4283 50
7 4284 247
7 4285 50
7 4286 246
7 4287 50
7 4288 50
7 4289 50
7 4290 246
7 4291 50
7 4292 247
7 4293 50
7 4294 50
7 4295 50
7 4296 548
7 4297 246
7 4298 548
7 4299 50
7 4300 247
7 4301 50
7 4302 548
7 4303 246
7 4304 548
7 4305 50
7 4306 247
7 4307 50
7 4308 548
7 4309 50
7 4310 548
7 4311 50
7 4312 50
7 4313 50
7 4314 246
7 4315 50
7 4316 247
7 4317 50
7 4318 50
7 4319 50
7 4320 50
7 4321 247
7 4322 50
7 4323 548
7 4324 247
7 4325 548
7 4326 50
7 4327 247
7 4328 50
7 4329 246
7 4330 247
7 4331 247
7 4332 50
7 4333 548
7 4334 50
7 4335 247
7 4336 548
7 4337 246
7 4338 247
7 4339 548
7 4340 247
7 4341 246
7 4342 548
7 4343 246
7 4344 50
7 4345 247
7 4346 50
7 4347 548
7 4348 247
7 4349 548
7 4350 50
7 4351 248
7 4352 50
7 4353 50
7 4354 248
7 4355 50
7 4356 50
7 4357 548
7 4358 50
7 4359 50
7 4360 548
7 4361 50
7 4362 247
7 4363 548
7 4364 248
7 4365 50
7 4366 548
7 4367 50
7 4368 50
7 4369 248
7 4370 50
7 4371 248
7 4372 248
7 4373 248
7 4374 50
7 4375 247
7 4376 50
7 4377 50
7 4378 247
7 4379 50
7 4380 50
7 4381 247
7 4382 50
7 4383 50
7 4384 247
7 4385 50
7 4386 248
7 4387 248
7 4388 248
7 4389 50
7 4390 248
7 4391 50
7 4392 50
7 4393 548
7 4394 50
7 4395 248
7 4396 548
7 4397 247
7 4398 50
7 4399 548
7 4400 50
7 4401 50
7 4402 548
7 4403 50
7 4404 50
7 4405 248
7 4406 50
7 4407 50
7 4408 248
7 4409 50
7 4410 548
7 4411 247
7 4412 548
7 4413 50
7 4414 247
7 4415 50
7 4416 247
7 4417 548
7 4418 247
7 4419 247
7 4420 548
7 4421 247
7 4422 247
7 4423 548
7 4424 248
7 4425 50
7 4426 548
7 4427 50
7 4428 248
7 4429 247
7 4430 247
7 4431 50
7 4432 247
7 4433 50
7 4434 548
7 4435 247
7 4436 548
7 4437 50
7 4438 247
7 4439 50
7 4440 50
7 4441 247
7 4442 50
7 4443 548
7 4444 247
7 4445 548
7 4446 50
7 4447 247
7 4448 50
7 4449 246
7 4450 247
7 4451 247
7 4452 50
7 4453 548
7 4454 50
7 4455 247
7 4456 548
7 4457 246
7 4458 247
7 4459 548
7 4460 247
7 4461 246
7 4462 548
7 4463 246
7 4464 50
7 4465 247
7 4466 50
7 4467 548
7 4468 247
7 4469 548
7 4470 50
7 4471 248
7 4472 50
7 4473 50
7 4474 248
7 4475 50
7 4476 50
7 4477 548
7 4478 50
7 4479 50
7 4480 548
7 4481 50
7 4482 247
7 4483 548
7 4484 248
7 4485 50
7 4486 548
7 4487 50
7 4488 50
7 4489 248
7 4490 50
7 4491 248
7 4492 248
7 4493 248
7 4494 50
7 4495 248
7 4496 50
7 4497 50
7 4498 248
7 4499 50
7 4500 50
7 4501 247
7 4502 50
7 4503 50
7 4504 247
7 4505 50
7 4506 248
7 4507 248
7 4508 248
7 4509 50
7 4510 248
7 4511 50
7 4512 50
7 4513 548
7 4514 50
7 4515 248
7 4516 548
7 4517 247
7 4518 50
7 4519 548
7 4520 50
7 4521 50
7 4522 548
7 4523 50
7 4524 50
7 4525 248
7 4526 50
7 4527 50
7 4528 248
7 4529 50
7 4530 548
7 4531 247
7 4532 548
7 4533 50
7 4534 248
7 4535 50
7 4536 247
7 4537 548
7 4538 247
7 4539 247
7 4540 548
7 4541 247
7 4542 247
7 4543 548
7 4544 248
7 4545 50
7 4546 548
7 4547 50
7 4548 248
7 4549 248
7 4550 248
7 4551 50
7 4552 248
7 4553 50
7 4554 548
7 4555 247
7 4556 548
7 4557 50
7 4558 248
7 4559 50
7 4560 50
7 4561 247
7 4562 50
7 4563 548
7 4564 247
7 4565 548
7 4566 50
7 4567 248
7 4568 50
7 4569 50
7 4570 248
7 4571 50
7 4572 50
7 4573 548
7 4574 50
7 4575 50
7 4576 548
7 4577 50
7 4578 247
7 4579 548
7 4580 248
7 4581 50
7 4582 548
7 4583 50
7 4584 50
7 4585 247
7 4586 50
7 4587 548
7 4588 247
7 4589 548
7 4590 50
7 4591 248
7 4592 50
7 4593 50
7 4594 248
7 4595 50
7 4596 50
7 4597 548
7 4598 50
7 4599 50
7 4600 548
7 4601 50
7 4602 247
7 4603 548
7 4604 248
7 4605 50
7 4606 548
7 4607 50
7 4608 50
7 4609 248
7 4610 50
7 4611 50
7 4612 248
7 4613 50
7 4614 50
7 4615 248
7 4616 50
7 4617 50
7 4618 248
7 4619 50
7 4620 50
7 4621 50
7 4622 50
7 4623 50
7 4624 50
7 4625 50
7 4626 248
7 4627 50
7 4628 248
7 4629 50
7 4630 50
7 4631 50
7 4632 50
7 4633 548
7 4634 50
7 4635 50
7 4636 548
7 4637 50
7 4638 50
7 4639 548
7 4640 50
7 4641 50
7 4642 548
7 4643 50
7 4644 50
7 4645 50
7 4646 50
7 4647 50
7 4648 50
7 4649 50
7 4650 548
7 4651 50
7 4652 548
7 4653 50
7 4654 50
7 4655 50
7 4656 247
7 4657 548
7 4658 248
7 4659 50
7 4660 548
7 4661 50
7 4662 247
7 4663 548
7 4664 248
7 4665 50
7 4666 548
7 4667 50
7 4668 248
7 4669 50
7 4670 248
7 4671 50
7 4672 50
7 4673 50
7 4674 548
7 4675 50
7 4676 548
7 4677 50
7 4678 50
7 4679 50
7 4680 50
7 4681 248
7 4682 50
7 4683 247
7 4684 248
7 4685 247
7 4686 50
7 4687 248
7 4688 50
7 4689 50
7 4690 248
7 4691 50
7 4692 50
7 4693 247
7 4694 50
7 4695 50
7 4696 248
7 4697 50
7 4698 248
7 4699 248
7 4700 248
7 4701 50
7 4702 248
7 4703 50
7 4704 50
7 4705 248
7 4706 50
7 4707 247
7 4708 248
7 4709 247
7 4710 50
7 4711 248
7 4712 50
7 4713 50
7 4714 248
7 4715 50
7 4716 50
7 4717 248
7 4718 50
7 4719 50
7 4720 248
7 4721 50
7 4722 248
7 4723 248
7 4724 248
7 4725 50
7 4726 248
7 4727 50
7 4728 50
7 4729 248
7 4730 50
7 4731 50
7 4732 248
7 4733 50
7 4734 50
7 4735 247
7 4736 50
7 4737 50
7 4738 247
7 4739 50
7 4740 50
7 4741 50
7 4742 50
7 4743 50
7 4744 50
7 4745 50
7 4746 248
7 4747 50
7 4748 248
7 4749 50
7 4750 50
7 4751 50
7 4752 50
7 4753 247
7 4754 50
7 4755 50
7 4756 247
7 4757 50
7 4758 50
7 4759 247
7 4760 50
7 4761 50
7 4762 248
7 4763 50
7 4764 50
7 4765 50
7 4766 50
7 4767 50
7 4768 50
7 4769 50
7 4770 246
7 4771 50
7 4772 247
7 4773 50
7 4774 50
7 4775 50
7 4776 248
7 4777 247
7 4778 248
7 4779 50
7 4780 248
7 4781 50
7 4782 248
7 4783 247
7 4784 248
7 4785 50
7 4786 248
7 4787 50
7 4788 248
7 4789 50
7 4790 248
7 4791 50
7 4792 50
7 4793 50
7 4794 247
7 4795 50
7 4796 247
7 4797 50
7 4798 50
7 4799 50
7 4800 50
7 4801 548
7 4802 50
7 4803 247
7 4804 548
7 4805 246
7 4806 50
7 4807 548
7 4808 50
7 4809 50
7 4810 548
7 4811 50
7 4812 50
7 4813 248
7 4814 50
7 4815 50
7 4816 248
7 4817 50
7 4818 548
7 4819 247
7 4820 548
7 4821 50
7 4822 247
7 4823 50
7 4824 50
7 4825 548
7 4826 50
7 4827 247
7 4828 548
7 4829 246
7 4830 50
7 4831 548
7 4832 50
7 4833 50
7 4834 548
7 4835 50
7 4836 50
7 4837 248
7 4838 50
7 4839 50
7 4840 248
7 4841 50
7 4842 548
7 4843 247
7 4844 548
7 4845 50
7 4846 248
7 4847 50
7 4848 50
7 4849 548
7 4850 50
7 4851 50
7 4852 548
7 4853 50
7 4854 50
7 4855 548
7 4856 50
7 4857 50
7 4858 548
7 4859 50
7 4860 50
7 4861 50
7 4862 50
7 4863 50
7 4864 50
7 4865 50
7 4866 548
7 4867 50
7 4868 548
7 4869 50
7 4870 50
7 4871 50
7 4872 50
7 4873 247
7 4874 50
7 4875 50
7 4876 248
7 4877 50
7 4878 50
7 4879 247
7 4880 50
7 4881 50
7 4882 248
7 4883 50
7 4884 50
7 4885 50
7 4886 50
7 4887 50
7 4888 50
7 4889 50
7 4890 247
7 4891 50
7 4892 247
7 4893 50
7 4894 50
7 4895 50
7 4896 548
7 4897 246
7 4898 548
7 4899 50
7 4900 247
7 4901 50
7 4902 548
7 4903 246
7 4904 548
7 4905 50
7 4906 247
7 4907 50
7 4908 548
7 4909 50
7 4910 548
7 4911 50
7 4912 50
7 4913 50
7 4914 246
7 4915 50
7 4916 247
7 4917 50
7 4918 50
7 4919 50
7 4920 246
7 4921 548
7 4922 246
7 4923 246
7 4924 548
7 4925 246
7 4926 246
7 4927 548
7 4928 247
7 4929 50
7 4930 548
7 4931 50
7 4932 247
7 4933 247
7 4934 246
7 4935 50
7 4936 247
7 4937 50
7 4938 548
7 4939 247
7 4940 548
7 4941 50
7 4942 247
7 4943 50
7 4944 246
7 4945 548
7 4946 246
7 4947 246
7 4948 548
7 4949 246
7 4950 246
7 4951 548
7 4952 247
7 4953 50
7 4954 548
7 4955 50
7 4956 247
7 4957 247
7 4958 247
7 4959 50
7 4960 247
7 4961 50
7 4962 548
7 4963 247
7 4964 548
7 4965 50
7 4966 248
7 4967 50
7 4968 246
7 4969 548
7 4970 247
7 4971 50
7 4972 548
7 4973 50
7 4974 246
7 4975 548
7 4976 247
7 4977 50
7 4978 548
7 4979 50
7 4980 247
7 4981 50
7 4982 247
7 4983 50
7 4984 50
7 4985 50
7 4986 548
7 4987 50
7 4988 548
7 4989 50
7 4990 50
7 4991 50
7 4992 247
7 4993 247
7 4994 247
7 4995 50
7 4996 247
7 4997 50
7 4998 247
7 4999 247
7 5000 247
7 5001 50
7 5002 248
7 5003 50
7 5004 247
7 5005 50
7 5006 246
7 5007 50
7 5008 50
7 5009 50
7 5010 246
7 5011 50
7 5012 247
7 5013 50
7 5014 50
7 5015 50
7 5016 548
7 5017 246
7 5018 548
7 5019 50
7 5020 247
7 5021 50
7 5022 548
7 5023 246
7 5024 548
7 5025 50
7 5026 247
7 5027 50
7 5028 548
7 5029 50
7 5030 548
7 5031 50
7 5032 50
7 5033 50
7 5034 246
7 5035 50
7 5036 247
7 5037 50
7 5038 50
7 5039 50
