1 1.000000e+00 0.000000
2 1.000000e+00 0.000000
3 1.000000e+00 0.000000
4 9.584250e-01 -0.042464
5 8.581201e-01 -0.153011
6 7.108466e-01 -0.341299
7 5.435073e-01 -0.609712
8 3.847800e-01 -0.955083
9 2.524610e-01 -1.376498
10 1.540987e-01 -1.870162
11 8.776648e-02 -2.433076
12 4.682166e-02 -3.061409
13 2.345175e-02 -3.752810
14 1.107485e-02 -4.503078
15 4.947063e-03 -5.308961
16 2.091352e-03 -6.169944
17 8.421359e-04 -7.079569
18 3.227345e-04 -8.038680
19 1.182187e-04 -9.042974
20 4.133729e-05 -10.093746
21 1.380492e-05 -11.190485
22 4.426398e-06 -12.327924
23 1.364120e-06 -13.505001
24 4.051628e-07 -14.718977
