1 1.000000e+00 0.000000
2 1.000000e+00 0.000000
3 1.000000e+00 0.000000
4 1.000000e+00 0.000000
5 1.000000e+00 0.000000
6 1.000000e+00 0.000000
7 1.000000e+00 0.000000
8 9.988750e-01 -0.001126
9 9.952125e-01 -0.004799
10 9.891417e-01 -0.010918
11 9.770921e-01 -0.023174
12 9.581202e-01 -0.042782
13 9.265760e-01 -0.076259
14 8.842844e-01 -0.122977
15 8.313452e-01 -0.184710
16 7.661366e-01 -0.266395
17 6.887568e-01 -0.372867
18 6.072539e-01 -0.498808
19 5.251148e-01 -0.644138
20 4.452711e-01 -0.809072
21 3.668186e-01 -1.002888
22 2.970063e-01 -1.214002
23 2.315875e-01 -1.462798
24 1.770100e-01 -1.731549
25 1.317875e-01 -2.026564
26 9.601733e-02 -2.343227
27 6.745395e-02 -2.696310
28 4.682268e-02 -3.061388
29 3.170057e-02 -3.451421
30 2.112632e-02 -3.857236
31 1.389430e-02 -4.276277
32 8.941417e-03 -4.717061
33 5.560748e-03 -5.192023
34 3.379954e-03 -5.689893
35 2.034636e-03 -6.197439
36 1.200209e-03 -6.725260
37 6.984243e-04 -7.266684
38 3.999214e-04 -7.824242
39 2.277706e-04 -8.387171
40 1.268455e-04 -8.972541
41 6.880284e-05 -9.584266
42 3.629186e-05 -10.223917
43 1.866077e-05 -10.889087
44 9.438107e-06 -11.570755
45 4.685705e-06 -12.270994
46 2.275012e-06 -12.993525
47 1.087601e-06 -13.731536
48 5.082722e-07 -14.492249
49 2.329961e-07 -15.272244
50 1.055379e-07 -16.064196
51 4.699334e-08 -16.873260
52 2.038517e-08 -17.708458
53 8.635235e-09 -18.567415
54 3.644229e-09 -19.430121
55 1.501489e-09 -20.316809
56 5.928199e-10 -21.246130
57 2.317718e-10 -22.185268
58 8.848487e-11 -23.148190
59 3.346678e-11 -24.120468
60 1.241171e-11 -25.112381
61 4.591113e-12 -26.106899
62 1.649765e-12 -27.130389
63 5.876566e-13 -28.162634
64 2.046055e-13 -29.217693
65 7.017339e-14 -30.287807
66 2.353254e-14 -31.380392
67 7.833175e-15 -32.480409
68 2.556725e-15 -33.600049
69 8.170404e-16 -34.740843
70 2.555936e-16 -35.902943
71 7.794525e-17 -37.090525
72 2.361633e-17 -38.284593
73 7.068723e-18 -39.490852
74 2.095208e-18 -40.706879
75 6.172761e-19 -41.928971
76 1.789451e-19 -43.167208
77 5.153851e-20 -44.411958
78 1.439312e-20 -45.687537
