1 1.000000e+00 0.000000
2 1.000000e+00 0.000000
3 1.000000e+00 0.000000
4 1.000000e+00 0.000000
5 1.000000e+00 0.000000
6 1.000000e+00 0.000000
7 9.998571e-01 -0.000143
8 9.989823e-01 -0.001018
9 9.973173e-01 -0.002686
10 9.888401e-01 -0.011223
11 9.740075e-01 -0.026336
12 9.491703e-01 -0.052167
13 9.149272e-01 -0.088911
14 8.726445e-01 -0.136227
15 8.185405e-01 -0.200232
16 7.564337e-01 -0.279140
17 6.855959e-01 -0.377467
18 6.061811e-01 -0.500577
19 5.261652e-01 -0.642140
20 4.453199e-01 -0.808962
21 3.669224e-01 -1.002605
22 2.945053e-01 -1.222458
23 2.291891e-01 -1.473208
24 1.752819e-01 -1.741360
25 1.312721e-01 -2.030483
26 9.608616e-02 -2.342510
27 6.794715e-02 -2.689025
28 4.689809e-02 -3.059778
29 3.176780e-02 -3.449302
30 2.096039e-02 -3.865121
31 1.336394e-02 -4.315195
32 8.356639e-03 -4.784699
33 5.117049e-03 -5.275177
34 3.058189e-03 -5.789932
35 1.805555e-03 -6.316887
36 1.044463e-03 -6.864252
37 5.968402e-04 -7.423861
38 3.353300e-04 -8.000396
39 1.862285e-04 -8.588536
40 1.022394e-04 -9.188193
41 5.494747e-05 -9.809133
42 2.879247e-05 -10.455397
43 1.483951e-05 -11.118218
44 7.354662e-06 -11.820176
45 3.598228e-06 -12.535069
46 1.717997e-06 -13.274351
47 7.981742e-07 -14.040939
48 3.675093e-07 -14.816517
49 1.663317e-07 -15.609282
50 7.383798e-08 -16.421393
51 3.196750e-08 -17.258546
52 1.345647e-08 -18.123806
53 5.640294e-09 -18.993330
54 2.298837e-09 -19.890862
55 9.161912e-10 -20.810796
56 3.606521e-10 -21.743107
57 1.413124e-10 -22.680048
58 5.443206e-11 -23.634068
59 2.088807e-11 -24.591843
60 7.796821e-12 -25.577305
61 2.864373e-12 -26.578672
62 1.029742e-12 -27.601713
63 3.671603e-13 -28.632978
64 1.288847e-13 -29.679858
65 4.504026e-14 -30.731220
66 1.562965e-14 -31.789607
67 5.334144e-15 -32.864648
68 1.778623e-15 -33.962937
69 5.794445e-16 -35.084462
70 1.837750e-16 -36.232820
71 5.759662e-17 -37.393068
72 1.760777e-17 -38.578192
73 5.303074e-18 -39.778245
74 1.568348e-18 -40.996509
75 4.522071e-19 -42.240147
76 1.287481e-19 -43.496429
77 3.633038e-20 -44.761633
78 1.003883e-20 -46.047827
