1 1.000000e+00 0.000000
2 1.000000e+00 0.000000
3 1.000000e+00 0.000000
4 1.000000e+00 0.000000
5 1.000000e+00 0.000000
6 1.000000e+00 0.000000
7 9.998571e-01 -0.000143
8 9.989823e-01 -0.001018
9 9.956523e-01 -0.004357
10 9.875875e-01 -0.012490
11 9.727737e-01 -0.027604
12 9.545342e-01 -0.046532
13 9.272933e-01 -0.075485
14 8.909964e-01 -0.115415
15 8.439518e-01 -0.169660
16 7.844532e-01 -0.242768
17 7.178669e-01 -0.331471
18 6.442856e-01 -0.439613
19 5.692094e-01 -0.563507
20 4.921953e-01 -0.708880
21 4.127175e-01 -0.884992
22 3.403606e-01 -1.077750
23 2.742863e-01 -1.293583
24 2.185147e-01 -1.520902
25 1.705988e-01 -1.768441
26 1.303769e-01 -2.037326
27 9.758950e-02 -2.326985
28 7.116714e-02 -2.642724
29 5.051885e-02 -2.985409
30 3.517796e-02 -3.347335
31 2.377122e-02 -3.739280
32 1.586358e-02 -4.143730
33 1.040170e-02 -4.565786
34 6.684316e-03 -5.007991
35 4.235755e-03 -5.464194
36 2.675821e-03 -5.923499
37 1.655827e-03 -6.403455
38 1.009619e-03 -6.898183
39 6.083082e-04 -7.404829
40 3.631904e-04 -7.920583
41 2.129536e-04 -8.454436
42 1.241722e-04 -8.993841
43 7.154630e-05 -9.545166
44 4.067245e-05 -10.109960
45 2.296276e-05 -10.681637
46 1.287163e-05 -11.260485
47 7.150599e-06 -11.848314
48 3.944598e-06 -12.443164
49 2.106415e-06 -13.070523
50 1.106921e-06 -13.713928
51 5.742751e-07 -14.370157
52 2.900862e-07 -15.053088
53 1.457601e-07 -15.741304
54 7.182195e-08 -16.449076
55 3.497468e-08 -17.168642
56 1.671290e-08 -17.907085
57 7.938920e-09 -18.651489
58 3.684343e-09 -19.419174
59 1.677188e-09 -20.206147
60 7.599060e-10 -20.997826
61 3.338977e-10 -21.820186
62 1.463387e-10 -22.645097
63 6.325318e-11 -23.483876
64 2.712968e-11 -24.330393
65 1.129263e-11 -25.206871
66 4.659748e-12 -26.092060
67 1.915922e-12 -26.980822
68 7.736942e-13 -27.887600
69 3.080873e-13 -28.808393
70 1.216461e-13 -29.737661
71 4.742483e-14 -30.679630
72 1.800695e-14 -31.648019
73 6.734844e-15 -32.631482
74 2.507091e-15 -33.619653
75 9.285932e-16 -34.612861
76 3.345135e-16 -35.633855
77 1.170406e-16 -36.684011
78 4.038652e-17 -37.748036
