3 0 24
3 1 24
3 2 24
3 3 21
3 4 20
3 5 15
4 0 4
4 1 16
4 2 4
4 3 12
4 4 16
4 5 12
4 6 13
4 7 16
4 8 14
4 9 8
4 10 16
4 11 8
4 12 1
4 13 6
4 14 1
4 15 1
4 16 6
4 17 1
4 18 6
4 19 6
4 20 6
4 21 1
4 22 6
4 23 1
5 0 0
5 1 0
5 2 0
5 3 4
5 4 0
5 5 4
5 6 0
5 7 0
5 8 0
5 9 0
5 10 0
5 11 0
5 12 0
5 13 4
5 14 0
5 15 0
5 16 4
5 17 0
5 18 0
5 19 4
5 20 0
5 21 0
5 22 4
5 23 0
5 24 1
5 25 6
5 26 1
5 27 4
5 28 6
5 29 4
5 30 1
5 31 6
5 32 1
5 33 1
5 34 6
5 35 1
5 36 1
5 37 4
5 38 1
5 39 1
5 40 4
5 41 1
5 42 6
5 43 4
5 44 6
5 45 1
5 46 4
5 47 1
5 48 0
5 49 0
5 50 0
5 51 0
5 52 0
5 53 0
5 54 0
5 55 0
5 56 0
5 57 0
5 58 0
5 59 0
5 60 0
5 61 0
5 62 0
5 63 0
5 64 0
5 65 0
5 66 0
5 67 0
5 68 0
5 69 0
5 70 0
5 71 0
5 72 0
5 73 1
5 74 0
5 75 0
5 76 1
5 77 0
5 78 0
5 79 1
5 80 0
5 81 0
5 82 1
5 83 0
5 84 0
5 85 0
5 86 0
5 87 0
5 88 0
5 89 0
5 90 1
5 91 0
5 92 1
5 93 0
5 94 0
5 95 0
5 96 0
5 97 1
5 98 0
5 99 0
5 100 1
5 101 0
5 102 0
5 103 1
5 104 0
5 105 0
5 106 1
5 107 0
5 108 0
5 109 0
5 110 0
5 111 0
5 112 0
5 113 0
5 114 1
5 115 0
5 116 1
5 117 0
5 118 0
5 119 0
6 0 0
6 1 0
6 2 0
6 3 0
6 4 0
6 5 0
6 6 0
6 7 0
6 8 0
6 9 0
6 10 0
6 11 0
6 12 0
6 13 0
6 14 0
6 15 0
6 16 0
6 17 0
6 18 0
6 19 0
6 20 0
6 21 0
6 22 0
6 23 0
6 24 0
6 25 0
6 26 0
6 27 0
6 28 0
6 29 0
6 30 0
6 31 0
6 32 0
6 33 0
6 34 0
6 35 0
6 36 0
6 37 0
6 38 0
6 39 0
6 40 0
6 41 0
6 42 0
6 43 0
6 44 0
6 45 0
6 46 0
6 47 0
6 48 0
6 49 0
6 50 0
6 51 0
6 52 0
6 53 0
6 54 0
6 55 0
6 56 0
6 57 0
6 58 0
6 59 0
6 60 0
6 61 0
6 62 0
6 63 0
6 64 0
6 65 0
6 66 0
6 67 0
6 68 0
6 69 0
6 70 0
6 71 0
6 72 0
6 73 0
6 74 0
6 75 0
6 76 0
6 77 0
6 78 0
6 79 0
6 80 0
6 81 0
6 82 0
6 83 0
6 84 0
6 85 0
6 86 0
6 87 0
6 88 0
6 89 0
6 90 0
6 91 0
6 92 0
6 93 0
6 94 0
6 95 0
6 96 0
6 97 0
6 98 0
6 99 0
6 100 0
6 101 0
6 102 0
6 103 0
6 104 0
6 105 0
6 106 0
6 107 0
6 108 0
6 109 0
6 110 0
6 111 0
6 112 0
6 113 0
6 114 0
6 115 0
6 116 0
6 117 0
6 118 0
6 119 0
6 120 0
6 121 0
6 122 0
6 123 1
6 124 0
6 125 1
6 126 0
6 127 0
6 128 0
6 129 0
6 130 0
6 131 0
6 132 0
6 133 1
6 134 0
6 135 0
6 136 1
6 137 0
6 138 0
6 139 1
6 140 0
6 141 0
6 142 1
6 143 0
6 144 0
6 145 0
6 146 0
6 147 1
6 148 0
6 149 1
6 150 0
6 151 0
6 152 0
6 153 0
6 154 0
6 155 0
6 156 0
6 157 1
6 158 0
6 159 0
6 160 1
6 161 0
6 162 0
6 163 1
6 164 0
6 165 0
6 166 1
6 167 0
6 168 0
6 169 0
6 170 0
6 171 0
6 172 0
6 173 0
6 174 0
6 175 0
6 176 0
6 177 0
6 178 0
6 179 0
6 180 0
6 181 0
6 182 0
6 183 0
6 184 0
6 185 0
6 186 0
6 187 0
6 188 0
6 189 0
6 190 0
6 191 0
6 192 0
6 193 1
6 194 0
6 195 0
6 196 1
6 197 0
6 198 0
6 199 1
6 200 0
6 201 0
6 202 1
6 203 0
6 204 0
6 205 0
6 206 0
6 207 0
6 208 0
6 209 0
6 210 1
6 211 0
6 212 1
6 213 0
6 214 0
6 215 0
6 216 0
6 217 1
6 218 0
6 219 0
6 220 1
6 221 0
6 222 0
6 223 1
6 224 0
6 225 0
6 226 1
6 227 0
6 228 0
6 229 0
6 230 0
6 231 0
6 232 0
6 233 0
6 234 1
6 235 0
6 236 1
6 237 0
6 238 0
6 239 0
6 240 0
6 241 0
6 242 0
6 243 0
6 244 0
6 245 0
6 246 0
6 247 0
6 248 0
6 249 0
6 250 0
6 251 0
6 252 0
6 253 0
6 254 0
6 255 0
6 256 0
6 257 0
6 258 0
6 259 0
6 260 0
6 261 0
6 262 0
6 263 0
6 264 0
6 265 0
6 266 0
6 267 0
6 268 0
6 269 0
6 270 0
6 271 0
6 272 0
6 273 0
6 274 0
6 275 0
6 276 0
6 277 0
6 278 0
6 279 0
6 280 0
6 281 0
6 282 0
6 283 0
6 284 0
6 285 0
6 286 0
6 287 0
6 288 0
6 289 0
6 290 0
6 291 0
6 292 0
6 293 0
6 294 0
6 295 0
6 296 0
6 297 0
6 298 0
6 299 0
6 300 0
6 301 0
6 302 0
6 303 0
6 304 0
6 305 0
6 306 0
6 307 0
6 308 0
6 309 0
6 310 0
6 311 0
6 312 0
6 313 0
6 314 0
6 315 0
6 316 0
6 317 0
6 318 0
6 319 0
6 320 0
6 321 0
6 322 0
6 323 0
6 324 0
6 325 0
6 326 0
6 327 0
6 328 0
6 329 0
6 330 0
6 331 0
6 332 0
6 333 0
6 334 0
6 335 0
6 336 0
6 337 0
6 338 0
6 339 0
6 340 0
6 341 0
6 342 0
6 343 0
6 344 0
6 345 0
6 346 0
6 347 0
6 348 0
6 349 0
6 350 0
6 351 0
6 352 0
6 353 0
6 354 0
6 355 0
6 356 0
6 357 0
6 358 0
6 359 0
6 360 0
6 361 0
6 362 0
6 363 0
6 364 0
6 365 0
6 366 0
6 367 0
6 368 0
6 369 0
6 370 0
6 371 0
6 372 0
6 373 0
6 374 0
6 375 0
6 376 0
6 377 0
6 378 0
6 379 0
6 380 0
6 381 0
6 382 0
6 383 0
6 384 0
6 385 0
6 386 0
6 387 0
6 388 0
6 389 0
6 390 0
6 391 0
6 392 0
6 393 0
6 394 0
6 395 0
6 396 0
6 397 0
6 398 0
6 399 0
6 400 0
6 401 0
6 402 0
6 403 0
6 404 0
6 405 0
6 406 0
6 407 0
6 408 0
6 409 0
6 410 0
6 411 0
6 412 0
6 413 0
6 414 0
6 415 0
6 416 0
6 417 0
6 418 0
6 419 0
6 420 0
6 421 0
6 422 0
6 423 0
6 424 0
6 425 0
6 426 0
6 427 0
6 428 0
6 429 0
6 430 0
6 431 0
6 432 0
6 433 0
6 434 0
6 435 0
6 436 0
6 437 0
6 438 0
6 439 0
6 440 0
6 441 0
6 442 0
6 443 0
6 444 0
6 445 0
6 446 0
6 447 0
6 448 0
6 449 0
6 450 0
6 451 0
6 452 0
6 453 0
6 454 0
6 455 0
6 456 0
6 457 0
6 458 0
6 459 0
6 460 0
6 461 0
6 462 0
6 463 0
6 464 0
6 465 0
6 466 0
6 467 0
6 468 0
6 469 0
6 470 0
6 471 0
6 472 0
6 473 0
6 474 0
6 475 0
6 476 0
6 477 0
6 478 0
6 479 0
6 480 0
6 481 0
6 482 0
6 483 0
6 484 0
6 485 0
6 486 0
6 487 0
6 488 0
6 489 0
6 490 0
6 491 0
6 492 0
6 493 0
6 494 0
6 495 0
6 496 0
6 497 0
6 498 0
6 499 0
6 500 0
6 501 0
6 502 0
6 503 0
6 504 0
6 505 0
6 506 0
6 507 0
6 508 0
6 509 0
6 510 0
6 511 0
6 512 0
6 513 0
6 514 0
6 515 0
6 516 0
6 517 0
6 518 0
6 519 0
6 520 0
6 521 0
6 522 0
6 523 0
6 524 0
6 525 0
6 526 0
6 527 0
6 528 0
6 529 0
6 530 0
6 531 0
6 532 0
6 533 0
6 534 0
6 535 0
6 536 0
6 537 0
6 538 0
6 539 0
6 540 0
6 541 0
6 542 0
6 543 0
6 544 0
6 545 0
6 546 0
6 547 0
6 548 0
6 549 0
6 550 0
6 551 0
6 552 0
6 553 0
6 554 0
6 555 0
6 556 0
6 557 0
6 558 0
6 559 0
6 560 0
6 561 0
6 562 0
6 563 0
6 564 0
6 565 0
6 566 0
6 567 0
6 568 0
6 569 0
6 570 0
6 571 0
6 572 0
6 573 0
6 574 0
6 575 0
6 576 0
6 577 0
6 578 0
6 579 0
6 580 0
6 581 0
6 582 0
6 583 0
6 584 0
6 585 0
6 586 0
6 587 0
6 588 0
6 589 0
6 590 0
6 591 0
6 592 0
6 593 0
6 594 0
6 595 0
6 596 0
6 597 0
6 598 0
6 599 0
6 600 0
6 601 0
6 602 0
6 603 0
6 604 0
6 605 0
6 606 0
6 607 0
6 608 0
6 609 0
6 610 0
6 611 0
6 612 0
6 613 0
6 614 0
6 615 0
6 616 0
6 617 0
6 618 0
6 619 0
6 620 0
6 621 0
6 622 0
6 623 0
6 624 0
6 625 0
6 626 0
6 627 0
6 628 0
6 629 0
6 630 0
6 631 0
6 632 0
6 633 0
6 634 0
6 635 0
6 636 0
6 637 0
6 638 0
6 639 0
6 640 0
6 641 0
6 642 0
6 643 0
6 644 0
6 645 0
6 646 0
6 647 0
6 648 0
6 649 0
6 650 0
6 651 0
6 652 0
6 653 0
6 654 0
6 655 0
6 656 0
6 657 0
6 658 0
6 659 0
6 660 0
6 661 0
6 662 0
6 663 0
6 664 0
6 665 0
6 666 0
6 667 0
6 668 0
6 669 0
6 670 0
6 671 0
6 672 0
6 673 0
6 674 0
6 675 0
6 676 0
6 677 0
6 678 0
6 679 0
6 680 0
6 681 0
6 682 0
6 683 0
6 684 0
6 685 0
6 686 0
6 687 0
6 688 0
6 689 0
6 690 0
6 691 0
6 692 0
6 693 0
6 694 0
6 695 0
6 696 0
6 697 0
6 698 0
6 699 0
6 700 0
6 701 0
6 702 0
6 703 0
6 704 0
6 705 0
6 706 0
6 707 0
6 708 0
6 709 0
6 710 0
6 711 0
6 712 0
6 713 0
6 714 0
6 715 0
6 716 0
6 717 0
6 718 0
6 719 0
