1 1.000000e+00 0.000000
2 1.000000e+00 0.000000
3 1.000000e+00 0.000000
4 1.000000e+00 0.000000
5 1.000000e+00 0.000000
6 1.000000e+00 0.000000
7 1.000000e+00 0.000000
8 9.999375e-01 -0.000063
9 9.996597e-01 -0.000340
10 9.992599e-01 -0.000740
11 9.978972e-01 -0.002105
12 9.946957e-01 -0.005318
13 9.895309e-01 -0.010524
14 9.795649e-01 -0.020647
15 9.661775e-01 -0.034408
16 9.468238e-01 -0.054642
17 9.193102e-01 -0.084132
18 8.839423e-01 -0.123364
19 8.426529e-01 -0.171200
20 7.948113e-01 -0.229651
21 7.427700e-01 -0.297369
22 6.854586e-01 -0.377667
23 6.245869e-01 -0.470665
24 5.626227e-01 -0.575146
25 5.004416e-01 -0.692264
26 4.388392e-01 -0.823622
27 3.803029e-01 -0.966787
28 3.253152e-01 -1.122961
29 2.753569e-01 -1.289687
30 2.289868e-01 -1.474091
31 1.872004e-01 -1.675576
32 1.510766e-01 -1.889969
33 1.199571e-01 -2.120621
34 9.427567e-02 -2.361532
35 7.315388e-02 -2.615190
36 5.611309e-02 -2.880386
37 4.242226e-02 -3.160082
38 3.158281e-02 -3.455142
39 2.332553e-02 -3.758207
40 1.700897e-02 -4.074014
41 1.223090e-02 -4.403789
42 8.705491e-03 -4.743801
43 6.130994e-03 -5.094398
44 4.269541e-03 -5.456249
45 2.937444e-03 -5.830215
46 1.992896e-03 -6.218166
47 1.325891e-03 -6.625671
48 8.680855e-04 -7.049220
49 5.612793e-04 -7.485292
50 3.571476e-04 -7.937361
51 2.249610e-04 -8.399584
52 1.402415e-04 -8.872144
53 8.641658e-05 -9.356331
54 5.272371e-05 -9.850445
55 3.160930e-05 -10.362059
56 1.862494e-05 -10.891009
57 1.082288e-05 -11.433848
58 6.193676e-06 -11.991982
59 3.518690e-06 -12.557422
60 1.973809e-06 -13.135545
61 1.091581e-06 -13.727883
62 5.951671e-07 -14.334424
63 3.209273e-07 -14.952051
64 1.700413e-07 -15.587224
65 8.848558e-08 -16.240426
66 4.553187e-08 -16.904853
67 2.299529e-08 -17.587976
68 1.146383e-08 -18.284069
69 5.643444e-09 -18.992771
70 2.758072e-09 -19.708734
71 1.341685e-09 -20.429339
72 6.529536e-10 -21.149515
73 3.158327e-10 -21.875808
74 1.520521e-10 -22.606798
75 7.258360e-11 -23.346282
76 3.460089e-11 -24.087142
77 1.644643e-11 -24.830913
78 7.721600e-12 -25.587000
79 3.604716e-12 -26.348778
80 1.663847e-12 -27.121889
81 7.646404e-13 -27.899371
82 3.494034e-13 -28.682549
83 1.584923e-13 -29.473070
84 7.127531e-14 -30.272226
85 3.171290e-14 -31.082053
86 1.400309e-14 -31.899498
87 6.082009e-15 -32.733441
88 2.584716e-15 -33.589161
89 1.091345e-15 -34.451365
90 4.561520e-16 -35.323706
91 1.897693e-16 -36.200723
92 7.709170e-17 -37.101536
93 3.092579e-17 -38.014941
94 1.226224e-17 -38.940007
95 4.754523e-18 -39.887435
96 1.816351e-18 -40.849702
