1 1.000000e+00 0.000000
2 1.000000e+00 0.000000
3 1.000000e+00 0.000000
4 1.000000e+00 0.000000
5 1.000000e+00 0.000000
6 1.000000e+00 0.000000
7 9.999048e-01 -0.000095
8 9.994881e-01 -0.000512
9 9.973041e-01 -0.002700
10 9.914200e-01 -0.008617
11 9.783212e-01 -0.021917
12 9.579939e-01 -0.042914
13 9.279767e-01 -0.074749
14 8.853561e-01 -0.121765
15 8.304050e-01 -0.185842
16 7.618793e-01 -0.271967
17 6.895007e-01 -0.371788
18 6.131960e-01 -0.489071
19 5.311246e-01 -0.632759
20 4.532882e-01 -0.791227
21 3.787835e-01 -0.970791
22 3.086512e-01 -1.175544
23 2.462052e-01 -1.401590
24 1.916947e-01 -1.651851
25 1.464522e-01 -1.921056
26 1.088872e-01 -2.217443
27 7.956966e-02 -2.531122
28 5.705334e-02 -2.863769
29 3.979110e-02 -3.224112
30 2.717422e-02 -3.605486
31 1.811907e-02 -4.010790
32 1.178985e-02 -4.440516
33 7.594333e-03 -4.880353
34 4.811084e-03 -5.336833
35 3.014351e-03 -5.804371
36 1.858375e-03 -6.288053
37 1.118825e-03 -6.795476
38 6.636009e-04 -7.317830
39 3.879116e-04 -7.854733
40 2.226580e-04 -8.409873
41 1.252189e-04 -8.985447
42 6.927387e-05 -9.577443
43 3.762806e-05 -10.187760
44 1.995200e-05 -10.822181
45 1.030631e-05 -11.482754
46 5.217012e-06 -12.163586
47 2.591153e-06 -12.863408
48 1.262197e-06 -13.582656
49 6.037768e-07 -14.320061
50 2.838395e-07 -15.074857
51 1.298278e-07 -15.857057
52 5.843417e-08 -16.655365
53 2.584444e-08 -17.471170
54 1.130487e-08 -18.298032
55 4.874111e-09 -19.139328
56 2.079157e-09 -19.991304
57 8.732822e-10 -20.858762
58 3.619454e-10 -21.739528
59 1.488986e-10 -22.627756
60 6.006073e-11 -23.535665
61 2.382409e-11 -24.460324
62 9.380928e-12 -25.392342
63 3.662483e-12 -26.332880
64 1.406928e-12 -27.289613
65 5.363424e-13 -28.254004
66 2.007627e-13 -29.236653
67 7.325342e-14 -30.244851
68 2.635112e-14 -31.267265
69 9.404423e-15 -32.297596
70 3.312014e-15 -33.341220
71 1.154322e-15 -34.395263
72 3.947889e-16 -35.468180
73 1.336946e-16 -36.550973
74 4.420897e-17 -37.657604
