1 1.000000e+00 0.000000
2 1.000000e+00 0.000000
3 1.000000e+00 0.000000
4 1.000000e+00 0.000000
5 1.000000e+00 0.000000
6 1.000000e+00 0.000000
7 9.998571e-01 -0.000143
8 9.988989e-01 -0.001102
9 9.957173e-01 -0.004292
10 9.889464e-01 -0.011115
11 9.766595e-01 -0.023617
12 9.556884e-01 -0.045323
13 9.255720e-01 -0.077343
14 8.847587e-01 -0.122440
15 8.335017e-01 -0.182120
16 7.732464e-01 -0.257157
17 7.047611e-01 -0.349896
18 6.308786e-01 -0.460642
19 5.559479e-01 -0.587081
20 4.801722e-01 -0.733610
21 4.068583e-01 -0.899290
22 3.390363e-01 -1.081648
23 2.774840e-01 -1.281992
24 2.236290e-01 -1.497767
25 1.774034e-01 -1.729329
26 1.383815e-01 -1.977741
27 1.058157e-01 -2.246057
28 7.984801e-02 -2.527630
29 5.911139e-02 -2.828332
30 4.305411e-02 -3.145298
31 3.080869e-02 -3.479959
32 2.172398e-02 -3.829339
33 1.511901e-02 -4.191802
34 1.040188e-02 -4.565769
35 7.058418e-03 -4.953534
36 4.711298e-03 -5.357792
37 3.096341e-03 -5.777534
38 2.004637e-03 -6.212293
39 1.277056e-03 -6.663198
40 8.057480e-04 -7.123740
41 5.035532e-04 -7.593821
42 3.114077e-04 -8.074408
43 1.897994e-04 -8.569543
44 1.144260e-04 -9.075582
45 6.769612e-05 -9.600482
46 3.957182e-05 -10.137393
47 2.283799e-05 -10.687085
48 1.299212e-05 -11.251167
49 7.317746e-06 -11.825208
50 4.067788e-06 -12.412411
51 2.234359e-06 -13.011556
52 1.204234e-06 -13.629667
53 6.417656e-07 -14.259043
54 3.362693e-07 -14.905353
55 1.742609e-07 -15.562712
56 8.965826e-08 -16.227260
57 4.559149e-08 -16.903545
58 2.293173e-08 -17.590744
59 1.137077e-08 -18.292220
60 5.579069e-09 -19.004244
61 2.710848e-09 -19.726004
62 1.305696e-09 -20.456530
63 6.211314e-10 -21.199479
64 2.922650e-10 -21.953360
65 1.366196e-10 -22.713820
66 6.298165e-11 -23.488178
67 2.859492e-11 -24.277792
68 1.284739e-11 -25.077880
69 5.741790e-12 -25.883250
70 2.554550e-12 -26.693145
71 1.120044e-12 -27.517653
72 4.877948e-13 -28.348882
73 2.110080e-13 -29.186880
74 9.070968e-14 -30.031112
