1 1.000000e+00 0.000000
2 1.000000e+00 0.000000
3 1.000000e+00 0.000000
4 1.000000e+00 0.000000
5 9.916000e-01 -0.008435
6 9.639178e-01 -0.036749
7 9.114532e-01 -0.092715
8 8.314162e-01 -0.184625
9 7.249487e-01 -0.321654
10 6.034473e-01 -0.505097
11 4.835807e-01 -0.726537
12 3.689520e-01 -0.997089
13 2.685544e-01 -1.314702
14 1.893884e-01 -1.663955
15 1.294722e-01 -2.044289
16 8.528175e-02 -2.461795
17 5.355945e-02 -2.926963
18 3.256861e-02 -3.424406
19 1.906549e-02 -3.959875
20 1.074436e-02 -4.533375
21 5.876908e-03 -5.136725
22 3.092188e-03 -5.778876
23 1.570966e-03 -6.456064
24 7.717699e-04 -7.166824
25 3.667759e-04 -7.910759
26 1.698031e-04 -8.680871
27 7.649946e-05 -9.478227
28 3.395210e-05 -10.290560
29 1.466497e-05 -11.130049
30 6.175906e-06 -11.994855
31 2.506521e-06 -12.896615
32 9.927782e-07 -13.822759
33 3.852581e-07 -14.769352
34 1.461998e-07 -15.738292
35 5.432367e-08 -16.728306
36 1.955275e-08 -17.750150
37 6.797222e-09 -18.806752
38 2.270898e-09 -19.903090
39 7.388571e-10 -21.025917
40 2.373394e-10 -22.161530
