1 1.000000e+00 0.000000
2 1.000000e+00 0.000000
3 1.000000e+00 0.000000
4 1.000000e+00 0.000000
5 9.923000e-01 -0.007730
6 9.643502e-01 -0.036301
7 9.099333e-01 -0.094384
8 8.270156e-01 -0.189932
9 7.212036e-01 -0.326834
10 6.019886e-01 -0.507517
11 4.803322e-01 -0.733277
12 3.658530e-01 -1.005524
13 2.677622e-01 -1.317656
14 1.891262e-01 -1.665341
15 1.279313e-01 -2.056262
16 8.285947e-02 -2.490609
17 5.192121e-02 -2.958028
18 3.137627e-02 -3.461703
19 1.826925e-02 -4.002536
20 1.032304e-02 -4.573377
21 5.530937e-03 -5.197398
22 2.839382e-03 -5.864169
23 1.387594e-03 -6.580184
24 6.550309e-04 -7.330828
25 2.955237e-04 -8.126761
26 1.279277e-04 -8.964045
27 5.378648e-05 -9.830488
28 2.198715e-05 -10.725053
29 8.673929e-06 -11.655189
30 3.334403e-06 -12.611217
31 1.252176e-06 -13.590628
32 4.729898e-07 -14.564192
33 1.735658e-07 -15.566709
34 6.245050e-08 -16.588892
35 2.204146e-08 -17.630341
36 7.592976e-09 -18.696042
37 2.608700e-09 -19.764414
38 8.665690e-10 -20.866479
39 2.843680e-10 -21.980752
40 9.224186e-11 -23.106607
