1 1.000000e+00 0.000000
2 1.000000e+00 0.000000
3 1.000000e+00 0.000000
4 1.000000e+00 0.000000
5 9.925000e-01 -0.007528
6 9.628904e-01 -0.037816
7 9.083496e-01 -0.096126
8 8.200693e-01 -0.198366
9 7.078110e-01 -0.345578
10 5.822807e-01 -0.540803
11 4.580961e-01 -0.780676
12 3.450991e-01 -1.063924
13 2.490022e-01 -1.390293
14 1.711713e-01 -1.765091
15 1.142169e-01 -2.169656
16 7.360564e-02 -2.609034
17 4.564848e-02 -3.086785
18 2.728004e-02 -3.601600
19 1.565013e-02 -4.157276
20 8.644349e-03 -4.750850
21 4.572449e-03 -5.387706
22 2.333300e-03 -6.060472
23 1.166244e-03 -6.753967
24 5.597729e-04 -7.487979
25 2.611676e-04 -8.250348
26 1.195495e-04 -9.031780
27 5.309768e-05 -9.843377
28 2.305577e-05 -10.677594
29 9.691375e-06 -11.544274
30 3.992846e-06 -12.431006
31 1.598427e-06 -13.346491
32 6.233114e-07 -14.288220
33 2.368111e-07 -15.256003
34 8.887730e-08 -16.236009
35 3.329344e-08 -17.217906
36 1.222378e-08 -18.219883
37 4.388997e-09 -19.244165
38 1.526851e-09 -20.300058
39 5.190511e-10 -21.379019
40 1.736550e-10 -22.473950
