1 1.000000e+00 0.000000
2 1.000000e+00 0.000000
3 1.000000e+00 0.000000
4 1.000000e+00 0.000000
5 9.914000e-01 -0.008637
6 9.627320e-01 -0.037980
7 9.018048e-01 -0.103357
8 8.196279e-01 -0.198905
9 7.068835e-01 -0.346889
10 5.813056e-01 -0.542479
11 4.587030e-01 -0.779352
12 3.458047e-01 -1.061881
13 2.497774e-01 -1.387185
14 1.718915e-01 -1.760892
15 1.143479e-01 -2.168509
16 7.312908e-02 -2.615529
17 4.496148e-02 -3.101949
18 2.659346e-02 -3.627090
19 1.498402e-02 -4.200771
20 8.198505e-03 -4.803803
21 4.341108e-03 -5.439626
22 2.200843e-03 -6.118915
23 1.085542e-03 -6.825676
24 5.152254e-04 -7.570906
25 2.383845e-04 -8.341626
26 1.062874e-04 -9.149364
27 4.629406e-05 -9.980497
28 1.974524e-05 -10.832598
29 8.092827e-06 -11.724532
30 3.241717e-06 -12.639408
31 1.289471e-06 -13.561278
32 4.951167e-07 -14.518472
33 1.883244e-07 -15.485100
34 6.958586e-08 -16.480705
35 2.559368e-08 -17.480920
36 9.203771e-09 -18.503653
37 3.204032e-09 -19.558856
38 1.089877e-09 -20.637201
39 3.612941e-10 -21.741329
40 1.143857e-10 -22.891445
