1 1.000000e+00 0.000000
2 1.000000e+00 0.000000
3 1.000000e+00 0.000000
4 1.000000e+00 0.000000
5 9.933000e-01 -0.006723
6 9.654048e-01 -0.035208
7 9.127213e-01 -0.091325
8 8.326871e-01 -0.183097
9 7.219859e-01 -0.325750
10 5.984902e-01 -0.513345
11 4.701957e-01 -0.754606
12 3.554875e-01 -1.034265
13 2.588770e-01 -1.351402
14 1.802893e-01 -1.713192
15 1.210282e-01 -2.111732
16 7.768499e-02 -2.555093
17 4.830864e-02 -3.030145
18 2.878792e-02 -3.547799
19 1.660533e-02 -4.098032
20 9.263282e-03 -4.681697
21 4.954312e-03 -5.307497
22 2.562393e-03 -5.966814
23 1.269554e-03 -6.669089
24 6.032763e-04 -7.413135
25 2.762281e-04 -8.194283
26 1.220822e-04 -9.010816
27 5.148026e-05 -9.874312
28 2.124848e-05 -10.759225
29 8.488401e-06 -11.676810
30 3.289538e-06 -12.624763
31 1.239785e-06 -13.600573
32 4.514753e-07 -14.610745
33 1.580984e-07 -15.660048
34 5.344192e-08 -16.744670
35 1.762056e-08 -17.854199
36 5.612150e-09 -18.998332
37 1.734306e-09 -20.172659
38 5.231443e-10 -21.371164
39 1.562122e-10 -22.579806
40 4.574675e-11 -23.807900
