1 1.000000e+00 0.000000
2 1.000000e+00 0.000000
3 1.000000e+00 0.000000
4 1.000000e+00 0.000000
5 1.000000e+00 0.000000
6 9.987500e-01 -0.001251
7 9.924721e-01 -0.007556
8 9.785775e-01 -0.021655
9 9.507968e-01 -0.050455
10 9.064897e-01 -0.098176
11 8.463317e-01 -0.166844
12 7.708671e-01 -0.260239
13 6.850341e-01 -0.378287
14 5.909642e-01 -0.526000
15 4.939870e-01 -0.705246
16 4.005462e-01 -0.914926
17 3.180455e-01 -1.145561
18 2.448155e-01 -1.407250
19 1.827612e-01 -1.699575
20 1.324425e-01 -2.021607
21 9.348548e-02 -2.369949
22 6.520825e-02 -2.730169
23 4.445076e-02 -3.113373
24 2.945696e-02 -3.524825
25 1.912169e-02 -3.956932
26 1.215331e-02 -4.410154
27 7.480361e-03 -4.895474
28 4.464440e-03 -5.411612
29 2.612929e-03 -5.947284
30 1.495597e-03 -6.505230
31 8.426482e-04 -7.078961
32 4.698817e-04 -7.663030
33 2.597164e-04 -8.255920
34 1.399070e-04 -8.874533
35 7.348713e-05 -9.518400
36 3.794589e-05 -10.179349
37 1.924472e-05 -10.858274
38 9.613245e-06 -11.552369
39 4.626436e-06 -12.283724
40 2.162338e-06 -13.044320
41 9.822026e-07 -13.833468
42 4.323328e-07 -14.654070
43 1.872856e-07 -15.490631
44 7.986240e-08 -16.342961
45 3.335231e-08 -17.216139
46 1.376472e-08 -18.101157
47 5.569000e-09 -19.006050
48 2.198247e-09 -19.935606
49 8.624529e-10 -20.871241
50 3.349336e-10 -21.817089
51 1.283978e-10 -22.775888
52 4.881585e-11 -23.742966
53 1.831884e-11 -24.723091
54 6.772542e-12 -25.718145
