1 1.000000e+00 0.000000
2 1.000000e+00 0.000000
3 1.000000e+00 0.000000
4 1.000000e+00 0.000000
5 1.000000e+00 0.000000
6 9.991667e-01 -0.000834
7 9.940995e-01 -0.005918
8 9.809276e-01 -0.019257
9 9.528077e-01 -0.048342
10 9.091691e-01 -0.095224
11 8.473456e-01 -0.165647
12 7.754272e-01 -0.254341
13 6.901898e-01 -0.370789
14 6.005637e-01 -0.509886
15 5.080369e-01 -0.677201
16 4.158123e-01 -0.877521
17 3.316470e-01 -1.103684
18 2.571462e-01 -1.358110
19 1.929273e-01 -1.645442
20 1.412276e-01 -1.957382
21 1.007894e-01 -2.294722
22 7.053429e-02 -2.651656
23 4.829452e-02 -3.030437
24 3.203033e-02 -3.441072
25 2.073708e-02 -3.875832
26 1.323544e-02 -4.324857
27 8.279748e-03 -4.793943
28 5.049020e-03 -5.288561
29 3.023841e-03 -5.801227
30 1.764764e-03 -6.339738
31 1.006912e-03 -6.900867
32 5.599530e-04 -7.487658
33 3.056580e-04 -8.093044
34 1.616122e-04 -8.730311
35 8.466169e-05 -9.376847
36 4.346790e-05 -10.043488
37 2.176567e-05 -10.735177
38 1.062165e-05 -11.452617
39 5.070883e-06 -12.191996
40 2.382301e-06 -12.947444
41 1.095510e-06 -13.724291
42 4.940618e-07 -14.520605
43 2.177721e-07 -15.339817
44 9.441411e-08 -16.175575
45 3.993612e-08 -17.035985
46 1.674278e-08 -17.905298
47 6.930088e-09 -18.787393
48 2.834261e-09 -19.681484
49 1.145302e-09 -20.587598
50 4.560134e-10 -21.508499
51 1.775725e-10 -22.451642
52 6.781904e-11 -23.414178
53 2.541679e-11 -24.395611
54 9.411506e-12 -25.389088
