1 1.000000e+00 0.000000
2 1.000000e+00 0.000000
3 1.000000e+00 0.000000
4 1.000000e+00 0.000000
5 1.000000e+00 0.000000
6 9.984167e-01 -0.001585
7 9.933533e-01 -0.006669
8 9.795705e-01 -0.020641
9 9.488773e-01 -0.052476
10 9.006269e-01 -0.104664
11 8.378696e-01 -0.176893
12 7.600873e-01 -0.274322
13 6.727358e-01 -0.396403
14 5.809794e-01 -0.543040
15 4.872868e-01 -0.718902
16 3.969255e-01 -0.924007
17 3.128824e-01 -1.161928
18 2.394333e-01 -1.429481
19 1.788881e-01 -1.720995
20 1.296179e-01 -2.043165
21 9.142072e-02 -2.392283
22 6.252346e-02 -2.772213
23 4.188664e-02 -3.172788
24 2.755007e-02 -3.591750
25 1.762433e-02 -4.038475
26 1.092336e-02 -4.516852
27 6.678216e-03 -5.008904
28 3.992500e-03 -5.523338
29 2.329899e-03 -6.061930
30 1.334217e-03 -6.619411
31 7.495285e-04 -7.196066
32 4.103903e-04 -7.798402
33 2.187069e-04 -8.427778
34 1.148211e-04 -9.072135
35 5.915257e-05 -9.735391
36 3.009223e-05 -10.411244
37 1.495502e-05 -11.110463
38 7.294313e-06 -11.828416
39 3.474524e-06 -12.570053
40 1.618129e-06 -13.334240
41 7.413795e-07 -14.114753
42 3.326941e-07 -14.916043
43 1.476311e-07 -15.728550
44 6.470434e-08 -16.553438
45 2.799110e-08 -17.391379
46 1.184693e-08 -18.251197
47 4.960712e-09 -19.121717
48 2.009760e-09 -20.025250
49 8.074109e-10 -20.937188
50 3.179584e-10 -21.869101
51 1.235798e-10 -22.814134
52 4.714808e-11 -23.777728
53 1.749372e-11 -24.769179
54 6.396060e-12 -25.775339
