1 1.000000e+00 0.000000
2 1.000000e+00 0.000000
3 1.000000e+00 0.000000
4 1.000000e+00 0.000000
5 1.000000e+00 0.000000
6 9.984167e-01 -0.001585
7 9.934246e-01 -0.006597
8 9.795166e-01 -0.020696
9 9.496414e-01 -0.051671
10 9.036787e-01 -0.101281
11 8.416535e-01 -0.172387
12 7.666762e-01 -0.265691
13 6.782726e-01 -0.388206
14 5.856157e-01 -0.535092
15 4.908240e-01 -0.711670
16 3.975981e-01 -0.922314
17 3.131553e-01 -1.161056
18 2.413645e-01 -1.421447
19 1.809471e-01 -1.709550
20 1.316300e-01 -2.027760
21 9.285868e-02 -2.376676
22 6.347946e-02 -2.757039
23 4.170601e-02 -3.177110
24 2.678916e-02 -3.619758
25 1.679841e-02 -4.086471
26 1.035913e-02 -4.569887
27 6.252117e-03 -5.074835
28 3.678812e-03 -5.605165
29 2.105232e-03 -6.163330
30 1.186544e-03 -6.736710
31 6.479678e-04 -7.341670
32 3.489712e-04 -7.960521
33 1.833262e-04 -8.604244
34 9.385492e-05 -9.273760
35 4.678265e-05 -9.969998
36 2.242644e-05 -10.705270
37 1.046739e-05 -11.467246
38 4.791033e-06 -12.248764
39 2.142390e-06 -13.053588
40 9.369477e-07 -13.880638
41 4.001224e-07 -14.731495
42 1.650743e-07 -15.616870
43 6.590495e-08 -16.535052
44 2.600325e-08 -17.465044
45 9.900303e-09 -18.430700
46 3.687755e-09 -19.418248
47 1.363292e-09 -20.413363
48 4.977864e-10 -21.420850
49 1.786698e-10 -22.445482
50 6.331163e-11 -23.482952
51 2.201382e-11 -24.539350
52 7.560902e-12 -25.608031
53 2.547810e-12 -26.695787
54 8.460381e-13 -27.798212
