1 1.000000e+00 0.000000
2 1.000000e+00 0.000000
3 1.000000e+00 0.000000
4 1.000000e+00 0.000000
5 1.000000e+00 0.000000
6 9.984167e-01 -0.001585
7 9.932106e-01 -0.006813
8 9.804851e-01 -0.019708
9 9.528137e-01 -0.048336
10 9.068880e-01 -0.097736
11 8.419631e-01 -0.172019
12 7.642218e-01 -0.268897
13 6.738379e-01 -0.394766
14 5.771181e-01 -0.549708
15 4.793351e-01 -0.735355
16 3.886658e-01 -0.945035
17 3.071260e-01 -1.180497
18 2.361543e-01 -1.443270
19 1.757112e-01 -1.738913
20 1.275137e-01 -2.059532
21 8.937796e-02 -2.414881
22 6.067951e-02 -2.802149
23 4.018435e-02 -3.214278
24 2.598002e-02 -3.650428
25 1.631597e-02 -4.115611
26 9.930464e-03 -4.612148
27 5.891708e-03 -5.134209
28 3.422661e-03 -5.677337
29 1.940413e-03 -6.244854
30 1.072499e-03 -6.837764
31 5.778173e-04 -7.456253
32 3.007719e-04 -8.109158
33 1.530428e-04 -8.784793
34 7.565940e-05 -9.489269
35 3.647648e-05 -10.218843
36 1.712469e-05 -10.974989
37 7.853755e-06 -11.754519
38 3.501845e-06 -12.562221
39 1.535065e-06 -13.386938
40 6.535731e-07 -14.240811
41 2.692562e-07 -15.127603
42 1.084365e-07 -16.037101
43 4.269499e-08 -16.969184
44 1.647978e-08 -17.921132
45 6.206285e-09 -18.897703
46 2.285869e-09 -19.896519
47 8.221348e-10 -20.919117
48 2.945041e-10 -21.945728
49 1.037075e-10 -22.989447
50 3.597199e-11 -24.048281
51 1.246147e-11 -25.108379
52 4.266257e-12 -26.180284
53 1.444812e-12 -27.263042
54 4.827813e-13 -28.359213
