1 1.000000e+00 0.000000
2 1.000000e+00 0.000000
3 1.000000e+00 0.000000
4 1.000000e+00 0.000000
5 1.000000e+00 0.000000
6 9.988333e-01 -0.001167
7 9.927690e-01 -0.007257
8 9.763263e-01 -0.023958
9 9.498570e-01 -0.051444
10 9.100105e-01 -0.094299
11 8.545826e-01 -0.157142
12 7.867857e-01 -0.239799
13 7.022667e-01 -0.353442
14 6.079122e-01 -0.497725
15 5.128550e-01 -0.667762
16 4.212623e-01 -0.864500
17 3.370966e-01 -1.087386
18 2.640496e-01 -1.331618
19 2.025122e-01 -1.596955
20 1.506235e-01 -1.892972
21 1.097579e-01 -2.209478
22 7.789069e-02 -2.552449
23 5.434061e-02 -2.912484
24 3.659727e-02 -3.307782
25 2.419592e-02 -3.721571
26 1.566825e-02 -4.156119
27 9.845465e-03 -4.620744
28 6.039666e-03 -5.109407
29 3.617656e-03 -5.621929
30 2.127302e-03 -6.152901
31 1.226801e-03 -6.703345
32 6.958264e-04 -7.270410
33 3.838326e-04 -7.865304
34 2.070043e-04 -8.482771
35 1.097419e-04 -9.117380
36 5.755808e-05 -9.762716
37 2.953118e-05 -10.430064
38 1.492413e-05 -11.112531
39 7.420927e-06 -11.811207
40 3.620114e-06 -12.529005
41 1.727854e-06 -13.268631
42 8.126878e-07 -14.022919
43 3.749987e-07 -14.796343
44 1.703986e-07 -15.585126
45 7.543355e-08 -16.400014
46 3.298004e-08 -17.227363
47 1.407160e-08 -18.079107
48 5.885887e-09 -18.950708
49 2.452913e-09 -19.825989
50 1.005989e-09 -20.717295
51 4.056699e-10 -21.625481
52 1.613552e-10 -22.547413
53 6.323602e-11 -23.484147
