1 1.000000e+00 0.000000
2 1.000000e+00 0.000000
3 1.000000e+00 0.000000
4 1.000000e+00 0.000000
5 1.000000e+00 0.000000
6 9.986667e-01 -0.001334
7 9.928173e-01 -0.007209
8 9.790420e-01 -0.021181
9 9.526079e-01 -0.048552
10 9.067874e-01 -0.097847
11 8.430650e-01 -0.170711
12 7.681727e-01 -0.263741
13 6.825510e-01 -0.381918
14 5.883102e-01 -0.530501
15 4.926118e-01 -0.708034
16 4.007705e-01 -0.914366
17 3.136147e-01 -1.159590
18 2.390266e-01 -1.431180
19 1.767917e-01 -1.732783
20 1.272016e-01 -2.061982
21 8.971347e-02 -2.411134
22 6.096438e-02 -2.797466
23 4.046179e-02 -3.207397
24 2.604559e-02 -3.647907
25 1.624620e-02 -4.119896
26 9.930177e-03 -4.612177
27 5.944866e-03 -5.125227
28 3.508533e-03 -5.652557
29 2.003130e-03 -6.213044
30 1.121886e-03 -6.792744
31 6.074834e-04 -7.406186
32 3.214346e-04 -8.042716
33 1.656752e-04 -8.705481
34 8.272066e-05 -9.400041
35 3.974137e-05 -10.133118
36 1.877780e-05 -10.882835
37 8.548465e-06 -11.669759
38 3.794843e-06 -12.481867
39 1.644627e-06 -13.317997
40 7.025434e-07 -14.168559
41 2.926693e-07 -15.044222
42 1.193464e-07 -15.941236
43 4.811046e-08 -16.849766
44 1.890085e-08 -17.784059
45 7.380573e-09 -18.724415
46 2.801730e-09 -19.693029
47 1.011305e-09 -20.712024
48 3.518710e-10 -21.767757
