1 1.000000e+00 0.000000
2 1.000000e+00 0.000000
3 1.000000e+00 0.000000
4 1.000000e+00 0.000000
5 1.000000e+00 0.000000
6 9.990000e-01 -0.001001
7 9.947186e-01 -0.005295
8 9.796735e-01 -0.020536
9 9.501744e-01 -0.051110
10 9.078916e-01 -0.096630
11 8.501992e-01 -0.162285
12 7.780032e-01 -0.251025
13 6.964325e-01 -0.361784
14 6.074384e-01 -0.498505
15 5.130425e-01 -0.667397
16 4.218171e-01 -0.863183
17 3.364860e-01 -1.089199
18 2.619730e-01 -1.339514
19 1.981481e-01 -1.618740
20 1.475015e-01 -1.913917
21 1.074162e-01 -2.231044
22 7.570400e-02 -2.580924
23 5.173216e-02 -2.961676
24 3.462391e-02 -3.363211
25 2.278807e-02 -3.781518
26 1.483065e-02 -4.211059
27 9.482279e-03 -4.658331
28 5.976545e-03 -5.119913
29 3.708137e-03 -5.597226
30 2.242681e-03 -6.100083
31 1.317322e-03 -6.632154
32 7.472509e-04 -7.199110
33 4.115768e-04 -7.795515
34 2.215857e-04 -8.414701
35 1.171049e-04 -9.052441
36 6.048791e-05 -9.713067
37 3.027175e-05 -10.405296
38 1.479970e-05 -11.120904
39 7.002914e-06 -11.869184
40 3.249877e-06 -12.636893
41 1.485035e-06 -13.420072
42 6.616893e-07 -14.228470
43 2.883734e-07 -15.059010
44 1.242758e-07 -15.900762
45 5.244717e-08 -16.763460
46 2.156491e-08 -17.652199
47 8.838400e-09 -18.544160
48 3.550643e-09 -19.456137
