1 1.000000e+00 0.000000
2 1.000000e+00 0.000000
3 1.000000e+00 0.000000
4 1.000000e+00 0.000000
5 1.000000e+00 0.000000
6 9.983333e-01 -0.001668
7 9.913450e-01 -0.008693
8 9.754835e-01 -0.024822
9 9.458938e-01 -0.055625
10 9.035178e-01 -0.101459
11 8.389573e-01 -0.175595
12 7.651990e-01 -0.267619
13 6.755530e-01 -0.392224
14 5.795762e-01 -0.545458
15 4.853758e-01 -0.722832
16 3.941251e-01 -0.931087
17 3.130744e-01 -1.161314
18 2.392758e-01 -1.430138
19 1.764974e-01 -1.734449
20 1.265663e-01 -2.066989
21 8.907254e-02 -2.418304
22 6.115639e-02 -2.794321
23 4.067432e-02 -3.202158
24 2.610444e-02 -3.645650
25 1.644684e-02 -4.107622
26 1.009330e-02 -4.595883
27 6.046261e-03 -5.108315
28 3.560384e-03 -5.637887
29 2.051518e-03 -6.189175
30 1.160270e-03 -6.759103
31 6.349297e-04 -7.361996
32 3.422668e-04 -7.979920
33 1.814118e-04 -8.614741
34 9.498507e-05 -9.261791
35 4.999743e-05 -9.903539
36 2.531536e-05 -10.584099
37 1.242779e-05 -11.295575
38 6.124611e-06 -12.003195
39 2.937301e-06 -12.738019
40 1.378255e-06 -13.494692
41 6.355436e-07 -14.268785
42 2.826202e-07 -15.079162
43 1.213689e-07 -15.924431
44 5.088393e-08 -16.793719
45 2.099471e-08 -17.678995
46 8.660774e-09 -18.564462
47 3.455833e-09 -19.483202
48 1.376502e-09 -20.403721
