1 1.000000e+00 0.000000
2 1.000000e+00 0.000000
3 1.000000e+00 0.000000
4 1.000000e+00 0.000000
5 1.000000e+00 0.000000
6 9.988333e-01 -0.001167
7 9.921269e-01 -0.007904
8 9.781131e-01 -0.022130
9 9.513780e-01 -0.049844
10 9.044751e-01 -0.100401
11 8.368039e-01 -0.178166
12 7.587022e-01 -0.276146
13 6.695839e-01 -0.401099
14 5.719681e-01 -0.558672
15 4.737421e-01 -0.747092
16 3.784903e-01 -0.971565
17 2.941760e-01 -1.223577
18 2.218741e-01 -1.505645
19 1.632877e-01 -1.812242
20 1.168078e-01 -2.147225
21 7.920684e-02 -2.535693
22 5.312259e-02 -2.935153
23 3.508631e-02 -3.349944
24 2.234852e-02 -3.800995
25 1.386145e-02 -4.278644
26 8.452283e-03 -4.773319
27 4.999995e-03 -5.298318
28 2.884997e-03 -5.848231
29 1.613708e-03 -6.429221
30 8.919503e-04 -7.022100
31 4.905439e-04 -7.619996
32 2.599423e-04 -8.255051
33 1.352094e-04 -8.908686
34 6.986745e-05 -9.568911
35 3.567632e-05 -10.241023
36 1.816420e-05 -10.916058
37 8.873949e-06 -11.632391
38 4.277710e-06 -12.362093
39 2.022918e-06 -13.110969
40 9.359537e-07 -13.881700
41 4.233022e-07 -14.675180
42 1.877446e-07 -15.488183
43 8.296565e-08 -16.304839
44 3.619188e-08 -17.134431
45 1.536385e-08 -17.991248
46 6.368985e-09 -18.871826
47 2.586215e-09 -19.773071
48 1.036048e-09 -20.687852
