1 1.000000e+00 0.000000
2 1.000000e+00 0.000000
3 1.000000e+00 0.000000
4 1.000000e+00 0.000000
5 1.000000e+00 0.000000
6 9.981667e-01 -0.001835
7 9.913221e-01 -0.008716
8 9.738500e-01 -0.026498
9 9.476643e-01 -0.053755
10 9.002811e-01 -0.105048
11 8.410262e-01 -0.173132
12 7.642125e-01 -0.268909
13 6.762105e-01 -0.391251
14 5.779185e-01 -0.548322
15 4.735079e-01 -0.747587
16 3.760836e-01 -0.977944
17 2.898277e-01 -1.238469
18 2.178377e-01 -1.524005
19 1.580241e-01 -1.845008
20 1.094633e-01 -2.212166
21 7.392942e-02 -2.604644
22 4.854138e-02 -3.025339
23 3.096307e-02 -3.474960
24 1.903197e-02 -3.961635
25 1.130880e-02 -4.482175
26 6.602162e-03 -5.020358
27 3.740247e-03 -5.588604
28 2.080779e-03 -6.175013
29 1.144429e-03 -6.772850
30 6.049832e-04 -7.410310
31 3.151572e-04 -8.062439
32 1.597256e-04 -8.742053
33 7.991604e-05 -9.434534
34 3.954669e-05 -10.138029
35 1.894964e-05 -10.873725
36 9.050034e-06 -11.612742
37 4.231992e-06 -12.372838
38 1.961862e-06 -13.141616
39 8.843471e-07 -13.938416
40 3.865923e-07 -14.765895
41 1.639717e-07 -15.623572
42 6.845039e-08 -16.497157
43 2.786886e-08 -17.395756
44 1.097653e-08 -18.327506
45 4.197425e-09 -19.288795
46 1.573396e-09 -20.270030
47 5.798131e-10 -21.268315
48 2.081287e-10 -22.292864
