1 1.000000e+00 0.000000
2 1.000000e+00 0.000000
3 1.000000e+00 0.000000
4 1.000000e+00 0.000000
5 1.000000e+00 0.000000
6 9.983333e-01 -0.001668
7 9.923433e-01 -0.007686
8 9.755975e-01 -0.024705
9 9.478472e-01 -0.053562
10 9.034880e-01 -0.101492
11 8.425436e-01 -0.171330
12 7.702253e-01 -0.261072
13 6.828343e-01 -0.381503
14 5.863108e-01 -0.533905
15 4.885533e-01 -0.716307
16 3.930106e-01 -0.933919
17 3.056929e-01 -1.185174
18 2.304245e-01 -1.467832
19 1.669607e-01 -1.789997
20 1.189261e-01 -2.129253
21 8.167960e-02 -2.504951
22 5.373032e-02 -2.923778
23 3.492938e-02 -3.354427
24 2.220490e-02 -3.807442
25 1.358940e-02 -4.298465
26 7.930460e-03 -4.837044
27 4.456918e-03 -5.413298
28 2.400050e-03 -6.032266
29 1.259116e-03 -6.677345
30 6.395471e-04 -7.354750
31 3.165139e-04 -8.058143
32 1.532125e-04 -8.783685
33 7.323094e-05 -9.521893
34 3.396408e-05 -10.290207
35 1.534303e-05 -11.084849
36 6.818698e-06 -11.895842
37 2.950101e-06 -12.733671
38 1.230658e-06 -13.607962
39 5.057372e-07 -14.497249
40 2.008282e-07 -15.420816
41 7.838669e-08 -16.361612
42 3.003890e-08 -17.320773
43 1.131069e-08 -18.297517
44 4.173132e-09 -19.294599
45 1.508448e-09 -20.312184
46 5.377945e-10 -21.343545
47 1.895554e-10 -22.386340
48 6.549534e-11 -23.449042
