1 1.000000e+00 0.000000
2 1.000000e+00 0.000000
3 1.000000e+00 0.000000
4 1.000000e+00 0.000000
5 1.000000e+00 0.000000
6 9.983333e-01 -0.001668
7 9.939121e-01 -0.006106
8 9.827306e-01 -0.017420
9 9.554326e-01 -0.045591
10 9.140623e-01 -0.089857
11 8.514906e-01 -0.160767
12 7.724439e-01 -0.258196
13 6.848012e-01 -0.378627
14 5.851626e-01 -0.535865
15 4.864652e-01 -0.720590
16 3.925470e-01 -0.935099
17 3.078030e-01 -1.178295
18 2.358113e-01 -1.444723
19 1.755057e-01 -1.740084
20 1.279349e-01 -2.056234
21 9.010879e-02 -2.406738
22 6.178187e-02 -2.784145
23 4.120313e-02 -3.189241
24 2.675113e-02 -3.621178
25 1.700623e-02 -4.074175
26 1.056022e-02 -4.550662
27 6.480843e-03 -5.038905
28 3.860962e-03 -5.556839
29 2.243352e-03 -6.099784
30 1.258296e-03 -6.677997
31 6.867862e-04 -7.283487
32 3.606057e-04 -7.927725
33 1.855371e-04 -8.592256
34 9.316145e-05 -9.281177
35 4.518330e-05 -10.004783
36 2.143069e-05 -10.750686
37 9.888816e-06 -11.524106
38 4.422643e-06 -12.328773
39 1.944602e-06 -13.150453
40 8.215457e-07 -14.012078
41 3.401400e-07 -14.893909
42 1.397246e-07 -15.783592
43 5.624729e-08 -16.693508
44 2.247207e-08 -17.610993
45 8.850501e-09 -18.542792
46 3.422065e-09 -19.493022
47 1.273664e-09 -20.481368
48 4.645157e-10 -21.490026
