1 1.000000e+00 0.000000
2 1.000000e+00 0.000000
3 1.000000e+00 0.000000
4 1.000000e+00 0.000000
5 1.000000e+00 0.000000
6 9.990000e-01 -0.001001
7 9.920070e-01 -0.008025
8 9.740269e-01 -0.026316
9 9.419922e-01 -0.059758
10 8.963056e-01 -0.109474
11 8.356827e-01 -0.179506
12 7.653461e-01 -0.267427
13 6.870453e-01 -0.375355
14 5.941960e-01 -0.520546
15 4.931035e-01 -0.707036
16 3.967018e-01 -0.924571
17 3.109208e-01 -1.168217
18 2.355744e-01 -1.445729
19 1.730852e-01 -1.753972
20 1.237559e-01 -2.089444
21 8.690021e-02 -2.442995
22 5.964119e-02 -2.819409
23 3.942801e-02 -3.233279
24 2.531936e-02 -3.676186
25 1.576484e-02 -4.149973
26 9.626863e-03 -4.643198
27 5.695894e-03 -5.168010
28 3.269646e-03 -5.723073
29 1.809016e-03 -6.314972
30 9.871803e-04 -6.920658
31 5.347014e-04 -7.533802
32 2.830743e-04 -8.169801
33 1.465381e-04 -8.828225
34 7.466548e-05 -9.502493
35 3.722181e-05 -10.198616
36 1.826764e-05 -10.910380
37 8.726499e-06 -11.649146
38 4.053689e-06 -12.415883
39 1.871661e-06 -13.188684
40 8.257299e-07 -14.006998
41 3.462628e-07 -14.876068
42 1.396428e-07 -15.784178
43 5.438277e-08 -16.727219
44 2.068028e-08 -17.694085
45 7.591962e-09 -18.696176
46 2.706699e-09 -19.727536
47 9.505698e-10 -20.773960
48 3.272138e-10 -21.840407
