1 1.000000e+00 0.000000
2 1.000000e+00 0.000000
3 1.000000e+00 0.000000
4 1.000000e+00 0.000000
5 1.000000e+00 0.000000
6 9.983333e-01 -0.001668
7 9.920581e-01 -0.007974
8 9.779213e-01 -0.022326
9 9.507568e-01 -0.050497
10 9.066417e-01 -0.098008
11 8.393029e-01 -0.175184
12 7.618772e-01 -0.271970
13 6.731478e-01 -0.395790
14 5.818401e-01 -0.541560
15 4.893276e-01 -0.714723
16 3.959272e-01 -0.926525
17 3.083108e-01 -1.176647
18 2.348815e-01 -1.448674
19 1.743686e-01 -1.746584
20 1.261295e-01 -2.070446
21 8.800836e-02 -2.430323
22 5.956166e-02 -2.820743
23 3.940392e-02 -3.233890
24 2.511015e-02 -3.684483
25 1.561349e-02 -4.159620
26 9.482193e-03 -4.658340
27 5.560077e-03 -5.192143
28 3.135288e-03 -5.765034
29 1.720084e-03 -6.365382
30 9.225383e-04 -6.988382
31 4.933497e-04 -7.614292
32 2.567114e-04 -8.267558
33 1.314985e-04 -8.936515
34 6.674321e-05 -9.614658
35 3.316566e-05 -10.313996
36 1.581265e-05 -11.054700
37 7.414850e-06 -11.812026
38 3.360098e-06 -12.603541
39 1.499551e-06 -13.410345
40 6.471688e-07 -14.250659
41 2.727896e-07 -15.114565
42 1.131817e-07 -15.994271
43 4.508842e-08 -16.914640
44 1.750866e-08 -17.860571
45 6.544346e-09 -18.844664
46 2.416571e-09 -19.840916
47 8.714566e-10 -20.860855
48 3.098210e-10 -21.895026
