1 1.000000e+00 0.000000
2 1.000000e+00 0.000000
3 1.000000e+00 0.000000
4 1.000000e+00 0.000000
5 1.000000e+00 0.000000
6 9.980000e-01 -0.002002
7 9.904437e-01 -0.009602
8 9.729871e-01 -0.027384
9 9.427164e-01 -0.058990
10 8.955806e-01 -0.110283
11 8.345183e-01 -0.180901
12 7.559345e-01 -0.279801
13 6.690020e-01 -0.401968
14 5.748161e-01 -0.553705
15 4.810828e-01 -0.731716
16 3.925936e-01 -0.934980
17 3.134513e-01 -1.160111
18 2.421760e-01 -1.418091
19 1.805996e-01 -1.711473
20 1.298872e-01 -2.041089
21 9.062416e-02 -2.401034
22 6.173565e-02 -2.784894
23 4.115084e-02 -3.190511
24 2.660916e-02 -3.626500
25 1.639124e-02 -4.111008
26 9.734506e-03 -4.632078
27 5.574267e-03 -5.189594
28 3.084361e-03 -5.781411
29 1.673213e-03 -6.393010
30 8.918782e-04 -7.022181
31 4.649850e-04 -7.673505
32 2.400195e-04 -8.334791
33 1.219517e-04 -9.011885
34 6.026207e-05 -9.716808
35 2.863654e-05 -10.460827
36 1.339315e-05 -11.220767
37 6.268356e-06 -11.979996
38 2.852102e-06 -12.767454
39 1.276352e-06 -13.571504
40 5.575106e-07 -14.399784
41 2.379075e-07 -15.251384
42 1.004423e-07 -16.113683
43 4.146864e-08 -16.998328
44 1.703796e-08 -17.887822
45 6.850016e-09 -18.799015
46 2.692950e-09 -19.732629
47 1.041942e-09 -20.682179
48 4.017773e-10 -21.635123
