1 1.000000e+00 0.000000
2 1.000000e+00 0.000000
3 1.000000e+00 0.000000
4 1.000000e+00 0.000000
5 1.000000e+00 0.000000
6 9.988333e-01 -0.001167
7 9.914134e-01 -0.008624
8 9.754269e-01 -0.024880
9 9.498490e-01 -0.051452
10 9.062510e-01 -0.098439
11 8.468503e-01 -0.166231
12 7.749386e-01 -0.254971
13 6.867744e-01 -0.375749
14 5.856224e-01 -0.535080
15 4.798199e-01 -0.734344
16 3.798375e-01 -0.968012
17 2.919163e-01 -1.231288
18 2.198940e-01 -1.514610
19 1.604185e-01 -1.829969
20 1.127180e-01 -2.182866
21 7.658386e-02 -2.569369
22 5.055579e-02 -2.984678
23 3.252056e-02 -3.425883
24 2.019933e-02 -3.902106
25 1.227312e-02 -4.400344
26 7.295895e-03 -4.920443
27 4.220540e-03 -5.467792
28 2.391539e-03 -6.035818
29 1.333654e-03 -6.619833
30 7.226627e-04 -7.232568
31 3.886760e-04 -7.852765
32 2.026216e-04 -8.504170
33 1.038467e-04 -9.172595
34 5.195082e-05 -9.865213
35 2.565777e-05 -10.570664
36 1.243760e-05 -11.294786
37 5.876935e-06 -12.044475
38 2.694884e-06 -12.824155
39 1.217742e-06 -13.618512
40 5.249078e-07 -14.460043
41 2.184128e-07 -15.336879
42 8.885242e-08 -16.236289
43 3.580546e-08 -17.145165
44 1.407480e-08 -18.078880
45 5.396591e-09 -19.037498
46 2.042141e-09 -20.009267
47 7.536802e-10 -21.006053
48 2.666772e-10 -22.044982
