1 1.000000e+00 0.000000
2 1.000000e+00 0.000000
3 1.000000e+00 0.000000
4 1.000000e+00 0.000000
5 1.000000e+00 0.000000
6 9.990000e-01 -0.001001
7 9.928633e-01 -0.007162
8 9.742471e-01 -0.026090
9 9.463187e-01 -0.055176
10 9.025041e-01 -0.102582
11 8.445798e-01 -0.168916
12 7.675119e-01 -0.264601
13 6.778311e-01 -0.388857
14 5.825474e-01 -0.540345
15 4.862329e-01 -0.721068
16 3.933624e-01 -0.933024
17 3.079333e-01 -1.177872
18 2.324555e-01 -1.459057
19 1.678573e-01 -1.784641
20 1.178694e-01 -2.138178
21 8.019048e-02 -2.523350
22 5.364379e-02 -2.925390
23 3.485214e-02 -3.356641
24 2.186681e-02 -3.822785
25 1.337812e-02 -4.314135
26 8.005773e-03 -4.827592
27 4.687825e-03 -5.362787
28 2.685956e-03 -5.919719
29 1.508025e-03 -6.496954
30 8.334857e-04 -7.089894
31 4.477969e-04 -7.711171
32 2.341978e-04 -8.359345
33 1.167228e-04 -9.055709
34 5.657964e-05 -9.779861
35 2.685108e-05 -10.525205
36 1.214788e-05 -11.318356
37 5.393985e-06 -12.130226
38 2.339144e-06 -12.965725
39 1.005472e-06 -13.810053
40 4.254404e-07 -14.670141
41 1.769728e-07 -15.547270
42 7.174984e-08 -16.450080
43 2.896691e-08 -17.357112
44 1.165589e-08 -18.267454
45 4.697324e-09 -19.176273
46 1.861774e-09 -20.101736
47 7.273595e-10 -21.041600
48 2.794879e-10 -21.998062
