1 1.000000e+00 0.000000
2 1.000000e+00 0.000000
3 1.000000e+00 0.000000
4 1.000000e+00 0.000000
5 1.000000e+00 0.000000
6 9.983333e-01 -0.001668
7 9.910598e-01 -0.008980
8 9.756983e-01 -0.024602
9 9.500049e-01 -0.051288
10 9.032647e-01 -0.101740
11 8.383939e-01 -0.176267
12 7.608424e-01 -0.273329
13 6.739893e-01 -0.394541
14 5.781866e-01 -0.547859
15 4.843662e-01 -0.724914
16 3.958483e-01 -0.926724
17 3.113230e-01 -1.166924
18 2.382486e-01 -1.434441
19 1.772319e-01 -1.730296
20 1.279614e-01 -2.056027
21 8.886615e-02 -2.420624
22 5.999273e-02 -2.813532
23 3.968389e-02 -3.226810
24 2.514305e-02 -3.683174
25 1.559674e-02 -4.160694
26 9.503211e-03 -4.656125
27 5.603375e-03 -5.184386
28 3.260164e-03 -5.725978
29 1.847051e-03 -6.294165
30 1.009290e-03 -6.898508
31 5.310170e-04 -7.540717
32 2.748179e-04 -8.199402
33 1.403237e-04 -8.871559
34 7.071075e-05 -9.556913
35 3.446240e-05 -10.275642
36 1.630837e-05 -11.023832
37 7.519042e-06 -11.798072
38 3.419779e-06 -12.585935
39 1.538374e-06 -13.384784
40 6.767694e-07 -14.205935
41 2.944442e-07 -15.038176
42 1.270667e-07 -15.878554
43 5.361328e-08 -16.741469
44 2.258581e-08 -17.605944
45 9.418284e-09 -18.480613
46 3.946056e-09 -19.350549
47 1.589253e-09 -20.260002
48 6.293111e-10 -21.186395
