1 1.000000e+00 0.000000
2 1.000000e+00 0.000000
3 1.000000e+00 0.000000
4 1.000000e+00 0.000000
5 1.000000e+00 0.000000
6 9.986667e-01 -0.001334
7 9.922467e-01 -0.007784
8 9.781072e-01 -0.022136
9 9.512635e-01 -0.049964
10 9.065542e-01 -0.098105
11 8.441667e-01 -0.169405
12 7.610867e-01 -0.273008
13 6.725664e-01 -0.396654
14 5.838837e-01 -0.538053
15 4.948999e-01 -0.703400
16 4.050137e-01 -0.903834
17 3.202943e-01 -1.138515
18 2.448828e-01 -1.406975
19 1.848865e-01 -1.688013
20 1.354664e-01 -1.999032
21 9.688425e-02 -2.334238
22 6.765603e-02 -2.693319
23 4.621790e-02 -3.074388
24 3.106613e-02 -3.471637
25 2.029737e-02 -3.897264
26 1.295284e-02 -4.346440
27 8.179000e-03 -4.806185
28 4.977506e-03 -5.302826
29 2.956638e-03 -5.823702
30 1.731999e-03 -6.358479
31 9.875187e-04 -6.920315
32 5.611884e-04 -7.485454
33 3.090277e-04 -8.082080
34 1.669386e-04 -8.697885
35 8.925491e-05 -9.324014
36 4.607785e-05 -9.985178
37 2.349846e-05 -10.658576
38 1.179746e-05 -11.347626
39 5.792856e-06 -12.058885
40 2.790709e-06 -12.789215
41 1.319597e-06 -13.538184
42 6.105334e-07 -14.308933
43 2.778495e-07 -15.096186
44 1.239651e-07 -15.903266
45 5.366586e-08 -16.740489
46 2.275783e-08 -17.598357
47 9.514708e-09 -18.470427
48 3.900436e-09 -19.362178
