1 1.000000e+00 0.000000
2 1.000000e+00 0.000000
3 1.000000e+00 0.000000
4 1.000000e+00 0.000000
5 1.000000e+00 0.000000
6 9.986667e-01 -0.001334
7 9.921040e-01 -0.007927
8 9.778425e-01 -0.022407
9 9.479640e-01 -0.053439
10 9.013242e-01 -0.103890
11 8.370843e-01 -0.177830
12 7.595843e-01 -0.274984
13 6.667397e-01 -0.405356
14 5.737771e-01 -0.555514
15 4.807870e-01 -0.732331
16 3.934641e-01 -0.932766
17 3.129659e-01 -1.161661
18 2.428094e-01 -1.415478
19 1.836917e-01 -1.694496
20 1.346736e-01 -2.004901
21 9.486150e-02 -2.355337
22 6.464811e-02 -2.738796
23 4.240073e-02 -3.160590
24 2.711527e-02 -3.607658
25 1.711299e-02 -4.067918
26 1.058702e-02 -4.548127
27 6.329074e-03 -5.062601
28 3.709968e-03 -5.596732
29 2.119671e-03 -6.156494
30 1.187793e-03 -6.735658
31 6.464276e-04 -7.344049
32 3.385866e-04 -7.990731
33 1.731101e-04 -8.661583
34 8.672308e-05 -9.352791
35 4.233573e-05 -10.069879
36 2.005773e-05 -10.816896
37 9.200534e-06 -11.596249
38 4.079952e-06 -12.409425
39 1.747475e-06 -13.257339
40 7.287845e-07 -14.131888
41 2.992105e-07 -15.022119
42 1.185942e-07 -15.947558
43 4.605040e-08 -16.893529
44 1.760277e-08 -17.855210
45 6.647587e-09 -18.829012
46 2.433161e-09 -19.834074
47 8.667749e-10 -20.866242
48 3.020891e-10 -21.920299
