1 1.000000e+00 0.000000
2 1.000000e+00 0.000000
3 1.000000e+00 0.000000
4 1.000000e+00 0.000000
5 1.000000e+00 0.000000
6 9.986667e-01 -0.001334
7 9.922467e-01 -0.007784
8 9.798436e-01 -0.020362
9 9.527346e-01 -0.048419
10 9.096710e-01 -0.094672
11 8.469864e-01 -0.166071
12 7.680755e-01 -0.263867
13 6.758473e-01 -0.391788
14 5.825804e-01 -0.540288
15 4.923193e-01 -0.708628
16 4.029326e-01 -0.908986
17 3.218246e-01 -1.133749
18 2.478943e-01 -1.394753
19 1.859208e-01 -1.682435
20 1.344114e-01 -2.006850
21 9.448482e-02 -2.359316
22 6.456320e-02 -2.740111
23 4.274084e-02 -3.152600
24 2.752332e-02 -3.592722
25 1.740465e-02 -4.051018
26 1.061215e-02 -4.545756
27 6.434106e-03 -5.046142
28 3.796582e-03 -5.573654
29 2.198876e-03 -6.119809
30 1.240899e-03 -6.691919
31 6.813335e-04 -7.291459
32 3.698150e-04 -7.902508
33 1.963830e-04 -8.535444
34 1.012932e-04 -9.197491
35 5.093022e-05 -9.885054
36 2.506757e-05 -10.593936
37 1.199043e-05 -11.331402
38 5.653172e-06 -12.083294
39 2.583934e-06 -12.866197
40 1.136737e-06 -13.687348
41 4.929281e-07 -14.522903
42 2.102456e-07 -15.374990
43 8.862584e-08 -16.238842
44 3.653802e-08 -17.124913
45 1.483200e-08 -18.026479
46 5.922482e-09 -18.944510
47 2.274989e-09 -19.901291
48 8.509881e-10 -20.884623
