1 1.000000e+00 0.000000
2 1.000000e+00 0.000000
3 1.000000e+00 0.000000
4 1.000000e+00 0.000000
5 1.000000e+00 0.000000
6 9.983333e-01 -0.001668
7 9.907745e-01 -0.009268
8 9.752937e-01 -0.025017
9 9.487440e-01 -0.052616
10 9.009273e-01 -0.104331
11 8.379443e-01 -0.176804
12 7.533119e-01 -0.283276
13 6.632622e-01 -0.410585
14 5.677050e-01 -0.566153
15 4.747528e-01 -0.744961
16 3.832442e-01 -0.959083
17 2.987501e-01 -1.208148
18 2.261041e-01 -1.486760
19 1.648180e-01 -1.802914
20 1.154962e-01 -2.158518
21 7.806442e-02 -2.550221
22 5.215413e-02 -2.953552
23 3.441946e-02 -3.369133
24 2.207148e-02 -3.813469
25 1.368520e-02 -4.291440
26 8.302179e-03 -4.791237
27 4.920117e-03 -5.314423
28 2.829419e-03 -5.867684
29 1.589060e-03 -6.444613
30 8.619062e-04 -7.056364
31 4.661800e-04 -7.670939
32 2.449339e-04 -8.314522
33 1.250499e-04 -8.986798
34 6.186292e-05 -9.690590
35 2.943791e-05 -10.433227
36 1.348829e-05 -11.213689
37 6.130973e-06 -12.002157
38 2.721184e-06 -12.814443
39 1.170179e-06 -13.658354
40 4.979697e-07 -14.512727
41 2.044712e-07 -15.402839
42 8.264531e-08 -16.308708
43 3.230471e-08 -17.248053
44 1.247549e-08 -18.199500
45 4.710745e-09 -19.173420
46 1.744000e-09 -20.167085
47 6.337027e-10 -21.179441
48 2.273541e-10 -22.204513
