1 1.000000e+00 0.000000
2 1.000000e+00 0.000000
3 1.000000e+00 0.000000
4 1.000000e+00 0.000000
5 1.000000e+00 0.000000
6 9.991667e-01 -0.000834
7 9.940281e-01 -0.005990
8 9.812300e-01 -0.018948
9 9.547368e-01 -0.046320
10 9.138740e-01 -0.090063
11 8.569646e-01 -0.154359
12 7.829800e-01 -0.244648
13 6.957078e-01 -0.362825
14 6.015885e-01 -0.508182
15 5.093449e-01 -0.674630
16 4.164213e-01 -0.876058
17 3.296342e-01 -1.109772
18 2.520786e-01 -1.378014
19 1.891120e-01 -1.665416
20 1.389501e-01 -1.973641
21 9.940885e-02 -2.308514
22 6.877737e-02 -2.676881
23 4.564126e-02 -3.086943
24 2.951848e-02 -3.522739
25 1.874896e-02 -3.976617
26 1.162291e-02 -4.454777
27 7.020670e-03 -4.958897
28 4.132918e-03 -5.488772
29 2.380561e-03 -6.040419
30 1.336844e-03 -6.617444
31 7.389295e-04 -7.210308
32 3.953504e-04 -7.835738
33 2.064088e-04 -8.485652
34 1.068044e-04 -9.144511
35 5.440312e-05 -9.819089
36 2.694315e-05 -10.521782
37 1.293271e-05 -11.255751
38 6.029026e-06 -12.018925
39 2.737178e-06 -12.808583
40 1.210996e-06 -13.624068
41 5.217915e-07 -14.465998
42 2.182828e-07 -15.337474
43 8.797304e-08 -16.246235
44 3.468937e-08 -17.176833
45 1.349494e-08 -18.120951
46 5.179708e-09 -19.078517
47 1.937101e-09 -20.062073
48 7.199154e-10 -21.051887
