1 1.000000e+00 0.000000
2 1.000000e+00 0.000000
3 1.000000e+00 0.000000
4 1.000000e+00 0.000000
5 1.000000e+00 0.000000
6 9.988333e-01 -0.001167
7 9.925550e-01 -0.007473
8 9.786592e-01 -0.021572
9 9.548451e-01 -0.046206
10 9.111132e-01 -0.093088
11 8.488262e-01 -0.163901
12 7.717952e-01 -0.259036
13 6.864822e-01 -0.376175
14 5.908650e-01 -0.526168
15 4.915603e-01 -0.710171
16 3.974880e-01 -0.922591
17 3.131971e-01 -1.160922
18 2.406050e-01 -1.424599
19 1.772752e-01 -1.730052
20 1.279129e-01 -2.056405
21 8.936242e-02 -2.415055
22 6.089642e-02 -2.798581
23 4.154195e-02 -3.181051
24 2.737788e-02 -3.598020
25 1.755250e-02 -4.042559
26 1.118702e-02 -4.493001
27 6.972829e-03 -4.965734
28 4.183448e-03 -5.476619
29 2.424236e-03 -6.022239
30 1.359431e-03 -6.600689
31 7.498796e-04 -7.195598
32 3.925854e-04 -7.842756
33 2.053341e-04 -8.490872
34 1.042795e-04 -9.168436
35 5.121614e-05 -9.879456
36 2.515850e-05 -10.590315
37 1.209988e-05 -11.322315
38 5.602245e-06 -12.092343
39 2.567265e-06 -12.872670
40 1.137812e-06 -13.686404
41 4.906743e-07 -14.527485
42 2.081627e-07 -15.384946
43 8.562750e-08 -16.273259
44 3.464022e-08 -17.178250
45 1.357204e-08 -18.115254
46 5.183928e-09 -19.077703
47 1.930517e-09 -20.065478
48 7.137282e-10 -21.060519
