1 1.000000e+00 0.000000
2 1.000000e+00 0.000000
3 1.000000e+00 0.000000
4 1.000000e+00 0.000000
5 1.000000e+00 0.000000
6 9.990000e-01 -0.001001
7 9.945759e-01 -0.005439
8 9.810248e-01 -0.019158
9 9.538831e-01 -0.047214
10 9.107676e-01 -0.093468
11 8.523956e-01 -0.159704
12 7.753249e-01 -0.254473
13 6.924247e-01 -0.367556
14 6.026074e-01 -0.506489
15 5.081989e-01 -0.676882
16 4.145315e-01 -0.880606
17 3.258461e-01 -1.121330
18 2.495257e-01 -1.388193
19 1.841237e-01 -1.692147
20 1.311513e-01 -2.031403
21 9.088162e-02 -2.398197
22 6.125008e-02 -2.792790
23 4.059549e-02 -3.204098
24 2.597096e-02 -3.650776
25 1.608434e-02 -4.129909
26 9.746490e-03 -4.630848
27 5.757649e-03 -5.157226
28 3.296871e-03 -5.714782
29 1.850795e-03 -6.292140
30 1.011768e-03 -6.896056
31 5.384564e-04 -7.526804
32 2.788531e-04 -8.184825
33 1.444375e-04 -8.842664
34 7.401145e-05 -9.511291
35 3.676254e-05 -10.211031
36 1.798710e-05 -10.925856
37 8.679503e-06 -11.654546
38 4.102892e-06 -12.403818
39 1.913210e-06 -13.166728
40 8.669234e-07 -13.958315
41 3.781266e-07 -14.788037
42 1.594344e-07 -15.651633
43 6.549787e-08 -16.541248
44 2.634801e-08 -17.451873
45 1.044845e-08 -18.376812
46 4.085116e-09 -19.315916
47 1.574943e-09 -20.269047
48 5.880114e-10 -21.254275
