1 1.000000e+00 0.000000
2 1.000000e+00 0.000000
3 1.000000e+00 0.000000
4 1.000000e+00 0.000000
5 1.000000e+00 0.000000
6 9.990000e-01 -0.001001
7 9.944331e-01 -0.005582
8 9.808840e-01 -0.019301
9 9.530923e-01 -0.048044
10 9.077251e-01 -0.096814
11 8.491356e-01 -0.163536
12 7.747654e-01 -0.255195
13 6.842371e-01 -0.379451
14 5.879063e-01 -0.531188
15 4.942332e-01 -0.704748
16 3.994949e-01 -0.917554
17 3.143320e-01 -1.157306
18 2.431707e-01 -1.413992
19 1.826084e-01 -1.700411
20 1.329024e-01 -2.018140
21 9.341140e-02 -2.370742
22 6.359618e-02 -2.755202
23 4.224169e-02 -3.164348
24 2.731981e-02 -3.600143
25 1.696342e-02 -4.076696
26 1.030006e-02 -4.575606
27 6.073218e-03 -5.103867
28 3.520731e-03 -5.649087
29 1.961654e-03 -6.233967
30 1.054782e-03 -6.854422
31 5.426001e-04 -7.519138
32 2.704861e-04 -8.215290
33 1.301120e-04 -8.947115
34 6.032989e-05 -9.715683
35 2.752422e-05 -10.500444
36 1.218788e-05 -11.315069
37 5.350478e-06 -12.138325
38 2.319995e-06 -12.973945
39 9.790975e-07 -13.836635
40 4.061052e-07 -14.716654
41 1.653839e-07 -15.614997
42 6.533056e-08 -16.543806
43 2.482409e-08 -17.511451
44 9.182094e-09 -18.506011
45 3.344527e-09 -19.515941
46 1.205484e-09 -20.536385
47 4.279467e-10 -21.572022
48 1.486402e-10 -22.629493
