1 1.000000e+00 0.000000
2 1.000000e+00 0.000000
3 1.000000e+00 0.000000
4 1.000000e+00 0.000000
5 1.000000e+00 0.000000
6 9.990000e-01 -0.001001
7 9.950040e-01 -0.005009
8 9.813227e-01 -0.018854
9 9.559173e-01 -0.045084
10 9.169159e-01 -0.086740
11 8.594836e-01 -0.151423
12 7.867140e-01 -0.239890
13 7.027172e-01 -0.352801
14 6.095068e-01 -0.495105
15 5.195842e-01 -0.654726
16 4.232987e-01 -0.859677
17 3.374687e-01 -1.086283
18 2.608821e-01 -1.343687
19 1.961147e-01 -1.629056
20 1.422322e-01 -1.950295
21 1.004430e-01 -2.298165
22 6.931023e-02 -2.669163
23 4.707671e-02 -3.055977
24 3.151197e-02 -3.457388
25 2.051051e-02 -3.886818
26 1.309360e-02 -4.335632
27 8.122879e-03 -4.813071
28 4.910571e-03 -5.316365
29 2.928224e-03 -5.833359
30 1.717208e-03 -6.367055
31 9.794734e-04 -6.928495
32 5.392919e-04 -7.525253
33 2.893383e-04 -8.147914
34 1.528557e-04 -8.786016
35 7.952428e-05 -9.439448
36 4.042484e-05 -10.116066
37 2.035336e-05 -10.802264
38 1.022060e-05 -11.491105
39 5.017791e-06 -12.202521
40 2.411425e-06 -12.935293
41 1.141016e-06 -13.683592
42 5.343214e-07 -14.442268
43 2.459369e-07 -15.218191
44 1.115883e-07 -16.008450
45 4.939146e-08 -16.823488
46 2.121363e-08 -17.668622
47 8.863687e-09 -18.541303
48 3.633004e-09 -19.433206
