1 1.000000e+00 0.000000
2 1.000000e+00 0.000000
3 1.000000e+00 0.000000
4 1.000000e+00 0.000000
5 1.000000e+00 0.000000
6 9.976667e-01 -0.002336
7 9.898279e-01 -0.010224
8 9.722584e-01 -0.028134
9 9.410381e-01 -0.060772
10 8.919159e-01 -0.114383
11 8.313467e-01 -0.184708
12 7.572183e-01 -0.278104
13 6.746233e-01 -0.393601
14 5.834528e-01 -0.538792
15 4.899447e-01 -0.713463
16 3.937318e-01 -0.932085
17 3.085236e-01 -1.175957
18 2.345808e-01 -1.449955
19 1.749109e-01 -1.743479
20 1.262507e-01 -2.069486
21 8.840552e-02 -2.425821
22 6.043723e-02 -2.806150
23 4.007251e-02 -3.217065
24 2.579501e-02 -3.657574
25 1.628800e-02 -4.117327
26 1.015369e-02 -4.589918
27 6.155392e-03 -5.090427
28 3.638936e-03 -5.616064
29 2.111586e-03 -6.160316
30 1.186923e-03 -6.736391
31 6.581678e-04 -7.326051
32 3.576114e-04 -7.936064
33 1.911920e-04 -8.562232
34 1.004377e-04 -9.205973
35 5.156183e-05 -9.872729
36 2.572936e-05 -10.567878
37 1.249473e-05 -11.290204
38 5.912310e-06 -12.038474
39 2.722391e-06 -12.814000
40 1.234196e-06 -13.605091
41 5.472004e-07 -14.418451
42 2.398822e-07 -15.243118
43 1.023293e-07 -16.095070
44 4.273876e-08 -16.968160
45 1.769480e-08 -17.849995
46 7.196397e-09 -18.749685
47 2.918215e-09 -19.652294
48 1.170326e-09 -20.565984
