1 1.000000e+00 0.000000
2 1.000000e+00 0.000000
3 1.000000e+00 0.000000
4 1.000000e+00 0.000000
5 1.000000e+00 0.000000
6 9.980000e-01 -0.002002
7 9.914417e-01 -0.008595
8 9.743393e-01 -0.025996
9 9.428357e-01 -0.058863
10 8.992767e-01 -0.106165
11 8.408237e-01 -0.173373
12 7.638883e-01 -0.269334
13 6.769814e-01 -0.390112
14 5.864109e-01 -0.533735
15 4.921551e-01 -0.708961
16 3.969846e-01 -0.923858
17 3.068224e-01 -1.181486
18 2.294350e-01 -1.472136
19 1.665577e-01 -1.792413
20 1.160075e-01 -2.154101
21 7.981865e-02 -2.527998
22 5.296330e-02 -2.938156
23 3.460116e-02 -3.363868
24 2.214762e-02 -3.810025
25 1.371381e-02 -4.289352
26 8.177122e-03 -4.806415
27 4.748182e-03 -5.349993
28 2.707312e-03 -5.911799
29 1.499104e-03 -6.502888
30 8.084168e-04 -7.120433
31 4.273917e-04 -7.757810
32 2.221903e-04 -8.411977
33 1.117819e-04 -9.098961
34 5.510848e-05 -9.806207
35 2.667565e-05 -10.531759
36 1.263833e-05 -11.278776
37 5.872383e-06 -12.045250
38 2.662662e-06 -12.836184
39 1.165836e-06 -13.662072
40 5.027378e-07 -14.503197
41 2.119837e-07 -15.366757
42 8.777134e-08 -16.248531
43 3.477582e-08 -17.174343
44 1.343374e-08 -18.125496
45 5.104523e-09 -19.093139
46 1.924627e-09 -20.068534
47 7.076486e-10 -21.069073
48 2.518344e-10 -22.102249
