1 1.000000e+00 0.000000
2 1.000000e+00 0.000000
3 1.000000e+00 0.000000
4 1.000000e+00 0.000000
5 1.000000e+00 0.000000
6 9.988333e-01 -0.001167
7 9.908427e-01 -0.009200
8 9.747415e-01 -0.025583
9 9.412753e-01 -0.060520
10 8.971295e-01 -0.108555
11 8.340042e-01 -0.181517
12 7.551213e-01 -0.280877
13 6.675853e-01 -0.404088
14 5.715961e-01 -0.559323
15 4.739294e-01 -0.746697
16 3.780179e-01 -0.972814
17 2.899175e-01 -1.238159
18 2.161979e-01 -1.531561
19 1.576538e-01 -1.847354
20 1.103419e-01 -2.204172
21 7.360330e-02 -2.609065
22 4.762134e-02 -3.044474
23 2.991862e-02 -3.509274
24 1.825659e-02 -4.003229
25 1.088093e-02 -4.520744
26 6.227658e-03 -5.078755
27 3.399840e-03 -5.684027
28 1.797180e-03 -6.321537
29 9.209616e-04 -6.990092
30 4.553848e-04 -7.694368
31 2.186875e-04 -8.427867
32 1.006851e-04 -9.203513
33 4.586665e-05 -9.989772
34 2.052128e-05 -10.794048
35 9.036398e-06 -11.614250
36 3.869586e-06 -12.462363
37 1.607238e-06 -13.340993
38 6.525386e-07 -14.242396
39 2.611158e-07 -15.158302
40 1.025467e-07 -16.092947
41 3.938044e-08 -17.049997
42 1.471234e-08 -18.034579
43 5.271125e-09 -19.061022
44 1.809194e-09 -20.130384
45 6.033059e-10 -21.228597
46 1.999959e-10 -22.332724
47 6.579014e-11 -23.444551
48 2.145855e-11 -24.564898
