1 1.000000e+00 0.000000
2 1.000000e+00 0.000000
3 1.000000e+00 0.000000
4 1.000000e+00 0.000000
5 1.000000e+00 0.000000
6 9.988333e-01 -0.001167
7 9.904146e-01 -0.009632
8 9.759298e-01 -0.024365
9 9.406879e-01 -0.061144
10 8.877271e-01 -0.119091
11 8.193722e-01 -0.199217
12 7.394151e-01 -0.301896
13 6.538705e-01 -0.424846
14 5.597131e-01 -0.580331
15 4.645619e-01 -0.766661
16 3.710978e-01 -0.991290
17 2.845447e-01 -1.256865
18 2.122862e-01 -1.549820
19 1.532483e-01 -1.875696
20 1.067221e-01 -2.237527
21 7.244906e-02 -2.624872
22 4.765831e-02 -3.043698
23 3.024023e-02 -3.498582
24 1.865444e-02 -3.981671
25 1.122997e-02 -4.489169
26 6.613591e-03 -5.018628
27 3.794487e-03 -5.574206
28 2.112038e-03 -6.160102
29 1.150041e-03 -6.767957
30 6.116686e-04 -7.399320
31 3.173574e-04 -8.055482
32 1.629333e-04 -8.722170
33 8.280959e-05 -9.398967
34 4.088845e-05 -10.104663
35 1.977366e-05 -10.831160
36 9.241987e-06 -11.591754
37 4.171633e-06 -12.387203
38 1.830249e-06 -13.211058
39 7.822673e-07 -14.061069
40 3.220203e-07 -14.948651
41 1.292165e-07 -15.861776
42 5.046214e-08 -16.802043
43 1.934812e-08 -17.760670
44 7.161444e-09 -18.754554
45 2.582894e-09 -19.774355
46 9.170397e-10 -20.809870
47 3.229541e-10 -21.853511
48 1.125629e-10 -22.907509
