1 1.000000e+00 0.000000
2 1.000000e+00 0.000000
3 1.000000e+00 0.000000
4 1.000000e+00 0.000000
5 1.000000e+00 0.000000
6 9.980000e-01 -0.002002
7 9.917269e-01 -0.008308
8 9.769749e-01 -0.023294
9 9.473400e-01 -0.054097
10 8.978889e-01 -0.107709
11 8.315267e-01 -0.184492
12 7.535711e-01 -0.282932
13 6.662148e-01 -0.406143
14 5.670916e-01 -0.567235
15 4.641833e-01 -0.767476
16 3.685036e-01 -0.998305
17 2.820570e-01 -1.265646
18 2.072649e-01 -1.573758
19 1.462090e-01 -1.922718
20 1.001458e-01 -2.301128
21 6.702142e-02 -2.702743
22 4.412446e-02 -3.120741
23 2.814182e-02 -3.570499
24 1.722983e-02 -4.061113
25 1.029310e-02 -4.576282
26 6.081638e-03 -5.102481
27 3.425313e-03 -5.676562
28 1.845143e-03 -6.295199
29 9.676184e-04 -6.940673
30 4.928726e-04 -7.615260
31 2.488053e-04 -8.298840
32 1.221867e-04 -9.009960
33 5.935682e-05 -9.731944
34 2.864490e-05 -10.460535
35 1.353267e-05 -11.210404
36 6.265251e-06 -11.980492
37 2.793794e-06 -12.788110
38 1.189200e-06 -13.642229
39 4.993727e-07 -14.509913
40 2.089001e-07 -15.381410
41 8.473191e-08 -16.283774
42 3.365471e-08 -17.207113
43 1.323413e-08 -18.140467
44 5.040097e-09 -19.105841
45 1.876148e-09 -20.094045
46 6.797774e-10 -21.109256
47 2.408003e-10 -22.147053
48 8.431522e-11 -23.196459
