1 1.000000e+00 0.000000
2 1.000000e+00 0.000000
3 1.000000e+00 0.000000
4 1.000000e+00 0.000000
5 1.000000e+00 0.000000
6 9.976667e-01 -0.002336
7 9.901129e-01 -0.009936
8 9.729097e-01 -0.027464
9 9.439386e-01 -0.057694
10 8.969305e-01 -0.108777
11 8.348792e-01 -0.180468
12 7.577224e-01 -0.277438
13 6.640563e-01 -0.409388
14 5.667720e-01 -0.567798
15 4.668312e-01 -0.761787
16 3.756533e-01 -0.979089
17 2.894519e-01 -1.239766
18 2.154004e-01 -1.535256
19 1.573670e-01 -1.849174
20 1.108651e-01 -2.199441
21 7.458052e-02 -2.595876
22 4.913839e-02 -3.013115
23 3.210232e-02 -3.438827
24 2.033147e-02 -3.895585
25 1.251199e-02 -4.381068
26 7.574565e-03 -4.882959
27 4.447672e-03 -5.415374
28 2.537715e-03 -5.976491
29 1.373079e-03 -6.590700
30 7.303406e-04 -7.222000
31 3.753244e-04 -7.887720
32 1.903950e-04 -8.566410
33 9.426284e-05 -9.269423
34 4.666288e-05 -9.972562
35 2.218887e-05 -10.715920
36 1.023277e-05 -11.489916
37 4.548879e-06 -12.300630
38 2.002704e-06 -13.121012
39 8.516113e-07 -13.976136
40 3.547813e-07 -14.851764
41 1.448806e-07 -15.747356
42 5.771765e-08 -16.667703
43 2.247364e-08 -17.610923
44 8.609959e-09 -18.570346
45 3.223186e-09 -19.552896
46 1.179896e-09 -20.557839
47 4.221769e-10 -21.585597
48 1.448243e-10 -22.655500
