1 1.000000e+00 0.000000
2 1.000000e+00 0.000000
3 1.000000e+00 0.000000
4 1.000000e+00 0.000000
5 1.000000e+00 0.000000
6 9.988333e-01 -0.001167
7 9.928403e-01 -0.007185
8 9.754656e-01 -0.024840
9 9.454430e-01 -0.056102
10 9.017635e-01 -0.103403
11 8.381482e-01 -0.176560
12 7.552414e-01 -0.280718
13 6.609524e-01 -0.414073
14 5.630842e-01 -0.574326
15 4.624798e-01 -0.771152
16 3.723830e-01 -0.987832
17 2.881149e-01 -1.244396
18 2.154619e-01 -1.534971
19 1.563573e-01 -1.855611
20 1.106306e-01 -2.201558
21 7.539213e-02 -2.585052
22 4.964915e-02 -3.002774
23 3.144734e-02 -3.459441
24 1.923529e-02 -3.951009
25 1.176199e-02 -4.442882
26 6.991148e-03 -4.963110
27 4.100179e-03 -5.496725
28 2.336516e-03 -6.059094
29 1.294269e-03 -6.649809
30 7.038234e-04 -7.258983
31 3.813134e-04 -7.871889
32 2.040980e-04 -8.496910
33 1.070958e-04 -9.141787
34 5.578430e-05 -9.794018
35 2.796069e-05 -10.484711
36 1.367511e-05 -11.199934
37 6.596206e-06 -11.929016
38 3.110458e-06 -12.680741
39 1.423393e-06 -13.462467
40 6.421284e-07 -14.258478
41 2.803595e-07 -15.087193
42 1.199805e-07 -15.935936
43 4.915853e-08 -16.828215
44 1.976508e-08 -17.739349
45 7.779097e-09 -18.671826
46 2.932043e-09 -19.647566
47 1.081799e-09 -20.644640
48 3.831823e-10 -21.682510
