1 1.000000e+00 0.000000
2 1.000000e+00 0.000000
3 1.000000e+00 0.000000
4 1.000000e+00 0.000000
5 1.000000e+00 0.000000
6 9.988333e-01 -0.001167
7 9.904146e-01 -0.009632
8 9.722157e-01 -0.028178
9 9.430493e-01 -0.058637
10 8.973114e-01 -0.108352
11 8.317261e-01 -0.184252
12 7.550686e-01 -0.280947
13 6.687004e-01 -0.402419
14 5.702582e-01 -0.561666
15 4.721357e-01 -0.750489
16 3.753479e-01 -0.979902
17 2.891945e-01 -1.240656
18 2.157070e-01 -1.533834
19 1.546619e-01 -1.866514
20 1.091294e-01 -2.215221
21 7.465493e-02 -2.594879
22 4.940799e-02 -3.007643
23 3.182949e-02 -3.447362
24 1.972632e-02 -3.925801
25 1.175294e-02 -4.443652
26 6.735341e-03 -5.000387
27 3.745349e-03 -5.587241
28 2.020749e-03 -6.204287
29 1.066050e-03 -6.843795
30 5.511122e-04 -7.503572
31 2.768539e-04 -8.192021
32 1.367745e-04 -8.897177
33 6.503833e-05 -9.640534
34 3.021031e-05 -10.407327
35 1.364643e-05 -11.202033
36 5.956286e-06 -12.031063
37 2.531100e-06 -12.886857
38 1.051872e-06 -13.764939
39 4.239852e-07 -14.673567
40 1.699015e-07 -15.588047
41 6.630716e-08 -16.528968
42 2.481940e-08 -17.511640
43 9.031953e-09 -18.522497
44 3.274083e-09 -19.537228
45 1.172704e-09 -20.563954
46 4.069282e-10 -21.622384
47 1.374984e-10 -22.707409
48 4.567527e-11 -23.809464
