1 1.000000e+00 0.000000
2 1.000000e+00 0.000000
3 1.000000e+00 0.000000
4 1.000000e+00 0.000000
5 1.000000e+00 0.000000
6 9.991667e-01 -0.000834
7 9.916015e-01 -0.008434
8 9.749922e-01 -0.025326
9 9.459591e-01 -0.055556
10 8.981882e-01 -0.107376
11 8.318039e-01 -0.184159
12 7.536837e-01 -0.282783
13 6.656186e-01 -0.407038
14 5.703876e-01 -0.561439
15 4.728894e-01 -0.748894
16 3.823310e-01 -0.961468
17 3.019965e-01 -1.197340
18 2.311280e-01 -1.464784
19 1.710956e-01 -1.765533
20 1.226242e-01 -2.098631
21 8.498440e-02 -2.465288
22 5.813706e-02 -2.844952
23 3.856256e-02 -3.255473
24 2.486000e-02 -3.694495
25 1.568069e-02 -4.155325
26 9.547129e-03 -4.651515
27 5.581181e-03 -5.188355
28 3.129847e-03 -5.766771
29 1.728215e-03 -6.360666
30 9.332937e-04 -6.976791
31 4.912136e-04 -7.618632
32 2.555078e-04 -8.272258
33 1.299373e-04 -8.948458
34 6.496102e-05 -9.641723
35 3.237843e-05 -10.338018
36 1.602642e-05 -11.041272
37 7.790574e-06 -11.762596
38 3.719999e-06 -12.501787
39 1.748304e-06 -13.256864
40 8.067987e-07 -14.030192
41 3.603635e-07 -14.836153
42 1.583369e-07 -15.658541
43 6.746255e-08 -16.511693
44 2.802916e-08 -17.390021
45 1.128641e-08 -18.299667
46 4.431878e-09 -19.234442
47 1.694863e-09 -20.195664
48 6.295357e-10 -21.186038
