1 1.000000e+00 0.000000
2 1.000000e+00 0.000000
3 1.000000e+00 0.000000
4 1.000000e+00 0.000000
5 1.000000e+00 0.000000
6 9.988333e-01 -0.001167
7 9.921269e-01 -0.007904
8 9.756328e-01 -0.024669
9 9.465806e-01 -0.054899
10 9.055937e-01 -0.099165
11 8.422021e-01 -0.171735
12 7.638773e-01 -0.269348
13 6.699204e-01 -0.400596
14 5.694802e-01 -0.563031
15 4.705045e-01 -0.753950
16 3.710222e-01 -0.991493
17 2.836792e-01 -1.259911
18 2.095444e-01 -1.562820
19 1.501661e-01 -1.896013
20 1.058972e-01 -2.245287
21 7.148562e-02 -2.638259
22 4.681008e-02 -3.061657
23 2.986890e-02 -3.510937
24 1.840796e-02 -3.994972
25 1.112430e-02 -4.498624
26 6.442679e-03 -5.044811
27 3.682110e-03 -5.604269
28 2.037128e-03 -6.196215
29 1.083120e-03 -6.827910
30 5.625001e-04 -7.483119
31 2.809053e-04 -8.177493
32 1.361074e-04 -8.902066
33 6.469639e-05 -9.645805
34 3.008192e-05 -10.411586
35 1.366664e-05 -11.200552
36 5.991305e-06 -12.025201
37 2.529464e-06 -12.887503
38 1.065237e-06 -13.752313
39 4.289355e-07 -14.661959
40 1.665771e-07 -15.607807
41 6.359589e-08 -16.570717
42 2.409224e-08 -17.541376
43 8.963435e-09 -18.530112
44 3.313619e-09 -19.525225
45 1.191430e-09 -20.548111
46 4.186841e-10 -21.593904
47 1.424951e-10 -22.671713
48 4.692543e-11 -23.782461
