1 1.000000e+00 0.000000
2 1.000000e+00 0.000000
3 1.000000e+00 0.000000
4 1.000000e+00 0.000000
5 1.000000e+00 0.000000
6 9.978333e-01 -0.002169
7 9.907060e-01 -0.009338
8 9.765884e-01 -0.023690
9 9.500035e-01 -0.051290
10 9.053533e-01 -0.099430
11 8.371226e-01 -0.177785
12 7.560612e-01 -0.279633
13 6.662644e-01 -0.406069
14 5.662296e-01 -0.568756
15 4.643460e-01 -0.767125
16 3.730149e-01 -0.986137
17 2.892402e-01 -1.240498
18 2.150179e-01 -1.537034
19 1.533644e-01 -1.874939
20 1.063429e-01 -2.241087
21 7.176624e-02 -2.634341
22 4.741791e-02 -3.048755
23 3.037632e-02 -3.494092
24 1.887762e-02 -3.969778
25 1.131374e-02 -4.481738
26 6.555874e-03 -5.027394
27 3.633169e-03 -5.617650
28 1.950622e-03 -6.239607
29 1.021588e-03 -6.886397
30 5.356186e-04 -7.532088
31 2.753252e-04 -8.197558
32 1.355030e-04 -8.906517
33 6.535352e-05 -9.635699
34 3.055085e-05 -10.396118
35 1.396261e-05 -11.179127
36 6.226161e-06 -11.986751
37 2.725039e-06 -12.813028
38 1.163090e-06 -13.664431
39 4.885275e-07 -14.531870
40 2.015787e-07 -15.417086
41 8.105429e-08 -16.328147
42 3.176942e-08 -17.264762
43 1.211080e-08 -18.229168
44 4.513475e-09 -19.216199
45 1.648622e-09 -20.223326
46 5.933963e-10 -21.245159
47 2.066661e-10 -22.299917
48 7.039993e-11 -23.376829
