1 1.000000e+00 0.000000
2 1.000000e+00 0.000000
3 1.000000e+00 0.000000
4 1.000000e+00 0.000000
5 1.000000e+00 0.000000
6 9.981667e-01 -0.001835
7 9.926055e-01 -0.007422
8 9.770960e-01 -0.023170
9 9.490859e-01 -0.052256
10 9.061872e-01 -0.098509
11 8.414360e-01 -0.172645
12 7.633928e-01 -0.269983
13 6.710223e-01 -0.398953
14 5.723341e-01 -0.558032
15 4.732440e-01 -0.748144
16 3.821445e-01 -0.961956
17 2.974883e-01 -1.212380
18 2.248681e-01 -1.492241
19 1.646626e-01 -1.803857
20 1.169022e-01 -2.146417
21 8.016709e-02 -2.523642
22 5.366458e-02 -2.925002
23 3.444333e-02 -3.368440
24 2.143666e-02 -3.842653
25 1.295461e-02 -4.346304
26 7.580437e-03 -4.882184
27 4.309338e-03 -5.446971
28 2.374137e-03 -6.043121
29 1.279660e-03 -6.661161
30 6.691769e-04 -7.309462
31 3.385388e-04 -7.990872
32 1.695656e-04 -8.682271
33 8.289189e-05 -9.397973
34 4.048537e-05 -10.114570
35 1.955675e-05 -10.842190
36 9.375288e-06 -11.577433
37 4.508247e-06 -12.309602
38 2.144383e-06 -13.052659
39 1.000217e-06 -13.815293
40 4.548238e-07 -14.603356
41 2.051921e-07 -15.399319
42 9.011841e-08 -16.222141
43 3.928953e-08 -17.052308
44 1.722310e-08 -17.877014
45 7.367278e-09 -18.726218
46 3.045889e-09 -19.609473
47 1.232483e-09 -20.514235
48 4.845457e-10 -21.447809
