1 1.000000e+00 0.000000
2 1.000000e+00 0.000000
3 1.000000e+00 0.000000
4 1.000000e+00 0.000000
5 1.000000e+00 0.000000
6 9.983333e-01 -0.001668
7 9.920581e-01 -0.007974
8 9.780453e-01 -0.022199
9 9.494646e-01 -0.051857
10 9.026560e-01 -0.102414
11 8.405369e-01 -0.173714
12 7.618066e-01 -0.272063
13 6.666394e-01 -0.405506
14 5.694529e-01 -0.563079
15 4.713931e-01 -0.752063
16 3.820936e-01 -0.962090
17 3.030227e-01 -1.193948
18 2.306844e-01 -1.466705
19 1.705729e-01 -1.768592
20 1.210471e-01 -2.111576
21 8.326886e-02 -2.485681
22 5.542678e-02 -2.892692
23 3.523697e-02 -3.345659
24 2.180728e-02 -3.825511
25 1.311577e-02 -4.333940
26 7.689373e-03 -4.867916
27 4.438762e-03 -5.417380
28 2.512498e-03 -5.986478
29 1.391750e-03 -6.577193
30 7.419422e-04 -7.206239
31 3.886341e-04 -7.852872
32 2.007902e-04 -8.513250
33 1.008271e-04 -9.202103
34 5.018522e-05 -9.899790
35 2.437568e-05 -10.621925
36 1.171725e-05 -11.354448
37 5.457389e-06 -12.118540
38 2.473921e-06 -12.909706
39 1.093410e-06 -13.726210
40 4.745671e-07 -14.560863
41 2.041564e-07 -15.404379
42 8.586237e-08 -16.270520
43 3.599430e-08 -17.139905
44 1.495727e-08 -18.018068
45 6.117523e-09 -18.912109
46 2.457648e-09 -19.824061
47 9.690978e-10 -20.754656
48 3.728604e-10 -21.709817
