1 1.000000e+00 0.000000
2 1.000000e+00 0.000000
3 1.000000e+00 0.000000
4 1.000000e+00 0.000000
5 1.000000e+00 0.000000
6 9.985000e-01 -0.001501
7 9.930796e-01 -0.006944
8 9.773144e-01 -0.022947
9 9.439772e-01 -0.057653
10 8.937576e-01 -0.112321
11 8.292445e-01 -0.187240
12 7.506045e-01 -0.286876
13 6.567212e-01 -0.420496
14 5.608399e-01 -0.578320
15 4.601504e-01 -0.776202
16 3.662510e-01 -1.004436
17 2.815393e-01 -1.267483
18 2.113734e-01 -1.554129
19 1.534015e-01 -1.874697
20 1.086466e-01 -2.219655
21 7.456262e-02 -2.596116
22 4.959092e-02 -3.003948
23 3.151179e-02 -3.457393
24 1.941127e-02 -3.941902
25 1.139364e-02 -4.474700
26 6.486485e-03 -5.038035
27 3.611290e-03 -5.623690
28 1.945583e-03 -6.242194
29 1.017741e-03 -6.890170
30 5.187426e-04 -7.564103
31 2.602749e-04 -8.253772
32 1.290720e-04 -8.955141
33 6.192325e-05 -9.689615
34 2.930973e-05 -10.437591
35 1.358715e-05 -11.206386
36 6.172719e-06 -11.995371
37 2.731512e-06 -12.810655
38 1.178000e-06 -13.651692
39 4.971464e-07 -14.514381
40 2.025126e-07 -15.412464
41 8.015052e-08 -16.339359
42 3.095528e-08 -17.290722
43 1.182420e-08 -18.253118
44 4.342167e-09 -19.254892
45 1.567812e-09 -20.273585
46 5.529604e-10 -21.315735
47 1.898772e-10 -22.384644
48 6.352975e-11 -23.479513
