1 1.000000e+00 0.000000
2 1.000000e+00 0.000000
3 1.000000e+00 0.000000
4 1.000000e+00 0.000000
5 1.000000e+00 0.000000
6 9.981667e-01 -0.001835
7 9.924629e-01 -0.007566
8 9.765835e-01 -0.023695
9 9.469604e-01 -0.054498
10 9.015063e-01 -0.103688
11 8.359422e-01 -0.179196
12 7.540199e-01 -0.282337
13 6.562293e-01 -0.421245
14 5.596230e-01 -0.580492
15 4.621367e-01 -0.771895
16 3.652324e-01 -1.007221
17 2.776840e-01 -1.281271
18 2.055633e-01 -1.582001
19 1.482003e-01 -1.909190
20 1.046146e-01 -2.257472
21 7.101838e-02 -2.644817
22 4.766947e-02 -3.043464
23 3.069499e-02 -3.483656
24 1.915623e-02 -3.955127
25 1.136884e-02 -4.476879
26 6.598738e-03 -5.020877
27 3.714112e-03 -5.595616
28 2.043955e-03 -6.192868
29 1.101903e-03 -6.810716
30 5.838619e-04 -7.445846
31 3.031750e-04 -8.101200
32 1.526676e-04 -8.787248
33 7.538539e-05 -9.492897
34 3.605639e-05 -10.230426
35 1.665599e-05 -11.002741
36 7.491032e-06 -11.801804
37 3.315490e-06 -12.616905
38 1.443198e-06 -13.448649
39 6.101027e-07 -14.309638
40 2.509047e-07 -15.198192
41 1.005149e-07 -16.112960
42 3.902371e-08 -17.059096
43 1.501324e-08 -18.014334
44 5.604715e-09 -18.999658
45 2.048212e-09 -20.006299
46 7.275605e-10 -21.041324
47 2.513334e-10 -22.104241
48 8.595604e-11 -23.177185
