1 1.000000e+00 0.000000
2 1.000000e+00 0.000000
3 1.000000e+00 0.000000
4 1.000000e+00 0.000000
5 1.000000e+00 0.000000
6 9.986667e-01 -0.001334
7 9.923893e-01 -0.007640
8 9.783718e-01 -0.021865
9 9.499991e-01 -0.051294
10 9.037341e-01 -0.101220
11 8.403084e-01 -0.173986
12 7.606191e-01 -0.273623
13 6.715097e-01 -0.398227
14 5.763472e-01 -0.551045
15 4.829021e-01 -0.727941
16 3.887060e-01 -0.944932
17 3.014758e-01 -1.199066
18 2.249009e-01 -1.492095
19 1.624140e-01 -1.817607
20 1.138847e-01 -2.172569
21 7.815744e-02 -2.549030
22 5.274561e-02 -2.942275
23 3.509189e-02 -3.349785
24 2.280680e-02 -3.780696
25 1.464835e-02 -4.223427
26 9.198038e-03 -4.688765
27 5.559363e-03 -5.192272
28 3.282605e-03 -5.719118
29 1.906741e-03 -6.262360
30 1.078453e-03 -6.832228
31 5.878958e-04 -7.438961
32 3.120624e-04 -8.072307
33 1.632749e-04 -8.720076
34 8.409615e-05 -9.383550
35 4.278572e-05 -10.059306
36 2.113020e-05 -10.764807
37 1.023901e-05 -11.489306
38 4.836855e-06 -12.239246
39 2.231030e-06 -13.013047
40 1.023876e-06 -13.791916
41 4.569232e-07 -14.598750
42 2.040706e-07 -15.404800
43 8.698629e-08 -16.257515
44 3.623967e-08 -17.133111
45 1.447332e-08 -18.050959
46 5.565621e-09 -19.006657
47 2.068398e-09 -19.996492
48 7.581540e-10 -21.000135
