1 1.000000e+00 0.000000
2 1.000000e+00 0.000000
3 1.000000e+00 0.000000
4 1.000000e+00 0.000000
5 1.000000e+00 0.000000
6 9.988333e-01 -0.001167
7 9.928403e-01 -0.007185
8 9.772031e-01 -0.023061
9 9.503843e-01 -0.050889
10 9.049559e-01 -0.099869
11 8.403750e-01 -0.173907
12 7.639009e-01 -0.269317
13 6.751708e-01 -0.392790
14 5.787179e-01 -0.546940
15 4.752817e-01 -0.743848
16 3.809086e-01 -0.965196
17 2.966157e-01 -1.215318
18 2.210611e-01 -1.509316
19 1.611885e-01 -1.825181
20 1.149113e-01 -2.163595
21 7.857194e-02 -2.543741
22 5.166462e-02 -2.962982
23 3.267675e-02 -3.421091
24 2.007306e-02 -3.908377
25 1.183186e-02 -4.436959
26 6.808781e-03 -4.989542
27 3.867388e-03 -5.555176
28 2.158693e-03 -6.138252
29 1.161526e-03 -6.758021
30 6.052710e-04 -7.409834
31 3.079463e-04 -8.085585
32 1.535016e-04 -8.781800
33 7.412267e-05 -9.509789
34 3.535215e-05 -10.250151
35 1.647410e-05 -11.013721
36 7.421583e-06 -11.811118
37 3.311631e-06 -12.618070
38 1.472979e-06 -13.428224
39 6.313790e-07 -14.275359
40 2.676889e-07 -15.133440
41 1.119723e-07 -16.005014
42 4.579668e-08 -16.899054
43 1.804070e-08 -17.830636
44 7.039972e-09 -18.771662
45 2.735889e-09 -19.716809
46 1.037081e-09 -20.686856
47 3.845803e-10 -21.678868
48 1.412932e-10 -22.680184
