3 0 3628800
3 1 3628800
3 2 3628800
3 3 3623938
3 4 3623938
3 5 3612004
4 0 3628710
4 1 3614500
4 2 3628710
4 3 3580180
4 4 3614500
4 5 3580180
4 6 3614500
4 7 3493383
4 8 3614500
4 9 3348750
4 10 3550374
4 11 3393498
4 12 3580180
4 13 3073138
4 14 3580180
4 15 3073138
4 16 3042210
4 17 3042210
4 18 3348750
4 19 3073138
4 20 3393498
4 21 3036850
4 22 3042210
4 23 3042210
5 0 3500100
5 1 3166250
5 2 3500100
5 3 2716350
5 4 3226170
5 5 2685210
5 6 3500100
5 7 3166250
5 8 3500100
5 9 2685210
5 10 3226170
5 11 2716350
5 12 3500100
5 13 2716350
5 14 3500100
5 15 2716350
5 16 2685210
5 17 2685210
5 18 3166250
5 19 2716350
5 20 3226170
5 21 2681040
5 22 2685210
5 23 2685210
5 24 3166250
5 25 2721776
5 26 3166250
5 27 2231945
5 28 2783272
5 29 2214272
5 30 3226170
5 31 2783272
5 32 3166250
5 33 2214272
5 34 2970263
5 35 2278704
5 36 3226170
5 37 2323450
5 38 3226170
5 39 2272881
5 40 2287918
5 41 2288585
5 42 2970263
5 43 2333979
5 44 2991352
5 45 2291384
5 46 2336459
5 47 2305366
5 48 2716350
5 49 2231945
5 50 2716350
5 51 1479242
5 52 2323450
5 53 1469419
5 54 2685210
5 55 2214272
5 56 2716350
5 57 1455426
5 58 2333979
5 59 1456346
5 60 2685210
5 61 1469419
5 62 2685210
5 63 1466963
5 64 1438112
5 65 1438112
5 66 2287918
5 67 1481275
5 68 2336459
5 69 1464870
5 70 1454402
5 71 1454402
5 72 2685210
5 73 1479242
5 74 2716350
5 75 1491822
5 76 1469419
5 77 1479242
5 78 2716350
5 79 1469419
5 80 2681040
5 81 1466870
5 82 1481275
5 83 1464870
5 84 2685210
5 85 1479242
5 86 2685210
5 87 1457407
5 88 1454402
5 89 1454402
5 90 1438112
5 91 1454402
5 92 1454402
5 93 1436898
5 94 1438112
5 95 1438112
5 96 2214272
5 97 1455426
5 98 2272881
5 99 1466870
5 100 1466963
5 101 1457407
5 102 2278704
5 103 1456346
5 104 2291384
5 105 1436410
5 106 1464870
5 107 1462680
5 108 2288585
5 109 1464870
5 110 2305366
5 111 1462680
5 112 1436898
5 113 1436898
5 114 1438112
5 115 1454402
5 116 1454402
5 117 1436898
5 118 1438112
5 119 1438112
6 0 2209770
6 1 1865280
6 2 2209770
6 3 1019530
6 4 1922680
6 5 1010720
6 6 2207430
6 7 1864580
6 8 2235150
6 9 1020750
6 10 1954520
6 11 1026780
6 12 2235150
6 13 1025950
6 14 2209770
6 15 1026760
6 16 1020330
6 17 1019940
6 18 1927090
6 19 1026780
6 20 1963590
6 21 1019130
6 22 1019940
6 23 1010720
6 24 2209770
6 25 1865280
6 26 2209770
6 27 1019530
6 28 1922680
6 29 1010720
6 30 2235150
6 31 1876480
6 32 2209770
6 33 1010720
6 34 1959360
6 35 1019940
6 36 2235150
6 37 1034790
6 38 2235150
6 39 1019130
6 40 1027880
6 41 1026780
6 42 1989540
6 43 1027880
6 44 1996820
6 45 1026760
6 46 1033970
6 47 1020750
6 48 2235150
6 49 1876480
6 50 2235150
6 51 1033970
6 52 1955740
6 53 1027880
6 54 2209770
6 55 1865280
6 56 2235150
6 57 1019940
6 58 1965110
6 59 1020330
6 60 2209770
6 61 1027880
6 62 2209770
6 63 1026780
6 64 1010720
6 65 1010720
6 66 1923850
6 67 1034790
6 68 1965000
6 69 1025950
6 70 1019530
6 71 1019530
6 72 2209770
6 73 1033970
6 74 2235150
6 75 1041230
6 76 1027880
6 77 1033970
6 78 2235150
6 79 1027880
6 80 2207430
6 81 1026760
6 82 1034790
6 83 1025950
6 84 2209770
6 85 1033970
6 86 2209770
6 87 1020750
6 88 1019530
6 89 1019530
6 90 1010720
6 91 1019530
6 92 1019530
6 93 1010270
6 94 1010720
6 95 1010720
6 96 1865280
6 97 1019940
6 98 1913940
6 99 1026760
6 100 1026780
6 101 1020750
6 102 1918070
6 103 1020330
6 104 1925690
6 105 1010170
6 106 1025950
6 107 1025100
6 108 1924330
6 109 1025950
6 110 1936850
6 111 1025100
6 112 1010270
6 113 1010270
6 114 1010720
6 115 1019530
6 116 1019530
6 117 1010270
6 118 1010720
6 119 1010720
6 120 1865280
6 121 1519324
6 122 1865280
6 123 929862
6 124 1555680
6 125 921382
6 126 1864580
6 127 1519144
6 128 1876480
6 129 924624
6 130 1571934
6 131 932186
6 132 1876480
6 133 932025
6 134 1865280
6 135 932283
6 136 924509
6 137 924504
6 138 1549463
6 139 932274
6 140 1575883
6 141 923525
6 142 924372
6 143 921382
6 144 1922680
6 145 1555680
6 146 1922680
6 147 942554
6 148 1578343
6 149 940030
6 150 1927090
6 151 1549463
6 152 1865280
6 153 921382
6 154 1683945
6 155 938473
6 156 1989540
6 157 980291
6 158 1918070
6 159 939621
6 160 971195
6 161 950499
6 162 1734828
6 163 977231
6 164 1715288
6 165 948523
6 166 977876
6 167 944346
6 168 1954520
6 169 1571934
6 170 1955740
6 171 966717
6 172 1620183
6 173 965846
6 174 1963590
6 175 1575883
6 176 1913940
6 177 940734
6 178 1694163
6 179 941561
6 180 1923850
6 181 961136
6 182 1924330
6 183 949753
6 184 940326
6 185 940274
6 186 1651199
6 187 981044
6 188 1703060
6 189 950015
6 190 954097
6 191 952650
6 192 1959360
6 193 976970
6 194 1965110
6 195 979402
6 196 969814
6 197 971924
6 198 1996820
6 199 981668
6 200 1925690
6 201 952769
6 202 980523
6 203 949377
6 204 1965000
6 205 975336
6 206 1936850
6 207 946248
6 208 956713
6 209 952704
6 210 960171
6 211 962441
6 212 974847
6 213 944657
6 214 959834
6 215 945567
6 216 1683945
6 217 959523
6 218 1694163
6 219 962244
6 220 962221
6 221 960088
6 222 1715288
6 223 975598
6 224 1693064
6 225 941432
6 226 983688
6 227 952283
6 228 1703060
6 229 983623
6 230 1699926
6 231 954231
6 232 958143
6 233 944615
6 234 965216
6 235 966970
6 236 977280
6 237 945372
6 238 961389
6 239 944587
6 240 1019530
6 241 929862
6 242 1019530
6 243 339637
6 244 942554
6 245 338937
6 246 1025950
6 247 932025
6 248 1033970
6 249 342527
6 250 976970
6 251 342909
6 252 1034790
6 253 344225
6 254 1027880
6 255 342687
6 256 344233
6 257 342714
6 258 980291
6 259 344094
6 260 981668
6 261 342874
6 262 344382
6 263 340896
6 264 1010720
6 265 921382
6 266 1010720
6 267 338937
6 268 940030
6 269 337210
6 270 1026780
6 271 932274
6 272 1019940
6 273 339000
6 274 959523
6 275 339402
6 276 1027880
6 277 344094
6 278 1020330
6 279 339112
6 280 342987
6 281 341049
6 282 977231
6 283 341052
6 284 975598
6 285 341051
6 286 342864
6 287 339300
6 288 1020330
6 289 924509
6 290 1027880
6 291 342926
6 292 969814
6 293 342987
6 294 1019940
6 295 924372
6 296 1026780
6 297 340923
6 298 962221
6 299 341049
6 300 1010720
6 301 340896
6 302 1010720
6 303 340805
6 304 337210
6 305 337210
6 306 960171
6 307 344382
6 308 965216
6 309 343809
6 310 339221
6 311 339221
6 312 1027880
6 313 344233
6 314 1034790
6 315 345632
6 316 344359
6 317 345814
6 318 1033970
6 319 344382
6 320 1025950
6 321 342214
6 322 345814
6 323 343913
6 324 1019530
6 325 342874
6 326 1019530
6 327 342355
6 328 339095
6 329 339095
6 330 341052
6 331 344094
6 332 342746
6 333 342140
6 334 340630
6 335 340630
6 336 971195
6 337 342987
6 338 980523
6 339 344845
6 340 345814
6 341 343054
6 342 977876
6 343 342864
6 344 983688
6 345 343740
6 346 344229
6 347 342672
6 348 974847
6 349 345573
6 350 977280
6 351 345279
6 352 340635
6 353 340635
6 354 342746
6 355 344232
6 356 343295
6 357 343572
6 358 339346
6 359 339346
6 360 1020750
6 361 924624
6 362 1033970
6 363 343295
6 364 966717
6 365 342746
6 366 1026760
6 367 932283
6 368 1041230
6 369 344343
6 370 979402
6 371 344552
6 372 1027880
6 373 344229
6 374 1033970
6 375 345757
6 376 342864
6 377 343241
6 378 961136
6 379 345814
6 380 975336
6 381 345632
6 382 342987
6 383 342926
6 384 1026780
6 385 932186
6 386 1027880
6 387 342746
6 388 965846
6 389 341052
6 390 1019130
6 391 923525
6 392 1026760
6 393 340807
6 394 962244
6 395 341051
6 396 1034790
6 397 345814
6 398 1025950
6 399 342224
6 400 344382
6 401 343809
6 402 981044
6 403 344359
6 404 983623
6 405 343859
6 406 344233
6 407 342507
6 408 1019940
6 409 924504
6 410 1033970
6 411 343241
6 412 971924
6 413 342864
6 414 1010720
6 415 921382
6 416 1020750
6 417 339301
6 418 960088
6 419 339300
6 420 1019530
6 421 342714
6 422 1019530
6 423 342356
6 424 339221
6 425 339221
6 426 962441
6 427 344233
6 428 966970
6 429 342507
6 430 339278
6 431 339278
6 432 1010720
6 433 342864
6 434 1019530
6 435 344552
6 436 341052
6 437 342746
6 438 1019530
6 439 342987
6 440 1010270
6 441 340981
6 442 344094
6 443 342140
6 444 1010720
6 445 342909
6 446 1010720
6 447 340949
6 448 340630
6 449 340630
6 450 337210
6 451 338937
6 452 338937
6 453 337148
6 454 337210
6 455 337210
6 456 940326
6 457 344382
6 458 956713
6 459 345573
6 460 344094
6 461 344232
6 462 954097
6 463 344233
6 464 958143
6 465 342307
6 466 344225
6 467 343685
6 468 959834
6 469 345317
6 470 961389
6 471 343794
6 472 340508
6 473 340508
6 474 338937
6 475 339637
6 476 339637
6 477 338925
6 478 338937
6 479 338937
6 480 1010720
6 481 342527
6 482 1019940
6 483 344343
6 484 342926
6 485 343241
6 486 1019130
6 487 342687
6 488 1026760
6 489 344683
6 490 345632
6 491 345757
6 492 1026780
6 493 345757
6 494 1020750
6 495 344683
6 496 344552
6 497 344343
6 498 340896
6 499 342714
6 500 342874
6 501 342687
6 502 342909
6 503 342527
6 504 1019940
6 505 342909
6 506 1020330
6 507 344552
6 508 342987
6 509 342864
6 510 1026760
6 511 342874
6 512 1010170
6 513 340861
6 514 344845
6 515 343740
6 516 1025950
6 517 345632
6 518 1025100
6 519 342569
6 520 345573
6 521 345279
6 522 344382
6 523 344233
6 524 345573
6 525 342307
6 526 345317
6 527 343794
6 528 1026780
6 529 342714
6 530 1025950
6 531 345757
6 532 345814
6 533 344229
6 534 1020750
6 535 340896
6 536 1025100
6 537 342463
6 538 343054
6 539 342672
6 540 1010270
6 541 342687
6 542 1010270
6 543 340829
6 544 340635
6 545 340635
6 546 344094
6 547 344225
6 548 344232
6 549 343685
6 550 340508
6 551 340508
6 552 1010720
6 553 343241
6 554 1019530
6 555 344343
6 556 342746
6 557 343295
6 558 1019530
6 559 342926
6 560 1010270
6 561 340937
6 562 344232
6 563 343572
6 564 1010720
6 565 342527
6 566 1010720
6 567 339137
6 568 339346
6 569 339346
6 570 338937
6 571 339637
6 572 339637
6 573 338925
6 574 338937
6 575 338937
6 576 337210
6 577 339221
6 578 339095
6 579 340635
6 580 340630
6 581 339346
6 582 339221
6 583 339278
6 584 340635
6 585 337134
6 586 340508
6 587 340374
6 588 340630
6 589 340508
6 590 339346
6 591 340374
6 592 337144
6 593 337144
6 594 337210
6 595 338937
6 596 338937
6 597 337148
6 598 337210
6 599 337210
6 600 921382
6 601 339000
6 602 940734
6 603 340807
6 604 340923
6 605 339301
6 606 939621
6 607 339112
6 608 952769
6 609 340861
6 610 342214
6 611 342463
6 612 949753
6 613 342224
6 614 946248
6 615 342569
6 616 340981
6 617 340937
6 618 340805
6 619 342356
6 620 342355
6 621 340829
6 622 340949
6 623 339137
6 624 938473
6 625 339402
6 626 941561
6 627 341051
6 628 341049
6 629 339300
6 630 948523
6 631 341051
6 632 941432
6 633 337138
6 634 343740
6 635 340722
6 636 950015
6 637 343859
6 638 954231
6 639 340541
6 640 342307
6 641 342081
6 642 343809
6 643 342507
6 644 345279
6 645 342081
6 646 343794
6 647 340960
6 648 950499
6 649 341049
6 650 949377
6 651 343740
6 652 343913
6 653 342672
6 654 944346
6 655 339300
6 656 952283
6 657 340722
6 658 342672
6 659 340826
6 660 944657
6 661 342307
6 662 945372
6 663 342081
6 664 337134
6 665 337134
6 666 342140
6 667 343685
6 668 343572
6 669 341847
6 670 340374
6 671 340374
6 672 940274
6 673 343809
6 674 952704
6 675 345279
6 676 342140
6 677 343572
6 678 952650
6 679 342507
6 680 944615
6 681 342081
6 682 343685
6 683 341847
6 684 945567
6 685 343794
6 686 944587
6 687 340960
6 688 340374
6 689 340374
6 690 337148
6 691 338925
6 692 338925
6 693 337085
6 694 337148
6 695 337148
6 696 337210
6 697 339221
6 698 339095
6 699 340635
6 700 340630
6 701 339346
6 702 339221
6 703 339278
6 704 340635
6 705 337134
6 706 340508
6 707 340374
6 708 340630
6 709 340508
6 710 339346
6 711 340374
6 712 337144
6 713 337144
6 714 337210
6 715 338937
6 716 338937
6 717 337148
6 718 337210
6 719 337210
7 0 629640
7 1 661750
7 2 629640
7 3 180960
7 4 671030
7 5 180430
7 6 629550
7 7 661730
7 8 633060
7 9 181030
7 10 679120
7 11 181490
7 12 633060
7 13 181470
7 14 629640
7 15 181490
7 16 181020
7 17 181010
7 18 673030
7 19 181490
7 20 680030
7 21 180990
7 22 181010
7 23 180430
7 24 629550
7 25 661410
7 26 629550
7 27 180960
7 28 671010
7 29 180420
7 30 635760
7 31 667750
7 32 633330
7 33 180990
7 34 686170
7 35 181540
7 36 635940
7 37 182490
7 38 636120
7 39 181520
7 40 182050
7 41 182020
7 42 692820
7 43 181990
7 44 693340
7 45 182020
7 46 182510
7 47 181520
7 48 635760
7 49 667750
7 50 635940
7 51 182470
7 52 684250
7 53 181990
7 54 629550
7 55 661730
7 56 636120
7 57 181540
7 58 686830
7 59 181550
7 60 633240
7 61 182080
7 62 633150
7 63 182040
7 64 181020
7 65 181020
7 66 680430
7 67 182530
7 68 687850
7 69 182000
7 70 181560
7 71 181540
7 72 633330
7 73 182510
7 74 636120
7 75 183000
7 76 182050
7 77 182510
7 78 636120
7 79 182020
7 80 632970
7 81 182060
7 82 182520
7 83 182000
7 84 633150
7 85 182500
7 86 629640
7 87 181530
7 88 181560
7 89 181520
7 90 181020
7 91 181560
7 92 181560
7 93 180990
7 94 181040
7 95 180970
7 96 671520
7 97 181540
7 98 680120
7 99 182020
7 100 182020
7 101 181520
7 102 680470
7 103 181550
7 104 680960
7 105 181030
7 106 182000
7 107 181980
7 108 680170
7 109 182000
7 110 681710
7 111 182010
7 112 180990
7 113 180980
7 114 181020
7 115 181540
7 116 181520
7 117 180980
7 118 180970
7 119 180430
7 120 629640
7 121 661750
7 122 629640
7 123 180960
7 124 671030
7 125 180430
7 126 629550
7 127 661730
7 128 633060
7 129 181030
7 130 679120
7 131 181490
7 132 633060
7 133 181470
7 134 629640
7 135 181490
7 136 181020
7 137 181010
7 138 673030
7 139 181490
7 140 680030
7 141 180990
7 142 181010
7 143 180430
7 144 633060
7 145 666970
7 146 633060
7 147 181080
7 148 671930
7 149 180960
7 150 633330
7 151 662810
7 152 629640
7 153 180430
7 154 679730
7 155 180970
7 156 639180
7 157 182580
7 158 633150
7 159 180980
7 160 182120
7 161 181540
7 162 690070
7 163 182090
7 164 688680
7 165 181520
7 166 182180
7 167 181020
7 168 635940
7 169 667810
7 170 639360
7 171 182580
7 172 685170
7 173 182560
7 174 636120
7 175 667860
7 176 632970
7 177 180980
7 178 680140
7 179 180990
7 180 636390
7 181 182140
7 182 636120
7 183 181980
7 184 181530
7 185 181520
7 186 685940
7 187 183090
7 188 693420
7 189 182000
7 190 182080
7 191 182020
7 192 639180
7 193 183010
7 194 636390
7 195 183050
7 196 182580
7 197 182610
7 198 642240
7 199 183050
7 200 636120
7 201 182010
7 202 183060
7 203 182000
7 204 639180
7 205 182690
7 206 633330
7 207 181030
7 208 182110
7 209 182020
7 210 182110
7 211 182130
7 212 182640
7 213 181550
7 214 182120
7 215 181540
7 216 687710
7 217 182120
7 218 689740
7 219 182110
7 220 182080
7 221 181530
7 222 693670
7 223 182640
7 224 689510
7 225 181530
7 226 183080
7 227 182040
7 228 693450
7 229 183060
7 230 690320
7 231 182060
7 232 182080
7 233 181520
7 234 182180
7 235 182120
7 236 182600
7 237 181540
7 238 182050
7 239 180990
7 240 633060
7 241 666970
7 242 633060
7 243 181080
7 244 671930
7 245 180960
7 246 635940
7 247 667800
7 248 639180
7 249 182050
7 250 691990
7 251 182120
7 252 639360
7 253 182580
7 254 636390
7 255 182080
7 256 182580
7 257 182080
7 258 693260
7 259 182560
7 260 693740
7 261 182110
7 262 182610
7 263 181530
7 264 629640
7 265 661750
7 266 629640
7 267 180960
7 268 671030
7 269 180430
7 270 636120
7 271 667850
7 272 633150
7 273 180970
7 274 680850
7 275 181040
7 276 636390
7 277 182560
7 278 633240
7 279 180990
7 280 182130
7 281 181560
7 282 690140
7 283 181560
7 284 689380
7 285 181560
7 286 182110
7 287 181020
7 288 633240
7 289 662770
7 290 636390
7 291 182120
7 292 687030
7 293 182130
7 294 633150
7 295 662740
7 296 636120
7 297 181540
7 298 681820
7 299 181560
7 300 629640
7 301 181530
7 302 629640
7 303 181520
7 304 180430
7 305 180430
7 306 681170
7 307 182610
7 308 683180
7 309 182510
7 310 181010
7 311 181010
7 312 636390
7 313 182580
7 314 639360
7 315 183060
7 316 182600
7 317 183090
7 318 639180
7 319 182610
7 320 635940
7 321 182000
7 322 183090
7 323 182530
7 324 633060
7 325 182110
7 326 633060
7 327 182020
7 328 180990
7 329 180990
7 330 181560
7 331 182560
7 332 182090
7 333 181990
7 334 181490
7 335 181490
7 336 687710
7 337 182130
7 338 693310
7 339 182690
7 340 183090
7 341 182140
7 342 690440
7 343 182110
7 344 694540
7 345 182500
7 346 182580
7 347 182080
7 348 689040
7 349 183050
7 350 689940
7 351 183000
7 352 181490
7 353 181490
7 354 182090
7 355 182580
7 356 182190
7 357 182470
7 358 181030
7 359 181030
7 360 633330
7 361 662790
7 362 639180
7 363 182190
7 364 685800
7 365 182090
7 366 636120
7 367 667850
7 368 642240
7 369 182600
7 370 692890
7 371 182640
7 372 636390
7 373 182580
7 374 639180
7 375 183080
7 376 182110
7 377 182180
7 378 681560
7 379 183090
7 380 689310
7 381 183060
7 382 182130
7 383 182120
7 384 636120
7 385 667830
7 386 636390
7 387 182090
7 388 685610
7 389 181560
7 390 632970
7 391 662380
7 392 636120
7 393 181520
7 394 681820
7 395 181560
7 396 639360
7 397 183090
7 398 635940
7 399 182000
7 400 182610
7 401 182510
7 402 693600
7 403 182600
7 404 694530
7 405 182520
7 406 182580
7 407 182050
7 408 633150
7 409 662770
7 410 639180
7 411 182180
7 412 688050
7 413 182110
7 414 629640
7 415 661750
7 416 633330
7 417 181020
7 418 681000
7 419 181020
7 420 633060
7 421 182080
7 422 633060
7 423 182020
7 424 181010
7 425 181010
7 426 682040
7 427 182580
7 428 683770
7 429 182050
7 430 181020
7 431 181020
7 432 629640
7 433 182110
7 434 633060
7 435 182640
7 436 181560
7 437 182090
7 438 633060
7 439 182130
7 440 629550
7 441 181550
7 442 182560
7 443 181990
7 444 629640
7 445 182120
7 446 629640
7 447 181540
7 448 181490
7 449 181490
7 450 180430
7 451 180960
7 452 180960
7 453 180420
7 454 180430
7 455 180430
7 456 671080
7 457 182610
7 458 679680
7 459 183050
7 460 182560
7 461 182580
7 462 678560
7 463 182580
7 464 680170
7 465 182020
7 466 182580
7 467 182490
7 468 680910
7 469 183010
7 470 681440
7 471 182510
7 472 181470
7 473 181470
7 474 180960
7 475 181080
7 476 181080
7 477 180960
7 478 180960
7 479 180960
7 480 629640
7 481 182050
7 482 633150
7 483 182600
7 484 182120
7 485 182180
7 486 632970
7 487 182080
7 488 636120
7 489 182660
7 490 183060
7 491 183080
7 492 636120
7 493 183080
7 494 633330
7 495 182660
7 496 182640
7 497 182600
7 498 181530
7 499 182080
7 500 182110
7 501 182080
7 502 182120
7 503 182050
7 504 633150
7 505 182120
7 506 633240
7 507 182640
7 508 182130
7 509 182110
7 510 636120
7 511 182110
7 512 629550
7 513 181530
7 514 182690
7 515 182500
7 516 635940
7 517 183060
7 518 635760
7 519 182060
7 520 183050
7 521 183000
7 522 182610
7 523 182580
7 524 183050
7 525 182020
7 526 183010
7 527 182510
7 528 636120
7 529 182080
7 530 635940
7 531 183080
7 532 183090
7 533 182580
7 534 633330
7 535 181530
7 536 635760
7 537 182040
7 538 182140
7 539 182080
7 540 629550
7 541 182080
7 542 629550
7 543 181520
7 544 181490
7 545 181490
7 546 182560
7 547 182580
7 548 182580
7 549 182490
7 550 181470
7 551 181470
7 552 629640
7 553 182180
7 554 633060
7 555 182600
7 556 182090
7 557 182190
7 558 633060
7 559 182120
7 560 629550
7 561 181540
7 562 182580
7 563 182470
7 564 629640
7 565 182050
7 566 629640
7 567 180990
7 568 181030
7 569 181030
7 570 180960
7 571 181080
7 572 181080
7 573 180960
7 574 180960
7 575 180960
7 576 180430
7 577 181010
7 578 180990
7 579 181490
7 580 181490
7 581 181030
7 582 181010
7 583 181020
7 584 181490
7 585 180420
7 586 181470
7 587 181450
7 588 181490
7 589 181470
7 590 181030
7 591 181450
7 592 180420
7 593 180420
7 594 180430
7 595 180960
7 596 180960
7 597 180420
7 598 180430
7 599 180430
7 600 661750
7 601 180970
7 602 671360
7 603 181520
7 604 181540
7 605 181020
7 606 670940
7 607 180990
7 608 678100
7 609 181530
7 610 182000
7 611 182040
7 612 676890
7 613 182000
7 614 673490
7 615 182060
7 616 181550
7 617 181540
7 618 181520
7 619 182020
7 620 182020
7 621 181520
7 622 181540
7 623 180990
7 624 670510
7 625 181040
7 626 671730
7 627 181560
7 628 181560
7 629 181020
7 630 676440
7 631 181560
7 632 671490
7 633 180420
7 634 182500
7 635 181510
7 636 676940
7 637 182520
7 638 678590
7 639 181480
7 640 182020
7 641 181980
7 642 182510
7 643 182050
7 644 183000
7 645 181980
7 646 182510
7 647 181550
7 648 677240
7 649 181560
7 650 676810
7 651 182500
7 652 182530
7 653 182080
7 654 672700
7 655 181020
7 656 677800
7 657 181510
7 658 182080
7 659 181530
7 660 672740
7 661 182020
7 662 672890
7 663 181980
7 664 180420
7 665 180420
7 666 181990
7 667 182490
7 668 182470
7 669 181940
7 670 181450
7 671 181450
7 672 671060
7 673 182510
7 674 677890
7 675 183000
7 676 181990
7 677 182470
7 678 677880
7 679 182050
7 680 672550
7 681 181980
7 682 182490
7 683 181940
7 684 672940
7 685 182510
7 686 672540
7 687 181550
7 688 181450
7 689 181450
7 690 180420
7 691 180960
7 692 180960
7 693 180410
7 694 180420
7 695 180420
7 696 180430
7 697 181010
7 698 180990
7 699 181490
7 700 181490
7 701 181030
7 702 181010
7 703 181020
7 704 181490
7 705 180420
7 706 181470
7 707 181450
7 708 181490
7 709 181470
7 710 181030
7 711 181450
7 712 180420
7 713 180420
7 714 180430
7 715 180960
7 716 180960
7 717 180420
7 718 180430
7 719 180430
7 720 661750
7 721 577672
7 722 661750
7 723 224070
7 724 589070
7 725 222768
7 726 661410
7 727 577585
7 728 666970
7 729 224229
7 730 596690
7 731 225190
7 732 666970
7 733 225089
7 734 661750
7 735 225188
7 736 224178
7 737 224130
7 738 590295
7 739 225190
7 740 598177
7 741 224031
7 742 224130
7 743 222768
7 744 661730
7 745 577585
7 746 661730
7 747 224070
7 748 589066
7 749 222766
7 750 667750
7 751 581216
7 752 662790
7 753 222905
7 754 599666
7 755 224259
7 756 667810
7 757 226515
7 758 667830
7 759 224160
7 760 225456
7 761 225319
7 762 606592
7 763 225444
7 764 607712
7 765 225317
7 766 226423
7 767 224348
7 768 667750
7 769 581216
7 770 667800
7 771 226415
7 772 598656
7 773 225443
7 774 661730
7 775 577668
7 776 667850
7 777 224259
7 778 600656
7 779 224307
7 780 662770
7 781 225464
7 782 662770
7 783 225325
7 784 222913
7 785 222913
7 786 592310
7 787 226523
7 788 600942
7 789 225220
7 790 224217
7 791 224213
7 792 662810
7 793 226425
7 794 667850
7 795 227536
7 796 225458
7 797 226425
7 798 667860
7 799 225452
7 800 662380
7 801 225327
7 802 226522
7 803 225218
7 804 662740
7 805 226421
7 806 661750
7 807 224352
7 808 224217
7 809 224209
7 810 222913
7 811 224217
7 812 224217
7 813 222853
7 814 222917
7 815 222903
7 816 580841
7 817 224261
7 818 590841
7 819 225319
7 820 225321
7 821 224350
7 822 591514
7 823 224309
7 824 592663
7 825 222853
7 826 225220
7 827 225115
7 828 592255
7 829 225218
7 830 594405
7 831 225123
7 832 222853
7 833 222853
7 834 222913
7 835 224212
7 836 224208
7 837 222851
7 838 222900
7 839 222768
7 840 671030
7 841 589070
7 842 671030
7 843 225583
7 844 598394
7 845 224458
7 846 671010
7 847 589066
7 848 671930
7 849 224596
7 850 600654
7 851 225703
7 852 671930
7 853 225700
7 854 671030
7 855 225705
7 856 224594
7 857 224594
7 858 592274
7 859 225705
7 860 600914
7 861 224539
7 862 224591
7 863 224458
7 864 673030
7 865 590295
7 866 673030
7 867 224839
7 868 592274
7 869 224763
7 870 671520
7 871 580841
7 872 661750
7 873 222768
7 874 610884
7 875 224390
7 876 687710
7 877 229189
7 878 670510
7 879 224457
7 880 228026
7 881 225931
7 882 626619
7 883 228274
7 884 622432
7 885 225810
7 886 228273
7 887 224694
7 888 692820
7 889 606592
7 890 693260
7 891 229238
7 892 617823
7 893 229278
7 894 680470
7 895 591514
7 896 670940
7 897 224580
7 898 613201
7 899 224640
7 900 687710
7 901 229417
7 902 677240
7 903 226901
7 904 227650
7 905 226088
7 906 628752
7 907 230924
7 908 629628
7 909 227009
7 910 228098
7 911 227184
7 912 690070
7 913 230678
7 914 690140
7 915 230802
7 916 229622
7 917 229646
7 918 693670
7 919 230476
7 920 676440
7 921 226958
7 922 230417
7 923 226885
7 924 690440
7 925 229822
7 926 672700
7 927 224769
7 928 228116
7 929 227183
7 930 228446
7 931 228462
7 932 229785
7 933 226165
7 934 228346
7 935 226134
7 936 626619
7 937 228137
7 938 628864
7 939 228197
7 940 228198
7 941 228025
7 942 634947
7 943 229589
7 944 625056
7 945 226025
7 946 230691
7 947 227107
7 948 634997
7 949 231146
7 950 625715
7 951 227237
7 952 228324
7 953 226029
7 954 228491
7 955 228491
7 956 229596
7 957 226122
7 958 228098
7 959 224719
7 960 679120
7 961 596690
7 962 679120
7 963 226243
7 964 600654
7 965 226022
7 966 684250
7 967 598656
7 968 685800
7 969 227587
7 970 620896
7 971 227892
7 972 685170
7 973 228681
7 974 685610
7 975 227886
7 976 228678
7 977 227704
7 978 617823
7 979 228757
7 980 620253
7 981 227705
7 982 228777
7 983 227576
7 984 680030
7 985 598177
7 986 680030
7 987 226271
7 988 600914
7 989 226145
7 990 680120
7 991 590841
7 992 671360
7 993 224525
7 994 613896
7 995 224798
7 996 689740
7 997 229688
7 998 671730
7 999 224525
7 1000 228401
7 1001 226124
7 1002 628864
7 1003 228457
7 1004 625014
7 1005 226124
7 1006 228407
7 1007 224821
7 1008 680430
7 1009 592310
7 1010 681560
7 1011 227938
7 1012 614033
7 1013 228083
7 1014 680170
7 1015 592255
7 1016 676890
7 1017 226002
7 1018 616271
7 1019 226132
7 1020 671080
7 1021 226404
7 1022 671060
7 1023 226030
7 1024 224464
7 1025 224462
7 1026 620565
7 1027 229574
7 1028 624391
7 1029 228339
7 1030 226080
7 1031 226064
7 1032 685940
7 1033 230246
7 1034 693600
7 1035 230941
7 1036 229205
7 1037 230682
7 1038 693450
7 1039 230482
7 1040 676940
7 1041 226897
7 1042 230598
7 1043 228200
7 1044 678560
7 1045 228000
7 1046 677880
7 1047 227246
7 1048 225971
7 1049 225961
7 1050 227582
7 1051 229244
7 1052 229196
7 1053 227147
7 1054 227251
7 1055 227131
7 1056 628752
7 1057 229353
7 1058 631785
7 1059 229824
7 1060 230696
7 1061 229756
7 1062 634997
7 1063 229653
7 1064 631685
7 1065 228223
7 1066 230816
7 1067 227375
7 1068 630542
7 1069 230585
7 1070 631332
7 1071 229457
7 1072 227251
7 1073 227131
7 1074 229034
7 1075 229541
7 1076 229633
7 1077 228234
7 1078 226305
7 1079 226183
7 1080 686170
7 1081 599666
7 1082 691990
7 1083 229315
7 1084 620896
7 1085 229149
7 1086 686830
7 1087 600656
7 1088 692890
7 1089 229229
7 1090 623777
7 1091 229473
7 1092 687030
7 1093 230275
7 1094 688050
7 1095 230349
7 1096 228116
7 1097 228142
7 1098 614033
7 1099 230389
7 1100 619026
7 1101 230187
7 1102 228134
7 1103 228136
7 1104 693340
7 1105 607712
7 1106 693740
7 1107 229359
7 1108 620253
7 1109 229192
7 1110 680960
7 1111 592663
7 1112 678100
7 1113 226073
7 1114 616677
7 1115 226150
7 1116 693310
7 1117 230755
7 1118 676810
7 1119 226893
7 1120 229311
7 1121 228339
7 1122 631785
7 1123 230997
7 1124 631218
7 1125 228383
7 1126 229367
7 1127 227379
7 1128 687850
7 1129 600942
7 1130 689310
7 1131 228476
7 1132 619026
7 1133 228323
7 1134 681710
7 1135 594405
7 1136 673490
7 1137 224839
7 1138 614877
7 1139 224835
7 1140 679680
7 1141 228017
7 1142 677890
7 1143 227248
7 1144 226263
7 1145 226078
7 1146 622674
7 1147 229716
7 1148 625703
7 1149 227388
7 1150 226260
7 1151 226121
7 1152 681170
7 1153 229524
7 1154 682040
7 1155 229650
7 1156 228165
7 1157 228289
7 1158 689040
7 1159 229656
7 1160 672740
7 1161 226256
7 1162 229515
7 1163 227366
7 1164 680910
7 1165 228353
7 1166 672940
7 1167 226215
7 1168 227495
7 1169 227141
7 1170 226331
7 1171 226448
7 1172 227840
7 1173 224712
7 1174 226275
7 1175 224719
7 1176 620565
7 1177 230544
7 1178 622674
7 1179 230661
7 1180 229710
7 1181 229717
7 1182 630542
7 1183 230888
7 1184 623608
7 1185 227374
7 1186 230475
7 1187 228448
7 1188 631010
7 1189 230816
7 1190 624060
7 1191 228363
7 1192 227492
7 1193 227039
7 1194 226717
7 1195 226745
7 1196 228183
7 1197 226038
7 1198 227521
7 1199 226036
7 1200 679730
7 1201 229122
7 1202 680850
7 1203 230239
7 1204 229279
7 1205 229247
7 1206 680140
7 1207 229062
7 1208 681820
7 1209 229367
7 1210 230348
7 1211 230368
7 1212 681820
7 1213 230461
7 1214 681000
7 1215 229466
7 1216 229262
7 1217 229258
7 1218 227772
7 1219 228136
7 1220 228148
7 1221 227957
7 1222 227972
7 1223 227954
7 1224 688680
7 1225 230583
7 1226 689380
7 1227 230711
7 1228 229486
7 1229 229535
7 1230 689510
7 1231 229502
7 1232 671490
7 1233 226232
7 1234 229872
7 1235 228341
7 1236 694540
7 1237 230937
7 1238 677800
7 1239 227263
7 1240 230613
7 1241 229462
7 1242 229711
7 1243 229761
7 1244 230679
7 1245 227259
7 1246 230691
7 1247 228352
7 1248 693420
7 1249 230682
7 1250 694530
7 1251 231147
7 1252 230910
7 1253 230881
7 1254 690320
7 1255 229559
7 1256 678590
7 1257 227275
7 1258 229624
7 1259 227401
7 1260 680170
7 1261 228341
7 1262 672550
7 1263 226121
7 1264 227552
7 1265 227154
7 1266 230367
7 1267 230655
7 1268 230714
7 1269 228450
7 1270 227370
7 1271 227037
7 1272 683180
7 1273 229726
7 1274 683770
7 1275 229833
7 1276 228512
7 1277 228536
7 1278 689940
7 1279 229793
7 1280 672890
7 1281 226223
7 1282 229603
7 1283 228367
7 1284 681440
7 1285 228332
7 1286 672540
7 1287 224855
7 1288 226517
7 1289 226191
7 1290 226736
7 1291 226762
7 1292 228192
7 1293 226038
7 1294 227524
7 1295 226034
7 1296 226562
7 1297 226690
7 1298 226681
7 1299 226817
7 1300 226817
7 1301 226705
7 1302 228340
7 1303 228357
7 1304 228295
7 1305 224715
7 1306 229335
7 1307 226148
7 1308 229479
7 1309 229550
7 1310 228257
7 1311 226154
7 1312 226397
7 1313 224678
7 1314 226705
7 1315 226773
7 1316 227992
7 1317 224734
7 1318 226417
7 1319 224729
7 1320 610884
7 1321 226276
7 1322 613896
7 1323 227394
7 1324 227408
7 1325 226286
7 1326 613201
7 1327 226151
7 1328 616677
7 1329 226407
7 1330 227507
7 1331 227529
7 1332 616271
7 1333 227510
7 1334 614877
7 1335 227531
7 1336 226417
7 1337 226417
7 1338 226407
7 1339 227529
7 1340 227525
7 1341 226362
7 1342 226414
7 1343 226275
7 1344 622432
7 1345 227954
7 1346 625014
7 1347 228076
7 1348 228081
7 1349 227915
7 1350 625056
7 1351 228354
7 1352 611559
7 1353 224529
7 1354 229659
7 1355 226184
7 1356 631685
7 1357 231101
7 1358 615732
7 1359 226079
7 1360 229533
7 1361 227248
7 1362 229776
7 1363 229683
7 1364 230711
7 1365 227123
7 1366 229658
7 1367 226239
7 1368 629628
7 1369 229410
7 1370 631218
7 1371 229851
7 1372 230485
7 1373 229761
7 1374 625715
7 1375 228405
7 1376 615732
7 1377 226194
7 1378 229821
7 1379 226227
7 1380 623608
7 1381 229610
7 1382 613086
7 1383 227261
7 1384 226210
7 1385 224660
7 1386 230316
7 1387 230662
7 1388 230500
7 1389 227138
7 1390 227490
7 1391 226944
7 1392 624391
7 1393 230716
7 1394 625703
7 1395 230843
7 1396 229663
7 1397 229737
7 1398 631332
7 1399 230848
7 1400 613086
7 1401 227272
7 1402 230503
7 1403 227151
7 1404 624060
7 1405 229887
7 1406 613186
7 1407 226319
7 1408 227622
7 1409 226954
7 1410 226694
7 1411 226765
7 1412 227982
7 1413 224676
7 1414 226361
7 1415 224677
7 1416 226636
7 1417 226718
7 1418 226708
7 1419 226838
7 1420 226838
7 1421 226724
7 1422 228355
7 1423 228369
7 1424 228305
7 1425 224720
7 1426 229337
7 1427 226139
7 1428 229491
7 1429 229562
7 1430 228259
7 1431 226152
7 1432 226402
7 1433 224677
7 1434 226664
7 1435 226726
7 1436 227984
7 1437 224723
7 1438 226356
7 1439 224657
7 1440 180960
7 1441 224070
7 1442 180960
7 1443 41020
7 1444 225583
7 1445 40954
7 1446 180960
7 1447 224070
7 1448 181080
7 1449 40966
7 1450 226243
7 1451 41032
7 1452 181080
7 1453 41032
7 1454 180960
7 1455 41032
7 1456 40966
7 1457 40966
7 1458 224839
7 1459 41032
7 1460 226271
7 1461 40965
7 1462 40966
7 1463 40954
7 1464 181470
7 1465 225089
7 1466 181470
7 1467 41032
7 1468 225700
7 1469 41022
7 1470 182510
7 1471 226425
7 1472 182050
7 1473 41097
7 1474 229122
7 1475 41106
7 1476 183010
7 1477 41310
7 1478 182120
7 1479 41105
7 1480 41251
7 1481 41172
7 1482 230678
7 1483 41239
7 1484 230583
7 1485 41172
7 1486 41252
7 1487 41104
7 1488 182490
7 1489 226515
7 1490 182580
7 1491 41240
7 1492 228681
7 1493 41241
7 1494 182020
7 1495 225452
7 1496 182080
7 1497 41105
7 1498 229062
7 1499 41104
7 1500 182580
7 1501 41249
7 1502 182080
7 1503 41178
7 1504 41173
7 1505 41107
7 1506 230246
7 1507 41321
7 1508 230682
7 1509 41176
7 1510 41186
7 1511 41170
7 1512 182580
7 1513 41310
7 1514 182560
7 1515 41312
7 1516 41242
7 1517 41246
7 1518 183050
7 1519 41307
7 1520 182110
7 1521 41180
7 1522 41315
7 1523 41178
7 1524 182610
7 1525 41259
7 1526 181530
7 1527 41103
7 1528 41186
7 1529 41170
7 1530 41184
7 1531 41187
7 1532 41249
7 1533 41106
7 1534 41180
7 1535 41103
7 1536 229189
7 1537 41180
7 1538 229688
7 1539 41180
7 1540 41180
7 1541 41169
7 1542 230476
7 1543 41251
7 1544 229502
7 1545 41110
7 1546 41312
7 1547 41178
7 1548 230482
7 1549 41313
7 1550 229559
7 1551 41179
7 1552 41178
7 1553 41101
7 1554 41184
7 1555 41185
7 1556 41243
7 1557 41106
7 1558 41174
7 1559 41028
7 1560 180430
7 1561 222768
7 1562 180430
7 1563 40954
7 1564 224458
7 1565 40884
7 1566 180420
7 1567 222766
7 1568 180960
7 1569 40961
7 1570 226022
7 1571 41024
7 1572 180960
7 1573 41022
7 1574 180430
7 1575 41024
7 1576 40960
7 1577 40959
7 1578 224763
7 1579 41024
7 1580 226145
7 1581 40957
7 1582 40959
7 1583 40884
7 1584 181490
7 1585 225190
7 1586 181490
7 1587 41032
7 1588 225705
7 1589 41024
7 1590 181540
7 1591 224261
7 1592 180970
7 1593 40955
7 1594 226276
7 1595 40962
7 1596 182120
7 1597 41180
7 1598 181040
7 1599 40961
7 1600 41114
7 1601 41032
7 1602 228137
7 1603 41111
7 1604 227954
7 1605 41032
7 1606 41112
7 1607 40962
7 1608 181990
7 1609 225444
7 1610 182560
7 1611 41181
7 1612 228757
7 1613 41180
7 1614 181550
7 1615 224309
7 1616 180990
7 1617 40959
7 1618 226151
7 1619 40957
7 1620 182130
7 1621 41183
7 1622 181560
7 1623 41098
7 1624 41109
7 1625 41038
7 1626 229353
7 1627 41252
7 1628 229410
7 1629 41100
7 1630 41117
7 1631 41101
7 1632 182090
7 1633 41239
7 1634 181560
7 1635 41239
7 1636 41179
7 1637 41178
7 1638 182640
7 1639 41251
7 1640 181560
7 1641 41098
7 1642 41248
7 1643 41100
7 1644 182110
7 1645 41187
7 1646 181020
7 1647 40961
7 1648 41115
7 1649 41101
7 1650 41117
7 1651 41116
7 1652 41186
7 1653 41037
7 1654 41117
7 1655 41036
7 1656 228274
7 1657 41111
7 1658 228457
7 1659 41107
7 1660 41104
7 1661 41032
7 1662 229589
7 1663 41188
7 1664 228354
7 1665 41038
7 1666 41250
7 1667 41102
7 1668 229653
7 1669 41249
7 1670 228405
7 1671 41102
7 1672 41117
7 1673 41034
7 1674 41119
7 1675 41112
7 1676 41182
7 1677 41036
7 1678 41109
7 1679 40960
7 1680 181020
7 1681 224178
7 1682 181020
7 1683 40966
7 1684 224594
7 1685 40960
7 1686 182050
7 1687 225458
7 1688 182120
7 1689 41108
7 1690 229279
7 1691 41114
7 1692 182580
7 1693 41242
7 1694 182130
7 1695 41114
7 1696 41189
7 1697 41117
7 1698 229622
7 1699 41179
7 1700 229486
7 1701 41117
7 1702 41190
7 1703 41108
7 1704 181010
7 1705 224130
7 1706 181010
7 1707 40966
7 1708 224591
7 1709 40959
7 1710 182020
7 1711 225321
7 1712 181540
7 1713 41029
7 1714 227408
7 1715 41032
7 1716 182080
7 1717 41180
7 1718 181560
7 1719 41032
7 1720 41117
7 1721 41044
7 1722 228198
7 1723 41104
7 1724 228081
7 1725 41044
7 1726 41117
7 1727 41031
7 1728 181020
7 1729 222913
7 1730 181530
7 1731 41104
7 1732 227772
7 1733 41109
7 1734 181020
7 1735 222913
7 1736 181520
7 1737 41036
7 1738 226407
7 1739 41038
7 1740 180430
7 1741 41028
7 1742 180430
7 1743 41027
7 1744 40884
7 1745 40884
7 1746 226562
7 1747 41174
7 1748 226636
7 1749 41171
7 1750 40959
7 1751 40959
7 1752 182110
7 1753 41184
7 1754 182610
7 1755 41251
7 1756 41249
7 1757 41256
7 1758 182180
7 1759 41184
7 1760 182510
7 1761 41234
7 1762 41253
7 1763 41245
7 1764 181010
7 1765 41106
7 1766 181010
7 1767 41103
7 1768 40960
7 1769 40960
7 1770 41112
7 1771 41185
7 1772 41117
7 1773 41178
7 1774 41033
7 1775 41033
7 1776 228446
7 1777 41117
7 1778 229711
7 1779 41192
7 1780 41257
7 1781 41185
7 1782 228491
7 1783 41119
7 1784 229776
7 1785 41188
7 1786 41248
7 1787 41178
7 1788 228340
7 1789 41243
7 1790 228355
7 1791 41243
7 1792 41031
7 1793 41031
7 1794 41119
7 1795 41184
7 1796 41119
7 1797 41184
7 1798 40964
7 1799 40964
7 1800 182050
7 1801 225456
7 1802 182580
7 1803 41183
7 1804 228678
7 1805 41179
7 1806 182520
7 1807 226522
7 1808 183060
7 1809 41245
7 1810 230348
7 1811 41248
7 1812 182600
7 1813 41249
7 1814 183090
7 1815 41318
7 1816 41249
7 1817 41253
7 1818 229205
7 1819 41319
7 1820 230910
7 1821 41319
7 1822 41253
7 1823 41250
7 1824 182510
7 1825 226423
7 1826 182610
7 1827 41183
7 1828 228777
7 1829 41178
7 1830 182000
7 1831 225220
7 1832 182000
7 1833 41096
7 1834 227507
7 1835 41100
7 1836 183090
7 1837 41318
7 1838 182530
7 1839 41232
7 1840 41256
7 1841 41245
7 1842 230696
7 1843 41315
7 1844 230485
7 1845 41243
7 1846 41257
7 1847 41243
7 1848 181560
7 1849 224217
7 1850 182110
7 1851 41117
7 1852 228148
7 1853 41115
7 1854 181520
7 1855 224208
7 1856 182020
7 1857 41101
7 1858 227525
7 1859 41101
7 1860 180990
7 1861 41101
7 1862 180990
7 1863 41101
7 1864 40960
7 1865 40960
7 1866 226681
7 1867 41178
7 1868 226708
7 1869 41174
7 1870 40961
7 1871 40961
7 1872 181560
7 1873 41182
7 1874 182560
7 1875 41260
7 1876 41175
7 1877 41251
7 1878 182090
7 1879 41185
7 1880 181990
7 1881 41178
7 1882 41251
7 1883 41180
7 1884 181490
7 1885 41178
7 1886 181490
7 1887 41170
7 1888 41094
7 1889 41094
7 1890 41032
7 1891 41169
7 1892 41101
7 1893 41096
7 1894 41031
7 1895 41031
7 1896 227582
7 1897 41254
7 1898 230367
7 1899 41323
7 1900 41315
7 1901 41318
7 1902 229034
7 1903 41257
7 1904 230316
7 1905 41241
7 1906 41322
7 1907 41313
7 1908 229479
7 1909 41312
7 1910 229491
7 1911 41308
7 1912 41096
7 1913 41096
7 1914 41104
7 1915 41180
7 1916 41114
7 1917 41170
7 1918 41098
7 1919 41098
7 1920 182120
7 1921 41251
7 1922 182130
7 1923 41254
7 1924 41189
7 1925 41190
7 1926 183060
7 1927 41315
7 1928 182690
7 1929 41265
7 1930 41333
7 1931 41326
7 1932 183090
7 1933 41329
7 1934 182140
7 1935 41252
7 1936 41326
7 1937 41316
7 1938 41249
7 1939 41253
7 1940 41326
7 1941 41254
7 1942 41323
7 1943 41252
7 1944 182180
7 1945 41252
7 1946 182110
7 1947 41257
7 1948 41190
7 1949 41188
7 1950 183080
7 1951 41312
7 1952 182500
7 1953 41238
7 1954 41326
7 1955 41305
7 1956 182580
7 1957 41323
7 1958 182080
7 1959 41172
7 1960 41321
7 1961 41309
7 1962 41257
7 1963 41254
7 1964 41329
7 1965 41245
7 1966 41321
7 1967 41248
7 1968 182640
7 1969 41249
7 1970 183050
7 1971 41324
7 1972 41326
7 1973 41321
7 1974 182600
7 1975 41243
7 1976 183000
7 1977 41304
7 1978 41316
7 1979 41309
7 1980 181490
7 1981 41179
7 1982 181490
7 1983 41172
7 1984 41097
7 1985 41097
7 1986 41249
7 1987 41313
7 1988 41252
7 1989 41306
7 1990 41096
7 1991 41096
7 1992 182090
7 1993 41193
7 1994 182580
7 1995 41259
7 1996 41252
7 1997 41260
7 1998 182190
7 1999 41192
7 2000 182470
7 2001 41237
7 2002 41260
7 2003 41256
7 2004 181030
7 2005 41110
7 2006 181030
7 2007 41102
7 2008 40965
7 2009 40965
7 2010 41107
7 2011 41180
7 2012 41114
7 2013 41173
7 2014 41098
7 2015 41098
7 2016 41112
7 2017 41116
7 2018 41249
7 2019 41187
7 2020 41252
7 2021 41183
7 2022 41119
7 2023 41117
7 2024 41253
7 2025 41176
7 2026 41249
7 2027 41182
7 2028 41188
7 2029 41251
7 2030 41186
7 2031 41247
7 2032 41034
7 2033 41034
7 2034 41111
7 2035 41180
7 2036 41117
7 2037 41174
7 2038 41033
7 2039 41033
7 2040 228026
7 2041 41114
7 2042 228401
7 2043 41117
7 2044 41117
7 2045 41108
7 2046 230417
7 2047 41248
7 2048 229872
7 2049 41186
7 2050 41326
7 2051 41195
7 2052 230598
7 2053 41319
7 2054 229624
7 2055 41195
7 2056 41254
7 2057 41181
7 2058 41253
7 2059 41250
7 2060 41316
7 2061 41181
7 2062 41252
7 2063 41106
7 2064 228273
7 2065 41112
7 2066 228407
7 2067 41117
7 2068 41117
7 2069 41105
7 2070 230691
7 2071 41250
7 2072 229659
7 2073 41170
7 2074 41322
7 2075 41182
7 2076 230816
7 2077 41318
7 2078 229821
7 2079 41178
7 2080 41256
7 2081 41181
7 2082 41248
7 2083 41176
7 2084 41320
7 2085 41178
7 2086 41251
7 2087 41105
7 2088 229785
7 2089 41186
7 2090 230679
7 2091 41260
7 2092 41329
7 2093 41260
7 2094 229596
7 2095 41182
7 2096 230711
7 2097 41246
7 2098 41320
7 2099 41250
7 2100 228295
7 2101 41249
7 2102 228305
7 2103 41249
7 2104 41032
7 2105 41032
7 2106 41253
7 2107 41314
7 2108 41255
7 2109 41308
7 2110 41100
7 2111 41100
7 2112 229196
7 2113 41263
7 2114 230714
7 2115 41330
7 2116 41315
7 2117 41319
7 2118 229633
7 2119 41260
7 2120 230500
7 2121 41312
7 2122 41325
7 2123 41310
7 2124 228257
7 2125 41256
7 2126 228259
7 2127 41249
7 2128 41102
7 2129 41102
7 2130 41109
7 2131 41180
7 2132 41117
7 2133 41170
7 2134 41031
7 2135 41031
7 2136 41117
7 2137 41119
7 2138 41252
7 2139 41190
7 2140 41252
7 2141 41178
7 2142 41119
7 2143 41119
7 2144 41255
7 2145 41183
7 2146 41249
7 2147 41181
7 2148 41186
7 2149 41246
7 2150 41180
7 2151 41243
7 2152 41033
7 2153 41033
7 2154 41108
7 2155 41171
7 2156 41111
7 2157 41167
7 2158 40961
7 2159 40961
7 2160 181030
7 2161 224229
7 2162 181030
7 2163 40966
7 2164 224596
7 2165 40961
7 2166 182470
7 2167 226415
7 2168 182190
7 2169 41111
7 2170 229315
7 2171 41117
7 2172 182580
7 2173 41240
7 2174 182090
7 2175 41117
7 2176 41183
7 2177 41114
7 2178 229238
7 2179 41181
7 2180 229359
7 2181 41114
7 2182 41183
7 2183 41101
7 2184 181490
7 2185 225188
7 2186 181490
7 2187 41032
7 2188 225705
7 2189 41024
7 2190 183000
7 2191 227536
7 2192 182600
7 2193 41169
7 2194 230239
7 2195 41176
7 2196 183050
7 2197 41312
7 2198 182640
7 2199 41176
7 2200 41254
7 2201 41184
7 2202 230802
7 2203 41239
7 2204 230711
7 2205 41184
7 2206 41257
7 2207 41173
7 2208 182080
7 2209 225464
7 2210 182580
7 2211 41249
7 2212 230275
7 2213 41249
7 2214 182500
7 2215 226421
7 2216 183080
7 2217 41245
7 2218 230461
7 2219 41247
7 2220 182110
7 2221 41251
7 2222 182180
7 2223 41255
7 2224 41109
7 2225 41110
7 2226 229524
7 2227 41321
7 2228 229726
7 2229 41322
7 2230 41117
7 2231 41117
7 2232 182140
7 2233 41249
7 2234 183090
7 2235 41325
7 2236 41249
7 2237 41322
7 2238 182690
7 2239 41259
7 2240 183060
7 2241 41316
7 2242 41329
7 2243 41316
7 2244 182130
7 2245 41256
7 2246 182120
7 2247 41254
7 2248 41117
7 2249 41117
7 2250 41182
7 2251 41257
7 2252 41193
7 2253 41250
7 2254 41117
7 2255 41117
7 2256 229417
7 2257 41183
7 2258 230755
7 2259 41260
7 2260 41318
7 2261 41251
7 2262 229822
7 2263 41187
7 2264 230937
7 2265 41259
7 2266 41323
7 2267 41260
7 2268 229656
7 2269 41321
7 2270 229793
7 2271 41324
7 2272 41115
7 2273 41117
7 2274 41185
7 2275 41256
7 2276 41192
7 2277 41251
7 2278 41109
7 2279 41104
7 2280 181490
7 2281 225190
7 2282 181490
7 2283 41032
7 2284 225703
7 2285 41024
7 2286 181990
7 2287 225443
7 2288 182090
7 2289 41108
7 2290 229149
7 2291 41111
7 2292 182560
7 2293 41241
7 2294 181560
7 2295 41109
7 2296 41179
7 2297 41104
7 2298 229278
7 2299 41180
7 2300 229192
7 2301 41107
7 2302 41178
7 2303 41032
7 2304 180990
7 2305 224031
7 2306 180990
7 2307 40965
7 2308 224539
7 2309 40957
7 2310 182020
7 2311 225319
7 2312 181520
7 2313 41027
7 2314 227394
7 2315 41032
7 2316 182110
7 2317 41180
7 2318 181560
7 2319 41032
7 2320 41117
7 2321 41044
7 2322 228197
7 2323 41107
7 2324 228076
7 2325 41044
7 2326 41117
7 2327 41031
7 2328 182530
7 2329 226523
7 2330 183090
7 2331 41252
7 2332 230389
7 2333 41252
7 2334 182000
7 2335 225218
7 2336 182000
7 2337 41098
7 2338 227510
7 2339 41100
7 2340 182610
7 2341 41252
7 2342 182510
7 2343 41238
7 2344 41174
7 2345 41171
7 2346 230544
7 2347 41323
7 2348 230716
7 2349 41305
7 2350 41180
7 2351 41178
7 2352 183090
7 2353 41321
7 2354 182600
7 2355 41315
7 2356 41319
7 2357 41315
7 2358 183060
7 2359 41313
7 2360 182520
7 2361 41235
7 2362 41319
7 2363 41243
7 2364 182580
7 2365 41254
7 2366 182050
7 2367 41172
7 2368 41178
7 2369 41174
7 2370 41254
7 2371 41253
7 2372 41263
7 2373 41243
7 2374 41186
7 2375 41174
7 2376 230924
7 2377 41252
7 2378 230997
7 2379 41252
7 2380 41315
7 2381 41175
7 2382 231146
7 2383 41249
7 2384 231101
7 2385 41243
7 2386 41318
7 2387 41242
7 2388 230888
7 2389 41326
7 2390 230848
7 2391 41309
7 2392 41186
7 2393 41177
7 2394 41257
7 2395 41249
7 2396 41260
7 2397 41246
7 2398 41173
7 2399 41102
7 2400 181010
7 2401 224130
7 2402 181010
7 2403 40966
7 2404 224594
7 2405 40959
7 2406 182510
7 2407 226425
7 2408 182180
7 2409 41110
7 2410 229247
7 2411 41112
7 2412 182610
7 2413 41246
7 2414 182110
7 2415 41112
7 2416 41190
7 2417 41117
7 2418 229646
7 2419 41178
7 2420 229535
7 2421 41117
7 2422 41188
7 2423 41105
7 2424 180430
7 2425 222768
7 2426 180430
7 2427 40954
7 2428 224458
7 2429 40884
7 2430 181520
7 2431 224350
7 2432 181020
7 2433 40960
7 2434 226286
7 2435 40962
7 2436 181530
7 2437 41169
7 2438 181020
7 2439 40961
7 2440 41108
7 2441 41031
7 2442 228025
7 2443 41032
7 2444 227915
7 2445 41031
7 2446 41105
7 2447 40960
7 2448 181560
7 2449 224217
7 2450 182080
7 2451 41117
7 2452 228136
7 2453 41117
7 2454 181540
7 2455 224212
7 2456 182020
7 2457 41101
7 2458 227529
7 2459 41101
7 2460 181010
7 2461 41103
7 2462 181010
7 2463 41103
7 2464 40959
7 2465 40959
7 2466 226690
7 2467 41180
7 2468 226718
7 2469 41178
7 2470 40966
7 2471 40966
7 2472 182130
7 2473 41187
7 2474 182580
7 2475 41250
7 2476 41253
7 2477 41257
7 2478 182120
7 2479 41185
7 2480 182050
7 2481 41169
7 2482 41250
7 2483 41243
7 2484 181020
7 2485 41106
7 2486 181020
7 2487 41104
7 2488 40961
7 2489 40961
7 2490 41116
7 2491 41187
7 2492 41119
7 2493 41179
7 2494 41035
7 2495 41035
7 2496 228462
7 2497 41116
7 2498 229761
7 2499 41193
7 2500 41254
7 2501 41182
7 2502 228491
7 2503 41112
7 2504 229683
7 2505 41178
7 2506 41176
7 2507 41108
7 2508 228357
7 2509 41249
7 2510 228369
7 2511 41247
7 2512 41035
7 2513 41035
7 2514 41117
7 2515 41184
7 2516 41119
7 2517 41177
7 2518 40964
7 2519 40964
7 2520 181020
7 2521 222913
7 2522 182110
7 2523 41119
7 2524 228116
7 2525 41117
7 2526 181560
7 2527 224217
7 2528 182640
7 2529 41186
7 2530 229262
7 2531 41186
7 2532 181560
7 2533 41176
7 2534 182090
7 2535 41247
7 2536 41112
7 2537 41117
7 2538 228165
7 2539 41254
7 2540 228512
7 2541 41263
7 2542 41116
7 2543 41119
7 2544 181560
7 2545 224217
7 2546 182130
7 2547 41119
7 2548 228134
7 2549 41116
7 2550 180990
7 2551 222853
7 2552 181550
7 2553 41037
7 2554 226417
7 2555 41037
7 2556 182560
7 2557 41250
7 2558 181990
7 2559 41171
7 2560 41185
7 2561 41178
7 2562 229710
7 2563 41253
7 2564 229663
7 2565 41243
7 2566 41187
7 2567 41179
7 2568 181040
7 2569 222917
7 2570 182120
7 2571 41117
7 2572 227972
7 2573 41117
7 2574 180970
7 2575 222900
7 2576 181540
7 2577 41036
7 2578 226414
7 2579 41036
7 2580 181490
7 2581 41170
7 2582 181490
7 2583 41168
7 2584 41033
7 2585 41033
7 2586 226817
7 2587 41186
7 2588 226838
7 2589 41174
7 2590 41035
7 2591 41035
7 2592 180430
7 2593 41105
7 2594 180960
7 2595 41173
7 2596 41032
7 2597 41101
7 2598 180960
7 2599 41108
7 2600 180420
7 2601 41034
7 2602 41169
7 2603 41096
7 2604 180430
7 2605 41104
7 2606 180430
7 2607 41034
7 2608 41031
7 2609 41031
7 2610 40884
7 2611 40954
7 2612 40954
7 2613 40883
7 2614 40884
7 2615 40884
7 2616 226331
7 2617 41188
7 2618 226736
7 2619 41257
7 2620 41178
7 2621 41183
7 2622 226717
7 2623 41190
7 2624 226694
7 2625 41177
7 2626 41246
7 2627 41240
7 2628 226705
7 2629 41252
7 2630 226664
7 2631 41184
7 2632 41164
7 2633 41164
7 2634 40959
7 2635 40966
7 2636 40966
7 2637 40959
7 2638 40959
7 2639 40959
7 2640 181530
7 2641 41173
7 2642 182610
7 2643 41260
7 2644 41249
7 2645 41257
7 2646 182110
7 2647 41186
7 2648 183050
7 2649 41318
7 2650 41326
7 2651 41329
7 2652 182560
7 2653 41318
7 2654 182580
7 2655 41324
7 2656 41249
7 2657 41252
7 2658 41175
7 2659 41315
7 2660 41252
7 2661 41315
7 2662 41252
7 2663 41252
7 2664 182080
7 2665 41186
7 2666 182580
7 2667 41263
7 2668 41253
7 2669 41254
7 2670 182080
7 2671 41178
7 2672 182020
7 2673 41173
7 2674 41254
7 2675 41245
7 2676 182580
7 2677 41319
7 2678 182490
7 2679 41239
7 2680 41313
7 2681 41306
7 2682 41315
7 2683 41319
7 2684 41315
7 2685 41246
7 2686 41321
7 2687 41309
7 2688 182120
7 2689 41180
7 2690 183010
7 2691 41322
7 2692 41323
7 2693 41321
7 2694 182050
7 2695 41174
7 2696 182510
7 2697 41238
7 2698 41252
7 2699 41248
7 2700 181470
7 2701 41176
7 2702 181470
7 2703 41166
7 2704 41096
7 2705 41096
7 2706 41252
7 2707 41321
7 2708 41252
7 2709 41309
7 2710 41166
7 2711 41166
7 2712 180960
7 2713 41117
7 2714 181080
7 2715 41184
7 2716 41107
7 2717 41114
7 2718 181080
7 2719 41117
7 2720 180960
7 2721 41105
7 2722 41180
7 2723 41173
7 2724 180960
7 2725 41172
7 2726 180960
7 2727 41101
7 2728 41098
7 2729 41098
7 2730 40957
7 2731 40965
7 2732 40965
7 2733 40957
7 2734 40957
7 2735 40957
7 2736 41032
7 2737 41178
7 2738 41107
7 2739 41239
7 2740 41180
7 2741 41181
7 2742 41104
7 2743 41179
7 2744 41109
7 2745 41102
7 2746 41241
7 2747 41235
7 2748 41111
7 2749 41239
7 2750 41108
7 2751 41175
7 2752 41095
7 2753 41095
7 2754 41024
7 2755 41032
7 2756 41032
7 2757 41024
7 2758 41024
7 2759 41024
7 2760 227650
7 2761 41109
7 2762 229311
7 2763 41192
7 2764 41256
7 2765 41185
7 2766 228116
7 2767 41115
7 2768 230613
7 2769 41260
7 2770 41321
7 2771 41260
7 2772 229515
7 2773 41323
7 2774 229603
7 2775 41330
7 2776 41187
7 2777 41190
7 2778 41251
7 2779 41318
7 2780 41260
7 2781 41319
7 2782 41183
7 2783 41178
7 2784 228098
7 2785 41117
7 2786 229367
7 2787 41193
7 2788 41257
7 2789 41182
7 2790 228324
7 2791 41117
7 2792 229533
7 2793 41179
7 2794 41256
7 2795 41182
7 2796 230475
7 2797 41329
7 2798 230503
7 2799 41308
7 2800 41259
7 2801 41252
7 2802 41322
7 2803 41249
7 2804 41325
7 2805 41311
7 2806 41249
7 2807 41180
7 2808 228346
7 2809 41117
7 2810 230691
7 2811 41264
7 2812 41321
7 2813 41259
7 2814 228098
7 2815 41109
7 2816 229658
7 2817 41187
7 2818 41251
7 2819 41180
7 2820 229335
7 2821 41316
7 2822 229337
7 2823 41308
7 2824 41163
7 2825 41163
7 2826 41249
7 2827 41312
7 2828 41249
7 2829 41241
7 2830 41104
7 2831 41104
7 2832 227840
7 2833 41257
7 2834 228192
7 2835 41324
7 2836 41239
7 2837 41250
7 2838 228183
7 2839 41254
7 2840 227982
7 2841 41247
7 2842 41312
7 2843 41301
7 2844 227992
7 2845 41316
7 2846 227984
7 2847 41243
7 2848 41230
7 2849 41230
7 2850 41024
7 2851 41032
7 2852 41032
7 2853 41024
7 2854 41024
7 2855 41024
7 2856 41101
7 2857 41183
7 2858 41114
7 2859 41250
7 2860 41181
7 2861 41178
7 2862 41114
7 2863 41183
7 2864 41117
7 2865 41173
7 2866 41240
7 2867 41237
7 2868 41117
7 2869 41250
7 2870 41111
7 2871 41185
7 2872 41160
7 2873 41160
7 2874 40961
7 2875 40966
7 2876 40966
7 2877 40961
7 2878 40961
7 2879 40961
7 2880 180990
7 2881 222905
7 2882 182050
7 2883 41111
7 2884 227587
7 2885 41108
7 2886 181540
7 2887 224259
7 2888 182600
7 2889 41180
7 2890 229229
7 2891 41186
7 2892 182120
7 2893 41249
7 2894 182180
7 2895 41255
7 2896 41119
7 2897 41119
7 2898 227938
7 2899 41252
7 2900 228476
7 2901 41252
7 2902 41119
7 2903 41117
7 2904 181520
7 2905 224160
7 2906 182080
7 2907 41117
7 2908 227886
7 2909 41109
7 2910 182060
7 2911 225327
7 2912 182660
7 2913 41182
7 2914 229367
7 2915 41185
7 2916 183060
7 2917 41325
7 2918 183080
7 2919 41316
7 2920 41260
7 2921 41259
7 2922 230941
7 2923 41315
7 2924 231147
7 2925 41324
7 2926 41263
7 2927 41247
7 2928 182040
7 2929 225325
7 2930 183080
7 2931 41255
7 2932 230349
7 2933 41253
7 2934 181530
7 2935 224352
7 2936 182660
7 2937 41185
7 2938 229466
7 2939 41185
7 2940 182640
7 2941 41320
7 2942 182600
7 2943 41318
7 2944 41182
7 2945 41182
7 2946 229650
7 2947 41329
7 2948 229833
7 2949 41318
7 2950 41186
7 2951 41186
7 2952 181530
7 2953 41251
7 2954 182080
7 2955 41320
7 2956 41176
7 2957 41248
7 2958 182110
7 2959 41256
7 2960 182080
7 2961 41255
7 2962 41318
7 2963 41313
7 2964 182120
7 2965 41322
7 2966 182050
7 2967 41253
7 2968 41250
7 2969 41248
7 2970 41105
7 2971 41117
7 2972 41117
7 2973 41112
7 2974 41112
7 2975 41110
7 2976 226404
7 2977 41252
7 2978 228017
7 2979 41316
7 2980 41250
7 2981 41253
7 2982 228000
7 2983 41254
7 2984 228341
7 2985 41252
7 2986 41319
7 2987 41318
7 2988 228353
7 2989 41326
7 2990 228332
7 2991 41265
7 2992 41248
7 2993 41245
7 2994 41108
7 2995 41117
7 2996 41117
7 2997 41114
7 2998 41114
7 2999 41108
7 3000 181540
7 3001 224259
7 3002 182120
7 3003 41117
7 3004 227892
7 3005 41111
7 3006 181550
7 3007 224307
7 3008 182640
7 3009 41186
7 3010 229473
7 3011 41188
7 3012 182130
7 3013 41249
7 3014 182110
7 3015 41253
7 3016 41117
7 3017 41119
7 3018 228083
7 3019 41252
7 3020 228323
7 3021 41249
7 3022 41116
7 3023 41112
7 3024 182020
7 3025 225317
7 3026 182110
7 3027 41114
7 3028 227705
7 3029 41107
7 3030 181030
7 3031 222853
7 3032 181530
7 3033 41035
7 3034 226407
7 3035 41038
7 3036 182690
7 3037 41260
7 3038 182500
7 3039 41232
7 3040 41192
7 3041 41188
7 3042 229824
7 3043 41252
7 3044 229851
7 3045 41243
7 3046 41193
7 3047 41178
7 3048 182000
7 3049 225220
7 3050 183060
7 3051 41252
7 3052 230187
7 3053 41249
7 3054 182010
7 3055 225123
7 3056 182060
7 3057 41102
7 3058 227531
7 3059 41102
7 3060 183050
7 3061 41316
7 3062 183000
7 3063 41304
7 3064 41243
7 3065 41243
7 3066 230661
7 3067 41326
7 3068 230843
7 3069 41309
7 3070 41249
7 3071 41247
7 3072 182610
7 3073 41321
7 3074 182580
7 3075 41329
7 3076 41254
7 3077 41257
7 3078 183050
7 3079 41321
7 3080 182020
7 3081 41178
7 3082 41323
7 3083 41241
7 3084 183010
7 3085 41326
7 3086 182510
7 3087 41237
7 3088 41312
7 3089 41308
7 3090 41188
7 3091 41190
7 3092 41257
7 3093 41177
7 3094 41252
7 3095 41184
7 3096 229574
7 3097 41323
7 3098 229716
7 3099 41326
7 3100 41253
7 3101 41249
7 3102 230585
7 3103 41326
7 3104 229610
7 3105 41183
7 3106 41329
7 3107 41311
7 3108 230816
7 3109 41333
7 3110 229887
7 3111 41256
7 3112 41315
7 3113 41306
7 3114 41190
7 3115 41189
7 3116 41254
7 3117 41179
7 3118 41251
7 3119 41178
7 3120 182020
7 3121 225319
7 3122 182080
7 3123 41114
7 3124 227704
7 3125 41104
7 3126 182000
7 3127 225218
7 3128 183080
7 3129 41248
7 3130 230368
7 3131 41250
7 3132 183090
7 3133 41322
7 3134 182580
7 3135 41313
7 3136 41257
7 3137 41248
7 3138 230682
7 3139 41315
7 3140 230881
7 3141 41318
7 3142 41254
7 3143 41176
7 3144 181520
7 3145 224348
7 3146 181530
7 3147 41101
7 3148 227576
7 3149 41032
7 3150 181980
7 3151 225115
7 3152 182040
7 3153 41100
7 3154 227529
7 3155 41102
7 3156 182140
7 3157 41251
7 3158 182080
7 3159 41169
7 3160 41185
7 3161 41178
7 3162 229756
7 3163 41175
7 3164 229761
7 3165 41242
7 3166 41182
7 3167 41108
7 3168 180990
7 3169 222853
7 3170 182080
7 3171 41117
7 3172 227957
7 3173 41117
7 3174 180980
7 3175 222851
7 3176 181520
7 3177 41034
7 3178 226362
7 3179 41034
7 3180 181490
7 3181 41170
7 3182 181490
7 3183 41168
7 3184 41031
7 3185 41031
7 3186 226817
7 3187 41186
7 3188 226838
7 3189 41177
7 3190 41035
7 3191 41035
7 3192 182560
7 3193 41257
7 3194 182580
7 3195 41316
7 3196 41315
7 3197 41322
7 3198 182580
7 3199 41256
7 3200 182490
7 3201 41240
7 3202 41318
7 3203 41313
7 3204 181470
7 3205 41178
7 3206 181470
7 3207 41166
7 3208 41096
7 3209 41096
7 3210 41178
7 3211 41246
7 3212 41183
7 3213 41240
7 3214 41164
7 3215 41164
7 3216 229244
7 3217 41253
7 3218 230655
7 3219 41329
7 3220 41319
7 3221 41249
7 3222 229541
7 3223 41249
7 3224 230662
7 3225 41311
7 3226 41249
7 3227 41247
7 3228 229550
7 3229 41315
7 3230 229562
7 3231 41306
7 3232 41165
7 3233 41165
7 3234 41179
7 3235 41242
7 3236 41183
7 3237 41237
7 3238 41101
7 3239 41101
7 3240 181020
7 3241 222913
7 3242 182180
7 3243 41119
7 3244 228142
7 3245 41119
7 3246 181520
7 3247 224209
7 3248 182600
7 3249 41182
7 3250 229258
7 3251 41182
7 3252 182090
7 3253 41248
7 3254 182190
7 3255 41259
7 3256 41119
7 3257 41119
7 3258 228289
7 3259 41257
7 3260 228536
7 3261 41260
7 3262 41117
7 3263 41119
7 3264 181540
7 3265 224213
7 3266 182120
7 3267 41117
7 3268 228136
7 3269 41112
7 3270 180980
7 3271 222853
7 3272 181540
7 3273 41036
7 3274 226417
7 3275 41036
7 3276 182580
7 3277 41253
7 3278 182470
7 3279 41236
7 3280 41184
7 3281 41184
7 3282 229717
7 3283 41249
7 3284 229737
7 3285 41246
7 3286 41184
7 3287 41177
7 3288 180970
7 3289 222903
7 3290 182050
7 3291 41110
7 3292 227954
7 3293 41109
7 3294 180430
7 3295 222768
7 3296 180990
7 3297 40960
7 3298 226275
7 3299 40960
7 3300 181030
7 3301 41107
7 3302 181030
7 3303 41101
7 3304 40964
7 3305 40964
7 3306 226705
7 3307 41173
7 3308 226724
7 3309 41102
7 3310 40964
7 3311 40964
7 3312 180960
7 3313 41117
7 3314 181080
7 3315 41184
7 3316 41104
7 3317 41114
7 3318 181080
7 3319 41117
7 3320 180960
7 3321 41105
7 3322 41180
7 3323 41170
7 3324 180960
7 3325 41172
7 3326 180960
7 3327 41103
7 3328 41098
7 3329 41098
7 3330 40959
7 3331 40966
7 3332 40966
7 3333 40959
7 3334 40959
7 3335 40959
7 3336 226448
7 3337 41190
7 3338 226762
7 3339 41254
7 3340 41179
7 3341 41183
7 3342 226745
7 3343 41189
7 3344 226765
7 3345 41179
7 3346 41242
7 3347 41237
7 3348 226773
7 3349 41251
7 3350 226726
7 3351 41178
7 3352 41101
7 3353 41101
7 3354 40960
7 3355 40966
7 3356 40966
7 3357 40960
7 3358 40960
7 3359 40960
7 3360 180430
7 3361 41109
7 3362 181010
7 3363 41182
7 3364 41112
7 3365 41119
7 3366 180990
7 3367 41117
7 3368 181490
7 3369 41185
7 3370 41249
7 3371 41253
7 3372 181490
7 3373 41250
7 3374 181030
7 3375 41185
7 3376 41188
7 3377 41186
7 3378 41032
7 3379 41104
7 3380 41107
7 3381 41109
7 3382 41111
7 3383 41108
7 3384 181010
7 3385 41117
7 3386 181020
7 3387 41186
7 3388 41116
7 3389 41117
7 3390 181490
7 3391 41115
7 3392 180420
7 3393 41034
7 3394 41187
7 3395 41176
7 3396 181470
7 3397 41248
7 3398 181450
7 3399 41109
7 3400 41251
7 3401 41247
7 3402 41178
7 3403 41179
7 3404 41239
7 3405 41102
7 3406 41239
7 3407 41175
7 3408 181490
7 3409 41117
7 3410 181470
7 3411 41247
7 3412 41252
7 3413 41249
7 3414 181030
7 3415 41109
7 3416 181450
7 3417 41109
7 3418 41183
7 3419 41182
7 3420 180420
7 3421 41104
7 3422 180420
7 3423 41031
7 3424 41034
7 3425 41034
7 3426 41180
7 3427 41241
7 3428 41181
7 3429 41235
7 3430 41095
7 3431 41095
7 3432 180430
7 3433 41112
7 3434 180960
7 3435 41176
7 3436 41111
7 3437 41117
7 3438 180960
7 3439 41114
7 3440 180420
7 3441 41036
7 3442 41180
7 3443 41174
7 3444 180430
7 3445 41106
7 3446 180430
7 3447 41029
7 3448 41033
7 3449 41033
7 3450 41024
7 3451 41032
7 3452 41032
7 3453 41024
7 3454 41024
7 3455 41024
7 3456 40884
7 3457 40959
7 3458 40957
7 3459 41024
7 3460 41024
7 3461 40961
7 3462 40959
7 3463 40960
7 3464 41024
7 3465 40883
7 3466 41022
7 3467 41020
7 3468 41024
7 3469 41022
7 3470 40961
7 3471 41020
7 3472 40883
7 3473 40883
7 3474 40884
7 3475 40954
7 3476 40954
7 3477 40883
7 3478 40884
7 3479 40884
7 3480 224464
7 3481 41174
7 3482 226263
7 3483 41243
7 3484 41185
7 3485 41184
7 3486 225971
7 3487 41178
7 3488 227552
7 3489 41249
7 3490 41313
7 3491 41314
7 3492 227495
7 3493 41312
7 3494 226517
7 3495 41256
7 3496 41251
7 3497 41246
7 3498 41169
7 3499 41180
7 3500 41180
7 3501 41180
7 3502 41180
7 3503 41171
7 3504 226080
7 3505 41180
7 3506 226260
7 3507 41249
7 3508 41187
7 3509 41184
7 3510 227251
7 3511 41186
7 3512 226210
7 3513 41099
7 3514 41259
7 3515 41243
7 3516 227492
7 3517 41315
7 3518 227622
7 3519 41181
7 3520 41307
7 3521 41305
7 3522 41246
7 3523 41242
7 3524 41312
7 3525 41237
7 3526 41310
7 3527 41241
7 3528 227251
7 3529 41186
7 3530 227370
7 3531 41316
7 3532 41321
7 3533 41312
7 3534 226305
7 3535 41173
7 3536 227490
7 3537 41178
7 3538 41249
7 3539 41244
7 3540 226397
7 3541 41244
7 3542 226402
7 3543 41174
7 3544 41098
7 3545 41098
7 3546 41241
7 3547 41242
7 3548 41240
7 3549 41237
7 3550 41162
7 3551 41162
7 3552 226275
7 3553 41252
7 3554 227524
7 3555 41316
7 3556 41239
7 3557 41250
7 3558 227521
7 3559 41251
7 3560 226361
7 3561 41178
7 3562 41310
7 3563 41297
7 3564 226417
7 3565 41250
7 3566 226356
7 3567 41171
7 3568 41164
7 3569 41164
7 3570 41022
7 3571 41032
7 3572 41032
7 3573 41022
7 3574 41022
7 3575 41022
7 3576 40954
7 3577 40966
7 3578 40965
7 3579 41032
7 3580 41032
7 3581 40966
7 3582 40966
7 3583 40966
7 3584 41032
7 3585 40954
7 3586 41032
7 3587 41032
7 3588 41032
7 3589 41032
7 3590 40966
7 3591 41032
7 3592 40954
7 3593 40954
7 3594 40954
7 3595 41020
7 3596 41020
7 3597 40953
7 3598 40954
7 3599 40954
7 3600 180430
7 3601 41097
7 3602 180970
7 3603 41169
7 3604 41108
7 3605 41110
7 3606 180980
7 3607 41105
7 3608 181520
7 3609 41182
7 3610 41245
7 3611 41248
7 3612 181540
7 3613 41245
7 3614 181020
7 3615 41185
7 3616 41186
7 3617 41182
7 3618 41104
7 3619 41117
7 3620 41117
7 3621 41117
7 3622 41117
7 3623 41110
7 3624 180980
7 3625 41105
7 3626 180990
7 3627 41176
7 3628 41114
7 3629 41112
7 3630 182010
7 3631 41180
7 3632 181530
7 3633 41175
7 3634 41265
7 3635 41253
7 3636 182000
7 3637 41316
7 3638 182040
7 3639 41188
7 3640 41318
7 3641 41318
7 3642 41251
7 3643 41250
7 3644 41324
7 3645 41254
7 3646 41322
7 3647 41255
7 3648 181980
7 3649 41178
7 3650 182000
7 3651 41316
7 3652 41318
7 3653 41313
7 3654 181030
7 3655 41103
7 3656 182060
7 3657 41188
7 3658 41252
7 3659 41255
7 3660 181550
7 3661 41255
7 3662 181540
7 3663 41188
7 3664 41185
7 3665 41185
7 3666 41260
7 3667 41316
7 3668 41259
7 3669 41316
7 3670 41247
7 3671 41245
7 3672 181520
7 3673 41255
7 3674 182020
7 3675 41318
7 3676 41247
7 3677 41259
7 3678 182020
7 3679 41254
7 3680 181520
7 3681 41188
7 3682 41324
7 3683 41316
7 3684 181540
7 3685 41253
7 3686 180990
7 3687 41175
7 3688 41185
7 3689 41182
7 3690 41173
7 3691 41184
7 3692 41184
7 3693 41176
7 3694 41176
7 3695 41169
7 3696 41028
7 3697 41103
7 3698 41101
7 3699 41170
7 3700 41170
7 3701 41107
7 3702 41106
7 3703 41106
7 3704 41179
7 3705 41103
7 3706 41176
7 3707 41178
7 3708 41178
7 3709 41178
7 3710 41110
7 3711 41180
7 3712 41104
7 3713 41105
7 3714 41104
7 3715 41172
7 3716 41172
7 3717 41105
7 3718 41106
7 3719 41097
7 3720 180970
7 3721 41106
7 3722 181040
7 3723 41176
7 3724 41114
7 3725 41112
7 3726 180990
7 3727 41104
7 3728 181560
7 3729 41185
7 3730 41248
7 3731 41250
7 3732 181560
7 3733 41247
7 3734 181020
7 3735 41185
7 3736 41186
7 3737 41182
7 3738 41109
7 3739 41117
7 3740 41115
7 3741 41117
7 3742 41117
7 3743 41109
7 3744 181520
7 3745 41172
7 3746 181560
7 3747 41184
7 3748 41117
7 3749 41117
7 3750 181530
7 3751 41110
7 3752 180420
7 3753 41028
7 3754 41186
7 3755 41170
7 3756 182500
7 3757 41259
7 3758 181510
7 3759 41107
7 3760 41260
7 3761 41246
7 3762 41192
7 3763 41193
7 3764 41260
7 3765 41179
7 3766 41264
7 3767 41187
7 3768 182000
7 3769 41176
7 3770 182520
7 3771 41324
7 3772 41319
7 3773 41318
7 3774 182060
7 3775 41179
7 3776 181480
7 3777 41105
7 3778 41195
7 3779 41178
7 3780 182020
7 3781 41252
7 3782 181980
7 3783 41176
7 3784 41249
7 3785 41249
7 3786 41323
7 3787 41329
7 3788 41330
7 3789 41308
7 3790 41316
7 3791 41308
7 3792 182510
7 3793 41322
7 3794 182050
7 3795 41318
7 3796 41263
7 3797 41260
7 3798 183000
7 3799 41324
7 3800 181980
7 3801 41174
7 3802 41330
7 3803 41312
7 3804 182510
7 3805 41265
7 3806 181550
7 3807 41106
7 3808 41256
7 3809 41249
7 3810 41257
7 3811 41254
7 3812 41324
7 3813 41247
7 3814 41316
7 3815 41243
7 3816 41174
7 3817 41180
7 3818 41178
7 3819 41186
7 3820 41186
7 3821 41173
7 3822 41243
7 3823 41249
7 3824 41249
7 3825 41099
7 3826 41316
7 3827 41178
7 3828 41312
7 3829 41315
7 3830 41256
7 3831 41181
7 3832 41244
7 3833 41174
7 3834 41252
7 3835 41251
7 3836 41316
7 3837 41178
7 3838 41250
7 3839 41171
7 3840 181540
7 3841 41172
7 3842 181560
7 3843 41184
7 3844 41117
7 3845 41117
7 3846 182000
7 3847 41178
7 3848 182500
7 3849 41253
7 3850 41326
7 3851 41322
7 3852 182530
7 3853 41316
7 3854 182080
7 3855 41255
7 3856 41329
7 3857 41320
7 3858 41256
7 3859 41257
7 3860 41321
7 3861 41256
7 3862 41321
7 3863 41251
7 3864 181020
7 3865 41104
7 3866 181020
7 3867 41173
7 3868 41108
7 3869 41105
7 3870 182040
7 3871 41178
7 3872 181510
7 3873 41107
7 3874 41195
7 3875 41182
7 3876 182080
7 3877 41260
7 3878 181530
7 3879 41108
7 3880 41260
7 3881 41250
7 3882 41185
7 3883 41182
7 3884 41260
7 3885 41182
7 3886 41259
7 3887 41180
7 3888 181550
7 3889 41106
7 3890 182020
7 3891 41254
7 3892 41254
7 3893 41256
7 3894 181540
7 3895 41106
7 3896 181980
7 3897 41172
7 3898 41181
7 3899 41181
7 3900 180420
7 3901 41103
7 3902 180420
7 3903 41035
7 3904 41032
7 3905 41032
7 3906 41187
7 3907 41259
7 3908 41190
7 3909 41252
7 3910 41163
7 3911 41163
7 3912 181990
7 3913 41250
7 3914 182490
7 3915 41316
7 3916 41315
7 3917 41325
7 3918 182470
7 3919 41251
7 3920 181940
7 3921 41170
7 3922 41319
7 3923 41310
7 3924 181450
7 3925 41180
7 3926 181450
7 3927 41167
7 3928 41102
7 3929 41102
7 3930 41239
7 3931 41312
7 3932 41250
7 3933 41301
7 3934 41230
7 3935 41230
7 3936 41185
7 3937 41187
7 3938 41313
7 3939 41259
7 3940 41321
7 3941 41249
7 3942 41184
7 3943 41184
7 3944 41314
7 3945 41243
7 3946 41312
7 3947 41244
7 3948 41251
7 3949 41307
7 3950 41246
7 3951 41305
7 3952 41098
7 3953 41098
7 3954 41239
7 3955 41310
7 3956 41250
7 3957 41297
7 3958 41164
7 3959 41164
7 3960 181520
7 3961 41107
7 3962 182510
7 3963 41259
7 3964 41253
7 3965 41248
7 3966 182020
7 3967 41170
7 3968 183000
7 3969 41318
7 3970 41316
7 3971 41320
7 3972 181990
7 3973 41313
7 3974 182470
7 3975 41316
7 3976 41253
7 3977 41255
7 3978 41251
7 3979 41322
7 3980 41260
7 3981 41325
7 3982 41249
7 3983 41249
7 3984 182020
7 3985 41170
7 3986 182050
7 3987 41247
7 3988 41250
7 3989 41176
7 3990 181520
7 3991 41101
7 3992 181980
7 3993 41170
7 3994 41181
7 3995 41178
7 3996 182490
7 3997 41318
7 3998 181940
7 3999 41170
7 4000 41314
7 4001 41308
7 4002 41318
7 4003 41249
7 4004 41319
7 4005 41311
7 4006 41312
7 4007 41241
7 4008 181540
7 4009 41103
7 4010 182510
7 4011 41255
7 4012 41252
7 4013 41251
7 4014 180990
7 4015 41028
7 4016 181550
7 4017 41104
7 4018 41106
7 4019 41105
7 4020 181450
7 4021 41178
7 4022 181450
7 4023 41164
7 4024 41100
7 4025 41100
7 4026 41183
7 4027 41249
7 4028 41178
7 4029 41180
7 4030 41104
7 4031 41104
7 4032 180420
7 4033 41112
7 4034 180960
7 4035 41176
7 4036 41109
7 4037 41117
7 4038 180960
7 4039 41114
7 4040 180410
7 4041 41031
7 4042 41180
7 4043 41170
7 4044 180420
7 4045 41105
7 4046 180420
7 4047 41030
7 4048 41031
7 4049 41031
7 4050 41024
7 4051 41032
7 4052 41032
7 4053 41024
7 4054 41024
7 4055 41024
7 4056 41169
7 4057 41246
7 4058 41180
7 4059 41312
7 4060 41241
7 4061 41240
7 4062 41180
7 4063 41242
7 4064 41180
7 4065 41237
7 4066 41242
7 4067 41237
7 4068 41180
7 4069 41310
7 4070 41171
7 4071 41241
7 4072 41162
7 4073 41162
7 4074 41022
7 4075 41032
7 4076 41032
7 4077 41022
7 4078 41022
7 4079 41022
7 4080 180430
7 4081 41110
7 4082 181010
7 4083 41182
7 4084 41117
7 4085 41119
7 4086 180990
7 4087 41117
7 4088 181490
7 4089 41185
7 4090 41252
7 4091 41255
7 4092 181490
7 4093 41248
7 4094 181030
7 4095 41182
7 4096 41186
7 4097 41180
7 4098 41101
7 4099 41114
7 4100 41114
7 4101 41117
7 4102 41117
7 4103 41111
7 4104 181010
7 4105 41117
7 4106 181020
7 4107 41186
7 4108 41119
7 4109 41119
7 4110 181490
7 4111 41117
7 4112 180420
7 4113 41034
7 4114 41190
7 4115 41183
7 4116 181470
7 4117 41245
7 4118 181450
7 4119 41105
7 4120 41246
7 4121 41243
7 4122 41183
7 4123 41183
7 4124 41250
7 4125 41173
7 4126 41250
7 4127 41185
7 4128 181490
7 4129 41117
7 4130 181470
7 4131 41245
7 4132 41252
7 4133 41249
7 4134 181030
7 4135 41104
7 4136 181450
7 4137 41107
7 4138 41178
7 4139 41181
7 4140 180420
7 4141 41105
7 4142 180420
7 4143 41030
7 4144 41033
7 4145 41033
7 4146 41181
7 4147 41240
7 4148 41178
7 4149 41237
7 4150 41160
7 4151 41160
7 4152 180430
7 4153 41110
7 4154 180960
7 4155 41169
7 4156 41108
7 4157 41111
7 4158 180960
7 4159 41108
7 4160 180420
7 4161 41029
7 4162 41171
7 4163 41167
7 4164 180430
7 4165 41097
7 4166 180430
7 4167 40957
7 4168 40961
7 4169 40961
7 4170 40961
7 4171 40966
7 4172 40966
7 4173 40961
7 4174 40961
7 4175 40961
7 4176 40954
7 4177 40966
7 4178 40965
7 4179 41032
7 4180 41032
7 4181 40966
7 4182 40966
7 4183 40966
7 4184 41032
7 4185 40954
7 4186 41032
7 4187 41032
7 4188 41032
7 4189 41032
7 4190 40966
7 4191 41032
7 4192 40954
7 4193 40954
7 4194 40954
7 4195 41020
7 4196 41020
7 4197 40953
7 4198 40954
7 4199 40954
7 4200 40884
7 4201 40959
7 4202 40960
7 4203 41031
7 4204 41033
7 4205 40964
7 4206 40960
7 4207 40961
7 4208 41097
7 4209 41032
7 4210 41096
7 4211 41100
7 4212 41094
7 4213 41096
7 4214 40965
7 4215 41102
7 4216 41034
7 4217 41033
7 4218 41031
7 4219 41098
7 4220 41098
7 4221 41031
7 4222 41033
7 4223 40961
7 4224 40959
7 4225 40966
7 4226 40961
7 4227 41035
7 4228 41035
7 4229 40964
7 4230 41031
7 4231 41035
7 4232 41032
7 4233 40883
7 4234 41163
7 4235 41030
7 4236 41096
7 4237 41165
7 4238 41102
7 4239 41027
7 4240 41098
7 4241 41094
7 4242 41164
7 4243 41101
7 4244 41230
7 4245 41094
7 4246 41164
7 4247 41034
7 4248 41033
7 4249 41035
7 4250 41096
7 4251 41163
7 4252 41166
7 4253 41104
7 4254 40964
7 4255 40964
7 4256 41100
7 4257 41030
7 4258 41104
7 4259 41032
7 4260 41034
7 4261 41098
7 4262 41033
7 4263 41094
7 4264 40883
7 4265 40883
7 4266 41095
7 4267 41162
7 4268 41160
7 4269 41090
7 4270 41024
7 4271 41024
7 4272 41031
7 4273 41164
7 4274 41098
7 4275 41230
7 4276 41095
7 4277 41160
7 4278 41098
7 4279 41101
7 4280 41031
7 4281 41094
7 4282 41162
7 4283 41090
7 4284 41033
7 4285 41164
7 4286 40961
7 4287 41034
7 4288 41024
7 4289 41024
7 4290 40883
7 4291 40954
7 4292 40954
7 4293 40882
7 4294 40883
7 4295 40883
7 4296 40884
7 4297 40959
7 4298 40957
7 4299 41024
7 4300 41024
7 4301 40961
7 4302 40959
7 4303 40960
7 4304 41024
7 4305 40883
7 4306 41022
7 4307 41020
7 4308 41024
7 4309 41022
7 4310 40961
7 4311 41020
7 4312 40883
7 4313 40883
7 4314 40884
7 4315 40954
7 4316 40954
7 4317 40883
7 4318 40884
7 4319 40884
7 4320 222768
7 4321 40955
7 4322 224525
7 4323 41027
7 4324 41029
7 4325 40960
7 4326 224580
7 4327 40959
7 4328 226073
7 4329 41035
7 4330 41096
7 4331 41100
7 4332 226002
7 4333 41098
7 4334 224839
7 4335 41102
7 4336 41037
7 4337 41036
7 4338 41036
7 4339 41101
7 4340 41101
7 4341 41034
7 4342 41036
7 4343 40960
7 4344 224457
7 4345 40961
7 4346 224525
7 4347 41032
7 4348 41032
7 4349 40961
7 4350 226958
7 4351 41098
7 4352 226232
7 4353 41028
7 4354 41238
7 4355 41107
7 4356 226897
7 4357 41235
7 4358 227275
7 4359 41105
7 4360 41173
7 4361 41170
7 4362 41234
7 4363 41169
7 4364 41304
7 4365 41172
7 4366 41238
7 4367 41104
7 4368 226901
7 4369 41098
7 4370 226893
7 4371 41232
7 4372 41232
7 4373 41169
7 4374 224769
7 4375 40961
7 4376 227263
7 4377 41107
7 4378 41172
7 4379 41108
7 4380 226256
7 4381 41178
7 4382 226223
7 4383 41174
7 4384 41034
7 4385 41034
7 4386 41178
7 4387 41240
7 4388 41237
7 4389 41170
7 4390 41109
7 4391 41107
7 4392 226030
7 4393 41238
7 4394 227248
7 4395 41304
7 4396 41171
7 4397 41236
7 4398 227246
7 4399 41172
7 4400 226121
7 4401 41176
7 4402 41239
7 4403 41170
7 4404 226215
7 4405 41237
7 4406 224855
7 4407 41106
7 4408 41109
7 4409 41105
7 4410 41034
7 4411 41105
7 4412 41105
7 4413 41031
7 4414 41036
7 4415 41029
7 4416 41027
7 4417 41103
7 4418 41101
7 4419 41168
7 4420 41168
7 4421 41101
7 4422 41103
7 4423 41104
7 4424 41172
7 4425 41035
7 4426 41166
7 4427 41164
7 4428 41170
7 4429 41166
7 4430 41102
7 4431 41167
7 4432 41031
7 4433 41030
7 4434 41034
7 4435 41103
7 4436 41101
7 4437 41030
7 4438 41029
7 4439 40957
7 4440 224390
7 4441 40962
7 4442 224798
7 4443 41032
7 4444 41032
7 4445 40962
7 4446 224640
7 4447 40957
7 4448 226150
7 4449 41038
7 4450 41100
7 4451 41102
7 4452 226132
7 4453 41100
7 4454 224835
7 4455 41102
7 4456 41037
7 4457 41036
7 4458 41038
7 4459 41101
7 4460 41101
7 4461 41034
7 4462 41036
7 4463 40960
7 4464 225810
7 4465 41032
7 4466 226124
7 4467 41044
7 4468 41044
7 4469 41031
7 4470 226025
7 4471 41038
7 4472 224529
7 4473 40883
7 4474 41170
7 4475 41026
7 4476 228223
7 4477 41243
7 4478 226194
7 4479 41029
7 4480 41179
7 4481 41102
7 4482 41188
7 4483 41178
7 4484 41246
7 4485 41102
7 4486 41187
7 4487 41036
7 4488 227009
7 4489 41100
7 4490 228383
7 4491 41243
7 4492 41243
7 4493 41242
7 4494 227237
7 4495 41102
7 4496 226079
7 4497 41029
7 4498 41178
7 4499 41031
7 4500 227374
7 4501 41183
7 4502 227272
7 4503 41167
7 4504 41099
7 4505 41098
7 4506 41241
7 4507 41311
7 4508 41312
7 4509 41166
7 4510 41178
7 4511 41170
7 4512 228339
7 4513 41305
7 4514 227388
7 4515 41309
7 4516 41243
7 4517 41246
7 4518 229457
7 4519 41309
7 4520 227261
7 4521 41167
7 4522 41308
7 4523 41166
7 4524 228363
7 4525 41256
7 4526 226319
7 4527 41039
7 4528 41181
7 4529 41172
7 4530 41177
7 4531 41179
7 4532 41247
7 4533 41104
7 4534 41178
7 4535 41103
7 4536 41171
7 4537 41178
7 4538 41174
7 4539 41177
7 4540 41174
7 4541 41102
7 4542 41243
7 4543 41247
7 4544 41249
7 4545 41098
7 4546 41308
7 4547 41170
7 4548 41308
7 4549 41306
7 4550 41249
7 4551 41172
7 4552 41174
7 4553 41101
7 4554 41184
7 4555 41178
7 4556 41243
7 4557 41103
7 4558 41171
7 4559 41030
7 4560 225931
7 4561 41032
7 4562 226124
7 4563 41044
7 4564 41044
7 4565 41031
7 4566 226885
7 4567 41100
7 4568 228341
7 4569 41170
7 4570 41305
7 4571 41182
7 4572 228200
7 4573 41243
7 4574 227401
7 4575 41178
7 4576 41245
7 4577 41178
7 4578 41245
7 4579 41243
7 4580 41309
7 4581 41181
7 4582 41248
7 4583 41105
7 4584 224694
7 4585 40962
7 4586 224821
7 4587 41031
7 4588 41031
7 4589 40960
7 4590 227107
7 4591 41102
7 4592 226184
7 4593 41026
7 4594 41182
7 4595 41040
7 4596 227375
7 4597 41242
7 4598 226227
7 4599 41031
7 4600 41182
7 4601 41108
7 4602 41178
7 4603 41108
7 4604 41250
7 4605 41108
7 4606 41180
7 4607 41036
7 4608 226165
7 4609 41037
7 4610 227259
7 4611 41179
7 4612 41245
7 4613 41182
7 4614 226122
7 4615 41036
7 4616 227123
7 4617 41102
7 4618 41178
7 4619 41108
7 4620 224715
7 4621 41099
7 4622 224720
7 4623 41098
7 4624 40883
7 4625 40883
7 4626 41176
7 4627 41243
7 4628 41183
7 4629 41233
7 4630 41030
7 4631 41030
7 4632 227147
7 4633 41243
7 4634 228450
7 4635 41308
7 4636 41246
7 4637 41311
7 4638 228234
7 4639 41246
7 4640 227138
7 4641 41166
7 4642 41311
7 4643 41235
7 4644 226154
7 4645 41181
7 4646 226152
7 4647 41172
7 4648 41027
7 4649 41027
7 4650 41102
7 4651 41237
7 4652 41173
7 4653 41162
7 4654 41094
7 4655 41094
7 4656 41178
7 4657 41179
7 4658 41306
7 4659 41252
7 4660 41309
7 4661 41180
7 4662 41184
7 4663 41177
7 4664 41308
7 4665 41233
7 4666 41241
7 4667 41174
7 4668 41247
7 4669 41305
7 4670 41243
7 4671 41300
7 4672 41094
7 4673 41094
7 4674 41175
7 4675 41241
7 4676 41185
7 4677 41230
7 4678 41034
7 4679 41034
7 4680 226088
7 4681 41038
7 4682 228339
7 4683 41188
7 4684 41245
7 4685 41178
7 4686 227183
7 4687 41101
7 4688 229462
7 4689 41246
7 4690 41309
7 4691 41250
7 4692 227366
7 4693 41241
7 4694 228367
7 4695 41312
7 4696 41176
7 4697 41183
7 4698 41180
7 4699 41313
7 4700 41256
7 4701 41310
7 4702 41182
7 4703 41181
7 4704 227184
7 4705 41101
7 4706 227379
7 4707 41178
7 4708 41243
7 4709 41108
7 4710 226029
7 4711 41034
7 4712 227248
7 4713 41102
7 4714 41181
7 4715 41108
7 4716 228448
7 4717 41311
7 4718 227151
7 4719 41166
7 4720 41243
7 4721 41233
7 4722 41313
7 4723 41247
7 4724 41310
7 4725 41235
7 4726 41244
7 4727 41174
7 4728 226134
7 4729 41036
7 4730 228352
7 4731 41187
7 4732 41248
7 4733 41180
7 4734 224719
7 4735 40960
7 4736 226239
7 4737 41036
7 4738 41105
7 4739 41036
7 4740 226148
7 4741 41178
7 4742 226139
7 4743 41170
7 4744 41030
7 4745 41030
7 4746 41182
7 4747 41244
7 4748 41181
7 4749 41174
7 4750 41032
7 4751 41032
7 4752 224712
7 4753 41177
7 4754 226038
7 4755 41247
7 4756 41102
7 4757 41173
7 4758 226038
7 4759 41179
7 4760 224676
7 4761 41104
7 4762 41237
7 4763 41162
7 4764 224734
7 4765 41178
7 4766 224723
7 4767 41103
7 4768 41094
7 4769 41094
7 4770 40883
7 4771 40954
7 4772 40954
7 4773 40882
7 4774 40883
7 4775 40883
7 4776 41096
7 4777 41240
7 4778 41173
7 4779 41301
7 4780 41235
7 4781 41237
7 4782 41170
7 4783 41237
7 4784 41170
7 4785 41162
7 4786 41237
7 4787 41228
7 4788 41174
7 4789 41297
7 4790 41167
7 4791 41230
7 4792 41090
7 4793 41090
7 4794 41020
7 4795 41032
7 4796 41032
7 4797 41020
7 4798 41020
7 4799 41020
7 4800 224462
7 4801 41171
7 4802 226078
7 4803 41243
7 4804 41178
7 4805 41184
7 4806 225961
7 4807 41174
7 4808 227154
7 4809 41249
7 4810 41306
7 4811 41308
7 4812 227141
7 4813 41308
7 4814 226191
7 4815 41249
7 4816 41247
7 4817 41243
7 4818 41096
7 4819 41170
7 4820 41173
7 4821 41170
7 4822 41174
7 4823 41167
7 4824 226064
7 4825 41178
7 4826 226121
7 4827 41247
7 4828 41179
7 4829 41177
7 4830 227131
7 4831 41177
7 4832 224660
7 4833 41098
7 4834 41252
7 4835 41233
7 4836 227039
7 4837 41306
7 4838 226954
7 4839 41172
7 4840 41305
7 4841 41300
7 4842 41240
7 4843 41237
7 4844 41301
7 4845 41162
7 4846 41297
7 4847 41230
7 4848 227131
7 4849 41174
7 4850 227037
7 4851 41308
7 4852 41309
7 4853 41241
7 4854 226183
7 4855 41102
7 4856 226944
7 4857 41170
7 4858 41180
7 4859 41174
7 4860 224678
7 4861 41174
7 4862 224677
7 4863 41101
7 4864 41094
7 4865 41094
7 4866 41235
7 4867 41237
7 4868 41237
7 4869 41228
7 4870 41090
7 4871 41090
7 4872 224719
7 4873 41184
7 4874 226034
7 4875 41243
7 4876 41175
7 4877 41185
7 4878 226036
7 4879 41178
7 4880 224677
7 4881 41103
7 4882 41241
7 4883 41230
7 4884 224729
7 4885 41171
7 4886 224657
7 4887 41030
7 4888 41034
7 4889 41034
7 4890 41020
7 4891 41032
7 4892 41032
7 4893 41020
7 4894 41020
7 4895 41020
7 4896 40883
7 4897 40959
7 4898 40957
7 4899 41024
7 4900 41024
7 4901 40961
7 4902 40959
7 4903 40960
7 4904 41024
7 4905 40882
7 4906 41022
7 4907 41020
7 4908 41024
7 4909 41022
7 4910 40961
7 4911 41020
7 4912 40882
7 4913 40882
7 4914 40883
7 4915 40953
7 4916 40953
7 4917 40882
7 4918 40883
7 4919 40883
7 4920 40884
7 4921 40959
7 4922 40960
7 4923 41031
7 4924 41033
7 4925 40964
7 4926 40960
7 4927 40961
7 4928 41097
7 4929 41032
7 4930 41096
7 4931 41100
7 4932 41094
7 4933 41096
7 4934 40965
7 4935 41102
7 4936 41034
7 4937 41033
7 4938 41031
7 4939 41098
7 4940 41098
7 4941 41031
7 4942 41033
7 4943 40961
7 4944 40959
7 4945 40966
7 4946 40961
7 4947 41035
7 4948 41035
7 4949 40964
7 4950 41031
7 4951 41035
7 4952 41032
7 4953 40883
7 4954 41163
7 4955 41030
7 4956 41096
7 4957 41165
7 4958 41102
7 4959 41027
7 4960 41098
7 4961 41094
7 4962 41164
7 4963 41101
7 4964 41230
7 4965 41094
7 4966 41164
7 4967 41034
7 4968 41033
7 4969 41035
7 4970 41096
7 4971 41163
7 4972 41166
7 4973 41104
7 4974 40964
7 4975 40964
7 4976 41100
7 4977 41030
7 4978 41104
7 4979 41032
7 4980 41034
7 4981 41098
7 4982 41033
7 4983 41094
7 4984 40883
7 4985 40883
7 4986 41095
7 4987 41162
7 4988 41160
7 4989 41090
7 4990 41024
7 4991 41024
7 4992 41031
7 4993 41164
7 4994 41098
7 4995 41230
7 4996 41095
7 4997 41160
7 4998 41098
7 4999 41101
7 5000 41031
7 5001 41094
7 5002 41162
7 5003 41090
7 5004 41033
7 5005 41164
7 5006 40961
7 5007 41034
7 5008 41024
7 5009 41024
7 5010 40883
7 5011 40954
7 5012 40954
7 5013 40882
7 5014 40883
7 5015 40883
7 5016 40884
7 5017 40959
7 5018 40957
7 5019 41024
7 5020 41024
7 5021 40961
7 5022 40959
7 5023 40960
7 5024 41024
7 5025 40883
7 5026 41022
7 5027 41020
7 5028 41024
7 5029 41022
7 5030 40961
7 5031 41020
7 5032 40883
7 5033 40883
7 5034 40884
7 5035 40954
7 5036 40954
7 5037 40883
7 5038 40884
7 5039 40884
