3 0 3628800
3 1 3628800
3 2 3628163
3 3 3625160
3 4 3626952
3 5 3625160
4 0 3628163
4 1 3626952
4 2 3628163
4 3 3625160
4 4 3626952
4 5 3625160
4 6 3359891
4 7 3459178
4 8 3389858
4 9 3157005
4 10 3485603
4 11 3210418
4 12 3389858
4 13 3404732
4 14 3359891
4 15 3210418
4 16 3396216
4 17 3157005
4 18 3459178
4 19 3404732
4 20 3485603
4 21 3148701
4 22 3396216
4 23 3157005
5 0 3359891
5 1 3459178
5 2 3349198
5 3 3404732
5 4 3485603
5 5 3396216
5 6 3359891
5 7 3459178
5 8 3389858
5 9 3157005
5 10 3485603
5 11 3210418
5 12 3389858
5 13 3404732
5 14 3359891
5 15 3210418
5 16 3396216
5 17 3157005
5 18 3459178
5 19 3404732
5 20 3485603
5 21 3148701
5 22 3396216
5 23 3157005
5 24 1746205
5 25 2300776
5 26 1741142
5 27 2328674
5 28 2315144
5 29 2314136
5 30 1776083
5 31 2323716
5 32 1815035
5 33 1470405
5 34 2348745
5 35 1506758
5 36 1806900
5 37 2380566
5 38 1815694
5 39 1496561
5 40 2376881
5 41 1507402
5 42 2346274
5 43 2375721
5 44 2363717
5 45 1512547
5 46 2397040
5 47 1503115
5 48 1776083
5 49 2323716
5 50 1805737
5 51 1856342
5 52 2357084
5 53 1867553
5 54 1746205
5 55 2300776
5 56 1815754
5 57 1498557
5 58 2334330
5 59 1502058
5 60 1810027
5 61 1829433
5 62 1806329
5 63 1512285
5 64 1812298
5 65 1470405
5 66 2344853
5 67 1879215
5 68 2355148
5 69 1507919
5 70 1865500
5 71 1491312
5 72 1814593
5 73 2373913
5 74 1814548
5 75 1874340
5 76 2373432
5 77 1835735
5 78 1815171
5 79 2372424
5 80 1800811
5 81 1515127
5 82 2410301
5 83 1510520
5 84 1806038
5 85 1867982
5 86 1746205
5 87 1508739
5 88 1865500
5 89 1491312
5 90 2314136
5 91 1817670
5 92 2364917
5 93 1469220
5 94 1812298
5 95 1470405
5 96 2300776
5 97 2338267
5 98 2312777
5 99 1822055
5 100 2368087
5 101 1825047
5 102 2319107
5 103 2338484
5 104 2334502
5 105 1468712
5 106 2368198
5 107 1503190
5 108 2334254
5 109 1820697
5 110 2317636
5 111 1503190
5 112 1807590
5 113 1469193
5 114 2314136
5 115 1817670
5 116 2364917
5 117 1469220
5 118 1812298
5 119 1470405
6 0 1746205
6 1 2300776
6 2 1741142
6 3 2328674
6 4 2315144
6 5 2314136
6 6 1743822
6 7 2296236
6 8 1795173
6 9 1818175
6 10 2323969
6 11 1861107
6 12 1795750
6 13 2360453
6 14 1736820
6 15 1858441
6 16 2368707
6 17 1826638
6 18 2323756
6 19 2368398
6 20 2325841
6 21 1823587
6 22 2365681
6 23 1812298
6 24 1746205
6 25 2300776
6 26 1741142
6 27 2328674
6 28 2315144
6 29 2314136
6 30 1776083
6 31 2323716
6 32 1815035
6 33 1470405
6 34 2348745
6 35 1506758
6 36 1806900
6 37 2380566
6 38 1815694
6 39 1496561
6 40 2376881
6 41 1507402
6 42 2346274
6 43 2375721
6 44 2363717
6 45 1512547
6 46 2397040
6 47 1503115
6 48 1776083
6 49 2323716
6 50 1805737
6 51 1856342
6 52 2357084
6 53 1867553
6 54 1746205
6 55 2300776
6 56 1815754
6 57 1498557
6 58 2334330
6 59 1502058
6 60 1810027
6 61 1829433
6 62 1806329
6 63 1512285
6 64 1812298
6 65 1470405
6 66 2344853
6 67 1879215
6 68 2355148
6 69 1507919
6 70 1865500
6 71 1491312
6 72 1814593
6 73 2373913
6 74 1814548
6 75 1874340
6 76 2373432
6 77 1835735
6 78 1815171
6 79 2372424
6 80 1800811
6 81 1515127
6 82 2410301
6 83 1510520
6 84 1806038
6 85 1867982
6 86 1746205
6 87 1508739
6 88 1865500
6 89 1491312
6 90 2314136
6 91 1817670
6 92 2364917
6 93 1469220
6 94 1812298
6 95 1470405
6 96 2300776
6 97 2338267
6 98 2312777
6 99 1822055
6 100 2368087
6 101 1825047
6 102 2319107
6 103 2338484
6 104 2334502
6 105 1468712
6 106 2368198
6 107 1503190
6 108 2334254
6 109 1820697
6 110 2317636
6 111 1503190
6 112 1807590
6 113 1469193
6 114 2314136
6 115 1817670
6 116 2364917
6 117 1469220
6 118 1812298
6 119 1470405
6 120 394155
6 121 690070
6 122 393903
6 123 931925
6 124 690831
6 125 926060
6 126 394042
6 127 689157
6 128 402825
6 129 669379
6 130 691206
6 131 679631
6 132 402874
6 133 938650
6 134 393722
6 135 679466
6 136 936664
6 137 670835
6 138 692277
6 139 939010
6 140 691352
6 141 670220
6 142 936523
6 143 669150
6 144 396263
6 145 695157
6 146 396251
6 147 932607
6 148 695157
6 149 928605
6 150 398638
6 151 703149
6 152 406078
6 153 337210
6 154 704474
6 155 339000
6 156 408525
6 157 950723
6 158 408035
6 159 339047
6 160 949132
6 161 340923
6 162 698946
6 163 944176
6 164 706844
6 165 340807
6 166 949368
6 167 339301
6 168 399420
6 169 702951
6 170 408196
6 171 689915
6 172 708694
6 173 692248
6 174 399726
6 175 704130
6 176 407792
6 177 339047
6 178 704246
6 179 339112
6 180 409848
6 181 682118
6 182 409037
6 183 342114
6 184 680572
6 185 340805
6 186 707969
6 187 695423
6 188 709749
6 189 342224
6 190 693141
6 191 342356
6 192 409059
6 193 956996
6 194 407064
6 195 692538
6 196 955502
6 197 684326
6 198 410721
6 199 956756
6 200 410158
6 201 342279
6 202 958036
6 203 342214
6 204 410115
6 205 695168
6 206 406855
6 207 339348
6 208 694424
6 209 342355
6 210 954341
6 211 684436
6 212 957191
6 213 340981
6 214 693025
6 215 340949
6 216 696159
6 217 950413
6 218 694546
6 219 682929
6 220 949718
6 221 681782
6 222 701049
6 223 952824
6 224 708384
6 225 340861
6 226 958440
6 227 342463
6 228 709081
6 229 692038
6 230 706219
6 231 342569
6 232 692345
6 233 340829
6 234 955282
6 235 686339
6 236 956241
6 237 340937
6 238 692586
6 239 339137
6 240 396263
6 241 695157
6 242 396251
6 243 932607
6 244 695157
6 245 928605
6 246 399380
6 247 703462
6 248 410118
6 249 391744
6 250 706591
6 251 395578
6 252 408398
6 253 951498
6 254 407904
6 255 393958
6 256 955580
6 257 394423
6 258 700632
6 259 949810
6 260 706834
6 261 394868
6 262 955308
6 263 392824
6 264 394155
6 265 690070
6 266 393903
6 267 931925
6 268 690831
6 269 926060
6 270 399580
6 271 704607
6 272 408034
6 273 339000
6 274 705805
6 275 339402
6 276 406363
6 277 952192
6 278 407876
6 279 339112
6 280 950591
6 281 341049
6 282 694973
6 283 941530
6 284 706858
6 285 341051
6 286 948963
6 287 339300
6 288 398374
6 289 703296
6 290 409131
6 291 392883
6 292 708023
6 293 396079
6 294 398293
6 295 703061
6 296 409184
6 297 340923
6 298 704209
6 299 341049
6 300 406693
6 301 387541
6 302 406642
6 303 340805
6 304 384469
6 305 337210
6 306 706633
6 307 398587
6 308 707463
6 309 343809
6 310 394135
6 311 339221
6 312 408182
6 313 950671
6 314 409665
6 315 396719
6 316 952556
6 317 396930
6 318 409376
6 319 952848
6 320 408837
6 321 342214
6 322 960347
6 323 343913
6 324 408797
6 325 394978
6 326 406667
6 327 342355
6 328 391882
6 329 339095
6 330 940619
6 331 395219
6 332 948701
6 333 342140
6 334 392753
6 335 340630
6 336 699044
6 337 946360
6 338 707775
6 339 397636
6 340 957700
6 341 395952
6 342 698646
6 343 946405
6 344 708121
6 345 343740
6 346 955802
6 347 342672
6 348 708727
6 349 398443
6 350 705824
6 351 345279
6 352 394185
6 353 340635
6 354 945928
6 355 397172
6 356 950429
6 357 343572
6 358 392897
6 359 339346
6 360 398568
6 361 704191
6 362 408155
6 363 685003
6 364 709553
6 365 686007
6 366 399686
6 367 704642
6 368 411662
6 369 395099
6 370 707932
6 371 396940
6 372 409805
6 373 682154
6 374 408818
6 375 397504
6 376 693820
6 377 391385
6 378 708260
6 379 695137
6 380 710096
6 381 397482
6 382 695138
6 383 391002
6 384 399514
6 385 705579
6 386 405643
6 387 684283
6 388 708359
6 389 683880
6 390 398012
6 391 702125
6 392 409188
6 393 340807
6 394 705796
6 395 341051
6 396 409282
6 397 692399
6 398 407668
6 399 342224
6 400 695290
6 401 343809
6 402 710928
6 403 695737
6 404 708777
6 405 343859
6 406 696195
6 407 342507
6 408 398387
6 409 701547
6 410 410360
6 411 395624
6 412 707304
6 413 395250
6 414 394155
6 415 690070
6 416 405518
6 417 339301
6 418 693161
6 419 339300
6 420 408457
6 421 394360
6 422 407141
6 423 342356
6 424 392112
6 425 339221
6 426 706122
6 427 397660
6 428 704319
6 429 342507
6 430 392725
6 431 339278
6 432 406438
6 433 683553
6 434 408377
6 435 396402
6 436 681427
6 437 389700
6 438 408318
6 439 684828
6 440 404767
6 441 340981
6 442 693582
6 443 342140
6 444 406964
6 445 395249
6 446 403316
6 447 340949
6 448 394036
6 449 340630
6 450 669150
6 451 385665
6 452 680818
6 453 337148
6 454 384469
6 455 337210
6 456 705056
6 457 687110
6 458 707749
6 459 396438
6 460 694099
6 461 392443
6 462 708095
6 463 687252
6 464 706703
6 465 342307
6 466 696730
6 467 343685
6 468 706921
6 469 396122
6 470 703815
6 471 343794
6 472 393396
6 473 340508
6 474 680883
6 475 388123
6 476 687392
6 477 338925
6 478 387573
6 479 338937
6 480 404675
6 481 944277
6 482 406614
6 483 682934
6 484 947895
6 485 676254
6 486 406470
6 487 945283
6 488 409805
6 489 397487
6 490 958736
6 491 397603
6 492 409719
6 493 691674
6 494 405683
6 495 397629
6 496 696278
6 497 392819
6 498 940255
6 499 681865
6 500 949292
6 501 390297
6 502 685432
6 503 390096
6 504 406536
6 505 947161
6 506 406447
6 507 684898
6 508 950044
6 509 674487
6 510 407817
6 511 945438
6 512 406965
6 513 340861
6 514 954517
6 515 343740
6 516 408637
6 517 691514
6 518 409463
6 519 342569
6 520 694691
6 521 345279
6 522 956148
6 523 684785
6 524 957324
6 525 342307
6 526 691099
6 527 343794
6 528 407851
6 529 944323
6 530 407659
6 531 397743
6 532 957788
6 533 396145
6 534 404210
6 535 940908
6 536 407591
6 537 342463
6 538 950770
6 539 342672
6 540 404707
6 541 395175
6 542 404264
6 543 340829
6 544 394845
6 545 340635
6 546 950165
6 547 397197
6 548 952238
6 549 343685
6 550 394057
6 551 340508
6 552 406901
6 553 686507
6 554 407217
6 555 396941
6 556 692229
6 557 391747
6 558 407798
6 559 686823
6 560 405448
6 561 340937
6 562 697288
6 563 343572
6 564 405168
6 565 395616
6 566 394155
6 567 339137
6 568 394260
6 569 339346
6 570 680883
6 571 388123
6 572 687392
6 573 338925
6 574 387573
6 575 338937
6 576 926060
6 577 670781
6 578 934538
6 579 387287
6 580 679699
6 581 386417
6 582 935253
6 583 670691
6 584 937381
6 585 337134
6 586 679818
6 587 340374
6 588 937349
6 589 387198
6 590 936327
6 591 340374
6 592 384404
6 593 337144
6 594 669150
6 595 385665
6 596 680818
6 597 337148
6 598 384469
6 599 337210
6 600 690070
6 601 933593
6 602 691093
6 603 669645
6 604 941424
6 605 671052
6 606 691823
6 607 933550
6 608 703178
6 609 387479
6 610 946711
6 611 393300
6 612 703261
6 613 678538
6 614 690799
6 615 393276
6 616 681545
6 617 388458
6 618 939715
6 619 681596
6 620 947199
6 621 388454
6 622 681421
6 623 386375
6 624 691881
6 625 935608
6 626 691094
6 627 670914
6 628 942390
6 629 670934
6 630 696787
6 631 938164
6 632 702795
6 633 337138
6 634 949689
6 635 340722
6 636 703931
6 637 680619
6 638 704974
6 639 340541
6 640 680501
6 641 342081
6 642 953530
6 643 682153
6 644 955632
6 645 342081
6 646 690282
6 647 340960
6 648 696906
6 649 938147
6 650 704284
6 651 392626
6 652 949627
6 653 393447
6 654 692059
6 655 935505
6 656 705494
6 657 340722
6 658 949599
6 659 340826
6 660 702820
6 661 388925
6 662 702535
6 663 342081
6 664 384393
6 665 337134
6 666 941943
6 667 394844
6 668 949360
6 669 341847
6 670 392499
6 671 340374
6 672 703621
6 673 682003
6 674 704478
6 675 395555
6 676 680289
6 677 390154
6 678 705315
6 679 681704
6 680 701905
6 681 342081
6 682 690985
6 683 341847
6 684 701496
6 685 394502
6 686 690880
6 687 340960
6 688 392499
6 689 340374
6 690 668412
6 691 385653
6 692 680453
6 693 337085
6 694 384407
6 695 337148
6 696 926060
6 697 670781
6 698 934538
6 699 387287
6 700 679699
6 701 386417
6 702 935253
6 703 670691
6 704 937381
6 705 337134
6 706 679818
6 707 340374
6 708 937349
6 709 387198
6 710 936327
6 711 340374
6 712 384404
6 713 337144
6 714 669150
6 715 385665
6 716 680818
6 717 337148
6 718 384469
6 719 337210
7 0 394155
7 1 690070
7 2 393903
7 3 931925
7 4 690831
7 5 926060
7 6 394042
7 7 689157
7 8 402825
7 9 669379
7 10 691206
7 11 679631
7 12 402874
7 13 938650
7 14 393722
7 15 679466
7 16 936664
7 17 670835
7 18 692277
7 19 939010
7 20 691352
7 21 670220
7 22 936523
7 23 669150
7 24 394088
7 25 689898
7 26 393835
7 27 931921
7 28 690659
7 29 925758
7 30 399004
7 31 702163
7 32 406890
7 33 385749
7 34 703577
7 35 394053
7 36 405785
7 37 950715
7 38 406897
7 39 392195
7 40 950054
7 41 393260
7 42 695867
7 43 945830
7 44 704995
7 45 394393
7 46 953418
7 47 392776
7 48 399008
7 49 702156
7 50 405146
7 51 688210
7 52 705318
7 53 689899
7 54 394014
7 55 688860
7 56 406335
7 57 392196
7 58 694153
7 59 392925
7 60 405382
7 61 682493
7 62 404746
7 63 395196
7 64 680339
7 65 386955
7 66 704465
7 67 694378
7 68 702795
7 69 394538
7 70 692306
7 71 389539
7 72 405913
7 73 949373
7 74 406360
7 75 691513
7 76 947774
7 77 682158
7 78 405383
7 79 946458
7 80 404278
7 81 395792
7 82 954338
7 83 395138
7 84 406175
7 85 690477
7 86 393696
7 87 393950
7 88 692236
7 89 389544
7 90 937020
7 91 681489
7 92 945275
7 93 386990
7 94 681488
7 95 386935
7 96 692469
7 97 941630
7 98 693189
7 99 680370
7 100 946589
7 101 681337
7 102 693971
7 103 941595
7 104 702456
7 105 387291
7 106 947310
7 107 394114
7 108 702540
7 109 681686
7 110 691084
7 111 394141
7 112 680783
7 113 386790
7 114 937012
7 115 681404
7 116 943944
7 117 386718
7 118 679424
7 119 384469
7 120 394155
7 121 690070
7 122 393903
7 123 931925
7 124 690831
7 125 926060
7 126 394042
7 127 689157
7 128 402825
7 129 669379
7 130 691206
7 131 679631
7 132 402874
7 133 938650
7 134 393722
7 135 679466
7 136 936664
7 137 670835
7 138 692277
7 139 939010
7 140 691352
7 141 670220
7 142 936523
7 143 669150
7 144 396263
7 145 695157
7 146 396251
7 147 932607
7 148 695157
7 149 928605
7 150 398638
7 151 703149
7 152 406078
7 153 337210
7 154 704474
7 155 339000
7 156 408525
7 157 950723
7 158 408035
7 159 339047
7 160 949132
7 161 340923
7 162 698946
7 163 944176
7 164 706844
7 165 340807
7 166 949368
7 167 339301
7 168 399420
7 169 702951
7 170 408196
7 171 689915
7 172 708694
7 173 692248
7 174 399726
7 175 704130
7 176 407792
7 177 339047
7 178 704246
7 179 339112
7 180 409848
7 181 682118
7 182 409037
7 183 342114
7 184 680572
7 185 340805
7 186 707969
7 187 695423
7 188 709749
7 189 342224
7 190 693141
7 191 342356
7 192 409059
7 193 956996
7 194 407064
7 195 692538
7 196 955502
7 197 684326
7 198 410721
7 199 956756
7 200 410158
7 201 342279
7 202 958036
7 203 342214
7 204 410115
7 205 695168
7 206 406855
7 207 339348
7 208 694424
7 209 342355
7 210 954341
7 211 684436
7 212 957191
7 213 340981
7 214 693025
7 215 340949
7 216 696159
7 217 950413
7 218 694546
7 219 682929
7 220 949718
7 221 681782
7 222 701049
7 223 952824
7 224 708384
7 225 340861
7 226 958440
7 227 342463
7 228 709081
7 229 692038
7 230 706219
7 231 342569
7 232 692345
7 233 340829
7 234 955282
7 235 686339
7 236 956241
7 237 340937
7 238 692586
7 239 339137
7 240 396263
7 241 695157
7 242 396251
7 243 932607
7 244 695157
7 245 928605
7 246 399380
7 247 703462
7 248 410118
7 249 391744
7 250 706591
7 251 395578
7 252 408398
7 253 951498
7 254 407904
7 255 393958
7 256 955580
7 257 394423
7 258 700632
7 259 949810
7 260 706834
7 261 394868
7 262 955308
7 263 392824
7 264 394155
7 265 690070
7 266 393903
7 267 931925
7 268 690831
7 269 926060
7 270 399580
7 271 704607
7 272 408034
7 273 339000
7 274 705805
7 275 339402
7 276 406363
7 277 952192
7 278 407876
7 279 339112
7 280 950591
7 281 341049
7 282 694973
7 283 941530
7 284 706858
7 285 341051
7 286 948963
7 287 339300
7 288 398374
7 289 703296
7 290 409131
7 291 392883
7 292 708023
7 293 396079
7 294 398293
7 295 703061
7 296 409184
7 297 340923
7 298 704209
7 299 341049
7 300 406693
7 301 387541
7 302 406642
7 303 340805
7 304 384469
7 305 337210
7 306 706633
7 307 398587
7 308 707463
7 309 343809
7 310 394135
7 311 339221
7 312 408182
7 313 950671
7 314 409665
7 315 396719
7 316 952556
7 317 396930
7 318 409376
7 319 952848
7 320 408837
7 321 342214
7 322 960347
7 323 343913
7 324 408797
7 325 394978
7 326 406667
7 327 342355
7 328 391882
7 329 339095
7 330 940619
7 331 395219
7 332 948701
7 333 342140
7 334 392753
7 335 340630
7 336 699044
7 337 946360
7 338 707775
7 339 397636
7 340 957700
7 341 395952
7 342 698646
7 343 946405
7 344 708121
7 345 343740
7 346 955802
7 347 342672
7 348 708727
7 349 398443
7 350 705824
7 351 345279
7 352 394185
7 353 340635
7 354 945928
7 355 397172
7 356 950429
7 357 343572
7 358 392897
7 359 339346
7 360 398568
7 361 704191
7 362 408155
7 363 685003
7 364 709553
7 365 686007
7 366 399686
7 367 704642
7 368 411662
7 369 395099
7 370 707932
7 371 396940
7 372 409805
7 373 682154
7 374 408818
7 375 397504
7 376 693820
7 377 391385
7 378 708260
7 379 695137
7 380 710096
7 381 397482
7 382 695138
7 383 391002
7 384 399514
7 385 705579
7 386 405643
7 387 684283
7 388 708359
7 389 683880
7 390 398012
7 391 702125
7 392 409188
7 393 340807
7 394 705796
7 395 341051
7 396 409282
7 397 692399
7 398 407668
7 399 342224
7 400 695290
7 401 343809
7 402 710928
7 403 695737
7 404 708777
7 405 343859
7 406 696195
7 407 342507
7 408 398387
7 409 701547
7 410 410360
7 411 395624
7 412 707304
7 413 395250
7 414 394155
7 415 690070
7 416 405518
7 417 339301
7 418 693161
7 419 339300
7 420 408457
7 421 394360
7 422 407141
7 423 342356
7 424 392112
7 425 339221
7 426 706122
7 427 397660
7 428 704319
7 429 342507
7 430 392725
7 431 339278
7 432 406438
7 433 683553
7 434 408377
7 435 396402
7 436 681427
7 437 389700
7 438 408318
7 439 684828
7 440 404767
7 441 340981
7 442 693582
7 443 342140
7 444 406964
7 445 395249
7 446 403316
7 447 340949
7 448 394036
7 449 340630
7 450 669150
7 451 385665
7 452 680818
7 453 337148
7 454 384469
7 455 337210
7 456 705056
7 457 687110
7 458 707749
7 459 396438
7 460 694099
7 461 392443
7 462 708095
7 463 687252
7 464 706703
7 465 342307
7 466 696730
7 467 343685
7 468 706921
7 469 396122
7 470 703815
7 471 343794
7 472 393396
7 473 340508
7 474 680883
7 475 388123
7 476 687392
7 477 338925
7 478 387573
7 479 338937
7 480 404675
7 481 944277
7 482 406614
7 483 682934
7 484 947895
7 485 676254
7 486 406470
7 487 945283
7 488 409805
7 489 397487
7 490 958736
7 491 397603
7 492 409719
7 493 691674
7 494 405683
7 495 397629
7 496 696278
7 497 392819
7 498 940255
7 499 681865
7 500 949292
7 501 390297
7 502 685432
7 503 390096
7 504 406536
7 505 947161
7 506 406447
7 507 684898
7 508 950044
7 509 674487
7 510 407817
7 511 945438
7 512 406965
7 513 340861
7 514 954517
7 515 343740
7 516 408637
7 517 691514
7 518 409463
7 519 342569
7 520 694691
7 521 345279
7 522 956148
7 523 684785
7 524 957324
7 525 342307
7 526 691099
7 527 343794
7 528 407851
7 529 944323
7 530 407659
7 531 397743
7 532 957788
7 533 396145
7 534 404210
7 535 940908
7 536 407591
7 537 342463
7 538 950770
7 539 342672
7 540 404707
7 541 395175
7 542 404264
7 543 340829
7 544 394845
7 545 340635
7 546 950165
7 547 397197
7 548 952238
7 549 343685
7 550 394057
7 551 340508
7 552 406901
7 553 686507
7 554 407217
7 555 396941
7 556 692229
7 557 391747
7 558 407798
7 559 686823
7 560 405448
7 561 340937
7 562 697288
7 563 343572
7 564 405168
7 565 395616
7 566 394155
7 567 339137
7 568 394260
7 569 339346
7 570 680883
7 571 388123
7 572 687392
7 573 338925
7 574 387573
7 575 338937
7 576 926060
7 577 670781
7 578 934538
7 579 387287
7 580 679699
7 581 386417
7 582 935253
7 583 670691
7 584 937381
7 585 337134
7 586 679818
7 587 340374
7 588 937349
7 589 387198
7 590 936327
7 591 340374
7 592 384404
7 593 337144
7 594 669150
7 595 385665
7 596 680818
7 597 337148
7 598 384469
7 599 337210
7 600 690070
7 601 933593
7 602 691093
7 603 669645
7 604 941424
7 605 671052
7 606 691823
7 607 933550
7 608 703178
7 609 387479
7 610 946711
7 611 393300
7 612 703261
7 613 678538
7 614 690799
7 615 393276
7 616 681545
7 617 388458
7 618 939715
7 619 681596
7 620 947199
7 621 388454
7 622 681421
7 623 386375
7 624 691881
7 625 935608
7 626 691094
7 627 670914
7 628 942390
7 629 670934
7 630 696787
7 631 938164
7 632 702795
7 633 337138
7 634 949689
7 635 340722
7 636 703931
7 637 680619
7 638 704974
7 639 340541
7 640 680501
7 641 342081
7 642 953530
7 643 682153
7 644 955632
7 645 342081
7 646 690282
7 647 340960
7 648 696906
7 649 938147
7 650 704284
7 651 392626
7 652 949627
7 653 393447
7 654 692059
7 655 935505
7 656 705494
7 657 340722
7 658 949599
7 659 340826
7 660 702820
7 661 388925
7 662 702535
7 663 342081
7 664 384393
7 665 337134
7 666 941943
7 667 394844
7 668 949360
7 669 341847
7 670 392499
7 671 340374
7 672 703621
7 673 682003
7 674 704478
7 675 395555
7 676 680289
7 677 390154
7 678 705315
7 679 681704
7 680 701905
7 681 342081
7 682 690985
7 683 341847
7 684 701496
7 685 394502
7 686 690880
7 687 340960
7 688 392499
7 689 340374
7 690 668412
7 691 385653
7 692 680453
7 693 337085
7 694 384407
7 695 337148
7 696 926060
7 697 670781
7 698 934538
7 699 387287
7 700 679699
7 701 386417
7 702 935253
7 703 670691
7 704 937381
7 705 337134
7 706 679818
7 707 340374
7 708 937349
7 709 387198
7 710 936327
7 711 340374
7 712 384404
7 713 337144
7 714 669150
7 715 385665
7 716 680818
7 717 337148
7 718 384469
7 719 337210
7 720 43545
7 721 84464
7 722 43544
7 723 180407
7 724 84464
7 725 179594
7 726 43544
7 727 84434
7 728 43924
7 729 163752
7 730 84475
7 731 164630
7 732 43924
7 733 180630
7 734 43544
7 735 164628
7 736 179977
7 737 163796
7 738 84531
7 739 180628
7 740 84477
7 741 163752
7 742 179978
7 743 163752
7 744 43544
7 745 84461
7 746 43543
7 747 180407
7 748 84461
7 749 179556
7 750 43736
7 751 85576
7 752 44043
7 753 67162
7 754 85542
7 755 68089
7 756 44046
7 757 181693
7 758 44076
7 759 67960
7 760 181083
7 761 67988
7 762 84632
7 763 180899
7 764 85565
7 765 68072
7 766 181191
7 767 68003
7 768 43736
7 769 85578
7 770 44020
7 771 165770
7 772 85632
7 773 165830
7 774 43544
7 775 84427
7 776 44049
7 777 67959
7 778 84566
7 779 68005
7 780 43988
7 781 165083
7 782 43960
7 783 68156
7 784 164999
7 785 67257
7 786 85579
7 787 166067
7 788 85460
7 789 68114
7 790 165965
7 791 67405
7 792 43990
7 793 181572
7 794 44050
7 795 165832
7 796 181003
7 797 164980
7 798 43998
7 799 180943
7 800 43957
7 801 68198
7 802 181241
7 803 68157
7 804 44039
7 805 165862
7 806 43544
7 807 68088
7 808 165960
7 809 67407
7 810 179989
7 811 165026
7 812 180306
7 813 67260
7 814 165060
7 815 67260
7 816 84540
7 817 180784
7 818 84590
7 819 164869
7 820 180921
7 821 164959
7 822 84611
7 823 180783
7 824 85504
7 825 67266
7 826 180894
7 827 68077
7 828 85508
7 829 165035
7 830 84472
7 831 68076
7 832 165017
7 833 67255
7 834 179989
7 835 165026
7 836 180219
7 837 67253
7 838 164968
7 839 67133
7 840 43615
7 841 84544
7 842 43614
7 843 180834
7 844 84544
7 845 180079
7 846 43615
7 847 84544
7 848 43936
7 849 163814
7 850 84556
7 851 164696
7 852 43936
7 853 180822
7 854 43615
7 855 164696
7 856 180091
7 857 163814
7 858 84556
7 859 180818
7 860 84556
7 861 163770
7 862 180095
7 863 163814
7 864 43627
7 865 84685
7 866 43627
7 867 180411
7 868 84685
7 869 180178
7 870 43682
7 871 85768
7 872 43981
7 873 40884
7 874 85728
7 875 40955
7 876 44132
7 877 181655
7 878 44053
7 879 40956
7 880 181029
7 881 41029
7 882 84827
7 883 181288
7 884 85785
7 885 41027
7 886 180980
7 887 40960
7 888 43877
7 889 85861
7 890 44199
7 891 166003
7 892 85928
7 893 166092
7 894 43754
7 895 85869
7 896 44054
7 897 40958
7 898 85787
7 899 40959
7 900 44199
7 901 166068
7 902 44130
7 903 41096
7 904 166042
7 905 41036
7 906 85851
7 907 166356
7 908 85905
7 909 41098
7 910 166341
7 911 41101
7 912 44147
7 913 182144
7 914 44135
7 915 166101
7 916 181434
7 917 165228
7 918 44208
7 919 181994
7 920 44129
7 921 41097
7 922 181899
7 923 41096
7 924 44201
7 925 166344
7 926 44058
7 927 40961
7 928 166366
7 929 41101
7 930 180807
7 931 165304
7 932 181354
7 933 41037
7 934 166358
7 935 41036
7 936 84711
7 937 181378
7 938 84711
7 939 165030
7 940 181191
7 941 165040
7 942 84899
7 943 181811
7 944 85860
7 945 41035
7 946 181935
7 947 41100
7 948 85809
7 949 166305
7 950 85843
7 951 41102
7 952 166317
7 953 41034
7 954 180816
7 955 165304
7 956 181301
7 957 41036
7 958 166264
7 959 40960
7 960 43688
7 961 84735
7 962 43688
7 963 180838
7 964 84735
7 965 180499
7 966 43879
7 967 85849
7 968 44257
7 969 68430
7 970 85841
7 971 68700
7 972 44199
7 973 182223
7 974 44253
7 975 68672
7 976 181830
7 977 68610
7 978 84920
7 979 182072
7 980 85846
7 981 68620
7 982 181814
7 983 68605
7 984 43690
7 985 84742
7 986 43690
7 987 180838
7 988 84742
7 989 180532
7 990 43752
7 991 85863
7 992 44054
7 993 40956
7 994 85787
7 995 40961
7 996 44135
7 997 181859
7 998 44055
7 999 40956
7 1000 181152
7 1001 41032
7 1002 84826
7 1003 181342
7 1004 85791
7 1005 41032
7 1006 181053
7 1007 40961
7 1008 43825
7 1009 86017
7 1010 44198
7 1011 68481
7 1012 86073
7 1013 68704
7 1014 43819
7 1015 85982
7 1016 44186
7 1017 41096
7 1018 85973
7 1019 41098
7 1020 44129
7 1021 67801
7 1022 44124
7 1023 41104
7 1024 67726
7 1025 41027
7 1026 85987
7 1027 68855
7 1028 85996
7 1029 41238
7 1030 68712
7 1031 41103
7 1032 44206
7 1033 182539
7 1034 44302
7 1035 68810
7 1036 182249
7 1037 68776
7 1038 44271
7 1039 182559
7 1040 44192
7 1041 41160
7 1042 182444
7 1043 41232
7 1044 44202
7 1045 68652
7 1046 44162
7 1047 41168
7 1048 68575
7 1049 41101
7 1050 181518
7 1051 68675
7 1052 181859
7 1053 41171
7 1054 68639
7 1055 41168
7 1056 84923
7 1057 182257
7 1058 85930
7 1059 68780
7 1060 182527
7 1061 68769
7 1062 84970
7 1063 182272
7 1064 85954
7 1065 41232
7 1066 182197
7 1067 41169
7 1068 86036
7 1069 68868
7 1070 85964
7 1071 41304
7 1072 68729
7 1073 41168
7 1074 181754
7 1075 68774
7 1076 181901
7 1077 41236
7 1078 68660
7 1079 41101
7 1080 43881
7 1081 85971
7 1082 44258
7 1083 166999
7 1084 86039
7 1085 167026
7 1086 43815
7 1087 85821
7 1088 44320
7 1089 68659
7 1090 85870
7 1091 68789
7 1092 44260
7 1093 167086
7 1094 44205
7 1095 68855
7 1096 167270
7 1097 68073
7 1098 85986
7 1099 167379
7 1100 85979
7 1101 68817
7 1102 167354
7 1103 68079
7 1104 43947
7 1105 86042
7 1106 44263
7 1107 167000
7 1108 86048
7 1109 166979
7 1110 43823
7 1111 86052
7 1112 44191
7 1113 41097
7 1114 86046
7 1115 41098
7 1116 44328
7 1117 167255
7 1118 44192
7 1119 41160
7 1120 167267
7 1121 41234
7 1122 86045
7 1123 167323
7 1124 86073
7 1125 41235
7 1126 167307
7 1127 41169
7 1128 43884
7 1129 85957
7 1130 44269
7 1131 68762
7 1132 86046
7 1133 68730
7 1134 43753
7 1135 85765
7 1136 44059
7 1137 40961
7 1138 85686
7 1139 40961
7 1140 44203
7 1141 68639
7 1142 44192
7 1143 41168
7 1144 68612
7 1145 41103
7 1146 85957
7 1147 68808
7 1148 85962
7 1149 41172
7 1150 68621
7 1151 41104
7 1152 44198
7 1153 167364
7 1154 44200
7 1155 68836
7 1156 167299
7 1157 67961
7 1158 44266
7 1159 167342
7 1160 44129
7 1161 41106
7 1162 167476
7 1163 41178
7 1164 44206
7 1165 68813
7 1166 44129
7 1167 41104
7 1168 68767
7 1169 41170
7 1170 167155
7 1171 67878
7 1172 167249
7 1173 41034
7 1174 68374
7 1175 41034
7 1176 85905
7 1177 167438
7 1178 85899
7 1179 68816
7 1180 167560
7 1181 68154
7 1182 85986
7 1183 167439
7 1184 85966
7 1185 41178
7 1186 167582
7 1187 41240
7 1188 86015
7 1189 68854
7 1190 85946
7 1191 41237
7 1192 68766
7 1193 41166
7 1194 167428
7 1195 68020
7 1196 167481
7 1197 41105
7 1198 68530
7 1199 41103
7 1200 44133
7 1201 182208
7 1202 44140
7 1203 166952
7 1204 181794
7 1205 166140
7 1206 44136
7 1207 182037
7 1208 44197
7 1209 68915
7 1210 182315
7 1211 68893
7 1212 44194
7 1213 167087
7 1214 44061
7 1215 68837
7 1216 167258
7 1217 68148
7 1218 181295
7 1219 166266
7 1220 181345
7 1221 68007
7 1222 166368
7 1223 68004
7 1224 44205
7 1225 182635
7 1226 44209
7 1227 167022
7 1228 181915
7 1229 166141
7 1230 44214
7 1231 182239
7 1232 44130
7 1233 41107
7 1234 182290
7 1235 41238
7 1236 44330
7 1237 167368
7 1238 44198
7 1239 41168
7 1240 167464
7 1241 41304
7 1242 181857
7 1243 166344
7 1244 182279
7 1245 41173
7 1246 167392
7 1247 41238
7 1248 44273
7 1249 182478
7 1250 44299
7 1251 68948
7 1252 182642
7 1253 68907
7 1254 44214
7 1255 182016
7 1256 44200
7 1257 41168
7 1258 181984
7 1259 41172
7 1260 44202
7 1261 68855
7 1262 44128
7 1263 41101
7 1264 68853
7 1265 41172
7 1266 182493
7 1267 68912
7 1268 182440
7 1269 41239
7 1270 68844
7 1271 41166
7 1272 44205
7 1273 167465
7 1274 44197
7 1275 68917
7 1276 167543
7 1277 68100
7 1278 44264
7 1279 167356
7 1280 44131
7 1281 41104
7 1282 167485
7 1283 41237
7 1284 44194
7 1285 68782
7 1286 44052
7 1287 40961
7 1288 68719
7 1289 41102
7 1290 167441
7 1291 68020
7 1292 167480
7 1293 41105
7 1294 68536
7 1295 41101
7 1296 180724
7 1297 166286
7 1298 180720
7 1299 67934
7 1300 166414
7 1301 67933
7 1302 181209
7 1303 166345
7 1304 181353
7 1305 41034
7 1306 167375
7 1307 41109
7 1308 181746
7 1309 68524
7 1310 181294
7 1311 41109
7 1312 68453
7 1313 41031
7 1314 167349
7 1315 68002
7 1316 167348
7 1317 41036
7 1318 68459
7 1319 41029
7 1320 84684
7 1321 181206
7 1322 84674
7 1323 165868
7 1324 181448
7 1325 165896
7 1326 84693
7 1327 181176
7 1328 85666
7 1329 67935
7 1330 181488
7 1331 68687
7 1332 85668
7 1333 166136
7 1334 84624
7 1335 68683
7 1336 166168
7 1337 67935
7 1338 181060
7 1339 166088
7 1340 181252
7 1341 67927
7 1342 166080
7 1343 67811
7 1344 84768
7 1345 181688
7 1346 84778
7 1347 165940
7 1348 181662
7 1349 165956
7 1350 84910
7 1351 181884
7 1352 85860
7 1353 41028
7 1354 182115
7 1355 41107
7 1356 85950
7 1357 167235
7 1358 85952
7 1359 41105
7 1360 167263
7 1361 41172
7 1362 181823
7 1363 166344
7 1364 182229
7 1365 41170
7 1366 167341
7 1367 41104
7 1368 84964
7 1369 182236
7 1370 85926
7 1371 68747
7 1372 182503
7 1373 68839
7 1374 84906
7 1375 181880
7 1376 85944
7 1377 41107
7 1378 182088
7 1379 41108
7 1380 86003
7 1381 68600
7 1382 85960
7 1383 41176
7 1384 68461
7 1385 41035
7 1386 182441
7 1387 68903
7 1388 182399
7 1389 41170
7 1390 68838
7 1391 41164
7 1392 85915
7 1393 167429
7 1394 85846
7 1395 68896
7 1396 167426
7 1397 68143
7 1398 85966
7 1399 167370
7 1400 85969
7 1401 41174
7 1402 167558
7 1403 41170
7 1404 85903
7 1405 68908
7 1406 85732
7 1407 41106
7 1408 68840
7 1409 41167
7 1410 167326
7 1411 68007
7 1412 167339
7 1413 41031
7 1414 68454
7 1415 41030
7 1416 180726
7 1417 166290
7 1418 180714
7 1419 67947
7 1420 166408
7 1421 67932
7 1422 181211
7 1423 166347
7 1424 181348
7 1425 41034
7 1426 167369
7 1427 41107
7 1428 181725
7 1429 68520
7 1430 181205
7 1431 41105
7 1432 68452
7 1433 41030
7 1434 167281
7 1435 67990
7 1436 167248
7 1437 41029
7 1438 68367
7 1439 40957
7 1440 43615
7 1441 84544
7 1442 43614
7 1443 180834
7 1444 84544
7 1445 180079
7 1446 43615
7 1447 84544
7 1448 43936
7 1449 163814
7 1450 84556
7 1451 164696
7 1452 43936
7 1453 180822
7 1454 43615
7 1455 164696
7 1456 180091
7 1457 163814
7 1458 84556
7 1459 180818
7 1460 84556
7 1461 163770
7 1462 180095
7 1463 163814
7 1464 43688
7 1465 84736
7 1466 43688
7 1467 180838
7 1468 84736
7 1469 180535
7 1470 43885
7 1471 85986
7 1472 44195
7 1473 41097
7 1474 85924
7 1475 41106
7 1476 44262
7 1477 182521
7 1478 44202
7 1479 41105
7 1480 181980
7 1481 41172
7 1482 84945
7 1483 181974
7 1484 85924
7 1485 41172
7 1486 181891
7 1487 41104
7 1488 43879
7 1489 85861
7 1490 44199
7 1491 166790
7 1492 85926
7 1493 166870
7 1494 43819
7 1495 85826
7 1496 44198
7 1497 41105
7 1498 85819
7 1499 41104
7 1500 44262
7 1501 167044
7 1502 44202
7 1503 41178
7 1504 167054
7 1505 41107
7 1506 85910
7 1507 167343
7 1508 85945
7 1509 41176
7 1510 167360
7 1511 41170
7 1512 44202
7 1513 182450
7 1514 44198
7 1515 166924
7 1516 181737
7 1517 166048
7 1518 44270
7 1519 182366
7 1520 44204
7 1521 41180
7 1522 182378
7 1523 41178
7 1524 44261
7 1525 167300
7 1526 44123
7 1527 41103
7 1528 167394
7 1529 41170
7 1530 181215
7 1531 166329
7 1532 181721
7 1533 41106
7 1534 167276
7 1535 41103
7 1536 84768
7 1537 181681
7 1538 84778
7 1539 165940
7 1540 181500
7 1541 165954
7 1542 84952
7 1543 182226
7 1544 85922
7 1545 41110
7 1546 182337
7 1547 41178
7 1548 85863
7 1549 167144
7 1550 85800
7 1551 41179
7 1552 167252
7 1553 41101
7 1554 181219
7 1555 166329
7 1556 181633
7 1557 41106
7 1558 167182
7 1559 41028
7 1560 43545
7 1561 84464
7 1562 43544
7 1563 180407
7 1564 84464
7 1565 179594
7 1566 43544
7 1567 84434
7 1568 43924
7 1569 163752
7 1570 84475
7 1571 164630
7 1572 43924
7 1573 180630
7 1574 43544
7 1575 164628
7 1576 179977
7 1577 163796
7 1578 84531
7 1579 180628
7 1580 84477
7 1581 163752
7 1582 179978
7 1583 163752
7 1584 43690
7 1585 84740
7 1586 43690
7 1587 180838
7 1588 84740
7 1589 180568
7 1590 43754
7 1591 85871
7 1592 44053
7 1593 40955
7 1594 85798
7 1595 40962
7 1596 44139
7 1597 181854
7 1598 44060
7 1599 40961
7 1600 181150
7 1601 41032
7 1602 84832
7 1603 181410
7 1604 85800
7 1605 41032
7 1606 181060
7 1607 40962
7 1608 43812
7 1609 85728
7 1610 44197
7 1611 166091
7 1612 85888
7 1613 166133
7 1614 43755
7 1615 85868
7 1616 44055
7 1617 40959
7 1618 85788
7 1619 40957
7 1620 44200
7 1621 166192
7 1622 44133
7 1623 41098
7 1624 166169
7 1625 41038
7 1626 85816
7 1627 166378
7 1628 85910
7 1629 41100
7 1630 166371
7 1631 41101
7 1632 44137
7 1633 181922
7 1634 44064
7 1635 166013
7 1636 181327
7 1637 165214
7 1638 44212
7 1639 182112
7 1640 44133
7 1641 41098
7 1642 181970
7 1643 41100
7 1644 44194
7 1645 166301
7 1646 44057
7 1647 40961
7 1648 166322
7 1649 41101
7 1650 180758
7 1651 165294
7 1652 181369
7 1653 41037
7 1654 166346
7 1655 41036
7 1656 84690
7 1657 181223
7 1658 84636
7 1659 165020
7 1660 181020
7 1661 164978
7 1662 84899
7 1663 181902
7 1664 85866
7 1665 41038
7 1666 182003
7 1667 41102
7 1668 85792
7 1669 166323
7 1670 85841
7 1671 41102
7 1672 166338
7 1673 41034
7 1674 180795
7 1675 165294
7 1676 181316
7 1677 41036
7 1678 166253
7 1679 40960
7 1680 43626
7 1681 84682
7 1682 43626
7 1683 180411
7 1684 84682
7 1685 180210
7 1686 43822
7 1687 85932
7 1688 44202
7 1689 41108
7 1690 85933
7 1691 41114
7 1692 44203
7 1693 182006
7 1694 44203
7 1695 41114
7 1696 181478
7 1697 41117
7 1698 84900
7 1699 181625
7 1700 85934
7 1701 41117
7 1702 181464
7 1703 41108
7 1704 43625
7 1705 84681
7 1706 43625
7 1707 180411
7 1708 84681
7 1709 180210
7 1710 43819
7 1711 85932
7 1712 44127
7 1713 41029
7 1714 85867
7 1715 41032
7 1716 44136
7 1717 181736
7 1718 44129
7 1719 41032
7 1720 181104
7 1721 41044
7 1722 84826
7 1723 181254
7 1724 85867
7 1725 41044
7 1726 181079
7 1727 41031
7 1728 43685
7 1729 85868
7 1730 44126
7 1731 41104
7 1732 85949
7 1733 41109
7 1734 43685
7 1735 85867
7 1736 44125
7 1737 41036
7 1738 85892
7 1739 41038
7 1740 43984
7 1741 41028
7 1742 43984
7 1743 41027
7 1744 40884
7 1745 40884
7 1746 85854
7 1747 41174
7 1748 85860
7 1749 41171
7 1750 40959
7 1751 40959
7 1752 44142
7 1753 181771
7 1754 44269
7 1755 41251
7 1756 182055
7 1757 41256
7 1758 44149
7 1759 181773
7 1760 44260
7 1761 41234
7 1762 182009
7 1763 41245
7 1764 44060
7 1765 41106
7 1766 44059
7 1767 41103
7 1768 40960
7 1769 40960
7 1770 181018
7 1771 41185
7 1772 181019
7 1773 41178
7 1774 41033
7 1775 41033
7 1776 84842
7 1777 181529
7 1778 86012
7 1779 41192
7 1780 181995
7 1781 41185
7 1782 84854
7 1783 181562
7 1784 86002
7 1785 41188
7 1786 181845
7 1787 41178
7 1788 85888
7 1789 41243
7 1790 85879
7 1791 41243
7 1792 41031
7 1793 41031
7 1794 181061
7 1795 41184
7 1796 181061
7 1797 41184
7 1798 40964
7 1799 40964
7 1800 43818
7 1801 85926
7 1802 44199
7 1803 166079
7 1804 85993
7 1805 166090
7 1806 43884
7 1807 85957
7 1808 44328
7 1809 41245
7 1810 86021
7 1811 41248
7 1812 44267
7 1813 166118
7 1814 44304
7 1815 41318
7 1816 167202
7 1817 41253
7 1818 85995
7 1819 167174
7 1820 86086
7 1821 41319
7 1822 167294
7 1823 41250
7 1824 43881
7 1825 85986
7 1826 44202
7 1827 166095
7 1828 85995
7 1829 166098
7 1830 43817
7 1831 85925
7 1832 44190
7 1833 41096
7 1834 85982
7 1835 41100
7 1836 44333
7 1837 167227
7 1838 44264
7 1839 41232
7 1840 167365
7 1841 41245
7 1842 86053
7 1843 167207
7 1844 86055
7 1845 41243
7 1846 167393
7 1847 41243
7 1848 43756
7 1849 85968
7 1850 44201
7 1851 41117
7 1852 86009
7 1853 41115
7 1854 43750
7 1855 85831
7 1856 44190
7 1857 41101
7 1858 85859
7 1859 41101
7 1860 44058
7 1861 41101
7 1862 44057
7 1863 41101
7 1864 40960
7 1865 40960
7 1866 85910
7 1867 41178
7 1868 85896
7 1869 41174
7 1870 40961
7 1871 40961
7 1872 44126
7 1873 166094
7 1874 44263
7 1875 41260
7 1876 166066
7 1877 41251
7 1878 44196
7 1879 166208
7 1880 44193
7 1881 41178
7 1882 167231
7 1883 41180
7 1884 44126
7 1885 41178
7 1886 44092
7 1887 41170
7 1888 41094
7 1889 41094
7 1890 164998
7 1891 41169
7 1892 166074
7 1893 41096
7 1894 41031
7 1895 41031
7 1896 85844
7 1897 166314
7 1898 86028
7 1899 41323
7 1900 167201
7 1901 41318
7 1902 85916
7 1903 166388
7 1904 86021
7 1905 41241
7 1906 167530
7 1907 41313
7 1908 85970
7 1909 41312
7 1910 85886
7 1911 41308
7 1912 41096
7 1913 41096
7 1914 166003
7 1915 41180
7 1916 166353
7 1917 41170
7 1918 41098
7 1919 41098
7 1920 44139
7 1921 182322
7 1922 44140
7 1923 166056
7 1924 181567
7 1925 165233
7 1926 44270
7 1927 182523
7 1928 44275
7 1929 41265
7 1930 182693
7 1931 41326
7 1932 44329
7 1933 167328
7 1934 44203
7 1935 41252
7 1936 167532
7 1937 41316
7 1938 181841
7 1939 166250
7 1940 182451
7 1941 41254
7 1942 167510
7 1943 41252
7 1944 44146
7 1945 182263
7 1946 44139
7 1947 166106
7 1948 181558
7 1949 165208
7 1950 44273
7 1951 182434
7 1952 44261
7 1953 41238
7 1954 182537
7 1955 41305
7 1956 44260
7 1957 167285
7 1958 44200
7 1959 41172
7 1960 167453
7 1961 41309
7 1962 181732
7 1963 166242
7 1964 182373
7 1965 41245
7 1966 167425
7 1967 41248
7 1968 44212
7 1969 182104
7 1970 44329
7 1971 41324
7 1972 182497
7 1973 41321
7 1974 44206
7 1975 182002
7 1976 44326
7 1977 41304
7 1978 182311
7 1979 41309
7 1980 44124
7 1981 41179
7 1982 44122
7 1983 41172
7 1984 41097
7 1985 41097
7 1986 182044
7 1987 41313
7 1988 182047
7 1989 41306
7 1990 41096
7 1991 41096
7 1992 44196
7 1993 166360
7 1994 44264
7 1995 41259
7 1996 167257
7 1997 41260
7 1998 44204
7 1999 166374
7 2000 44253
7 2001 41237
7 2002 167440
7 2003 41256
7 2004 44062
7 2005 41110
7 2006 44054
7 2007 41102
7 2008 40965
7 2009 40965
7 2010 166130
7 2011 41180
7 2012 166382
7 2013 41173
7 2014 41098
7 2015 41098
7 2016 180805
7 2017 165246
7 2018 181745
7 2019 41187
7 2020 167268
7 2021 41183
7 2022 180803
7 2023 165247
7 2024 181770
7 2025 41176
7 2026 167302
7 2027 41182
7 2028 181445
7 2029 41251
7 2030 181381
7 2031 41247
7 2032 41034
7 2033 41034
7 2034 166254
7 2035 41180
7 2036 166452
7 2037 41174
7 2038 41033
7 2039 41033
7 2040 84708
7 2041 181395
7 2042 84714
7 2043 165032
7 2044 181321
7 2045 165043
7 2046 84958
7 2047 182238
7 2048 86011
7 2049 41186
7 2050 182561
7 2051 41195
7 2052 85949
7 2053 167109
7 2054 85887
7 2055 41195
7 2056 167372
7 2057 41181
7 2058 181829
7 2059 166336
7 2060 182361
7 2061 41181
7 2062 167369
7 2063 41106
7 2064 84714
7 2065 181333
7 2066 84706
7 2067 165036
7 2068 181311
7 2069 165035
7 2070 84962
7 2071 182251
7 2072 86004
7 2073 41170
7 2074 182470
7 2075 41182
7 2076 85855
7 2077 167153
7 2078 85987
7 2079 41178
7 2080 167337
7 2081 41181
7 2082 181604
7 2083 166215
7 2084 182316
7 2085 41178
7 2086 167346
7 2087 41105
7 2088 84919
7 2089 181928
7 2090 86073
7 2091 41260
7 2092 182504
7 2093 41260
7 2094 84901
7 2095 181862
7 2096 86068
7 2097 41246
7 2098 182355
7 2099 41250
7 2100 85949
7 2101 41249
7 2102 85944
7 2103 41249
7 2104 41032
7 2105 41032
7 2106 182083
7 2107 41314
7 2108 182083
7 2109 41308
7 2110 41100
7 2111 41100
7 2112 85919
7 2113 166413
7 2114 86052
7 2115 41330
7 2116 167177
7 2117 41319
7 2118 85924
7 2119 166430
7 2120 86041
7 2121 41312
7 2122 167538
7 2123 41310
7 2124 85940
7 2125 41256
7 2126 85829
7 2127 41249
7 2128 41102
7 2129 41102
7 2130 166131
7 2131 41180
7 2132 166411
7 2133 41170
7 2134 41031
7 2135 41031
7 2136 180813
7 2137 165295
7 2138 181738
7 2139 41190
7 2140 167278
7 2141 41178
7 2142 180807
7 2143 165293
7 2144 181765
7 2145 41183
7 2146 167347
7 2147 41181
7 2148 181392
7 2149 41246
7 2150 181294
7 2151 41243
7 2152 41033
7 2153 41033
7 2154 166215
7 2155 41171
7 2156 166358
7 2157 41167
7 2158 40961
7 2159 40961
7 2160 43627
7 2161 84687
7 2162 43627
7 2163 180411
7 2164 84687
7 2165 180245
7 2166 43877
7 2167 85851
7 2168 44200
7 2169 68019
7 2170 85782
7 2171 68168
7 2172 44199
7 2173 182103
7 2174 44189
7 2175 68158
7 2176 181457
7 2177 68092
7 2178 84903
7 2179 181726
7 2180 85787
7 2181 68091
7 2182 181442
7 2183 68077
7 2184 43690
7 2185 84743
7 2186 43690
7 2187 180838
7 2188 84743
7 2189 180568
7 2190 43951
7 2191 86052
7 2192 44267
7 2193 41169
7 2194 85989
7 2195 41176
7 2196 44267
7 2197 182475
7 2198 44268
7 2199 41176
7 2200 181943
7 2201 41184
7 2202 84959
7 2203 181913
7 2204 85999
7 2205 41184
7 2206 181918
7 2207 41173
7 2208 43825
7 2209 86022
7 2210 44257
7 2211 68650
7 2212 86104
7 2213 68796
7 2214 43880
7 2215 85946
7 2216 44328
7 2217 41245
7 2218 85990
7 2219 41247
7 2220 44196
7 2221 68648
7 2222 44205
7 2223 41255
7 2224 68553
7 2225 41110
7 2226 86048
7 2227 68993
7 2228 86049
7 2229 41322
7 2230 68792
7 2231 41117
7 2232 44146
7 2233 182060
7 2234 44331
7 2235 68852
7 2236 182016
7 2237 68777
7 2238 44214
7 2239 182286
7 2240 44324
7 2241 41316
7 2242 182565
7 2243 41316
7 2244 44206
7 2245 68827
7 2246 44191
7 2247 41254
7 2248 68772
7 2249 41117
7 2250 181359
7 2251 68829
7 2252 181459
7 2253 41250
7 2254 68702
7 2255 41117
7 2256 84871
7 2257 181841
7 2258 85937
7 2259 68842
7 2260 182279
7 2261 68837
7 2262 84917
7 2263 181926
7 2264 86072
7 2265 41259
7 2266 182353
7 2267 41260
7 2268 86020
7 2269 68905
7 2270 85879
7 2271 41324
7 2272 68708
7 2273 41117
7 2274 181361
7 2275 68841
7 2276 181459
7 2277 41251
7 2278 68657
7 2279 41104
7 2280 43690
7 2281 84742
7 2282 43690
7 2283 180838
7 2284 84742
7 2285 180633
7 2286 43810
7 2287 85719
7 2288 44186
7 2289 68018
7 2290 85643
7 2291 68131
7 2292 44194
7 2293 182167
7 2294 44113
7 2295 68116
7 2296 181460
7 2297 68081
7 2298 84894
7 2299 181758
7 2300 85647
7 2301 68084
7 2302 181411
7 2303 68005
7 2304 43623
7 2305 84674
7 2306 43623
7 2307 180410
7 2308 84674
7 2309 180178
7 2310 43819
7 2311 85931
7 2312 44125
7 2313 41027
7 2314 85863
7 2315 41032
7 2316 44139
7 2317 181742
7 2318 44129
7 2319 41032
7 2320 181108
7 2321 41044
7 2322 84832
7 2323 181319
7 2324 85871
7 2325 41044
7 2326 181082
7 2327 41031
7 2328 43882
7 2329 85977
7 2330 44323
7 2331 68725
7 2332 86126
7 2333 68804
7 2334 43813
7 2335 85911
7 2336 44186
7 2337 41098
7 2338 85913
7 2339 41100
7 2340 44269
7 2341 68615
7 2342 44254
7 2343 41238
7 2344 68546
7 2345 41171
7 2346 86043
7 2347 68888
7 2348 86097
7 2349 41305
7 2350 68745
7 2351 41178
7 2352 44269
7 2353 182633
7 2354 44261
7 2355 68815
7 2356 182493
7 2357 68820
7 2358 44267
7 2359 182476
7 2360 44259
7 2361 41235
7 2362 182408
7 2363 41243
7 2364 44266
7 2365 68718
7 2366 44191
7 2367 41172
7 2368 68647
7 2369 41174
7 2370 181869
7 2371 68766
7 2372 181887
7 2373 41243
7 2374 68734
7 2375 41174
7 2376 84973
7 2377 182272
7 2378 85799
7 2379 68771
7 2380 182391
7 2381 68692
7 2382 84970
7 2383 182151
7 2384 86032
7 2385 41243
7 2386 182301
7 2387 41242
7 2388 86099
7 2389 68877
7 2390 85899
7 2391 41309
7 2392 68740
7 2393 41177
7 2394 181868
7 2395 68767
7 2396 181884
7 2397 41246
7 2398 68689
7 2399 41102
7 2400 43625
7 2401 84678
7 2402 43625
7 2403 180411
7 2404 84678
7 2405 180115
7 2406 43885
7 2407 85990
7 2408 44208
7 2409 41110
7 2410 85930
7 2411 41112
7 2412 44206
7 2413 182047
7 2414 44201
7 2415 41112
7 2416 181485
7 2417 41117
7 2418 84904
7 2419 181561
7 2420 85929
7 2421 41117
7 2422 181426
7 2423 41105
7 2424 43545
7 2425 84464
7 2426 43544
7 2427 180407
7 2428 84464
7 2429 179594
7 2430 43747
7 2431 85725
7 2432 44055
7 2433 40960
7 2434 85718
7 2435 40962
7 2436 44056
7 2437 181738
7 2438 44055
7 2439 40961
7 2440 181070
7 2441 41031
7 2442 84618
7 2443 180699
7 2444 85718
7 2445 41031
7 2446 180939
7 2447 40960
7 2448 43756
7 2449 85960
7 2450 44198
7 2451 41117
7 2452 86004
7 2453 41117
7 2454 43752
7 2455 85889
7 2456 44188
7 2457 41101
7 2458 85852
7 2459 41101
7 2460 44060
7 2461 41103
7 2462 44059
7 2463 41103
7 2464 40959
7 2465 40959
7 2466 85907
7 2467 41180
7 2468 85905
7 2469 41178
7 2470 40966
7 2471 40966
7 2472 44144
7 2473 181860
7 2474 44264
7 2475 41250
7 2476 182101
7 2477 41257
7 2478 44141
7 2479 181861
7 2480 44191
7 2481 41169
7 2482 182092
7 2483 41243
7 2484 44061
7 2485 41106
7 2486 44057
7 2487 41104
7 2488 40961
7 2489 40961
7 2490 181063
7 2491 41187
7 2492 181065
7 2493 41179
7 2494 41035
7 2495 41035
7 2496 84843
7 2497 181462
7 2498 86005
7 2499 41193
7 2500 181922
7 2501 41182
7 2502 84829
7 2503 181464
7 2504 85805
7 2505 41178
7 2506 181285
7 2507 41108
7 2508 85892
7 2509 41249
7 2510 85876
7 2511 41247
7 2512 41035
7 2513 41035
7 2514 181055
7 2515 41184
7 2516 181057
7 2517 41177
7 2518 40964
7 2519 40964
7 2520 43685
7 2521 85860
7 2522 44193
7 2523 68158
7 2524 86013
7 2525 68182
7 2526 43756
7 2527 85958
7 2528 44271
7 2529 41186
7 2530 86090
7 2531 41186
7 2532 44130
7 2533 67907
7 2534 44196
7 2535 41247
7 2536 68603
7 2537 41117
7 2538 86007
7 2539 68930
7 2540 86049
7 2541 41263
7 2542 68795
7 2543 41119
7 2544 43756
7 2545 85959
7 2546 44194
7 2547 68161
7 2548 86047
7 2549 68176
7 2550 43677
7 2551 85783
7 2552 44123
7 2553 41037
7 2554 85855
7 2555 41037
7 2556 44259
7 2557 68573
7 2558 44184
7 2559 41171
7 2560 68674
7 2561 41178
7 2562 86111
7 2563 68858
7 2564 86033
7 2565 41243
7 2566 68791
7 2567 41179
7 2568 43687
7 2569 85913
7 2570 44202
7 2571 41117
7 2572 86061
7 2573 41117
7 2574 43674
7 2575 85683
7 2576 44121
7 2577 41036
7 2578 85753
7 2579 41036
7 2580 44125
7 2581 41170
7 2582 44121
7 2583 41168
7 2584 41033
7 2585 41033
7 2586 85989
7 2587 41186
7 2588 85966
7 2589 41174
7 2590 41035
7 2591 41035
7 2592 43981
7 2593 67987
7 2594 44055
7 2595 41173
7 2596 67806
7 2597 41101
7 2598 44055
7 2599 67990
7 2600 43977
7 2601 41034
7 2602 68470
7 2603 41096
7 2604 43986
7 2605 41104
7 2606 43974
7 2607 41034
7 2608 41031
7 2609 41031
7 2610 67133
7 2611 40954
7 2612 67733
7 2613 40883
7 2614 40884
7 2615 40884
7 2616 85847
7 2617 68343
7 2618 85896
7 2619 41257
7 2620 68905
7 2621 41183
7 2622 85893
7 2623 68344
7 2624 85888
7 2625 41177
7 2626 68940
7 2627 41240
7 2628 85899
7 2629 41252
7 2630 85839
7 2631 41184
7 2632 41164
7 2633 41164
7 2634 68159
7 2635 40966
7 2636 68181
7 2637 40959
7 2638 40959
7 2639 40959
7 2640 44067
7 2641 181712
7 2642 44237
7 2643 68262
7 2644 182141
7 2645 68305
7 2646 44142
7 2647 181974
7 2648 44330
7 2649 41318
7 2650 182636
7 2651 41329
7 2652 44266
7 2653 68815
7 2654 44232
7 2655 41324
7 2656 68865
7 2657 41252
7 2658 181695
7 2659 68777
7 2660 182125
7 2661 41315
7 2662 68827
7 2663 41252
7 2664 44139
7 2665 181975
7 2666 44233
7 2667 68338
7 2668 182228
7 2669 68265
7 2670 44134
7 2671 181852
7 2672 44191
7 2673 41173
7 2674 182166
7 2675 41245
7 2676 44263
7 2677 68814
7 2678 44254
7 2679 41239
7 2680 68815
7 2681 41306
7 2682 182439
7 2683 68859
7 2684 182392
7 2685 41246
7 2686 68848
7 2687 41309
7 2688 44143
7 2689 181855
7 2690 44323
7 2691 41322
7 2692 182519
7 2693 41321
7 2694 44130
7 2695 181786
7 2696 44256
7 2697 41238
7 2698 182137
7 2699 41248
7 2700 44118
7 2701 41176
7 2702 44115
7 2703 41166
7 2704 41096
7 2705 41096
7 2706 182044
7 2707 41321
7 2708 182044
7 2709 41309
7 2710 41166
7 2711 41166
7 2712 44055
7 2713 68254
7 2714 44065
7 2715 41184
7 2716 68698
7 2717 41114
7 2718 44068
7 2719 68254
7 2720 44054
7 2721 41105
7 2722 68844
7 2723 41173
7 2724 44056
7 2725 41172
7 2726 44010
7 2727 41101
7 2728 41098
7 2729 41098
7 2730 68018
7 2731 40965
7 2732 68136
7 2733 40957
7 2734 40957
7 2735 40957
7 2736 180658
7 2737 68144
7 2738 181058
7 2739 41239
7 2740 68714
7 2741 41181
7 2742 181060
7 2743 68144
7 2744 181041
7 2745 41102
7 2746 68737
7 2747 41235
7 2748 181042
7 2749 41239
7 2750 180976
7 2751 41175
7 2752 41095
7 2753 41095
7 2754 68040
7 2755 41032
7 2756 68190
7 2757 41024
7 2758 41024
7 2759 41024
7 2760 84791
7 2761 181554
7 2762 85875
7 2763 68253
7 2764 182229
7 2765 68251
7 2766 84843
7 2767 181710
7 2768 86074
7 2769 41260
7 2770 182472
7 2771 41260
7 2772 86088
7 2773 68911
7 2774 85951
7 2775 41330
7 2776 68826
7 2777 41190
7 2778 182000
7 2779 68913
7 2780 182129
7 2781 41319
7 2782 68780
7 2783 41178
7 2784 84840
7 2785 181714
7 2786 85868
7 2787 68259
7 2788 182240
7 2789 68247
7 2790 84848
7 2791 181661
7 2792 85972
7 2793 41179
7 2794 182111
7 2795 41182
7 2796 85982
7 2797 68917
7 2798 86040
7 2799 41308
7 2800 68848
7 2801 41252
7 2802 182395
7 2803 68845
7 2804 182386
7 2805 41311
7 2806 68882
7 2807 41180
7 2808 84850
7 2809 181661
7 2810 86077
7 2811 41264
7 2812 182427
7 2813 41259
7 2814 84826
7 2815 181559
7 2816 86001
7 2817 41187
7 2818 182051
7 2819 41180
7 2820 85973
7 2821 41316
7 2822 85907
7 2823 41308
7 2824 41163
7 2825 41163
7 2826 181954
7 2827 41312
7 2828 181956
7 2829 41241
7 2830 41104
7 2831 41104
7 2832 85876
7 2833 68398
7 2834 85911
7 2835 41324
7 2836 68875
7 2837 41250
7 2838 85917
7 2839 68394
7 2840 85895
7 2841 41247
7 2842 68986
7 2843 41301
7 2844 85894
7 2845 41316
7 2846 85662
7 2847 41243
7 2848 41230
7 2849 41230
7 2850 68133
7 2851 41032
7 2852 68221
7 2853 41024
7 2854 41024
7 2855 41024
7 2856 180898
7 2857 68251
7 2858 181072
7 2859 41250
7 2860 68811
7 2861 41178
7 2862 181074
7 2863 68249
7 2864 181091
7 2865 41173
7 2866 68838
7 2867 41237
7 2868 181091
7 2869 41250
7 2870 181022
7 2871 41185
7 2872 41160
7 2873 41160
7 2874 68070
7 2875 40966
7 2876 68155
7 2877 40961
7 2878 40961
7 2879 40961
7 2880 43678
7 2881 85758
7 2882 44128
7 2883 164998
7 2884 85896
7 2885 165021
7 2886 43750
7 2887 85857
7 2888 44258
7 2889 68067
7 2890 85995
7 2891 68205
7 2892 44197
7 2893 166095
7 2894 44145
7 2895 68376
7 2896 166309
7 2897 67497
7 2898 85932
7 2899 166228
7 2900 85938
7 2901 68306
7 2902 166317
7 2903 67485
7 2904 43748
7 2905 85852
7 2906 44132
7 2907 165082
7 2908 85927
7 2909 165082
7 2910 43823
7 2911 86043
7 2912 44273
7 2913 41182
7 2914 86115
7 2915 41185
7 2916 44330
7 2917 167180
7 2918 44333
7 2919 41316
7 2920 167382
7 2921 41259
7 2922 86056
7 2923 167171
7 2924 86177
7 2925 41324
7 2926 167454
7 2927 41247
7 2928 43821
7 2929 85996
7 2930 44326
7 2931 68754
7 2932 86138
7 2933 68767
7 2934 43749
7 2935 85757
7 2936 44269
7 2937 41185
7 2938 85902
7 2939 41185
7 2940 44270
7 2941 68847
7 2942 44264
7 2943 41318
7 2944 68754
7 2945 41182
7 2946 86108
7 2947 68954
7 2948 86101
7 2949 41318
7 2950 68855
7 2951 41186
7 2952 44125
7 2953 166160
7 2954 44198
7 2955 68828
7 2956 166080
7 2957 68026
7 2958 44197
7 2959 166336
7 2960 44196
7 2961 41255
7 2962 167367
7 2963 41313
7 2964 44206
7 2965 68865
7 2966 44132
7 2967 41253
7 2968 68944
7 2969 41248
7 2970 166088
7 2971 67980
7 2972 166481
7 2973 41112
7 2974 67986
7 2975 41110
7 2976 85850
7 2977 166185
7 2978 85922
7 2979 68747
7 2980 167087
7 2981 68156
7 2982 85930
7 2983 166235
7 2984 86052
7 2985 41252
7 2986 167398
7 2987 41318
7 2988 86058
7 2989 68788
7 2990 85907
7 2991 41265
7 2992 68867
7 2993 41245
7 2994 166148
7 2995 67989
7 2996 166481
7 2997 41114
7 2998 67982
7 2999 41108
7 3000 43750
7 3001 85858
7 3002 44136
7 3003 165092
7 3004 85933
7 3005 165092
7 3006 43751
7 3007 85854
7 3008 44260
7 3009 68138
7 3010 85994
7 3011 68240
7 3012 44195
7 3013 166172
7 3014 44134
7 3015 68338
7 3016 166313
7 3017 67494
7 3018 85935
7 3019 166274
7 3020 85927
7 3021 68302
7 3022 166292
7 3023 67442
7 3024 43815
7 3025 85917
7 3026 44135
7 3027 165029
7 3028 85926
7 3029 165029
7 3030 43686
7 3031 85922
7 3032 44126
7 3033 41035
7 3034 85992
7 3035 41038
7 3036 44275
7 3037 166342
7 3038 44260
7 3039 41232
7 3040 166414
7 3041 41188
7 3042 86003
7 3043 166249
7 3044 86126
7 3045 41243
7 3046 166439
7 3047 41178
7 3048 43817
7 3049 85920
7 3050 44321
7 3051 68718
7 3052 86130
7 3053 68731
7 3054 43818
7 3055 86018
7 3056 44196
7 3057 41102
7 3058 86022
7 3059 41102
7 3060 44327
7 3061 68737
7 3062 44320
7 3063 41304
7 3064 68674
7 3065 41243
7 3066 86127
7 3067 68883
7 3068 86186
7 3069 41309
7 3070 68810
7 3071 41247
7 3072 44262
7 3073 167224
7 3074 44262
7 3075 68901
7 3076 167386
7 3077 68145
7 3078 44324
7 3079 167165
7 3080 44190
7 3081 41178
7 3082 167368
7 3083 41241
7 3084 44326
7 3085 68865
7 3086 44256
7 3087 41237
7 3088 68823
7 3089 41308
7 3090 167470
7 3091 68084
7 3092 167519
7 3093 41177
7 3094 68601
7 3095 41184
7 3096 86000
7 3097 167199
7 3098 85984
7 3099 68899
7 3100 167331
7 3101 68113
7 3102 86059
7 3103 167196
7 3104 86060
7 3105 41183
7 3106 167465
7 3107 41311
7 3108 86173
7 3109 68860
7 3110 86114
7 3111 41256
7 3112 68864
7 3113 41306
7 3114 167494
7 3115 68084
7 3116 167494
7 3117 41179
7 3118 68565
7 3119 41178
7 3120 43815
7 3121 85910
7 3122 44132
7 3123 165026
7 3124 85916
7 3125 165026
7 3126 43813
7 3127 85909
7 3128 44326
7 3129 41248
7 3130 85980
7 3131 41250
7 3132 44333
7 3133 167092
7 3134 44206
7 3135 41313
7 3136 167327
7 3137 41248
7 3138 86055
7 3139 167141
7 3140 86031
7 3141 41318
7 3142 167308
7 3143 41176
7 3144 43743
7 3145 85711
7 3146 44027
7 3147 164952
7 3148 85735
7 3149 164953
7 3150 43810
7 3151 85909
7 3152 44191
7 3153 41100
7 3154 85981
7 3155 41102
7 3156 44141
7 3157 166296
7 3158 44199
7 3159 41169
7 3160 166375
7 3161 41178
7 3162 85836
7 3163 166174
7 3164 86009
7 3165 41242
7 3166 166376
7 3167 41108
7 3168 43677
7 3169 85778
7 3170 44195
7 3171 41117
7 3172 85988
7 3173 41117
7 3174 43677
7 3175 85746
7 3176 44119
7 3177 41034
7 3178 85718
7 3179 41034
7 3180 44122
7 3181 41170
7 3182 44122
7 3183 41168
7 3184 41031
7 3185 41031
7 3186 85916
7 3187 41186
7 3188 85970
7 3189 41177
7 3190 41035
7 3191 41035
7 3192 44261
7 3193 166291
7 3194 44233
7 3195 41316
7 3196 167199
7 3197 41322
7 3198 44261
7 3199 166304
7 3200 44198
7 3201 41240
7 3202 167298
7 3203 41313
7 3204 44122
7 3205 41178
7 3206 44059
7 3207 41166
7 3208 41096
7 3209 41096
7 3210 166203
7 3211 41246
7 3212 166376
7 3213 41240
7 3214 41164
7 3215 41164
7 3216 85984
7 3217 166243
7 3218 86026
7 3219 41329
7 3220 167298
7 3221 41249
7 3222 85977
7 3223 166243
7 3224 86046
7 3225 41311
7 3226 167344
7 3227 41247
7 3228 85996
7 3229 41315
7 3230 85884
7 3231 41306
7 3232 41165
7 3233 41165
7 3234 166226
7 3235 41242
7 3236 166376
7 3237 41237
7 3238 41101
7 3239 41101
7 3240 43685
7 3241 85873
7 3242 44202
7 3243 68180
7 3244 86023
7 3245 68179
7 3246 43752
7 3247 85827
7 3248 44267
7 3249 41182
7 3250 85907
7 3251 41182
7 3252 44202
7 3253 68741
7 3254 44206
7 3255 41259
7 3256 68790
7 3257 41119
7 3258 86037
7 3259 68928
7 3260 86006
7 3261 41260
7 3262 68747
7 3263 41119
7 3264 43754
7 3265 85900
7 3266 44192
7 3267 68178
7 3268 85976
7 3269 68168
7 3270 43681
7 3271 85760
7 3272 44127
7 3273 41036
7 3274 85861
7 3275 41036
7 3276 44261
7 3277 68824
7 3278 44251
7 3279 41236
7 3280 68781
7 3281 41184
7 3282 86065
7 3283 68850
7 3284 86020
7 3285 41246
7 3286 68777
7 3287 41177
7 3288 43680
7 3289 85692
7 3290 44195
7 3291 41110
7 3292 85865
7 3293 41109
7 3294 43545
7 3295 84464
7 3296 43988
7 3297 40960
7 3298 84535
7 3299 40960
7 3300 44062
7 3301 41107
7 3302 44026
7 3303 41101
7 3304 40964
7 3305 40964
7 3306 85774
7 3307 41173
7 3308 85588
7 3309 41102
7 3310 40964
7 3311 40964
7 3312 44055
7 3313 68249
7 3314 44068
7 3315 41184
7 3316 68654
7 3317 41114
7 3318 44065
7 3319 68249
7 3320 44048
7 3321 41105
7 3322 68840
7 3323 41170
7 3324 44056
7 3325 41172
7 3326 44014
7 3327 41103
7 3328 41098
7 3329 41098
7 3330 68023
7 3331 40966
7 3332 68142
7 3333 40959
7 3334 40959
7 3335 40959
7 3336 85874
7 3337 68340
7 3338 85875
7 3339 41254
7 3340 68857
7 3341 41183
7 3342 85886
7 3343 68339
7 3344 85896
7 3345 41179
7 3346 68921
7 3347 41237
7 3348 85869
7 3349 41251
7 3350 85694
7 3351 41178
7 3352 41101
7 3353 41101
7 3354 68066
7 3355 40966
7 3356 68150
7 3357 40960
7 3358 40960
7 3359 40960
7 3360 43978
7 3361 164977
7 3362 44054
7 3363 68195
7 3364 166046
7 3365 67482
7 3366 44052
7 3367 165159
7 3368 44126
7 3369 41185
7 3370 167128
7 3371 41253
7 3372 44126
7 3373 68759
7 3374 44056
7 3375 41185
7 3376 68814
7 3377 41186
7 3378 164967
7 3379 67848
7 3380 166168
7 3381 41109
7 3382 67927
7 3383 41108
7 3384 44054
7 3385 165156
7 3386 44055
7 3387 68237
7 3388 166202
7 3389 67442
7 3390 44114
7 3391 165115
7 3392 43979
7 3393 41034
7 3394 166282
7 3395 41176
7 3396 44124
7 3397 68725
7 3398 44119
7 3399 41109
7 3400 68807
7 3401 41247
7 3402 167111
7 3403 68025
7 3404 167053
7 3405 41102
7 3406 68468
7 3407 41175
7 3408 44119
7 3409 165119
7 3410 44118
7 3411 41247
7 3412 167150
7 3413 41249
7 3414 44050
7 3415 165117
7 3416 44116
7 3417 41109
7 3418 166316
7 3419 41182
7 3420 43919
7 3421 41104
7 3422 43949
7 3423 41031
7 3424 41034
7 3425 41034
7 3426 166185
7 3427 41241
7 3428 166289
7 3429 41235
7 3430 41095
7 3431 41095
7 3432 43986
7 3433 68178
7 3434 44056
7 3435 41176
7 3436 68741
7 3437 41117
7 3438 44056
7 3439 68180
7 3440 43982
7 3441 41036
7 3442 68785
7 3443 41174
7 3444 43986
7 3445 41106
7 3446 43886
7 3447 41029
7 3448 41033
7 3449 41033
7 3450 68129
7 3451 41032
7 3452 68216
7 3453 41024
7 3454 41024
7 3455 41024
7 3456 163752
7 3457 67201
7 3458 164923
7 3459 41024
7 3460 67724
7 3461 40961
7 3462 164955
7 3463 67200
7 3464 164985
7 3465 40883
7 3466 67726
7 3467 41020
7 3468 164986
7 3469 41022
7 3470 165080
7 3471 41020
7 3472 40883
7 3473 40883
7 3474 67133
7 3475 40954
7 3476 67733
7 3477 40883
7 3478 40884
7 3479 40884
7 3480 85690
7 3481 165049
7 3482 85769
7 3483 68131
7 3484 166200
7 3485 67557
7 3486 85771
7 3487 165094
7 3488 85962
7 3489 41249
7 3490 167196
7 3491 41314
7 3492 85962
7 3493 68660
7 3494 85757
7 3495 41256
7 3496 68820
7 3497 41246
7 3498 165993
7 3499 68053
7 3500 166396
7 3501 41180
7 3502 68048
7 3503 41171
7 3504 85773
7 3505 165157
7 3506 85771
7 3507 68204
7 3508 166276
7 3509 67555
7 3510 85844
7 3511 165156
7 3512 85835
7 3513 41099
7 3514 166395
7 3515 41243
7 3516 85946
7 3517 68702
7 3518 85963
7 3519 41181
7 3520 68743
7 3521 41305
7 3522 167276
7 3523 68106
7 3524 167280
7 3525 41237
7 3526 68628
7 3527 41241
7 3528 85844
7 3529 165156
7 3530 85954
7 3531 41316
7 3532 167197
7 3533 41312
7 3534 85765
7 3535 165149
7 3536 85960
7 3537 41178
7 3538 166433
7 3539 41244
7 3540 85740
7 3541 41244
7 3542 85773
7 3543 41174
7 3544 41098
7 3545 41098
7 3546 166218
7 3547 41242
7 3548 166337
7 3549 41237
7 3550 41162
7 3551 41162
7 3552 85831
7 3553 68292
7 3554 85871
7 3555 41316
7 3556 68737
7 3557 41250
7 3558 85893
7 3559 68293
7 3560 85800
7 3561 41178
7 3562 68887
7 3563 41297
7 3564 85814
7 3565 41250
7 3566 85517
7 3567 41171
7 3568 41164
7 3569 41164
7 3570 68086
7 3571 41032
7 3572 68208
7 3573 41022
7 3574 41022
7 3575 41022
7 3576 164674
7 3577 67308
7 3578 165103
7 3579 41032
7 3580 67833
7 3581 40966
7 3582 165111
7 3583 67307
7 3584 165125
7 3585 40954
7 3586 67834
7 3587 41032
7 3588 165122
7 3589 41032
7 3590 165152
7 3591 41032
7 3592 40954
7 3593 40954
7 3594 67295
7 3595 41020
7 3596 67830
7 3597 40953
7 3598 40954
7 3599 40954
7 3600 43918
7 3601 181488
7 3602 43990
7 3603 164774
7 3604 181079
7 3605 164077
7 3606 43992
7 3607 181592
7 3608 44120
7 3609 68236
7 3610 182168
7 3611 68223
7 3612 44123
7 3613 165925
7 3614 43996
7 3615 68242
7 3616 166241
7 3617 67557
7 3618 180988
7 3619 165165
7 3620 181115
7 3621 67419
7 3622 165348
7 3623 67416
7 3624 43992
7 3625 181604
7 3626 43993
7 3627 164906
7 3628 181187
7 3629 164084
7 3630 44133
7 3631 182020
7 3632 44130
7 3633 41175
7 3634 182344
7 3635 41253
7 3636 44190
7 3637 166836
7 3638 44195
7 3639 41188
7 3640 167131
7 3641 41318
7 3642 181838
7 3643 166075
7 3644 182454
7 3645 41254
7 3646 167251
7 3647 41255
7 3648 44130
7 3649 181923
7 3650 44188
7 3651 68789
7 3652 182519
7 3653 68748
7 3654 43997
7 3655 181467
7 3656 44196
7 3657 41188
7 3658 182153
7 3659 41255
7 3660 44128
7 3661 68840
7 3662 44125
7 3663 41188
7 3664 68867
7 3665 41185
7 3666 182244
7 3667 68901
7 3668 182156
7 3669 41316
7 3670 68834
7 3671 41245
7 3672 44124
7 3673 166255
7 3674 44190
7 3675 68866
7 3676 166986
7 3677 68155
7 3678 44188
7 3679 166305
7 3680 44123
7 3681 41188
7 3682 167457
7 3683 41316
7 3684 44131
7 3685 68773
7 3686 43990
7 3687 41175
7 3688 68870
7 3689 41182
7 3690 166167
7 3691 68060
7 3692 166551
7 3693 41176
7 3694 68057
7 3695 41169
7 3696 180654
7 3697 165038
7 3698 180940
7 3699 67916
7 3700 166029
7 3701 67891
7 3702 180977
7 3703 165039
7 3704 181598
7 3705 41103
7 3706 166175
7 3707 41178
7 3708 181597
7 3709 67925
7 3710 180977
7 3711 41180
7 3712 67895
7 3713 41105
7 3714 165271
7 3715 67923
7 3716 166321
7 3717 41105
7 3718 67899
7 3719 41097
7 3720 43991
7 3721 181607
7 3722 43998
7 3723 164908
7 3724 181187
7 3725 164095
7 3726 43993
7 3727 181591
7 3728 44125
7 3729 68247
7 3730 182171
7 3731 68227
7 3732 44125
7 3733 165990
7 3734 43996
7 3735 68241
7 3736 166254
7 3737 67560
7 3738 181061
7 3739 165176
7 3740 181112
7 3741 67417
7 3742 165349
7 3743 67406
7 3744 44063
7 3745 182033
7 3746 44067
7 3747 164974
7 3748 181308
7 3749 164101
7 3750 44067
7 3751 181589
7 3752 43985
7 3753 41028
7 3754 181877
7 3755 41170
7 3756 44256
7 3757 166213
7 3758 44128
7 3759 41107
7 3760 166426
7 3761 41246
7 3762 181622
7 3763 165251
7 3764 182054
7 3765 41179
7 3766 166471
7 3767 41187
7 3768 44132
7 3769 181848
7 3770 44258
7 3771 68835
7 3772 182572
7 3773 68753
7 3774 44138
7 3775 181962
7 3776 44125
7 3777 41105
7 3778 182007
7 3779 41178
7 3780 44196
7 3781 68764
7 3782 44189
7 3783 41176
7 3784 68849
7 3785 41249
7 3786 182570
7 3787 68845
7 3788 182616
7 3789 41308
7 3790 68862
7 3791 41308
7 3792 44258
7 3793 167211
7 3794 44193
7 3795 68861
7 3796 167516
7 3797 68154
7 3798 44324
7 3799 167195
7 3800 44192
7 3801 41174
7 3802 167476
7 3803 41312
7 3804 44262
7 3805 68848
7 3806 44131
7 3807 41106
7 3808 68858
7 3809 41249
7 3810 167565
7 3811 68152
7 3812 167603
7 3813 41247
7 3814 68671
7 3815 41243
7 3816 181296
7 3817 166090
7 3818 181291
7 3819 68009
7 3820 166359
7 3821 67998
7 3822 181782
7 3823 166139
7 3824 181970
7 3825 41099
7 3826 167305
7 3827 41178
7 3828 182328
7 3829 68587
7 3830 181971
7 3831 41181
7 3832 68586
7 3833 41174
7 3834 167457
7 3835 68131
7 3836 167463
7 3837 41178
7 3838 68593
7 3839 41171
7 3840 44065
7 3841 182039
7 3842 44067
7 3843 164978
7 3844 181308
7 3845 164098
7 3846 44128
7 3847 182013
7 3848 44252
7 3849 41253
7 3850 182735
7 3851 41322
7 3852 44255
7 3853 166794
7 3854 44193
7 3855 41255
7 3856 167417
7 3857 41320
7 3858 181960
7 3859 166151
7 3860 182507
7 3861 41256
7 3862 167237
7 3863 41251
7 3864 43991
7 3865 181605
7 3866 43991
7 3867 164916
7 3868 181147
7 3869 164056
7 3870 44131
7 3871 182020
7 3872 44125
7 3873 41107
7 3874 182068
7 3875 41182
7 3876 44192
7 3877 166299
7 3878 44126
7 3879 41108
7 3880 166487
7 3881 41250
7 3882 181496
7 3883 165209
7 3884 182173
7 3885 41182
7 3886 166450
7 3887 41180
7 3888 44064
7 3889 181504
7 3890 44188
7 3891 41254
7 3892 182169
7 3893 41256
7 3894 44064
7 3895 181504
7 3896 44186
7 3897 41172
7 3898 181785
7 3899 41181
7 3900 43978
7 3901 41103
7 3902 43979
7 3903 41035
7 3904 41032
7 3905 41032
7 3906 181815
7 3907 41259
7 3908 181848
7 3909 41252
7 3910 41163
7 3911 41163
7 3912 44182
7 3913 166125
7 3914 44250
7 3915 41316
7 3916 167037
7 3917 41325
7 3918 44248
7 3919 166209
7 3920 44176
7 3921 41170
7 3922 167254
7 3923 41310
7 3924 44119
7 3925 41180
7 3926 44110
7 3927 41167
7 3928 41102
7 3929 41102
7 3930 166068
7 3931 41312
7 3932 166421
7 3933 41301
7 3934 41230
7 3935 41230
7 3936 181491
7 3937 165234
7 3938 182331
7 3939 41259
7 3940 167191
7 3941 41249
7 3942 181425
7 3943 165227
7 3944 182340
7 3945 41243
7 3946 167258
7 3947 41244
7 3948 182011
7 3949 41307
7 3950 181944
7 3951 41305
7 3952 41098
7 3953 41098
7 3954 166038
7 3955 41310
7 3956 166426
7 3957 41297
7 3958 41164
7 3959 41164
7 3960 44066
7 3961 181486
7 3962 44227
7 3963 68266
7 3964 182162
7 3965 68228
7 3966 44133
7 3967 181807
7 3968 44328
7 3969 41318
7 3970 182406
7 3971 41320
7 3972 44193
7 3973 68815
7 3974 44223
7 3975 41316
7 3976 68882
7 3977 41255
7 3978 182130
7 3979 68906
7 3980 182246
7 3981 41325
7 3982 68798
7 3983 41249
7 3984 44133
7 3985 181877
7 3986 44133
7 3987 68228
7 3988 182161
7 3989 68153
7 3990 44066
7 3991 181378
7 3992 44192
7 3993 41170
7 3994 181771
7 3995 41178
7 3996 44196
7 3997 68825
7 3998 44124
7 3999 41170
7 4000 68837
7 4001 41308
7 4002 182499
7 4003 68771
7 4004 182423
7 4005 41311
7 4006 68829
7 4007 41241
7 4008 44068
7 4009 181315
7 4010 44259
7 4011 41255
7 4012 182020
7 4013 41251
7 4014 43931
7 4015 180723
7 4016 44065
7 4017 41104
7 4018 181086
7 4019 41105
7 4020 44118
7 4021 41178
7 4022 44085
7 4023 41164
7 4024 41100
7 4025 41100
7 4026 181709
7 4027 41249
7 4028 181709
7 4029 41180
7 4030 41104
7 4031 41104
7 4032 43985
7 4033 68178
7 4034 44056
7 4035 41176
7 4036 68743
7 4037 41117
7 4038 44056
7 4039 68180
7 4040 43918
7 4041 41031
7 4042 68790
7 4043 41170
7 4044 43982
7 4045 41105
7 4046 43916
7 4047 41030
7 4048 41031
7 4049 41031
7 4050 68178
7 4051 41032
7 4052 68234
7 4053 41024
7 4054 41024
7 4055 41024
7 4056 181636
7 4057 68313
7 4058 181790
7 4059 41312
7 4060 68837
7 4061 41240
7 4062 181792
7 4063 68308
7 4064 181732
7 4065 41237
7 4066 68841
7 4067 41237
7 4068 181732
7 4069 41310
7 4070 181664
7 4071 41241
7 4072 41162
7 4073 41162
7 4074 68131
7 4075 41032
7 4076 68221
7 4077 41022
7 4078 41022
7 4079 41022
7 4080 43978
7 4081 165024
7 4082 44054
7 4083 68200
7 4084 166167
7 4085 67504
7 4086 44052
7 4087 165167
7 4088 44126
7 4089 41185
7 4090 167186
7 4091 41255
7 4092 44124
7 4093 68762
7 4094 44053
7 4095 41182
7 4096 68861
7 4097 41180
7 4098 165864
7 4099 67988
7 4100 166324
7 4101 41117
7 4102 67998
7 4103 41111
7 4104 44054
7 4105 165167
7 4106 44055
7 4107 68242
7 4108 166263
7 4109 67495
7 4110 44119
7 4111 165118
7 4112 43985
7 4113 41034
7 4114 166300
7 4115 41183
7 4116 44120
7 4117 68727
7 4118 44121
7 4119 41105
7 4120 68815
7 4121 41243
7 4122 167210
7 4123 68087
7 4124 167231
7 4125 41173
7 4126 68605
7 4127 41185
7 4128 44119
7 4129 165115
7 4130 44116
7 4131 41245
7 4132 167112
7 4133 41249
7 4134 44045
7 4135 165075
7 4136 44110
7 4137 41107
7 4138 166263
7 4139 41181
7 4140 43975
7 4141 41105
7 4142 43973
7 4143 41030
7 4144 41033
7 4145 41033
7 4146 166193
7 4147 41240
7 4148 166263
7 4149 41237
7 4150 41160
7 4151 41160
7 4152 43984
7 4153 68181
7 4154 44051
7 4155 41169
7 4156 68787
7 4157 41111
7 4158 44053
7 4159 68179
7 4160 43980
7 4161 41029
7 4162 68790
7 4163 41167
7 4164 43979
7 4165 41097
7 4166 43545
7 4167 40957
7 4168 40961
7 4169 40961
7 4170 68161
7 4171 40966
7 4172 68181
7 4173 40961
7 4174 40961
7 4175 40961
7 4176 164674
7 4177 67308
7 4178 165103
7 4179 41032
7 4180 67833
7 4181 40966
7 4182 165111
7 4183 67307
7 4184 165125
7 4185 40954
7 4186 67834
7 4187 41032
7 4188 165122
7 4189 41032
7 4190 165152
7 4191 41032
7 4192 40954
7 4193 40954
7 4194 67295
7 4195 41020
7 4196 67830
7 4197 40953
7 4198 40954
7 4199 40954
7 4200 179594
7 4201 163828
7 4202 179873
7 4203 67234
7 4204 164983
7 4205 67212
7 4206 179910
7 4207 163825
7 4208 180819
7 4209 41032
7 4210 165823
7 4211 41100
7 4212 180815
7 4213 67758
7 4214 179872
7 4215 41102
7 4216 67771
7 4217 41033
7 4218 164938
7 4219 67832
7 4220 166023
7 4221 41031
7 4222 67738
7 4223 40961
7 4224 179913
7 4225 163961
7 4226 179873
7 4227 67243
7 4228 165055
7 4229 67211
7 4230 180398
7 4231 164023
7 4232 180494
7 4233 40883
7 4234 165922
7 4235 41030
7 4236 180815
7 4237 67826
7 4238 180850
7 4239 41027
7 4240 67793
7 4241 41094
7 4242 166904
7 4243 67830
7 4244 166931
7 4245 41094
7 4246 68354
7 4247 41034
7 4248 180398
7 4249 164022
7 4250 180853
7 4251 41163
7 4252 165820
7 4253 41104
7 4254 179913
7 4255 163968
7 4256 180886
7 4257 41030
7 4258 166051
7 4259 41032
7 4260 180526
7 4261 41098
7 4262 180526
7 4263 41094
7 4264 40883
7 4265 40883
7 4266 164914
7 4267 41162
7 4268 165953
7 4269 41090
7 4270 41024
7 4271 41024
7 4272 180559
7 4273 67926
7 4274 180884
7 4275 41230
7 4276 67824
7 4277 41160
7 4278 180949
7 4279 67864
7 4280 180494
7 4281 41094
7 4282 68386
7 4283 41090
7 4284 180431
7 4285 41164
7 4286 179911
7 4287 41034
7 4288 41024
7 4289 41024
7 4290 67132
7 4291 40954
7 4292 67733
7 4293 40882
7 4294 40883
7 4295 40883
7 4296 163752
7 4297 67201
7 4298 164923
7 4299 41024
7 4300 67724
7 4301 40961
7 4302 164955
7 4303 67200
7 4304 164985
7 4305 40883
7 4306 67726
7 4307 41020
7 4308 164986
7 4309 41022
7 4310 165080
7 4311 41020
7 4312 40883
7 4313 40883
7 4314 67133
7 4315 40954
7 4316 67733
7 4317 40883
7 4318 40884
7 4319 40884
7 4320 84464
7 4321 180477
7 4322 84520
7 4323 163731
7 4324 180771
7 4325 163826
7 4326 84549
7 4327 180506
7 4328 85588
7 4329 67236
7 4330 181024
7 4331 67988
7 4332 85596
7 4333 164861
7 4334 84517
7 4335 67986
7 4336 165067
7 4337 67325
7 4338 180800
7 4339 164973
7 4340 181018
7 4341 67326
7 4342 165051
7 4343 67209
7 4344 84547
7 4345 180565
7 4346 84525
7 4347 163822
7 4348 180828
7 4349 163828
7 4350 84814
7 4351 181482
7 4352 85818
7 4353 41028
7 4354 182026
7 4355 41107
7 4356 85735
7 4357 165843
7 4358 85801
7 4359 41105
7 4360 166023
7 4361 41170
7 4362 181707
7 4363 165951
7 4364 182318
7 4365 41172
7 4366 167001
7 4367 41104
7 4368 84812
7 4369 181474
7 4370 85717
7 4371 68416
7 4372 182040
7 4373 68516
7 4374 84555
7 4375 180529
7 4376 85796
7 4377 41107
7 4378 181474
7 4379 41108
7 4380 85775
7 4381 67906
7 4382 85745
7 4383 41174
7 4384 67770
7 4385 41034
7 4386 181849
7 4387 68695
7 4388 181999
7 4389 41170
7 4390 68599
7 4391 41107
7 4392 85808
7 4393 165969
7 4394 85787
7 4395 68676
7 4396 165953
7 4397 67968
7 4398 85773
7 4399 165978
7 4400 85711
7 4401 41176
7 4402 167046
7 4403 41170
7 4404 85764
7 4405 68580
7 4406 84511
7 4407 41106
7 4408 68603
7 4409 41105
7 4410 165067
7 4411 67843
7 4412 166202
7 4413 41031
7 4414 67817
7 4415 41029
7 4416 180654
7 4417 165034
7 4418 180932
7 4419 67914
7 4420 166018
7 4421 67879
7 4422 180977
7 4423 165032
7 4424 181580
7 4425 41035
7 4426 166087
7 4427 41164
7 4428 181579
7 4429 67907
7 4430 180894
7 4431 41167
7 4432 67813
7 4433 41030
7 4434 165076
7 4435 67839
7 4436 166146
7 4437 41030
7 4438 67732
7 4439 40957
7 4440 84544
7 4441 180570
7 4442 84530
7 4443 163820
7 4444 180831
7 4445 163840
7 4446 84551
7 4447 180482
7 4448 85596
7 4449 67239
7 4450 181074
7 4451 67990
7 4452 85598
7 4453 164901
7 4454 84517
7 4455 67986
7 4456 165078
7 4457 67325
7 4458 180824
7 4459 164979
7 4460 181016
7 4461 67326
7 4462 165053
7 4463 67209
7 4464 84628
7 4465 181054
7 4466 84634
7 4467 163884
7 4468 181045
7 4469 163900
7 4470 84761
7 4471 181154
7 4472 85682
7 4473 40883
7 4474 181631
7 4475 41026
7 4476 85869
7 4477 165914
7 4478 85873
7 4479 41029
7 4480 166049
7 4481 41102
7 4482 181585
7 4483 165228
7 4484 181987
7 4485 41102
7 4486 166293
7 4487 41036
7 4488 84819
7 4489 181473
7 4490 85855
7 4491 68463
7 4492 182188
7 4493 68622
7 4494 84830
7 4495 181513
7 4496 85865
7 4497 41029
7 4498 181776
7 4499 41031
7 4500 86003
7 4501 67874
7 4502 85968
7 4503 41167
7 4504 67797
7 4505 41098
7 4506 182161
7 4507 68732
7 4508 182491
7 4509 41166
7 4510 68641
7 4511 41170
7 4512 85967
7 4513 166948
7 4514 85823
7 4515 68679
7 4516 167057
7 4517 68013
7 4518 86038
7 4519 166938
7 4520 86040
7 4521 41167
7 4522 167166
7 4523 41166
7 4524 85963
7 4525 68701
7 4526 85771
7 4527 41039
7 4528 68639
7 4529 41172
7 4530 167209
7 4531 67946
7 4532 167297
7 4533 41104
7 4534 68442
7 4535 41103
7 4536 181288
7 4537 166079
7 4538 181204
7 4539 67988
7 4540 166227
7 4541 67880
7 4542 181774
7 4543 166135
7 4544 181954
7 4545 41098
7 4546 167230
7 4547 41170
7 4548 182309
7 4549 68573
7 4550 181882
7 4551 41172
7 4552 68514
7 4553 41101
7 4554 167321
7 4555 68052
7 4556 167298
7 4557 41103
7 4558 68436
7 4559 41030
7 4560 84632
7 4561 181060
7 4562 84634
7 4563 163894
7 4564 181045
7 4565 163900
7 4566 84816
7 4567 181509
7 4568 85988
7 4569 41170
7 4570 182416
7 4571 41182
7 4572 85873
7 4573 165833
7 4574 85840
7 4575 41178
7 4576 166978
7 4577 41178
7 4578 181931
7 4579 166043
7 4580 182407
7 4581 41181
7 4582 167100
7 4583 41105
7 4584 84554
7 4585 180570
7 4586 84524
7 4587 163834
7 4588 180795
7 4589 163831
7 4590 84824
7 4591 181543
7 4592 85869
7 4593 41026
7 4594 181843
7 4595 41040
7 4596 85748
7 4597 166008
7 4598 85872
7 4599 41031
7 4600 166226
7 4601 41108
7 4602 181370
7 4603 165149
7 4604 182072
7 4605 41108
7 4606 166249
7 4607 41036
7 4608 84764
7 4609 181186
7 4610 85934
7 4611 41179
7 4612 182044
7 4613 41182
7 4614 84763
7 4615 181186
7 4616 85932
7 4617 41102
7 4618 181699
7 4619 41108
7 4620 85772
7 4621 41099
7 4622 85771
7 4623 41098
7 4624 40883
7 4625 40883
7 4626 181726
7 4627 41243
7 4628 181758
7 4629 41233
7 4630 41030
7 4631 41030
7 4632 85914
7 4633 165921
7 4634 85953
7 4635 41308
7 4636 166033
7 4637 41311
7 4638 85976
7 4639 166054
7 4640 85923
7 4641 41166
7 4642 167166
7 4643 41235
7 4644 85954
7 4645 41181
7 4646 85821
7 4647 41172
7 4648 41027
7 4649 41027
7 4650 164971
7 4651 41237
7 4652 166088
7 4653 41162
7 4654 41094
7 4655 41094
7 4656 181471
7 4657 165171
7 4658 182242
7 4659 41252
7 4660 167101
7 4661 41180
7 4662 181409
7 4663 165169
7 4664 182222
7 4665 41233
7 4666 167173
7 4667 41174
7 4668 181959
7 4669 41305
7 4670 181863
7 4671 41300
7 4672 41094
7 4673 41094
7 4674 166016
7 4675 41241
7 4676 166367
7 4677 41230
7 4678 41034
7 4679 41034
7 4680 84765
7 4681 181221
7 4682 85861
7 4683 68091
7 4684 182180
7 4685 68137
7 4686 84825
7 4687 181543
7 4688 86060
7 4689 41246
7 4690 182366
7 4691 41250
7 4692 86008
7 4693 67929
7 4694 85938
7 4695 41312
7 4696 68575
7 4697 41183
7 4698 181794
7 4699 68766
7 4700 182235
7 4701 41310
7 4702 68673
7 4703 41181
7 4704 84824
7 4705 181614
7 4706 85731
7 4707 68083
7 4708 182207
7 4709 68032
7 4710 84756
7 4711 181152
7 4712 85935
7 4713 41102
7 4714 181768
7 4715 41108
7 4716 85971
7 4717 68521
7 4718 85899
7 4719 41166
7 4720 68609
7 4721 41233
7 4722 182542
7 4723 68705
7 4724 182378
7 4725 41235
7 4726 68665
7 4727 41174
7 4728 84760
7 4729 181091
7 4730 85998
7 4731 41187
7 4732 182017
7 4733 41180
7 4734 84550
7 4735 180527
7 4736 85737
7 4737 41036
7 4738 181113
7 4739 41036
7 4740 85946
7 4741 41178
7 4742 85877
7 4743 41170
7 4744 41030
7 4745 41030
7 4746 181730
7 4747 41244
7 4748 181731
7 4749 41174
7 4750 41032
7 4751 41032
7 4752 85764
7 4753 68049
7 4754 85862
7 4755 41247
7 4756 67872
7 4757 41173
7 4758 85863
7 4759 68051
7 4760 85691
7 4761 41104
7 4762 68532
7 4763 41162
7 4764 85815
7 4765 41178
7 4766 85591
7 4767 41103
7 4768 41094
7 4769 41094
7 4770 67132
7 4771 40954
7 4772 67733
7 4773 40882
7 4774 40883
7 4775 40883
7 4776 181322
7 4777 68205
7 4778 181776
7 4779 41301
7 4780 68732
7 4781 41237
7 4782 181778
7 4783 68201
7 4784 181681
7 4785 41162
7 4786 68734
7 4787 41228
7 4788 181684
7 4789 41297
7 4790 181617
7 4791 41230
7 4792 41090
7 4793 41090
7 4794 68036
7 4795 41032
7 4796 68190
7 4797 41020
7 4798 41020
7 4799 41020
7 4800 85666
7 4801 164934
7 4802 85767
7 4803 68125
7 4804 165996
7 4805 67529
7 4806 85762
7 4807 165074
7 4808 85951
7 4809 41249
7 4810 167082
7 4811 41308
7 4812 85910
7 4813 68650
7 4814 85673
7 4815 41249
7 4816 68769
7 4817 41243
7 4818 164937
7 4819 67908
7 4820 166215
7 4821 41170
7 4822 67975
7 4823 41167
7 4824 85768
7 4825 165129
7 4826 85764
7 4827 68194
7 4828 166140
7 4829 67454
7 4830 85827
7 4831 165093
7 4832 85826
7 4833 41098
7 4834 166309
7 4835 41233
7 4836 85840
7 4837 68649
7 4838 85928
7 4839 41172
7 4840 68729
7 4841 41300
7 4842 167124
7 4843 68040
7 4844 167069
7 4845 41162
7 4846 68486
7 4847 41230
7 4848 85820
7 4849 165090
7 4850 85821
7 4851 41308
7 4852 167021
7 4853 41241
7 4854 85627
7 4855 165030
7 4856 85823
7 4857 41170
7 4858 166308
7 4859 41174
7 4860 85688
7 4861 41174
7 4862 85656
7 4863 41101
7 4864 41094
7 4865 41094
7 4866 166081
7 4867 41237
7 4868 166277
7 4869 41228
7 4870 41090
7 4871 41090
7 4872 85781
7 4873 68220
7 4874 85743
7 4875 41243
7 4876 68670
7 4877 41185
7 4878 85812
7 4879 68214
7 4880 85678
7 4881 41103
7 4882 68813
7 4883 41230
7 4884 85616
7 4885 41171
7 4886 84464
7 4887 41030
7 4888 41034
7 4889 41034
7 4890 68036
7 4891 41032
7 4892 68190
7 4893 41020
7 4894 41020
7 4895 41020
7 4896 163706
7 4897 67201
7 4898 164915
7 4899 41024
7 4900 67724
7 4901 40961
7 4902 164948
7 4903 67200
7 4904 164979
7 4905 40882
7 4906 67726
7 4907 41020
7 4908 164980
7 4909 41022
7 4910 165077
7 4911 41020
7 4912 40882
7 4913 40882
7 4914 67132
7 4915 40953
7 4916 67732
7 4917 40882
7 4918 40883
7 4919 40883
7 4920 179594
7 4921 163828
7 4922 179873
7 4923 67234
7 4924 164983
7 4925 67212
7 4926 179910
7 4927 163825
7 4928 180819
7 4929 41032
7 4930 165823
7 4931 41100
7 4932 180815
7 4933 67758
7 4934 179872
7 4935 41102
7 4936 67771
7 4937 41033
7 4938 164938
7 4939 67832
7 4940 166023
7 4941 41031
7 4942 67738
7 4943 40961
7 4944 179913
7 4945 163961
7 4946 179873
7 4947 67243
7 4948 165055
7 4949 67211
7 4950 180398
7 4951 164023
7 4952 180494
7 4953 40883
7 4954 165922
7 4955 41030
7 4956 180815
7 4957 67826
7 4958 180850
7 4959 41027
7 4960 67793
7 4961 41094
7 4962 166904
7 4963 67830
7 4964 166931
7 4965 41094
7 4966 68354
7 4967 41034
7 4968 180398
7 4969 164022
7 4970 180853
7 4971 41163
7 4972 165820
7 4973 41104
7 4974 179913
7 4975 163968
7 4976 180886
7 4977 41030
7 4978 166051
7 4979 41032
7 4980 180526
7 4981 41098
7 4982 180526
7 4983 41094
7 4984 40883
7 4985 40883
7 4986 164914
7 4987 41162
7 4988 165953
7 4989 41090
7 4990 41024
7 4991 41024
7 4992 180559
7 4993 67926
7 4994 180884
7 4995 41230
7 4996 67824
7 4997 41160
7 4998 180949
7 4999 67864
7 5000 180494
7 5001 41094
7 5002 68386
7 5003 41090
7 5004 180431
7 5005 41164
7 5006 179911
7 5007 41034
7 5008 41024
7 5009 41024
7 5010 67132
7 5011 40954
7 5012 67733
7 5013 40882
7 5014 40883
7 5015 40883
7 5016 163752
7 5017 67201
7 5018 164923
7 5019 41024
7 5020 67724
7 5021 40961
7 5022 164955
7 5023 67200
7 5024 164985
7 5025 40883
7 5026 67726
7 5027 41020
7 5028 164986
7 5029 41022
7 5030 165080
7 5031 41020
7 5032 40883
7 5033 40883
7 5034 67133
7 5035 40954
7 5036 67733
7 5037 40883
7 5038 40884
7 5039 40884
