3 0 3628800
3 1 3628800
3 2 3628800
3 3 3628646
3 4 3626952
3 5 3628163
4 0 3608780
4 1 3622200
4 2 3608780
4 3 3627260
4 4 3622200
4 5 3627260
4 6 3471535
4 7 3532890
4 8 3518453
4 9 3505456
4 10 3557704
4 11 3534186
4 12 3210418
4 13 3485603
4 14 3157005
4 15 3389858
4 16 3459178
4 17 3359891
4 18 3396216
4 19 3485603
4 20 3404732
4 21 3349198
4 22 3459178
4 23 3359891
5 0 2750500
5 1 3117630
5 2 2746540
5 3 3367130
5 4 3122280
5 5 3324240
5 6 2750500
5 7 3117630
5 8 2807870
5 9 3224770
5 10 3122280
5 11 3254690
5 12 2807870
5 13 3367130
5 14 2750500
5 15 3254690
5 16 3324240
5 17 3224770
5 18 3117630
5 19 3367130
5 20 3122280
5 21 3214100
5 22 3324240
5 23 3224770
5 24 2356515
5 25 2714113
5 26 2355071
5 27 2859675
5 28 2716772
5 29 2823648
5 30 2464704
5 31 2809617
5 32 2546918
5 33 2417934
5 34 2822702
5 35 2515547
5 36 2534833
5 37 2970432
5 38 2573571
5 39 2495790
5 40 2942535
5 41 2516626
5 42 2775095
5 43 2981724
5 44 2842923
5 45 2530385
5 46 2985527
5 47 2549169
5 48 1491312
5 49 1865500
5 50 1507919
5 51 2355148
5 52 1879215
5 53 2344853
5 54 1470405
5 55 1812298
5 56 1512285
5 57 1806329
5 58 1829433
5 59 1810027
5 60 1502058
5 61 2334330
5 62 1498557
5 63 1815754
5 64 2300776
5 65 1746205
5 66 1867553
5 67 2357084
5 68 1856342
5 69 1805737
5 70 2323716
5 71 1776083
5 72 1503115
5 73 2397040
5 74 1512547
5 75 2363717
5 76 2375721
5 77 2346274
5 78 1507402
5 79 2376881
5 80 1496561
5 81 1815694
5 82 2380566
5 83 1806900
5 84 1506758
5 85 2348745
5 86 1470405
5 87 1815035
5 88 2323716
5 89 1776083
5 90 2314136
5 91 2315144
5 92 2328674
5 93 1741142
5 94 2300776
5 95 1746205
5 96 1812298
5 97 2365681
5 98 1823587
5 99 2325841
5 100 2368398
5 101 2323756
5 102 1826638
5 103 2368707
5 104 1858441
5 105 1736820
5 106 2360453
5 107 1795750
5 108 1861107
5 109 2323969
5 110 1818175
5 111 1795173
5 112 2296236
5 113 1743822
5 114 2314136
5 115 2315144
5 116 2328674
5 117 1741142
5 118 2300776
5 119 1746205
6 0 1010720
6 1 1176550
6 2 1010270
6 3 1824890
6 4 1181780
6 5 1781930
6 6 1010270
6 7 1176110
6 8 1025100
6 9 2016960
6 10 1187900
6 11 2022890
6 12 1025100
6 13 1820010
6 14 1010170
6 15 2023140
6 16 1788180
6 17 2014880
6 18 1185110
6 19 1819890
6 20 1188410
6 21 2011520
6 22 1788180
6 23 1996260
6 24 1010720
6 25 1176550
6 26 1010270
6 27 1824890
6 28 1181780
6 29 1781930
6 30 1019530
6 31 1212540
6 32 1020750
6 33 1426870
6 34 1217600
6 35 1468770
6 36 1025950
6 37 1857250
6 38 1026760
6 39 1469360
6 40 1821650
6 41 1480490
6 42 1195080
6 43 1822650
6 44 1222060
6 45 1477340
6 46 1821900
6 47 1478370
6 48 1019530
6 49 1212540
6 50 1025950
6 51 2044010
6 52 1221390
6 53 2028740
6 54 1010720
6 55 1176550
6 56 1026780
6 57 1473090
6 58 1189250
6 59 1474740
6 60 1020330
6 61 2032970
6 62 1019940
6 63 1478000
6 64 1996260
6 65 1426870
6 66 1212100
6 67 2041400
6 68 1205640
6 69 1471960
6 70 2006160
6 71 1446350
6 72 1020750
6 73 1851980
6 74 1026760
6 75 2054590
6 76 1825010
6 77 2046160
6 78 1026780
6 79 1824770
6 80 1019130
6 81 1476190
6 82 1820670
6 83 1470820
6 84 1019940
6 85 2038290
6 86 1010720
6 87 1475520
6 88 2006160
6 89 1446350
6 90 1781930
6 91 2014470
6 92 1782350
6 93 1422800
6 94 1996260
6 95 1426870
6 96 1176550
6 97 1821670
6 98 1187370
6 99 2028700
6 100 1820420
6 101 2018620
6 102 1187330
6 103 1824570
6 104 1210430
6 105 1420700
6 106 1813130
6 107 1465840
6 108 1211520
6 109 2027290
6 110 1182190
6 111 1465730
6 112 1994500
6 113 1425720
6 114 1781930
6 115 2014470
6 116 1782350
6 117 1422800
6 118 1996260
6 119 1426870
6 120 954165
6 121 1232902
6 122 953452
6 123 1592839
6 124 1234806
6 125 1569336
6 126 954054
6 127 1232794
6 128 972948
6 129 1492316
6 130 1236891
6 131 1507556
6 132 972946
6 133 1591077
6 134 954027
6 135 1507740
6 136 1571502
6 137 1491680
6 138 1235621
6 139 1590869
6 140 1237025
6 141 1487991
6 142 1571673
6 143 1484246
6 144 975014
6 145 1273392
6 146 974911
6 147 1615415
6 148 1274266
6 149 1602855
6 150 986662
6 151 1332983
6 152 1001055
6 153 965022
6 154 1329201
6 155 997880
6 156 1029677
6 157 1675336
6 158 1017619
6 159 996855
6 160 1637339
6 161 1008588
6 162 1297230
6 163 1673586
6 164 1338641
6 165 1007893
6 166 1645974
6 167 1006408
6 168 994626
6 169 1325392
6 170 1011964
6 171 1588801
6 172 1328327
6 173 1585590
6 174 998052
6 175 1339519
6 176 1016273
6 177 994428
6 178 1331305
6 179 994874
6 180 1014967
6 181 1584582
6 182 1011876
6 183 1002008
6 184 1562344
6 185 990042
6 186 1315726
6 187 1622330
6 188 1331886
6 189 1005203
6 190 1591610
6 191 1009968
6 192 1016207
6 193 1670742
6 194 1017434
6 195 1607053
6 196 1652585
6 197 1594976
6 198 1030249
6 199 1678974
6 200 1016953
6 201 1010349
6 202 1657637
6 203 1006064
6 204 1027334
6 205 1620745
6 206 1018681
6 207 1004260
6 208 1604329
6 209 1007822
6 210 1616275
6 211 1596254
6 212 1648231
6 213 1000413
6 214 1622632
6 215 1001583
6 216 1266678
6 217 1645748
6 218 1269029
6 219 1578449
6 220 1646192
6 221 1573156
6 222 1297276
6 223 1675423
6 224 1340881
6 225 998155
6 226 1659994
6 227 1012923
6 228 1329624
6 229 1628068
6 230 1339513
6 231 1014132
6 232 1607893
6 233 1002423
6 234 1622901
6 235 1604179
6 236 1650555
6 237 1003568
6 238 1623721
6 239 1002613
6 240 338937
6 241 387573
6 242 338925
6 243 687392
6 244 388123
6 245 680883
6 246 340508
6 247 393396
6 248 343794
6 249 703815
6 250 396122
6 251 706921
6 252 343685
6 253 696730
6 254 342307
6 255 706703
6 256 687252
6 257 708095
6 258 392443
6 259 694099
6 260 396438
6 261 707749
6 262 687110
6 263 705056
6 264 337210
6 265 384469
6 266 337148
6 267 680818
6 268 385665
6 269 669150
6 270 340630
6 271 394036
6 272 340949
6 273 403316
6 274 395249
6 275 406964
6 276 342140
6 277 693582
6 278 340981
6 279 404767
6 280 684828
6 281 408318
6 282 389700
6 283 681427
6 284 396402
6 285 408377
6 286 683553
6 287 406438
6 288 339278
6 289 392725
6 290 342507
6 291 704319
6 292 397660
6 293 706122
6 294 339221
6 295 392112
6 296 342356
6 297 407141
6 298 394360
6 299 408457
6 300 339300
6 301 693161
6 302 339301
6 303 405518
6 304 690070
6 305 394155
6 306 395250
6 307 707304
6 308 395624
6 309 410360
6 310 701547
6 311 398387
6 312 342507
6 313 696195
6 314 343859
6 315 708777
6 316 695737
6 317 710928
6 318 343809
6 319 695290
6 320 342224
6 321 407668
6 322 692399
6 323 409282
6 324 341051
6 325 705796
6 326 340807
6 327 409188
6 328 702125
6 329 398012
6 330 683880
6 331 708359
6 332 684283
6 333 405643
6 334 705579
6 335 399514
6 336 391002
6 337 695138
6 338 397482
6 339 710096
6 340 695137
6 341 708260
6 342 391385
6 343 693820
6 344 397504
6 345 408818
6 346 682154
6 347 409805
6 348 396940
6 349 707932
6 350 395099
6 351 411662
6 352 704642
6 353 399686
6 354 686007
6 355 709553
6 356 685003
6 357 408155
6 358 704191
6 359 398568
6 360 339346
6 361 392897
6 362 343572
6 363 950429
6 364 397172
6 365 945928
6 366 340635
6 367 394185
6 368 345279
6 369 705824
6 370 398443
6 371 708727
6 372 342672
6 373 955802
6 374 343740
6 375 708121
6 376 946405
6 377 698646
6 378 395952
6 379 957700
6 380 397636
6 381 707775
6 382 946360
6 383 699044
6 384 340630
6 385 392753
6 386 342140
6 387 948701
6 388 395219
6 389 940619
6 390 339095
6 391 391882
6 392 342355
6 393 406667
6 394 394978
6 395 408797
6 396 343913
6 397 960347
6 398 342214
6 399 408837
6 400 952848
6 401 409376
6 402 396930
6 403 952556
6 404 396719
6 405 409665
6 406 950671
6 407 408182
6 408 339221
6 409 394135
6 410 343809
6 411 707463
6 412 398587
6 413 706633
6 414 337210
6 415 384469
6 416 340805
6 417 406642
6 418 387541
6 419 406693
6 420 341049
6 421 704209
6 422 340923
6 423 409184
6 424 703061
6 425 398293
6 426 396079
6 427 708023
6 428 392883
6 429 409131
6 430 703296
6 431 398374
6 432 339300
6 433 948963
6 434 341051
6 435 706858
6 436 941530
6 437 694973
6 438 341049
6 439 950591
6 440 339112
6 441 407876
6 442 952192
6 443 406363
6 444 339402
6 445 705805
6 446 339000
6 447 408034
6 448 704607
6 449 399580
6 450 926060
6 451 690831
6 452 931925
6 453 393903
6 454 690070
6 455 394155
6 456 392824
6 457 955308
6 458 394868
6 459 706834
6 460 949810
6 461 700632
6 462 394423
6 463 955580
6 464 393958
6 465 407904
6 466 951498
6 467 408398
6 468 395578
6 469 706591
6 470 391744
6 471 410118
6 472 703462
6 473 399380
6 474 928605
6 475 695157
6 476 932607
6 477 396251
6 478 695157
6 479 396263
6 480 339137
6 481 692586
6 482 340937
6 483 956241
6 484 686339
6 485 955282
6 486 340829
6 487 692345
6 488 342569
6 489 706219
6 490 692038
6 491 709081
6 492 342463
6 493 958440
6 494 340861
6 495 708384
6 496 952824
6 497 701049
6 498 681782
6 499 949718
6 500 682929
6 501 694546
6 502 950413
6 503 696159
6 504 340949
6 505 693025
6 506 340981
6 507 957191
6 508 684436
6 509 954341
6 510 342355
6 511 694424
6 512 339348
6 513 406855
6 514 695168
6 515 410115
6 516 342214
6 517 958036
6 518 342279
6 519 410158
6 520 956756
6 521 410721
6 522 684326
6 523 955502
6 524 692538
6 525 407064
6 526 956996
6 527 409059
6 528 342356
6 529 693141
6 530 342224
6 531 709749
6 532 695423
6 533 707969
6 534 340805
6 535 680572
6 536 342114
6 537 409037
6 538 682118
6 539 409848
6 540 339112
6 541 704246
6 542 339047
6 543 407792
6 544 704130
6 545 399726
6 546 692248
6 547 708694
6 548 689915
6 549 408196
6 550 702951
6 551 399420
6 552 339301
6 553 949368
6 554 340807
6 555 706844
6 556 944176
6 557 698946
6 558 340923
6 559 949132
6 560 339047
6 561 408035
6 562 950723
6 563 408525
6 564 339000
6 565 704474
6 566 337210
6 567 406078
6 568 703149
6 569 398638
6 570 928605
6 571 695157
6 572 932607
6 573 396251
6 574 695157
6 575 396263
6 576 669150
6 577 936523
6 578 670220
6 579 691352
6 580 939010
6 581 692277
6 582 670835
6 583 936664
6 584 679466
6 585 393722
6 586 938650
6 587 402874
6 588 679631
6 589 691206
6 590 669379
6 591 402825
6 592 689157
6 593 394042
6 594 926060
6 595 690831
6 596 931925
6 597 393903
6 598 690070
6 599 394155
6 600 384469
6 601 679424
6 602 386718
6 603 943944
6 604 681404
6 605 937012
6 606 386790
6 607 680783
6 608 394141
6 609 691084
6 610 681686
6 611 702540
6 612 394114
6 613 947310
6 614 387291
6 615 702456
6 616 941595
6 617 693971
6 618 681337
6 619 946589
6 620 680370
6 621 693189
6 622 941630
6 623 692469
6 624 386935
6 625 681488
6 626 386990
6 627 945275
6 628 681489
6 629 937020
6 630 389544
6 631 692236
6 632 393950
6 633 393696
6 634 690477
6 635 406175
6 636 395138
6 637 954338
6 638 395792
6 639 404278
6 640 946458
6 641 405383
6 642 682158
6 643 947774
6 644 691513
6 645 406360
6 646 949373
6 647 405913
6 648 389539
6 649 692306
6 650 394538
6 651 702795
6 652 694378
6 653 704465
6 654 386955
6 655 680339
6 656 395196
6 657 404746
6 658 682493
6 659 405382
6 660 392925
6 661 694153
6 662 392196
6 663 406335
6 664 688860
6 665 394014
6 666 689899
6 667 705318
6 668 688210
6 669 405146
6 670 702156
6 671 399008
6 672 392776
6 673 953418
6 674 394393
6 675 704995
6 676 945830
6 677 695867
6 678 393260
6 679 950054
6 680 392195
6 681 406897
6 682 950715
6 683 405785
6 684 394053
6 685 703577
6 686 385749
6 687 406890
6 688 702163
6 689 399004
6 690 925758
6 691 690659
6 692 931921
6 693 393835
6 694 689898
6 695 394088
6 696 669150
6 697 936523
6 698 670220
6 699 691352
6 700 939010
6 701 692277
6 702 670835
6 703 936664
6 704 679466
6 705 393722
6 706 938650
6 707 402874
6 708 679631
6 709 691206
6 710 669379
6 711 402825
6 712 689157
6 713 394042
6 714 926060
6 715 690831
6 716 931925
6 717 393903
6 718 690070
6 719 394155
7 0 180430
7 1 180430
7 2 180420
7 3 311290
7 4 180960
7 5 307140
7 6 180420
7 7 180420
7 8 181450
7 9 620800
7 10 181470
7 11 620190
7 12 181450
7 13 311170
7 14 180420
7 15 620180
7 16 307640
7 17 619990
7 18 181030
7 19 311150
7 20 181490
7 21 619780
7 22 307650
7 23 613490
7 24 180420
7 25 180420
7 26 180410
7 27 311290
7 28 180960
7 29 307130
7 30 181450
7 31 181450
7 32 181550
7 33 535800
7 34 182510
7 35 539320
7 36 181940
7 37 315710
7 38 181980
7 39 539830
7 40 312220
7 41 541990
7 42 182470
7 43 311880
7 44 183000
7 45 541460
7 46 312670
7 47 540360
7 48 181450
7 49 181450
7 50 181940
7 51 625100
7 52 182490
7 53 619680
7 54 180420
7 55 180420
7 56 181980
7 57 540090
7 58 182020
7 59 540090
7 60 181530
7 61 625760
7 62 181510
7 63 541480
7 64 615000
7 65 535820
7 66 182080
7 67 624220
7 68 182500
7 69 541210
7 70 615320
7 71 538220
7 72 181550
7 73 315450
7 74 181980
7 75 630130
7 76 311940
7 77 629970
7 78 181980
7 79 311630
7 80 181480
7 81 541180
7 82 311850
7 83 540890
7 84 181510
7 85 624900
7 86 180420
7 87 539830
7 88 615330
7 89 538220
7 90 307710
7 91 620670
7 92 307920
7 93 535480
7 94 614930
7 95 535820
7 96 180990
7 97 311250
7 98 181520
7 99 625590
7 100 311960
7 101 619830
7 102 181540
7 103 311520
7 104 182060
7 105 535470
7 106 311340
7 107 540890
7 108 182040
7 109 624230
7 110 181530
7 111 540930
7 112 614010
7 113 535790
7 114 307720
7 115 620160
7 116 307830
7 117 535480
7 118 614020
7 119 534910
7 120 180430
7 121 180430
7 122 180420
7 123 311290
7 124 180960
7 125 307140
7 126 180420
7 127 180420
7 128 181450
7 129 620800
7 130 181470
7 131 620190
7 132 181450
7 133 311170
7 134 180420
7 135 620180
7 136 307640
7 137 619990
7 138 181030
7 139 311150
7 140 181490
7 141 619780
7 142 307650
7 143 613490
7 144 180960
7 145 180960
7 146 180960
7 147 314600
7 148 181080
7 149 313300
7 150 181030
7 151 181030
7 152 180990
7 153 250680
7 154 182050
7 155 257110
7 156 182470
7 157 318740
7 158 181540
7 159 257510
7 160 314600
7 161 258460
7 162 182190
7 163 317600
7 164 182600
7 165 257990
7 166 314660
7 167 258210
7 168 181470
7 169 181470
7 170 182490
7 171 626730
7 172 182580
7 173 625480
7 174 181490
7 175 181490
7 176 181520
7 177 257190
7 178 182080
7 179 257400
7 180 182080
7 181 626810
7 182 182040
7 183 258370
7 184 619810
7 185 256940
7 186 182580
7 187 630160
7 188 183080
7 189 258350
7 190 620240
7 191 258360
7 192 182510
7 193 315940
7 194 182020
7 195 630680
7 196 313090
7 197 630970
7 198 183000
7 199 317970
7 200 182060
7 201 259190
7 202 317290
7 203 258640
7 204 182500
7 205 626940
7 206 181530
7 207 258440
7 208 620270
7 209 258430
7 210 309040
7 211 625740
7 212 314350
7 213 257970
7 214 620410
7 215 258010
7 216 182050
7 217 312610
7 218 182080
7 219 626440
7 220 312060
7 221 619980
7 222 182600
7 223 318360
7 224 182660
7 225 257390
7 226 317300
7 227 259120
7 228 183080
7 229 630690
7 230 182660
7 231 259310
7 232 620180
7 233 257950
7 234 309670
7 235 624660
7 236 313780
7 237 258000
7 238 619050
7 239 257310
7 240 180960
7 241 180960
7 242 180960
7 243 314600
7 244 181080
7 245 313300
7 246 181470
7 247 181470
7 248 182510
7 249 541830
7 250 183010
7 251 542380
7 252 182490
7 253 318110
7 254 182020
7 255 542350
7 256 314460
7 257 542880
7 258 182580
7 259 318090
7 260 183050
7 261 542860
7 262 314500
7 263 540940
7 264 180430
7 265 180430
7 266 180420
7 267 311290
7 268 180960
7 269 307140
7 270 181490
7 271 181490
7 272 181540
7 273 256750
7 274 182120
7 275 258350
7 276 181990
7 277 316370
7 278 181550
7 279 257450
7 280 313210
7 281 258770
7 282 182090
7 283 311800
7 284 182640
7 285 258760
7 286 313190
7 287 258080
7 288 181020
7 289 181020
7 290 182050
7 291 541530
7 292 182580
7 293 541520
7 294 181010
7 295 181010
7 296 182020
7 297 258260
7 298 182080
7 299 258780
7 300 181020
7 301 537040
7 302 181020
7 303 257260
7 304 534910
7 305 250680
7 306 182110
7 307 542020
7 308 182180
7 309 259170
7 310 538440
7 311 252250
7 312 182050
7 313 317470
7 314 182520
7 315 543840
7 316 317800
7 317 544910
7 318 182510
7 319 317010
7 320 182000
7 321 258370
7 322 316170
7 323 258880
7 324 181560
7 325 541390
7 326 181520
7 327 258750
7 328 538950
7 329 252210
7 330 313100
7 331 543360
7 332 313440
7 333 257200
7 334 541110
7 335 252720
7 336 182120
7 337 317600
7 338 183060
7 339 543730
7 340 318240
7 341 542110
7 342 182180
7 343 316780
7 344 183080
7 345 258680
7 346 312120
7 347 259230
7 348 182640
7 349 543330
7 350 182600
7 351 259620
7 352 540580
7 353 252730
7 354 313920
7 355 543230
7 356 313520
7 357 258160
7 358 539500
7 359 252340
7 360 181030
7 361 181030
7 362 182470
7 363 627420
7 364 182580
7 365 624970
7 366 181490
7 367 181490
7 368 183000
7 369 542290
7 370 183050
7 371 543070
7 372 182080
7 373 631290
7 374 182500
7 375 543660
7 376 620990
7 377 539190
7 378 182140
7 379 630830
7 380 182690
7 381 543670
7 382 621010
7 383 539570
7 384 181490
7 385 181490
7 386 181990
7 387 626130
7 388 182560
7 389 620400
7 390 180990
7 391 180990
7 392 182020
7 393 257940
7 394 182110
7 395 258860
7 396 182530
7 397 631250
7 398 182000
7 399 258690
7 400 625160
7 401 258950
7 402 183090
7 403 625600
7 404 183060
7 405 258880
7 406 624140
7 407 258520
7 408 181010
7 409 181010
7 410 182510
7 411 541970
7 412 182610
7 413 541710
7 414 180430
7 415 180430
7 416 181520
7 417 258150
7 418 181530
7 419 258160
7 420 181560
7 421 540820
7 422 181540
7 423 258760
7 424 539210
7 425 252280
7 426 182130
7 427 542230
7 428 182120
7 429 258760
7 430 539210
7 431 252290
7 432 181020
7 433 626810
7 434 181560
7 435 542740
7 436 620810
7 437 537960
7 438 181560
7 439 626670
7 440 180990
7 441 258290
7 442 624930
7 443 257380
7 444 181040
7 445 541770
7 446 180970
7 447 258320
7 448 540580
7 449 252700
7 450 613490
7 451 535780
7 452 613490
7 453 250510
7 454 534910
7 455 250680
7 456 181530
7 457 630980
7 458 182110
7 459 543670
7 460 625280
7 461 540670
7 462 182080
7 463 630380
7 464 182080
7 465 258090
7 466 624420
7 467 258260
7 468 182120
7 469 543620
7 470 182050
7 471 259130
7 472 540310
7 473 252660
7 474 613890
7 475 537310
7 476 613890
7 477 251310
7 478 537310
7 479 251310
7 480 180990
7 481 315620
7 482 181540
7 483 632430
7 484 313220
7 485 632540
7 486 181520
7 487 316280
7 488 182060
7 489 542180
7 490 316650
7 491 544220
7 492 182040
7 493 631630
7 494 181530
7 495 542900
7 496 625790
7 497 540740
7 498 311850
7 499 626590
7 500 312700
7 501 537620
7 502 625450
7 503 538340
7 504 181540
7 505 315680
7 506 181550
7 507 632470
7 508 312340
7 509 631970
7 510 182020
7 511 317310
7 512 181030
7 513 257650
7 514 317760
7 515 258970
7 516 182000
7 517 631340
7 518 182010
7 519 259400
7 520 629600
7 521 259340
7 522 312820
7 523 630600
7 524 317490
7 525 257860
7 526 629640
7 527 258800
7 528 182020
7 529 317330
7 530 182000
7 531 544530
7 532 317980
7 533 543430
7 534 181520
7 535 311170
7 536 181980
7 537 258890
7 538 311710
7 539 259180
7 540 180990
7 541 541220
7 542 180980
7 543 258240
7 544 540280
7 545 252720
7 546 317100
7 547 543320
7 548 315760
7 549 258140
7 550 540010
7 551 252650
7 552 181020
7 553 626960
7 554 181520
7 555 542270
7 556 621290
7 557 539490
7 558 181540
7 559 625910
7 560 180980
7 561 258300
7 562 624430
7 563 258260
7 564 180970
7 565 540770
7 566 180430
7 567 257590
7 568 538950
7 569 252320
7 570 613890
7 571 537310
7 572 613890
7 573 251310
7 574 537310
7 575 251310
7 576 307140
7 577 620270
7 578 308070
7 579 536380
7 580 619470
7 581 536180
7 582 308060
7 583 620420
7 584 312690
7 585 250440
7 586 619130
7 587 256170
7 588 312730
7 589 536350
7 590 307320
7 591 256150
7 592 534590
7 593 250650
7 594 613490
7 595 535780
7 596 613490
7 597 250510
7 598 534910
7 599 250680
7 600 180430
7 601 310660
7 602 180980
7 603 626130
7 604 311500
7 605 620470
7 606 180980
7 607 311350
7 608 182010
7 609 536380
7 610 312010
7 611 540990
7 612 181980
7 613 625610
7 614 181030
7 615 541000
7 616 619960
7 617 537090
7 618 311840
7 619 625040
7 620 312080
7 621 536700
7 622 619960
7 623 536180
7 624 180970
7 625 311390
7 626 180990
7 627 626450
7 628 311540
7 629 620470
7 630 181520
7 631 317060
7 632 181530
7 633 250440
7 634 316730
7 635 257540
7 636 182000
7 637 630480
7 638 182060
7 639 256970
7 640 624630
7 641 257370
7 642 312430
7 643 625190
7 644 317460
7 645 257610
7 646 624440
7 647 257700
7 648 181540
7 649 317020
7 650 182000
7 651 542010
7 652 317700
7 653 541890
7 654 181020
7 655 310980
7 656 182040
7 657 257200
7 658 311960
7 659 257440
7 660 181550
7 661 538150
7 662 181540
7 663 257620
7 664 534560
7 665 250650
7 666 316260
7 667 542410
7 668 315350
7 669 257080
7 670 540010
7 671 252580
7 672 181520
7 673 630270
7 674 182020
7 675 543030
7 676 624660
7 677 539050
7 678 182020
7 679 626100
7 680 181520
7 681 257760
7 682 624210
7 683 257270
7 684 181540
7 685 541850
7 686 180990
7 687 257940
7 688 540030
7 689 252580
7 690 613490
7 691 535750
7 692 613490
7 693 250500
7 694 534880
7 695 250670
7 696 307140
7 697 620270
7 698 308070
7 699 536380
7 700 619470
7 701 536180
7 702 308060
7 703 620420
7 704 312690
7 705 250440
7 706 619130
7 707 256170
7 708 312730
7 709 536350
7 710 307320
7 711 256150
7 712 534590
7 713 250650
7 714 613490
7 715 535780
7 716 613490
7 717 250510
7 718 534910
7 719 250680
7 720 222768
7 721 270041
7 722 222714
7 723 489349
7 724 270817
7 725 481014
7 726 222714
7 727 269988
7 728 224986
7 729 586773
7 730 271800
7 731 588331
7 732 224986
7 733 488575
7 734 222704
7 735 588364
7 736 482013
7 737 586401
7 738 271325
7 739 488557
7 740 271863
7 741 585874
7 742 482016
7 743 582466
7 744 222766
7 745 270039
7 746 222712
7 747 489349
7 748 270817
7 749 481012
7 750 224191
7 751 276336
7 752 224356
7 753 395998
7 754 277156
7 755 404232
7 756 225206
7 757 496135
7 758 225307
7 759 404264
7 760 489030
7 761 406121
7 762 273024
7 763 489118
7 764 277837
7 765 405689
7 766 489020
7 767 405672
7 768 224191
7 769 276336
7 770 225205
7 771 592515
7 772 277701
7 773 589187
7 774 222766
7 775 270039
7 776 225311
7 777 404835
7 778 272091
7 779 405126
7 780 224303
7 781 590211
7 782 224255
7 783 405779
7 784 582843
7 785 396004
7 786 276268
7 787 591925
7 788 275336
7 789 404836
7 790 585019
7 791 399260
7 792 224358
7 793 495288
7 794 225309
7 795 595040
7 796 489506
7 797 593060
7 798 225312
7 799 489446
7 800 224151
7 801 405538
7 802 488803
7 803 404674
7 804 224252
7 805 591522
7 806 222766
7 807 405288
7 808 585021
7 809 399260
7 810 481153
7 811 586500
7 812 481243
7 813 395393
7 814 582829
7 815 396004
7 816 270180
7 817 488955
7 818 271820
7 819 589493
7 820 488771
7 821 586872
7 822 271816
7 823 489416
7 824 276064
7 825 395138
7 826 487652
7 827 403882
7 828 276192
7 829 589020
7 830 271002
7 831 403871
7 832 582291
7 833 395862
7 834 481156
7 835 586373
7 836 481219
7 837 395393
7 838 582599
7 839 395740
7 840 224458
7 841 271961
7 842 224408
7 843 492216
7 844 272627
7 845 485404
7 846 224456
7 847 271959
7 848 225695
7 849 587214
7 850 272744
7 851 589085
7 852 225695
7 853 492146
7 854 224456
7 855 589090
7 856 485520
7 857 587099
7 858 272096
7 859 492141
7 860 272748
7 861 586768
7 862 485523
7 863 585944
7 864 224763
7 865 273829
7 866 224762
7 867 497435
7 868 273900
7 869 496535
7 870 224772
7 871 280396
7 872 224523
7 873 224950
7 874 281385
7 875 227414
7 876 229172
7 877 506070
7 878 226201
7 879 227450
7 880 496041
7 881 228920
7 882 277343
7 883 506906
7 884 282320
7 885 228824
7 886 496663
7 887 227708
7 888 228948
7 889 282933
7 890 230117
7 891 603767
7 892 283749
7 893 602961
7 894 226433
7 895 282011
7 896 226271
7 897 227444
7 898 281810
7 899 227528
7 900 229346
7 901 605914
7 902 227547
7 903 229743
7 904 598765
7 905 228892
7 906 283082
7 907 610884
7 908 283631
7 909 229945
7 910 599911
7 911 230144
7 912 229501
7 913 504376
7 914 229503
7 915 608785
7 916 497964
7 917 606596
7 918 230409
7 919 507282
7 920 227441
7 921 229950
7 922 503638
7 923 229876
7 924 229726
7 925 606787
7 926 226506
7 927 227763
7 928 599983
7 929 230120
7 930 488381
7 931 602084
7 932 498556
7 933 229101
7 934 600370
7 935 229070
7 936 276165
7 937 497043
7 938 276280
7 939 600667
7 940 497043
7 941 599438
7 942 278489
7 943 508775
7 944 283058
7 945 228980
7 946 504780
7 947 230119
7 948 283466
7 949 612408
7 950 283145
7 951 230248
7 952 600318
7 953 228984
7 954 488736
7 955 602221
7 956 497642
7 957 229076
7 958 599744
7 959 227673
7 960 226022
7 961 274906
7 962 226018
7 963 498070
7 964 275051
7 965 495874
7 966 227326
7 967 281169
7 968 228864
7 969 418325
7 970 282386
7 971 420717
7 972 228570
7 973 504493
7 974 228737
7 975 421057
7 976 497208
7 977 419719
7 978 277254
7 979 504090
7 980 282308
7 981 419500
7 982 497307
7 983 419278
7 984 226145
7 985 275119
7 986 226143
7 987 498685
7 988 275204
7 989 497379
7 990 226382
7 991 281910
7 992 226329
7 993 227190
7 994 281860
7 995 227747
7 996 229462
7 997 507310
7 998 226383
7 999 227152
7 1000 497364
7 1001 229119
7 1002 277565
7 1003 506783
7 1004 282681
7 1005 229129
7 1006 497293
7 1007 227820
7 1008 226426
7 1009 281782
7 1010 227902
7 1011 419962
7 1012 283766
7 1013 421110
7 1014 226378
7 1015 281070
7 1016 227495
7 1017 228757
7 1018 282020
7 1019 229058
7 1020 226224
7 1021 411487
7 1022 226215
7 1023 228635
7 1024 409248
7 1025 226931
7 1026 282687
7 1027 423726
7 1028 282696
7 1029 231290
7 1030 419084
7 1031 228906
7 1032 228922
7 1033 505565
7 1034 230493
7 1035 426209
7 1036 504622
7 1037 425772
7 1038 230367
7 1039 506047
7 1040 227496
7 1041 229597
7 1042 503832
7 1043 230859
7 1044 227714
7 1045 421736
7 1046 227506
7 1047 230243
7 1048 419090
7 1049 228780
7 1050 494440
7 1051 423218
7 1052 496037
7 1053 229843
7 1054 422276
7 1055 229948
7 1056 277562
7 1057 505455
7 1058 283777
7 1059 425131
7 1060 507006
7 1061 425531
7 1062 278583
7 1063 507593
7 1064 284110
7 1065 231060
7 1066 504301
7 1067 230381
7 1068 283538
7 1069 424383
7 1070 282817
7 1071 232462
7 1072 421792
7 1073 229967
7 1074 495862
7 1075 425061
7 1076 497233
7 1077 231076
7 1078 421962
7 1079 229019
7 1080 227618
7 1081 281421
7 1082 229934
7 1083 604770
7 1084 283478
7 1085 603850
7 1086 227715
7 1087 281516
7 1088 230270
7 1089 420799
7 1090 283609
7 1091 422956
7 1092 229200
7 1093 607997
7 1094 229146
7 1095 422458
7 1096 600694
7 1097 414063
7 1098 282403
7 1099 607739
7 1100 282624
7 1101 420902
7 1102 600731
7 1103 414168
7 1104 229017
7 1105 282909
7 1106 230182
7 1107 604588
7 1108 283753
7 1109 603526
7 1110 226499
7 1111 281893
7 1112 227674
7 1113 228901
7 1114 282785
7 1115 229099
7 1116 230575
7 1117 609797
7 1118 227491
7 1119 229739
7 1120 603728
7 1121 231206
7 1122 284160
7 1123 611802
7 1124 283969
7 1125 231253
7 1126 604034
7 1127 230227
7 1128 227866
7 1129 283128
7 1130 229389
7 1131 424404
7 1132 284264
7 1133 423604
7 1134 226601
7 1135 281995
7 1136 226623
7 1137 227734
7 1138 281686
7 1139 227698
7 1140 227878
7 1141 422165
7 1142 227625
7 1143 230132
7 1144 421958
7 1145 228829
7 1146 282999
7 1147 426360
7 1148 282992
7 1149 230239
7 1150 421891
7 1151 228853
7 1152 228026
7 1153 606713
7 1154 228146
7 1155 423775
7 1156 602808
7 1157 414997
7 1158 229525
7 1159 607562
7 1160 226509
7 1161 229172
7 1162 605197
7 1163 230208
7 1164 228052
7 1165 425820
7 1166 226525
7 1167 229153
7 1168 425038
7 1169 229867
7 1170 596094
7 1171 412892
7 1172 600316
7 1173 227401
7 1174 422602
7 1175 227408
7 1176 281527
7 1177 611904
7 1178 281654
7 1179 424189
7 1180 608689
7 1181 418708
7 1182 283130
7 1183 612802
7 1184 282424
7 1185 230211
7 1186 607169
7 1187 231325
7 1188 283711
7 1189 428268
7 1190 282432
7 1191 231200
7 1192 424923
7 1193 229799
7 1194 596773
7 1195 415010
7 1196 600802
7 1197 228837
7 1198 425422
7 1199 228835
7 1200 227642
7 1201 502400
7 1202 227799
7 1203 608447
7 1204 497108
7 1205 606558
7 1206 227700
7 1207 502532
7 1208 228137
7 1209 421163
7 1210 501929
7 1211 422277
7 1212 228134
7 1213 608533
7 1214 227813
7 1215 422339
7 1216 604772
7 1217 415558
7 1218 494181
7 1219 603093
7 1220 494463
7 1221 412252
7 1222 602567
7 1223 412541
7 1224 229300
7 1225 504461
7 1226 229399
7 1227 609025
7 1228 497946
7 1229 606878
7 1230 229430
7 1231 507462
7 1232 226347
7 1233 229221
7 1234 506429
7 1235 231330
7 1236 230743
7 1237 609883
7 1238 227627
7 1239 230252
7 1240 607703
7 1241 232412
7 1242 496066
7 1243 606087
7 1244 505488
7 1245 230211
7 1246 607723
7 1247 231302
7 1248 230368
7 1249 506948
7 1250 230626
7 1251 428250
7 1252 506327
7 1253 426446
7 1254 229541
7 1255 506894
7 1256 227740
7 1257 230243
7 1258 504726
7 1259 230390
7 1260 227944
7 1261 425300
7 1262 226475
7 1263 229110
7 1264 425243
7 1265 229971
7 1266 502577
7 1267 426372
7 1268 504908
7 1269 231399
7 1270 423063
7 1271 229854
7 1272 228307
7 1273 607060
7 1274 228377
7 1275 425009
7 1276 603175
7 1277 416796
7 1278 229651
7 1279 607772
7 1280 226532
7 1281 229212
7 1282 604796
7 1283 231319
7 1284 228066
7 1285 425558
7 1286 226412
7 1287 227844
7 1288 424593
7 1289 229008
7 1290 596790
7 1291 415425
7 1292 600801
7 1293 228818
7 1294 425591
7 1295 228814
7 1296 484624
7 1297 598657
7 1298 484837
7 1299 412905
7 1300 598508
7 1301 412890
7 1302 488522
7 1303 602936
7 1304 497595
7 1305 227495
7 1306 603720
7 1307 229058
7 1308 496381
7 1309 425056
7 1310 496846
7 1311 229064
7 1312 423806
7 1313 227458
7 1314 596769
7 1315 415905
7 1316 600476
7 1317 227514
7 1318 424249
7 1319 227509
7 1320 274080
7 1321 492573
7 1322 274202
7 1323 599569
7 1324 492856
7 1325 596157
7 1326 274121
7 1327 492683
7 1328 279640
7 1329 409812
7 1330 493006
7 1331 416911
7 1332 279624
7 1333 599467
7 1334 274264
7 1335 416764
7 1336 596104
7 1337 410108
7 1338 492942
7 1339 599381
7 1340 493045
7 1341 409571
7 1342 596108
7 1343 409841
7 1344 275943
7 1345 496778
7 1346 276100
7 1347 600620
7 1348 496929
7 1349 599474
7 1350 277412
7 1351 508003
7 1352 281656
7 1353 227323
7 1354 505236
7 1355 229193
7 1356 284315
7 1357 612642
7 1358 282979
7 1359 229028
7 1360 604414
7 1361 230178
7 1362 496170
7 1363 605524
7 1364 505324
7 1365 230093
7 1366 604574
7 1367 229209
7 1368 278134
7 1369 506385
7 1370 283676
7 1371 424958
7 1372 507115
7 1373 425197
7 1374 277519
7 1375 507427
7 1376 282983
7 1377 229145
7 1378 505730
7 1379 229195
7 1380 283031
7 1381 424591
7 1382 281626
7 1383 230228
7 1384 421377
7 1385 227454
7 1386 502567
7 1387 426464
7 1388 503761
7 1389 230089
7 1390 424475
7 1391 229777
7 1392 281819
7 1393 612157
7 1394 281893
7 1395 425105
7 1396 608758
7 1397 418682
7 1398 283252
7 1399 612256
7 1400 281821
7 1401 230261
7 1402 607202
7 1403 230121
7 1404 283150
7 1405 427479
7 1406 281763
7 1407 229328
7 1408 426053
7 1409 229787
7 1410 596761
7 1411 415461
7 1412 600404
7 1413 227470
7 1414 423858
7 1415 227471
7 1416 484824
7 1417 598746
7 1418 484966
7 1419 413037
7 1420 598589
7 1421 412953
7 1422 488587
7 1423 602915
7 1424 497637
7 1425 227514
7 1426 603725
7 1427 229069
7 1428 496439
7 1429 425169
7 1430 496881
7 1431 229082
7 1432 423823
7 1433 227471
7 1434 596485
7 1435 415283
7 1436 600357
7 1437 227517
7 1438 423461
7 1439 227451
7 1440 40954
7 1441 40954
7 1442 40953
7 1443 67830
7 1444 41020
7 1445 67295
7 1446 40954
7 1447 40954
7 1448 41032
7 1449 165152
7 1450 41032
7 1451 165122
7 1452 41032
7 1453 67834
7 1454 40954
7 1455 165125
7 1456 67307
7 1457 165111
7 1458 40966
7 1459 67833
7 1460 41032
7 1461 165103
7 1462 67308
7 1463 164674
7 1464 41022
7 1465 41022
7 1466 41022
7 1467 68208
7 1468 41032
7 1469 68086
7 1470 41164
7 1471 41164
7 1472 41171
7 1473 85517
7 1474 41250
7 1475 85814
7 1476 41297
7 1477 68887
7 1478 41178
7 1479 85800
7 1480 68293
7 1481 85893
7 1482 41250
7 1483 68737
7 1484 41316
7 1485 85871
7 1486 68292
7 1487 85831
7 1488 41162
7 1489 41162
7 1490 41237
7 1491 166337
7 1492 41242
7 1493 166218
7 1494 41098
7 1495 41098
7 1496 41174
7 1497 85773
7 1498 41244
7 1499 85740
7 1500 41244
7 1501 166433
7 1502 41178
7 1503 85960
7 1504 165149
7 1505 85765
7 1506 41312
7 1507 167197
7 1508 41316
7 1509 85954
7 1510 165156
7 1511 85844
7 1512 41241
7 1513 68628
7 1514 41237
7 1515 167280
7 1516 68106
7 1517 167276
7 1518 41305
7 1519 68743
7 1520 41181
7 1521 85963
7 1522 68702
7 1523 85946
7 1524 41243
7 1525 166395
7 1526 41099
7 1527 85835
7 1528 165156
7 1529 85844
7 1530 67555
7 1531 166276
7 1532 68204
7 1533 85771
7 1534 165157
7 1535 85773
7 1536 41171
7 1537 68048
7 1538 41180
7 1539 166396
7 1540 68053
7 1541 165993
7 1542 41246
7 1543 68820
7 1544 41256
7 1545 85757
7 1546 68660
7 1547 85962
7 1548 41314
7 1549 167196
7 1550 41249
7 1551 85962
7 1552 165094
7 1553 85771
7 1554 67557
7 1555 166200
7 1556 68131
7 1557 85769
7 1558 165049
7 1559 85690
7 1560 40884
7 1561 40884
7 1562 40883
7 1563 67733
7 1564 40954
7 1565 67133
7 1566 40883
7 1567 40883
7 1568 41020
7 1569 165080
7 1570 41022
7 1571 164986
7 1572 41020
7 1573 67726
7 1574 40883
7 1575 164985
7 1576 67200
7 1577 164955
7 1578 40961
7 1579 67724
7 1580 41024
7 1581 164923
7 1582 67201
7 1583 163752
7 1584 41024
7 1585 41024
7 1586 41024
7 1587 68216
7 1588 41032
7 1589 68129
7 1590 41033
7 1591 41033
7 1592 41029
7 1593 43886
7 1594 41106
7 1595 43986
7 1596 41174
7 1597 68785
7 1598 41036
7 1599 43982
7 1600 68180
7 1601 44056
7 1602 41117
7 1603 68741
7 1604 41176
7 1605 44056
7 1606 68178
7 1607 43986
7 1608 41095
7 1609 41095
7 1610 41235
7 1611 166289
7 1612 41241
7 1613 166185
7 1614 41034
7 1615 41034
7 1616 41031
7 1617 43949
7 1618 41104
7 1619 43919
7 1620 41182
7 1621 166316
7 1622 41109
7 1623 44116
7 1624 165117
7 1625 44050
7 1626 41249
7 1627 167150
7 1628 41247
7 1629 44118
7 1630 165119
7 1631 44119
7 1632 41175
7 1633 68468
7 1634 41102
7 1635 167053
7 1636 68025
7 1637 167111
7 1638 41247
7 1639 68807
7 1640 41109
7 1641 44119
7 1642 68725
7 1643 44124
7 1644 41176
7 1645 166282
7 1646 41034
7 1647 43979
7 1648 165115
7 1649 44114
7 1650 67442
7 1651 166202
7 1652 68237
7 1653 44055
7 1654 165156
7 1655 44054
7 1656 41108
7 1657 67927
7 1658 41109
7 1659 166168
7 1660 67848
7 1661 164967
7 1662 41186
7 1663 68814
7 1664 41185
7 1665 44056
7 1666 68759
7 1667 44126
7 1668 41253
7 1669 167128
7 1670 41185
7 1671 44126
7 1672 165159
7 1673 44052
7 1674 67482
7 1675 166046
7 1676 68195
7 1677 44054
7 1678 164977
7 1679 43978
7 1680 40960
7 1681 40960
7 1682 40960
7 1683 68150
7 1684 40966
7 1685 68066
7 1686 41101
7 1687 41101
7 1688 41178
7 1689 85694
7 1690 41251
7 1691 85869
7 1692 41237
7 1693 68921
7 1694 41179
7 1695 85896
7 1696 68339
7 1697 85886
7 1698 41183
7 1699 68857
7 1700 41254
7 1701 85875
7 1702 68340
7 1703 85874
7 1704 40959
7 1705 40959
7 1706 40959
7 1707 68142
7 1708 40966
7 1709 68023
7 1710 41098
7 1711 41098
7 1712 41103
7 1713 44014
7 1714 41172
7 1715 44056
7 1716 41170
7 1717 68840
7 1718 41105
7 1719 44048
7 1720 68249
7 1721 44065
7 1722 41114
7 1723 68654
7 1724 41184
7 1725 44068
7 1726 68249
7 1727 44055
7 1728 40964
7 1729 40964
7 1730 41102
7 1731 85588
7 1732 41173
7 1733 85774
7 1734 40964
7 1735 40964
7 1736 41101
7 1737 44026
7 1738 41107
7 1739 44062
7 1740 40960
7 1741 84535
7 1742 40960
7 1743 43988
7 1744 84464
7 1745 43545
7 1746 41109
7 1747 85865
7 1748 41110
7 1749 44195
7 1750 85692
7 1751 43680
7 1752 41177
7 1753 68777
7 1754 41246
7 1755 86020
7 1756 68850
7 1757 86065
7 1758 41184
7 1759 68781
7 1760 41236
7 1761 44251
7 1762 68824
7 1763 44261
7 1764 41036
7 1765 85861
7 1766 41036
7 1767 44127
7 1768 85760
7 1769 43681
7 1770 68168
7 1771 85976
7 1772 68178
7 1773 44192
7 1774 85900
7 1775 43754
7 1776 41119
7 1777 68747
7 1778 41260
7 1779 86006
7 1780 68928
7 1781 86037
7 1782 41119
7 1783 68790
7 1784 41259
7 1785 44206
7 1786 68741
7 1787 44202
7 1788 41182
7 1789 85907
7 1790 41182
7 1791 44267
7 1792 85827
7 1793 43752
7 1794 68179
7 1795 86023
7 1796 68180
7 1797 44202
7 1798 85873
7 1799 43685
7 1800 41101
7 1801 41101
7 1802 41237
7 1803 166376
7 1804 41242
7 1805 166226
7 1806 41165
7 1807 41165
7 1808 41306
7 1809 85884
7 1810 41315
7 1811 85996
7 1812 41247
7 1813 167344
7 1814 41311
7 1815 86046
7 1816 166243
7 1817 85977
7 1818 41249
7 1819 167298
7 1820 41329
7 1821 86026
7 1822 166243
7 1823 85984
7 1824 41164
7 1825 41164
7 1826 41240
7 1827 166376
7 1828 41246
7 1829 166203
7 1830 41096
7 1831 41096
7 1832 41166
7 1833 44059
7 1834 41178
7 1835 44122
7 1836 41313
7 1837 167298
7 1838 41240
7 1839 44198
7 1840 166304
7 1841 44261
7 1842 41322
7 1843 167199
7 1844 41316
7 1845 44233
7 1846 166291
7 1847 44261
7 1848 41035
7 1849 41035
7 1850 41177
7 1851 85970
7 1852 41186
7 1853 85916
7 1854 41031
7 1855 41031
7 1856 41168
7 1857 44122
7 1858 41170
7 1859 44122
7 1860 41034
7 1861 85718
7 1862 41034
7 1863 44119
7 1864 85746
7 1865 43677
7 1866 41117
7 1867 85988
7 1868 41117
7 1869 44195
7 1870 85778
7 1871 43677
7 1872 41108
7 1873 166376
7 1874 41242
7 1875 86009
7 1876 166174
7 1877 85836
7 1878 41178
7 1879 166375
7 1880 41169
7 1881 44199
7 1882 166296
7 1883 44141
7 1884 41102
7 1885 85981
7 1886 41100
7 1887 44191
7 1888 85909
7 1889 43810
7 1890 164953
7 1891 85735
7 1892 164952
7 1893 44027
7 1894 85711
7 1895 43743
7 1896 41176
7 1897 167308
7 1898 41318
7 1899 86031
7 1900 167141
7 1901 86055
7 1902 41248
7 1903 167327
7 1904 41313
7 1905 44206
7 1906 167092
7 1907 44333
7 1908 41250
7 1909 85980
7 1910 41248
7 1911 44326
7 1912 85909
7 1913 43813
7 1914 165026
7 1915 85916
7 1916 165026
7 1917 44132
7 1918 85910
7 1919 43815
7 1920 41178
7 1921 68565
7 1922 41179
7 1923 167494
7 1924 68084
7 1925 167494
7 1926 41306
7 1927 68864
7 1928 41256
7 1929 86114
7 1930 68860
7 1931 86173
7 1932 41311
7 1933 167465
7 1934 41183
7 1935 86060
7 1936 167196
7 1937 86059
7 1938 68113
7 1939 167331
7 1940 68899
7 1941 85984
7 1942 167199
7 1943 86000
7 1944 41184
7 1945 68601
7 1946 41177
7 1947 167519
7 1948 68084
7 1949 167470
7 1950 41308
7 1951 68823
7 1952 41237
7 1953 44256
7 1954 68865
7 1955 44326
7 1956 41241
7 1957 167368
7 1958 41178
7 1959 44190
7 1960 167165
7 1961 44324
7 1962 68145
7 1963 167386
7 1964 68901
7 1965 44262
7 1966 167224
7 1967 44262
7 1968 41247
7 1969 68810
7 1970 41309
7 1971 86186
7 1972 68883
7 1973 86127
7 1974 41243
7 1975 68674
7 1976 41304
7 1977 44320
7 1978 68737
7 1979 44327
7 1980 41102
7 1981 86022
7 1982 41102
7 1983 44196
7 1984 86018
7 1985 43818
7 1986 68731
7 1987 86130
7 1988 68718
7 1989 44321
7 1990 85920
7 1991 43817
7 1992 41178
7 1993 166439
7 1994 41243
7 1995 86126
7 1996 166249
7 1997 86003
7 1998 41188
7 1999 166414
7 2000 41232
7 2001 44260
7 2002 166342
7 2003 44275
7 2004 41038
7 2005 85992
7 2006 41035
7 2007 44126
7 2008 85922
7 2009 43686
7 2010 165029
7 2011 85926
7 2012 165029
7 2013 44135
7 2014 85917
7 2015 43815
7 2016 67442
7 2017 166292
7 2018 68302
7 2019 85927
7 2020 166274
7 2021 85935
7 2022 67494
7 2023 166313
7 2024 68338
7 2025 44134
7 2026 166172
7 2027 44195
7 2028 68240
7 2029 85994
7 2030 68138
7 2031 44260
7 2032 85854
7 2033 43751
7 2034 165092
7 2035 85933
7 2036 165092
7 2037 44136
7 2038 85858
7 2039 43750
7 2040 41108
7 2041 67982
7 2042 41114
7 2043 166481
7 2044 67989
7 2045 166148
7 2046 41245
7 2047 68867
7 2048 41265
7 2049 85907
7 2050 68788
7 2051 86058
7 2052 41318
7 2053 167398
7 2054 41252
7 2055 86052
7 2056 166235
7 2057 85930
7 2058 68156
7 2059 167087
7 2060 68747
7 2061 85922
7 2062 166185
7 2063 85850
7 2064 41110
7 2065 67986
7 2066 41112
7 2067 166481
7 2068 67980
7 2069 166088
7 2070 41248
7 2071 68944
7 2072 41253
7 2073 44132
7 2074 68865
7 2075 44206
7 2076 41313
7 2077 167367
7 2078 41255
7 2079 44196
7 2080 166336
7 2081 44197
7 2082 68026
7 2083 166080
7 2084 68828
7 2085 44198
7 2086 166160
7 2087 44125
7 2088 41186
7 2089 68855
7 2090 41318
7 2091 86101
7 2092 68954
7 2093 86108
7 2094 41182
7 2095 68754
7 2096 41318
7 2097 44264
7 2098 68847
7 2099 44270
7 2100 41185
7 2101 85902
7 2102 41185
7 2103 44269
7 2104 85757
7 2105 43749
7 2106 68767
7 2107 86138
7 2108 68754
7 2109 44326
7 2110 85996
7 2111 43821
7 2112 41247
7 2113 167454
7 2114 41324
7 2115 86177
7 2116 167171
7 2117 86056
7 2118 41259
7 2119 167382
7 2120 41316
7 2121 44333
7 2122 167180
7 2123 44330
7 2124 41185
7 2125 86115
7 2126 41182
7 2127 44273
7 2128 86043
7 2129 43823
7 2130 165082
7 2131 85927
7 2132 165082
7 2133 44132
7 2134 85852
7 2135 43748
7 2136 67485
7 2137 166317
7 2138 68306
7 2139 85938
7 2140 166228
7 2141 85932
7 2142 67497
7 2143 166309
7 2144 68376
7 2145 44145
7 2146 166095
7 2147 44197
7 2148 68205
7 2149 85995
7 2150 68067
7 2151 44258
7 2152 85857
7 2153 43750
7 2154 165021
7 2155 85896
7 2156 164998
7 2157 44128
7 2158 85758
7 2159 43678
7 2160 40961
7 2161 40961
7 2162 40961
7 2163 68155
7 2164 40966
7 2165 68070
7 2166 41160
7 2167 41160
7 2168 41185
7 2169 181022
7 2170 41250
7 2171 181091
7 2172 41237
7 2173 68838
7 2174 41173
7 2175 181091
7 2176 68249
7 2177 181074
7 2178 41178
7 2179 68811
7 2180 41250
7 2181 181072
7 2182 68251
7 2183 180898
7 2184 41024
7 2185 41024
7 2186 41024
7 2187 68221
7 2188 41032
7 2189 68133
7 2190 41230
7 2191 41230
7 2192 41243
7 2193 85662
7 2194 41316
7 2195 85894
7 2196 41301
7 2197 68986
7 2198 41247
7 2199 85895
7 2200 68394
7 2201 85917
7 2202 41250
7 2203 68875
7 2204 41324
7 2205 85911
7 2206 68398
7 2207 85876
7 2208 41104
7 2209 41104
7 2210 41241
7 2211 181956
7 2212 41312
7 2213 181954
7 2214 41163
7 2215 41163
7 2216 41308
7 2217 85907
7 2218 41316
7 2219 85973
7 2220 41180
7 2221 182051
7 2222 41187
7 2223 86001
7 2224 181559
7 2225 84826
7 2226 41259
7 2227 182427
7 2228 41264
7 2229 86077
7 2230 181661
7 2231 84850
7 2232 41180
7 2233 68882
7 2234 41311
7 2235 182386
7 2236 68845
7 2237 182395
7 2238 41252
7 2239 68848
7 2240 41308
7 2241 86040
7 2242 68917
7 2243 85982
7 2244 41182
7 2245 182111
7 2246 41179
7 2247 85972
7 2248 181661
7 2249 84848
7 2250 68247
7 2251 182240
7 2252 68259
7 2253 85868
7 2254 181714
7 2255 84840
7 2256 41178
7 2257 68780
7 2258 41319
7 2259 182129
7 2260 68913
7 2261 182000
7 2262 41190
7 2263 68826
7 2264 41330
7 2265 85951
7 2266 68911
7 2267 86088
7 2268 41260
7 2269 182472
7 2270 41260
7 2271 86074
7 2272 181710
7 2273 84843
7 2274 68251
7 2275 182229
7 2276 68253
7 2277 85875
7 2278 181554
7 2279 84791
7 2280 41024
7 2281 41024
7 2282 41024
7 2283 68190
7 2284 41032
7 2285 68040
7 2286 41095
7 2287 41095
7 2288 41175
7 2289 180976
7 2290 41239
7 2291 181042
7 2292 41235
7 2293 68737
7 2294 41102
7 2295 181041
7 2296 68144
7 2297 181060
7 2298 41181
7 2299 68714
7 2300 41239
7 2301 181058
7 2302 68144
7 2303 180658
7 2304 40957
7 2305 40957
7 2306 40957
7 2307 68136
7 2308 40965
7 2309 68018
7 2310 41098
7 2311 41098
7 2312 41101
7 2313 44010
7 2314 41172
7 2315 44056
7 2316 41173
7 2317 68844
7 2318 41105
7 2319 44054
7 2320 68254
7 2321 44068
7 2322 41114
7 2323 68698
7 2324 41184
7 2325 44065
7 2326 68254
7 2327 44055
7 2328 41166
7 2329 41166
7 2330 41309
7 2331 182044
7 2332 41321
7 2333 182044
7 2334 41096
7 2335 41096
7 2336 41166
7 2337 44115
7 2338 41176
7 2339 44118
7 2340 41248
7 2341 182137
7 2342 41238
7 2343 44256
7 2344 181786
7 2345 44130
7 2346 41321
7 2347 182519
7 2348 41322
7 2349 44323
7 2350 181855
7 2351 44143
7 2352 41309
7 2353 68848
7 2354 41246
7 2355 182392
7 2356 68859
7 2357 182439
7 2358 41306
7 2359 68815
7 2360 41239
7 2361 44254
7 2362 68814
7 2363 44263
7 2364 41245
7 2365 182166
7 2366 41173
7 2367 44191
7 2368 181852
7 2369 44134
7 2370 68265
7 2371 182228
7 2372 68338
7 2373 44233
7 2374 181975
7 2375 44139
7 2376 41252
7 2377 68827
7 2378 41315
7 2379 182125
7 2380 68777
7 2381 181695
7 2382 41252
7 2383 68865
7 2384 41324
7 2385 44232
7 2386 68815
7 2387 44266
7 2388 41329
7 2389 182636
7 2390 41318
7 2391 44330
7 2392 181974
7 2393 44142
7 2394 68305
7 2395 182141
7 2396 68262
7 2397 44237
7 2398 181712
7 2399 44067
7 2400 40959
7 2401 40959
7 2402 40959
7 2403 68181
7 2404 40966
7 2405 68159
7 2406 41164
7 2407 41164
7 2408 41184
7 2409 85839
7 2410 41252
7 2411 85899
7 2412 41240
7 2413 68940
7 2414 41177
7 2415 85888
7 2416 68344
7 2417 85893
7 2418 41183
7 2419 68905
7 2420 41257
7 2421 85896
7 2422 68343
7 2423 85847
7 2424 40884
7 2425 40884
7 2426 40883
7 2427 67733
7 2428 40954
7 2429 67133
7 2430 41031
7 2431 41031
7 2432 41034
7 2433 43974
7 2434 41104
7 2435 43986
7 2436 41096
7 2437 68470
7 2438 41034
7 2439 43977
7 2440 67990
7 2441 44055
7 2442 41101
7 2443 67806
7 2444 41173
7 2445 44055
7 2446 67987
7 2447 43981
7 2448 41035
7 2449 41035
7 2450 41174
7 2451 85966
7 2452 41186
7 2453 85989
7 2454 41033
7 2455 41033
7 2456 41168
7 2457 44121
7 2458 41170
7 2459 44125
7 2460 41036
7 2461 85753
7 2462 41036
7 2463 44121
7 2464 85683
7 2465 43674
7 2466 41117
7 2467 86061
7 2468 41117
7 2469 44202
7 2470 85913
7 2471 43687
7 2472 41179
7 2473 68791
7 2474 41243
7 2475 86033
7 2476 68858
7 2477 86111
7 2478 41178
7 2479 68674
7 2480 41171
7 2481 44184
7 2482 68573
7 2483 44259
7 2484 41037
7 2485 85855
7 2486 41037
7 2487 44123
7 2488 85783
7 2489 43677
7 2490 68176
7 2491 86047
7 2492 68161
7 2493 44194
7 2494 85959
7 2495 43756
7 2496 41119
7 2497 68795
7 2498 41263
7 2499 86049
7 2500 68930
7 2501 86007
7 2502 41117
7 2503 68603
7 2504 41247
7 2505 44196
7 2506 67907
7 2507 44130
7 2508 41186
7 2509 86090
7 2510 41186
7 2511 44271
7 2512 85958
7 2513 43756
7 2514 68182
7 2515 86013
7 2516 68158
7 2517 44193
7 2518 85860
7 2519 43685
7 2520 40964
7 2521 40964
7 2522 41177
7 2523 181057
7 2524 41184
7 2525 181055
7 2526 41035
7 2527 41035
7 2528 41247
7 2529 85876
7 2530 41249
7 2531 85892
7 2532 41108
7 2533 181285
7 2534 41178
7 2535 85805
7 2536 181464
7 2537 84829
7 2538 41182
7 2539 181922
7 2540 41193
7 2541 86005
7 2542 181462
7 2543 84843
7 2544 41035
7 2545 41035
7 2546 41179
7 2547 181065
7 2548 41187
7 2549 181063
7 2550 40961
7 2551 40961
7 2552 41104
7 2553 44057
7 2554 41106
7 2555 44061
7 2556 41243
7 2557 182092
7 2558 41169
7 2559 44191
7 2560 181861
7 2561 44141
7 2562 41257
7 2563 182101
7 2564 41250
7 2565 44264
7 2566 181860
7 2567 44144
7 2568 40966
7 2569 40966
7 2570 41178
7 2571 85905
7 2572 41180
7 2573 85907
7 2574 40959
7 2575 40959
7 2576 41103
7 2577 44059
7 2578 41103
7 2579 44060
7 2580 41101
7 2581 85852
7 2582 41101
7 2583 44188
7 2584 85889
7 2585 43752
7 2586 41117
7 2587 86004
7 2588 41117
7 2589 44198
7 2590 85960
7 2591 43756
7 2592 40960
7 2593 180939
7 2594 41031
7 2595 85718
7 2596 180699
7 2597 84618
7 2598 41031
7 2599 181070
7 2600 40961
7 2601 44055
7 2602 181738
7 2603 44056
7 2604 40962
7 2605 85718
7 2606 40960
7 2607 44055
7 2608 85725
7 2609 43747
7 2610 179594
7 2611 84464
7 2612 180407
7 2613 43544
7 2614 84464
7 2615 43545
7 2616 41105
7 2617 181426
7 2618 41117
7 2619 85929
7 2620 181561
7 2621 84904
7 2622 41117
7 2623 181485
7 2624 41112
7 2625 44201
7 2626 182047
7 2627 44206
7 2628 41112
7 2629 85930
7 2630 41110
7 2631 44208
7 2632 85990
7 2633 43885
7 2634 180115
7 2635 84678
7 2636 180411
7 2637 43625
7 2638 84678
7 2639 43625
7 2640 41102
7 2641 68689
7 2642 41246
7 2643 181884
7 2644 68767
7 2645 181868
7 2646 41177
7 2647 68740
7 2648 41309
7 2649 85899
7 2650 68877
7 2651 86099
7 2652 41242
7 2653 182301
7 2654 41243
7 2655 86032
7 2656 182151
7 2657 84970
7 2658 68692
7 2659 182391
7 2660 68771
7 2661 85799
7 2662 182272
7 2663 84973
7 2664 41174
7 2665 68734
7 2666 41243
7 2667 181887
7 2668 68766
7 2669 181869
7 2670 41174
7 2671 68647
7 2672 41172
7 2673 44191
7 2674 68718
7 2675 44266
7 2676 41243
7 2677 182408
7 2678 41235
7 2679 44259
7 2680 182476
7 2681 44267
7 2682 68820
7 2683 182493
7 2684 68815
7 2685 44261
7 2686 182633
7 2687 44269
7 2688 41178
7 2689 68745
7 2690 41305
7 2691 86097
7 2692 68888
7 2693 86043
7 2694 41171
7 2695 68546
7 2696 41238
7 2697 44254
7 2698 68615
7 2699 44269
7 2700 41100
7 2701 85913
7 2702 41098
7 2703 44186
7 2704 85911
7 2705 43813
7 2706 68804
7 2707 86126
7 2708 68725
7 2709 44323
7 2710 85977
7 2711 43882
7 2712 41031
7 2713 181082
7 2714 41044
7 2715 85871
7 2716 181319
7 2717 84832
7 2718 41044
7 2719 181108
7 2720 41032
7 2721 44129
7 2722 181742
7 2723 44139
7 2724 41032
7 2725 85863
7 2726 41027
7 2727 44125
7 2728 85931
7 2729 43819
7 2730 180178
7 2731 84674
7 2732 180410
7 2733 43623
7 2734 84674
7 2735 43623
7 2736 68005
7 2737 181411
7 2738 68084
7 2739 85647
7 2740 181758
7 2741 84894
7 2742 68081
7 2743 181460
7 2744 68116
7 2745 44113
7 2746 182167
7 2747 44194
7 2748 68131
7 2749 85643
7 2750 68018
7 2751 44186
7 2752 85719
7 2753 43810
7 2754 180633
7 2755 84742
7 2756 180838
7 2757 43690
7 2758 84742
7 2759 43690
7 2760 41104
7 2761 68657
7 2762 41251
7 2763 181459
7 2764 68841
7 2765 181361
7 2766 41117
7 2767 68708
7 2768 41324
7 2769 85879
7 2770 68905
7 2771 86020
7 2772 41260
7 2773 182353
7 2774 41259
7 2775 86072
7 2776 181926
7 2777 84917
7 2778 68837
7 2779 182279
7 2780 68842
7 2781 85937
7 2782 181841
7 2783 84871
7 2784 41117
7 2785 68702
7 2786 41250
7 2787 181459
7 2788 68829
7 2789 181359
7 2790 41117
7 2791 68772
7 2792 41254
7 2793 44191
7 2794 68827
7 2795 44206
7 2796 41316
7 2797 182565
7 2798 41316
7 2799 44324
7 2800 182286
7 2801 44214
7 2802 68777
7 2803 182016
7 2804 68852
7 2805 44331
7 2806 182060
7 2807 44146
7 2808 41117
7 2809 68792
7 2810 41322
7 2811 86049
7 2812 68993
7 2813 86048
7 2814 41110
7 2815 68553
7 2816 41255
7 2817 44205
7 2818 68648
7 2819 44196
7 2820 41247
7 2821 85990
7 2822 41245
7 2823 44328
7 2824 85946
7 2825 43880
7 2826 68796
7 2827 86104
7 2828 68650
7 2829 44257
7 2830 86022
7 2831 43825
7 2832 41173
7 2833 181918
7 2834 41184
7 2835 85999
7 2836 181913
7 2837 84959
7 2838 41184
7 2839 181943
7 2840 41176
7 2841 44268
7 2842 182475
7 2843 44267
7 2844 41176
7 2845 85989
7 2846 41169
7 2847 44267
7 2848 86052
7 2849 43951
7 2850 180568
7 2851 84743
7 2852 180838
7 2853 43690
7 2854 84743
7 2855 43690
7 2856 68077
7 2857 181442
7 2858 68091
7 2859 85787
7 2860 181726
7 2861 84903
7 2862 68092
7 2863 181457
7 2864 68158
7 2865 44189
7 2866 182103
7 2867 44199
7 2868 68168
7 2869 85782
7 2870 68019
7 2871 44200
7 2872 85851
7 2873 43877
7 2874 180245
7 2875 84687
7 2876 180411
7 2877 43627
7 2878 84687
7 2879 43627
7 2880 40961
7 2881 40961
7 2882 41167
7 2883 166358
7 2884 41171
7 2885 166215
7 2886 41033
7 2887 41033
7 2888 41243
7 2889 181294
7 2890 41246
7 2891 181392
7 2892 41181
7 2893 167347
7 2894 41183
7 2895 181765
7 2896 165293
7 2897 180807
7 2898 41178
7 2899 167278
7 2900 41190
7 2901 181738
7 2902 165295
7 2903 180813
7 2904 41031
7 2905 41031
7 2906 41170
7 2907 166411
7 2908 41180
7 2909 166131
7 2910 41102
7 2911 41102
7 2912 41249
7 2913 85829
7 2914 41256
7 2915 85940
7 2916 41310
7 2917 167538
7 2918 41312
7 2919 86041
7 2920 166430
7 2921 85924
7 2922 41319
7 2923 167177
7 2924 41330
7 2925 86052
7 2926 166413
7 2927 85919
7 2928 41100
7 2929 41100
7 2930 41308
7 2931 182083
7 2932 41314
7 2933 182083
7 2934 41032
7 2935 41032
7 2936 41249
7 2937 85944
7 2938 41249
7 2939 85949
7 2940 41250
7 2941 182355
7 2942 41246
7 2943 86068
7 2944 181862
7 2945 84901
7 2946 41260
7 2947 182504
7 2948 41260
7 2949 86073
7 2950 181928
7 2951 84919
7 2952 41105
7 2953 167346
7 2954 41178
7 2955 182316
7 2956 166215
7 2957 181604
7 2958 41181
7 2959 167337
7 2960 41178
7 2961 85987
7 2962 167153
7 2963 85855
7 2964 41182
7 2965 182470
7 2966 41170
7 2967 86004
7 2968 182251
7 2969 84962
7 2970 165035
7 2971 181311
7 2972 165036
7 2973 84706
7 2974 181333
7 2975 84714
7 2976 41106
7 2977 167369
7 2978 41181
7 2979 182361
7 2980 166336
7 2981 181829
7 2982 41181
7 2983 167372
7 2984 41195
7 2985 85887
7 2986 167109
7 2987 85949
7 2988 41195
7 2989 182561
7 2990 41186
7 2991 86011
7 2992 182238
7 2993 84958
7 2994 165043
7 2995 181321
7 2996 165032
7 2997 84714
7 2998 181395
7 2999 84708
7 3000 41033
7 3001 41033
7 3002 41174
7 3003 166452
7 3004 41180
7 3005 166254
7 3006 41034
7 3007 41034
7 3008 41247
7 3009 181381
7 3010 41251
7 3011 181445
7 3012 41182
7 3013 167302
7 3014 41176
7 3015 181770
7 3016 165247
7 3017 180803
7 3018 41183
7 3019 167268
7 3020 41187
7 3021 181745
7 3022 165246
7 3023 180805
7 3024 41098
7 3025 41098
7 3026 41173
7 3027 166382
7 3028 41180
7 3029 166130
7 3030 40965
7 3031 40965
7 3032 41102
7 3033 44054
7 3034 41110
7 3035 44062
7 3036 41256
7 3037 167440
7 3038 41237
7 3039 44253
7 3040 166374
7 3041 44204
7 3042 41260
7 3043 167257
7 3044 41259
7 3045 44264
7 3046 166360
7 3047 44196
7 3048 41096
7 3049 41096
7 3050 41306
7 3051 182047
7 3052 41313
7 3053 182044
7 3054 41097
7 3055 41097
7 3056 41172
7 3057 44122
7 3058 41179
7 3059 44124
7 3060 41309
7 3061 182311
7 3062 41304
7 3063 44326
7 3064 182002
7 3065 44206
7 3066 41321
7 3067 182497
7 3068 41324
7 3069 44329
7 3070 182104
7 3071 44212
7 3072 41248
7 3073 167425
7 3074 41245
7 3075 182373
7 3076 166242
7 3077 181732
7 3078 41309
7 3079 167453
7 3080 41172
7 3081 44200
7 3082 167285
7 3083 44260
7 3084 41305
7 3085 182537
7 3086 41238
7 3087 44261
7 3088 182434
7 3089 44273
7 3090 165208
7 3091 181558
7 3092 166106
7 3093 44139
7 3094 182263
7 3095 44146
7 3096 41252
7 3097 167510
7 3098 41254
7 3099 182451
7 3100 166250
7 3101 181841
7 3102 41316
7 3103 167532
7 3104 41252
7 3105 44203
7 3106 167328
7 3107 44329
7 3108 41326
7 3109 182693
7 3110 41265
7 3111 44275
7 3112 182523
7 3113 44270
7 3114 165233
7 3115 181567
7 3116 166056
7 3117 44140
7 3118 182322
7 3119 44139
7 3120 41098
7 3121 41098
7 3122 41170
7 3123 166353
7 3124 41180
7 3125 166003
7 3126 41096
7 3127 41096
7 3128 41308
7 3129 85886
7 3130 41312
7 3131 85970
7 3132 41313
7 3133 167530
7 3134 41241
7 3135 86021
7 3136 166388
7 3137 85916
7 3138 41318
7 3139 167201
7 3140 41323
7 3141 86028
7 3142 166314
7 3143 85844
7 3144 41031
7 3145 41031
7 3146 41096
7 3147 166074
7 3148 41169
7 3149 164998
7 3150 41094
7 3151 41094
7 3152 41170
7 3153 44092
7 3154 41178
7 3155 44126
7 3156 41180
7 3157 167231
7 3158 41178
7 3159 44193
7 3160 166208
7 3161 44196
7 3162 41251
7 3163 166066
7 3164 41260
7 3165 44263
7 3166 166094
7 3167 44126
7 3168 40961
7 3169 40961
7 3170 41174
7 3171 85896
7 3172 41178
7 3173 85910
7 3174 40960
7 3175 40960
7 3176 41101
7 3177 44057
7 3178 41101
7 3179 44058
7 3180 41101
7 3181 85859
7 3182 41101
7 3183 44190
7 3184 85831
7 3185 43750
7 3186 41115
7 3187 86009
7 3188 41117
7 3189 44201
7 3190 85968
7 3191 43756
7 3192 41243
7 3193 167393
7 3194 41243
7 3195 86055
7 3196 167207
7 3197 86053
7 3198 41245
7 3199 167365
7 3200 41232
7 3201 44264
7 3202 167227
7 3203 44333
7 3204 41100
7 3205 85982
7 3206 41096
7 3207 44190
7 3208 85925
7 3209 43817
7 3210 166098
7 3211 85995
7 3212 166095
7 3213 44202
7 3214 85986
7 3215 43881
7 3216 41250
7 3217 167294
7 3218 41319
7 3219 86086
7 3220 167174
7 3221 85995
7 3222 41253
7 3223 167202
7 3224 41318
7 3225 44304
7 3226 166118
7 3227 44267
7 3228 41248
7 3229 86021
7 3230 41245
7 3231 44328
7 3232 85957
7 3233 43884
7 3234 166090
7 3235 85993
7 3236 166079
7 3237 44199
7 3238 85926
7 3239 43818
7 3240 40964
7 3241 40964
7 3242 41184
7 3243 181061
7 3244 41184
7 3245 181061
7 3246 41031
7 3247 41031
7 3248 41243
7 3249 85879
7 3250 41243
7 3251 85888
7 3252 41178
7 3253 181845
7 3254 41188
7 3255 86002
7 3256 181562
7 3257 84854
7 3258 41185
7 3259 181995
7 3260 41192
7 3261 86012
7 3262 181529
7 3263 84842
7 3264 41033
7 3265 41033
7 3266 41178
7 3267 181019
7 3268 41185
7 3269 181018
7 3270 40960
7 3271 40960
7 3272 41103
7 3273 44059
7 3274 41106
7 3275 44060
7 3276 41245
7 3277 182009
7 3278 41234
7 3279 44260
7 3280 181773
7 3281 44149
7 3282 41256
7 3283 182055
7 3284 41251
7 3285 44269
7 3286 181771
7 3287 44142
7 3288 40959
7 3289 40959
7 3290 41171
7 3291 85860
7 3292 41174
7 3293 85854
7 3294 40884
7 3295 40884
7 3296 41027
7 3297 43984
7 3298 41028
7 3299 43984
7 3300 41038
7 3301 85892
7 3302 41036
7 3303 44125
7 3304 85867
7 3305 43685
7 3306 41109
7 3307 85949
7 3308 41104
7 3309 44126
7 3310 85868
7 3311 43685
7 3312 41031
7 3313 181079
7 3314 41044
7 3315 85867
7 3316 181254
7 3317 84826
7 3318 41044
7 3319 181104
7 3320 41032
7 3321 44129
7 3322 181736
7 3323 44136
7 3324 41032
7 3325 85867
7 3326 41029
7 3327 44127
7 3328 85932
7 3329 43819
7 3330 180210
7 3331 84681
7 3332 180411
7 3333 43625
7 3334 84681
7 3335 43625
7 3336 41108
7 3337 181464
7 3338 41117
7 3339 85934
7 3340 181625
7 3341 84900
7 3342 41117
7 3343 181478
7 3344 41114
7 3345 44203
7 3346 182006
7 3347 44203
7 3348 41114
7 3349 85933
7 3350 41108
7 3351 44202
7 3352 85932
7 3353 43822
7 3354 180210
7 3355 84682
7 3356 180411
7 3357 43626
7 3358 84682
7 3359 43626
7 3360 40960
7 3361 166253
7 3362 41036
7 3363 181316
7 3364 165294
7 3365 180795
7 3366 41034
7 3367 166338
7 3368 41102
7 3369 85841
7 3370 166323
7 3371 85792
7 3372 41102
7 3373 182003
7 3374 41038
7 3375 85866
7 3376 181902
7 3377 84899
7 3378 164978
7 3379 181020
7 3380 165020
7 3381 84636
7 3382 181223
7 3383 84690
7 3384 41036
7 3385 166346
7 3386 41037
7 3387 181369
7 3388 165294
7 3389 180758
7 3390 41101
7 3391 166322
7 3392 40961
7 3393 44057
7 3394 166301
7 3395 44194
7 3396 41100
7 3397 181970
7 3398 41098
7 3399 44133
7 3400 182112
7 3401 44212
7 3402 165214
7 3403 181327
7 3404 166013
7 3405 44064
7 3406 181922
7 3407 44137
7 3408 41101
7 3409 166371
7 3410 41100
7 3411 85910
7 3412 166378
7 3413 85816
7 3414 41038
7 3415 166169
7 3416 41098
7 3417 44133
7 3418 166192
7 3419 44200
7 3420 40957
7 3421 85788
7 3422 40959
7 3423 44055
7 3424 85868
7 3425 43755
7 3426 166133
7 3427 85888
7 3428 166091
7 3429 44197
7 3430 85728
7 3431 43812
7 3432 40962
7 3433 181060
7 3434 41032
7 3435 85800
7 3436 181410
7 3437 84832
7 3438 41032
7 3439 181150
7 3440 40961
7 3441 44060
7 3442 181854
7 3443 44139
7 3444 40962
7 3445 85798
7 3446 40955
7 3447 44053
7 3448 85871
7 3449 43754
7 3450 180568
7 3451 84740
7 3452 180838
7 3453 43690
7 3454 84740
7 3455 43690
7 3456 163752
7 3457 179978
7 3458 163752
7 3459 84477
7 3460 180628
7 3461 84531
7 3462 163796
7 3463 179977
7 3464 164628
7 3465 43544
7 3466 180630
7 3467 43924
7 3468 164630
7 3469 84475
7 3470 163752
7 3471 43924
7 3472 84434
7 3473 43544
7 3474 179594
7 3475 84464
7 3476 180407
7 3477 43544
7 3478 84464
7 3479 43545
7 3480 41028
7 3481 167182
7 3482 41106
7 3483 181633
7 3484 166329
7 3485 181219
7 3486 41101
7 3487 167252
7 3488 41179
7 3489 85800
7 3490 167144
7 3491 85863
7 3492 41178
7 3493 182337
7 3494 41110
7 3495 85922
7 3496 182226
7 3497 84952
7 3498 165954
7 3499 181500
7 3500 165940
7 3501 84778
7 3502 181681
7 3503 84768
7 3504 41103
7 3505 167276
7 3506 41106
7 3507 181721
7 3508 166329
7 3509 181215
7 3510 41170
7 3511 167394
7 3512 41103
7 3513 44123
7 3514 167300
7 3515 44261
7 3516 41178
7 3517 182378
7 3518 41180
7 3519 44204
7 3520 182366
7 3521 44270
7 3522 166048
7 3523 181737
7 3524 166924
7 3525 44198
7 3526 182450
7 3527 44202
7 3528 41170
7 3529 167360
7 3530 41176
7 3531 85945
7 3532 167343
7 3533 85910
7 3534 41107
7 3535 167054
7 3536 41178
7 3537 44202
7 3538 167044
7 3539 44262
7 3540 41104
7 3541 85819
7 3542 41105
7 3543 44198
7 3544 85826
7 3545 43819
7 3546 166870
7 3547 85926
7 3548 166790
7 3549 44199
7 3550 85861
7 3551 43879
7 3552 41104
7 3553 181891
7 3554 41172
7 3555 85924
7 3556 181974
7 3557 84945
7 3558 41172
7 3559 181980
7 3560 41105
7 3561 44202
7 3562 182521
7 3563 44262
7 3564 41106
7 3565 85924
7 3566 41097
7 3567 44195
7 3568 85986
7 3569 43885
7 3570 180535
7 3571 84736
7 3572 180838
7 3573 43688
7 3574 84736
7 3575 43688
7 3576 163814
7 3577 180095
7 3578 163770
7 3579 84556
7 3580 180818
7 3581 84556
7 3582 163814
7 3583 180091
7 3584 164696
7 3585 43615
7 3586 180822
7 3587 43936
7 3588 164696
7 3589 84556
7 3590 163814
7 3591 43936
7 3592 84544
7 3593 43615
7 3594 180079
7 3595 84544
7 3596 180834
7 3597 43614
7 3598 84544
7 3599 43615
7 3600 40957
7 3601 68367
7 3602 41029
7 3603 167248
7 3604 67990
7 3605 167281
7 3606 41030
7 3607 68452
7 3608 41105
7 3609 181205
7 3610 68520
7 3611 181725
7 3612 41107
7 3613 167369
7 3614 41034
7 3615 181348
7 3616 166347
7 3617 181211
7 3618 67932
7 3619 166408
7 3620 67947
7 3621 180714
7 3622 166290
7 3623 180726
7 3624 41030
7 3625 68454
7 3626 41031
7 3627 167339
7 3628 68007
7 3629 167326
7 3630 41167
7 3631 68840
7 3632 41106
7 3633 85732
7 3634 68908
7 3635 85903
7 3636 41170
7 3637 167558
7 3638 41174
7 3639 85969
7 3640 167370
7 3641 85966
7 3642 68143
7 3643 167426
7 3644 68896
7 3645 85846
7 3646 167429
7 3647 85915
7 3648 41164
7 3649 68838
7 3650 41170
7 3651 182399
7 3652 68903
7 3653 182441
7 3654 41035
7 3655 68461
7 3656 41176
7 3657 85960
7 3658 68600
7 3659 86003
7 3660 41108
7 3661 182088
7 3662 41107
7 3663 85944
7 3664 181880
7 3665 84906
7 3666 68839
7 3667 182503
7 3668 68747
7 3669 85926
7 3670 182236
7 3671 84964
7 3672 41104
7 3673 167341
7 3674 41170
7 3675 182229
7 3676 166344
7 3677 181823
7 3678 41172
7 3679 167263
7 3680 41105
7 3681 85952
7 3682 167235
7 3683 85950
7 3684 41107
7 3685 182115
7 3686 41028
7 3687 85860
7 3688 181884
7 3689 84910
7 3690 165956
7 3691 181662
7 3692 165940
7 3693 84778
7 3694 181688
7 3695 84768
7 3696 67811
7 3697 166080
7 3698 67927
7 3699 181252
7 3700 166088
7 3701 181060
7 3702 67935
7 3703 166168
7 3704 68683
7 3705 84624
7 3706 166136
7 3707 85668
7 3708 68687
7 3709 181488
7 3710 67935
7 3711 85666
7 3712 181176
7 3713 84693
7 3714 165896
7 3715 181448
7 3716 165868
7 3717 84674
7 3718 181206
7 3719 84684
7 3720 41029
7 3721 68459
7 3722 41036
7 3723 167348
7 3724 68002
7 3725 167349
7 3726 41031
7 3727 68453
7 3728 41109
7 3729 181294
7 3730 68524
7 3731 181746
7 3732 41109
7 3733 167375
7 3734 41034
7 3735 181353
7 3736 166345
7 3737 181209
7 3738 67933
7 3739 166414
7 3740 67934
7 3741 180720
7 3742 166286
7 3743 180724
7 3744 41101
7 3745 68536
7 3746 41105
7 3747 167480
7 3748 68020
7 3749 167441
7 3750 41102
7 3751 68719
7 3752 40961
7 3753 44052
7 3754 68782
7 3755 44194
7 3756 41237
7 3757 167485
7 3758 41104
7 3759 44131
7 3760 167356
7 3761 44264
7 3762 68100
7 3763 167543
7 3764 68917
7 3765 44197
7 3766 167465
7 3767 44205
7 3768 41166
7 3769 68844
7 3770 41239
7 3771 182440
7 3772 68912
7 3773 182493
7 3774 41172
7 3775 68853
7 3776 41101
7 3777 44128
7 3778 68855
7 3779 44202
7 3780 41172
7 3781 181984
7 3782 41168
7 3783 44200
7 3784 182016
7 3785 44214
7 3786 68907
7 3787 182642
7 3788 68948
7 3789 44299
7 3790 182478
7 3791 44273
7 3792 41238
7 3793 167392
7 3794 41173
7 3795 182279
7 3796 166344
7 3797 181857
7 3798 41304
7 3799 167464
7 3800 41168
7 3801 44198
7 3802 167368
7 3803 44330
7 3804 41238
7 3805 182290
7 3806 41107
7 3807 44130
7 3808 182239
7 3809 44214
7 3810 166141
7 3811 181915
7 3812 167022
7 3813 44209
7 3814 182635
7 3815 44205
7 3816 68004
7 3817 166368
7 3818 68007
7 3819 181345
7 3820 166266
7 3821 181295
7 3822 68148
7 3823 167258
7 3824 68837
7 3825 44061
7 3826 167087
7 3827 44194
7 3828 68893
7 3829 182315
7 3830 68915
7 3831 44197
7 3832 182037
7 3833 44136
7 3834 166140
7 3835 181794
7 3836 166952
7 3837 44140
7 3838 182208
7 3839 44133
7 3840 41103
7 3841 68530
7 3842 41105
7 3843 167481
7 3844 68020
7 3845 167428
7 3846 41166
7 3847 68766
7 3848 41237
7 3849 85946
7 3850 68854
7 3851 86015
7 3852 41240
7 3853 167582
7 3854 41178
7 3855 85966
7 3856 167439
7 3857 85986
7 3858 68154
7 3859 167560
7 3860 68816
7 3861 85899
7 3862 167438
7 3863 85905
7 3864 41034
7 3865 68374
7 3866 41034
7 3867 167249
7 3868 67878
7 3869 167155
7 3870 41170
7 3871 68767
7 3872 41104
7 3873 44129
7 3874 68813
7 3875 44206
7 3876 41178
7 3877 167476
7 3878 41106
7 3879 44129
7 3880 167342
7 3881 44266
7 3882 67961
7 3883 167299
7 3884 68836
7 3885 44200
7 3886 167364
7 3887 44198
7 3888 41104
7 3889 68621
7 3890 41172
7 3891 85962
7 3892 68808
7 3893 85957
7 3894 41103
7 3895 68612
7 3896 41168
7 3897 44192
7 3898 68639
7 3899 44203
7 3900 40961
7 3901 85686
7 3902 40961
7 3903 44059
7 3904 85765
7 3905 43753
7 3906 68730
7 3907 86046
7 3908 68762
7 3909 44269
7 3910 85957
7 3911 43884
7 3912 41169
7 3913 167307
7 3914 41235
7 3915 86073
7 3916 167323
7 3917 86045
7 3918 41234
7 3919 167267
7 3920 41160
7 3921 44192
7 3922 167255
7 3923 44328
7 3924 41098
7 3925 86046
7 3926 41097
7 3927 44191
7 3928 86052
7 3929 43823
7 3930 166979
7 3931 86048
7 3932 167000
7 3933 44263
7 3934 86042
7 3935 43947
7 3936 68079
7 3937 167354
7 3938 68817
7 3939 85979
7 3940 167379
7 3941 85986
7 3942 68073
7 3943 167270
7 3944 68855
7 3945 44205
7 3946 167086
7 3947 44260
7 3948 68789
7 3949 85870
7 3950 68659
7 3951 44320
7 3952 85821
7 3953 43815
7 3954 167026
7 3955 86039
7 3956 166999
7 3957 44258
7 3958 85971
7 3959 43881
7 3960 41101
7 3961 68660
7 3962 41236
7 3963 181901
7 3964 68774
7 3965 181754
7 3966 41168
7 3967 68729
7 3968 41304
7 3969 85964
7 3970 68868
7 3971 86036
7 3972 41169
7 3973 182197
7 3974 41232
7 3975 85954
7 3976 182272
7 3977 84970
7 3978 68769
7 3979 182527
7 3980 68780
7 3981 85930
7 3982 182257
7 3983 84923
7 3984 41168
7 3985 68639
7 3986 41171
7 3987 181859
7 3988 68675
7 3989 181518
7 3990 41101
7 3991 68575
7 3992 41168
7 3993 44162
7 3994 68652
7 3995 44202
7 3996 41232
7 3997 182444
7 3998 41160
7 3999 44192
7 4000 182559
7 4001 44271
7 4002 68776
7 4003 182249
7 4004 68810
7 4005 44302
7 4006 182539
7 4007 44206
7 4008 41103
7 4009 68712
7 4010 41238
7 4011 85996
7 4012 68855
7 4013 85987
7 4014 41027
7 4015 67726
7 4016 41104
7 4017 44124
7 4018 67801
7 4019 44129
7 4020 41098
7 4021 85973
7 4022 41096
7 4023 44186
7 4024 85982
7 4025 43819
7 4026 68704
7 4027 86073
7 4028 68481
7 4029 44198
7 4030 86017
7 4031 43825
7 4032 40961
7 4033 181053
7 4034 41032
7 4035 85791
7 4036 181342
7 4037 84826
7 4038 41032
7 4039 181152
7 4040 40956
7 4041 44055
7 4042 181859
7 4043 44135
7 4044 40961
7 4045 85787
7 4046 40956
7 4047 44054
7 4048 85863
7 4049 43752
7 4050 180532
7 4051 84742
7 4052 180838
7 4053 43690
7 4054 84742
7 4055 43690
7 4056 68605
7 4057 181814
7 4058 68620
7 4059 85846
7 4060 182072
7 4061 84920
7 4062 68610
7 4063 181830
7 4064 68672
7 4065 44253
7 4066 182223
7 4067 44199
7 4068 68700
7 4069 85841
7 4070 68430
7 4071 44257
7 4072 85849
7 4073 43879
7 4074 180499
7 4075 84735
7 4076 180838
7 4077 43688
7 4078 84735
7 4079 43688
7 4080 40960
7 4081 166264
7 4082 41036
7 4083 181301
7 4084 165304
7 4085 180816
7 4086 41034
7 4087 166317
7 4088 41102
7 4089 85843
7 4090 166305
7 4091 85809
7 4092 41100
7 4093 181935
7 4094 41035
7 4095 85860
7 4096 181811
7 4097 84899
7 4098 165040
7 4099 181191
7 4100 165030
7 4101 84711
7 4102 181378
7 4103 84711
7 4104 41036
7 4105 166358
7 4106 41037
7 4107 181354
7 4108 165304
7 4109 180807
7 4110 41101
7 4111 166366
7 4112 40961
7 4113 44058
7 4114 166344
7 4115 44201
7 4116 41096
7 4117 181899
7 4118 41097
7 4119 44129
7 4120 181994
7 4121 44208
7 4122 165228
7 4123 181434
7 4124 166101
7 4125 44135
7 4126 182144
7 4127 44147
7 4128 41101
7 4129 166341
7 4130 41098
7 4131 85905
7 4132 166356
7 4133 85851
7 4134 41036
7 4135 166042
7 4136 41096
7 4137 44130
7 4138 166068
7 4139 44199
7 4140 40959
7 4141 85787
7 4142 40958
7 4143 44054
7 4144 85869
7 4145 43754
7 4146 166092
7 4147 85928
7 4148 166003
7 4149 44199
7 4150 85861
7 4151 43877
7 4152 40960
7 4153 180980
7 4154 41027
7 4155 85785
7 4156 181288
7 4157 84827
7 4158 41029
7 4159 181029
7 4160 40956
7 4161 44053
7 4162 181655
7 4163 44132
7 4164 40955
7 4165 85728
7 4166 40884
7 4167 43981
7 4168 85768
7 4169 43682
7 4170 180178
7 4171 84685
7 4172 180411
7 4173 43627
7 4174 84685
7 4175 43627
7 4176 163814
7 4177 180095
7 4178 163770
7 4179 84556
7 4180 180818
7 4181 84556
7 4182 163814
7 4183 180091
7 4184 164696
7 4185 43615
7 4186 180822
7 4187 43936
7 4188 164696
7 4189 84556
7 4190 163814
7 4191 43936
7 4192 84544
7 4193 43615
7 4194 180079
7 4195 84544
7 4196 180834
7 4197 43614
7 4198 84544
7 4199 43615
7 4200 67133
7 4201 164968
7 4202 67253
7 4203 180219
7 4204 165026
7 4205 179989
7 4206 67255
7 4207 165017
7 4208 68076
7 4209 84472
7 4210 165035
7 4211 85508
7 4212 68077
7 4213 180894
7 4214 67266
7 4215 85504
7 4216 180783
7 4217 84611
7 4218 164959
7 4219 180921
7 4220 164869
7 4221 84590
7 4222 180784
7 4223 84540
7 4224 67260
7 4225 165060
7 4226 67260
7 4227 180306
7 4228 165026
7 4229 179989
7 4230 67407
7 4231 165960
7 4232 68088
7 4233 43544
7 4234 165862
7 4235 44039
7 4236 68157
7 4237 181241
7 4238 68198
7 4239 43957
7 4240 180943
7 4241 43998
7 4242 164980
7 4243 181003
7 4244 165832
7 4245 44050
7 4246 181572
7 4247 43990
7 4248 67405
7 4249 165965
7 4250 68114
7 4251 85460
7 4252 166067
7 4253 85579
7 4254 67257
7 4255 164999
7 4256 68156
7 4257 43960
7 4258 165083
7 4259 43988
7 4260 68005
7 4261 84566
7 4262 67959
7 4263 44049
7 4264 84427
7 4265 43544
7 4266 165830
7 4267 85632
7 4268 165770
7 4269 44020
7 4270 85578
7 4271 43736
7 4272 68003
7 4273 181191
7 4274 68072
7 4275 85565
7 4276 180899
7 4277 84632
7 4278 67988
7 4279 181083
7 4280 67960
7 4281 44076
7 4282 181693
7 4283 44046
7 4284 68089
7 4285 85542
7 4286 67162
7 4287 44043
7 4288 85576
7 4289 43736
7 4290 179556
7 4291 84461
7 4292 180407
7 4293 43543
7 4294 84461
7 4295 43544
7 4296 163752
7 4297 179978
7 4298 163752
7 4299 84477
7 4300 180628
7 4301 84531
7 4302 163796
7 4303 179977
7 4304 164628
7 4305 43544
7 4306 180630
7 4307 43924
7 4308 164630
7 4309 84475
7 4310 163752
7 4311 43924
7 4312 84434
7 4313 43544
7 4314 179594
7 4315 84464
7 4316 180407
7 4317 43544
7 4318 84464
7 4319 43545
7 4320 40884
7 4321 67658
7 4322 40956
7 4323 166074
7 4324 67765
7 4325 164999
7 4326 40958
7 4327 67742
7 4328 41097
7 4329 180215
7 4330 67837
7 4331 180825
7 4332 41096
7 4333 166067
7 4334 40961
7 4335 180834
7 4336 165096
7 4337 180300
7 4338 67817
7 4339 166068
7 4340 67847
7 4341 180259
7 4342 165098
7 4343 179981
7 4344 40956
7 4345 67744
7 4346 40956
7 4347 166166
7 4348 67774
7 4349 165021
7 4350 41097
7 4351 68643
7 4352 41107
7 4353 84468
7 4354 68666
7 4355 85683
7 4356 41160
7 4357 167174
7 4358 41168
7 4359 85627
7 4360 166175
7 4361 85691
7 4362 67972
7 4363 166113
7 4364 68689
7 4365 85709
7 4366 166141
7 4367 85726
7 4368 41096
7 4369 68639
7 4370 41160
7 4371 181857
7 4372 68700
7 4373 181638
7 4374 40961
7 4375 67750
7 4376 41168
7 4377 85657
7 4378 67917
7 4379 85685
7 4380 41106
7 4381 181507
7 4382 41104
7 4383 85787
7 4384 180841
7 4385 84618
7 4386 68609
7 4387 182034
7 4388 68510
7 4389 85713
7 4390 181492
7 4391 84816
7 4392 41104
7 4393 167111
7 4394 41168
7 4395 182155
7 4396 166145
7 4397 181592
7 4398 41168
7 4399 166143
7 4400 41101
7 4401 85795
7 4402 166114
7 4403 85733
7 4404 41104
7 4405 181949
7 4406 40961
7 4407 85739
7 4408 181492
7 4409 84814
7 4410 164967
7 4411 181092
7 4412 164958
7 4413 84594
7 4414 180877
7 4415 84618
7 4416 67810
7 4417 166072
7 4418 67927
7 4419 181201
7 4420 166004
7 4421 180961
7 4422 67926
7 4423 166087
7 4424 68601
7 4425 84585
7 4426 165862
7 4427 85658
7 4428 68603
7 4429 181318
7 4430 67847
7 4431 85652
7 4432 180793
7 4433 84619
7 4434 164970
7 4435 181070
7 4436 164873
7 4437 84594
7 4438 180793
7 4439 84536
7 4440 40955
7 4441 67751
7 4442 40961
7 4443 166170
7 4444 67780
7 4445 165067
7 4446 40959
7 4447 67744
7 4448 41098
7 4449 180298
7 4450 67847
7 4451 180840
7 4452 41098
7 4453 166109
7 4454 40961
7 4455 180842
7 4456 165096
7 4457 180300
7 4458 67822
7 4459 166072
7 4460 67847
7 4461 180263
7 4462 165098
7 4463 179981
7 4464 41027
7 4465 67909
7 4466 41032
7 4467 166400
7 4468 67917
7 4469 165964
7 4470 41035
7 4471 68717
7 4472 41028
7 4473 43544
7 4474 68686
7 4475 44050
7 4476 41232
7 4477 167302
7 4478 41107
7 4479 44041
7 4480 166270
7 4481 44111
7 4482 68081
7 4483 167022
7 4484 68796
7 4485 44120
7 4486 166264
7 4487 44054
7 4488 41098
7 4489 68732
7 4490 41235
7 4491 181905
7 4492 68835
7 4493 181954
7 4494 41102
7 4495 68782
7 4496 41105
7 4497 43988
7 4498 68726
7 4499 43993
7 4500 41178
7 4501 181450
7 4502 41174
7 4503 44127
7 4504 180956
7 4505 44002
7 4506 68753
7 4507 182338
7 4508 68820
7 4509 44128
7 4510 181734
7 4511 44135
7 4512 41238
7 4513 167140
7 4514 41172
7 4515 182241
7 4516 166226
7 4517 181715
7 4518 41304
7 4519 167232
7 4520 41176
7 4521 44179
7 4522 166954
7 4523 44177
7 4524 41237
7 4525 182156
7 4526 41106
7 4527 44053
7 4528 181841
7 4529 44130
7 4530 165120
7 4531 181440
7 4532 166034
7 4533 44061
7 4534 181889
7 4535 44060
7 4536 67996
7 4537 166285
7 4538 68000
7 4539 181291
7 4540 166006
7 4541 180973
7 4542 68146
7 4543 167183
7 4544 68836
7 4545 44060
7 4546 166887
7 4547 44186
7 4548 68822
7 4549 182235
7 4550 68842
7 4551 44187
7 4552 181727
7 4553 44063
7 4554 165205
7 4555 181373
7 4556 165912
7 4557 44064
7 4558 181781
7 4559 43991
7 4560 41029
7 4561 67905
7 4562 41032
7 4563 166408
7 4564 67917
7 4565 165965
7 4566 41096
7 4567 68692
7 4568 41238
7 4569 85573
7 4570 68734
7 4571 85849
7 4572 41232
7 4573 167387
7 4574 41172
7 4575 85786
7 4576 166375
7 4577 85824
7 4578 68108
7 4579 167167
7 4580 68739
7 4581 85814
7 4582 166344
7 4583 85756
7 4584 40960
7 4585 67747
7 4586 40961
7 4587 166138
7 4588 67775
7 4589 164999
7 4590 41100
7 4591 68734
7 4592 41107
7 4593 43957
7 4594 68730
7 4595 44061
7 4596 41169
7 4597 167241
7 4598 41108
7 4599 43991
7 4600 166259
7 4601 44120
7 4602 67959
7 4603 166126
7 4604 68756
7 4605 44123
7 4606 166148
7 4607 44049
7 4608 41037
7 4609 68622
7 4610 41173
7 4611 85637
7 4612 68872
7 4613 85835
7 4614 41036
7 4615 68578
7 4616 41170
7 4617 44086
7 4618 68675
7 4619 44124
7 4620 41034
7 4621 84571
7 4622 41034
7 4623 44059
7 4624 84427
7 4625 43544
7 4626 68646
7 4627 85920
7 4628 68679
7 4629 44247
7 4630 85752
7 4631 43751
7 4632 41171
7 4633 167323
7 4634 41239
7 4635 85846
7 4636 167291
7 4637 85887
7 4638 41236
7 4639 167292
7 4640 41170
7 4641 44127
7 4642 167126
7 4643 44195
7 4644 41109
7 4645 85804
7 4646 41105
7 4647 44189
7 4648 85705
7 4649 43741
7 4650 166023
7 4651 85799
7 4652 166041
7 4653 44093
7 4654 85771
7 4655 43806
7 4656 68031
7 4657 167146
7 4658 68811
7 4659 85933
7 4660 167060
7 4661 85907
7 4662 68068
7 4663 167106
7 4664 68810
7 4665 44191
7 4666 166041
7 4667 44187
7 4668 68786
7 4669 85856
7 4670 68655
7 4671 44312
7 4672 85781
7 4673 43811
7 4674 166143
7 4675 85941
7 4676 166114
7 4677 44191
7 4678 85814
7 4679 43751
7 4680 41036
7 4681 68621
7 4682 41234
7 4683 181430
7 4684 68829
7 4685 181325
7 4686 41101
7 4687 68690
7 4688 41304
7 4689 85730
7 4690 68893
7 4691 85920
7 4692 41178
7 4693 181560
7 4694 41237
7 4695 85812
7 4696 181728
7 4697 84876
7 4698 68766
7 4699 182268
7 4700 68836
7 4701 85784
7 4702 181849
7 4703 84852
7 4704 41101
7 4705 68597
7 4706 41169
7 4707 181393
7 4708 68697
7 4709 181093
7 4710 41034
7 4711 68574
7 4712 41172
7 4713 44085
7 4714 68712
7 4715 44129
7 4716 41240
7 4717 182365
7 4718 41170
7 4719 44179
7 4720 182083
7 4721 44192
7 4722 68770
7 4723 182132
7 4724 68762
7 4725 44222
7 4726 182130
7 4727 44134
7 4728 41036
7 4729 68715
7 4730 41238
7 4731 85896
7 4732 68923
7 4733 85834
7 4734 40960
7 4735 67696
7 4736 41104
7 4737 44050
7 4738 67840
7 4739 44051
7 4740 41109
7 4741 85721
7 4742 41107
7 4743 44186
7 4744 85745
7 4745 43745
7 4746 68767
7 4747 85930
7 4748 68546
7 4749 44186
7 4750 85773
7 4751 43748
7 4752 41034
7 4753 181356
7 4754 41105
7 4755 85776
7 4756 181020
7 4757 84684
7 4758 41105
7 4759 181488
7 4760 41031
7 4761 44122
7 4762 182099
7 4763 44122
7 4764 41036
7 4765 85774
7 4766 41029
7 4767 44124
7 4768 85778
7 4769 43810
7 4770 179553
7 4771 84461
7 4772 180407
7 4773 43543
7 4774 84461
7 4775 43544
7 4776 68528
7 4777 181728
7 4778 68607
7 4779 85698
7 4780 181944
7 4781 84903
7 4782 68596
7 4783 181783
7 4784 68557
7 4785 44173
7 4786 182161
7 4787 44187
7 4788 68653
7 4789 85694
7 4790 68387
7 4791 44240
7 4792 85707
7 4793 43805
7 4794 180499
7 4795 84728
7 4796 180838
7 4797 43686
7 4798 84728
7 4799 43686
7 4800 41027
7 4801 167169
7 4802 41103
7 4803 181619
7 4804 166311
7 4805 181195
7 4806 41101
7 4807 167100
7 4808 41172
7 4809 85797
7 4810 167026
7 4811 85840
7 4812 41170
7 4813 182219
7 4814 41102
7 4815 85904
7 4816 182128
7 4817 84940
7 4818 165884
7 4819 181319
7 4820 165918
7 4821 84697
7 4822 181518
7 4823 84745
7 4824 41103
7 4825 167212
7 4826 41104
7 4827 181704
7 4828 166240
7 4829 181157
7 4830 41168
7 4831 167168
7 4832 41035
7 4833 44117
7 4834 167182
7 4835 44249
7 4836 41166
7 4837 182223
7 4838 41167
7 4839 44191
7 4840 182305
7 4841 44263
7 4842 166032
7 4843 181626
7 4844 166824
7 4845 44123
7 4846 182217
7 4847 44191
7 4848 41168
7 4849 167052
7 4850 41166
7 4851 85878
7 4852 167162
7 4853 85799
7 4854 41101
7 4855 166046
7 4856 41164
7 4857 44162
7 4858 166111
7 4859 44192
7 4860 41031
7 4861 85715
7 4862 41030
7 4863 44123
7 4864 85787
7 4865 43813
7 4866 166835
7 4867 85875
7 4868 166755
7 4869 44190
7 4870 85717
7 4871 43807
7 4872 41034
7 4873 181404
7 4874 41101
7 4875 85840
7 4876 181614
7 4877 84875
7 4878 41103
7 4879 181457
7 4880 41030
7 4881 44126
7 4882 182088
7 4883 44195
7 4884 41029
7 4885 85784
7 4886 40957
7 4887 44054
7 4888 85820
7 4889 43755
7 4890 180501
7 4891 84728
7 4892 180838
7 4893 43686
7 4894 84728
7 4895 43686
7 4896 163752
7 4897 179976
7 4898 163752
7 4899 84477
7 4900 180626
7 4901 84531
7 4902 163796
7 4903 179975
7 4904 164628
7 4905 43543
7 4906 180628
7 4907 43924
7 4908 164630
7 4909 84475
7 4910 163752
7 4911 43924
7 4912 84433
7 4913 43543
7 4914 179591
7 4915 84463
7 4916 180406
7 4917 43543
7 4918 84463
7 4919 43544
7 4920 67133
7 4921 164968
7 4922 67253
7 4923 180219
7 4924 165026
7 4925 179989
7 4926 67255
7 4927 165017
7 4928 68076
7 4929 84472
7 4930 165035
7 4931 85508
7 4932 68077
7 4933 180894
7 4934 67266
7 4935 85504
7 4936 180783
7 4937 84611
7 4938 164959
7 4939 180921
7 4940 164869
7 4941 84590
7 4942 180784
7 4943 84540
7 4944 67260
7 4945 165060
7 4946 67260
7 4947 180306
7 4948 165026
7 4949 179989
7 4950 67407
7 4951 165960
7 4952 68088
7 4953 43544
7 4954 165862
7 4955 44039
7 4956 68157
7 4957 181241
7 4958 68198
7 4959 43957
7 4960 180943
7 4961 43998
7 4962 164980
7 4963 181003
7 4964 165832
7 4965 44050
7 4966 181572
7 4967 43990
7 4968 67405
7 4969 165965
7 4970 68114
7 4971 85460
7 4972 166067
7 4973 85579
7 4974 67257
7 4975 164999
7 4976 68156
7 4977 43960
7 4978 165083
7 4979 43988
7 4980 68005
7 4981 84566
7 4982 67959
7 4983 44049
7 4984 84427
7 4985 43544
7 4986 165830
7 4987 85632
7 4988 165770
7 4989 44020
7 4990 85578
7 4991 43736
7 4992 68003
7 4993 181191
7 4994 68072
7 4995 85565
7 4996 180899
7 4997 84632
7 4998 67988
7 4999 181083
7 5000 67960
7 5001 44076
7 5002 181693
7 5003 44046
7 5004 68089
7 5005 85542
7 5006 67162
7 5007 44043
7 5008 85576
7 5009 43736
7 5010 179556
7 5011 84461
7 5012 180407
7 5013 43543
7 5014 84461
7 5015 43544
7 5016 163752
7 5017 179978
7 5018 163752
7 5019 84477
7 5020 180628
7 5021 84531
7 5022 163796
7 5023 179977
7 5024 164628
7 5025 43544
7 5026 180630
7 5027 43924
7 5028 164630
7 5029 84475
7 5030 163752
7 5031 43924
7 5032 84434
7 5033 43544
7 5034 179594
7 5035 84464
7 5036 180407
7 5037 43544
7 5038 84464
7 5039 43545
