3 0 3628800
3 1 3628800
3 2 3628800
3 3 3628756
3 4 3626655
3 5 3628592
4 0 3594480
4 1 3620220
4 2 3594480
4 3 3628360
4 4 3620220
4 5 3628360
4 6 3433270
4 7 3522644
4 8 3500228
4 9 3551216
4 10 3537438
4 11 3568893
4 12 3128050
4 13 3491879
4 14 3080475
4 15 3468068
4 16 3457254
4 17 3453326
4 18 3312046
4 19 3491879
4 20 3318601
4 21 3446412
4 22 3457254
4 23 3453326
5 0 2685210
5 1 2910190
5 2 2681040
5 3 3346380
5 4 2924830
5 5 3291480
5 6 2685210
5 7 2910190
5 8 2716350
5 9 3379980
5 10 2924830
5 11 3389990
5 12 2716350
5 13 3346380
5 14 2685210
5 15 3389990
5 16 3291480
5 17 3379980
5 18 2910190
5 19 3346380
5 20 2924830
5 21 3375280
5 22 3291480
5 23 3379980
5 24 2269247
5 25 2594624
5 26 2267741
5 27 2846217
5 28 2600877
5 29 2802804
5 30 2365010
5 31 2746273
5 32 2431700
5 33 2589912
5 34 2737840
5 35 2680547
5 36 2425101
5 37 2938270
5 38 2453533
5 39 2665999
5 40 2871151
5 41 2694695
5 42 2651977
5 43 2949658
5 44 2755485
5 45 2705179
5 46 2914873
5 47 2723100
5 48 1454402
5 49 1617870
5 50 1464870
5 51 2505875
5 52 1636344
5 53 2480440
5 54 1438112
5 55 1573023
5 56 1466963
5 57 2058972
5 58 1597881
5 59 2060356
5 60 1456346
5 61 2497726
5 62 1455426
5 63 2069861
5 64 2433036
5 65 2005860
5 66 1622010
5 67 2501111
5 68 1616094
5 69 2062090
5 70 2444194
5 71 2036396
5 72 1457407
5 73 2209096
5 74 1466870
5 75 2524205
5 76 2177466
5 77 2516655
5 78 1466963
5 79 2176280
5 80 1453421
5 81 2065638
5 82 2173135
5 83 2058751
5 84 1455426
5 85 2499187
5 86 1438112
5 87 2059665
5 88 2444194
5 89 2036396
5 90 2123174
5 91 2467900
5 92 2124976
5 93 1998764
5 94 2433036
5 95 2005860
5 96 1573023
5 97 2170010
5 98 1590910
5 99 2492695
5 100 2172393
5 101 2474021
5 102 1591370
5 103 2174585
5 104 1618501
5 105 1995014
5 106 2159998
5 107 2053437
5 108 1620449
5 109 2488739
5 110 1586099
5 111 2053757
5 112 2431148
5 113 2003075
5 114 2123174
5 115 2467900
5 116 2124976
5 117 1998764
5 118 2433036
5 119 2005860
6 0 1010720
6 1 1010720
6 2 1010270
6 3 1456730
6 4 1019530
6 5 1425050
6 6 1010270
6 7 1010270
6 8 1025100
6 9 2116160
6 10 1025950
6 11 2108800
6 12 1025100
6 13 1455850
6 14 1010170
6 15 2108580
6 16 1431770
6 17 2106120
6 18 1020750
6 19 1455720
6 20 1026760
6 21 2103420
6 22 1431700
6 23 2067300
6 24 1010720
6 25 1010720
6 26 1010270
6 27 1456730
6 28 1019530
6 29 1425050
6 30 1019530
6 31 1019530
6 32 1020750
6 33 1776750
6 34 1033970
6 35 1798210
6 36 1025950
6 37 1486280
6 38 1026760
6 39 1802450
6 40 1462010
6 41 1822040
6 42 1033970
6 43 1458800
6 44 1041230
6 45 1816650
6 46 1467420
6 47 1808870
6 48 1019530
6 49 1019530
6 50 1025950
6 51 2138760
6 52 1034790
6 53 2108580
6 54 1010720
6 55 1010720
6 56 1026780
6 57 1805710
6 58 1027880
6 59 1805690
6 60 1020330
6 61 2140560
6 62 1019940
6 63 1816630
6 64 2067300
6 65 1776750
6 66 1027880
6 67 2134100
6 68 1033970
6 69 1813820
6 70 2072300
6 71 1797870
6 72 1020750
6 73 1483440
6 74 1026760
6 75 2164240
6 76 1459380
6 77 2161900
6 78 1026780
6 79 1456530
6 80 1019130
6 81 1813060
6 82 1459210
6 83 1810220
6 84 1019940
6 85 2136200
6 86 1010720
6 87 1803050
6 88 2072300
6 89 1797870
6 90 1425050
6 91 2108460
6 92 1427850
6 93 1772630
6 94 2067300
6 95 1776750
6 96 1010720
6 97 1449850
6 98 1019130
6 99 2138560
6 100 1459160
6 101 2110720
6 102 1019940
6 103 1453080
6 104 1026760
6 105 1771850
6 106 1451450
6 107 1810220
6 108 1026780
6 109 2133980
6 110 1020750
6 111 1810740
6 112 2067100
6 113 1775360
6 114 1425050
6 115 2108460
6 116 1427850
6 117 1772630
6 118 2067300
6 119 1776750
6 120 921382
6 121 1061121
6 122 920642
6 123 1504978
6 124 1065762
6 125 1477548
6 126 921271
6 127 1061011
6 128 931752
6 129 1586139
6 130 1067929
6 131 1590935
6 132 931750
6 133 1504164
6 134 921244
6 135 1591130
6 136 1479762
6 137 1583586
6 138 1064243
6 139 1504012
6 140 1068144
6 141 1580926
6 142 1479835
6 143 1570346
6 144 940030
6 145 1095918
6 146 939926
6 147 1556190
6 148 1097654
6 149 1544034
6 150 945037
6 151 1147916
6 152 941464
6 153 1048142
6 154 1154851
6 155 1092213
6 156 979077
6 157 1596814
6 158 958593
6 159 1094691
6 160 1542605
6 161 1109639
6 162 1128298
6 163 1600309
6 164 1161670
6 165 1105180
6 166 1550778
6 167 1109469
6 168 954878
6 169 1141223
6 170 962896
6 171 1670453
6 172 1147603
6 173 1661112
6 174 957401
6 175 1151556
6 176 957811
6 177 1089337
6 178 1152989
6 179 1089997
6 180 958460
6 181 1669271
6 182 958103
6 183 1097592
6 184 1623222
6 185 1083818
6 186 1138688
6 187 1698246
6 188 1154559
6 189 1101133
6 190 1643422
6 191 1108566
6 192 967512
6 193 1569675
6 194 968794
6 195 1696029
6 196 1546418
6 197 1690482
6 198 980668
6 199 1596797
6 200 960038
6 201 1111733
6 202 1567401
6 203 1104492
6 204 971888
6 205 1692021
6 206 961759
6 207 1106523
6 208 1651376
6 209 1108138
6 210 1498867
6 211 1676431
6 212 1548131
6 213 1101795
6 214 1664671
6 215 1103924
6 216 1100253
6 217 1543276
6 218 1101332
6 219 1668163
6 220 1547480
6 221 1657198
6 222 1126302
6 223 1601414
6 224 1159818
6 225 1096067
6 226 1570590
6 227 1115283
6 228 1151812
6 229 1709636
6 230 1159373
6 231 1115475
6 232 1652886
6 233 1103584
6 234 1507539
6 235 1682424
6 236 1551442
6 237 1106073
6 238 1664645
6 239 1104403
6 240 338937
6 241 338937
6 242 338925
6 243 481060
6 244 339637
6 245 478113
6 246 340508
6 247 340508
6 248 343794
6 249 901858
6 250 345317
6 251 902736
6 252 343685
6 253 487261
6 254 342307
6 255 902300
6 256 482160
6 257 904310
6 258 344232
6 259 487135
6 260 345573
6 261 904579
6 262 482350
6 263 897494
6 264 337210
6 265 337210
6 266 337148
6 267 473784
6 268 338937
6 269 467100
6 270 340630
6 271 340630
6 272 340949
6 273 516436
6 274 342909
6 275 520486
6 276 342140
6 277 483311
6 278 340981
6 279 518297
6 280 478943
6 281 522305
6 282 342746
6 283 475490
6 284 344552
6 285 522259
6 286 478826
6 287 519714
6 288 339278
6 289 339278
6 290 342507
6 291 901955
6 292 344233
6 293 901495
6 294 339221
6 295 339221
6 296 342356
6 297 520879
6 298 342714
6 299 522247
6 300 339300
6 301 894646
6 302 339301
6 303 517704
6 304 885460
6 305 502590
6 306 342864
6 307 903951
6 308 343241
6 309 523759
6 310 890295
6 311 507618
6 312 342507
6 313 485927
6 314 343859
6 315 908956
6 316 486649
6 317 912201
6 318 343809
6 319 484728
6 320 342224
6 321 521725
6 322 483362
6 323 523735
6 324 341051
6 325 900918
6 326 340807
6 327 522274
6 328 890927
6 329 507395
6 330 478271
6 331 907042
6 332 479166
6 333 518031
6 334 897566
6 335 509452
6 336 342926
6 337 485783
6 338 345632
6 339 908773
6 340 487923
6 341 902504
6 342 343241
6 343 483703
6 344 345757
6 345 523031
6 346 477107
6 347 523972
6 348 344552
6 349 908739
6 350 344343
6 351 525498
6 352 896660
6 353 509503
6 354 480499
6 355 906140
6 356 479635
6 357 521112
6 358 892106
6 359 508113
6 360 339346
6 361 339346
6 362 343572
6 363 888756
6 364 344232
6 365 882146
6 366 340635
6 367 340635
6 368 345279
6 369 904815
6 370 345573
6 371 905911
6 372 342672
6 373 895767
6 374 343740
6 375 909885
6 376 874375
6 377 902005
6 378 343054
6 379 894163
6 380 344845
6 381 910012
6 382 874500
6 383 902560
6 384 340630
6 385 340630
6 386 342140
6 387 883929
6 388 344094
6 389 871855
6 390 339095
6 391 339095
6 392 342355
6 393 519622
6 394 342874
6 395 522300
6 396 343913
6 397 895796
6 398 342214
6 399 521875
6 400 882402
6 401 524075
6 402 345814
6 403 883082
6 404 345632
6 405 523150
6 406 880272
6 407 522495
6 408 339221
6 409 339221
6 410 343809
6 411 902434
6 412 344382
6 413 901432
6 414 337210
6 415 337210
6 416 340805
6 417 519802
6 418 340896
6 419 519778
6 420 341049
6 421 899952
6 422 340923
6 423 522286
6 424 891584
6 425 507780
6 426 342987
6 427 903890
6 428 342926
6 429 522271
6 430 891581
6 431 507832
6 432 339300
6 433 886351
6 434 341051
6 435 906704
6 436 873674
6 437 898971
6 438 341049
6 439 885738
6 440 339112
6 441 520214
6 442 881237
6 443 517998
6 444 339402
6 445 902537
6 446 339000
6 447 520602
6 448 896654
6 449 509344
6 450 856100
6 451 889495
6 452 856169
6 453 501855
6 454 885460
6 455 502590
6 456 340896
6 457 892849
6 458 342874
6 459 910119
6 460 882015
6 461 905933
6 462 342714
6 463 890772
6 464 342687
6 465 519565
6 466 879699
6 467 521338
6 468 342909
6 469 909502
6 470 342527
6 471 523451
6 472 896184
6 473 509118
6 474 857872
6 475 893605
6 476 857872
6 477 505059
6 478 892285
6 479 505287
6 480 339137
6 481 481402
6 482 340937
6 483 897050
6 484 478965
6 485 897105
6 486 340829
6 487 482851
6 488 342569
6 489 906005
6 490 484559
6 491 911001
6 492 342463
6 493 896685
6 494 340861
6 495 906461
6 496 883861
6 497 906301
6 498 475639
6 499 885746
6 500 478076
6 501 898104
6 502 882517
6 503 899241
6 504 340949
6 505 481732
6 506 340981
6 507 897071
6 508 477311
6 509 895011
6 510 342355
6 511 485197
6 512 339348
6 513 517937
6 514 486657
6 515 522781
6 516 342214
6 517 895431
6 518 342279
6 519 524425
6 520 890574
6 521 525576
6 522 478713
6 523 893147
6 524 486091
6 525 519698
6 526 890642
6 527 523462
6 528 342356
6 529 485241
6 530 342224
6 531 911181
6 532 487504
6 533 907770
6 534 340805
6 535 474186
6 536 342114
6 537 523324
6 538 476048
6 539 523779
6 540 339112
6 541 901310
6 542 339047
6 543 520295
6 544 896091
6 545 509445
6 546 485035
6 547 907102
6 548 482140
6 549 521069
6 550 895614
6 551 509060
6 552 339301
6 553 886949
6 554 340807
6 555 904424
6 556 875414
6 557 902853
6 558 340923
6 559 883012
6 560 339047
6 561 520337
6 562 879722
6 563 521205
6 564 339000
6 565 899167
6 566 337210
6 567 517792
6 568 891139
6 569 508001
6 570 857872
6 571 893605
6 572 857872
6 573 505059
6 574 892285
6 575 505287
6 576 467100
6 577 871195
6 578 469825
6 579 893045
6 580 870115
6 581 890975
6 582 469803
6 583 871869
6 584 477104
6 585 501420
6 586 868552
6 587 514441
6 588 477287
6 589 892757
6 590 468137
6 591 514393
6 592 884823
6 593 502412
6 594 856100
6 595 889495
6 596 856169
6 597 501855
6 598 885460
6 599 502590
6 600 337210
6 601 472512
6 602 339047
6 603 883714
6 604 474878
6 605 871990
6 606 339047
6 607 474065
6 608 342279
6 609 893492
6 610 476370
6 611 900986
6 612 342114
6 613 882981
6 614 339348
6 615 901232
6 616 871462
6 617 894703
6 618 475569
6 619 881975
6 620 476682
6 621 893742
6 622 871571
6 623 890614
6 624 339000
6 625 474297
6 626 339112
6 627 884986
6 628 475070
6 629 872039
6 630 340807
6 631 483971
6 632 340861
6 633 501480
6 634 484025
6 635 517409
6 636 342224
6 637 892573
6 638 342569
6 639 516745
6 640 880715
6 641 519023
6 642 477594
6 643 882359
6 644 485873
6 645 518774
6 646 881197
6 647 519245
6 648 340923
6 649 483837
6 650 342214
6 651 903821
6 652 486129
6 653 902848
6 654 339301
6 655 473253
6 656 342463
6 657 517733
6 658 476296
6 659 518043
6 660 340981
6 661 898809
6 662 340937
6 663 518853
6 664 884724
6 665 502375
6 666 482616
6 667 904716
6 668 480918
6 669 517355
6 670 895608
6 671 508660
6 672 340805
6 673 891360
6 674 342355
6 675 908283
6 676 879950
6 677 901415
6 678 342356
6 679 882659
6 680 340829
6 681 518748
6 682 878828
6 683 517395
6 684 340949
6 685 904251
6 686 339137
6 687 519039
6 688 895674
6 689 508662
6 690 856054
6 691 889314
6 692 856123
6 693 501763
6 694 885156
6 695 502518
6 696 467100
6 697 871195
6 698 469825
6 699 893045
6 700 870115
6 701 890975
6 702 469803
6 703 871869
6 704 477104
6 705 501420
6 706 868552
6 707 514441
6 708 477287
6 709 892757
6 710 468137
6 711 514393
6 712 884823
6 713 502412
6 714 856100
6 715 889495
6 716 856169
6 717 501855
6 718 885460
6 719 502590
7 0 180430
7 1 180430
7 2 180420
7 3 180960
7 4 180960
7 5 180430
7 6 180420
7 7 180420
7 8 181450
7 9 450140
7 10 181470
7 11 449110
7 12 181450
7 13 181470
7 14 180420
7 15 449210
7 16 181020
7 17 448680
7 18 181030
7 19 181490
7 20 181490
7 21 448270
7 22 181010
7 23 441600
7 24 180420
7 25 180420
7 26 180410
7 27 180960
7 28 180960
7 29 180420
7 30 181450
7 31 181450
7 32 181550
7 33 687920
7 34 182510
7 35 688040
7 36 181940
7 37 182490
7 38 181980
7 39 687880
7 40 182050
7 41 692380
7 42 182470
7 43 181990
7 44 183000
7 45 692380
7 46 182510
7 47 687600
7 48 181450
7 49 181450
7 50 181940
7 51 454520
7 52 182490
7 53 448780
7 54 180420
7 55 180420
7 56 181980
7 57 688040
7 58 182020
7 59 688040
7 60 181530
7 61 454960
7 62 181510
7 63 692400
7 64 442890
7 65 688040
7 66 182080
7 67 453370
7 68 182500
7 69 692180
7 70 443690
7 71 692280
7 72 181550
7 73 182510
7 74 181980
7 75 459430
7 76 182050
7 77 458930
7 78 181980
7 79 182020
7 80 181480
7 81 692620
7 82 182520
7 83 692140
7 84 181510
7 85 454080
7 86 180420
7 87 687680
7 88 443710
7 89 692040
7 90 181020
7 91 449470
7 92 181560
7 93 687840
7 94 442870
7 95 687500
7 96 180990
7 97 181540
7 98 181520
7 99 454740
7 100 182020
7 101 449000
7 102 181540
7 103 181550
7 104 182060
7 105 688280
7 106 182000
7 107 692180
7 108 182040
7 109 453270
7 110 181530
7 111 692500
7 112 442110
7 113 687560
7 114 181020
7 115 449060
7 116 181520
7 117 687680
7 118 442130
7 119 683380
7 120 180430
7 121 180430
7 122 180420
7 123 180960
7 124 180960
7 125 180430
7 126 180420
7 127 180420
7 128 181450
7 129 450140
7 130 181470
7 131 449110
7 132 181450
7 133 181470
7 134 180420
7 135 449210
7 136 181020
7 137 448680
7 138 181030
7 139 181490
7 140 181490
7 141 448270
7 142 181010
7 143 441600
7 144 180960
7 145 180960
7 146 180960
7 147 181080
7 148 181080
7 149 180960
7 150 181030
7 151 181030
7 152 180990
7 153 384430
7 154 182050
7 155 389910
7 156 182470
7 157 182580
7 158 181540
7 159 390580
7 160 182120
7 161 392290
7 162 182190
7 163 182090
7 164 182600
7 165 391630
7 166 182180
7 167 391580
7 168 181470
7 169 181470
7 170 182490
7 171 457630
7 172 182580
7 173 455860
7 174 181490
7 175 181490
7 176 181520
7 177 391350
7 178 182080
7 179 391700
7 180 182080
7 181 458010
7 182 182040
7 183 393790
7 184 449990
7 185 392150
7 186 182580
7 187 460880
7 188 183080
7 189 393740
7 190 450530
7 191 393890
7 192 182510
7 193 183010
7 194 182020
7 195 460460
7 196 182580
7 197 461020
7 198 183000
7 199 183050
7 200 182060
7 201 394000
7 202 183060
7 203 392940
7 204 182500
7 205 457770
7 206 181530
7 207 392440
7 208 450510
7 209 393900
7 210 182110
7 211 456530
7 212 182640
7 213 392760
7 214 451170
7 215 392940
7 216 182050
7 217 182120
7 218 182080
7 219 456420
7 220 182080
7 221 449450
7 222 182600
7 223 182640
7 224 182660
7 225 391700
7 226 183080
7 227 393650
7 228 183080
7 229 460850
7 230 182660
7 231 394430
7 232 450460
7 233 392860
7 234 182180
7 235 456150
7 236 182600
7 237 392790
7 238 450160
7 239 391510
7 240 180960
7 241 180960
7 242 180960
7 243 181080
7 244 181080
7 245 180960
7 246 181470
7 247 181470
7 248 182510
7 249 692100
7 250 183010
7 251 692000
7 252 182490
7 253 182580
7 254 182020
7 255 691720
7 256 182580
7 257 692620
7 258 182580
7 259 182560
7 260 183050
7 261 692960
7 262 182610
7 263 687600
7 264 180430
7 265 180430
7 266 180420
7 267 180960
7 268 180960
7 269 180430
7 270 181490
7 271 181490
7 272 181540
7 273 391080
7 274 182120
7 275 392300
7 276 181990
7 277 182560
7 278 181550
7 279 391670
7 280 182130
7 281 393090
7 282 182090
7 283 181560
7 284 182640
7 285 393090
7 286 182110
7 287 391750
7 288 181020
7 289 181020
7 290 182050
7 291 692780
7 292 182580
7 293 692340
7 294 181010
7 295 181010
7 296 182020
7 297 392700
7 298 182080
7 299 393040
7 300 181020
7 301 692020
7 302 181020
7 303 391340
7 304 683380
7 305 384430
7 306 182110
7 307 695780
7 308 182180
7 309 394010
7 310 683580
7 311 386240
7 312 182050
7 313 182580
7 314 182520
7 315 699120
7 316 182600
7 317 700280
7 318 182510
7 319 182610
7 320 182000
7 321 393630
7 322 183090
7 323 394680
7 324 181560
7 325 692220
7 326 181520
7 327 393070
7 328 683420
7 329 386200
7 330 181560
7 331 696420
7 332 182090
7 333 392000
7 334 687920
7 335 387260
7 336 182120
7 337 182130
7 338 183060
7 339 697360
7 340 183090
7 341 692220
7 342 182180
7 343 182110
7 344 183080
7 345 394350
7 346 182580
7 347 394050
7 348 182640
7 349 700020
7 350 182600
7 351 395020
7 352 687920
7 353 387270
7 354 182090
7 355 695780
7 356 182190
7 357 393340
7 358 683580
7 359 386330
7 360 181030
7 361 181030
7 362 182470
7 363 457510
7 364 182580
7 365 455360
7 366 181490
7 367 181490
7 368 183000
7 369 696200
7 370 183050
7 371 695980
7 372 182080
7 373 461380
7 374 182500
7 375 700480
7 376 450290
7 377 697120
7 378 182140
7 379 460800
7 380 182690
7 381 700760
7 382 450330
7 383 696980
7 384 181490
7 385 181490
7 386 181990
7 387 454400
7 388 182560
7 389 448670
7 390 180990
7 391 180990
7 392 182020
7 393 391990
7 394 182110
7 395 392930
7 396 182530
7 397 461530
7 398 182000
7 399 392970
7 400 455470
7 401 394700
7 402 183090
7 403 454830
7 404 183060
7 405 393970
7 406 455140
7 407 393740
7 408 181010
7 409 181010
7 410 182510
7 411 692660
7 412 182610
7 413 692100
7 414 180430
7 415 180430
7 416 181520
7 417 391680
7 418 181530
7 419 391650
7 420 181560
7 421 692260
7 422 181540
7 423 393060
7 424 683580
7 425 386270
7 426 182130
7 427 695440
7 428 182120
7 429 393060
7 430 683580
7 431 386280
7 432 181020
7 433 455750
7 434 181560
7 435 697360
7 436 449870
7 437 696340
7 438 181560
7 439 455350
7 440 180990
7 441 391910
7 442 454590
7 443 391570
7 444 181040
7 445 693300
7 446 180970
7 447 392070
7 448 687920
7 449 387240
7 450 441600
7 451 687600
7 452 441690
7 453 384040
7 454 683380
7 455 384430
7 456 181530
7 457 459200
7 458 182110
7 459 700880
7 460 454550
7 461 700180
7 462 182080
7 463 457910
7 464 182080
7 465 391920
7 466 453760
7 467 393270
7 468 182120
7 469 700420
7 470 182050
7 471 393940
7 472 687920
7 473 387200
7 474 442500
7 475 689080
7 476 442500
7 477 385490
7 478 687720
7 479 385610
7 480 180990
7 481 182050
7 482 181540
7 483 460470
7 484 182120
7 485 460560
7 486 181520
7 487 182080
7 488 182060
7 489 697620
7 490 183060
7 491 700760
7 492 182040
7 493 461890
7 494 181530
7 495 696760
7 496 455560
7 497 700280
7 498 181530
7 499 455500
7 500 182110
7 501 696200
7 502 454780
7 503 695700
7 504 181540
7 505 182120
7 506 181550
7 507 460380
7 508 182130
7 509 459200
7 510 182020
7 511 182110
7 512 181030
7 513 390950
7 514 182690
7 515 393560
7 516 182000
7 517 461100
7 518 182010
7 519 394300
7 520 459760
7 521 395710
7 522 182610
7 523 459960
7 524 183050
7 525 392570
7 526 460030
7 527 394680
7 528 182020
7 529 182080
7 530 182000
7 531 700140
7 532 183090
7 533 697040
7 534 181520
7 535 181530
7 536 181980
7 537 394080
7 538 182140
7 539 394050
7 540 180990
7 541 693060
7 542 180980
7 543 392050
7 544 687920
7 545 387260
7 546 182560
7 547 696780
7 548 182580
7 549 393360
7 550 687920
7 551 387190
7 552 181020
7 553 456430
7 554 181520
7 555 695880
7 556 450930
7 557 697600
7 558 181540
7 559 454010
7 560 180980
7 561 391950
7 562 453750
7 563 393200
7 564 180970
7 565 691680
7 566 180430
7 567 390680
7 568 683580
7 569 386310
7 570 442500
7 571 689080
7 572 442500
7 573 385490
7 574 687720
7 575 385610
7 576 180430
7 577 448160
7 578 180990
7 579 691780
7 580 449070
7 581 688140
7 582 181010
7 583 448570
7 584 181490
7 585 383970
7 586 448230
7 587 390520
7 588 181490
7 589 691580
7 590 181030
7 591 390540
7 592 683380
7 593 384400
7 594 441600
7 595 687600
7 596 441690
7 597 384040
7 598 683380
7 599 384430
7 600 180430
7 601 180970
7 602 180980
7 603 454210
7 604 181540
7 605 448530
7 606 180980
7 607 180990
7 608 182010
7 609 692220
7 610 182000
7 611 693060
7 612 181980
7 613 454690
7 614 181030
7 615 693280
7 616 449450
7 617 691880
7 618 181520
7 619 454720
7 620 182020
7 621 691800
7 622 449510
7 623 687700
7 624 180970
7 625 181040
7 626 180990
7 627 454940
7 628 181560
7 629 448560
7 630 181520
7 631 181560
7 632 181530
7 633 384010
7 634 182500
7 635 390880
7 636 182000
7 637 459880
7 638 182060
7 639 391480
7 640 454940
7 641 392920
7 642 182510
7 643 454960
7 644 183000
7 645 392220
7 646 455730
7 647 392320
7 648 181540
7 649 181560
7 650 182000
7 651 695660
7 652 182530
7 653 693180
7 654 181020
7 655 181020
7 656 182040
7 657 391890
7 658 182080
7 659 391870
7 660 181550
7 661 696120
7 662 181540
7 663 392240
7 664 683380
7 665 384400
7 666 181990
7 667 695960
7 668 182470
7 669 391880
7 670 687920
7 671 387120
7 672 181520
7 673 458900
7 674 182020
7 675 700140
7 676 453650
7 677 698700
7 678 182020
7 679 453300
7 680 181520
7 681 391850
7 682 453370
7 683 391470
7 684 181540
7 685 696520
7 686 180990
7 687 391630
7 688 687920
7 689 387120
7 690 441580
7 691 687560
7 692 441670
7 693 384020
7 694 683220
7 695 384420
7 696 180430
7 697 448160
7 698 180990
7 699 691780
7 700 449070
7 701 688140
7 702 181010
7 703 448570
7 704 181490
7 705 383970
7 706 448230
7 707 390520
7 708 181490
7 709 691580
7 710 181030
7 711 390540
7 712 683380
7 713 384400
7 714 441600
7 715 687600
7 716 441690
7 717 384040
7 718 683380
7 719 384430
7 720 222768
7 721 222768
7 722 222714
7 723 359021
7 724 224070
7 725 352928
7 726 222714
7 727 222714
7 728 224986
7 729 604417
7 730 225089
7 731 603244
7 732 224986
7 733 358893
7 734 222704
7 735 603228
7 736 353986
7 737 602827
7 738 224229
7 739 358876
7 740 225188
7 741 602391
7 742 353978
7 743 595060
7 744 222766
7 745 222766
7 746 222712
7 747 359021
7 748 224070
7 749 352926
7 750 224191
7 751 224191
7 752 224356
7 753 500135
7 754 226423
7 755 504766
7 756 225206
7 757 364948
7 758 225307
7 759 505522
7 760 360024
7 761 509074
7 762 226415
7 763 359495
7 764 227534
7 765 508164
7 766 360910
7 767 506492
7 768 224191
7 769 224191
7 770 225205
7 771 609468
7 772 226515
7 773 603127
7 774 222766
7 775 222766
7 776 225311
7 777 506055
7 778 225450
7 779 506053
7 780 224303
7 781 609855
7 782 224255
7 783 508166
7 784 595397
7 785 500158
7 786 225464
7 787 608604
7 788 226423
7 789 507656
7 790 596190
7 791 503987
7 792 224358
7 793 364484
7 794 225309
7 795 615035
7 796 359579
7 797 614652
7 798 225312
7 799 359098
7 800 224151
7 801 507639
7 802 359531
7 803 507080
7 804 224252
7 805 609054
7 806 222766
7 807 505544
7 808 596194
7 809 503945
7 810 353071
7 811 603314
7 812 353519
7 813 499482
7 814 595393
7 815 500059
7 816 222907
7 817 358067
7 818 224162
7 819 609527
7 820 359553
7 821 603460
7 822 224261
7 823 358587
7 824 225327
7 825 499465
7 826 358356
7 827 507084
7 828 225324
7 829 608581
7 830 224354
7 831 507211
7 832 595165
7 833 499914
7 834 353072
7 835 603204
7 836 353505
7 837 499457
7 838 595191
7 839 499124
7 840 224458
7 841 224458
7 842 224408
7 843 361882
7 844 225583
7 845 356786
7 846 224456
7 847 224456
7 848 225695
7 849 606704
7 850 225701
7 851 606562
7 852 225695
7 853 361911
7 854 224456
7 855 606598
7 856 356910
7 857 606491
7 858 224598
7 859 361910
7 860 225706
7 861 606388
7 862 356910
7 863 604889
7 864 224763
7 865 224763
7 866 224762
7 867 368884
7 868 224839
7 869 368603
7 870 224772
7 871 224772
7 872 224523
7 873 235860
7 874 227646
7 875 240698
7 876 229172
7 877 375688
7 878 226201
7 879 240988
7 880 368765
7 881 242686
7 882 228227
7 883 375834
7 884 229072
7 885 242297
7 886 369012
7 887 241622
7 888 228948
7 889 228948
7 890 230117
7 891 618644
7 892 230196
7 893 617683
7 894 226433
7 895 226433
7 896 226271
7 897 240984
7 898 228113
7 899 241165
7 900 229346
7 901 618398
7 902 227547
7 903 243338
7 904 604893
7 905 242349
7 906 230699
7 907 625477
7 908 230430
7 909 243663
7 910 605875
7 911 243953
7 912 229501
7 913 371991
7 914 229503
7 915 628127
7 916 367227
7 917 627485
7 918 230409
7 919 376138
7 920 227441
7 921 243785
7 922 374232
7 923 243564
7 924 229726
7 925 619447
7 926 226506
7 927 241800
7 928 605979
7 929 243980
7 930 361095
7 931 619025
7 932 370037
7 933 242980
7 934 607049
7 935 242959
7 936 228015
7 937 365591
7 938 228130
7 939 620559
7 940 365590
7 941 618678
7 942 229475
7 943 376884
7 944 229459
7 945 242487
7 946 375005
7 947 244007
7 948 231090
7 949 626942
7 950 229549
7 951 244245
7 952 606936
7 953 242820
7 954 361286
7 955 619201
7 956 369378
7 957 242964
7 958 606070
7 959 241480
7 960 226022
7 961 226022
7 962 226018
7 963 369150
7 964 226243
7 965 367742
7 966 227326
7 967 227326
7 968 228864
7 969 521164
7 970 229966
7 971 522171
7 972 228570
7 973 374600
7 974 228737
7 975 522129
7 976 369521
7 977 521425
7 978 228579
7 979 374615
7 980 229889
7 981 521404
7 982 369620
7 983 520352
7 984 226145
7 985 226145
7 986 226143
7 987 369739
7 988 226271
7 989 368899
7 990 226382
7 991 226382
7 992 226329
7 993 239977
7 994 228168
7 995 241328
7 996 229462
7 997 375771
7 998 226383
7 999 239894
7 1000 368901
7 1001 242842
7 1002 228566
7 1003 374989
7 1004 229480
7 1005 242859
7 1006 368907
7 1007 241565
7 1008 226426
7 1009 226426
7 1010 227902
7 1011 522549
7 1012 228974
7 1013 522453
7 1014 226378
7 1015 226378
7 1016 227495
7 1017 241908
7 1018 228289
7 1019 242691
7 1020 226224
7 1021 515991
7 1022 226215
7 1023 241304
7 1024 510975
7 1025 239187
7 1026 229191
7 1027 526455
7 1028 229413
7 1029 244867
7 1030 517290
7 1031 242125
7 1032 228922
7 1033 374578
7 1034 230493
7 1035 531091
7 1036 373618
7 1037 530193
7 1038 230367
7 1039 375067
7 1040 227496
7 1041 242408
7 1042 374490
7 1043 243591
7 1044 227714
7 1045 523422
7 1046 227506
7 1047 243972
7 1048 518018
7 1049 242009
7 1050 366415
7 1051 526386
7 1052 368076
7 1053 242718
7 1054 522458
7 1055 243268
7 1056 229190
7 1057 374017
7 1058 230624
7 1059 528461
7 1060 376081
7 1061 528163
7 1062 229649
7 1063 375885
7 1064 230591
7 1065 244304
7 1066 374591
7 1067 244091
7 1068 230469
7 1069 528931
7 1070 230389
7 1071 246123
7 1072 521376
7 1073 243263
7 1074 367824
7 1075 527717
7 1076 368910
7 1077 244383
7 1078 519910
7 1079 242451
7 1080 227618
7 1081 227618
7 1082 229934
7 1083 619060
7 1084 230212
7 1085 617030
7 1086 227715
7 1087 227715
7 1088 230270
7 1089 524346
7 1090 230377
7 1091 525289
7 1092 229200
7 1093 624012
7 1094 229146
7 1095 527034
7 1096 610090
7 1097 519200
7 1098 229065
7 1099 623118
7 1100 229427
7 1101 526069
7 1102 610181
7 1103 519228
7 1104 229017
7 1105 229017
7 1106 230182
7 1107 619310
7 1108 230361
7 1109 617918
7 1110 226499
7 1111 226499
7 1112 227674
7 1113 242468
7 1114 228414
7 1115 242936
7 1116 230575
7 1117 625589
7 1118 227491
7 1119 243123
7 1120 614414
7 1121 244938
7 1122 230982
7 1123 626852
7 1124 230577
7 1125 244882
7 1126 614420
7 1127 243929
7 1128 227866
7 1129 227866
7 1130 229389
7 1131 525112
7 1132 229602
7 1133 524494
7 1134 226601
7 1135 226601
7 1136 226623
7 1137 241462
7 1138 228157
7 1139 241393
7 1140 227878
7 1141 523993
7 1142 227625
7 1143 243767
7 1144 520558
7 1145 242083
7 1146 229587
7 1147 529035
7 1148 229605
7 1149 243868
7 1150 520540
7 1151 242056
7 1152 228026
7 1153 617925
7 1154 228146
7 1155 527249
7 1156 609967
7 1157 521977
7 1158 229525
7 1159 618951
7 1160 226509
7 1161 242983
7 1162 614972
7 1163 243788
7 1164 228052
7 1165 527040
7 1166 226525
7 1167 242995
7 1168 525495
7 1169 243139
7 1170 597044
7 1171 517585
7 1172 605514
7 1173 240554
7 1174 522852
7 1175 240596
7 1176 229300
7 1177 623805
7 1178 229430
7 1179 530093
7 1180 618107
7 1181 525873
7 1182 230829
7 1183 626502
7 1184 229386
7 1185 243779
7 1186 619315
7 1187 244997
7 1188 230724
7 1189 533717
7 1190 229394
7 1191 244828
7 1192 525222
7 1193 243095
7 1194 597877
7 1195 518597
7 1196 606652
7 1197 242166
7 1198 526311
7 1199 242164
7 1200 227642
7 1201 369888
7 1202 227799
7 1203 625258
7 1204 366051
7 1205 625236
7 1206 227700
7 1207 369803
7 1208 228137
7 1209 523300
7 1210 369859
7 1211 526179
7 1212 228134
7 1213 626391
7 1214 227813
7 1215 524090
7 1216 618334
7 1217 521859
7 1218 363820
7 1219 619086
7 1220 364031
7 1221 517929
7 1222 617552
7 1223 517920
7 1224 229300
7 1225 371969
7 1226 229399
7 1227 628198
7 1228 367036
7 1229 627539
7 1230 229430
7 1231 375774
7 1232 226347
7 1233 243073
7 1234 375327
7 1235 245182
7 1236 230743
7 1237 625907
7 1238 227627
7 1239 244297
7 1240 620177
7 1241 246343
7 1242 367053
7 1243 626772
7 1244 375387
7 1245 243977
7 1246 620426
7 1247 245233
7 1248 230368
7 1249 375484
7 1250 230626
7 1251 532578
7 1252 375140
7 1253 530955
7 1254 229541
7 1255 375725
7 1256 227740
7 1257 244175
7 1258 373917
7 1259 244282
7 1260 227944
7 1261 525534
7 1262 226475
7 1263 243085
7 1264 524112
7 1265 243422
7 1266 372970
7 1267 530667
7 1268 374836
7 1269 245118
7 1270 522089
7 1271 243211
7 1272 228307
7 1273 618786
7 1274 228377
7 1275 527327
7 1276 610863
7 1277 522410
7 1278 229651
7 1279 619597
7 1280 226532
7 1281 243211
7 1282 615033
7 1283 245205
7 1284 228066
7 1285 525917
7 1286 226412
7 1287 241832
7 1288 522280
7 1289 242481
7 1290 597945
7 1291 518618
7 1292 606670
7 1293 242190
7 1294 526106
7 1295 242186
7 1296 357743
7 1297 609448
7 1298 357860
7 1299 517033
7 1300 609704
7 1301 516322
7 1302 360997
7 1303 618799
7 1304 368812
7 1305 240845
7 1306 613483
7 1307 242869
7 1308 368219
7 1309 529116
7 1310 368760
7 1311 242869
7 1312 522364
7 1313 240856
7 1314 597935
7 1315 518538
7 1316 605766
7 1317 240906
7 1318 523001
7 1319 240913
7 1320 226090
7 1321 361805
7 1322 226211
7 1323 615771
7 1324 362218
7 1325 609304
7 1326 226207
7 1327 361655
7 1328 227513
7 1329 513892
7 1330 362331
7 1331 518537
7 1332 227504
7 1333 615970
7 1334 226280
7 1335 518577
7 1336 609608
7 1337 513829
7 1338 361946
7 1339 616015
7 1340 362354
7 1341 513279
7 1342 609622
7 1343 512800
7 1344 227783
7 1345 365398
7 1346 227941
7 1347 620363
7 1348 365473
7 1349 618621
7 1350 228287
7 1351 375963
7 1352 227917
7 1353 240427
7 1354 374102
7 1355 243109
7 1356 230980
7 1357 628084
7 1358 228403
7 1359 242867
7 1360 615001
7 1361 244010
7 1362 367208
7 1363 625985
7 1364 375538
7 1365 243852
7 1366 615548
7 1367 243083
7 1368 229306
7 1369 374691
7 1370 230525
7 1371 528850
7 1372 375958
7 1373 528295
7 1374 228407
7 1375 375855
7 1376 228412
7 1377 242925
7 1378 375174
7 1379 242875
7 1380 229537
7 1381 528012
7 1382 228100
7 1383 244018
7 1384 519904
7 1385 240754
7 1386 373045
7 1387 530777
7 1388 374086
7 1389 243788
7 1390 523405
7 1391 243201
7 1392 229532
7 1393 624527
7 1394 229604
7 1395 530370
7 1396 618385
7 1397 525832
7 1398 230848
7 1399 626140
7 1400 228112
7 1401 244118
7 1402 619100
7 1403 243950
7 1404 229666
7 1405 530509
7 1406 228054
7 1407 243241
7 1408 525538
7 1409 243237
7 1410 597903
7 1411 518523
7 1412 605728
7 1413 240838
7 1414 522784
7 1415 240851
7 1416 358015
7 1417 609638
7 1418 358086
7 1419 517146
7 1420 609810
7 1421 516425
7 1422 361092
7 1423 618854
7 1424 368867
7 1425 240882
7 1426 613503
7 1427 242856
7 1428 368307
7 1429 529092
7 1430 368806
7 1431 242894
7 1432 522397
7 1433 240868
7 1434 597925
7 1435 518021
7 1436 605764
7 1437 240878
7 1438 522158
7 1439 240776
7 1440 40954
7 1441 40954
7 1442 40953
7 1443 41020
7 1444 41020
7 1445 40954
7 1446 40954
7 1447 40954
7 1448 41032
7 1449 98155
7 1450 41032
7 1451 98156
7 1452 41032
7 1453 41032
7 1454 40954
7 1455 98166
7 1456 40966
7 1457 98140
7 1458 40966
7 1459 41032
7 1460 41032
7 1461 98123
7 1462 40966
7 1463 97928
7 1464 41022
7 1465 41022
7 1466 41022
7 1467 41032
7 1468 41032
7 1469 41022
7 1470 41164
7 1471 41164
7 1472 41171
7 1473 145701
7 1474 41250
7 1475 145796
7 1476 41297
7 1477 41310
7 1478 41178
7 1479 145793
7 1480 41251
7 1481 146052
7 1482 41250
7 1483 41239
7 1484 41316
7 1485 146052
7 1486 41252
7 1487 145798
7 1488 41162
7 1489 41162
7 1490 41237
7 1491 99217
7 1492 41242
7 1493 99076
7 1494 41098
7 1495 41098
7 1496 41174
7 1497 145792
7 1498 41244
7 1499 145794
7 1500 41244
7 1501 99306
7 1502 41178
7 1503 146182
7 1504 98190
7 1505 145839
7 1506 41312
7 1507 99817
7 1508 41316
7 1509 146178
7 1510 98200
7 1511 146100
7 1512 41241
7 1513 41310
7 1514 41237
7 1515 99966
7 1516 41242
7 1517 99944
7 1518 41305
7 1519 41307
7 1520 41181
7 1521 146180
7 1522 41315
7 1523 146178
7 1524 41243
7 1525 99261
7 1526 41099
7 1527 145798
7 1528 98199
7 1529 146100
7 1530 41184
7 1531 99204
7 1532 41249
7 1533 145837
7 1534 98187
7 1535 145839
7 1536 41171
7 1537 41180
7 1538 41180
7 1539 99284
7 1540 41180
7 1541 99096
7 1542 41246
7 1543 41251
7 1544 41256
7 1545 145838
7 1546 41312
7 1547 146178
7 1548 41314
7 1549 99816
7 1550 41249
7 1551 146176
7 1552 98098
7 1553 145837
7 1554 41184
7 1555 99152
7 1556 41243
7 1557 145835
7 1558 98098
7 1559 145576
7 1560 40884
7 1561 40884
7 1562 40883
7 1563 40954
7 1564 40954
7 1565 40884
7 1566 40883
7 1567 40883
7 1568 41020
7 1569 97944
7 1570 41022
7 1571 97830
7 1572 41020
7 1573 41022
7 1574 40883
7 1575 97840
7 1576 40960
7 1577 97770
7 1578 40961
7 1579 41024
7 1580 41024
7 1581 97722
7 1582 40959
7 1583 96774
7 1584 41024
7 1585 41024
7 1586 41024
7 1587 41032
7 1588 41032
7 1589 41024
7 1590 41033
7 1591 41033
7 1592 41029
7 1593 57845
7 1594 41106
7 1595 58077
7 1596 41174
7 1597 41180
7 1598 41036
7 1599 58066
7 1600 41114
7 1601 58150
7 1602 41117
7 1603 41111
7 1604 41176
7 1605 58146
7 1606 41112
7 1607 58088
7 1608 41095
7 1609 41095
7 1610 41235
7 1611 99077
7 1612 41241
7 1613 98937
7 1614 41034
7 1615 41034
7 1616 41031
7 1617 58005
7 1618 41104
7 1619 57941
7 1620 41182
7 1621 99149
7 1622 41109
7 1623 58218
7 1624 98125
7 1625 58134
7 1626 41249
7 1627 99740
7 1628 41247
7 1629 58218
7 1630 98133
7 1631 58205
7 1632 41175
7 1633 41239
7 1634 41102
7 1635 99547
7 1636 41179
7 1637 99615
7 1638 41247
7 1639 41251
7 1640 41109
7 1641 58224
7 1642 41248
7 1643 58214
7 1644 41176
7 1645 99105
7 1646 41034
7 1647 58085
7 1648 98129
7 1649 58200
7 1650 41117
7 1651 99029
7 1652 41186
7 1653 58141
7 1654 98219
7 1655 58140
7 1656 41108
7 1657 41111
7 1658 41109
7 1659 98874
7 1660 41104
7 1661 97879
7 1662 41186
7 1663 41188
7 1664 41185
7 1665 58130
7 1666 41250
7 1667 58230
7 1668 41253
7 1669 99693
7 1670 41185
7 1671 58230
7 1672 98210
7 1673 58138
7 1674 41119
7 1675 98975
7 1676 41182
7 1677 58140
7 1678 98121
7 1679 58039
7 1680 40960
7 1681 40960
7 1682 40960
7 1683 40966
7 1684 40966
7 1685 40960
7 1686 41101
7 1687 41101
7 1688 41178
7 1689 145793
7 1690 41251
7 1691 145842
7 1692 41237
7 1693 41242
7 1694 41179
7 1695 145842
7 1696 41189
7 1697 145888
7 1698 41183
7 1699 41179
7 1700 41254
7 1701 145887
7 1702 41190
7 1703 145792
7 1704 40959
7 1705 40959
7 1706 40959
7 1707 40966
7 1708 40966
7 1709 40959
7 1710 41098
7 1711 41098
7 1712 41103
7 1713 58053
7 1714 41172
7 1715 58155
7 1716 41170
7 1717 41180
7 1718 41105
7 1719 58153
7 1720 41117
7 1721 58167
7 1722 41114
7 1723 41104
7 1724 41184
7 1725 58168
7 1726 41117
7 1727 58134
7 1728 40964
7 1729 40964
7 1730 41102
7 1731 145655
7 1732 41173
7 1733 145656
7 1734 40964
7 1735 40964
7 1736 41101
7 1737 58062
7 1738 41107
7 1739 58136
7 1740 40960
7 1741 144719
7 1742 40960
7 1743 57921
7 1744 144420
7 1745 56850
7 1746 41109
7 1747 145727
7 1748 41110
7 1749 58201
7 1750 145214
7 1751 57058
7 1752 41177
7 1753 41184
7 1754 41246
7 1755 146042
7 1756 41249
7 1757 146172
7 1758 41184
7 1759 41184
7 1760 41236
7 1761 58352
7 1762 41253
7 1763 58365
7 1764 41036
7 1765 145640
7 1766 41036
7 1767 58141
7 1768 145295
7 1769 57064
7 1770 41112
7 1771 145950
7 1772 41117
7 1773 58206
7 1774 145631
7 1775 57142
7 1776 41119
7 1777 41117
7 1778 41260
7 1779 146008
7 1780 41257
7 1781 145959
7 1782 41119
7 1783 41119
7 1784 41259
7 1785 58287
7 1786 41248
7 1787 58287
7 1788 41182
7 1789 145938
7 1790 41182
7 1791 58276
7 1792 145551
7 1793 57136
7 1794 41119
7 1795 145944
7 1796 41119
7 1797 58220
7 1798 145416
7 1799 57076
7 1800 41101
7 1801 41101
7 1802 41237
7 1803 99107
7 1804 41242
7 1805 98961
7 1806 41165
7 1807 41165
7 1808 41306
7 1809 146091
7 1810 41315
7 1811 146138
7 1812 41247
7 1813 100024
7 1814 41311
7 1815 146529
7 1816 99139
7 1817 146233
7 1818 41249
7 1819 99951
7 1820 41329
7 1821 146523
7 1822 99142
7 1823 146277
7 1824 41164
7 1825 41164
7 1826 41240
7 1827 99096
7 1828 41246
7 1829 98910
7 1830 41096
7 1831 41096
7 1832 41166
7 1833 58074
7 1834 41178
7 1835 58211
7 1836 41313
7 1837 99931
7 1838 41240
7 1839 58211
7 1840 99153
7 1841 58354
7 1842 41322
7 1843 99738
7 1844 41316
7 1845 58286
7 1846 99151
7 1847 58356
7 1848 41035
7 1849 41035
7 1850 41177
7 1851 145839
7 1852 41186
7 1853 145799
7 1854 41031
7 1855 41031
7 1856 41168
7 1857 58203
7 1858 41170
7 1859 58204
7 1860 41034
7 1861 145603
7 1862 41034
7 1863 58133
7 1864 145386
7 1865 57066
7 1866 41117
7 1867 145945
7 1868 41117
7 1869 58216
7 1870 145428
7 1871 57067
7 1872 41108
7 1873 99104
7 1874 41242
7 1875 146312
7 1876 99060
7 1877 146140
7 1878 41178
7 1879 99107
7 1880 41169
7 1881 58284
7 1882 99145
7 1883 58150
7 1884 41102
7 1885 146124
7 1886 41100
7 1887 58210
7 1888 145939
7 1889 57200
7 1890 97951
7 1891 145909
7 1892 97974
7 1893 57920
7 1894 145610
7 1895 57129
7 1896 41176
7 1897 99706
7 1898 41318
7 1899 146517
7 1900 99832
7 1901 146442
7 1902 41248
7 1903 99749
7 1904 41313
7 1905 58217
7 1906 99660
7 1907 58415
7 1908 41250
7 1909 146414
7 1910 41248
7 1911 58342
7 1912 145934
7 1913 57204
7 1914 98029
7 1915 146089
7 1916 98032
7 1917 58062
7 1918 145949
7 1919 57206
7 1920 41178
7 1921 41251
7 1922 41179
7 1923 99901
7 1924 41189
7 1925 99875
7 1926 41306
7 1927 41315
7 1928 41256
7 1929 146358
7 1930 41333
7 1931 146564
7 1932 41311
7 1933 100085
7 1934 41183
7 1935 146185
7 1936 99908
7 1937 146447
7 1938 41249
7 1939 99980
7 1940 41326
7 1941 146188
7 1942 99915
7 1943 146192
7 1944 41184
7 1945 41252
7 1946 41177
7 1947 99921
7 1948 41190
7 1949 99813
7 1950 41308
7 1951 41312
7 1952 41237
7 1953 58348
7 1954 41326
7 1955 58417
7 1956 41241
7 1957 99872
7 1958 41178
7 1959 58298
7 1960 99709
7 1961 58423
7 1962 41257
7 1963 99887
7 1964 41329
7 1965 58357
7 1966 99797
7 1967 58370
7 1968 41247
7 1969 41249
7 1970 41309
7 1971 146515
7 1972 41326
7 1973 146464
7 1974 41243
7 1975 41243
7 1976 41304
7 1977 58427
7 1978 41316
7 1979 58427
7 1980 41102
7 1981 146109
7 1982 41102
7 1983 58218
7 1984 145967
7 1985 57211
7 1986 41249
7 1987 146449
7 1988 41252
7 1989 58339
7 1990 145840
7 1991 57202
7 1992 41178
7 1993 99163
7 1994 41243
7 1995 146229
7 1996 99138
7 1997 146279
7 1998 41188
7 1999 99096
7 2000 41232
7 2001 58359
7 2002 99146
7 2003 58363
7 2004 41038
7 2005 145830
7 2006 41035
7 2007 58147
7 2008 145516
7 2009 57081
7 2010 98030
7 2011 146094
7 2012 98025
7 2013 58068
7 2014 145950
7 2015 57206
7 2016 41112
7 2017 99037
7 2018 41249
7 2019 146016
7 2020 99218
7 2021 146020
7 2022 41119
7 2023 99080
7 2024 41253
7 2025 58129
7 2026 99001
7 2027 58268
7 2028 41188
7 2029 146146
7 2030 41186
7 2031 58278
7 2032 145685
7 2033 57142
7 2034 98119
7 2035 146006
7 2036 98107
7 2037 58072
7 2038 145703
7 2039 57141
7 2040 41108
7 2041 41114
7 2042 41114
7 2043 99221
7 2044 41117
7 2045 99036
7 2046 41245
7 2047 41248
7 2048 41265
7 2049 146015
7 2050 41326
7 2051 146189
7 2052 41318
7 2053 99991
7 2054 41252
7 2055 146185
7 2056 99134
7 2057 146018
7 2058 41253
7 2059 99970
7 2060 41316
7 2061 146011
7 2062 99135
7 2063 145755
7 2064 41110
7 2065 41112
7 2066 41112
7 2067 99198
7 2068 41117
7 2069 98884
7 2070 41248
7 2071 41250
7 2072 41253
7 2073 58124
7 2074 41322
7 2075 58296
7 2076 41313
7 2077 99871
7 2078 41255
7 2079 58293
7 2080 99143
7 2081 58302
7 2082 41248
7 2083 98820
7 2084 41320
7 2085 58294
7 2086 99061
7 2087 58208
7 2088 41186
7 2089 41186
7 2090 41318
7 2091 146260
7 2092 41329
7 2093 146303
7 2094 41182
7 2095 41182
7 2096 41318
7 2097 58343
7 2098 41320
7 2099 58352
7 2100 41185
7 2101 146070
7 2102 41185
7 2103 58283
7 2104 145558
7 2105 57134
7 2106 41253
7 2107 146405
7 2108 41255
7 2109 58345
7 2110 145925
7 2111 57211
7 2112 41247
7 2113 99843
7 2114 41324
7 2115 146522
7 2116 99862
7 2117 146355
7 2118 41259
7 2119 99706
7 2120 41316
7 2121 58414
7 2122 99744
7 2123 58410
7 2124 41185
7 2125 146331
7 2126 41182
7 2127 58294
7 2128 146017
7 2129 57218
7 2130 98112
7 2131 146008
7 2132 98109
7 2133 58066
7 2134 145695
7 2135 57139
7 2136 41117
7 2137 99081
7 2138 41252
7 2139 146020
7 2140 99220
7 2141 145967
7 2142 41119
7 2143 99082
7 2144 41255
7 2145 58142
7 2146 98999
7 2147 58270
7 2148 41186
7 2149 146148
7 2150 41180
7 2151 58275
7 2152 145688
7 2153 57141
7 2154 98034
7 2155 145917
7 2156 97980
7 2157 58063
7 2158 145402
7 2159 57067
7 2160 40961
7 2161 40961
7 2162 40961
7 2163 40966
7 2164 40966
7 2165 40961
7 2166 41160
7 2167 41160
7 2168 41185
7 2169 200782
7 2170 41250
7 2171 200793
7 2172 41237
7 2173 41240
7 2174 41173
7 2175 200782
7 2176 41183
7 2177 200796
7 2178 41178
7 2179 41181
7 2180 41250
7 2181 200814
7 2182 41183
7 2183 200403
7 2184 41024
7 2185 41024
7 2186 41024
7 2187 41032
7 2188 41032
7 2189 41024
7 2190 41230
7 2191 41230
7 2192 41243
7 2193 145780
7 2194 41316
7 2195 145941
7 2196 41301
7 2197 41312
7 2198 41247
7 2199 145950
7 2200 41254
7 2201 146049
7 2202 41250
7 2203 41239
7 2204 41324
7 2205 146043
7 2206 41257
7 2207 145921
7 2208 41104
7 2209 41104
7 2210 41241
7 2211 201673
7 2212 41312
7 2213 201603
7 2214 41163
7 2215 41163
7 2216 41308
7 2217 146111
7 2218 41316
7 2219 146149
7 2220 41180
7 2221 201665
7 2222 41187
7 2223 146122
7 2224 199735
7 2225 145034
7 2226 41259
7 2227 202403
7 2228 41264
7 2229 146420
7 2230 199744
7 2231 145094
7 2232 41180
7 2233 41249
7 2234 41311
7 2235 202623
7 2236 41249
7 2237 202676
7 2238 41252
7 2239 41259
7 2240 41308
7 2241 146441
7 2242 41329
7 2243 146445
7 2244 41182
7 2245 201648
7 2246 41179
7 2247 146171
7 2248 199740
7 2249 145094
7 2250 41182
7 2251 201753
7 2252 41193
7 2253 146118
7 2254 199900
7 2255 145172
7 2256 41178
7 2257 41183
7 2258 41319
7 2259 201875
7 2260 41318
7 2261 201585
7 2262 41190
7 2263 41187
7 2264 41330
7 2265 146281
7 2266 41323
7 2267 146321
7 2268 41260
7 2269 202558
7 2270 41260
7 2271 146502
7 2272 199853
7 2273 145172
7 2274 41185
7 2275 201721
7 2276 41192
7 2277 146166
7 2278 199691
7 2279 145078
7 2280 41024
7 2281 41024
7 2282 41024
7 2283 41032
7 2284 41032
7 2285 41024
7 2286 41095
7 2287 41095
7 2288 41175
7 2289 200744
7 2290 41239
7 2291 200721
7 2292 41235
7 2293 41241
7 2294 41102
7 2295 200672
7 2296 41179
7 2297 200622
7 2298 41181
7 2299 41180
7 2300 41239
7 2301 200693
7 2302 41178
7 2303 199614
7 2304 40957
7 2305 40957
7 2306 40957
7 2307 40965
7 2308 40965
7 2309 40957
7 2310 41098
7 2311 41098
7 2312 41101
7 2313 58009
7 2314 41172
7 2315 58158
7 2316 41173
7 2317 41180
7 2318 41105
7 2319 58157
7 2320 41117
7 2321 58172
7 2322 41114
7 2323 41107
7 2324 41184
7 2325 58167
7 2326 41117
7 2327 58136
7 2328 41166
7 2329 41166
7 2330 41309
7 2331 201651
7 2332 41321
7 2333 201622
7 2334 41096
7 2335 41096
7 2336 41166
7 2337 58174
7 2338 41176
7 2339 58224
7 2340 41248
7 2341 201654
7 2342 41238
7 2343 58354
7 2344 200528
7 2345 58147
7 2346 41321
7 2347 202457
7 2348 41322
7 2349 58425
7 2350 200534
7 2351 58166
7 2352 41309
7 2353 41321
7 2354 41246
7 2355 202436
7 2356 41319
7 2357 202487
7 2358 41306
7 2359 41313
7 2360 41239
7 2361 58331
7 2362 41319
7 2363 58318
7 2364 41245
7 2365 201631
7 2366 41173
7 2367 58293
7 2368 200522
7 2369 58157
7 2370 41254
7 2371 201660
7 2372 41263
7 2373 58287
7 2374 200692
7 2375 58160
7 2376 41252
7 2377 41252
7 2378 41315
7 2379 201751
7 2380 41315
7 2381 200618
7 2382 41252
7 2383 41249
7 2384 41324
7 2385 58292
7 2386 41318
7 2387 58342
7 2388 41329
7 2389 202587
7 2390 41318
7 2391 58425
7 2392 200713
7 2393 58163
7 2394 41257
7 2395 201512
7 2396 41260
7 2397 58290
7 2398 200353
7 2399 58086
7 2400 40959
7 2401 40959
7 2402 40959
7 2403 40966
7 2404 40966
7 2405 40959
7 2406 41164
7 2407 41164
7 2408 41184
7 2409 145753
7 2410 41252
7 2411 145798
7 2412 41240
7 2413 41246
7 2414 41177
7 2415 145794
7 2416 41190
7 2417 145880
7 2418 41183
7 2419 41178
7 2420 41257
7 2421 145882
7 2422 41188
7 2423 145748
7 2424 40884
7 2425 40884
7 2426 40883
7 2427 40954
7 2428 40954
7 2429 40884
7 2430 41031
7 2431 41031
7 2432 41034
7 2433 58033
7 2434 41104
7 2435 58098
7 2436 41096
7 2437 41169
7 2438 41034
7 2439 58087
7 2440 41108
7 2441 58142
7 2442 41101
7 2443 41032
7 2444 41173
7 2445 58142
7 2446 41105
7 2447 58043
7 2448 41035
7 2449 41035
7 2450 41174
7 2451 145830
7 2452 41186
7 2453 145827
7 2454 41033
7 2455 41033
7 2456 41168
7 2457 58204
7 2458 41170
7 2459 58214
7 2460 41036
7 2461 145647
7 2462 41036
7 2463 58137
7 2464 145352
7 2465 57061
7 2466 41117
7 2467 145976
7 2468 41117
7 2469 58226
7 2470 145502
7 2471 57082
7 2472 41179
7 2473 41187
7 2474 41243
7 2475 146078
7 2476 41253
7 2477 146214
7 2478 41178
7 2479 41185
7 2480 41171
7 2481 58293
7 2482 41250
7 2483 58369
7 2484 41037
7 2485 145731
7 2486 41037
7 2487 58142
7 2488 145425
7 2489 57067
7 2490 41116
7 2491 146041
7 2492 41119
7 2493 58214
7 2494 145725
7 2495 57149
7 2496 41119
7 2497 41116
7 2498 41263
7 2499 146048
7 2500 41254
7 2501 145919
7 2502 41117
7 2503 41112
7 2504 41247
7 2505 58282
7 2506 41176
7 2507 58215
7 2508 41186
7 2509 146184
7 2510 41186
7 2511 58293
7 2512 145725
7 2513 57149
7 2514 41117
7 2515 145951
7 2516 41119
7 2517 58211
7 2518 145433
7 2519 57076
7 2520 40964
7 2521 40964
7 2522 41177
7 2523 200892
7 2524 41184
7 2525 200833
7 2526 41035
7 2527 41035
7 2528 41247
7 2529 145989
7 2530 41249
7 2531 146001
7 2532 41108
7 2533 201634
7 2534 41178
7 2535 145946
7 2536 199819
7 2537 145031
7 2538 41182
7 2539 201746
7 2540 41193
7 2541 146239
7 2542 199825
7 2543 145083
7 2544 41035
7 2545 41035
7 2546 41179
7 2547 200892
7 2548 41187
7 2549 200816
7 2550 40961
7 2551 40961
7 2552 41104
7 2553 58142
7 2554 41106
7 2555 58146
7 2556 41243
7 2557 201672
7 2558 41169
7 2559 58207
7 2560 200661
7 2561 58162
7 2562 41257
7 2563 201680
7 2564 41250
7 2565 58324
7 2566 200651
7 2567 58167
7 2568 40966
7 2569 40966
7 2570 41178
7 2571 145917
7 2572 41180
7 2573 145915
7 2574 40959
7 2575 40959
7 2576 41103
7 2577 58145
7 2578 41103
7 2579 58147
7 2580 41101
7 2581 145892
7 2582 41101
7 2583 58204
7 2584 145679
7 2585 57143
7 2586 41117
7 2587 145979
7 2588 41117
7 2589 58218
7 2590 145720
7 2591 57149
7 2592 40960
7 2593 200722
7 2594 41031
7 2595 145812
7 2596 199690
7 2597 144847
7 2598 41031
7 2599 200722
7 2600 40961
7 2601 58066
7 2602 200494
7 2603 57949
7 2604 40962
7 2605 145686
7 2606 40960
7 2607 58066
7 2608 145515
7 2609 57127
7 2610 198504
7 2611 144543
7 2612 198504
7 2613 56830
7 2614 144420
7 2615 56850
7 2616 41105
7 2617 201821
7 2618 41117
7 2619 146245
7 2620 200634
7 2621 145246
7 2622 41117
7 2623 201841
7 2624 41112
7 2625 58215
7 2626 201356
7 2627 58144
7 2628 41112
7 2629 146242
7 2630 41110
7 2631 58222
7 2632 146098
7 2633 57270
7 2634 198550
7 2635 144766
7 2636 198550
7 2637 56935
7 2638 144766
7 2639 56935
7 2640 41102
7 2641 41173
7 2642 41246
7 2643 202871
7 2644 41249
7 2645 202810
7 2646 41177
7 2647 41186
7 2648 41309
7 2649 146406
7 2650 41326
7 2651 146624
7 2652 41242
7 2653 202558
7 2654 41243
7 2655 146335
7 2656 201454
7 2657 145418
7 2658 41175
7 2659 202618
7 2660 41252
7 2661 146153
7 2662 201612
7 2663 145506
7 2664 41174
7 2665 41186
7 2666 41243
7 2667 202890
7 2668 41253
7 2669 202768
7 2670 41174
7 2671 41178
7 2672 41172
7 2673 58256
7 2674 41254
7 2675 58375
7 2676 41243
7 2677 202520
7 2678 41235
7 2679 58362
7 2680 202196
7 2681 58291
7 2682 41315
7 2683 202599
7 2684 41315
7 2685 58334
7 2686 202387
7 2687 58295
7 2688 41178
7 2689 41180
7 2690 41305
7 2691 146550
7 2692 41323
7 2693 146592
7 2694 41171
7 2695 41174
7 2696 41238
7 2697 58363
7 2698 41252
7 2699 58378
7 2700 41100
7 2701 146056
7 2702 41098
7 2703 58206
7 2704 145923
7 2705 57204
7 2706 41252
7 2707 146571
7 2708 41252
7 2709 58344
7 2710 146179
7 2711 57272
7 2712 41031
7 2713 200769
7 2714 41044
7 2715 145998
7 2716 199732
7 2717 145070
7 2718 41044
7 2719 200769
7 2720 41032
7 2721 58143
7 2722 200540
7 2723 58077
7 2724 41032
7 2725 145988
7 2726 41027
7 2727 58139
7 2728 145853
7 2729 57204
7 2730 198524
7 2731 144762
7 2732 198524
7 2733 56933
7 2734 144762
7 2735 56933
7 2736 41032
7 2737 201705
7 2738 41107
7 2739 145981
7 2740 200779
7 2741 145331
7 2742 41104
7 2743 201699
7 2744 41109
7 2745 58058
7 2746 201403
7 2747 58132
7 2748 41111
7 2749 145979
7 2750 41108
7 2751 58192
7 2752 145725
7 2753 57189
7 2754 199432
7 2755 145019
7 2756 199432
7 2757 57000
7 2758 145019
7 2759 57000
7 2760 41104
7 2761 41109
7 2762 41251
7 2763 201956
7 2764 41256
7 2765 201727
7 2766 41117
7 2767 41115
7 2768 41324
7 2769 146284
7 2770 41321
7 2771 146332
7 2772 41260
7 2773 202733
7 2774 41259
7 2775 146506
7 2776 200815
7 2777 145344
7 2778 41251
7 2779 202519
7 2780 41260
7 2781 146327
7 2782 200659
7 2783 145254
7 2784 41117
7 2785 41117
7 2786 41250
7 2787 201975
7 2788 41257
7 2789 201673
7 2790 41117
7 2791 41117
7 2792 41254
7 2793 58227
7 2794 41256
7 2795 58293
7 2796 41316
7 2797 202747
7 2798 41316
7 2799 58382
7 2800 201662
7 2801 58238
7 2802 41322
7 2803 201563
7 2804 41325
7 2805 58383
7 2806 201321
7 2807 58170
7 2808 41117
7 2809 41117
7 2810 41322
7 2811 146436
7 2812 41321
7 2813 146383
7 2814 41110
7 2815 41109
7 2816 41255
7 2817 58290
7 2818 41251
7 2819 58283
7 2820 41247
7 2821 146398
7 2822 41245
7 2823 58344
7 2824 146139
7 2825 57269
7 2826 41249
7 2827 146362
7 2828 41249
7 2829 58277
7 2830 145972
7 2831 57218
7 2832 41173
7 2833 202715
7 2834 41184
7 2835 146503
7 2836 201495
7 2837 145491
7 2838 41184
7 2839 202658
7 2840 41176
7 2841 58282
7 2842 202237
7 2843 58205
7 2844 41176
7 2845 146491
7 2846 41169
7 2847 58281
7 2848 146350
7 2849 57336
7 2850 199432
7 2851 145020
7 2852 199432
7 2853 57000
7 2854 145020
7 2855 57000
7 2856 41101
7 2857 201743
7 2858 41114
7 2859 146155
7 2860 200701
7 2861 145293
7 2862 41114
7 2863 201734
7 2864 41117
7 2865 58155
7 2866 201308
7 2867 58137
7 2868 41117
7 2869 146148
7 2870 41111
7 2871 58210
7 2872 146017
7 2873 57258
7 2874 198550
7 2875 144775
7 2876 198550
7 2877 56937
7 2878 144775
7 2879 56937
7 2880 40961
7 2881 40961
7 2882 41167
7 2883 99010
7 2884 41171
7 2885 98824
7 2886 41033
7 2887 41033
7 2888 41243
7 2889 201854
7 2890 41246
7 2891 201841
7 2892 41181
7 2893 99813
7 2894 41183
7 2895 202772
7 2896 98110
7 2897 201903
7 2898 41178
7 2899 99727
7 2900 41190
7 2901 202796
7 2902 98110
7 2903 201828
7 2904 41031
7 2905 41031
7 2906 41170
7 2907 99108
7 2908 41180
7 2909 98918
7 2910 41102
7 2911 41102
7 2912 41249
7 2913 145853
7 2914 41256
7 2915 145978
7 2916 41310
7 2917 100067
7 2918 41312
7 2919 146448
7 2920 99203
7 2921 146347
7 2922 41319
7 2923 99880
7 2924 41330
7 2925 146535
7 2926 99206
7 2927 146257
7 2928 41100
7 2929 41100
7 2930 41308
7 2931 201723
7 2932 41314
7 2933 201666
7 2934 41032
7 2935 41032
7 2936 41249
7 2937 145992
7 2938 41249
7 2939 145993
7 2940 41250
7 2941 202492
7 2942 41246
7 2943 146338
7 2944 200642
7 2945 145252
7 2946 41260
7 2947 202634
7 2948 41260
7 2949 146340
7 2950 200642
7 2951 145264
7 2952 41105
7 2953 99821
7 2954 41178
7 2955 202742
7 2956 98915
7 2957 202630
7 2958 41181
7 2959 99822
7 2960 41178
7 2961 146023
7 2962 99792
7 2963 146105
7 2964 41182
7 2965 202601
7 2966 41170
7 2967 146082
7 2968 201528
7 2969 145508
7 2970 98005
7 2971 200863
7 2972 98022
7 2973 144941
7 2974 200683
7 2975 144953
7 2976 41106
7 2977 99642
7 2978 41181
7 2979 202820
7 2980 99023
7 2981 202672
7 2982 41181
7 2983 99736
7 2984 41195
7 2985 145982
7 2986 99714
7 2987 146356
7 2988 41195
7 2989 202877
7 2990 41186
7 2991 146251
7 2992 201591
7 2993 145538
7 2994 98009
7 2995 200864
7 2996 98016
7 2997 144989
7 2998 200743
7 2999 145001
7 3000 41033
7 3001 41033
7 3002 41174
7 3003 99079
7 3004 41180
7 3005 98822
7 3006 41034
7 3007 41034
7 3008 41247
7 3009 201892
7 3010 41251
7 3011 201845
7 3012 41182
7 3013 99711
7 3014 41176
7 3015 202753
7 3016 97997
7 3017 201903
7 3018 41183
7 3019 99629
7 3020 41187
7 3021 202743
7 3022 97997
7 3023 201759
7 3024 41098
7 3025 41098
7 3026 41173
7 3027 99083
7 3028 41180
7 3029 98939
7 3030 40965
7 3031 40965
7 3032 41102
7 3033 58065
7 3034 41110
7 3035 58149
7 3036 41256
7 3037 100027
7 3038 41237
7 3039 58313
7 3040 99161
7 3041 58290
7 3042 41260
7 3043 99878
7 3044 41259
7 3045 58323
7 3046 99159
7 3047 58282
7 3048 41096
7 3049 41096
7 3050 41306
7 3051 201702
7 3052 41313
7 3053 201632
7 3054 41097
7 3055 41097
7 3056 41172
7 3057 58222
7 3058 41179
7 3059 58227
7 3060 41309
7 3061 202484
7 3062 41304
7 3063 58416
7 3064 201431
7 3065 58217
7 3066 41321
7 3067 202631
7 3068 41324
7 3069 58425
7 3070 201431
7 3071 58233
7 3072 41248
7 3073 99838
7 3074 41245
7 3075 202861
7 3076 98985
7 3077 202692
7 3078 41309
7 3079 99939
7 3080 41172
7 3081 58295
7 3082 99936
7 3083 58272
7 3084 41305
7 3085 202637
7 3086 41238
7 3087 58356
7 3088 202335
7 3089 58282
7 3090 98118
7 3091 201763
7 3092 99196
7 3093 58158
7 3094 201599
7 3095 58168
7 3096 41252
7 3097 99753
7 3098 41254
7 3099 202899
7 3100 98891
7 3101 202612
7 3102 41316
7 3103 99983
7 3104 41252
7 3105 58274
7 3106 99977
7 3107 58385
7 3108 41326
7 3109 202891
7 3110 41265
7 3111 58367
7 3112 202387
7 3113 58285
7 3114 98162
7 3115 201723
7 3116 99111
7 3117 58160
7 3118 201615
7 3119 58161
7 3120 41098
7 3121 41098
7 3122 41170
7 3123 99093
7 3124 41180
7 3125 98941
7 3126 41096
7 3127 41096
7 3128 41308
7 3129 146181
7 3130 41312
7 3131 146225
7 3132 41313
7 3133 100088
7 3134 41241
7 3135 146517
7 3136 99136
7 3137 146350
7 3138 41318
7 3139 99946
7 3140 41323
7 3141 146603
7 3142 99089
7 3143 146094
7 3144 41031
7 3145 41031
7 3146 41096
7 3147 98607
7 3148 41169
7 3149 97777
7 3150 41094
7 3151 41094
7 3152 41170
7 3153 58145
7 3154 41178
7 3155 58225
7 3156 41180
7 3157 99635
7 3158 41178
7 3159 58285
7 3160 98861
7 3161 58282
7 3162 41251
7 3163 98674
7 3164 41260
7 3165 58338
7 3166 98855
7 3167 58209
7 3168 40961
7 3169 40961
7 3170 41174
7 3171 145909
7 3172 41178
7 3173 145909
7 3174 40960
7 3175 40960
7 3176 41101
7 3177 58137
7 3178 41101
7 3179 58141
7 3180 41101
7 3181 145846
7 3182 41101
7 3183 58204
7 3184 145594
7 3185 57137
7 3186 41115
7 3187 145977
7 3188 41117
7 3189 58221
7 3190 145709
7 3191 57149
7 3192 41243
7 3193 99935
7 3194 41243
7 3195 146422
7 3196 99907
7 3197 146516
7 3198 41245
7 3199 99861
7 3200 41232
7 3201 58354
7 3202 99768
7 3203 58415
7 3204 41100
7 3205 146062
7 3206 41096
7 3207 58204
7 3208 145843
7 3209 57202
7 3210 98959
7 3211 146341
7 3212 98948
7 3213 58134
7 3214 146181
7 3215 57272
7 3216 41250
7 3217 99833
7 3218 41319
7 3219 146553
7 3220 99902
7 3221 146261
7 3222 41253
7 3223 99636
7 3224 41318
7 3225 58350
7 3226 98791
7 3227 58357
7 3228 41248
7 3229 146397
7 3230 41245
7 3231 58340
7 3232 146094
7 3233 57270
7 3234 98962
7 3235 146294
7 3236 98943
7 3237 58132
7 3238 145934
7 3239 57209
7 3240 40964
7 3241 40964
7 3242 41184
7 3243 200887
7 3244 41184
7 3245 200859
7 3246 41031
7 3247 41031
7 3248 41243
7 3249 145906
7 3250 41243
7 3251 145915
7 3252 41178
7 3253 201677
7 3254 41188
7 3255 146162
7 3256 199825
7 3257 145095
7 3258 41185
7 3259 201760
7 3260 41192
7 3261 146204
7 3262 199825
7 3263 145087
7 3264 41033
7 3265 41033
7 3266 41178
7 3267 200868
7 3268 41185
7 3269 200748
7 3270 40960
7 3271 40960
7 3272 41103
7 3273 58140
7 3274 41106
7 3275 58144
7 3276 41245
7 3277 201653
7 3278 41234
7 3279 58318
7 3280 200639
7 3281 58169
7 3282 41256
7 3283 201610
7 3284 41251
7 3285 58323
7 3286 200621
7 3287 58162
7 3288 40959
7 3289 40959
7 3290 41171
7 3291 145739
7 3292 41174
7 3293 145734
7 3294 40884
7 3295 40884
7 3296 41027
7 3297 58045
7 3298 41028
7 3299 58046
7 3300 41038
7 3301 145672
7 3302 41036
7 3303 58143
7 3304 145426
7 3305 57076
7 3306 41109
7 3307 145806
7 3308 41104
7 3309 58142
7 3310 145423
7 3311 57076
7 3312 41031
7 3313 200770
7 3314 41044
7 3315 145994
7 3316 199736
7 3317 145064
7 3318 41044
7 3319 200770
7 3320 41032
7 3321 58143
7 3322 200544
7 3323 58074
7 3324 41032
7 3325 145988
7 3326 41029
7 3327 58141
7 3328 145852
7 3329 57204
7 3330 198550
7 3331 144769
7 3332 198550
7 3333 56935
7 3334 144769
7 3335 56935
7 3336 41108
7 3337 201829
7 3338 41117
7 3339 146206
7 3340 200634
7 3341 145250
7 3342 41117
7 3343 201809
7 3344 41114
7 3345 58217
7 3346 201291
7 3347 58140
7 3348 41114
7 3349 146196
7 3350 41108
7 3351 58216
7 3352 145852
7 3353 57207
7 3354 198550
7 3355 144770
7 3356 198550
7 3357 56936
7 3358 144770
7 3359 56936
7 3360 40960
7 3361 98872
7 3362 41036
7 3363 201838
7 3364 98103
7 3365 201905
7 3366 41034
7 3367 98980
7 3368 41102
7 3369 145847
7 3370 99018
7 3371 146116
7 3372 41102
7 3373 201732
7 3374 41038
7 3375 145920
7 3376 200846
7 3377 145338
7 3378 97886
7 3379 200738
7 3380 98012
7 3381 144804
7 3382 200654
7 3383 144906
7 3384 41036
7 3385 98974
7 3386 41037
7 3387 201876
7 3388 98104
7 3389 201905
7 3390 41101
7 3391 98988
7 3392 40961
7 3393 58071
7 3394 99053
7 3395 58176
7 3396 41100
7 3397 201726
7 3398 41098
7 3399 58227
7 3400 201606
7 3401 58225
7 3402 98158
7 3403 201601
7 3404 99058
7 3405 58010
7 3406 201484
7 3407 58137
7 3408 41101
7 3409 99079
7 3410 41100
7 3411 146125
7 3412 99125
7 3413 146161
7 3414 41038
7 3415 98727
7 3416 41098
7 3417 58224
7 3418 98793
7 3419 58263
7 3420 40957
7 3421 145716
7 3422 40959
7 3423 58067
7 3424 145586
7 3425 57140
7 3426 99037
7 3427 146147
7 3428 98916
7 3429 58123
7 3430 145675
7 3431 57188
7 3432 40962
7 3433 200764
7 3434 41032
7 3435 145870
7 3436 199886
7 3437 145162
7 3438 41032
7 3439 200764
7 3440 40961
7 3441 58074
7 3442 200654
7 3443 58076
7 3444 40962
7 3445 145730
7 3446 40955
7 3447 58067
7 3448 145602
7 3449 57139
7 3450 199432
7 3451 145017
7 3452 199432
7 3453 57000
7 3454 145017
7 3455 57000
7 3456 96774
7 3457 199598
7 3458 96898
7 3459 144625
7 3460 199482
7 3461 144597
7 3462 96897
7 3463 199616
7 3464 97842
7 3465 56823
7 3466 199442
7 3467 57778
7 3468 97846
7 3469 144622
7 3470 96795
7 3471 57776
7 3472 144374
7 3473 56847
7 3474 198504
7 3475 144543
7 3476 198504
7 3477 56830
7 3478 144420
7 3479 56850
7 3480 41028
7 3481 99388
7 3482 41106
7 3483 202734
7 3484 98791
7 3485 202746
7 3486 41101
7 3487 99496
7 3488 41179
7 3489 145977
7 3490 99541
7 3491 146370
7 3492 41178
7 3493 202742
7 3494 41110
7 3495 146241
7 3496 201662
7 3497 145542
7 3498 98692
7 3499 201664
7 3500 98708
7 3501 145152
7 3502 201544
7 3503 145170
7 3504 41103
7 3505 99488
7 3506 41106
7 3507 202772
7 3508 98781
7 3509 202746
7 3510 41170
7 3511 99748
7 3512 41103
7 3513 58060
7 3514 99815
7 3515 58249
7 3516 41178
7 3517 202760
7 3518 41180
7 3519 58283
7 3520 202366
7 3521 58271
7 3522 98723
7 3523 202368
7 3524 99753
7 3525 58172
7 3526 202360
7 3527 58214
7 3528 41170
7 3529 99763
7 3530 41176
7 3531 146373
7 3532 99897
7 3533 146457
7 3534 41107
7 3535 99212
7 3536 41178
7 3537 58274
7 3538 99334
7 3539 58322
7 3540 41104
7 3541 146058
7 3542 41105
7 3543 58205
7 3544 145717
7 3545 57198
7 3546 99639
7 3547 146235
7 3548 99447
7 3549 58129
7 3550 146010
7 3551 57260
7 3552 41104
7 3553 202707
7 3554 41172
7 3555 146370
7 3556 201581
7 3557 145526
7 3558 41172
7 3559 202651
7 3560 41105
7 3561 58213
7 3562 202269
7 3563 58199
7 3564 41106
7 3565 146231
7 3566 41097
7 3567 58209
7 3568 146091
7 3569 57270
7 3570 199432
7 3571 145013
7 3572 199432
7 3573 56998
7 3574 145013
7 3575 56998
7 3576 96888
7 3577 199686
7 3578 96915
7 3579 144800
7 3580 199642
7 3581 144701
7 3582 96916
7 3583 199686
7 3584 97939
7 3585 56920
7 3586 199642
7 3587 57796
7 3588 97939
7 3589 144796
7 3590 96888
7 3591 57796
7 3592 144677
7 3593 56920
7 3594 199386
7 3595 144812
7 3596 199386
7 3597 56900
7 3598 144689
7 3599 56920
7 3600 40957
7 3601 41097
7 3602 41029
7 3603 99489
7 3604 41108
7 3605 99503
7 3606 41030
7 3607 41105
7 3608 41105
7 3609 201881
7 3610 41245
7 3611 202756
7 3612 41107
7 3613 99684
7 3614 41034
7 3615 201852
7 3616 98789
7 3617 202703
7 3618 41104
7 3619 98857
7 3620 41117
7 3621 201938
7 3622 98697
7 3623 201773
7 3624 41030
7 3625 41105
7 3626 41031
7 3627 99589
7 3628 41114
7 3629 99565
7 3630 41167
7 3631 41180
7 3632 41106
7 3633 145721
7 3634 41265
7 3635 146191
7 3636 41170
7 3637 99930
7 3638 41174
7 3639 146152
7 3640 99720
7 3641 146584
7 3642 41251
7 3643 99774
7 3644 41324
7 3645 146195
7 3646 99803
7 3647 146343
7 3648 41164
7 3649 41178
7 3650 41170
7 3651 202590
7 3652 41318
7 3653 202586
7 3654 41035
7 3655 41103
7 3656 41176
7 3657 146154
7 3658 41252
7 3659 146326
7 3660 41108
7 3661 201792
7 3662 41107
7 3663 145922
7 3664 200788
7 3665 145337
7 3666 41260
7 3667 202458
7 3668 41259
7 3669 146334
7 3670 201586
7 3671 145538
7 3672 41104
7 3673 99826
7 3674 41170
7 3675 202571
7 3676 99025
7 3677 202796
7 3678 41172
7 3679 99736
7 3680 41105
7 3681 145903
7 3682 99717
7 3683 146311
7 3684 41107
7 3685 201726
7 3686 41028
7 3687 145868
7 3688 200715
7 3689 145295
7 3690 98708
7 3691 201663
7 3692 98713
7 3693 145154
7 3694 201472
7 3695 145166
7 3696 41028
7 3697 98659
7 3698 41101
7 3699 201606
7 3700 98776
7 3701 200756
7 3702 41106
7 3703 98763
7 3704 41179
7 3705 144793
7 3706 98779
7 3707 145722
7 3708 41178
7 3709 201670
7 3710 41110
7 3711 145738
7 3712 200516
7 3713 144897
7 3714 98595
7 3715 201463
7 3716 98619
7 3717 144851
7 3718 200590
7 3719 144897
7 3720 41029
7 3721 41106
7 3722 41036
7 3723 99587
7 3724 41114
7 3725 99558
7 3726 41031
7 3727 41104
7 3728 41109
7 3729 201900
7 3730 41248
7 3731 202794
7 3732 41109
7 3733 99681
7 3734 41034
7 3735 201852
7 3736 98791
7 3737 202703
7 3738 41109
7 3739 98855
7 3740 41115
7 3741 201938
7 3742 98680
7 3743 201757
7 3744 41101
7 3745 41172
7 3746 41105
7 3747 99879
7 3748 41117
7 3749 99803
7 3750 41102
7 3751 41110
7 3752 40961
7 3753 57988
7 3754 41186
7 3755 58183
7 3756 41237
7 3757 99942
7 3758 41104
7 3759 58243
7 3760 99772
7 3761 58350
7 3762 41192
7 3763 100042
7 3764 41260
7 3765 58223
7 3766 99939
7 3767 58291
7 3768 41166
7 3769 41176
7 3770 41239
7 3771 202724
7 3772 41319
7 3773 202742
7 3774 41172
7 3775 41179
7 3776 41101
7 3777 58213
7 3778 41195
7 3779 58286
7 3780 41172
7 3781 201793
7 3782 41168
7 3783 58288
7 3784 201612
7 3785 58222
7 3786 41323
7 3787 202821
7 3788 41330
7 3789 58345
7 3790 202422
7 3791 58284
7 3792 41238
7 3793 99876
7 3794 41173
7 3795 202555
7 3796 99029
7 3797 202814
7 3798 41304
7 3799 100033
7 3800 41168
7 3801 58302
7 3802 100026
7 3803 58429
7 3804 41238
7 3805 201873
7 3806 41107
7 3807 58233
7 3808 201557
7 3809 58239
7 3810 98850
7 3811 202502
7 3812 99893
7 3813 58230
7 3814 202373
7 3815 58227
7 3816 41174
7 3817 98924
7 3818 41178
7 3819 201838
7 3820 98909
7 3821 201525
7 3822 41243
7 3823 100011
7 3824 41249
7 3825 58011
7 3826 99884
7 3827 58290
7 3828 41312
7 3829 202640
7 3830 41256
7 3831 58275
7 3832 201469
7 3833 58151
7 3834 98854
7 3835 202350
7 3836 99799
7 3837 58160
7 3838 201499
7 3839 58155
7 3840 41103
7 3841 41172
7 3842 41105
7 3843 99871
7 3844 41117
7 3845 99802
7 3846 41166
7 3847 41178
7 3848 41237
7 3849 146225
7 3850 41326
7 3851 146571
7 3852 41240
7 3853 99994
7 3854 41178
7 3855 146319
7 3856 99830
7 3857 146617
7 3858 41256
7 3859 100014
7 3860 41321
7 3861 146308
7 3862 99822
7 3863 146353
7 3864 41034
7 3865 41104
7 3866 41034
7 3867 99476
7 3868 41108
7 3869 99322
7 3870 41170
7 3871 41178
7 3872 41104
7 3873 58218
7 3874 41195
7 3875 58294
7 3876 41178
7 3877 99807
7 3878 41106
7 3879 58217
7 3880 99692
7 3881 58346
7 3882 41185
7 3883 99565
7 3884 41260
7 3885 58277
7 3886 99736
7 3887 58272
7 3888 41104
7 3889 41106
7 3890 41172
7 3891 146206
7 3892 41254
7 3893 146296
7 3894 41103
7 3895 41106
7 3896 41168
7 3897 58290
7 3898 41181
7 3899 58301
7 3900 40961
7 3901 145598
7 3902 40961
7 3903 58067
7 3904 145469
7 3905 57132
7 3906 41187
7 3907 146285
7 3908 41190
7 3909 58283
7 3910 146046
7 3911 57267
7 3912 41169
7 3913 99786
7 3914 41235
7 3915 146459
7 3916 99859
7 3917 146605
7 3918 41234
7 3919 99768
7 3920 41160
7 3921 58286
7 3922 99756
7 3923 58407
7 3924 41098
7 3925 146146
7 3926 41097
7 3927 58214
7 3928 146004
7 3929 57218
7 3930 99606
7 3931 146589
7 3932 99640
7 3933 58191
7 3934 146433
7 3935 57338
7 3936 41185
7 3937 99933
7 3938 41313
7 3939 146296
7 3940 99986
7 3941 146347
7 3942 41184
7 3943 99816
7 3944 41314
7 3945 58199
7 3946 99559
7 3947 58327
7 3948 41251
7 3949 146138
7 3950 41246
7 3951 58326
7 3952 145796
7 3953 57200
7 3954 99686
7 3955 146491
7 3956 99632
7 3957 58186
7 3958 146179
7 3959 57272
7 3960 41101
7 3961 41107
7 3962 41236
7 3963 202822
7 3964 41253
7 3965 202530
7 3966 41168
7 3967 41170
7 3968 41304
7 3969 146411
7 3970 41316
7 3971 146460
7 3972 41169
7 3973 202583
7 3974 41232
7 3975 146202
7 3976 201608
7 3977 145512
7 3978 41251
7 3979 202674
7 3980 41260
7 3981 146375
7 3982 201639
7 3983 145541
7 3984 41168
7 3985 41170
7 3986 41171
7 3987 202648
7 3988 41250
7 3989 201686
7 3990 41101
7 3991 41101
7 3992 41168
7 3993 58228
7 3994 41181
7 3995 58300
7 3996 41232
7 3997 202555
7 3998 41160
7 3999 58290
7 4000 202314
7 4001 58292
7 4002 41318
7 4003 201762
7 4004 41319
7 4005 58357
7 4006 202238
7 4007 58227
7 4008 41103
7 4009 41103
7 4010 41238
7 4011 146260
7 4012 41252
7 4013 146249
7 4014 41027
7 4015 41028
7 4016 41104
7 4017 58211
7 4018 41106
7 4019 58216
7 4020 41098
7 4021 146099
7 4022 41096
7 4023 58208
7 4024 145975
7 4025 57212
7 4026 41183
7 4027 146241
7 4028 41178
7 4029 58218
7 4030 145972
7 4031 57218
7 4032 40961
7 4033 200758
7 4034 41032
7 4035 145867
7 4036 199884
7 4037 145158
7 4038 41032
7 4039 200758
7 4040 40956
7 4041 58067
7 4042 200648
7 4043 58072
7 4044 40961
7 4045 145731
7 4046 40956
7 4047 58068
7 4048 145600
7 4049 57137
7 4050 199432
7 4051 145019
7 4052 199432
7 4053 57000
7 4054 145019
7 4055 57000
7 4056 41169
7 4057 202508
7 4058 41180
7 4059 146364
7 4060 201516
7 4061 145536
7 4062 41180
7 4063 202436
7 4064 41180
7 4065 58215
7 4066 201416
7 4067 58137
7 4068 41180
7 4069 146353
7 4070 41171
7 4071 58267
7 4072 146019
7 4073 57260
7 4074 199432
7 4075 145012
7 4076 199432
7 4077 56998
7 4078 145012
7 4079 56998
7 4080 40960
7 4081 98877
7 4082 41036
7 4083 201827
7 4084 98117
7 4085 201907
7 4086 41034
7 4087 98982
7 4088 41102
7 4089 145851
7 4090 99026
7 4091 146169
7 4092 41100
7 4093 201641
7 4094 41035
7 4095 145870
7 4096 200685
7 4097 145256
7 4098 98003
7 4099 200859
7 4100 98029
7 4101 144981
7 4102 200804
7 4103 145004
7 4104 41036
7 4105 98963
7 4106 41037
7 4107 201865
7 4108 98092
7 4109 201907
7 4110 41101
7 4111 99067
7 4112 40961
7 4113 58072
7 4114 99132
7 4115 58189
7 4116 41096
7 4117 201621
7 4118 41097
7 4119 58222
7 4120 201429
7 4121 58221
7 4122 98155
7 4123 201682
7 4124 99183
7 4125 58108
7 4126 201663
7 4127 58159
7 4128 41101
7 4129 99075
7 4130 41098
7 4131 146123
7 4132 99119
7 4133 146243
7 4134 41036
7 4135 98560
7 4136 41096
7 4137 58219
7 4138 98629
7 4139 58265
7 4140 40959
7 4141 145717
7 4142 40958
7 4143 58066
7 4144 145590
7 4145 57139
7 4146 98995
7 4147 146234
7 4148 98799
7 4149 58129
7 4150 146003
7 4151 57258
7 4152 40960
7 4153 200704
7 4154 41027
7 4155 145776
7 4156 199726
7 4157 145077
7 4158 41029
7 4159 200651
7 4160 40956
7 4161 58062
7 4162 200432
7 4163 58066
7 4164 40955
7 4165 145556
7 4166 40884
7 4167 57968
7 4168 145305
7 4169 57065
7 4170 198550
7 4171 144773
7 4172 198550
7 4173 56937
7 4174 144773
7 4175 56937
7 4176 96888
7 4177 199686
7 4178 96915
7 4179 144800
7 4180 199642
7 4181 144701
7 4182 96916
7 4183 199686
7 4184 97939
7 4185 56920
7 4186 199642
7 4187 57796
7 4188 97939
7 4189 144796
7 4190 96888
7 4191 57796
7 4192 144677
7 4193 56920
7 4194 199386
7 4195 144812
7 4196 199386
7 4197 56900
7 4198 144689
7 4199 56920
7 4200 40884
7 4201 97706
7 4202 40960
7 4203 200680
7 4204 97831
7 4205 199721
7 4206 40960
7 4207 97813
7 4208 41097
7 4209 144621
7 4210 97899
7 4211 145553
7 4212 41094
7 4213 200597
7 4214 40965
7 4215 145554
7 4216 199632
7 4217 144728
7 4218 97879
7 4219 200502
7 4220 97906
7 4221 144675
7 4222 199632
7 4223 144601
7 4224 40959
7 4225 97817
7 4226 40961
7 4227 200718
7 4228 97835
7 4229 199721
7 4230 41031
7 4231 98904
7 4232 41032
7 4233 56823
7 4234 98843
7 4235 57978
7 4236 41096
7 4237 201446
7 4238 41102
7 4239 57885
7 4240 200450
7 4241 57931
7 4242 97958
7 4243 200520
7 4244 98957
7 4245 57977
7 4246 200409
7 4247 57978
7 4248 41033
7 4249 98900
7 4250 41096
7 4251 145721
7 4252 98992
7 4253 145685
7 4254 40964
7 4255 97758
7 4256 41100
7 4257 57911
7 4258 97894
7 4259 57949
7 4260 41034
7 4261 144872
7 4262 41033
7 4263 57978
7 4264 144367
7 4265 56847
7 4266 98779
7 4267 145759
7 4268 98649
7 4269 57907
7 4270 145419
7 4271 57112
7 4272 41031
7 4273 201440
7 4274 41098
7 4275 145843
7 4276 200469
7 4277 145010
7 4278 41098
7 4279 200700
7 4280 41031
7 4281 58003
7 4282 200407
7 4283 57937
7 4284 41033
7 4285 145675
7 4286 40961
7 4287 58024
7 4288 145421
7 4289 57112
7 4290 198504
7 4291 144540
7 4292 198504
7 4293 56829
7 4294 144417
7 4295 56849
7 4296 96774
7 4297 199598
7 4298 96898
7 4299 144625
7 4300 199482
7 4301 144597
7 4302 96897
7 4303 199616
7 4304 97842
7 4305 56823
7 4306 199442
7 4307 57778
7 4308 97846
7 4309 144622
7 4310 96795
7 4311 57776
7 4312 144374
7 4313 56847
7 4314 198504
7 4315 144543
7 4316 198504
7 4317 56830
7 4318 144420
7 4319 56850
7 4320 40884
7 4321 40955
7 4322 40956
7 4323 98578
7 4324 41029
7 4325 97750
7 4326 40958
7 4327 40959
7 4328 41097
7 4329 200768
7 4330 41096
7 4331 200716
7 4332 41096
7 4333 98649
7 4334 40961
7 4335 200763
7 4336 97873
7 4337 200698
7 4338 41036
7 4339 98653
7 4340 41101
7 4341 200675
7 4342 97880
7 4343 199621
7 4344 40956
7 4345 40961
7 4346 40956
7 4347 98679
7 4348 41032
7 4349 97805
7 4350 41097
7 4351 41098
7 4352 41107
7 4353 144625
7 4354 41238
7 4355 145587
7 4356 41160
7 4357 99580
7 4358 41168
7 4359 145669
7 4360 98807
7 4361 145965
7 4362 41234
7 4363 98757
7 4364 41304
7 4365 145886
7 4366 98868
7 4367 145760
7 4368 41096
7 4369 41098
7 4370 41160
7 4371 201523
7 4372 41232
7 4373 200680
7 4374 40961
7 4375 40961
7 4376 41168
7 4377 145713
7 4378 41172
7 4379 145709
7 4380 41106
7 4381 201687
7 4382 41104
7 4383 145894
7 4384 199688
7 4385 144724
7 4386 41178
7 4387 201475
7 4388 41237
7 4389 145853
7 4390 199882
7 4391 145144
7 4392 41104
7 4393 99538
7 4394 41168
7 4395 202475
7 4396 98764
7 4397 202370
7 4398 41168
7 4399 98725
7 4400 41101
7 4401 145842
7 4402 98750
7 4403 145795
7 4404 41104
7 4405 201578
7 4406 40961
7 4407 145681
7 4408 199883
7 4409 145144
7 4410 97885
7 4411 200629
7 4412 97909
7 4413 144676
7 4414 199677
7 4415 144724
7 4416 41027
7 4417 98656
7 4418 41101
7 4419 201495
7 4420 98768
7 4421 200525
7 4422 41103
7 4423 98707
7 4424 41172
7 4425 144667
7 4426 98678
7 4427 145717
7 4428 41170
7 4429 201317
7 4430 41102
7 4431 145721
7 4432 199553
7 4433 144721
7 4434 97886
7 4435 200560
7 4436 97900
7 4437 144676
7 4438 199554
7 4439 144597
7 4440 40955
7 4441 40962
7 4442 40961
7 4443 98679
7 4444 41032
7 4445 97810
7 4446 40959
7 4447 40957
7 4448 41098
7 4449 200787
7 4450 41100
7 4451 200754
7 4452 41098
7 4453 98652
7 4454 40961
7 4455 200763
7 4456 97879
7 4457 200698
7 4458 41038
7 4459 98658
7 4460 41101
7 4461 200675
7 4462 97880
7 4463 199621
7 4464 41027
7 4465 41032
7 4466 41032
7 4467 99143
7 4468 41044
7 4469 98913
7 4470 41035
7 4471 41038
7 4472 41028
7 4473 56823
7 4474 41170
7 4475 57985
7 4476 41232
7 4477 99912
7 4478 41107
7 4479 58033
7 4480 99086
7 4481 58151
7 4482 41188
7 4483 99841
7 4484 41246
7 4485 58100
7 4486 99141
7 4487 58115
7 4488 41098
7 4489 41100
7 4490 41235
7 4491 201711
7 4492 41243
7 4493 201613
7 4494 41102
7 4495 41102
7 4496 41105
7 4497 57977
7 4498 41178
7 4499 58000
7 4500 41178
7 4501 201799
7 4502 41174
7 4503 58136
7 4504 200480
7 4505 57935
7 4506 41241
7 4507 202402
7 4508 41312
7 4509 58129
7 4510 200714
7 4511 58136
7 4512 41238
7 4513 99604
7 4514 41172
7 4515 202539
7 4516 98921
7 4517 202488
7 4518 41304
7 4519 99887
7 4520 41176
7 4521 58248
7 4522 99790
7 4523 58184
7 4524 41237
7 4525 201826
7 4526 41106
7 4527 58146
7 4528 200723
7 4529 58145
7 4530 98062
7 4531 201485
7 4532 99100
7 4533 58078
7 4534 200583
7 4535 58082
7 4536 41171
7 4537 98861
7 4538 41174
7 4539 201595
7 4540 98778
7 4541 200543
7 4542 41243
7 4543 99957
7 4544 41249
7 4545 58007
7 4546 99791
7 4547 58238
7 4548 41308
7 4549 202375
7 4550 41249
7 4551 58263
7 4552 200558
7 4553 58076
7 4554 98157
7 4555 201329
7 4556 99021
7 4557 58081
7 4558 200397
7 4559 57991
7 4560 41029
7 4561 41032
7 4562 41032
7 4563 99139
7 4564 41044
7 4565 98913
7 4566 41096
7 4567 41100
7 4568 41238
7 4569 145866
7 4570 41305
7 4571 146041
7 4572 41232
7 4573 99911
7 4574 41172
7 4575 146038
7 4576 99119
7 4577 146089
7 4578 41245
7 4579 99913
7 4580 41309
7 4581 146087
7 4582 99124
7 4583 145831
7 4584 40960
7 4585 40962
7 4586 40961
7 4587 98669
7 4588 41031
7 4589 97757
7 4590 41100
7 4591 41102
7 4592 41107
7 4593 57913
7 4594 41182
7 4595 58137
7 4596 41169
7 4597 99666
7 4598 41108
7 4599 58003
7 4600 98947
7 4601 58192
7 4602 41178
7 4603 98747
7 4604 41250
7 4605 58191
7 4606 98941
7 4607 58102
7 4608 41037
7 4609 41037
7 4610 41173
7 4611 145856
7 4612 41245
7 4613 145909
7 4614 41036
7 4615 41036
7 4616 41170
7 4617 58119
7 4618 41178
7 4619 58193
7 4620 41034
7 4621 144883
7 4622 41034
7 4623 57990
7 4624 144371
7 4625 56847
7 4626 41176
7 4627 145973
7 4628 41183
7 4629 58253
7 4630 145462
7 4631 57129
7 4632 41171
7 4633 99727
7 4634 41239
7 4635 146235
7 4636 99868
7 4637 146374
7 4638 41236
7 4639 99667
7 4640 41170
7 4641 58131
7 4642 99632
7 4643 58200
7 4644 41109
7 4645 145888
7 4646 41105
7 4647 58199
7 4648 145536
7 4649 57124
7 4650 98874
7 4651 146151
7 4652 98925
7 4653 57984
7 4654 145838
7 4655 57192
7 4656 41178
7 4657 99834
7 4658 41306
7 4659 146207
7 4660 99929
7 4661 145997
7 4662 41184
7 4663 99725
7 4664 41308
7 4665 58180
7 4666 98777
7 4667 58252
7 4668 41247
7 4669 146135
7 4670 41243
7 4671 58316
7 4672 145754
7 4673 57193
7 4674 99031
7 4675 146150
7 4676 98974
7 4677 58119
7 4678 145634
7 4679 57140
7 4680 41036
7 4681 41038
7 4682 41234
7 4683 201898
7 4684 41245
7 4685 201567
7 4686 41101
7 4687 41101
7 4688 41304
7 4689 146021
7 4690 41309
7 4691 146146
7 4692 41178
7 4693 202525
7 4694 41237
7 4695 146186
7 4696 200647
7 4697 145194
7 4698 41180
7 4699 202541
7 4700 41256
7 4701 146183
7 4702 200803
7 4703 145328
7 4704 41101
7 4705 41101
7 4706 41169
7 4707 201742
7 4708 41243
7 4709 200778
7 4710 41034
7 4711 41034
7 4712 41172
7 4713 58084
7 4714 41181
7 4715 58201
7 4716 41240
7 4717 202521
7 4718 41170
7 4719 58189
7 4720 201398
7 4721 58209
7 4722 41313
7 4723 201650
7 4724 41310
7 4725 58211
7 4726 201405
7 4727 58153
7 4728 41036
7 4729 41036
7 4730 41238
7 4731 145984
7 4732 41248
7 4733 145938
7 4734 40960
7 4735 40960
7 4736 41104
7 4737 58109
7 4738 41105
7 4739 58110
7 4740 41109
7 4741 145804
7 4742 41107
7 4743 58198
7 4744 145584
7 4745 57132
7 4746 41182
7 4747 146015
7 4748 41181
7 4749 58199
7 4750 145582
7 4751 57134
7 4752 41034
7 4753 201747
7 4754 41105
7 4755 146064
7 4756 200644
7 4757 145059
7 4758 41105
7 4759 201730
7 4760 41031
7 4761 58132
7 4762 201387
7 4763 58015
7 4764 41036
7 4765 145931
7 4766 41029
7 4767 58135
7 4768 145756
7 4769 57190
7 4770 198504
7 4771 144540
7 4772 198504
7 4773 56829
7 4774 144417
7 4775 56849
7 4776 41096
7 4777 202422
7 4778 41173
7 4779 146177
7 4780 201437
7 4781 145481
7 4782 41170
7 4783 202350
7 4784 41170
7 4785 58114
7 4786 201317
7 4787 58125
7 4788 41174
7 4789 146172
7 4790 41167
7 4791 58246
7 4792 145713
7 4793 57184
7 4794 199432
7 4795 145005
7 4796 199432
7 4797 56996
7 4798 145005
7 4799 56996
7 4800 41027
7 4801 99384
7 4802 41103
7 4803 202720
7 4804 98776
7 4805 202730
7 4806 41101
7 4807 99488
7 4808 41172
7 4809 145972
7 4810 99531
7 4811 146270
7 4812 41170
7 4813 202572
7 4814 41102
7 4815 146104
7 4816 201581
7 4817 145492
7 4818 98572
7 4819 201529
7 4820 98692
7 4821 144968
7 4822 201377
7 4823 145072
7 4824 41103
7 4825 99400
7 4826 41104
7 4827 202724
7 4828 98646
7 4829 202661
7 4830 41168
7 4831 99629
7 4832 41035
7 4833 58055
7 4834 99693
7 4835 58231
7 4836 41166
7 4837 202537
7 4838 41167
7 4839 58272
7 4840 202287
7 4841 58266
7 4842 98707
7 4843 202258
7 4844 99653
7 4845 58069
7 4846 202130
7 4847 58191
7 4848 41168
7 4849 99631
7 4850 41166
7 4851 146323
7 4852 99724
7 4853 146149
7 4854 41101
7 4855 98475
7 4856 41164
7 4857 58204
7 4858 98554
7 4859 58247
7 4860 41031
7 4861 145844
7 4862 41030
7 4863 58127
7 4864 145710
7 4865 57192
7 4866 99593
7 4867 146136
7 4868 99401
7 4869 58113
7 4870 145665
7 4871 57183
7 4872 41034
7 4873 201770
7 4874 41101
7 4875 146021
7 4876 200777
7 4877 145317
7 4878 41103
7 4879 201644
7 4880 41030
7 4881 58133
7 4882 201404
7 4883 58129
7 4884 41029
7 4885 145805
7 4886 40957
7 4887 58041
7 4888 145551
7 4889 57138
7 4890 199432
7 4891 145005
7 4892 199432
7 4893 56996
7 4894 145005
7 4895 56996
7 4896 96772
7 4897 199597
7 4898 96898
7 4899 144623
7 4900 199478
7 4901 144597
7 4902 96897
7 4903 199615
7 4904 97840
7 4905 56822
7 4906 199438
7 4907 57778
7 4908 97844
7 4909 144620
7 4910 96793
7 4911 57776
7 4912 144372
7 4913 56846
7 4914 198478
7 4915 144542
7 4916 198478
7 4917 56829
7 4918 144419
7 4919 56849
7 4920 40884
7 4921 97706
7 4922 40960
7 4923 200680
7 4924 97831
7 4925 199721
7 4926 40960
7 4927 97813
7 4928 41097
7 4929 144621
7 4930 97899
7 4931 145553
7 4932 41094
7 4933 200597
7 4934 40965
7 4935 145554
7 4936 199632
7 4937 144728
7 4938 97879
7 4939 200502
7 4940 97906
7 4941 144675
7 4942 199632
7 4943 144601
7 4944 40959
7 4945 97817
7 4946 40961
7 4947 200718
7 4948 97835
7 4949 199721
7 4950 41031
7 4951 98904
7 4952 41032
7 4953 56823
7 4954 98843
7 4955 57978
7 4956 41096
7 4957 201446
7 4958 41102
7 4959 57885
7 4960 200450
7 4961 57931
7 4962 97958
7 4963 200520
7 4964 98957
7 4965 57977
7 4966 200409
7 4967 57978
7 4968 41033
7 4969 98900
7 4970 41096
7 4971 145721
7 4972 98992
7 4973 145685
7 4974 40964
7 4975 97758
7 4976 41100
7 4977 57911
7 4978 97894
7 4979 57949
7 4980 41034
7 4981 144872
7 4982 41033
7 4983 57978
7 4984 144367
7 4985 56847
7 4986 98779
7 4987 145759
7 4988 98649
7 4989 57907
7 4990 145419
7 4991 57112
7 4992 41031
7 4993 201440
7 4994 41098
7 4995 145843
7 4996 200469
7 4997 145010
7 4998 41098
7 4999 200700
7 5000 41031
7 5001 58003
7 5002 200407
7 5003 57937
7 5004 41033
7 5005 145675
7 5006 40961
7 5007 58024
7 5008 145421
7 5009 57112
7 5010 198504
7 5011 144540
7 5012 198504
7 5013 56829
7 5014 144417
7 5015 56849
7 5016 96774
7 5017 199598
7 5018 96898
7 5019 144625
7 5020 199482
7 5021 144597
7 5022 96897
7 5023 199616
7 5024 97842
7 5025 56823
7 5026 199442
7 5027 57778
7 5028 97846
7 5029 144622
7 5030 96795
7 5031 57776
7 5032 144374
7 5033 56847
7 5034 198504
7 5035 144543
7 5036 198504
7 5037 56830
7 5038 144420
7 5039 56850
