3 0 3628800
3 1 3628800
3 2 3628800
3 3 3628371
3 4 3627036
3 5 3627162
4 0 3618790
4 1 3622920
4 2 3618790
4 3 3624510
4 4 3622920
4 5 3624510
4 6 3509800
4 7 3541984
4 8 3539930
4 9 3454416
4 10 3573576
4 11 3494965
4 12 3301586
4 13 3457936
4 14 3256235
4 15 3301586
4 16 3440968
4 17 3256235
4 18 3440968
4 19 3457936
4 20 3457936
4 21 3244995
4 22 3440968
4 23 3256235
5 0 2881080
5 1 3247000
5 2 2872060
5 3 3336890
5 4 3258650
5 5 3309680
5 6 2881080
5 7 3247000
5 8 2946910
5 9 3049860
5 10 3258650
5 11 3102590
5 12 2946910
5 13 3336890
5 14 2881080
5 15 3102590
5 16 3309680
5 17 3049860
5 18 3247000
5 19 3336890
5 20 3258650
5 21 3037120
5 22 3309680
5 23 3049860
5 24 2472479
5 25 2816069
5 26 2468764
5 27 2843213
5 28 2822994
5 29 2819984
5 30 2581289
5 31 2873035
5 32 2642316
5 33 2299624
5 34 2922707
5 35 2392640
5 36 2648748
5 37 2963404
5 38 2683743
5 39 2372249
5 40 2964889
5 41 2387663
5 42 2903445
5 43 2976968
5 44 2942005
5 45 2401311
5 46 3013469
5 47 2417486
5 48 1593874
5 49 2118925
5 50 1619009
5 51 2124093
5 52 2136956
5 53 2127590
5 54 1567284
5 55 2078131
5 56 1627219
5 57 1614914
5 58 2095617
5 59 1619866
5 60 1619866
5 61 2095617
5 62 1614914
5 63 1627219
5 64 2078131
5 65 1567284
5 66 2127590
5 67 2136956
5 68 2124093
5 69 1619009
5 70 2118925
5 71 1593874
5 72 1622082
5 73 2446442
5 74 1626772
5 75 2132823
5 76 2438406
5 77 2102382
5 78 1621371
5 79 2439384
5 80 1611177
5 81 1630721
5 82 2460542
5 83 1622948
5 84 1623237
5 85 2124597
5 86 1567284
5 87 1628658
5 88 2118925
5 89 1593874
5 90 2374716
5 91 2082619
5 92 2409720
5 93 1564975
5 94 2078131
5 95 1567284
5 96 2078131
5 97 2416648
5 98 2084234
5 99 2085386
5 100 2431485
5 101 2091655
5 102 2090019
5 103 2417906
5 104 2115512
5 105 1562578
5 106 2428816
5 107 1610892
5 108 2116735
5 109 2084014
5 110 2083150
5 111 1610310
5 112 2071844
5 113 1565551
5 114 2374716
5 115 2082619
5 116 2409720
5 117 1564975
5 118 2078131
5 119 1567284
6 0 1054360
6 1 1463890
6 2 1053920
6 3 1996700
6 4 1465420
6 5 1962140
6 6 1053910
6 7 1460500
6 8 1078340
6 9 1773450
6 10 1465950
6 11 1795570
6 12 1078340
6 13 2003830
6 14 1053810
6 15 1795550
6 16 1983720
6 17 1776600
6 18 1470660
6 19 2003830
6 20 1466560
6 21 1772540
6 22 1983540
6 23 1768960
6 24 1054360
6 25 1463890
6 26 1053920
6 27 1996700
6 28 1465420
6 29 1962140
6 30 1067450
6 31 1504080
6 32 1083430
6 33 1185280
6 34 1503130
6 35 1229920
6 36 1083770
6 37 2033220
6 38 1086880
6 39 1222730
6 40 2007480
6 41 1228480
6 42 1475520
6 43 2007770
6 44 1506350
6 45 1231580
6 46 2008800
6 47 1230260
6 48 1067450
6 49 1504080
6 50 1081470
6 51 1805850
6 52 1511240
6 53 1804290
6 54 1054360
6 55 1463890
6 56 1084380
6 57 1225230
6 58 1472150
6 59 1228560
6 60 1078170
6 61 1782630
6 62 1075490
6 63 1232000
6 64 1768960
6 65 1185280
6 66 1505110
6 67 1809720
6 68 1497280
6 69 1226150
6 70 1794340
6 71 1202730
6 72 1078590
6 73 2023000
6 74 1084590
6 75 1809240
6 76 2009060
6 77 1788340
6 78 1080000
6 79 2010230
6 80 1074680
6 81 1234030
6 82 2016960
6 83 1228590
6 84 1082620
6 85 1801960
6 86 1054360
6 87 1234090
6 88 1794340
6 89 1202730
6 90 1962140
6 91 1773090
6 92 1977380
6 93 1183570
6 94 1768960
6 95 1185280
6 96 1463890
6 97 1999560
6 98 1468900
6 99 1775840
6 100 2003490
6 101 1778870
6 102 1471500
6 103 2000820
6 104 1498270
6 105 1182080
6 106 2000630
6 107 1220500
6 108 1499400
6 109 1775260
6 110 1465460
6 111 1220090
6 112 1765110
6 113 1184440
6 114 1962140
6 115 1773090
6 116 1977380
6 117 1183570
6 118 1768960
6 119 1185280
6 120 1031120
6 121 1403670
6 122 1029269
6 123 1618874
6 124 1407293
6 125 1602972
6 126 1031009
6 127 1402722
6 128 1056584
6 129 1357328
6 130 1407771
6 131 1380547
6 132 1056582
6 133 1621499
6 134 1030982
6 135 1380571
6 136 1610524
6 137 1358615
6 138 1405935
6 139 1621293
6 140 1407927
6 141 1355190
6 142 1610680
6 143 1355222
6 144 1054900
6 145 1446093
6 146 1054799
6 147 1630068
6 148 1446351
6 149 1620372
6 150 1073892
6 151 1478869
6 152 1106345
6 153 930110
6 154 1481512
6 155 952634
6 156 1127920
6 157 1712229
6 158 1124453
6 159 952070
6 160 1702513
6 161 962769
6 162 1471121
6 163 1707083
6 164 1496200
6 165 962144
6 166 1714285
6 167 957967
6 168 1080000
6 169 1487374
6 170 1102408
6 171 1451297
6 172 1492743
6 173 1454205
6 174 1084725
6 175 1498077
6 176 1122761
6 177 952221
6 178 1494546
6 179 952879
6 180 1117289
6 181 1441412
6 182 1114368
6 183 960687
6 184 1428311
6 185 950389
6 186 1483667
6 187 1485335
6 188 1499189
6 189 962077
6 190 1466942
6 191 965411
6 192 1113018
6 193 1718083
6 194 1114213
6 195 1466401
6 196 1709333
6 197 1446395
6 198 1127993
6 199 1717545
6 200 1123475
6 201 965055
6 202 1716360
6 203 961663
6 204 1130520
6 205 1486497
6 206 1123078
6 207 958558
6 208 1479161
6 209 964188
6 210 1695562
6 211 1450842
6 212 1714956
6 213 956139
6 214 1493541
6 215 957043
6 216 1435281
6 217 1691661
6 218 1436015
6 219 1438398
6 220 1694146
6 221 1438683
6 222 1471965
6 223 1705151
6 224 1499061
6 225 953822
6 226 1720137
6 227 965584
6 228 1499393
6 229 1487301
6 230 1502057
6 231 967525
6 232 1485680
6 233 956999
6 234 1702726
6 235 1464843
6 236 1717439
6 237 957748
6 238 1499180
6 239 956963
6 240 350475
6 241 510397
6 242 350463
6 243 861919
6 244 510621
6 245 854589
6 246 352631
6 247 519770
6 248 358418
6 249 517028
6 250 520424
6 251 522006
6 252 357659
6 253 875818
6 254 356962
6 255 520790
6 256 869825
6 257 521643
6 258 514534
6 259 871703
6 260 520736
6 261 521600
6 262 868916
6 263 520136
6 264 348599
6 265 506265
6 266 348538
6 267 859419
6 268 506693
6 269 847880
6 270 352780
6 271 521024
6 272 355914
6 273 352576
6 274 521365
6 275 354370
6 276 356142
6 277 874918
6 278 355850
6 279 353119
6 280 866660
6 281 355735
6 282 510419
6 283 861788
6 284 521845
6 285 355830
6 286 864252
6 287 354017
6 288 351430
6 289 520689
6 290 357193
6 291 518468
6 292 524710
6 293 522434
6 294 351344
6 295 520068
6 296 357162
6 297 355211
6 298 520366
6 299 355859
6 300 354079
6 301 508470
6 302 354050
6 303 354836
6 304 506265
6 305 348599
6 306 522352
6 307 524705
6 308 523028
6 309 358558
6 310 520668
6 311 351526
6 312 356510
6 313 875352
6 314 358233
6 315 522698
6 316 874981
6 317 523482
6 318 357780
6 319 876090
6 320 356941
6 321 356248
6 322 876328
6 323 357915
6 324 356019
6 325 521645
6 326 355060
6 327 357194
6 328 519262
6 329 351187
6 330 862203
6 331 521826
6 332 865153
6 333 355709
6 334 520543
6 335 352662
6 336 513252
6 337 872454
6 338 522341
6 339 524472
6 340 874986
6 341 523721
6 342 513553
6 343 872275
6 344 522676
6 345 357682
6 346 866818
6 347 357389
6 348 523934
6 349 523553
6 350 520705
6 351 359964
6 352 521140
6 353 352818
6 354 864724
6 355 524539
6 356 865900
6 357 357603
6 358 521308
6 359 351529
6 360 351529
6 361 521308
6 362 357603
6 363 865900
6 364 524539
6 365 864724
6 366 352818
6 367 521140
6 368 359964
6 369 520705
6 370 523553
6 371 523934
6 372 357389
6 373 866818
6 374 357682
6 375 522676
6 376 872275
6 377 513553
6 378 523721
6 379 874986
6 380 524472
6 381 522341
6 382 872454
6 383 513252
6 384 352662
6 385 520543
6 386 355709
6 387 865153
6 388 521826
6 389 862203
6 390 351187
6 391 519262
6 392 357194
6 393 355060
6 394 521645
6 395 356019
6 396 357915
6 397 876328
6 398 356248
6 399 356941
6 400 876090
6 401 357780
6 402 523482
6 403 874981
6 404 522698
6 405 358233
6 406 875352
6 407 356510
6 408 351526
6 409 520668
6 410 358558
6 411 523028
6 412 524705
6 413 522352
6 414 348599
6 415 506265
6 416 354836
6 417 354050
6 418 508470
6 419 354079
6 420 355859
6 421 520366
6 422 355211
6 423 357162
6 424 520068
6 425 351344
6 426 522434
6 427 524710
6 428 518468
6 429 357193
6 430 520689
6 431 351430
6 432 354017
6 433 864252
6 434 355830
6 435 521845
6 436 861788
6 437 510419
6 438 355735
6 439 866660
6 440 353119
6 441 355850
6 442 874918
6 443 356142
6 444 354370
6 445 521365
6 446 352576
6 447 355914
6 448 521024
6 449 352780
6 450 847880
6 451 506693
6 452 859419
6 453 348538
6 454 506265
6 455 348599
6 456 520136
6 457 868916
6 458 521600
6 459 520736
6 460 871703
6 461 514534
6 462 521643
6 463 869825
6 464 520790
6 465 356962
6 466 875818
6 467 357659
6 468 522006
6 469 520424
6 470 517028
6 471 358418
6 472 519770
6 473 352631
6 474 854589
6 475 510621
6 476 861919
6 477 350463
6 478 510397
6 479 350475
6 480 353174
6 481 872341
6 482 354972
6 483 865738
6 484 867416
6 485 861991
6 486 354895
6 487 871386
6 488 357344
6 489 522536
6 490 874977
6 491 523093
6 492 357269
6 493 872930
6 494 354927
6 495 524071
6 496 875201
6 497 514987
6 498 861746
6 499 864584
6 500 864730
6 501 510912
6 502 868805
6 503 511356
6 504 354862
6 505 873742
6 506 354894
6 507 867579
6 508 867410
6 509 860844
6 510 356298
6 511 872077
6 512 354097
6 513 355764
6 514 874863
6 515 358550
6 516 356869
6 517 872767
6 518 356965
6 519 357472
6 520 875329
6 521 359373
6 522 868641
6 523 868556
6 524 873597
6 525 356342
6 526 874453
6 527 357829
6 528 356515
6 529 870156
6 530 356291
6 531 523481
6 532 876017
6 533 521976
6 534 354006
6 535 862001
6 536 356118
6 537 356992
6 538 865543
6 539 357546
6 540 353180
6 541 520437
6 542 353024
6 543 355827
6 544 521497
6 545 352878
6 546 870895
6 547 523599
6 548 870591
6 549 357746
6 550 520126
6 551 352691
6 552 354175
6 553 865606
6 554 355681
6 555 522943
6 556 868199
6 557 513739
6 558 355516
6 559 866715
6 560 353733
6 561 355968
6 562 875180
6 563 357731
6 564 354064
6 565 521649
6 566 348599
6 567 354201
6 568 521830
6 569 351651
6 570 854589
6 571 510621
6 572 861919
6 573 350463
6 574 510397
6 575 350475
6 576 847880
6 577 852211
6 578 850340
6 579 507501
6 580 860162
6 581 507932
6 582 851165
6 583 852124
6 584 856804
6 585 348523
6 586 860274
6 587 353578
6 588 856777
6 589 507412
6 590 850634
6 591 353578
6 592 505780
6 593 348533
6 594 847880
6 595 506693
6 596 859419
6 597 348538
6 598 506265
6 599 348599
6 600 506265
6 601 859673
6 602 508023
6 603 853359
6 604 862506
6 605 852551
6 606 508360
6 607 860143
6 608 519098
6 609 507274
6 610 864394
6 611 517764
6 612 519331
6 613 861646
6 614 508058
6 615 517578
6 616 862993
6 617 509737
6 618 861095
6 619 863313
6 620 862308
6 621 509592
6 622 863066
6 623 508101
6 624 508459
6 625 861449
6 626 508199
6 627 854991
6 628 862786
6 629 852487
6 630 512036
6 631 867908
6 632 520157
6 633 348527
6 634 870221
6 635 355315
6 636 520635
6 637 865569
6 638 521671
6 639 354086
6 640 863280
6 641 355283
6 642 866194
6 643 864666
6 644 872032
6 645 355964
6 646 871127
6 647 354844
6 648 512118
6 649 868041
6 650 520150
6 651 516448
6 652 873027
6 653 518634
6 654 508573
6 655 860774
6 656 521433
6 657 354267
6 658 865890
6 659 354710
6 660 519242
6 661 509123
6 662 518480
6 663 355936
6 664 505514
6 665 348523
6 666 867084
6 667 519887
6 668 869070
6 669 355389
6 670 518279
6 671 352406
6 672 519665
6 673 865678
6 674 519991
6 675 519181
6 676 862479
6 677 510491
6 678 519512
6 679 865508
6 680 518132
6 681 356303
6 682 873083
6 683 355729
6 684 519414
6 685 518520
6 686 506693
6 687 355553
6 688 518208
6 689 352406
6 690 847123
6 691 506582
6 692 859183
6 693 348475
6 694 506131
6 695 348537
6 696 847880
6 697 852211
6 698 850340
6 699 507501
6 700 860162
6 701 507932
6 702 851165
6 703 852124
6 704 856804
6 705 348523
6 706 860274
6 707 353578
6 708 856777
6 709 507412
6 710 850634
6 711 353578
6 712 505780
6 713 348533
6 714 847880
6 715 506693
6 716 859419
6 717 348538
6 718 506265
6 719 348599
7 0 180430
7 1 231580
7 2 180420
7 3 495420
7 4 231830
7 5 489060
7 6 180420
7 7 231570
7 8 181450
7 9 620990
7 10 232330
7 11 622820
7 12 181450
7 13 494920
7 14 180420
7 15 622840
7 16 489570
7 17 621010
7 18 232130
7 19 494900
7 20 232340
7 21 620770
7 22 489590
7 23 618660
7 24 180420
7 25 231570
7 26 180410
7 27 495320
7 28 231830
7 29 488730
7 30 181450
7 31 236190
7 32 181550
7 33 358330
7 34 236460
7 35 364800
7 36 181940
7 37 501020
7 38 181980
7 39 364640
7 40 495470
7 41 365180
7 42 233300
7 43 494940
7 44 236700
7 45 365110
7 46 495270
7 47 365340
7 48 181450
7 49 236190
7 50 181940
7 51 628810
7 52 236700
7 53 626660
7 54 180420
7 55 231570
7 56 181980
7 57 364870
7 58 232860
7 59 365080
7 60 181530
7 61 627610
7 62 181510
7 63 365660
7 64 623630
7 65 358930
7 66 236050
7 67 629500
7 68 235410
7 69 365140
7 70 625690
7 71 360320
7 72 181550
7 73 500640
7 74 181980
7 75 630540
7 76 495820
7 77 628700
7 78 181980
7 79 495210
7 80 181480
7 81 365620
7 82 495030
7 83 365170
7 84 181510
7 85 629000
7 86 180420
7 87 365280
7 88 625690
7 89 360280
7 90 489600
7 91 625380
7 92 489510
7 93 358670
7 94 623830
7 95 358870
7 96 232140
7 97 495720
7 98 232910
7 99 626340
7 100 495390
7 101 624440
7 102 232900
7 103 495790
7 104 236010
7 105 358580
7 106 494240
7 107 364720
7 108 236030
7 109 626990
7 110 232370
7 111 364660
7 112 623200
7 113 358880
7 114 489630
7 115 625180
7 116 488940
7 117 358670
7 118 623210
7 119 358330
7 120 180430
7 121 231580
7 122 180420
7 123 495420
7 124 231830
7 125 489060
7 126 180420
7 127 231570
7 128 181450
7 129 620990
7 130 232330
7 131 622820
7 132 181450
7 133 494920
7 134 180420
7 135 622840
7 136 489570
7 137 621010
7 138 232130
7 139 494900
7 140 232340
7 141 620770
7 142 489590
7 143 618660
7 144 180960
7 145 232770
7 146 180960
7 147 497260
7 148 232850
7 149 494360
7 150 181030
7 151 237090
7 152 180990
7 153 194480
7 154 237200
7 155 197770
7 156 182470
7 157 502630
7 158 181540
7 159 197660
7 160 496880
7 161 198190
7 162 234080
7 163 500460
7 164 237480
7 165 198260
7 166 496610
7 167 197760
7 168 181470
7 169 236880
7 170 182490
7 171 629150
7 172 237700
7 173 628910
7 174 181490
7 175 237220
7 176 181520
7 177 197210
7 178 236930
7 179 197250
7 180 182080
7 181 627440
7 182 182040
7 183 198220
7 184 624950
7 185 197280
7 186 237140
7 187 631680
7 188 237660
7 189 198260
7 190 627450
7 191 198310
7 192 182510
7 193 500810
7 194 182020
7 195 631080
7 196 496510
7 197 629480
7 198 183000
7 199 501660
7 200 182060
7 201 198690
7 202 500260
7 203 198670
7 204 182500
7 205 630390
7 206 181530
7 207 197730
7 208 628140
7 209 198240
7 210 490750
7 211 627790
7 212 495920
7 213 197760
7 214 629150
7 215 197750
7 216 233430
7 217 497260
7 218 233470
7 219 626900
7 220 495410
7 221 624560
7 222 234500
7 223 502360
7 224 237770
7 225 197790
7 226 500300
7 227 198760
7 228 237620
7 229 631910
7 230 237730
7 231 198770
7 232 628150
7 233 197780
7 234 491390
7 235 627220
7 236 495060
7 237 197790
7 238 628330
7 239 197240
7 240 180960
7 241 232770
7 242 180960
7 243 497260
7 244 232850
7 245 494360
7 246 181470
7 247 236560
7 248 182510
7 249 364460
7 250 236990
7 251 366180
7 252 182490
7 253 502700
7 254 182020
7 255 365910
7 256 497050
7 257 366100
7 258 234270
7 259 501190
7 260 237050
7 261 366000
7 262 496860
7 263 365600
7 264 180430
7 265 231580
7 266 180420
7 267 495420
7 268 231830
7 269 489060
7 270 181490
7 271 236860
7 272 181540
7 273 196960
7 274 236930
7 275 197810
7 276 181990
7 277 501880
7 278 181550
7 279 197230
7 280 496480
7 281 198240
7 282 233160
7 283 495400
7 284 237180
7 285 198270
7 286 495730
7 287 197710
7 288 181020
7 289 236400
7 290 182050
7 291 364850
7 292 237960
7 293 366040
7 294 181010
7 295 236100
7 296 182020
7 297 197980
7 298 236560
7 299 198280
7 300 181020
7 301 358870
7 302 181020
7 303 197770
7 304 358330
7 305 194480
7 306 236930
7 307 366580
7 308 237130
7 309 199210
7 310 365300
7 311 195580
7 312 182050
7 313 502690
7 314 182520
7 315 366280
7 316 502170
7 317 366610
7 318 182510
7 319 502500
7 320 182000
7 321 198250
7 322 501380
7 323 198770
7 324 181560
7 325 365910
7 326 181520
7 327 198750
7 328 365200
7 329 195490
7 330 495990
7 331 365990
7 332 496130
7 333 197980
7 334 365760
7 335 195970
7 336 233770
7 337 502070
7 338 237600
7 339 366840
7 340 501570
7 341 366710
7 342 233980
7 343 501790
7 344 237590
7 345 198720
7 346 495630
7 347 198770
7 348 237460
7 349 366100
7 350 236570
7 351 199680
7 352 365650
7 353 196020
7 354 496660
7 355 366920
7 356 496410
7 357 198720
7 358 366000
7 359 195560
7 360 181030
7 361 236440
7 362 182470
7 363 627140
7 364 237690
7 365 626100
7 366 181490
7 367 236900
7 368 183000
7 369 365430
7 370 238140
7 371 366770
7 372 182080
7 373 628970
7 374 182500
7 375 365900
7 376 628240
7 377 360780
7 378 237240
7 379 631250
7 380 237760
7 381 365680
7 382 628210
7 383 360630
7 384 181490
7 385 236230
7 386 181990
7 387 626910
7 388 236760
7 389 624560
7 390 180990
7 391 236050
7 392 182020
7 393 197950
7 394 236850
7 395 198330
7 396 182530
7 397 632360
7 398 182000
7 399 198690
7 400 630630
7 401 198740
7 402 237290
7 403 630190
7 404 237250
7 405 198990
7 406 629990
7 407 198290
7 408 181010
7 409 237070
7 410 182510
7 411 366570
7 412 238340
7 413 366180
7 414 180430
7 415 231580
7 416 181520
7 417 197720
7 418 232380
7 419 197730
7 420 181560
7 421 365280
7 422 181540
7 423 198740
7 424 365530
7 425 195520
7 426 237280
7 427 366770
7 428 235730
7 429 198730
7 430 365720
7 431 195540
7 432 181020
7 433 626610
7 434 181560
7 435 365660
7 436 624840
7 437 359410
7 438 181560
7 439 627510
7 440 180990
7 441 198290
7 442 630370
7 443 198230
7 444 181040
7 445 365640
7 446 180970
7 447 198310
7 448 365640
7 449 196010
7 450 618660
7 451 358330
7 452 622680
7 453 194470
7 454 358330
7 455 194480
7 456 236090
7 457 629230
7 458 236690
7 459 365140
7 460 629030
7 461 361040
7 462 236580
7 463 629630
7 464 236320
7 465 198690
7 466 630360
7 467 198720
7 468 237020
7 469 365100
7 470 235190
7 471 199170
7 472 365140
7 473 195980
7 474 620520
7 475 359800
7 476 622720
7 477 195060
7 478 359800
7 479 195060
7 480 180990
7 481 501860
7 482 181540
7 483 628690
7 484 497410
7 485 627350
7 486 181520
7 487 501400
7 488 182060
7 489 365680
7 490 500920
7 491 366120
7 492 182040
7 493 631050
7 494 181530
7 495 366590
7 496 630250
7 497 361240
7 498 495470
7 499 627180
7 500 495730
7 501 359440
7 502 628390
7 503 359840
7 504 181540
7 505 502080
7 506 181550
7 507 629200
7 508 496820
7 509 627130
7 510 182020
7 511 501960
7 512 181030
7 513 198280
7 514 502140
7 515 199220
7 516 182000
7 517 631030
7 518 182010
7 519 198810
7 520 631490
7 521 199270
7 522 496480
7 523 629270
7 524 500770
7 525 198270
7 526 631700
7 527 198760
7 528 182020
7 529 501190
7 530 182000
7 531 366420
7 532 501990
7 533 365840
7 534 181520
7 535 495390
7 536 181980
7 537 198560
7 538 495870
7 539 198820
7 540 180990
7 541 365120
7 542 180980
7 543 198300
7 544 365620
7 545 196040
7 546 500790
7 547 366380
7 548 500150
7 549 198750
7 550 365110
7 551 196000
7 552 181020
7 553 626850
7 554 181520
7 555 366120
7 556 626730
7 557 360760
7 558 181540
7 559 627260
7 560 180980
7 561 198330
7 562 629870
7 563 198760
7 564 180970
7 565 365640
7 566 180430
7 567 197790
7 568 365880
7 569 195600
7 570 620520
7 571 359800
7 572 622720
7 573 195060
7 574 359800
7 575 195060
7 576 489060
7 577 621490
7 578 489110
7 579 358370
7 580 624260
7 581 358830
7 582 489420
7 583 621480
7 584 493980
7 585 194470
7 586 624280
7 587 197210
7 588 494000
7 589 358350
7 590 489060
7 591 197210
7 592 358070
7 593 194470
7 594 618660
7 595 358330
7 596 622680
7 597 194470
7 598 358330
7 599 194480
7 600 231580
7 601 495130
7 602 232380
7 603 623360
7 604 495630
7 605 621560
7 606 232400
7 607 495500
7 608 236550
7 609 358280
7 610 495640
7 611 364180
7 612 236560
7 613 626360
7 614 232510
7 615 364140
7 616 625340
7 617 359330
7 618 495340
7 619 626350
7 620 494700
7 621 359160
7 622 625350
7 623 358880
7 624 232450
7 625 495800
7 626 232450
7 627 623890
7 628 495630
7 629 621560
7 630 233490
7 631 500920
7 632 236680
7 633 194470
7 634 500190
7 635 198160
7 636 237100
7 637 628750
7 638 237380
7 639 197460
7 640 626560
7 641 197740
7 642 495510
7 643 626910
7 644 500230
7 645 198180
7 646 629130
7 647 197750
7 648 233470
7 649 500970
7 650 236800
7 651 363970
7 652 501690
7 653 364770
7 654 232420
7 655 495400
7 656 237090
7 657 197490
7 658 496030
7 659 197730
7 660 236110
7 661 359010
7 662 235780
7 663 198170
7 664 358000
7 665 194470
7 666 500070
7 667 365080
7 668 499590
7 669 197920
7 670 364620
7 671 195930
7 672 236090
7 673 628430
7 674 236610
7 675 364580
7 676 626320
7 677 359500
7 678 236030
7 679 627730
7 680 235790
7 681 198400
7 682 630090
7 683 198140
7 684 236690
7 685 364390
7 686 231830
7 687 198200
7 688 364600
7 689 195930
7 690 618450
7 691 358300
7 692 622680
7 693 194460
7 694 358300
7 695 194470
7 696 489060
7 697 621490
7 698 489110
7 699 358370
7 700 624260
7 701 358830
7 702 489420
7 703 621480
7 704 493980
7 705 194470
7 706 624280
7 707 197210
7 708 494000
7 709 358350
7 710 489060
7 711 197210
7 712 358070
7 713 194470
7 714 618660
7 715 358330
7 716 622680
7 717 194470
7 718 358330
7 719 194480
7 720 234157
7 721 361045
7 722 234104
7 723 571830
7 724 361277
7 725 565134
7 726 234103
7 727 360572
7 728 238190
7 729 514023
7 730 361458
7 731 518917
7 732 238190
7 733 573225
7 734 234093
7 735 518913
7 736 568824
7 737 514526
7 738 362110
7 739 573220
7 740 361533
7 741 513904
7 742 568806
7 743 512942
7 744 234155
7 745 361043
7 746 234102
7 747 571810
7 748 361277
7 749 565058
7 750 236223
7 751 368942
7 752 238949
7 753 308147
7 754 368809
7 755 316314
7 756 239088
7 757 579166
7 758 239529
7 759 315144
7 760 573909
7 761 315995
7 762 363032
7 763 573827
7 764 369306
7 765 316539
7 766 574388
7 767 316268
7 768 236223
7 769 368942
7 770 238747
7 771 521731
7 772 370034
7 773 521236
7 774 234155
7 775 361043
7 776 239166
7 777 315481
7 778 362458
7 779 316013
7 780 238187
7 781 516950
7 782 237800
7 783 316743
7 784 514271
7 785 308322
7 786 369070
7 787 522579
7 788 367778
7 789 315859
7 790 519733
7 791 311008
7 792 238242
7 793 577588
7 794 239192
7 795 522613
7 796 574198
7 797 517927
7 798 238514
7 799 574217
7 800 237696
7 801 317069
7 802 575622
7 803 316243
7 804 238845
7 805 521314
7 806 234155
7 807 316897
7 808 519733
7 809 310998
7 810 565267
7 811 515166
7 812 567932
7 813 308066
7 814 514321
7 815 308307
7 816 361184
7 817 572399
7 818 362030
7 819 515668
7 820 573283
7 821 515747
7 822 362406
7 823 572566
7 824 368058
7 825 307884
7 826 572691
7 827 315018
7 828 368192
7 829 515740
7 830 361416
7 831 314959
7 832 513606
7 833 308216
7 834 565274
7 835 515111
7 836 567792
7 837 308066
7 838 514159
7 839 308147
7 840 235861
7 841 363213
7 842 235812
7 843 577393
7 844 363417
7 845 571772
7 846 235859
7 847 363211
7 848 238919
7 849 515087
7 850 363532
7 851 520131
7 852 238919
7 853 577277
7 854 235859
7 855 520137
7 856 571890
7 857 515093
7 858 363338
7 859 577267
7 860 363534
7 861 514525
7 862 571900
7 863 514658
7 864 236325
7 865 366099
7 866 236324
7 867 574681
7 868 366131
7 869 573567
7 870 237113
7 871 376589
7 872 239643
7 873 222768
7 874 376123
7 875 224390
7 876 243367
7 877 586839
7 878 241320
7 879 224457
7 880 579349
7 881 225931
7 882 369035
7 883 586137
7 884 377222
7 885 225810
7 886 580167
7 887 224694
7 888 241155
7 889 378537
7 890 244207
7 891 536450
7 892 378858
7 893 536616
7 894 238772
7 895 378687
7 896 241389
7 897 224580
7 898 377243
7 899 224640
7 900 244256
7 901 539455
7 902 242627
7 903 226901
7 904 537442
7 905 226088
7 906 377611
7 907 543459
7 908 378581
7 909 227009
7 910 540052
7 911 227184
7 912 243591
7 913 592054
7 914 243593
7 915 539208
7 916 586798
7 917 534416
7 918 244600
7 919 590548
7 920 242555
7 921 226958
7 922 587705
7 923 226885
7 924 244634
7 925 541899
7 926 241620
7 927 224769
7 928 540639
7 929 227183
7 930 579365
7 931 534399
7 932 585268
7 933 226165
7 934 542031
7 935 226134
7 936 367026
7 937 585009
7 938 367089
7 939 529832
7 940 584778
7 941 529580
7 942 370205
7 943 590018
7 944 378456
7 945 226025
7 946 588560
7 947 227107
7 948 378054
7 949 544718
7 950 378437
7 951 227237
7 952 541112
7 953 226029
7 954 579612
7 955 534457
7 956 584418
7 957 226122
7 958 540745
7 959 224719
7 960 237574
7 961 367052
7 962 237570
7 963 579531
7 964 367101
7 965 577511
7 966 239525
7 967 374713
7 968 243696
7 969 324113
7 970 375156
7 971 327146
7 972 242654
7 973 587144
7 974 243568
7 975 327037
7 976 583865
7 977 325764
7 978 368846
7 979 586796
7 980 375140
7 981 325757
7 982 583910
7 983 325769
7 984 237702
7 985 367367
7 986 237700
7 987 579743
7 988 367400
7 989 578377
7 990 238718
7 991 378574
7 992 241446
7 993 224525
7 994 377332
7 995 224798
7 996 243652
7 997 590430
7 998 241499
7 999 224525
7 1000 581998
7 1001 226124
7 1002 369279
7 1003 588248
7 1004 377669
7 1005 226124
7 1006 581883
7 1007 224821
7 1008 238755
7 1009 377784
7 1010 242804
7 1011 325502
7 1012 379021
7 1013 327527
7 1014 238647
7 1015 377253
7 1016 242537
7 1017 226002
7 1018 377239
7 1019 226132
7 1020 241324
7 1021 318762
7 1022 241187
7 1023 226030
7 1024 317060
7 1025 224462
7 1026 377332
7 1027 330123
7 1028 377451
7 1029 228339
7 1030 326736
7 1031 226064
7 1032 243106
7 1033 590587
7 1034 245018
7 1035 330443
7 1036 589141
7 1037 329925
7 1038 244487
7 1039 591745
7 1040 242534
7 1041 226897
7 1042 589312
7 1043 228200
7 1044 242812
7 1045 327353
7 1046 242071
7 1047 227246
7 1048 325405
7 1049 225961
7 1050 580280
7 1051 327945
7 1052 584051
7 1053 227147
7 1054 327297
7 1055 227131
7 1056 369042
7 1057 589989
7 1058 376758
7 1059 330092
7 1060 592757
7 1061 330425
7 1062 370160
7 1063 591289
7 1064 379075
7 1065 228223
7 1066 589829
7 1067 227375
7 1068 378230
7 1069 330204
7 1070 377303
7 1071 229457
7 1072 327981
7 1073 227131
7 1074 582677
7 1075 330013
7 1076 585127
7 1077 228234
7 1078 327888
7 1079 226183
7 1080 239815
7 1081 376966
7 1082 243980
7 1083 537417
7 1084 378471
7 1085 537409
7 1086 239912
7 1087 377061
7 1088 245066
7 1089 326845
7 1090 378553
7 1091 329156
7 1092 244030
7 1093 538755
7 1094 243228
7 1095 328378
7 1096 538013
7 1097 321723
7 1098 377376
7 1099 539867
7 1100 377534
7 1101 327171
7 1102 537970
7 1103 321875
7 1104 241219
7 1105 378519
7 1106 244267
7 1107 537276
7 1108 378858
7 1109 536644
7 1110 238829
7 1111 378629
7 1112 242783
7 1113 226073
7 1114 378508
7 1115 226150
7 1116 245480
7 1117 541802
7 1118 242527
7 1119 226893
7 1120 540572
7 1121 228339
7 1122 378831
7 1123 543789
7 1124 379091
7 1125 228383
7 1126 541152
7 1127 227379
7 1128 240190
7 1129 379264
7 1130 244253
7 1131 329687
7 1132 379821
7 1133 329073
7 1134 238931
7 1135 378204
7 1136 241732
7 1137 224839
7 1138 376773
7 1139 224835
7 1140 242906
7 1141 327324
7 1142 242595
7 1143 227248
7 1144 327120
7 1145 226078
7 1146 377980
7 1147 330938
7 1148 378359
7 1149 227388
7 1150 327030
7 1151 226121
7 1152 242925
7 1153 541310
7 1154 243045
7 1155 328912
7 1156 540072
7 1157 320895
7 1158 244361
7 1159 541639
7 1160 241509
7 1161 226256
7 1162 542165
7 1163 227366
7 1164 243144
7 1165 329700
7 1166 241558
7 1167 226215
7 1168 328562
7 1169 227141
7 1170 537336
7 1171 319010
7 1172 539364
7 1173 224712
7 1174 325962
7 1175 224719
7 1176 376011
7 1177 543690
7 1178 376142
7 1179 328512
7 1180 543966
7 1181 324424
7 1182 377703
7 1183 543825
7 1184 377513
7 1185 227374
7 1186 542859
7 1187 228448
7 1188 378620
7 1189 330644
7 1190 377363
7 1191 228363
7 1192 328673
7 1193 227039
7 1194 539290
7 1195 321609
7 1196 540723
7 1197 226038
7 1198 328711
7 1199 226036
7 1200 241722
7 1201 587018
7 1202 241879
7 1203 537697
7 1204 584798
7 1205 533575
7 1206 241780
7 1207 586929
7 1208 242963
7 1209 328895
7 1210 589059
7 1211 328965
7 1212 242960
7 1213 538518
7 1214 241893
7 1215 329618
7 1216 538317
7 1217 323212
7 1218 580308
7 1219 532542
7 1220 581073
7 1221 320515
7 1222 533070
7 1223 320699
7 1224 243385
7 1225 592281
7 1226 243484
7 1227 538651
7 1228 586918
7 1229 533619
7 1230 243614
7 1231 589391
7 1232 241446
7 1233 226232
7 1234 589344
7 1235 228341
7 1236 245642
7 1237 542685
7 1238 242726
7 1239 227263
7 1240 543843
7 1241 229462
7 1242 585357
7 1243 535286
7 1244 589433
7 1245 227259
7 1246 543867
7 1247 228352
7 1248 244546
7 1249 592486
7 1250 245144
7 1251 332231
7 1252 593206
7 1253 330926
7 1254 243725
7 1255 589795
7 1256 242839
7 1257 227275
7 1258 588264
7 1259 227401
7 1260 243033
7 1261 330411
7 1262 241539
7 1263 226121
7 1264 330194
7 1265 227154
7 1266 589246
7 1267 330847
7 1268 590214
7 1269 228450
7 1270 329083
7 1271 227037
7 1272 243201
7 1273 542319
7 1274 243271
7 1275 330853
7 1276 541747
7 1277 323434
7 1278 244550
7 1279 542184
7 1280 241631
7 1281 226223
7 1282 542570
7 1283 228367
7 1284 243155
7 1285 330493
7 1286 241511
7 1287 224855
7 1288 329492
7 1289 226191
7 1290 539650
7 1291 321969
7 1292 540898
7 1293 226038
7 1294 328958
7 1295 226034
7 1296 572818
7 1297 531718
7 1298 572817
7 1299 320104
7 1300 532644
7 1301 320227
7 1302 579863
7 1303 533955
7 1304 581818
7 1305 224715
7 1306 541711
7 1307 226148
7 1308 584763
7 1309 328715
7 1310 581394
7 1311 226154
7 1312 327880
7 1313 224678
7 1314 539899
7 1315 322257
7 1316 540563
7 1317 224734
7 1318 328038
7 1319 224729
7 1320 364723
7 1321 578157
7 1322 364538
7 1323 527975
7 1324 580478
7 1325 527241
7 1326 364852
7 1327 577853
7 1328 372003
7 1329 318724
7 1330 580503
7 1331 324738
7 1332 372006
7 1333 528811
7 1334 365018
7 1335 324616
7 1336 528280
7 1337 319133
7 1338 578238
7 1339 529001
7 1340 580296
7 1341 318902
7 1342 528296
7 1343 318986
7 1344 366800
7 1345 584726
7 1346 366921
7 1347 529019
7 1348 584750
7 1349 528809
7 1350 369313
7 1351 588039
7 1352 377277
7 1353 224529
7 1354 588324
7 1355 226184
7 1356 379123
7 1357 543850
7 1358 378848
7 1359 226079
7 1360 541783
7 1361 227248
7 1362 585249
7 1363 535201
7 1364 589004
7 1365 227123
7 1366 542344
7 1367 226239
7 1368 369876
7 1369 590423
7 1370 376829
7 1371 329614
7 1372 592290
7 1373 329978
7 1374 369385
7 1375 588571
7 1376 378816
7 1377 226194
7 1378 588940
7 1379 226227
7 1380 377949
7 1381 329475
7 1382 377129
7 1383 227261
7 1384 326920
7 1385 224660
7 1386 588622
7 1387 330957
7 1388 589265
7 1389 227138
7 1390 329826
7 1391 226944
7 1392 376355
7 1393 544273
7 1394 376436
7 1395 330096
7 1396 543490
7 1397 324638
7 1398 377800
7 1399 543467
7 1400 377463
7 1401 227272
7 1402 543379
7 1403 227151
7 1404 378260
7 1405 331470
7 1406 376956
7 1407 226319
7 1408 330283
7 1409 226954
7 1410 539419
7 1411 322117
7 1412 540226
7 1413 224676
7 1414 327889
7 1415 224677
7 1416 572891
7 1417 531865
7 1418 572854
7 1419 320458
7 1420 532765
7 1421 320523
7 1422 579879
7 1423 534003
7 1424 581869
7 1425 224720
7 1426 541573
7 1427 226139
7 1428 584711
7 1429 329008
7 1430 581303
7 1431 226152
7 1432 328019
7 1433 224677
7 1434 539383
7 1435 322117
7 1436 540318
7 1437 224723
7 1438 327799
7 1439 224657
7 1440 40954
7 1441 51124
7 1442 40953
7 1443 123302
7 1444 51159
7 1445 122296
7 1446 40954
7 1447 51124
7 1448 41032
7 1449 192999
7 1450 51171
7 1451 193284
7 1452 41032
7 1453 123290
7 1454 40954
7 1455 193284
7 1456 122308
7 1457 192999
7 1458 51136
7 1459 123286
7 1460 51171
7 1461 192973
7 1462 122312
7 1463 192739
7 1464 41022
7 1465 51266
7 1466 41022
7 1467 123596
7 1468 51273
7 1469 123267
7 1470 41164
7 1471 51976
7 1472 41171
7 1473 51567
7 1474 51955
7 1475 51794
7 1476 41297
7 1477 124713
7 1478 41178
7 1479 51781
7 1480 123680
7 1481 51850
7 1482 51505
7 1483 124356
7 1484 51989
7 1485 51856
7 1486 123621
7 1487 51788
7 1488 41162
7 1489 51901
7 1490 41237
7 1491 194843
7 1492 51948
7 1493 194838
7 1494 41098
7 1495 51911
7 1496 41174
7 1497 51744
7 1498 51950
7 1499 51712
7 1500 41244
7 1501 195173
7 1502 41178
7 1503 51883
7 1504 194734
7 1505 51740
7 1506 51950
7 1507 195642
7 1508 51990
7 1509 51883
7 1510 194765
7 1511 51817
7 1512 41241
7 1513 124491
7 1514 41237
7 1515 195352
7 1516 123533
7 1517 195066
7 1518 41305
7 1519 124444
7 1520 41181
7 1521 51893
7 1522 124327
7 1523 51892
7 1524 41243
7 1525 195175
7 1526 41099
7 1527 51785
7 1528 194765
7 1529 51812
7 1530 122515
7 1531 194750
7 1532 123424
7 1533 51751
7 1534 194764
7 1535 51748
7 1536 51374
7 1537 123613
7 1538 51383
7 1539 194522
7 1540 123493
7 1541 194282
7 1542 51505
7 1543 124610
7 1544 51959
7 1545 51755
7 1546 124259
7 1547 51896
7 1548 51953
7 1549 195648
7 1550 51953
7 1551 51895
7 1552 194762
7 1553 51746
7 1554 122523
7 1555 194702
7 1556 123288
7 1557 51749
7 1558 194687
7 1559 51669
7 1560 40884
7 1561 51049
7 1562 40883
7 1563 123212
7 1564 51086
7 1565 122098
7 1566 40883
7 1567 51048
7 1568 41020
7 1569 192997
7 1570 51153
7 1571 193280
7 1572 41020
7 1573 123145
7 1574 40883
7 1575 193282
7 1576 122166
7 1577 192999
7 1578 51121
7 1579 123143
7 1580 51154
7 1581 192970
7 1582 122168
7 1583 192453
7 1584 41024
7 1585 51269
7 1586 41024
7 1587 123602
7 1588 51275
7 1589 123334
7 1590 41033
7 1591 51856
7 1592 41029
7 1593 40955
7 1594 51825
7 1595 40962
7 1596 41174
7 1597 124597
7 1598 41036
7 1599 40961
7 1600 123554
7 1601 41032
7 1602 51384
7 1603 124430
7 1604 51863
7 1605 41032
7 1606 123497
7 1607 40962
7 1608 41095
7 1609 51835
7 1610 41235
7 1611 194477
7 1612 51949
7 1613 194473
7 1614 41034
7 1615 51854
7 1616 41031
7 1617 40959
7 1618 51820
7 1619 40957
7 1620 41182
7 1621 194613
7 1622 41109
7 1623 41098
7 1624 194120
7 1625 41038
7 1626 51893
7 1627 195112
7 1628 51931
7 1629 41100
7 1630 194149
7 1631 41101
7 1632 41175
7 1633 124257
7 1634 41102
7 1635 194857
7 1636 123422
7 1637 194574
7 1638 41247
7 1639 124580
7 1640 41109
7 1641 41098
7 1642 124392
7 1643 41100
7 1644 41176
7 1645 194613
7 1646 41034
7 1647 40961
7 1648 194147
7 1649 41101
7 1650 122380
7 1651 194142
7 1652 123499
7 1653 41037
7 1654 194151
7 1655 41036
7 1656 51306
7 1657 123475
7 1658 51307
7 1659 194020
7 1660 123222
7 1661 193473
7 1662 51450
7 1663 124626
7 1664 51900
7 1665 41038
7 1666 124459
7 1667 41102
7 1668 51894
7 1669 195117
7 1670 51899
7 1671 41102
7 1672 194151
7 1673 41034
7 1674 122443
7 1675 194036
7 1676 123424
7 1677 41036
7 1678 194017
7 1679 40960
7 1680 40960
7 1681 51205
7 1682 40960
7 1683 123564
7 1684 51209
7 1685 123349
7 1686 41101
7 1687 51915
7 1688 41178
7 1689 51667
7 1690 51962
7 1691 51830
7 1692 41237
7 1693 124713
7 1694 41179
7 1695 51821
7 1696 123679
7 1697 51828
7 1698 51454
7 1699 124565
7 1700 51965
7 1701 51831
7 1702 123674
7 1703 51822
7 1704 40959
7 1705 51203
7 1706 40959
7 1707 123568
7 1708 51207
7 1709 123325
7 1710 41098
7 1711 51916
7 1712 41103
7 1713 41029
7 1714 51893
7 1715 41032
7 1716 41170
7 1717 124674
7 1718 41105
7 1719 41032
7 1720 123631
7 1721 41044
7 1722 51381
7 1723 124340
7 1724 51901
7 1725 41044
7 1726 123616
7 1727 41031
7 1728 40964
7 1729 51781
7 1730 41102
7 1731 51640
7 1732 51960
7 1733 51829
7 1734 40964
7 1735 51780
7 1736 41101
7 1737 41036
7 1738 51884
7 1739 41038
7 1740 40960
7 1741 51158
7 1742 40960
7 1743 41027
7 1744 51049
7 1745 40884
7 1746 51824
7 1747 51966
7 1748 51830
7 1749 41171
7 1750 51785
7 1751 40959
7 1752 41177
7 1753 124649
7 1754 41246
7 1755 52023
7 1756 124616
7 1757 52029
7 1758 41184
7 1759 124653
7 1760 41236
7 1761 41234
7 1762 124605
7 1763 41245
7 1764 41036
7 1765 51886
7 1766 41036
7 1767 41103
7 1768 51774
7 1769 40960
7 1770 123510
7 1771 51958
7 1772 123514
7 1773 41178
7 1774 51844
7 1775 41033
7 1776 51382
7 1777 124637
7 1778 52031
7 1779 51978
7 1780 124646
7 1781 51971
7 1782 51390
7 1783 124698
7 1784 52029
7 1785 41188
7 1786 124406
7 1787 41178
7 1788 51869
7 1789 52029
7 1790 51860
7 1791 41243
7 1792 51851
7 1793 41031
7 1794 123544
7 1795 51970
7 1796 123548
7 1797 41184
7 1798 51784
7 1799 40964
7 1800 41101
7 1801 51841
7 1802 41237
7 1803 194531
7 1804 51949
7 1805 194490
7 1806 41165
7 1807 51943
7 1808 41306
7 1809 51877
7 1810 52055
7 1811 51954
7 1812 41247
7 1813 195041
7 1814 41311
7 1815 51983
7 1816 195085
7 1817 51946
7 1818 51961
7 1819 195463
7 1820 52069
7 1821 51988
7 1822 195083
7 1823 51958
7 1824 41164
7 1825 51903
7 1826 41240
7 1827 194543
7 1828 51952
7 1829 194502
7 1830 41096
7 1831 51911
7 1832 41166
7 1833 41096
7 1834 51953
7 1835 41100
7 1836 41313
7 1837 195514
7 1838 41240
7 1839 41232
7 1840 195112
7 1841 41245
7 1842 52027
7 1843 195484
7 1844 52057
7 1845 41243
7 1846 195108
7 1847 41243
7 1848 41035
7 1849 51858
7 1850 41177
7 1851 51881
7 1852 51976
7 1853 51851
7 1854 41031
7 1855 51805
7 1856 41168
7 1857 41101
7 1858 51909
7 1859 41101
7 1860 41034
7 1861 51766
7 1862 41034
7 1863 41101
7 1864 51699
7 1865 40960
7 1866 51836
7 1867 51924
7 1868 51827
7 1869 41174
7 1870 51700
7 1871 40961
7 1872 41108
7 1873 194566
7 1874 41242
7 1875 51957
7 1876 194515
7 1877 51848
7 1878 41178
7 1879 194673
7 1880 41169
7 1881 41178
7 1882 195109
7 1883 41180
7 1884 41102
7 1885 51911
7 1886 41100
7 1887 41170
7 1888 51831
7 1889 41094
7 1890 193504
7 1891 51765
7 1892 194049
7 1893 41096
7 1894 51690
7 1895 41031
7 1896 51819
7 1897 195227
7 1898 52000
7 1899 51989
7 1900 195415
7 1901 52031
7 1902 51896
7 1903 195279
7 1904 51994
7 1905 41241
7 1906 195638
7 1907 41313
7 1908 51937
7 1909 51977
7 1910 51891
7 1911 41308
7 1912 51838
7 1913 41096
7 1914 193882
7 1915 51895
7 1916 194113
7 1917 41170
7 1918 51843
7 1919 41098
7 1920 41178
7 1921 124557
7 1922 41179
7 1923 195095
7 1924 123600
7 1925 194812
7 1926 41306
7 1927 124664
7 1928 41256
7 1929 52032
7 1930 124685
7 1931 52095
7 1932 41311
7 1933 195637
7 1934 41183
7 1935 51992
7 1936 195692
7 1937 52020
7 1938 123533
7 1939 195143
7 1940 124535
7 1941 51959
7 1942 195760
7 1943 51956
7 1944 41184
7 1945 124581
7 1946 41177
7 1947 195100
7 1948 123595
7 1949 194813
7 1950 41308
7 1951 124602
7 1952 41237
7 1953 41238
7 1954 124698
7 1955 41305
7 1956 41241
7 1957 195615
7 1958 41178
7 1959 41172
7 1960 195674
7 1961 41309
7 1962 123557
7 1963 195144
7 1964 124572
7 1965 41245
7 1966 195676
7 1967 41248
7 1968 41247
7 1969 124695
7 1970 41309
7 1971 52092
7 1972 124728
7 1973 52092
7 1974 41243
7 1975 124498
7 1976 41304
7 1977 41304
7 1978 124517
7 1979 41309
7 1980 41102
7 1981 51953
7 1982 41102
7 1983 41172
7 1984 51911
7 1985 41097
7 1986 124535
7 1987 52089
7 1988 124524
7 1989 41306
7 1990 51909
7 1991 41096
7 1992 41178
7 1993 194694
7 1994 41243
7 1995 52027
7 1996 195012
7 1997 51966
7 1998 41188
7 1999 194711
7 2000 41232
7 2001 41237
7 2002 195147
7 2003 41256
7 2004 41038
7 2005 51886
7 2006 41035
7 2007 41102
7 2008 51781
7 2009 40965
7 2010 193966
7 2011 51885
7 2012 194113
7 2013 41173
7 2014 51836
7 2015 41098
7 2016 122417
7 2017 194199
7 2018 123485
7 2019 51886
7 2020 195116
7 2021 51885
7 2022 122448
7 2023 194201
7 2024 123583
7 2025 41176
7 2026 195077
7 2027 41182
7 2028 123604
7 2029 51951
7 2030 123464
7 2031 41247
7 2032 51771
7 2033 41034
7 2034 194087
7 2035 51883
7 2036 194115
7 2037 41174
7 2038 51770
7 2039 41033
7 2040 51311
7 2041 123558
7 2042 51318
7 2043 194121
7 2044 123522
7 2045 193942
7 2046 51511
7 2047 124645
7 2048 52039
7 2049 51894
7 2050 124524
7 2051 51973
7 2052 52025
7 2053 195584
7 2054 52028
7 2055 51971
7 2056 195190
7 2057 51895
7 2058 123558
7 2059 194941
7 2060 124336
7 2061 51893
7 2062 195181
7 2063 51816
7 2064 51318
7 2065 123557
7 2066 51318
7 2067 194123
7 2068 123511
7 2069 193944
7 2070 51514
7 2071 124774
7 2072 52034
7 2073 41170
7 2074 124656
7 2075 41182
7 2076 52018
7 2077 195561
7 2078 52031
7 2079 41178
7 2080 195147
7 2081 41181
7 2082 123357
7 2083 194537
7 2084 124475
7 2085 41178
7 2086 195039
7 2087 41105
7 2088 51452
7 2089 124806
7 2090 52088
7 2091 52028
7 2092 124798
7 2093 52038
7 2094 51443
7 2095 124669
7 2096 52090
7 2097 41246
7 2098 124653
7 2099 41250
7 2100 51893
7 2101 51957
7 2102 51891
7 2103 41249
7 2104 51774
7 2105 41032
7 2106 124603
7 2107 52096
7 2108 124592
7 2109 41308
7 2110 51918
7 2111 41100
7 2112 51892
7 2113 195338
7 2114 52034
7 2115 52105
7 2116 195421
7 2117 52028
7 2118 51899
7 2119 195355
7 2120 52021
7 2121 41312
7 2122 195676
7 2123 41310
7 2124 51901
7 2125 52033
7 2126 51880
7 2127 41249
7 2128 51919
7 2129 41102
7 2130 193969
7 2131 51888
7 2132 194115
7 2133 41170
7 2134 51773
7 2135 41031
7 2136 122461
7 2137 194193
7 2138 123487
7 2139 51898
7 2140 195042
7 2141 51889
7 2142 122465
7 2143 194193
7 2144 123617
7 2145 41183
7 2146 195010
7 2147 41181
7 2148 123534
7 2149 51953
7 2150 123336
7 2151 41243
7 2152 51774
7 2153 41033
7 2154 194052
7 2155 51879
7 2156 194077
7 2157 41167
7 2158 51702
7 2159 40961
7 2160 40961
7 2161 51207
7 2162 40961
7 2163 123578
7 2164 51210
7 2165 123389
7 2166 41160
7 2167 51901
7 2168 41185
7 2169 123399
7 2170 51897
7 2171 123564
7 2172 41237
7 2173 124667
7 2174 41173
7 2175 123568
7 2176 123572
7 2177 123452
7 2178 51447
7 2179 124575
7 2180 51898
7 2181 123446
7 2182 123576
7 2183 123437
7 2184 41024
7 2185 51270
7 2186 41024
7 2187 123610
7 2188 51276
7 2189 123335
7 2190 41230
7 2191 52044
7 2192 41243
7 2193 51737
7 2194 52027
7 2195 51864
7 2196 41301
7 2197 124778
7 2198 41247
7 2199 51845
7 2200 123752
7 2201 51862
7 2202 51519
7 2203 124446
7 2204 52034
7 2205 51865
7 2206 123748
7 2207 51857
7 2208 41104
7 2209 51919
7 2210 41241
7 2211 124434
7 2212 52090
7 2213 124526
7 2214 41163
7 2215 51901
7 2216 41308
7 2217 51915
7 2218 52021
7 2219 51955
7 2220 41180
7 2221 124508
7 2222 41187
7 2223 52016
7 2224 124505
7 2225 51361
7 2226 51971
7 2227 124817
7 2228 51969
7 2229 52094
7 2230 124748
7 2231 51383
7 2232 41180
7 2233 124765
7 2234 41311
7 2235 124668
7 2236 124618
7 2237 124555
7 2238 41252
7 2239 124752
7 2240 41308
7 2241 52022
7 2242 124718
7 2243 51991
7 2244 41182
7 2245 124694
7 2246 41179
7 2247 51993
7 2248 124762
7 2249 51378
7 2250 123579
7 2251 124711
7 2252 123585
7 2253 51947
7 2254 124645
7 2255 51384
7 2256 51418
7 2257 124674
7 2258 52031
7 2259 124615
7 2260 124614
7 2261 124621
7 2262 51461
7 2263 124675
7 2264 52100
7 2265 51958
7 2266 124562
7 2267 52033
7 2268 51973
7 2269 124685
7 2270 51902
7 2271 52095
7 2272 124641
7 2273 51381
7 2274 123587
7 2275 124710
7 2276 123571
7 2277 51954
7 2278 124571
7 2279 51336
7 2280 41024
7 2281 51265
7 2282 41024
7 2283 123630
7 2284 51269
7 2285 123360
7 2286 41095
7 2287 51795
7 2288 41175
7 2289 123368
7 2290 51808
7 2291 123502
7 2292 41235
7 2293 124598
7 2294 41102
7 2295 123497
7 2296 123501
7 2297 123434
7 2298 51441
7 2299 124481
7 2300 51810
7 2301 123435
7 2302 123474
7 2303 123365
7 2304 40957
7 2305 51200
7 2306 40957
7 2307 123549
7 2308 51205
7 2309 123280
7 2310 41098
7 2311 51917
7 2312 41101
7 2313 41027
7 2314 51894
7 2315 41032
7 2316 41173
7 2317 124672
7 2318 41105
7 2319 41032
7 2320 123637
7 2321 41044
7 2322 51383
7 2323 124438
7 2324 51902
7 2325 41044
7 2326 123627
7 2327 41031
7 2328 41166
7 2329 51903
7 2330 41309
7 2331 124564
7 2332 52060
7 2333 124596
7 2334 41096
7 2335 51837
7 2336 41166
7 2337 41098
7 2338 51878
7 2339 41100
7 2340 41248
7 2341 124529
7 2342 41238
7 2343 41238
7 2344 124468
7 2345 41171
7 2346 51997
7 2347 124784
7 2348 52017
7 2349 41305
7 2350 124653
7 2351 41178
7 2352 41309
7 2353 124820
7 2354 41246
7 2355 124641
7 2356 124648
7 2357 124622
7 2358 41306
7 2359 124751
7 2360 41239
7 2361 41235
7 2362 124629
7 2363 41243
7 2364 41245
7 2365 124634
7 2366 41173
7 2367 41172
7 2368 124604
7 2369 41174
7 2370 123609
7 2371 124654
7 2372 123698
7 2373 41243
7 2374 124668
7 2375 41174
7 2376 51514
7 2377 124738
7 2378 51952
7 2379 124554
7 2380 124519
7 2381 124487
7 2382 51516
7 2383 124755
7 2384 52063
7 2385 41243
7 2386 124573
7 2387 41242
7 2388 52034
7 2389 124777
7 2390 51927
7 2391 41309
7 2392 124662
7 2393 41177
7 2394 123640
7 2395 124650
7 2396 123633
7 2397 41246
7 2398 124567
7 2399 41102
7 2400 40959
7 2401 51209
7 2402 40959
7 2403 123526
7 2404 51216
7 2405 123281
7 2406 41164
7 2407 51980
7 2408 41184
7 2409 51800
7 2410 51963
7 2411 51827
7 2412 41240
7 2413 124716
7 2414 41177
7 2415 51812
7 2416 123661
7 2417 51831
7 2418 51458
7 2419 124514
7 2420 51969
7 2421 51830
7 2422 123624
7 2423 51816
7 2424 40884
7 2425 51049
7 2426 40883
7 2427 123212
7 2428 51086
7 2429 122098
7 2430 41031
7 2431 51769
7 2432 41034
7 2433 40960
7 2434 51780
7 2435 40962
7 2436 41096
7 2437 124367
7 2438 41034
7 2439 40961
7 2440 123390
7 2441 41031
7 2442 51262
7 2443 123219
7 2444 51817
7 2445 41031
7 2446 123301
7 2447 40960
7 2448 41035
7 2449 51853
7 2450 41174
7 2451 51872
7 2452 51973
7 2453 51896
7 2454 41033
7 2455 51808
7 2456 41168
7 2457 41101
7 2458 51871
7 2459 41101
7 2460 41036
7 2461 51768
7 2462 41036
7 2463 41103
7 2464 51659
7 2465 40959
7 2466 51832
7 2467 51971
7 2468 51831
7 2469 41178
7 2470 51789
7 2471 40966
7 2472 41179
7 2473 124690
7 2474 41243
7 2475 51982
7 2476 124632
7 2477 52031
7 2478 41178
7 2479 124626
7 2480 41171
7 2481 41169
7 2482 124465
7 2483 41243
7 2484 41037
7 2485 51808
7 2486 41037
7 2487 41104
7 2488 51698
7 2489 40961
7 2490 123536
7 2491 51964
7 2492 123531
7 2493 41179
7 2494 51849
7 2495 41035
7 2496 51386
7 2497 124588
7 2498 52035
7 2499 51978
7 2500 124557
7 2501 51964
7 2502 51371
7 2503 124473
7 2504 51918
7 2505 41178
7 2506 123293
7 2507 41108
7 2508 51874
7 2509 52034
7 2510 51858
7 2511 41247
7 2512 51852
7 2513 41035
7 2514 123534
7 2515 51963
7 2516 123525
7 2517 41177
7 2518 51779
7 2519 40964
7 2520 40964
7 2521 51779
7 2522 41177
7 2523 123525
7 2524 51963
7 2525 123534
7 2526 41035
7 2527 51852
7 2528 41247
7 2529 51858
7 2530 52034
7 2531 51874
7 2532 41108
7 2533 123293
7 2534 41178
7 2535 51918
7 2536 124473
7 2537 51371
7 2538 51964
7 2539 124557
7 2540 51978
7 2541 52035
7 2542 124588
7 2543 51386
7 2544 41035
7 2545 51849
7 2546 41179
7 2547 123531
7 2548 51964
7 2549 123536
7 2550 40961
7 2551 51698
7 2552 41104
7 2553 41037
7 2554 51808
7 2555 41037
7 2556 41243
7 2557 124465
7 2558 41169
7 2559 41171
7 2560 124626
7 2561 41178
7 2562 52031
7 2563 124632
7 2564 51982
7 2565 41243
7 2566 124690
7 2567 41179
7 2568 40966
7 2569 51789
7 2570 41178
7 2571 51831
7 2572 51971
7 2573 51832
7 2574 40959
7 2575 51659
7 2576 41103
7 2577 41036
7 2578 51768
7 2579 41036
7 2580 41101
7 2581 51871
7 2582 41101
7 2583 41168
7 2584 51808
7 2585 41033
7 2586 51896
7 2587 51973
7 2588 51872
7 2589 41174
7 2590 51853
7 2591 41035
7 2592 40960
7 2593 123301
7 2594 41031
7 2595 51817
7 2596 123219
7 2597 51262
7 2598 41031
7 2599 123390
7 2600 40961
7 2601 41034
7 2602 124367
7 2603 41096
7 2604 40962
7 2605 51780
7 2606 40960
7 2607 41034
7 2608 51769
7 2609 41031
7 2610 122098
7 2611 51086
7 2612 123212
7 2613 40883
7 2614 51049
7 2615 40884
7 2616 51816
7 2617 123624
7 2618 51830
7 2619 51969
7 2620 124514
7 2621 51458
7 2622 51831
7 2623 123661
7 2624 51812
7 2625 41177
7 2626 124716
7 2627 41240
7 2628 51827
7 2629 51963
7 2630 51800
7 2631 41184
7 2632 51980
7 2633 41164
7 2634 123281
7 2635 51216
7 2636 123526
7 2637 40959
7 2638 51209
7 2639 40959
7 2640 41102
7 2641 124567
7 2642 41246
7 2643 123633
7 2644 124650
7 2645 123640
7 2646 41177
7 2647 124662
7 2648 41309
7 2649 51927
7 2650 124777
7 2651 52034
7 2652 41242
7 2653 124573
7 2654 41243
7 2655 52063
7 2656 124755
7 2657 51516
7 2658 124487
7 2659 124519
7 2660 124554
7 2661 51952
7 2662 124738
7 2663 51514
7 2664 41174
7 2665 124668
7 2666 41243
7 2667 123698
7 2668 124654
7 2669 123609
7 2670 41174
7 2671 124604
7 2672 41172
7 2673 41173
7 2674 124634
7 2675 41245
7 2676 41243
7 2677 124629
7 2678 41235
7 2679 41239
7 2680 124751
7 2681 41306
7 2682 124622
7 2683 124648
7 2684 124641
7 2685 41246
7 2686 124820
7 2687 41309
7 2688 41178
7 2689 124653
7 2690 41305
7 2691 52017
7 2692 124784
7 2693 51997
7 2694 41171
7 2695 124468
7 2696 41238
7 2697 41238
7 2698 124529
7 2699 41248
7 2700 41100
7 2701 51878
7 2702 41098
7 2703 41166
7 2704 51837
7 2705 41096
7 2706 124596
7 2707 52060
7 2708 124564
7 2709 41309
7 2710 51903
7 2711 41166
7 2712 41031
7 2713 123627
7 2714 41044
7 2715 51902
7 2716 124438
7 2717 51383
7 2718 41044
7 2719 123637
7 2720 41032
7 2721 41105
7 2722 124672
7 2723 41173
7 2724 41032
7 2725 51894
7 2726 41027
7 2727 41101
7 2728 51917
7 2729 41098
7 2730 123280
7 2731 51205
7 2732 123549
7 2733 40957
7 2734 51200
7 2735 40957
7 2736 123365
7 2737 123474
7 2738 123435
7 2739 51810
7 2740 124481
7 2741 51441
7 2742 123434
7 2743 123501
7 2744 123497
7 2745 41102
7 2746 124598
7 2747 41235
7 2748 123502
7 2749 51808
7 2750 123368
7 2751 41175
7 2752 51795
7 2753 41095
7 2754 123360
7 2755 51269
7 2756 123630
7 2757 41024
7 2758 51265
7 2759 41024
7 2760 51336
7 2761 124571
7 2762 51954
7 2763 123571
7 2764 124710
7 2765 123587
7 2766 51381
7 2767 124641
7 2768 52095
7 2769 51902
7 2770 124685
7 2771 51973
7 2772 52033
7 2773 124562
7 2774 51958
7 2775 52100
7 2776 124675
7 2777 51461
7 2778 124621
7 2779 124614
7 2780 124615
7 2781 52031
7 2782 124674
7 2783 51418
7 2784 51384
7 2785 124645
7 2786 51947
7 2787 123585
7 2788 124711
7 2789 123579
7 2790 51378
7 2791 124762
7 2792 51993
7 2793 41179
7 2794 124694
7 2795 41182
7 2796 51991
7 2797 124718
7 2798 52022
7 2799 41308
7 2800 124752
7 2801 41252
7 2802 124555
7 2803 124618
7 2804 124668
7 2805 41311
7 2806 124765
7 2807 41180
7 2808 51383
7 2809 124748
7 2810 52094
7 2811 51969
7 2812 124817
7 2813 51971
7 2814 51361
7 2815 124505
7 2816 52016
7 2817 41187
7 2818 124508
7 2819 41180
7 2820 51955
7 2821 52021
7 2822 51915
7 2823 41308
7 2824 51901
7 2825 41163
7 2826 124526
7 2827 52090
7 2828 124434
7 2829 41241
7 2830 51919
7 2831 41104
7 2832 51857
7 2833 123748
7 2834 51865
7 2835 52034
7 2836 124446
7 2837 51519
7 2838 51862
7 2839 123752
7 2840 51845
7 2841 41247
7 2842 124778
7 2843 41301
7 2844 51864
7 2845 52027
7 2846 51737
7 2847 41243
7 2848 52044
7 2849 41230
7 2850 123335
7 2851 51276
7 2852 123610
7 2853 41024
7 2854 51270
7 2855 41024
7 2856 123437
7 2857 123576
7 2858 123446
7 2859 51898
7 2860 124575
7 2861 51447
7 2862 123452
7 2863 123572
7 2864 123568
7 2865 41173
7 2866 124667
7 2867 41237
7 2868 123564
7 2869 51897
7 2870 123399
7 2871 41185
7 2872 51901
7 2873 41160
7 2874 123389
7 2875 51210
7 2876 123578
7 2877 40961
7 2878 51207
7 2879 40961
7 2880 40961
7 2881 51702
7 2882 41167
7 2883 194077
7 2884 51879
7 2885 194052
7 2886 41033
7 2887 51774
7 2888 41243
7 2889 123336
7 2890 51953
7 2891 123534
7 2892 41181
7 2893 195010
7 2894 41183
7 2895 123617
7 2896 194193
7 2897 122465
7 2898 51889
7 2899 195042
7 2900 51898
7 2901 123487
7 2902 194193
7 2903 122461
7 2904 41031
7 2905 51773
7 2906 41170
7 2907 194115
7 2908 51888
7 2909 193969
7 2910 41102
7 2911 51919
7 2912 41249
7 2913 51880
7 2914 52033
7 2915 51901
7 2916 41310
7 2917 195676
7 2918 41312
7 2919 52021
7 2920 195355
7 2921 51899
7 2922 52028
7 2923 195421
7 2924 52105
7 2925 52034
7 2926 195338
7 2927 51892
7 2928 41100
7 2929 51918
7 2930 41308
7 2931 124592
7 2932 52096
7 2933 124603
7 2934 41032
7 2935 51774
7 2936 41249
7 2937 51891
7 2938 51957
7 2939 51893
7 2940 41250
7 2941 124653
7 2942 41246
7 2943 52090
7 2944 124669
7 2945 51443
7 2946 52038
7 2947 124798
7 2948 52028
7 2949 52088
7 2950 124806
7 2951 51452
7 2952 41105
7 2953 195039
7 2954 41178
7 2955 124475
7 2956 194537
7 2957 123357
7 2958 41181
7 2959 195147
7 2960 41178
7 2961 52031
7 2962 195561
7 2963 52018
7 2964 41182
7 2965 124656
7 2966 41170
7 2967 52034
7 2968 124774
7 2969 51514
7 2970 193944
7 2971 123511
7 2972 194123
7 2973 51318
7 2974 123557
7 2975 51318
7 2976 51816
7 2977 195181
7 2978 51893
7 2979 124336
7 2980 194941
7 2981 123558
7 2982 51895
7 2983 195190
7 2984 51971
7 2985 52028
7 2986 195584
7 2987 52025
7 2988 51973
7 2989 124524
7 2990 51894
7 2991 52039
7 2992 124645
7 2993 51511
7 2994 193942
7 2995 123522
7 2996 194121
7 2997 51318
7 2998 123558
7 2999 51311
7 3000 41033
7 3001 51770
7 3002 41174
7 3003 194115
7 3004 51883
7 3005 194087
7 3006 41034
7 3007 51771
7 3008 41247
7 3009 123464
7 3010 51951
7 3011 123604
7 3012 41182
7 3013 195077
7 3014 41176
7 3015 123583
7 3016 194201
7 3017 122448
7 3018 51885
7 3019 195116
7 3020 51886
7 3021 123485
7 3022 194199
7 3023 122417
7 3024 41098
7 3025 51836
7 3026 41173
7 3027 194113
7 3028 51885
7 3029 193966
7 3030 40965
7 3031 51781
7 3032 41102
7 3033 41035
7 3034 51886
7 3035 41038
7 3036 41256
7 3037 195147
7 3038 41237
7 3039 41232
7 3040 194711
7 3041 41188
7 3042 51966
7 3043 195012
7 3044 52027
7 3045 41243
7 3046 194694
7 3047 41178
7 3048 41096
7 3049 51909
7 3050 41306
7 3051 124524
7 3052 52089
7 3053 124535
7 3054 41097
7 3055 51911
7 3056 41172
7 3057 41102
7 3058 51953
7 3059 41102
7 3060 41309
7 3061 124517
7 3062 41304
7 3063 41304
7 3064 124498
7 3065 41243
7 3066 52092
7 3067 124728
7 3068 52092
7 3069 41309
7 3070 124695
7 3071 41247
7 3072 41248
7 3073 195676
7 3074 41245
7 3075 124572
7 3076 195144
7 3077 123557
7 3078 41309
7 3079 195674
7 3080 41172
7 3081 41178
7 3082 195615
7 3083 41241
7 3084 41305
7 3085 124698
7 3086 41238
7 3087 41237
7 3088 124602
7 3089 41308
7 3090 194813
7 3091 123595
7 3092 195100
7 3093 41177
7 3094 124581
7 3095 41184
7 3096 51956
7 3097 195760
7 3098 51959
7 3099 124535
7 3100 195143
7 3101 123533
7 3102 52020
7 3103 195692
7 3104 51992
7 3105 41183
7 3106 195637
7 3107 41311
7 3108 52095
7 3109 124685
7 3110 52032
7 3111 41256
7 3112 124664
7 3113 41306
7 3114 194812
7 3115 123600
7 3116 195095
7 3117 41179
7 3118 124557
7 3119 41178
7 3120 41098
7 3121 51843
7 3122 41170
7 3123 194113
7 3124 51895
7 3125 193882
7 3126 41096
7 3127 51838
7 3128 41308
7 3129 51891
7 3130 51977
7 3131 51937
7 3132 41313
7 3133 195638
7 3134 41241
7 3135 51994
7 3136 195279
7 3137 51896
7 3138 52031
7 3139 195415
7 3140 51989
7 3141 52000
7 3142 195227
7 3143 51819
7 3144 41031
7 3145 51690
7 3146 41096
7 3147 194049
7 3148 51765
7 3149 193504
7 3150 41094
7 3151 51831
7 3152 41170
7 3153 41100
7 3154 51911
7 3155 41102
7 3156 41180
7 3157 195109
7 3158 41178
7 3159 41169
7 3160 194673
7 3161 41178
7 3162 51848
7 3163 194515
7 3164 51957
7 3165 41242
7 3166 194566
7 3167 41108
7 3168 40961
7 3169 51700
7 3170 41174
7 3171 51827
7 3172 51924
7 3173 51836
7 3174 40960
7 3175 51699
7 3176 41101
7 3177 41034
7 3178 51766
7 3179 41034
7 3180 41101
7 3181 51909
7 3182 41101
7 3183 41168
7 3184 51805
7 3185 41031
7 3186 51851
7 3187 51976
7 3188 51881
7 3189 41177
7 3190 51858
7 3191 41035
7 3192 41243
7 3193 195108
7 3194 41243
7 3195 52057
7 3196 195484
7 3197 52027
7 3198 41245
7 3199 195112
7 3200 41232
7 3201 41240
7 3202 195514
7 3203 41313
7 3204 41100
7 3205 51953
7 3206 41096
7 3207 41166
7 3208 51911
7 3209 41096
7 3210 194502
7 3211 51952
7 3212 194543
7 3213 41240
7 3214 51903
7 3215 41164
7 3216 51958
7 3217 195083
7 3218 51988
7 3219 52069
7 3220 195463
7 3221 51961
7 3222 51946
7 3223 195085
7 3224 51983
7 3225 41311
7 3226 195041
7 3227 41247
7 3228 51954
7 3229 52055
7 3230 51877
7 3231 41306
7 3232 51943
7 3233 41165
7 3234 194490
7 3235 51949
7 3236 194531
7 3237 41237
7 3238 51841
7 3239 41101
7 3240 40964
7 3241 51784
7 3242 41184
7 3243 123548
7 3244 51970
7 3245 123544
7 3246 41031
7 3247 51851
7 3248 41243
7 3249 51860
7 3250 52029
7 3251 51869
7 3252 41178
7 3253 124406
7 3254 41188
7 3255 52029
7 3256 124698
7 3257 51390
7 3258 51971
7 3259 124646
7 3260 51978
7 3261 52031
7 3262 124637
7 3263 51382
7 3264 41033
7 3265 51844
7 3266 41178
7 3267 123514
7 3268 51958
7 3269 123510
7 3270 40960
7 3271 51774
7 3272 41103
7 3273 41036
7 3274 51886
7 3275 41036
7 3276 41245
7 3277 124605
7 3278 41234
7 3279 41236
7 3280 124653
7 3281 41184
7 3282 52029
7 3283 124616
7 3284 52023
7 3285 41246
7 3286 124649
7 3287 41177
7 3288 40959
7 3289 51785
7 3290 41171
7 3291 51830
7 3292 51966
7 3293 51824
7 3294 40884
7 3295 51049
7 3296 41027
7 3297 40960
7 3298 51158
7 3299 40960
7 3300 41038
7 3301 51884
7 3302 41036
7 3303 41101
7 3304 51780
7 3305 40964
7 3306 51829
7 3307 51960
7 3308 51640
7 3309 41102
7 3310 51781
7 3311 40964
7 3312 41031
7 3313 123616
7 3314 41044
7 3315 51901
7 3316 124340
7 3317 51381
7 3318 41044
7 3319 123631
7 3320 41032
7 3321 41105
7 3322 124674
7 3323 41170
7 3324 41032
7 3325 51893
7 3326 41029
7 3327 41103
7 3328 51916
7 3329 41098
7 3330 123325
7 3331 51207
7 3332 123568
7 3333 40959
7 3334 51203
7 3335 40959
7 3336 51822
7 3337 123674
7 3338 51831
7 3339 51965
7 3340 124565
7 3341 51454
7 3342 51828
7 3343 123679
7 3344 51821
7 3345 41179
7 3346 124713
7 3347 41237
7 3348 51830
7 3349 51962
7 3350 51667
7 3351 41178
7 3352 51915
7 3353 41101
7 3354 123349
7 3355 51209
7 3356 123564
7 3357 40960
7 3358 51205
7 3359 40960
7 3360 40960
7 3361 194017
7 3362 41036
7 3363 123424
7 3364 194036
7 3365 122443
7 3366 41034
7 3367 194151
7 3368 41102
7 3369 51899
7 3370 195117
7 3371 51894
7 3372 41102
7 3373 124459
7 3374 41038
7 3375 51900
7 3376 124626
7 3377 51450
7 3378 193473
7 3379 123222
7 3380 194020
7 3381 51307
7 3382 123475
7 3383 51306
7 3384 41036
7 3385 194151
7 3386 41037
7 3387 123499
7 3388 194142
7 3389 122380
7 3390 41101
7 3391 194147
7 3392 40961
7 3393 41034
7 3394 194613
7 3395 41176
7 3396 41100
7 3397 124392
7 3398 41098
7 3399 41109
7 3400 124580
7 3401 41247
7 3402 194574
7 3403 123422
7 3404 194857
7 3405 41102
7 3406 124257
7 3407 41175
7 3408 41101
7 3409 194149
7 3410 41100
7 3411 51931
7 3412 195112
7 3413 51893
7 3414 41038
7 3415 194120
7 3416 41098
7 3417 41109
7 3418 194613
7 3419 41182
7 3420 40957
7 3421 51820
7 3422 40959
7 3423 41031
7 3424 51854
7 3425 41034
7 3426 194473
7 3427 51949
7 3428 194477
7 3429 41235
7 3430 51835
7 3431 41095
7 3432 40962
7 3433 123497
7 3434 41032
7 3435 51863
7 3436 124430
7 3437 51384
7 3438 41032
7 3439 123554
7 3440 40961
7 3441 41036
7 3442 124597
7 3443 41174
7 3444 40962
7 3445 51825
7 3446 40955
7 3447 41029
7 3448 51856
7 3449 41033
7 3450 123334
7 3451 51275
7 3452 123602
7 3453 41024
7 3454 51269
7 3455 41024
7 3456 192453
7 3457 122168
7 3458 192970
7 3459 51154
7 3460 123143
7 3461 51121
7 3462 192999
7 3463 122166
7 3464 193282
7 3465 40883
7 3466 123145
7 3467 41020
7 3468 193280
7 3469 51153
7 3470 192997
7 3471 41020
7 3472 51048
7 3473 40883
7 3474 122098
7 3475 51086
7 3476 123212
7 3477 40883
7 3478 51049
7 3479 40884
7 3480 51669
7 3481 194687
7 3482 51749
7 3483 123288
7 3484 194702
7 3485 122523
7 3486 51746
7 3487 194762
7 3488 51895
7 3489 51953
7 3490 195648
7 3491 51953
7 3492 51896
7 3493 124259
7 3494 51755
7 3495 51959
7 3496 124610
7 3497 51505
7 3498 194282
7 3499 123493
7 3500 194522
7 3501 51383
7 3502 123613
7 3503 51374
7 3504 51748
7 3505 194764
7 3506 51751
7 3507 123424
7 3508 194750
7 3509 122515
7 3510 51812
7 3511 194765
7 3512 51785
7 3513 41099
7 3514 195175
7 3515 41243
7 3516 51892
7 3517 124327
7 3518 51893
7 3519 41181
7 3520 124444
7 3521 41305
7 3522 195066
7 3523 123533
7 3524 195352
7 3525 41237
7 3526 124491
7 3527 41241
7 3528 51817
7 3529 194765
7 3530 51883
7 3531 51990
7 3532 195642
7 3533 51950
7 3534 51740
7 3535 194734
7 3536 51883
7 3537 41178
7 3538 195173
7 3539 41244
7 3540 51712
7 3541 51950
7 3542 51744
7 3543 41174
7 3544 51911
7 3545 41098
7 3546 194838
7 3547 51948
7 3548 194843
7 3549 41237
7 3550 51901
7 3551 41162
7 3552 51788
7 3553 123621
7 3554 51856
7 3555 51989
7 3556 124356
7 3557 51505
7 3558 51850
7 3559 123680
7 3560 51781
7 3561 41178
7 3562 124713
7 3563 41297
7 3564 51794
7 3565 51955
7 3566 51567
7 3567 41171
7 3568 51976
7 3569 41164
7 3570 123267
7 3571 51273
7 3572 123596
7 3573 41022
7 3574 51266
7 3575 41022
7 3576 192739
7 3577 122312
7 3578 192973
7 3579 51171
7 3580 123286
7 3581 51136
7 3582 192999
7 3583 122308
7 3584 193284
7 3585 40954
7 3586 123290
7 3587 41032
7 3588 193284
7 3589 51171
7 3590 192999
7 3591 41032
7 3592 51124
7 3593 40954
7 3594 122296
7 3595 51159
7 3596 123302
7 3597 40953
7 3598 51124
7 3599 40954
7 3600 40957
7 3601 124356
7 3602 41029
7 3603 194550
7 3604 123522
7 3605 194326
7 3606 41030
7 3607 124446
7 3608 41105
7 3609 123333
7 3610 124449
7 3611 123431
7 3612 41107
7 3613 195034
7 3614 41034
7 3615 123489
7 3616 194752
7 3617 122503
7 3618 123400
7 3619 194336
7 3620 123396
7 3621 122311
7 3622 194466
7 3623 122323
7 3624 41030
7 3625 124448
7 3626 41031
7 3627 194637
7 3628 123549
7 3629 194355
7 3630 41167
7 3631 124747
7 3632 41106
7 3633 51895
7 3634 124782
7 3635 51967
7 3636 41170
7 3637 195566
7 3638 41174
7 3639 51908
7 3640 195770
7 3641 51966
7 3642 123667
7 3643 195252
7 3644 124645
7 3645 51899
7 3646 195887
7 3647 51900
7 3648 41164
7 3649 124694
7 3650 41170
7 3651 124504
7 3652 124714
7 3653 124466
7 3654 41035
7 3655 124342
7 3656 41176
7 3657 51903
7 3658 124449
7 3659 51969
7 3660 41108
7 3661 124535
7 3662 41107
7 3663 51968
7 3664 124604
7 3665 51456
7 3666 124686
7 3667 124681
7 3668 124630
7 3669 52021
7 3670 124622
7 3671 51508
7 3672 41104
7 3673 195075
7 3674 41170
7 3675 124541
7 3676 194896
7 3677 123550
7 3678 41172
7 3679 195154
7 3680 41105
7 3681 51968
7 3682 195740
7 3683 52026
7 3684 41107
7 3685 124552
7 3686 41028
7 3687 51895
7 3688 124692
7 3689 51453
7 3690 194420
7 3691 123616
7 3692 194654
7 3693 51384
7 3694 123610
7 3695 51377
7 3696 123222
7 3697 194086
7 3698 123250
7 3699 123213
7 3700 194514
7 3701 123287
7 3702 123292
7 3703 194115
7 3704 124267
7 3705 51306
7 3706 194704
7 3707 51818
7 3708 124278
7 3709 123369
7 3710 123274
7 3711 51820
7 3712 123405
7 3713 51306
7 3714 194134
7 3715 123422
7 3716 194650
7 3717 51308
7 3718 123410
7 3719 51300
7 3720 41029
7 3721 124454
7 3722 41036
7 3723 194647
7 3724 123562
7 3725 194363
7 3726 41031
7 3727 124446
7 3728 41109
7 3729 123404
7 3730 124450
7 3731 123438
7 3732 41109
7 3733 195066
7 3734 41034
7 3735 123487
7 3736 194756
7 3737 122513
7 3738 123400
7 3739 194344
7 3740 123392
7 3741 122315
7 3742 194469
7 3743 122313
7 3744 41101
7 3745 124523
7 3746 41105
7 3747 194649
7 3748 123559
7 3749 194363
7 3750 41102
7 3751 124644
7 3752 40961
7 3753 41028
7 3754 124653
7 3755 41170
7 3756 41237
7 3757 195226
7 3758 41104
7 3759 41107
7 3760 195351
7 3761 41246
7 3762 123597
7 3763 194792
7 3764 124703
7 3765 41179
7 3766 195385
7 3767 41187
7 3768 41166
7 3769 124625
7 3770 41239
7 3771 124578
7 3772 124720
7 3773 124476
7 3774 41172
7 3775 124729
7 3776 41101
7 3777 41105
7 3778 124730
7 3779 41178
7 3780 41172
7 3781 124405
7 3782 41168
7 3783 41176
7 3784 124503
7 3785 41249
7 3786 124724
7 3787 124667
7 3788 124838
7 3789 41308
7 3790 124640
7 3791 41308
7 3792 41238
7 3793 195653
7 3794 41173
7 3795 124562
7 3796 195271
7 3797 123552
7 3798 41304
7 3799 195653
7 3800 41168
7 3801 41174
7 3802 195705
7 3803 41312
7 3804 41238
7 3805 124739
7 3806 41107
7 3807 41106
7 3808 124774
7 3809 41249
7 3810 195346
7 3811 123674
7 3812 195632
7 3813 41247
7 3814 124640
7 3815 41243
7 3816 123368
7 3817 194736
7 3818 123358
7 3819 123360
7 3820 194790
7 3821 123360
7 3822 123546
7 3823 195023
7 3824 124532
7 3825 41099
7 3826 195513
7 3827 41178
7 3828 124532
7 3829 124323
7 3830 124516
7 3831 41181
7 3832 124439
7 3833 41174
7 3834 195346
7 3835 123662
7 3836 195630
7 3837 41178
7 3838 124565
7 3839 41171
7 3840 41103
7 3841 124518
7 3842 41105
7 3843 194649
7 3844 123546
7 3845 194363
7 3846 41166
7 3847 124688
7 3848 41237
7 3849 51936
7 3850 124788
7 3851 52004
7 3852 41240
7 3853 195535
7 3854 41178
7 3855 51938
7 3856 195953
7 3857 51965
7 3858 123681
7 3859 195291
7 3860 124588
7 3861 51899
7 3862 195923
7 3863 51894
7 3864 41034
7 3865 124376
7 3866 41034
7 3867 194620
7 3868 123402
7 3869 194334
7 3870 41170
7 3871 124693
7 3872 41104
7 3873 41107
7 3874 124738
7 3875 41182
7 3876 41178
7 3877 195295
7 3878 41106
7 3879 41108
7 3880 195386
7 3881 41250
7 3882 123479
7 3883 194792
7 3884 124626
7 3885 41182
7 3886 195387
7 3887 41180
7 3888 41104
7 3889 124518
7 3890 41172
7 3891 51965
7 3892 124687
7 3893 51968
7 3894 41103
7 3895 124520
7 3896 41168
7 3897 41172
7 3898 124484
7 3899 41181
7 3900 40961
7 3901 51818
7 3902 40961
7 3903 41035
7 3904 51853
7 3905 41032
7 3906 124595
7 3907 52042
7 3908 124653
7 3909 41252
7 3910 51981
7 3911 41163
7 3912 41169
7 3913 195037
7 3914 41235
7 3915 52027
7 3916 195482
7 3917 52031
7 3918 41234
7 3919 195087
7 3920 41160
7 3921 41170
7 3922 195551
7 3923 41310
7 3924 41098
7 3925 51955
7 3926 41097
7 3927 41167
7 3928 51923
7 3929 41102
7 3930 194846
7 3931 52023
7 3932 195078
7 3933 41301
7 3934 51973
7 3935 41230
7 3936 123494
7 3937 194651
7 3938 124460
7 3939 51965
7 3940 195638
7 3941 51959
7 3942 123490
7 3943 194621
7 3944 124558
7 3945 41243
7 3946 195552
7 3947 41244
7 3948 124589
7 3949 52014
7 3950 124432
7 3951 41305
7 3952 51839
7 3953 41098
7 3954 194873
7 3955 52018
7 3956 195077
7 3957 41297
7 3958 51905
7 3959 41164
7 3960 41101
7 3961 124557
7 3962 41236
7 3963 123626
7 3964 124638
7 3965 123572
7 3966 41168
7 3967 124510
7 3968 41304
7 3969 51966
7 3970 124568
7 3971 52004
7 3972 41169
7 3973 124380
7 3974 41232
7 3975 52030
7 3976 124747
7 3977 51521
7 3978 124667
7 3979 124671
7 3980 124634
7 3981 52030
7 3982 124622
7 3983 51481
7 3984 41168
7 3985 124530
7 3986 41171
7 3987 123570
7 3988 124536
7 3989 123496
7 3990 41101
7 3991 124386
7 3992 41168
7 3993 41170
7 3994 124490
7 3995 41178
7 3996 41232
7 3997 124573
7 3998 41160
7 3999 41170
7 4000 124713
7 4001 41308
7 4002 124661
7 4003 124548
7 4004 124680
7 4005 41311
7 4006 124710
7 4007 41241
7 4008 41103
7 4009 124393
7 4010 41238
7 4011 51963
7 4012 124567
7 4013 51965
7 4014 41027
7 4015 123202
7 4016 41104
7 4017 41104
7 4018 123272
7 4019 41105
7 4020 41098
7 4021 51917
7 4022 41096
7 4023 41164
7 4024 51883
7 4025 41100
7 4026 124473
7 4027 52035
7 4028 124327
7 4029 41180
7 4030 51924
7 4031 41104
7 4032 40961
7 4033 123486
7 4034 41032
7 4035 51863
7 4036 124351
7 4037 51385
7 4038 41032
7 4039 123548
7 4040 40956
7 4041 41031
7 4042 124587
7 4043 41170
7 4044 40961
7 4045 51824
7 4046 40956
7 4047 41030
7 4048 51855
7 4049 41031
7 4050 123325
7 4051 51279
7 4052 123596
7 4053 41024
7 4054 51272
7 4055 41024
7 4056 124401
7 4057 123628
7 4058 124402
7 4059 51960
7 4060 124520
7 4061 51480
7 4062 124412
7 4063 123619
7 4064 124517
7 4065 41237
7 4066 124643
7 4067 41237
7 4068 124493
7 4069 51958
7 4070 124261
7 4071 41241
7 4072 51904
7 4073 41162
7 4074 123257
7 4075 51276
7 4076 123582
7 4077 41022
7 4078 51268
7 4079 41022
7 4080 40960
7 4081 194043
7 4082 41036
7 4083 123431
7 4084 194063
7 4085 122462
7 4086 41034
7 4087 194151
7 4088 41102
7 4089 51901
7 4090 195118
7 4091 51902
7 4092 41100
7 4093 124458
7 4094 41035
7 4095 51898
7 4096 124684
7 4097 51448
7 4098 193761
7 4099 123420
7 4100 194023
7 4101 51325
7 4102 123556
7 4103 51319
7 4104 41036
7 4105 194151
7 4106 41037
7 4107 123502
7 4108 194142
7 4109 122445
7 4110 41101
7 4111 194149
7 4112 40961
7 4113 41034
7 4114 194615
7 4115 41183
7 4116 41096
7 4117 124393
7 4118 41097
7 4119 41105
7 4120 124587
7 4121 41243
7 4122 194574
7 4123 123492
7 4124 194860
7 4125 41173
7 4126 124451
7 4127 41185
7 4128 41101
7 4129 194149
7 4130 41098
7 4131 51932
7 4132 195047
7 4133 51896
7 4134 41036
7 4135 194089
7 4136 41096
7 4137 41107
7 4138 194580
7 4139 41181
7 4140 40959
7 4141 51824
7 4142 40958
7 4143 41030
7 4144 51858
7 4145 41033
7 4146 194412
7 4147 51955
7 4148 194445
7 4149 41237
7 4150 51905
7 4151 41160
7 4152 40960
7 4153 123459
7 4154 41027
7 4155 51857
7 4156 124448
7 4157 51382
7 4158 41029
7 4159 123486
7 4160 40956
7 4161 41029
7 4162 124533
7 4163 41167
7 4164 40955
7 4165 51817
7 4166 40884
7 4167 40957
7 4168 51787
7 4169 40961
7 4170 123363
7 4171 51216
7 4172 123550
7 4173 40961
7 4174 51211
7 4175 40961
7 4176 192739
7 4177 122312
7 4178 192973
7 4179 51171
7 4180 123286
7 4181 51136
7 4182 192999
7 4183 122308
7 4184 193284
7 4185 40954
7 4186 123290
7 4187 41032
7 4188 193284
7 4189 51171
7 4190 192999
7 4191 41032
7 4192 51124
7 4193 40954
7 4194 122296
7 4195 51159
7 4196 123302
7 4197 40953
7 4198 51124
7 4199 40954
7 4200 122098
7 4201 193071
7 4202 122130
7 4203 122097
7 4204 193561
7 4205 122176
7 4206 122163
7 4207 193068
7 4208 123202
7 4209 51161
7 4210 194003
7 4211 51669
7 4212 123208
7 4213 123071
7 4214 122121
7 4215 51667
7 4216 123263
7 4217 51224
7 4218 193459
7 4219 123220
7 4220 193950
7 4221 51225
7 4222 123244
7 4223 51126
7 4224 122162
7 4225 193170
7 4226 122130
7 4227 122164
7 4228 193597
7 4229 122173
7 4230 122354
7 4231 193456
7 4232 123293
7 4233 40883
7 4234 194320
7 4235 41030
7 4236 123263
7 4237 123172
7 4238 123325
7 4239 41027
7 4240 123195
7 4241 41094
7 4242 194473
7 4243 123273
7 4244 194757
7 4245 41094
7 4246 124189
7 4247 41034
7 4248 122358
7 4249 193456
7 4250 123267
7 4251 51604
7 4252 194367
7 4253 51671
7 4254 122168
7 4255 193145
7 4256 123336
7 4257 41030
7 4258 194102
7 4259 41032
7 4260 123275
7 4261 51227
7 4262 123249
7 4263 41094
7 4264 51048
7 4265 40883
7 4266 193793
7 4267 51758
7 4268 194301
7 4269 41090
7 4270 51683
7 4271 41024
7 4272 123313
7 4273 123222
7 4274 123271
7 4275 51765
7 4276 123170
7 4277 51288
7 4278 123292
7 4279 123240
7 4280 123214
7 4281 41094
7 4282 124244
7 4283 41090
7 4284 123221
7 4285 51729
7 4286 122098
7 4287 41034
7 4288 51683
7 4289 41024
7 4290 122060
7 4291 51086
7 4292 123202
7 4293 40882
7 4294 51048
7 4295 40883
7 4296 192453
7 4297 122168
7 4298 192970
7 4299 51154
7 4300 123143
7 4301 51121
7 4302 192999
7 4303 122166
7 4304 193282
7 4305 40883
7 4306 123145
7 4307 41020
7 4308 193280
7 4309 51153
7 4310 192997
7 4311 41020
7 4312 51048
7 4313 40883
7 4314 122098
7 4315 51086
7 4316 123212
7 4317 40883
7 4318 51049
7 4319 40884
7 4320 51049
7 4321 123164
7 4322 51151
7 4323 193559
7 4324 123238
7 4325 193078
7 4326 51157
7 4327 123231
7 4328 51731
7 4329 122086
7 4330 123261
7 4331 123144
7 4332 51735
7 4333 194020
7 4334 51164
7 4335 123145
7 4336 193665
7 4337 122228
7 4338 123309
7 4339 194033
7 4340 123235
7 4341 122199
7 4342 193666
7 4343 122173
7 4344 51159
7 4345 123263
7 4346 51157
7 4347 193647
7 4348 123273
7 4349 193079
7 4350 51367
7 4351 124365
7 4352 51884
7 4353 51157
7 4354 124332
7 4355 51812
7 4356 51866
7 4357 195050
7 4358 51904
7 4359 51707
7 4360 194717
7 4361 51741
7 4362 123432
7 4363 194564
7 4364 124375
7 4365 51811
7 4366 195079
7 4367 51741
7 4368 51362
7 4369 124370
7 4370 51834
7 4371 124120
7 4372 124438
7 4373 124210
7 4374 51164
7 4375 123225
7 4376 51875
7 4377 51706
7 4378 123365
7 4379 51744
7 4380 51814
7 4381 123357
7 4382 51778
7 4383 51869
7 4384 123261
7 4385 51229
7 4386 124409
7 4387 124439
7 4388 124314
7 4389 51835
7 4390 124351
7 4391 51365
7 4392 51810
7 4393 194956
7 4394 51876
7 4395 124254
7 4396 194507
7 4397 123310
7 4398 51808
7 4399 194602
7 4400 51775
7 4401 51903
7 4402 195106
7 4403 51870
7 4404 51881
7 4405 124240
7 4406 51164
7 4407 51811
7 4408 124348
7 4409 51367
7 4410 193572
7 4411 123312
7 4412 194113
7 4413 51232
7 4414 123334
7 4415 51232
7 4416 123220
7 4417 194067
7 4418 123246
7 4419 123211
7 4420 194430
7 4421 123285
7 4422 123275
7 4423 194064
7 4424 124190
7 4425 51238
7 4426 194450
7 4427 51802
7 4428 124194
7 4429 123325
7 4430 123132
7 4431 51801
7 4432 123299
7 4433 51227
7 4434 193574
7 4435 123312
7 4436 194052
7 4437 51225
7 4438 123236
7 4439 51122
7 4440 51158
7 4441 123262
7 4442 51164
7 4443 193651
7 4444 123276
7 4445 193109
7 4446 51158
7 4447 123231
7 4448 51738
7 4449 122156
7 4450 123268
7 4451 123156
7 4452 51738
7 4453 194084
7 4454 51164
7 4455 123144
7 4456 193666
7 4457 122235
7 4458 123309
7 4459 194037
7 4460 123235
7 4461 122199
7 4462 193668
7 4463 122173
7 4464 51235
7 4465 123462
7 4466 51240
7 4467 193655
7 4468 123470
7 4469 193395
7 4470 51306
7 4471 124496
7 4472 51748
7 4473 40883
7 4474 124394
7 4475 41026
7 4476 51942
7 4477 195057
7 4478 51889
7 4479 41029
7 4480 194640
7 4481 41102
7 4482 123563
7 4483 194420
7 4484 124548
7 4485 41102
7 4486 194629
7 4487 41036
7 4488 51369
7 4489 124427
7 4490 51943
7 4491 124193
7 4492 124608
7 4493 124320
7 4494 51379
7 4495 124494
7 4496 51886
7 4497 41029
7 4498 124434
7 4499 41031
7 4500 51964
7 4501 123299
7 4502 51920
7 4503 41167
7 4504 123190
7 4505 41098
7 4506 124535
7 4507 124472
7 4508 124622
7 4509 41166
7 4510 124368
7 4511 41170
7 4512 51951
7 4513 195527
7 4514 51885
7 4515 124317
7 4516 195104
7 4517 123435
7 4518 52019
7 4519 195501
7 4520 51957
7 4521 41167
7 4522 195387
7 4523 41166
7 4524 52021
7 4525 124492
7 4526 51893
7 4527 41039
7 4528 124458
7 4529 41172
7 4530 194773
7 4531 123464
7 4532 195085
7 4533 41104
7 4534 124433
7 4535 41103
7 4536 123343
7 4537 194692
7 4538 123279
7 4539 123348
7 4540 194569
7 4541 123298
7 4542 123534
7 4543 194978
7 4544 124520
7 4545 41098
7 4546 195323
7 4547 41170
7 4548 124456
7 4549 124318
7 4550 124377
7 4551 41172
7 4552 124376
7 4553 41101
7 4554 194802
7 4555 123565
7 4556 195026
7 4557 41103
7 4558 124411
7 4559 41030
7 4560 51237
7 4561 123466
7 4562 51240
7 4563 193655
7 4564 123470
7 4565 193395
7 4566 51369
7 4567 124432
7 4568 52016
7 4569 51639
7 4570 124437
7 4571 51857
7 4572 51941
7 4573 195051
7 4574 51951
7 4575 51777
7 4576 195239
7 4577 51808
7 4578 123637
7 4579 194968
7 4580 124448
7 4581 51819
7 4582 195192
7 4583 51741
7 4584 51163
7 4585 123270
7 4586 51164
7 4587 193626
7 4588 123238
7 4589 193084
7 4590 51374
7 4591 124502
7 4592 51896
7 4593 41026
7 4594 124505
7 4595 41040
7 4596 51881
7 4597 195093
7 4598 51888
7 4599 41031
7 4600 194707
7 4601 41108
7 4602 123377
7 4603 194133
7 4604 124485
7 4605 41108
7 4606 194602
7 4607 41036
7 4608 51303
7 4609 124485
7 4610 51947
7 4611 51705
7 4612 124650
7 4613 51887
7 4614 51301
7 4615 124461
7 4616 51948
7 4617 41102
7 4618 124455
7 4619 41108
7 4620 51745
7 4621 51229
7 4622 51744
7 4623 41098
7 4624 51048
7 4625 40883
7 4626 124479
7 4627 52016
7 4628 124535
7 4629 41233
7 4630 51841
7 4631 41030
7 4632 51875
7 4633 195052
7 4634 51977
7 4635 51902
7 4636 195065
7 4637 51906
7 4638 51940
7 4639 195157
7 4640 51942
7 4641 41166
7 4642 195539
7 4643 41235
7 4644 51886
7 4645 51840
7 4646 51833
7 4647 41172
7 4648 51723
7 4649 41027
7 4650 193938
7 4651 51832
7 4652 194505
7 4653 41162
7 4654 51753
7 4655 41094
7 4656 123451
7 4657 194500
7 4658 124388
7 4659 51949
7 4660 195341
7 4661 51880
7 4662 123471
7 4663 194503
7 4664 124422
7 4665 41233
7 4666 195007
7 4667 41174
7 4668 124555
7 4669 52004
7 4670 124368
7 4671 41300
7 4672 51830
7 4673 41094
7 4674 194390
7 4675 51942
7 4676 194566
7 4677 41230
7 4678 51770
7 4679 41034
7 4680 51299
7 4681 124526
7 4682 51938
7 4683 123450
7 4684 124690
7 4685 123492
7 4686 51368
7 4687 124474
7 4688 52078
7 4689 51813
7 4690 124565
7 4691 51917
7 4692 51953
7 4693 123240
7 4694 51938
7 4695 51943
7 4696 124418
7 4697 51428
7 4698 124655
7 4699 124425
7 4700 124677
7 4701 51944
7 4702 124485
7 4703 51406
7 4704 51363
7 4705 124499
7 4706 51835
7 4707 123421
7 4708 124570
7 4709 123390
7 4710 51298
7 4711 124418
7 4712 51945
7 4713 41102
7 4714 124556
7 4715 41108
7 4716 51946
7 4717 124351
7 4718 51877
7 4719 41166
7 4720 124510
7 4721 41233
7 4722 124656
7 4723 124496
7 4724 124607
7 4725 41235
7 4726 124542
7 4727 41174
7 4728 51307
7 4729 124419
7 4730 52014
7 4731 51872
7 4732 124631
7 4733 51847
7 4734 51155
7 4735 123203
7 4736 51811
7 4737 41036
7 4738 123312
7 4739 41036
7 4740 51881
7 4741 51806
7 4742 51839
7 4743 41170
7 4744 51729
7 4745 41030
7 4746 124532
7 4747 51977
7 4748 124388
7 4749 41174
7 4750 51765
7 4751 41032
7 4752 51743
7 4753 123358
7 4754 51816
7 4755 51881
7 4756 123243
7 4757 51330
7 4758 51813
7 4759 123448
7 4760 51671
7 4761 41104
7 4762 124418
7 4763 41162
7 4764 51753
7 4765 51844
7 4766 51629
7 4767 41103
7 4768 51826
7 4769 41094
7 4770 122053
7 4771 51086
7 4772 123202
7 4773 40882
7 4774 51048
7 4775 40883
7 4776 124321
7 4777 123511
7 4778 124380
7 4779 51871
7 4780 124380
7 4781 51466
7 4782 124390
7 4783 123535
7 4784 124378
7 4785 41162
7 4786 124561
7 4787 41228
7 4788 124415
7 4789 51865
7 4790 124187
7 4791 41230
7 4792 51789
7 4793 41090
7 4794 123198
7 4795 51269
7 4796 123582
7 4797 41020
7 4798 51261
7 4799 41020
7 4800 51669
7 4801 194619
7 4802 51747
7 4803 123282
7 4804 194643
7 4805 122497
7 4806 51746
7 4807 194628
7 4808 51889
7 4809 51946
7 4810 195559
7 4811 51942
7 4812 51888
7 4813 124248
7 4814 51747
7 4815 51950
7 4816 124534
7 4817 51498
7 4818 193913
7 4819 123282
7 4820 194515
7 4821 51364
7 4822 123525
7 4823 51360
7 4824 51743
7 4825 194748
7 4826 51744
7 4827 123410
7 4828 194742
7 4829 122401
7 4830 51809
7 4831 194627
7 4832 51745
7 4833 41098
7 4834 195139
7 4835 41233
7 4836 51879
7 4837 124250
7 4838 51881
7 4839 41172
7 4840 124430
7 4841 41300
7 4842 195062
7 4843 123442
7 4844 195317
7 4845 41162
7 4846 124278
7 4847 41230
7 4848 51816
7 4849 194543
7 4850 51814
7 4851 51946
7 4852 195515
7 4853 51877
7 4854 51672
7 4855 194170
7 4856 51810
7 4857 41170
7 4858 194711
7 4859 41174
7 4860 51673
7 4861 51844
7 4862 51669
7 4863 41101
7 4864 51867
7 4865 41094
7 4866 194806
7 4867 51939
7 4868 194843
7 4869 41228
7 4870 51826
7 4871 41090
7 4872 51748
7 4873 123503
7 4874 51815
7 4875 51916
7 4876 124283
7 4877 51439
7 4878 51808
7 4879 123535
7 4880 51738
7 4881 41103
7 4882 124578
7 4883 41230
7 4884 51749
7 4885 51876
7 4886 51086
7 4887 41030
7 4888 51845
7 4889 41034
7 4890 123196
7 4891 51269
7 4892 123582
7 4893 41020
7 4894 51261
7 4895 41020
7 4896 192427
7 4897 122166
7 4898 192970
7 4899 51154
7 4900 123141
7 4901 51121
7 4902 192999
7 4903 122164
7 4904 193282
7 4905 40882
7 4906 123143
7 4907 41020
7 4908 193280
7 4909 51153
7 4910 192997
7 4911 41020
7 4912 51047
7 4913 40882
7 4914 122095
7 4915 51085
7 4916 123211
7 4917 40882
7 4918 51048
7 4919 40883
7 4920 122098
7 4921 193071
7 4922 122130
7 4923 122097
7 4924 193561
7 4925 122176
7 4926 122163
7 4927 193068
7 4928 123202
7 4929 51161
7 4930 194003
7 4931 51669
7 4932 123208
7 4933 123071
7 4934 122121
7 4935 51667
7 4936 123263
7 4937 51224
7 4938 193459
7 4939 123220
7 4940 193950
7 4941 51225
7 4942 123244
7 4943 51126
7 4944 122162
7 4945 193170
7 4946 122130
7 4947 122164
7 4948 193597
7 4949 122173
7 4950 122354
7 4951 193456
7 4952 123293
7 4953 40883
7 4954 194320
7 4955 41030
7 4956 123263
7 4957 123172
7 4958 123325
7 4959 41027
7 4960 123195
7 4961 41094
7 4962 194473
7 4963 123273
7 4964 194757
7 4965 41094
7 4966 124189
7 4967 41034
7 4968 122358
7 4969 193456
7 4970 123267
7 4971 51604
7 4972 194367
7 4973 51671
7 4974 122168
7 4975 193145
7 4976 123336
7 4977 41030
7 4978 194102
7 4979 41032
7 4980 123275
7 4981 51227
7 4982 123249
7 4983 41094
7 4984 51048
7 4985 40883
7 4986 193793
7 4987 51758
7 4988 194301
7 4989 41090
7 4990 51683
7 4991 41024
7 4992 123313
7 4993 123222
7 4994 123271
7 4995 51765
7 4996 123170
7 4997 51288
7 4998 123292
7 4999 123240
7 5000 123214
7 5001 41094
7 5002 124244
7 5003 41090
7 5004 123221
7 5005 51729
7 5006 122098
7 5007 41034
7 5008 51683
7 5009 41024
7 5010 122060
7 5011 51086
7 5012 123202
7 5013 40882
7 5014 51048
7 5015 40883
7 5016 192453
7 5017 122168
7 5018 192970
7 5019 51154
7 5020 123143
7 5021 51121
7 5022 192999
7 5023 122166
7 5024 193282
7 5025 40883
7 5026 123145
7 5027 41020
7 5028 193280
7 5029 51153
7 5030 192997
7 5031 41020
7 5032 51048
7 5033 40883
7 5034 122098
7 5035 51086
7 5036 123212
7 5037 40883
7 5038 51049
7 5039 40884
