3 0 3628800
3 1 3628800
3 2 3628800
3 3 3628784
3 4 3627513
3 5 3628636
4 0 3537202
4 1 3602202
4 2 3531682
4 3 3628164
4 4 3605205
4 5 3628164
4 6 3480534
4 7 3586222
4 8 3552474
4 9 3578724
4 10 3586870
4 11 3596626
4 12 3289344
4 13 3526878
4 14 3276005
4 15 3502061
4 16 3502260
4 17 3495160
4 18 3312046
4 19 3491879
4 20 3318601
4 21 3446412
4 22 3457254
4 23 3453326
5 0 2328490
5 1 2429801
5 2 2325269
5 3 3096420
5 4 2452322
5 5 3024738
5 6 2323279
5 7 2408581
5 8 2368179
5 9 3334298
5 10 2434215
5 11 3336467
5 12 2369018
5 13 3116380
5 14 2322026
5 15 3335614
5 16 3072034
5 17 3336467
5 18 2443314
5 19 3116424
5 20 2439259
5 21 3335614
5 22 3071225
5 23 3334298
5 24 2434128
5 25 2762008
5 26 2433396
5 27 3174724
5 28 2767698
5 29 3147428
5 30 2493144
5 31 2937570
5 32 2497194
5 33 2744920
5 34 2940430
5 35 2853894
5 36 2524508
5 37 3232980
5 38 2532808
5 39 2841398
5 40 3147950
5 41 2872888
5 42 2832934
5 43 3242592
5 44 2944168
5 45 2877078
5 46 3175588
5 47 2905076
5 48 1884795
5 49 2149068
5 50 1951513
5 51 2722325
5 52 2160670
5 53 2701642
5 54 1878108
5 55 2143348
5 56 1981959
5 57 2317681
5 58 2154461
5 59 2317240
5 60 1972282
5 61 2692213
5 62 1948761
5 63 2340269
5 64 2628462
5 65 2281240
5 66 2156263
5 67 2718009
5 68 2160126
5 69 2339728
5 70 2664073
5 71 2331795
5 72 1457407
5 73 2209096
5 74 1466870
5 75 2524205
5 76 2177466
5 77 2516655
5 78 1466963
5 79 2176280
5 80 1453421
5 81 2065638
5 82 2173135
5 83 2058751
5 84 1455426
5 85 2499187
5 86 1438112
5 87 2059665
5 88 2444194
5 89 2036396
5 90 2123174
5 91 2467900
5 92 2124976
5 93 1998764
5 94 2433036
5 95 2005860
5 96 1573023
5 97 2170010
5 98 1590910
5 99 2492695
5 100 2172393
5 101 2474021
5 102 1591370
5 103 2174585
5 104 1618501
5 105 1995014
5 106 2159998
5 107 2053437
5 108 1620449
5 109 2488739
5 110 1586099
5 111 2053757
5 112 2431148
5 113 2003075
5 114 2123174
5 115 2467900
5 116 2124976
5 117 1998764
5 118 2433036
5 119 2005860
6 0 701460
6 1 701460
6 2 701317
6 3 837311
6 4 706007
6 5 826200
6 6 701246
6 7 701246
6 8 709960
6 9 1671794
6 10 710416
6 11 1664182
6 12 709962
6 13 838838
6 14 701209
6 15 1664463
6 16 831248
6 17 1661145
6 18 707783
6 19 838372
6 20 710857
6 21 1658625
6 22 831670
6 23 1621890
6 24 700500
6 25 700500
6 26 700323
6 27 831281
6 28 705503
6 29 817860
6 30 712989
6 31 712989
6 32 717259
6 33 1666360
6 34 724810
6 35 1669999
6 36 716126
6 37 845559
6 38 719549
6 39 1669939
6 40 842941
6 41 1686663
6 42 721451
6 43 830243
6 44 728446
6 45 1685811
6 46 845044
6 47 1671149
6 48 713086
6 49 713086
6 50 717145
6 51 1719386
6 52 722277
6 53 1688395
6 54 700204
6 55 700204
6 56 718027
6 57 1670100
6 58 719023
6 59 1670070
6 60 716019
6 61 1736597
6 62 713872
6 63 1688991
6 64 1675607
6 65 1671149
6 66 722418
6 67 1728776
6 68 722260
6 69 1688211
6 70 1681439
6 71 1686663
6 72 715779
6 73 852182
6 74 718114
6 75 1744006
6 76 846198
6 77 1740916
6 78 717177
6 79 832040
6 80 714831
6 81 1688239
6 82 838963
6 83 1688211
6 84 716025
6 85 1729543
6 86 700347
6 87 1669688
6 88 1681614
6 89 1685811
6 90 835603
6 91 1704972
6 92 832098
6 93 1670070
6 94 1675778
6 95 1669999
6 96 711906
6 97 843735
6 98 716479
6 99 1720989
6 100 847032
6 101 1690058
6 102 716212
6 103 836529
6 104 722511
6 105 1669688
6 106 830842
6 107 1688991
6 108 722277
6 109 1728289
6 110 714321
6 111 1688239
6 112 1672093
6 113 1669939
6 114 836500
6 115 1703443
6 116 824760
6 117 1670100
6 118 1670880
6 119 1666360
6 120 1007990
6 121 1007990
6 122 1007394
6 123 1641396
6 124 1016690
6 125 1604670
6 126 1007966
6 127 1007966
6 128 1017520
6 129 2009834
6 130 1017586
6 131 2008564
6 132 1017520
6 133 1641538
6 134 1007966
6 135 2008656
6 136 1605630
6 137 2008400
6 138 1009136
6 139 1641624
6 140 1017642
6 141 2007756
6 142 1605534
6 143 2000030
6 144 1019250
6 145 1019250
6 146 1019074
6 147 1698910
6 148 1022812
6 149 1680114
6 150 1021592
6 151 1021592
6 152 1019786
6 153 1116980
6 154 1039392
6 155 1167476
6 156 1045120
6 157 1732120
6 158 1030456
6 159 1173966
6 160 1697202
6 161 1190852
6 162 1044610
6 163 1715742
6 164 1049042
6 165 1182240
6 166 1695194
6 167 1187490
6 168 1028956
6 169 1028956
6 170 1037692
6 171 2053678
6 172 1039906
6 173 2046918
6 174 1029950
6 175 1029950
6 176 1030156
6 177 1165830
6 178 1041616
6 179 1169124
6 180 1033036
6 181 2052880
6 182 1032680
6 183 1178036
6 184 2000062
6 185 1162224
6 186 1040968
6 187 2072538
6 188 1049836
6 189 1176946
6 190 2007232
6 191 1186134
6 192 1040010
6 193 1692442
6 194 1039622
6 195 2084662
6 196 1657210
6 197 2083342
6 198 1048486
6 199 1725514
6 200 1033616
6 201 1193790
6 202 1714846
6 203 1185036
6 204 1039340
6 205 2059068
6 206 1031946
6 207 1189044
6 208 2008208
6 209 1188936
6 210 1625600
6 211 2052172
6 212 1678306
6 213 1181600
6 214 2009370
6 215 1184042
6 216 1029614
6 217 1664316
6 218 1032648
6 219 2062656
6 220 1652696
6 221 2054544
6 222 1040328
6 223 1728472
6 224 1042682
6 225 1171854
6 226 1715776
6 227 1194236
6 228 1048576
6 229 2083012
6 230 1044926
6 231 1194130
6 232 2008656
6 233 1181306
6 234 1632126
6 235 2055976
6 236 1679560
6 237 1184062
6 238 2009950
6 239 1182208
6 240 629849
6 241 785737
6 242 629756
6 243 1033415
6 244 787122
6 245 1023066
6 246 641050
6 247 835209
6 248 655007
6 249 1167796
6 250 841550
6 251 1174896
6 252 649933
6 253 1058638
6 254 652979
6 255 1169042
6 256 1035789
6 257 1172876
6 258 803281
6 259 1058580
6 260 841134
6 261 1171905
6 262 1036366
6 263 1167142
6 264 629346
6 265 785236
6 266 629242
6 267 1033299
6 268 787002
6 269 1022620
6 270 643229
6 271 846103
6 272 644464
6 273 793284
6 274 839985
6 275 801950
6 276 650326
6 277 1064900
6 278 644217
6 279 793974
6 280 1035660
6 281 803530
6 282 803546
6 283 1056036
6 284 841424
6 285 804341
6 286 1035107
6 287 800850
6 288 641752
6 289 844629
6 290 653119
6 291 1167205
6 292 857784
6 293 1172969
6 294 640718
6 295 834922
6 296 652802
6 297 808231
6 298 842849
6 299 813152
6 300 641712
6 301 1133388
6 302 641597
6 303 803935
6 304 1116172
6 305 780826
6 306 846373
6 307 1176539
6 308 844949
6 309 826287
6 310 1147616
6 311 802309
6 312 649616
6 313 1054536
6 314 660917
6 315 1175709
6 316 1055876
6 317 1180910
6 318 658873
6 319 1054348
6 320 652652
6 321 811795
6 322 1055561
6 323 812518
6 324 652975
6 325 1164090
6 326 651256
6 327 820353
6 328 1144971
6 329 798286
6 330 1023773
6 331 1167930
6 332 1024218
6 333 803538
6 334 1156001
6 335 801951
6 336 803551
6 337 1059482
6 338 853488
6 339 1185010
6 340 1066382
6 341 1184239
6 342 811829
6 343 1062440
6 344 854498
6 345 816558
6 346 1059724
6 347 821686
6 348 849439
6 349 1175766
6 350 841370
6 351 827966
6 352 1157512
6 353 804762
6 354 1034541
6 355 1179736
6 356 1034634
6 357 818967
6 358 1160972
6 359 807136
6 360 339346
6 361 339346
6 362 343572
6 363 888756
6 364 344232
6 365 882146
6 366 340635
6 367 340635
6 368 345279
6 369 904815
6 370 345573
6 371 905911
6 372 342672
6 373 895767
6 374 343740
6 375 909885
6 376 874375
6 377 902005
6 378 343054
6 379 894163
6 380 344845
6 381 910012
6 382 874500
6 383 902560
6 384 340630
6 385 340630
6 386 342140
6 387 883929
6 388 344094
6 389 871855
6 390 339095
6 391 339095
6 392 342355
6 393 519622
6 394 342874
6 395 522300
6 396 343913
6 397 895796
6 398 342214
6 399 521875
6 400 882402
6 401 524075
6 402 345814
6 403 883082
6 404 345632
6 405 523150
6 406 880272
6 407 522495
6 408 339221
6 409 339221
6 410 343809
6 411 902434
6 412 344382
6 413 901432
6 414 337210
6 415 337210
6 416 340805
6 417 519802
6 418 340896
6 419 519778
6 420 341049
6 421 899952
6 422 340923
6 423 522286
6 424 891584
6 425 507780
6 426 342987
6 427 903890
6 428 342926
6 429 522271
6 430 891581
6 431 507832
6 432 339300
6 433 886351
6 434 341051
6 435 906704
6 436 873674
6 437 898971
6 438 341049
6 439 885738
6 440 339112
6 441 520214
6 442 881237
6 443 517998
6 444 339402
6 445 902537
6 446 339000
6 447 520602
6 448 896654
6 449 509344
6 450 856100
6 451 889495
6 452 856169
6 453 501855
6 454 885460
6 455 502590
6 456 340896
6 457 892849
6 458 342874
6 459 910119
6 460 882015
6 461 905933
6 462 342714
6 463 890772
6 464 342687
6 465 519565
6 466 879699
6 467 521338
6 468 342909
6 469 909502
6 470 342527
6 471 523451
6 472 896184
6 473 509118
6 474 857872
6 475 893605
6 476 857872
6 477 505059
6 478 892285
6 479 505287
6 480 339137
6 481 481402
6 482 340937
6 483 897050
6 484 478965
6 485 897105
6 486 340829
6 487 482851
6 488 342569
6 489 906005
6 490 484559
6 491 911001
6 492 342463
6 493 896685
6 494 340861
6 495 906461
6 496 883861
6 497 906301
6 498 475639
6 499 885746
6 500 478076
6 501 898104
6 502 882517
6 503 899241
6 504 340949
6 505 481732
6 506 340981
6 507 897071
6 508 477311
6 509 895011
6 510 342355
6 511 485197
6 512 339348
6 513 517937
6 514 486657
6 515 522781
6 516 342214
6 517 895431
6 518 342279
6 519 524425
6 520 890574
6 521 525576
6 522 478713
6 523 893147
6 524 486091
6 525 519698
6 526 890642
6 527 523462
6 528 342356
6 529 485241
6 530 342224
6 531 911181
6 532 487504
6 533 907770
6 534 340805
6 535 474186
6 536 342114
6 537 523324
6 538 476048
6 539 523779
6 540 339112
6 541 901310
6 542 339047
6 543 520295
6 544 896091
6 545 509445
6 546 485035
6 547 907102
6 548 482140
6 549 521069
6 550 895614
6 551 509060
6 552 339301
6 553 886949
6 554 340807
6 555 904424
6 556 875414
6 557 902853
6 558 340923
6 559 883012
6 560 339047
6 561 520337
6 562 879722
6 563 521205
6 564 339000
6 565 899167
6 566 337210
6 567 517792
6 568 891139
6 569 508001
6 570 857872
6 571 893605
6 572 857872
6 573 505059
6 574 892285
6 575 505287
6 576 467100
6 577 871195
6 578 469825
6 579 893045
6 580 870115
6 581 890975
6 582 469803
6 583 871869
6 584 477104
6 585 501420
6 586 868552
6 587 514441
6 588 477287
6 589 892757
6 590 468137
6 591 514393
6 592 884823
6 593 502412
6 594 856100
6 595 889495
6 596 856169
6 597 501855
6 598 885460
6 599 502590
6 600 337210
6 601 472512
6 602 339047
6 603 883714
6 604 474878
6 605 871990
6 606 339047
6 607 474065
6 608 342279
6 609 893492
6 610 476370
6 611 900986
6 612 342114
6 613 882981
6 614 339348
6 615 901232
6 616 871462
6 617 894703
6 618 475569
6 619 881975
6 620 476682
6 621 893742
6 622 871571
6 623 890614
6 624 339000
6 625 474297
6 626 339112
6 627 884986
6 628 475070
6 629 872039
6 630 340807
6 631 483971
6 632 340861
6 633 501480
6 634 484025
6 635 517409
6 636 342224
6 637 892573
6 638 342569
6 639 516745
6 640 880715
6 641 519023
6 642 477594
6 643 882359
6 644 485873
6 645 518774
6 646 881197
6 647 519245
6 648 340923
6 649 483837
6 650 342214
6 651 903821
6 652 486129
6 653 902848
6 654 339301
6 655 473253
6 656 342463
6 657 517733
6 658 476296
6 659 518043
6 660 340981
6 661 898809
6 662 340937
6 663 518853
6 664 884724
6 665 502375
6 666 482616
6 667 904716
6 668 480918
6 669 517355
6 670 895608
6 671 508660
6 672 340805
6 673 891360
6 674 342355
6 675 908283
6 676 879950
6 677 901415
6 678 342356
6 679 882659
6 680 340829
6 681 518748
6 682 878828
6 683 517395
6 684 340949
6 685 904251
6 686 339137
6 687 519039
6 688 895674
6 689 508662
6 690 856054
6 691 889314
6 692 856123
6 693 501763
6 694 885156
6 695 502518
6 696 467100
6 697 871195
6 698 469825
6 699 893045
6 700 870115
6 701 890975
6 702 469803
6 703 871869
6 704 477104
6 705 501420
6 706 868552
6 707 514441
6 708 477287
6 709 892757
6 710 468137
6 711 514393
6 712 884823
6 713 502412
6 714 856100
6 715 889495
6 716 856169
6 717 501855
6 718 885460
6 719 502590
7 0 95470
7 1 95470
7 2 95469
7 3 95611
7 4 95611
7 5 95470
7 6 95469
7 7 95469
7 8 95758
7 9 152591
7 10 95760
7 11 152511
7 12 95758
7 13 95760
7 14 95469
7 15 152539
7 16 95627
7 17 152390
7 18 95628
7 19 95762
7 20 95762
7 21 152318
7 22 95626
7 23 151090
7 24 95467
7 25 95467
7 26 95466
7 27 95611
7 28 95611
7 29 95467
7 30 95839
7 31 95839
7 32 95867
7 33 479024
7 34 96141
7 35 479126
7 36 95981
7 37 96129
7 38 95990
7 39 479029
7 40 96007
7 41 481870
7 42 96127
7 43 95986
7 44 96278
7 45 481870
7 46 96141
7 47 478722
7 48 95839
7 49 95839
7 50 95982
7 51 153476
7 52 96129
7 53 152467
7 54 95467
7 55 95467
7 56 95991
7 57 479126
7 58 95998
7 59 479126
7 60 95861
7 61 153519
7 62 95856
7 63 481872
7 64 151638
7 65 479126
7 66 96016
7 67 153181
7 68 96136
7 69 481670
7 70 151811
7 71 481770
7 72 95865
7 73 96139
7 74 95988
7 75 154340
7 76 96005
7 77 154201
7 78 95990
7 79 95996
7 80 95851
7 81 482074
7 82 96139
7 83 481666
7 84 95859
7 85 153405
7 86 95467
7 87 478820
7 88 151824
7 89 481566
7 90 95732
7 91 152646
7 92 95876
7 93 478926
7 94 151632
7 95 478622
7 96 95721
7 97 95866
7 98 95864
7 99 153486
7 100 96002
7 101 152365
7 102 95866
7 103 95867
7 104 96016
7 105 479330
7 106 96000
7 107 481670
7 108 96010
7 109 153135
7 110 95859
7 111 481972
7 112 151331
7 113 478727
7 114 95732
7 115 152506
7 116 95864
7 117 478820
7 118 151384
7 119 474880
7 120 95416
7 121 95416
7 122 95415
7 123 95561
7 124 95561
7 125 95416
7 126 95414
7 127 95414
7 128 95746
7 129 152388
7 130 95750
7 131 152203
7 132 95746
7 133 95750
7 134 95414
7 135 152227
7 136 95621
7 137 152034
7 138 95623
7 139 95754
7 140 95754
7 141 151939
7 142 95619
7 143 150057
7 144 96665
7 145 96665
7 146 96665
7 147 96692
7 148 96692
7 149 96665
7 150 96924
7 151 96924
7 152 96950
7 153 338090
7 154 97286
7 155 338834
7 156 97379
7 157 97407
7 158 97143
7 159 338913
7 160 97295
7 161 339754
7 162 97281
7 163 97259
7 164 97432
7 165 339676
7 166 97306
7 167 339025
7 168 96797
7 169 96797
7 170 97178
7 171 154613
7 172 97199
7 173 154122
7 174 97002
7 175 97002
7 176 97135
7 177 338994
7 178 97289
7 179 339037
7 180 97259
7 181 155036
7 182 97273
7 183 340631
7 184 153894
7 185 339773
7 186 97413
7 187 155289
7 188 97565
7 189 340625
7 190 154033
7 191 340605
7 192 97175
7 193 97313
7 194 96942
7 195 154751
7 196 97196
7 197 154895
7 198 97519
7 199 97535
7 200 97276
7 201 340651
7 202 97563
7 203 340534
7 204 97384
7 205 154876
7 206 97028
7 207 339120
7 208 154029
7 209 340607
7 210 97273
7 211 154449
7 212 97444
7 213 339839
7 214 154089
7 215 339857
7 216 97054
7 217 97065
7 218 97057
7 219 154056
7 220 97052
7 221 151405
7 222 97411
7 223 97411
7 224 97444
7 225 339720
7 226 97562
7 227 340619
7 228 97557
7 229 155079
7 230 97433
7 231 340705
7 232 153812
7 233 339847
7 234 97286
7 235 154192
7 236 97428
7 237 339840
7 238 153803
7 239 338970
7 240 96667
7 241 96667
7 242 96667
7 243 96692
7 244 96692
7 245 96667
7 246 96853
7 247 96853
7 248 97189
7 249 490895
7 250 97330
7 251 490806
7 252 97187
7 253 97207
7 254 97002
7 255 490600
7 256 97208
7 257 490602
7 258 97207
7 259 97197
7 260 97341
7 261 490892
7 262 97212
7 263 486910
7 264 95409
7 265 95409
7 266 95407
7 267 95599
7 268 95599
7 269 95409
7 270 96902
7 271 96902
7 272 97128
7 273 338876
7 274 97287
7 275 339055
7 276 97084
7 277 97287
7 278 97125
7 279 338983
7 280 97288
7 281 339786
7 282 97155
7 283 96961
7 284 97425
7 285 339785
7 286 97285
7 287 338950
7 288 96864
7 289 96864
7 290 97302
7 291 494089
7 292 97448
7 293 493708
7 294 96720
7 295 96720
7 296 97247
7 297 340524
7 298 97349
7 299 340563
7 300 96992
7 301 494200
7 302 96975
7 303 340576
7 304 487062
7 305 338970
7 306 97337
7 307 498165
7 308 97336
7 309 342197
7 310 488073
7 311 339857
7 312 97302
7 313 97451
7 314 97380
7 315 500033
7 316 97512
7 317 500264
7 318 97226
7 319 97249
7 320 97138
7 321 341262
7 322 97535
7 323 342100
7 324 97176
7 325 494863
7 326 97059
7 327 341368
7 328 487887
7 329 339847
7 330 97203
7 331 497730
7 332 97328
7 333 341283
7 334 490961
7 335 340605
7 336 97324
7 337 97320
7 338 97635
7 339 497892
7 340 97642
7 341 493975
7 342 97123
7 343 97106
7 344 97622
7 345 342016
7 346 97294
7 347 341309
7 348 97484
7 349 500657
7 350 97458
7 351 342948
7 352 490723
7 353 340607
7 354 97348
7 355 497692
7 356 97336
7 357 342072
7 358 488018
7 359 339773
7 360 96825
7 361 96825
7 362 97275
7 363 154746
7 364 97299
7 365 154266
7 366 96904
7 367 96904
7 368 97420
7 369 494415
7 370 97430
7 371 494217
7 372 97161
7 373 155419
7 374 97285
7 375 497096
7 376 153747
7 377 494739
7 378 97186
7 379 155336
7 380 97325
7 381 496978
7 382 153756
7 383 494208
7 384 96850
7 385 96850
7 386 96989
7 387 153120
7 388 97189
7 389 151463
7 390 96810
7 391 96810
7 392 97355
7 393 340402
7 394 97373
7 395 340548
7 396 97278
7 397 155200
7 398 97252
7 399 341233
7 400 154648
7 401 342072
7 402 97587
7 403 153321
7 404 97595
7 405 341985
7 406 154556
7 407 341283
7 408 96866
7 409 96866
7 410 97335
7 411 493655
7 412 97355
7 413 493168
7 414 95409
7 415 95409
7 416 96964
7 417 338937
7 418 96972
7 419 338933
7 420 97176
7 421 494854
7 422 96965
7 423 341279
7 424 488073
7 425 339840
7 426 97345
7 427 497833
7 428 97207
7 429 341310
7 430 488058
7 431 339839
7 432 96982
7 433 154540
7 434 97171
7 435 496983
7 436 153892
7 437 497039
7 438 97160
7 439 154281
7 440 96977
7 441 340589
7 442 154324
7 443 341309
7 444 97079
7 445 494760
7 446 96720
7 447 340489
7 448 490759
7 449 340619
7 450 152492
7 451 490357
7 452 152499
7 453 338950
7 454 487867
7 455 339025
7 456 97191
7 457 155331
7 458 97386
7 459 500292
7 460 154607
7 461 499971
7 462 97371
7 463 154392
7 464 97382
7 465 341313
7 466 152460
7 467 342100
7 468 97388
7 469 500495
7 470 97104
7 471 342050
7 472 490626
7 473 340534
7 474 152829
7 475 491212
7 476 152498
7 477 339786
7 478 490741
7 479 339754
7 480 96837
7 481 97170
7 482 97026
7 483 155454
7 484 97177
7 485 155410
7 486 97024
7 487 97173
7 488 97163
7 489 494829
7 490 97450
7 491 496972
7 492 97160
7 493 155689
7 494 96916
7 495 494451
7 496 154797
7 497 496878
7 498 97032
7 499 154727
7 500 97185
7 501 494418
7 502 154631
7 503 493912
7 504 97014
7 505 97172
7 506 97010
7 507 155178
7 508 97168
7 509 154740
7 510 97342
7 511 97358
7 512 97093
7 513 340403
7 514 97534
7 515 342050
7 516 97141
7 517 155104
7 518 97261
7 519 341431
7 520 155232
7 521 342948
7 522 97405
7 523 154880
7 524 97657
7 525 341310
7 526 155100
7 527 342197
7 528 97305
7 529 97357
7 530 97241
7 531 499914
7 532 97595
7 533 496554
7 534 96859
7 535 96861
7 536 97292
7 537 341315
7 538 97323
7 539 341313
7 540 96976
7 541 494559
7 542 96820
7 543 340560
7 544 490957
7 545 340705
7 546 97473
7 547 497162
7 548 97396
7 549 341985
7 550 490636
7 551 340625
7 552 96985
7 553 154797
7 554 97116
7 555 496625
7 556 154053
7 557 497142
7 558 97016
7 559 153006
7 560 96929
7 561 340592
7 562 154023
7 563 342016
7 564 96885
7 565 493495
7 566 95413
7 567 338830
7 568 488009
7 569 339720
7 570 152845
7 571 491222
7 572 152238
7 573 339785
7 574 490521
7 575 339676
7 576 96845
7 577 153631
7 578 97049
7 579 493204
7 580 153890
7 581 490076
7 582 97049
7 583 153527
7 584 97254
7 585 338933
7 586 152984
7 587 340563
7 588 97252
7 589 494519
7 590 97028
7 591 340548
7 592 487367
7 593 339037
7 594 152729
7 595 490922
7 596 151949
7 597 339055
7 598 487841
7 599 338834
7 600 96693
7 601 96886
7 602 96889
7 603 154445
7 604 97036
7 605 153432
7 606 96891
7 607 96893
7 608 97184
7 609 491255
7 610 97174
7 611 491230
7 612 97176
7 613 154466
7 614 96893
7 615 491432
7 616 153579
7 617 490928
7 618 97033
7 619 154467
7 620 97168
7 621 490818
7 622 153633
7 623 486986
7 624 96878
7 625 96896
7 626 96889
7 627 154480
7 628 97038
7 629 153003
7 630 97232
7 631 97242
7 632 97262
7 633 338830
7 634 97526
7 635 340489
7 636 97354
7 637 155063
7 638 97395
7 639 340560
7 640 154348
7 641 341368
7 642 97395
7 643 152481
7 644 97656
7 645 341279
7 646 154464
7 647 340576
7 648 97232
7 649 97239
7 650 97372
7 651 497356
7 652 97509
7 653 494314
7 654 96878
7 655 96875
7 656 97382
7 657 340592
7 658 97370
7 659 340589
7 660 97242
7 661 498031
7 662 97223
7 663 341431
7 664 487843
7 665 339120
7 666 97375
7 667 496743
7 668 97390
7 669 341233
7 670 490713
7 671 340631
7 672 97192
7 673 155231
7 674 97374
7 675 500248
7 676 154387
7 677 499706
7 678 97313
7 679 152303
7 680 97232
7 681 341315
7 682 153294
7 683 341262
7 684 97243
7 685 497809
7 686 96723
7 687 340403
7 688 490949
7 689 340651
7 690 152488
7 691 490915
7 692 152104
7 693 338983
7 694 487620
7 695 338913
7 696 96846
7 697 153586
7 698 97045
7 699 493275
7 700 153766
7 701 489920
7 702 97040
7 703 153177
7 704 97247
7 705 338937
7 706 152267
7 707 340524
7 708 97190
7 709 494108
7 710 96879
7 711 340402
7 712 487590
7 713 338994
7 714 152417
7 715 490179
7 716 150447
7 717 338876
7 718 486549
7 719 338090
7 720 210804
7 721 210804
7 722 210786
7 723 211616
7 724 211616
7 725 210804
7 726 210786
7 727 210786
7 728 212284
7 729 636068
7 730 212320
7 731 634362
7 732 212284
7 733 212320
7 734 210786
7 735 634434
7 736 211652
7 737 633658
7 738 211670
7 739 212356
7 740 212356
7 741 633096
7 742 211634
7 743 623068
7 744 210804
7 745 210804
7 746 210786
7 747 211616
7 748 211616
7 749 210804
7 750 211640
7 751 211640
7 752 211694
7 753 676004
7 754 213120
7 755 676016
7 756 212344
7 757 213156
7 758 212380
7 759 675856
7 760 212434
7 761 680356
7 762 213120
7 763 212434
7 764 213860
7 765 680356
7 766 213120
7 767 675972
7 768 211640
7 769 211640
7 770 212344
7 771 643256
7 772 213156
7 773 634326
7 774 210804
7 775 210804
7 776 212380
7 777 676016
7 778 212434
7 779 676016
7 780 211676
7 781 643598
7 782 211658
7 783 680358
7 784 623114
7 785 676016
7 786 212434
7 787 642050
7 788 213120
7 789 680336
7 790 624416
7 791 680346
7 792 211694
7 793 213120
7 794 212380
7 795 650990
7 796 212434
7 797 650232
7 798 212380
7 799 212434
7 800 211622
7 801 680380
7 802 213156
7 803 680332
7 804 211658
7 805 642604
7 806 210804
7 807 675980
7 808 624416
7 809 680322
7 810 210828
7 811 634280
7 812 211640
7 813 675996
7 814 623114
7 815 675962
7 816 210828
7 817 211658
7 818 211622
7 819 643180
7 820 212380
7 821 634838
7 822 211658
7 823 211676
7 824 212380
7 825 676040
7 826 212344
7 827 680336
7 828 212380
7 829 641978
7 830 211694
7 831 680368
7 832 623056
7 833 675824
7 834 210828
7 835 634268
7 836 211640
7 837 675980
7 838 623090
7 839 675400
7 840 211492
7 841 211492
7 842 211474
7 843 212252
7 844 212252
7 845 211492
7 846 211488
7 847 211488
7 848 212444
7 849 638558
7 850 212454
7 851 637988
7 852 212444
7 853 212456
7 854 211488
7 855 638116
7 856 211732
7 857 637678
7 858 211736
7 859 212460
7 860 212464
7 861 637472
7 862 211732
7 863 633954
7 864 211556
7 865 211556
7 866 211552
7 867 211776
7 868 211776
7 869 211556
7 870 211556
7 871 211556
7 872 211504
7 873 222300
7 874 212828
7 875 227574
7 876 213480
7 877 213696
7 878 212188
7 879 227882
7 880 213128
7 881 229032
7 882 213162
7 883 212970
7 884 213668
7 885 228656
7 886 213078
7 887 228396
7 888 213426
7 889 213426
7 890 214380
7 891 647176
7 892 214502
7 893 646476
7 894 212240
7 895 212240
7 896 212200
7 897 228132
7 898 212926
7 899 228310
7 900 213902
7 901 647112
7 902 213172
7 903 229810
7 904 638130
7 905 229024
7 906 214620
7 907 652040
7 908 214548
7 909 229880
7 910 638068
7 911 230072
7 912 213940
7 913 214604
7 914 213658
7 915 652750
7 916 213810
7 917 652378
7 918 214444
7 919 214558
7 920 213144
7 921 229922
7 922 214544
7 923 229644
7 924 213710
7 925 646958
7 926 212252
7 927 228690
7 928 638046
7 929 230072
7 930 213230
7 931 646880
7 932 213858
7 933 229368
7 934 638580
7 935 229350
7 936 213122
7 937 213330
7 938 213326
7 939 647144
7 940 213148
7 941 643012
7 942 213774
7 943 213976
7 944 213868
7 945 228834
7 946 214530
7 947 229970
7 948 214620
7 949 651978
7 950 213962
7 951 230260
7 952 638630
7 953 229314
7 954 213228
7 955 645208
7 956 213788
7 957 229350
7 958 636344
7 959 228364
7 960 212152
7 961 212152
7 962 212148
7 963 212412
7 964 212412
7 965 212152
7 966 212968
7 967 212968
7 968 213738
7 969 680400
7 970 214558
7 971 680390
7 972 213820
7 973 213966
7 974 213792
7 975 680326
7 976 213880
7 977 681604
7 978 213938
7 979 213900
7 980 214726
7 981 681638
7 982 213992
7 983 679800
7 984 212176
7 985 212176
7 986 212172
7 987 212412
7 988 212412
7 989 212176
7 990 212230
7 991 212230
7 992 212214
7 993 226844
7 994 212944
7 995 228272
7 996 213540
7 997 213812
7 998 212228
7 999 227008
7 1000 213206
7 1001 229166
7 1002 213242
7 1003 213008
7 1004 213760
7 1005 229166
7 1006 213106
7 1007 228382
7 1008 212450
7 1009 212450
7 1010 213110
7 1011 680852
7 1012 214024
7 1013 680788
7 1014 212436
7 1015 212436
7 1016 212992
7 1017 228438
7 1018 213176
7 1019 229178
7 1020 212410
7 1021 680358
7 1022 212410
7 1023 227846
7 1024 675400
7 1025 226268
7 1026 214084
7 1027 684880
7 1028 214136
7 1029 230580
7 1030 675962
7 1031 228456
7 1032 213908
7 1033 214716
7 1034 214490
7 1035 688320
7 1036 213896
7 1037 688600
7 1038 214538
7 1039 214768
7 1040 213166
7 1041 228402
7 1042 214788
7 1043 229270
7 1044 213232
7 1045 680952
7 1046 213176
7 1047 229922
7 1048 675790
7 1049 228390
7 1050 213228
7 1051 685080
7 1052 213900
7 1053 228530
7 1054 680312
7 1055 229220
7 1056 214084
7 1057 214040
7 1058 214900
7 1059 686526
7 1060 214716
7 1061 684626
7 1062 214184
7 1063 214102
7 1064 214688
7 1065 229890
7 1066 214568
7 1067 229934
7 1068 214862
7 1069 689306
7 1070 214832
7 1071 231332
7 1072 680310
7 1073 229232
7 1074 214042
7 1075 684984
7 1076 214182
7 1077 229930
7 1078 676004
7 1079 228648
7 1080 213034
7 1081 213034
7 1082 214436
7 1083 648436
7 1084 214708
7 1085 644072
7 1086 212960
7 1087 212960
7 1088 214434
7 1089 684944
7 1090 214474
7 1091 684908
7 1092 213726
7 1093 653756
7 1094 213696
7 1095 689326
7 1096 634024
7 1097 685702
7 1098 213876
7 1099 653500
7 1100 214146
7 1101 689896
7 1102 634194
7 1103 686242
7 1104 213652
7 1105 213652
7 1106 214490
7 1107 649078
7 1108 214744
7 1109 645854
7 1110 212462
7 1111 212462
7 1112 213030
7 1113 229162
7 1114 213204
7 1115 229432
7 1116 214576
7 1117 655658
7 1118 213172
7 1119 229522
7 1120 648302
7 1121 230860
7 1122 214888
7 1123 652164
7 1124 214708
7 1125 230728
7 1126 646926
7 1127 230162
7 1128 212876
7 1129 212876
7 1130 213934
7 1131 681498
7 1132 214104
7 1133 681342
7 1134 212280
7 1135 212280
7 1136 212284
7 1137 228532
7 1138 212930
7 1139 228532
7 1140 213276
7 1141 681060
7 1142 213200
7 1143 229990
7 1144 675992
7 1145 228582
7 1146 214092
7 1147 684922
7 1148 214086
7 1149 230090
7 1150 675996
7 1151 228576
7 1152 213136
7 1153 647572
7 1154 213162
7 1155 686544
7 1156 633418
7 1157 685268
7 1158 213780
7 1159 648728
7 1160 212472
7 1161 229438
7 1162 648524
7 1163 230012
7 1164 213118
7 1165 682378
7 1166 212472
7 1167 229436
7 1168 680358
7 1169 229352
7 1170 624426
7 1171 680268
7 1172 633598
7 1173 227692
7 1174 675994
7 1175 227740
7 1176 213926
7 1177 651852
7 1178 214134
7 1179 690368
7 1180 639756
7 1181 689800
7 1182 214570
7 1183 654664
7 1184 214036
7 1185 230036
7 1186 653136
7 1187 230836
7 1188 214714
7 1189 689908
7 1190 214126
7 1191 230802
7 1192 680356
7 1193 229328
7 1194 625308
7 1195 681716
7 1196 634886
7 1197 228624
7 1198 680356
7 1199 228624
7 1200 213044
7 1201 214074
7 1202 213268
7 1203 654774
7 1204 214020
7 1205 654400
7 1206 213240
7 1207 213970
7 1208 213160
7 1209 686390
7 1210 214654
7 1211 690024
7 1212 213162
7 1213 653192
7 1214 212974
7 1215 685742
7 1216 639684
7 1217 689420
7 1218 212852
7 1219 643428
7 1220 213152
7 1221 685104
7 1222 638402
7 1223 684980
7 1224 213730
7 1225 214688
7 1226 213936
7 1227 658002
7 1228 214066
7 1229 657130
7 1230 213852
7 1231 214146
7 1232 212438
7 1233 229296
7 1234 214238
7 1235 230798
7 1236 214534
7 1237 658202
7 1238 213208
7 1239 230260
7 1240 656166
7 1241 231676
7 1242 214118
7 1243 658838
7 1244 214544
7 1245 229922
7 1246 656296
7 1247 230936
7 1248 214444
7 1249 214544
7 1250 214322
7 1251 689898
7 1252 214874
7 1253 690320
7 1254 213956
7 1255 213978
7 1256 213232
7 1257 230132
7 1258 213994
7 1259 230154
7 1260 213092
7 1261 682350
7 1262 212444
7 1263 229412
7 1264 680368
7 1265 229394
7 1266 214746
7 1267 689810
7 1268 214816
7 1269 230700
7 1270 680336
7 1271 229244
7 1272 213194
7 1273 647704
7 1274 213098
7 1275 685404
7 1276 634316
7 1277 686690
7 1278 213800
7 1279 648834
7 1280 212466
7 1281 229478
7 1282 648146
7 1283 230876
7 1284 212914
7 1285 681096
7 1286 212228
7 1287 228632
7 1288 676040
7 1289 228738
7 1290 625362
7 1291 681716
7 1292 634886
7 1293 228624
7 1294 680356
7 1295 228624
7 1296 212266
7 1297 636196
7 1298 212502
7 1299 681498
7 1300 632842
7 1301 680840
7 1302 212980
7 1303 646256
7 1304 213078
7 1305 227764
7 1306 644840
7 1307 229336
7 1308 213756
7 1309 684908
7 1310 213164
7 1311 229336
7 1312 676016
7 1313 227794
7 1314 625076
7 1315 680424
7 1316 633634
7 1317 227796
7 1318 676016
7 1319 227812
7 1320 212164
7 1321 212420
7 1322 212392
7 1323 645048
7 1324 213148
7 1325 636262
7 1326 212400
7 1327 212392
7 1328 213182
7 1329 681096
7 1330 213172
7 1331 682324
7 1332 213180
7 1333 644780
7 1334 212428
7 1335 682350
7 1336 632742
7 1337 681020
7 1338 212232
7 1339 642448
7 1340 212992
7 1341 681046
7 1342 632748
7 1343 680358
7 1344 212850
7 1345 213092
7 1346 213094
7 1347 649986
7 1348 213316
7 1349 646486
7 1350 213070
7 1351 213200
7 1352 212984
7 1353 227352
7 1354 213802
7 1355 229390
7 1356 214400
7 1357 655562
7 1358 213212
7 1359 229380
7 1360 648724
7 1361 230136
7 1362 214016
7 1363 653740
7 1364 214530
7 1365 229874
7 1366 648154
7 1367 229354
7 1368 213722
7 1369 213754
7 1370 214482
7 1371 685404
7 1372 214552
7 1373 686412
7 1374 213208
7 1375 213216
7 1376 213214
7 1377 229282
7 1378 213858
7 1379 229212
7 1380 213960
7 1381 685742
7 1382 213320
7 1383 230050
7 1384 675980
7 1385 227704
7 1386 214514
7 1387 689174
7 1388 214556
7 1389 229884
7 1390 680358
7 1391 229280
7 1392 213956
7 1393 651236
7 1394 213894
7 1395 689898
7 1396 639426
7 1397 688528
7 1398 214548
7 1399 653668
7 1400 213320
7 1401 230136
7 1402 652658
7 1403 230070
7 1404 213808
7 1405 686390
7 1406 213122
7 1407 229498
7 1408 680380
7 1409 229352
7 1410 625040
7 1411 680384
7 1412 633598
7 1413 227778
7 1414 675856
7 1415 227794
7 1416 212280
7 1417 636290
7 1418 212502
7 1419 681498
7 1420 632904
7 1421 680852
7 1422 212980
7 1423 646282
7 1424 213078
7 1425 227780
7 1426 644854
7 1427 229306
7 1428 213756
7 1429 684908
7 1430 213164
7 1431 229336
7 1432 676016
7 1433 227794
7 1434 625088
7 1435 680412
7 1436 633634
7 1437 227766
7 1438 676004
7 1439 227674
7 1440 146187
7 1441 146187
7 1442 146145
7 1443 283297
7 1444 146998
7 1445 278515
7 1446 146185
7 1447 146185
7 1448 147099
7 1449 371732
7 1450 147105
7 1451 371564
7 1452 147099
7 1453 283315
7 1454 146185
7 1455 371592
7 1456 278628
7 1457 371531
7 1458 146316
7 1459 283314
7 1460 147110
7 1461 371447
7 1462 278628
7 1463 370138
7 1464 147481
7 1465 147481
7 1466 147479
7 1467 291058
7 1468 147590
7 1469 290235
7 1470 149074
7 1471 149074
7 1472 149126
7 1473 248745
7 1474 150441
7 1475 250710
7 1476 150990
7 1477 297355
7 1478 149269
7 1479 250432
7 1480 290957
7 1481 251670
7 1482 150395
7 1483 296871
7 1484 151235
7 1485 251536
7 1486 291060
7 1487 250894
7 1488 148713
7 1489 148713
7 1490 149567
7 1491 378992
7 1492 149633
7 1493 378276
7 1494 148959
7 1495 148959
7 1496 149168
7 1497 249620
7 1498 150328
7 1499 248987
7 1500 150106
7 1501 380142
7 1502 149170
7 1503 251651
7 1504 371784
7 1505 249866
7 1506 150963
7 1507 383907
7 1508 151132
7 1509 251479
7 1510 371941
7 1511 251107
7 1512 149752
7 1513 291580
7 1514 149875
7 1515 384099
7 1516 286990
7 1517 383978
7 1518 150948
7 1519 296499
7 1520 149168
7 1521 251719
7 1522 294911
7 1523 251398
7 1524 150151
7 1525 380030
7 1526 149047
7 1527 250720
7 1528 371928
7 1529 251106
7 1530 282112
7 1531 379005
7 1532 290167
7 1533 249873
7 1534 371839
7 1535 249967
7 1536 148787
7 1537 286146
7 1538 148929
7 1539 379932
7 1540 286423
7 1541 378652
7 1542 150208
7 1543 296832
7 1544 150342
7 1545 249620
7 1546 294951
7 1547 251685
7 1548 151013
7 1549 383952
7 1550 150287
7 1551 251561
7 1552 371737
7 1553 249912
7 1554 282119
7 1555 378996
7 1556 290157
7 1557 249878
7 1558 371740
7 1559 249625
7 1560 146176
7 1561 146176
7 1562 146134
7 1563 283286
7 1564 146987
7 1565 278504
7 1566 146174
7 1567 146174
7 1568 147099
7 1569 371732
7 1570 147105
7 1571 371564
7 1572 147099
7 1573 283315
7 1574 146174
7 1575 371592
7 1576 278628
7 1577 371531
7 1578 146316
7 1579 283314
7 1580 147110
7 1581 371447
7 1582 278628
7 1583 370128
7 1584 147595
7 1585 147595
7 1586 147595
7 1587 291663
7 1588 147618
7 1589 291435
7 1590 147850
7 1591 147850
7 1592 147661
7 1593 162236
7 1594 148944
7 1595 163292
7 1596 149914
7 1597 296689
7 1598 147767
7 1599 163066
7 1600 289982
7 1601 164145
7 1602 149109
7 1603 296781
7 1604 149752
7 1605 164100
7 1606 290002
7 1607 163405
7 1608 148754
7 1609 148754
7 1610 149678
7 1611 379126
7 1612 149696
7 1613 378838
7 1614 147844
7 1615 147844
7 1616 147659
7 1617 162755
7 1618 148875
7 1619 162360
7 1620 149090
7 1621 379237
7 1622 147881
7 1623 164044
7 1624 371723
7 1625 163144
7 1626 149947
7 1627 383540
7 1628 149852
7 1629 164036
7 1630 371824
7 1631 164133
7 1632 149025
7 1633 291546
7 1634 148868
7 1635 383493
7 1636 287010
7 1637 383613
7 1638 150028
7 1639 296579
7 1640 147887
7 1641 164132
7 1642 294661
7 1643 164182
7 1644 149082
7 1645 379140
7 1646 147763
7 1647 163069
7 1648 371723
7 1649 163897
7 1650 281186
7 1651 379067
7 1652 289970
7 1653 163364
7 1654 371929
7 1655 163349
7 1656 147897
7 1657 285580
7 1658 147892
7 1659 379047
7 1660 285469
7 1661 377671
7 1662 149211
7 1663 296933
7 1664 149079
7 1665 163295
7 1666 294678
7 1667 164310
7 1668 150048
7 1669 383643
7 1670 149069
7 1671 164254
7 1672 371913
7 1673 163321
7 1674 281229
7 1675 378959
7 1676 289881
7 1677 163364
7 1678 371768
7 1679 163192
7 1680 147528
7 1681 147528
7 1682 147527
7 1683 291640
7 1684 147595
7 1685 291368
7 1686 148965
7 1687 148965
7 1688 150322
7 1689 250774
7 1690 151453
7 1691 251809
7 1692 150986
7 1693 299219
7 1694 150370
7 1695 252152
7 1696 293335
7 1697 251999
7 1698 150341
7 1699 299072
7 1700 151414
7 1701 251791
7 1702 293391
7 1703 251872
7 1704 147472
7 1705 147472
7 1706 147470
7 1707 291047
7 1708 147579
7 1709 290227
7 1710 148926
7 1711 148926
7 1712 148986
7 1713 163939
7 1714 150048
7 1715 164584
7 1716 150018
7 1717 297976
7 1718 149043
7 1719 164363
7 1720 291820
7 1721 164623
7 1722 149159
7 1723 296820
7 1724 150158
7 1725 164747
7 1726 291825
7 1727 164650
7 1728 147719
7 1729 147719
7 1730 149032
7 1731 249110
7 1732 150161
7 1733 250472
7 1734 147716
7 1735 147716
7 1736 148976
7 1737 164238
7 1738 149093
7 1739 164812
7 1740 147531
7 1741 242801
7 1742 147531
7 1743 163571
7 1744 241306
7 1745 161290
7 1746 150040
7 1747 251475
7 1748 150107
7 1749 166862
7 1750 248324
7 1751 163455
7 1752 150878
7 1753 297521
7 1754 151338
7 1755 253809
7 1756 297647
7 1757 254441
7 1758 151074
7 1759 297421
7 1760 151052
7 1761 167540
7 1762 297334
7 1763 167570
7 1764 148926
7 1765 251026
7 1766 148919
7 1767 165877
7 1768 249152
7 1769 163541
7 1770 290894
7 1771 252995
7 1772 290987
7 1773 166633
7 1774 251043
7 1775 164538
7 1776 150333
7 1777 297944
7 1778 151699
7 1779 253629
7 1780 299283
7 1781 254154
7 1782 150369
7 1783 297909
7 1784 151661
7 1785 167138
7 1786 297983
7 1787 167330
7 1788 151007
7 1789 252224
7 1790 151006
7 1791 167790
7 1792 250136
7 1793 164406
7 1794 291239
7 1795 253712
7 1796 291192
7 1797 167158
7 1798 250735
7 1799 163868
7 1800 148704
7 1801 148704
7 1802 150483
7 1803 378658
7 1804 150601
7 1805 377428
7 1806 149987
7 1807 149987
7 1808 151309
7 1809 251156
7 1810 151610
7 1811 252732
7 1812 150112
7 1813 384681
7 1814 151209
7 1815 252374
7 1816 378918
7 1817 252706
7 1818 149988
7 1819 383523
7 1820 151517
7 1821 252157
7 1822 378935
7 1823 252820
7 1824 149834
7 1825 149834
7 1826 150674
7 1827 378635
7 1828 150794
7 1829 377421
7 1830 148923
7 1831 148923
7 1832 149915
7 1833 164850
7 1834 150224
7 1835 165600
7 1836 151294
7 1837 384816
7 1838 149927
7 1839 165682
7 1840 378805
7 1841 166485
7 1842 151230
7 1843 383468
7 1844 151028
7 1845 166127
7 1846 378810
7 1847 166583
7 1848 148961
7 1849 148961
7 1850 150369
7 1851 252412
7 1852 150710
7 1853 251602
7 1854 148848
7 1855 148848
7 1856 150116
7 1857 165760
7 1858 150144
7 1859 165775
7 1860 148870
7 1861 248669
7 1862 148865
7 1863 165520
7 1864 248517
7 1865 163434
7 1866 150448
7 1867 252498
7 1868 150460
7 1869 167059
7 1870 248706
7 1871 163430
7 1872 148857
7 1873 378623
7 1874 150219
7 1875 251851
7 1876 377679
7 1877 250346
7 1878 150141
7 1879 378567
7 1880 148939
7 1881 165692
7 1882 378423
7 1883 165023
7 1884 148983
7 1885 251400
7 1886 148874
7 1887 165716
7 1888 249843
7 1889 164236
7 1890 370153
7 1891 248559
7 1892 370163
7 1893 163442
7 1894 248088
7 1895 163244
7 1896 149714
7 1897 381976
7 1898 151280
7 1899 252233
7 1900 383355
7 1901 253743
7 1902 151154
7 1903 381983
7 1904 151121
7 1905 165865
7 1906 383088
7 1907 167696
7 1908 151162
7 1909 251562
7 1910 151070
7 1911 167510
7 1912 249929
7 1913 164321
7 1914 371403
7 1915 251188
7 1916 371403
7 1917 165088
7 1918 250932
7 1919 164536
7 1920 149791
7 1921 291630
7 1922 149988
7 1923 384152
7 1924 287851
7 1925 384216
7 1926 151151
7 1927 298272
7 1928 150536
7 1929 253978
7 1930 298123
7 1931 255053
7 1932 151395
7 1933 385541
7 1934 150572
7 1935 254108
7 1936 383591
7 1937 254231
7 1938 287411
7 1939 384440
7 1940 298171
7 1941 252856
7 1942 383611
7 1943 253443
7 1944 150144
7 1945 292620
7 1946 150046
7 1947 384468
7 1948 288076
7 1949 384209
7 1950 151265
7 1951 298385
7 1952 150036
7 1953 166508
7 1954 298038
7 1955 167515
7 1956 151381
7 1957 385544
7 1958 150160
7 1959 166653
7 1960 384064
7 1961 167457
7 1962 288549
7 1963 385611
7 1964 298081
7 1965 166657
7 1966 384133
7 1967 166706
7 1968 151049
7 1969 297610
7 1970 151258
7 1971 255245
7 1972 297923
7 1973 254485
7 1974 151048
7 1975 296422
7 1976 151117
7 1977 167630
7 1978 296568
7 1979 167627
7 1980 148995
7 1981 252363
7 1982 148988
7 1983 166002
7 1984 251689
7 1985 164665
7 1986 295853
7 1987 254265
7 1988 295640
7 1989 167516
7 1990 250551
7 1991 164448
7 1992 150003
7 1993 379837
7 1994 150523
7 1995 254038
7 1996 379053
7 1997 253165
7 1998 150446
7 1999 379514
7 2000 150082
7 2001 167009
7 2002 379473
7 2003 167055
7 2004 149135
7 2005 252709
7 2006 149069
7 2007 166103
7 2008 251002
7 2009 163930
7 2010 371522
7 2011 251596
7 2012 371522
7 2013 165246
7 2014 251190
7 2015 164537
7 2016 281113
7 2017 378391
7 2018 292176
7 2019 252039
7 2020 378962
7 2021 252317
7 2022 282259
7 2023 378715
7 2024 292043
7 2025 165276
7 2026 378443
7 2027 165790
7 2028 291090
7 2029 252801
7 2030 290060
7 2031 166797
7 2032 250372
7 2033 163750
7 2034 371681
7 2035 251942
7 2036 371681
7 2037 165436
7 2038 250603
7 2039 163776
7 2040 148829
7 2041 286188
7 2042 148990
7 2043 379999
7 2044 286533
7 2045 378766
7 2046 150328
7 2047 298071
7 2048 150661
7 2049 251868
7 2050 296945
7 2051 253220
7 2052 151319
7 2053 385587
7 2054 150569
7 2055 252913
7 2056 379195
7 2057 252285
7 2058 288455
7 2059 385032
7 2060 297055
7 2061 252178
7 2062 379268
7 2063 252088
7 2064 149012
7 2065 286654
7 2066 149003
7 2067 380092
7 2068 286627
7 2069 378784
7 2070 150409
7 2071 299013
7 2072 150415
7 2073 165275
7 2074 297448
7 2075 166001
7 2076 151387
7 2077 385966
7 2078 150465
7 2079 165760
7 2080 380121
7 2081 165966
7 2082 288557
7 2083 384982
7 2084 297605
7 2085 166020
7 2086 380180
7 2087 165939
7 2088 150315
7 2089 297962
7 2090 151467
7 2091 254020
7 2092 299329
7 2093 254150
7 2094 150221
7 2095 296869
7 2096 151530
7 2097 166983
7 2098 297989
7 2099 167121
7 2100 150275
7 2101 252017
7 2102 150279
7 2103 167072
7 2104 249286
7 2105 163564
7 2106 295961
7 2107 254437
7 2108 295739
7 2109 167831
7 2110 251602
7 2111 164643
7 2112 150859
7 2113 384147
7 2114 151574
7 2115 254479
7 2116 383496
7 2117 253913
7 2118 151370
7 2119 383839
7 2120 151284
7 2121 167745
7 2122 383851
7 2123 167838
7 2124 150395
7 2125 253519
7 2126 150330
7 2127 167300
7 2128 251843
7 2129 164740
7 2130 371603
7 2131 251732
7 2132 371603
7 2133 165336
7 2134 250361
7 2135 163733
7 2136 281946
7 2137 378951
7 2138 292421
7 2139 252414
7 2140 379154
7 2141 252486
7 2142 282486
7 2143 379039
7 2144 292872
7 2145 165731
7 2146 379018
7 2147 166152
7 2148 291239
7 2149 253166
7 2150 290196
7 2151 167059
7 2152 250604
7 2153 163792
7 2154 371765
7 2155 251842
7 2156 371765
7 2157 165521
7 2158 250215
7 2159 163727
7 2160 40961
7 2161 40961
7 2162 40961
7 2163 40966
7 2164 40966
7 2165 40961
7 2166 41160
7 2167 41160
7 2168 41185
7 2169 200782
7 2170 41250
7 2171 200793
7 2172 41237
7 2173 41240
7 2174 41173
7 2175 200782
7 2176 41183
7 2177 200796
7 2178 41178
7 2179 41181
7 2180 41250
7 2181 200814
7 2182 41183
7 2183 200403
7 2184 41024
7 2185 41024
7 2186 41024
7 2187 41032
7 2188 41032
7 2189 41024
7 2190 41230
7 2191 41230
7 2192 41243
7 2193 145780
7 2194 41316
7 2195 145941
7 2196 41301
7 2197 41312
7 2198 41247
7 2199 145950
7 2200 41254
7 2201 146049
7 2202 41250
7 2203 41239
7 2204 41324
7 2205 146043
7 2206 41257
7 2207 145921
7 2208 41104
7 2209 41104
7 2210 41241
7 2211 201673
7 2212 41312
7 2213 201603
7 2214 41163
7 2215 41163
7 2216 41308
7 2217 146111
7 2218 41316
7 2219 146149
7 2220 41180
7 2221 201665
7 2222 41187
7 2223 146122
7 2224 199735
7 2225 145034
7 2226 41259
7 2227 202403
7 2228 41264
7 2229 146420
7 2230 199744
7 2231 145094
7 2232 41180
7 2233 41249
7 2234 41311
7 2235 202623
7 2236 41249
7 2237 202676
7 2238 41252
7 2239 41259
7 2240 41308
7 2241 146441
7 2242 41329
7 2243 146445
7 2244 41182
7 2245 201648
7 2246 41179
7 2247 146171
7 2248 199740
7 2249 145094
7 2250 41182
7 2251 201753
7 2252 41193
7 2253 146118
7 2254 199900
7 2255 145172
7 2256 41178
7 2257 41183
7 2258 41319
7 2259 201875
7 2260 41318
7 2261 201585
7 2262 41190
7 2263 41187
7 2264 41330
7 2265 146281
7 2266 41323
7 2267 146321
7 2268 41260
7 2269 202558
7 2270 41260
7 2271 146502
7 2272 199853
7 2273 145172
7 2274 41185
7 2275 201721
7 2276 41192
7 2277 146166
7 2278 199691
7 2279 145078
7 2280 41024
7 2281 41024
7 2282 41024
7 2283 41032
7 2284 41032
7 2285 41024
7 2286 41095
7 2287 41095
7 2288 41175
7 2289 200744
7 2290 41239
7 2291 200721
7 2292 41235
7 2293 41241
7 2294 41102
7 2295 200672
7 2296 41179
7 2297 200622
7 2298 41181
7 2299 41180
7 2300 41239
7 2301 200693
7 2302 41178
7 2303 199614
7 2304 40957
7 2305 40957
7 2306 40957
7 2307 40965
7 2308 40965
7 2309 40957
7 2310 41098
7 2311 41098
7 2312 41101
7 2313 58009
7 2314 41172
7 2315 58158
7 2316 41173
7 2317 41180
7 2318 41105
7 2319 58157
7 2320 41117
7 2321 58172
7 2322 41114
7 2323 41107
7 2324 41184
7 2325 58167
7 2326 41117
7 2327 58136
7 2328 41166
7 2329 41166
7 2330 41309
7 2331 201651
7 2332 41321
7 2333 201622
7 2334 41096
7 2335 41096
7 2336 41166
7 2337 58174
7 2338 41176
7 2339 58224
7 2340 41248
7 2341 201654
7 2342 41238
7 2343 58354
7 2344 200528
7 2345 58147
7 2346 41321
7 2347 202457
7 2348 41322
7 2349 58425
7 2350 200534
7 2351 58166
7 2352 41309
7 2353 41321
7 2354 41246
7 2355 202436
7 2356 41319
7 2357 202487
7 2358 41306
7 2359 41313
7 2360 41239
7 2361 58331
7 2362 41319
7 2363 58318
7 2364 41245
7 2365 201631
7 2366 41173
7 2367 58293
7 2368 200522
7 2369 58157
7 2370 41254
7 2371 201660
7 2372 41263
7 2373 58287
7 2374 200692
7 2375 58160
7 2376 41252
7 2377 41252
7 2378 41315
7 2379 201751
7 2380 41315
7 2381 200618
7 2382 41252
7 2383 41249
7 2384 41324
7 2385 58292
7 2386 41318
7 2387 58342
7 2388 41329
7 2389 202587
7 2390 41318
7 2391 58425
7 2392 200713
7 2393 58163
7 2394 41257
7 2395 201512
7 2396 41260
7 2397 58290
7 2398 200353
7 2399 58086
7 2400 40959
7 2401 40959
7 2402 40959
7 2403 40966
7 2404 40966
7 2405 40959
7 2406 41164
7 2407 41164
7 2408 41184
7 2409 145753
7 2410 41252
7 2411 145798
7 2412 41240
7 2413 41246
7 2414 41177
7 2415 145794
7 2416 41190
7 2417 145880
7 2418 41183
7 2419 41178
7 2420 41257
7 2421 145882
7 2422 41188
7 2423 145748
7 2424 40884
7 2425 40884
7 2426 40883
7 2427 40954
7 2428 40954
7 2429 40884
7 2430 41031
7 2431 41031
7 2432 41034
7 2433 58033
7 2434 41104
7 2435 58098
7 2436 41096
7 2437 41169
7 2438 41034
7 2439 58087
7 2440 41108
7 2441 58142
7 2442 41101
7 2443 41032
7 2444 41173
7 2445 58142
7 2446 41105
7 2447 58043
7 2448 41035
7 2449 41035
7 2450 41174
7 2451 145830
7 2452 41186
7 2453 145827
7 2454 41033
7 2455 41033
7 2456 41168
7 2457 58204
7 2458 41170
7 2459 58214
7 2460 41036
7 2461 145647
7 2462 41036
7 2463 58137
7 2464 145352
7 2465 57061
7 2466 41117
7 2467 145976
7 2468 41117
7 2469 58226
7 2470 145502
7 2471 57082
7 2472 41179
7 2473 41187
7 2474 41243
7 2475 146078
7 2476 41253
7 2477 146214
7 2478 41178
7 2479 41185
7 2480 41171
7 2481 58293
7 2482 41250
7 2483 58369
7 2484 41037
7 2485 145731
7 2486 41037
7 2487 58142
7 2488 145425
7 2489 57067
7 2490 41116
7 2491 146041
7 2492 41119
7 2493 58214
7 2494 145725
7 2495 57149
7 2496 41119
7 2497 41116
7 2498 41263
7 2499 146048
7 2500 41254
7 2501 145919
7 2502 41117
7 2503 41112
7 2504 41247
7 2505 58282
7 2506 41176
7 2507 58215
7 2508 41186
7 2509 146184
7 2510 41186
7 2511 58293
7 2512 145725
7 2513 57149
7 2514 41117
7 2515 145951
7 2516 41119
7 2517 58211
7 2518 145433
7 2519 57076
7 2520 40964
7 2521 40964
7 2522 41177
7 2523 200892
7 2524 41184
7 2525 200833
7 2526 41035
7 2527 41035
7 2528 41247
7 2529 145989
7 2530 41249
7 2531 146001
7 2532 41108
7 2533 201634
7 2534 41178
7 2535 145946
7 2536 199819
7 2537 145031
7 2538 41182
7 2539 201746
7 2540 41193
7 2541 146239
7 2542 199825
7 2543 145083
7 2544 41035
7 2545 41035
7 2546 41179
7 2547 200892
7 2548 41187
7 2549 200816
7 2550 40961
7 2551 40961
7 2552 41104
7 2553 58142
7 2554 41106
7 2555 58146
7 2556 41243
7 2557 201672
7 2558 41169
7 2559 58207
7 2560 200661
7 2561 58162
7 2562 41257
7 2563 201680
7 2564 41250
7 2565 58324
7 2566 200651
7 2567 58167
7 2568 40966
7 2569 40966
7 2570 41178
7 2571 145917
7 2572 41180
7 2573 145915
7 2574 40959
7 2575 40959
7 2576 41103
7 2577 58145
7 2578 41103
7 2579 58147
7 2580 41101
7 2581 145892
7 2582 41101
7 2583 58204
7 2584 145679
7 2585 57143
7 2586 41117
7 2587 145979
7 2588 41117
7 2589 58218
7 2590 145720
7 2591 57149
7 2592 40960
7 2593 200722
7 2594 41031
7 2595 145812
7 2596 199690
7 2597 144847
7 2598 41031
7 2599 200722
7 2600 40961
7 2601 58066
7 2602 200494
7 2603 57949
7 2604 40962
7 2605 145686
7 2606 40960
7 2607 58066
7 2608 145515
7 2609 57127
7 2610 198504
7 2611 144543
7 2612 198504
7 2613 56830
7 2614 144420
7 2615 56850
7 2616 41105
7 2617 201821
7 2618 41117
7 2619 146245
7 2620 200634
7 2621 145246
7 2622 41117
7 2623 201841
7 2624 41112
7 2625 58215
7 2626 201356
7 2627 58144
7 2628 41112
7 2629 146242
7 2630 41110
7 2631 58222
7 2632 146098
7 2633 57270
7 2634 198550
7 2635 144766
7 2636 198550
7 2637 56935
7 2638 144766
7 2639 56935
7 2640 41102
7 2641 41173
7 2642 41246
7 2643 202871
7 2644 41249
7 2645 202810
7 2646 41177
7 2647 41186
7 2648 41309
7 2649 146406
7 2650 41326
7 2651 146624
7 2652 41242
7 2653 202558
7 2654 41243
7 2655 146335
7 2656 201454
7 2657 145418
7 2658 41175
7 2659 202618
7 2660 41252
7 2661 146153
7 2662 201612
7 2663 145506
7 2664 41174
7 2665 41186
7 2666 41243
7 2667 202890
7 2668 41253
7 2669 202768
7 2670 41174
7 2671 41178
7 2672 41172
7 2673 58256
7 2674 41254
7 2675 58375
7 2676 41243
7 2677 202520
7 2678 41235
7 2679 58362
7 2680 202196
7 2681 58291
7 2682 41315
7 2683 202599
7 2684 41315
7 2685 58334
7 2686 202387
7 2687 58295
7 2688 41178
7 2689 41180
7 2690 41305
7 2691 146550
7 2692 41323
7 2693 146592
7 2694 41171
7 2695 41174
7 2696 41238
7 2697 58363
7 2698 41252
7 2699 58378
7 2700 41100
7 2701 146056
7 2702 41098
7 2703 58206
7 2704 145923
7 2705 57204
7 2706 41252
7 2707 146571
7 2708 41252
7 2709 58344
7 2710 146179
7 2711 57272
7 2712 41031
7 2713 200769
7 2714 41044
7 2715 145998
7 2716 199732
7 2717 145070
7 2718 41044
7 2719 200769
7 2720 41032
7 2721 58143
7 2722 200540
7 2723 58077
7 2724 41032
7 2725 145988
7 2726 41027
7 2727 58139
7 2728 145853
7 2729 57204
7 2730 198524
7 2731 144762
7 2732 198524
7 2733 56933
7 2734 144762
7 2735 56933
7 2736 41032
7 2737 201705
7 2738 41107
7 2739 145981
7 2740 200779
7 2741 145331
7 2742 41104
7 2743 201699
7 2744 41109
7 2745 58058
7 2746 201403
7 2747 58132
7 2748 41111
7 2749 145979
7 2750 41108
7 2751 58192
7 2752 145725
7 2753 57189
7 2754 199432
7 2755 145019
7 2756 199432
7 2757 57000
7 2758 145019
7 2759 57000
7 2760 41104
7 2761 41109
7 2762 41251
7 2763 201956
7 2764 41256
7 2765 201727
7 2766 41117
7 2767 41115
7 2768 41324
7 2769 146284
7 2770 41321
7 2771 146332
7 2772 41260
7 2773 202733
7 2774 41259
7 2775 146506
7 2776 200815
7 2777 145344
7 2778 41251
7 2779 202519
7 2780 41260
7 2781 146327
7 2782 200659
7 2783 145254
7 2784 41117
7 2785 41117
7 2786 41250
7 2787 201975
7 2788 41257
7 2789 201673
7 2790 41117
7 2791 41117
7 2792 41254
7 2793 58227
7 2794 41256
7 2795 58293
7 2796 41316
7 2797 202747
7 2798 41316
7 2799 58382
7 2800 201662
7 2801 58238
7 2802 41322
7 2803 201563
7 2804 41325
7 2805 58383
7 2806 201321
7 2807 58170
7 2808 41117
7 2809 41117
7 2810 41322
7 2811 146436
7 2812 41321
7 2813 146383
7 2814 41110
7 2815 41109
7 2816 41255
7 2817 58290
7 2818 41251
7 2819 58283
7 2820 41247
7 2821 146398
7 2822 41245
7 2823 58344
7 2824 146139
7 2825 57269
7 2826 41249
7 2827 146362
7 2828 41249
7 2829 58277
7 2830 145972
7 2831 57218
7 2832 41173
7 2833 202715
7 2834 41184
7 2835 146503
7 2836 201495
7 2837 145491
7 2838 41184
7 2839 202658
7 2840 41176
7 2841 58282
7 2842 202237
7 2843 58205
7 2844 41176
7 2845 146491
7 2846 41169
7 2847 58281
7 2848 146350
7 2849 57336
7 2850 199432
7 2851 145020
7 2852 199432
7 2853 57000
7 2854 145020
7 2855 57000
7 2856 41101
7 2857 201743
7 2858 41114
7 2859 146155
7 2860 200701
7 2861 145293
7 2862 41114
7 2863 201734
7 2864 41117
7 2865 58155
7 2866 201308
7 2867 58137
7 2868 41117
7 2869 146148
7 2870 41111
7 2871 58210
7 2872 146017
7 2873 57258
7 2874 198550
7 2875 144775
7 2876 198550
7 2877 56937
7 2878 144775
7 2879 56937
7 2880 40961
7 2881 40961
7 2882 41167
7 2883 99010
7 2884 41171
7 2885 98824
7 2886 41033
7 2887 41033
7 2888 41243
7 2889 201854
7 2890 41246
7 2891 201841
7 2892 41181
7 2893 99813
7 2894 41183
7 2895 202772
7 2896 98110
7 2897 201903
7 2898 41178
7 2899 99727
7 2900 41190
7 2901 202796
7 2902 98110
7 2903 201828
7 2904 41031
7 2905 41031
7 2906 41170
7 2907 99108
7 2908 41180
7 2909 98918
7 2910 41102
7 2911 41102
7 2912 41249
7 2913 145853
7 2914 41256
7 2915 145978
7 2916 41310
7 2917 100067
7 2918 41312
7 2919 146448
7 2920 99203
7 2921 146347
7 2922 41319
7 2923 99880
7 2924 41330
7 2925 146535
7 2926 99206
7 2927 146257
7 2928 41100
7 2929 41100
7 2930 41308
7 2931 201723
7 2932 41314
7 2933 201666
7 2934 41032
7 2935 41032
7 2936 41249
7 2937 145992
7 2938 41249
7 2939 145993
7 2940 41250
7 2941 202492
7 2942 41246
7 2943 146338
7 2944 200642
7 2945 145252
7 2946 41260
7 2947 202634
7 2948 41260
7 2949 146340
7 2950 200642
7 2951 145264
7 2952 41105
7 2953 99821
7 2954 41178
7 2955 202742
7 2956 98915
7 2957 202630
7 2958 41181
7 2959 99822
7 2960 41178
7 2961 146023
7 2962 99792
7 2963 146105
7 2964 41182
7 2965 202601
7 2966 41170
7 2967 146082
7 2968 201528
7 2969 145508
7 2970 98005
7 2971 200863
7 2972 98022
7 2973 144941
7 2974 200683
7 2975 144953
7 2976 41106
7 2977 99642
7 2978 41181
7 2979 202820
7 2980 99023
7 2981 202672
7 2982 41181
7 2983 99736
7 2984 41195
7 2985 145982
7 2986 99714
7 2987 146356
7 2988 41195
7 2989 202877
7 2990 41186
7 2991 146251
7 2992 201591
7 2993 145538
7 2994 98009
7 2995 200864
7 2996 98016
7 2997 144989
7 2998 200743
7 2999 145001
7 3000 41033
7 3001 41033
7 3002 41174
7 3003 99079
7 3004 41180
7 3005 98822
7 3006 41034
7 3007 41034
7 3008 41247
7 3009 201892
7 3010 41251
7 3011 201845
7 3012 41182
7 3013 99711
7 3014 41176
7 3015 202753
7 3016 97997
7 3017 201903
7 3018 41183
7 3019 99629
7 3020 41187
7 3021 202743
7 3022 97997
7 3023 201759
7 3024 41098
7 3025 41098
7 3026 41173
7 3027 99083
7 3028 41180
7 3029 98939
7 3030 40965
7 3031 40965
7 3032 41102
7 3033 58065
7 3034 41110
7 3035 58149
7 3036 41256
7 3037 100027
7 3038 41237
7 3039 58313
7 3040 99161
7 3041 58290
7 3042 41260
7 3043 99878
7 3044 41259
7 3045 58323
7 3046 99159
7 3047 58282
7 3048 41096
7 3049 41096
7 3050 41306
7 3051 201702
7 3052 41313
7 3053 201632
7 3054 41097
7 3055 41097
7 3056 41172
7 3057 58222
7 3058 41179
7 3059 58227
7 3060 41309
7 3061 202484
7 3062 41304
7 3063 58416
7 3064 201431
7 3065 58217
7 3066 41321
7 3067 202631
7 3068 41324
7 3069 58425
7 3070 201431
7 3071 58233
7 3072 41248
7 3073 99838
7 3074 41245
7 3075 202861
7 3076 98985
7 3077 202692
7 3078 41309
7 3079 99939
7 3080 41172
7 3081 58295
7 3082 99936
7 3083 58272
7 3084 41305
7 3085 202637
7 3086 41238
7 3087 58356
7 3088 202335
7 3089 58282
7 3090 98118
7 3091 201763
7 3092 99196
7 3093 58158
7 3094 201599
7 3095 58168
7 3096 41252
7 3097 99753
7 3098 41254
7 3099 202899
7 3100 98891
7 3101 202612
7 3102 41316
7 3103 99983
7 3104 41252
7 3105 58274
7 3106 99977
7 3107 58385
7 3108 41326
7 3109 202891
7 3110 41265
7 3111 58367
7 3112 202387
7 3113 58285
7 3114 98162
7 3115 201723
7 3116 99111
7 3117 58160
7 3118 201615
7 3119 58161
7 3120 41098
7 3121 41098
7 3122 41170
7 3123 99093
7 3124 41180
7 3125 98941
7 3126 41096
7 3127 41096
7 3128 41308
7 3129 146181
7 3130 41312
7 3131 146225
7 3132 41313
7 3133 100088
7 3134 41241
7 3135 146517
7 3136 99136
7 3137 146350
7 3138 41318
7 3139 99946
7 3140 41323
7 3141 146603
7 3142 99089
7 3143 146094
7 3144 41031
7 3145 41031
7 3146 41096
7 3147 98607
7 3148 41169
7 3149 97777
7 3150 41094
7 3151 41094
7 3152 41170
7 3153 58145
7 3154 41178
7 3155 58225
7 3156 41180
7 3157 99635
7 3158 41178
7 3159 58285
7 3160 98861
7 3161 58282
7 3162 41251
7 3163 98674
7 3164 41260
7 3165 58338
7 3166 98855
7 3167 58209
7 3168 40961
7 3169 40961
7 3170 41174
7 3171 145909
7 3172 41178
7 3173 145909
7 3174 40960
7 3175 40960
7 3176 41101
7 3177 58137
7 3178 41101
7 3179 58141
7 3180 41101
7 3181 145846
7 3182 41101
7 3183 58204
7 3184 145594
7 3185 57137
7 3186 41115
7 3187 145977
7 3188 41117
7 3189 58221
7 3190 145709
7 3191 57149
7 3192 41243
7 3193 99935
7 3194 41243
7 3195 146422
7 3196 99907
7 3197 146516
7 3198 41245
7 3199 99861
7 3200 41232
7 3201 58354
7 3202 99768
7 3203 58415
7 3204 41100
7 3205 146062
7 3206 41096
7 3207 58204
7 3208 145843
7 3209 57202
7 3210 98959
7 3211 146341
7 3212 98948
7 3213 58134
7 3214 146181
7 3215 57272
7 3216 41250
7 3217 99833
7 3218 41319
7 3219 146553
7 3220 99902
7 3221 146261
7 3222 41253
7 3223 99636
7 3224 41318
7 3225 58350
7 3226 98791
7 3227 58357
7 3228 41248
7 3229 146397
7 3230 41245
7 3231 58340
7 3232 146094
7 3233 57270
7 3234 98962
7 3235 146294
7 3236 98943
7 3237 58132
7 3238 145934
7 3239 57209
7 3240 40964
7 3241 40964
7 3242 41184
7 3243 200887
7 3244 41184
7 3245 200859
7 3246 41031
7 3247 41031
7 3248 41243
7 3249 145906
7 3250 41243
7 3251 145915
7 3252 41178
7 3253 201677
7 3254 41188
7 3255 146162
7 3256 199825
7 3257 145095
7 3258 41185
7 3259 201760
7 3260 41192
7 3261 146204
7 3262 199825
7 3263 145087
7 3264 41033
7 3265 41033
7 3266 41178
7 3267 200868
7 3268 41185
7 3269 200748
7 3270 40960
7 3271 40960
7 3272 41103
7 3273 58140
7 3274 41106
7 3275 58144
7 3276 41245
7 3277 201653
7 3278 41234
7 3279 58318
7 3280 200639
7 3281 58169
7 3282 41256
7 3283 201610
7 3284 41251
7 3285 58323
7 3286 200621
7 3287 58162
7 3288 40959
7 3289 40959
7 3290 41171
7 3291 145739
7 3292 41174
7 3293 145734
7 3294 40884
7 3295 40884
7 3296 41027
7 3297 58045
7 3298 41028
7 3299 58046
7 3300 41038
7 3301 145672
7 3302 41036
7 3303 58143
7 3304 145426
7 3305 57076
7 3306 41109
7 3307 145806
7 3308 41104
7 3309 58142
7 3310 145423
7 3311 57076
7 3312 41031
7 3313 200770
7 3314 41044
7 3315 145994
7 3316 199736
7 3317 145064
7 3318 41044
7 3319 200770
7 3320 41032
7 3321 58143
7 3322 200544
7 3323 58074
7 3324 41032
7 3325 145988
7 3326 41029
7 3327 58141
7 3328 145852
7 3329 57204
7 3330 198550
7 3331 144769
7 3332 198550
7 3333 56935
7 3334 144769
7 3335 56935
7 3336 41108
7 3337 201829
7 3338 41117
7 3339 146206
7 3340 200634
7 3341 145250
7 3342 41117
7 3343 201809
7 3344 41114
7 3345 58217
7 3346 201291
7 3347 58140
7 3348 41114
7 3349 146196
7 3350 41108
7 3351 58216
7 3352 145852
7 3353 57207
7 3354 198550
7 3355 144770
7 3356 198550
7 3357 56936
7 3358 144770
7 3359 56936
7 3360 40960
7 3361 98872
7 3362 41036
7 3363 201838
7 3364 98103
7 3365 201905
7 3366 41034
7 3367 98980
7 3368 41102
7 3369 145847
7 3370 99018
7 3371 146116
7 3372 41102
7 3373 201732
7 3374 41038
7 3375 145920
7 3376 200846
7 3377 145338
7 3378 97886
7 3379 200738
7 3380 98012
7 3381 144804
7 3382 200654
7 3383 144906
7 3384 41036
7 3385 98974
7 3386 41037
7 3387 201876
7 3388 98104
7 3389 201905
7 3390 41101
7 3391 98988
7 3392 40961
7 3393 58071
7 3394 99053
7 3395 58176
7 3396 41100
7 3397 201726
7 3398 41098
7 3399 58227
7 3400 201606
7 3401 58225
7 3402 98158
7 3403 201601
7 3404 99058
7 3405 58010
7 3406 201484
7 3407 58137
7 3408 41101
7 3409 99079
7 3410 41100
7 3411 146125
7 3412 99125
7 3413 146161
7 3414 41038
7 3415 98727
7 3416 41098
7 3417 58224
7 3418 98793
7 3419 58263
7 3420 40957
7 3421 145716
7 3422 40959
7 3423 58067
7 3424 145586
7 3425 57140
7 3426 99037
7 3427 146147
7 3428 98916
7 3429 58123
7 3430 145675
7 3431 57188
7 3432 40962
7 3433 200764
7 3434 41032
7 3435 145870
7 3436 199886
7 3437 145162
7 3438 41032
7 3439 200764
7 3440 40961
7 3441 58074
7 3442 200654
7 3443 58076
7 3444 40962
7 3445 145730
7 3446 40955
7 3447 58067
7 3448 145602
7 3449 57139
7 3450 199432
7 3451 145017
7 3452 199432
7 3453 57000
7 3454 145017
7 3455 57000
7 3456 96774
7 3457 199598
7 3458 96898
7 3459 144625
7 3460 199482
7 3461 144597
7 3462 96897
7 3463 199616
7 3464 97842
7 3465 56823
7 3466 199442
7 3467 57778
7 3468 97846
7 3469 144622
7 3470 96795
7 3471 57776
7 3472 144374
7 3473 56847
7 3474 198504
7 3475 144543
7 3476 198504
7 3477 56830
7 3478 144420
7 3479 56850
7 3480 41028
7 3481 99388
7 3482 41106
7 3483 202734
7 3484 98791
7 3485 202746
7 3486 41101
7 3487 99496
7 3488 41179
7 3489 145977
7 3490 99541
7 3491 146370
7 3492 41178
7 3493 202742
7 3494 41110
7 3495 146241
7 3496 201662
7 3497 145542
7 3498 98692
7 3499 201664
7 3500 98708
7 3501 145152
7 3502 201544
7 3503 145170
7 3504 41103
7 3505 99488
7 3506 41106
7 3507 202772
7 3508 98781
7 3509 202746
7 3510 41170
7 3511 99748
7 3512 41103
7 3513 58060
7 3514 99815
7 3515 58249
7 3516 41178
7 3517 202760
7 3518 41180
7 3519 58283
7 3520 202366
7 3521 58271
7 3522 98723
7 3523 202368
7 3524 99753
7 3525 58172
7 3526 202360
7 3527 58214
7 3528 41170
7 3529 99763
7 3530 41176
7 3531 146373
7 3532 99897
7 3533 146457
7 3534 41107
7 3535 99212
7 3536 41178
7 3537 58274
7 3538 99334
7 3539 58322
7 3540 41104
7 3541 146058
7 3542 41105
7 3543 58205
7 3544 145717
7 3545 57198
7 3546 99639
7 3547 146235
7 3548 99447
7 3549 58129
7 3550 146010
7 3551 57260
7 3552 41104
7 3553 202707
7 3554 41172
7 3555 146370
7 3556 201581
7 3557 145526
7 3558 41172
7 3559 202651
7 3560 41105
7 3561 58213
7 3562 202269
7 3563 58199
7 3564 41106
7 3565 146231
7 3566 41097
7 3567 58209
7 3568 146091
7 3569 57270
7 3570 199432
7 3571 145013
7 3572 199432
7 3573 56998
7 3574 145013
7 3575 56998
7 3576 96888
7 3577 199686
7 3578 96915
7 3579 144800
7 3580 199642
7 3581 144701
7 3582 96916
7 3583 199686
7 3584 97939
7 3585 56920
7 3586 199642
7 3587 57796
7 3588 97939
7 3589 144796
7 3590 96888
7 3591 57796
7 3592 144677
7 3593 56920
7 3594 199386
7 3595 144812
7 3596 199386
7 3597 56900
7 3598 144689
7 3599 56920
7 3600 40957
7 3601 41097
7 3602 41029
7 3603 99489
7 3604 41108
7 3605 99503
7 3606 41030
7 3607 41105
7 3608 41105
7 3609 201881
7 3610 41245
7 3611 202756
7 3612 41107
7 3613 99684
7 3614 41034
7 3615 201852
7 3616 98789
7 3617 202703
7 3618 41104
7 3619 98857
7 3620 41117
7 3621 201938
7 3622 98697
7 3623 201773
7 3624 41030
7 3625 41105
7 3626 41031
7 3627 99589
7 3628 41114
7 3629 99565
7 3630 41167
7 3631 41180
7 3632 41106
7 3633 145721
7 3634 41265
7 3635 146191
7 3636 41170
7 3637 99930
7 3638 41174
7 3639 146152
7 3640 99720
7 3641 146584
7 3642 41251
7 3643 99774
7 3644 41324
7 3645 146195
7 3646 99803
7 3647 146343
7 3648 41164
7 3649 41178
7 3650 41170
7 3651 202590
7 3652 41318
7 3653 202586
7 3654 41035
7 3655 41103
7 3656 41176
7 3657 146154
7 3658 41252
7 3659 146326
7 3660 41108
7 3661 201792
7 3662 41107
7 3663 145922
7 3664 200788
7 3665 145337
7 3666 41260
7 3667 202458
7 3668 41259
7 3669 146334
7 3670 201586
7 3671 145538
7 3672 41104
7 3673 99826
7 3674 41170
7 3675 202571
7 3676 99025
7 3677 202796
7 3678 41172
7 3679 99736
7 3680 41105
7 3681 145903
7 3682 99717
7 3683 146311
7 3684 41107
7 3685 201726
7 3686 41028
7 3687 145868
7 3688 200715
7 3689 145295
7 3690 98708
7 3691 201663
7 3692 98713
7 3693 145154
7 3694 201472
7 3695 145166
7 3696 41028
7 3697 98659
7 3698 41101
7 3699 201606
7 3700 98776
7 3701 200756
7 3702 41106
7 3703 98763
7 3704 41179
7 3705 144793
7 3706 98779
7 3707 145722
7 3708 41178
7 3709 201670
7 3710 41110
7 3711 145738
7 3712 200516
7 3713 144897
7 3714 98595
7 3715 201463
7 3716 98619
7 3717 144851
7 3718 200590
7 3719 144897
7 3720 41029
7 3721 41106
7 3722 41036
7 3723 99587
7 3724 41114
7 3725 99558
7 3726 41031
7 3727 41104
7 3728 41109
7 3729 201900
7 3730 41248
7 3731 202794
7 3732 41109
7 3733 99681
7 3734 41034
7 3735 201852
7 3736 98791
7 3737 202703
7 3738 41109
7 3739 98855
7 3740 41115
7 3741 201938
7 3742 98680
7 3743 201757
7 3744 41101
7 3745 41172
7 3746 41105
7 3747 99879
7 3748 41117
7 3749 99803
7 3750 41102
7 3751 41110
7 3752 40961
7 3753 57988
7 3754 41186
7 3755 58183
7 3756 41237
7 3757 99942
7 3758 41104
7 3759 58243
7 3760 99772
7 3761 58350
7 3762 41192
7 3763 100042
7 3764 41260
7 3765 58223
7 3766 99939
7 3767 58291
7 3768 41166
7 3769 41176
7 3770 41239
7 3771 202724
7 3772 41319
7 3773 202742
7 3774 41172
7 3775 41179
7 3776 41101
7 3777 58213
7 3778 41195
7 3779 58286
7 3780 41172
7 3781 201793
7 3782 41168
7 3783 58288
7 3784 201612
7 3785 58222
7 3786 41323
7 3787 202821
7 3788 41330
7 3789 58345
7 3790 202422
7 3791 58284
7 3792 41238
7 3793 99876
7 3794 41173
7 3795 202555
7 3796 99029
7 3797 202814
7 3798 41304
7 3799 100033
7 3800 41168
7 3801 58302
7 3802 100026
7 3803 58429
7 3804 41238
7 3805 201873
7 3806 41107
7 3807 58233
7 3808 201557
7 3809 58239
7 3810 98850
7 3811 202502
7 3812 99893
7 3813 58230
7 3814 202373
7 3815 58227
7 3816 41174
7 3817 98924
7 3818 41178
7 3819 201838
7 3820 98909
7 3821 201525
7 3822 41243
7 3823 100011
7 3824 41249
7 3825 58011
7 3826 99884
7 3827 58290
7 3828 41312
7 3829 202640
7 3830 41256
7 3831 58275
7 3832 201469
7 3833 58151
7 3834 98854
7 3835 202350
7 3836 99799
7 3837 58160
7 3838 201499
7 3839 58155
7 3840 41103
7 3841 41172
7 3842 41105
7 3843 99871
7 3844 41117
7 3845 99802
7 3846 41166
7 3847 41178
7 3848 41237
7 3849 146225
7 3850 41326
7 3851 146571
7 3852 41240
7 3853 99994
7 3854 41178
7 3855 146319
7 3856 99830
7 3857 146617
7 3858 41256
7 3859 100014
7 3860 41321
7 3861 146308
7 3862 99822
7 3863 146353
7 3864 41034
7 3865 41104
7 3866 41034
7 3867 99476
7 3868 41108
7 3869 99322
7 3870 41170
7 3871 41178
7 3872 41104
7 3873 58218
7 3874 41195
7 3875 58294
7 3876 41178
7 3877 99807
7 3878 41106
7 3879 58217
7 3880 99692
7 3881 58346
7 3882 41185
7 3883 99565
7 3884 41260
7 3885 58277
7 3886 99736
7 3887 58272
7 3888 41104
7 3889 41106
7 3890 41172
7 3891 146206
7 3892 41254
7 3893 146296
7 3894 41103
7 3895 41106
7 3896 41168
7 3897 58290
7 3898 41181
7 3899 58301
7 3900 40961
7 3901 145598
7 3902 40961
7 3903 58067
7 3904 145469
7 3905 57132
7 3906 41187
7 3907 146285
7 3908 41190
7 3909 58283
7 3910 146046
7 3911 57267
7 3912 41169
7 3913 99786
7 3914 41235
7 3915 146459
7 3916 99859
7 3917 146605
7 3918 41234
7 3919 99768
7 3920 41160
7 3921 58286
7 3922 99756
7 3923 58407
7 3924 41098
7 3925 146146
7 3926 41097
7 3927 58214
7 3928 146004
7 3929 57218
7 3930 99606
7 3931 146589
7 3932 99640
7 3933 58191
7 3934 146433
7 3935 57338
7 3936 41185
7 3937 99933
7 3938 41313
7 3939 146296
7 3940 99986
7 3941 146347
7 3942 41184
7 3943 99816
7 3944 41314
7 3945 58199
7 3946 99559
7 3947 58327
7 3948 41251
7 3949 146138
7 3950 41246
7 3951 58326
7 3952 145796
7 3953 57200
7 3954 99686
7 3955 146491
7 3956 99632
7 3957 58186
7 3958 146179
7 3959 57272
7 3960 41101
7 3961 41107
7 3962 41236
7 3963 202822
7 3964 41253
7 3965 202530
7 3966 41168
7 3967 41170
7 3968 41304
7 3969 146411
7 3970 41316
7 3971 146460
7 3972 41169
7 3973 202583
7 3974 41232
7 3975 146202
7 3976 201608
7 3977 145512
7 3978 41251
7 3979 202674
7 3980 41260
7 3981 146375
7 3982 201639
7 3983 145541
7 3984 41168
7 3985 41170
7 3986 41171
7 3987 202648
7 3988 41250
7 3989 201686
7 3990 41101
7 3991 41101
7 3992 41168
7 3993 58228
7 3994 41181
7 3995 58300
7 3996 41232
7 3997 202555
7 3998 41160
7 3999 58290
7 4000 202314
7 4001 58292
7 4002 41318
7 4003 201762
7 4004 41319
7 4005 58357
7 4006 202238
7 4007 58227
7 4008 41103
7 4009 41103
7 4010 41238
7 4011 146260
7 4012 41252
7 4013 146249
7 4014 41027
7 4015 41028
7 4016 41104
7 4017 58211
7 4018 41106
7 4019 58216
7 4020 41098
7 4021 146099
7 4022 41096
7 4023 58208
7 4024 145975
7 4025 57212
7 4026 41183
7 4027 146241
7 4028 41178
7 4029 58218
7 4030 145972
7 4031 57218
7 4032 40961
7 4033 200758
7 4034 41032
7 4035 145867
7 4036 199884
7 4037 145158
7 4038 41032
7 4039 200758
7 4040 40956
7 4041 58067
7 4042 200648
7 4043 58072
7 4044 40961
7 4045 145731
7 4046 40956
7 4047 58068
7 4048 145600
7 4049 57137
7 4050 199432
7 4051 145019
7 4052 199432
7 4053 57000
7 4054 145019
7 4055 57000
7 4056 41169
7 4057 202508
7 4058 41180
7 4059 146364
7 4060 201516
7 4061 145536
7 4062 41180
7 4063 202436
7 4064 41180
7 4065 58215
7 4066 201416
7 4067 58137
7 4068 41180
7 4069 146353
7 4070 41171
7 4071 58267
7 4072 146019
7 4073 57260
7 4074 199432
7 4075 145012
7 4076 199432
7 4077 56998
7 4078 145012
7 4079 56998
7 4080 40960
7 4081 98877
7 4082 41036
7 4083 201827
7 4084 98117
7 4085 201907
7 4086 41034
7 4087 98982
7 4088 41102
7 4089 145851
7 4090 99026
7 4091 146169
7 4092 41100
7 4093 201641
7 4094 41035
7 4095 145870
7 4096 200685
7 4097 145256
7 4098 98003
7 4099 200859
7 4100 98029
7 4101 144981
7 4102 200804
7 4103 145004
7 4104 41036
7 4105 98963
7 4106 41037
7 4107 201865
7 4108 98092
7 4109 201907
7 4110 41101
7 4111 99067
7 4112 40961
7 4113 58072
7 4114 99132
7 4115 58189
7 4116 41096
7 4117 201621
7 4118 41097
7 4119 58222
7 4120 201429
7 4121 58221
7 4122 98155
7 4123 201682
7 4124 99183
7 4125 58108
7 4126 201663
7 4127 58159
7 4128 41101
7 4129 99075
7 4130 41098
7 4131 146123
7 4132 99119
7 4133 146243
7 4134 41036
7 4135 98560
7 4136 41096
7 4137 58219
7 4138 98629
7 4139 58265
7 4140 40959
7 4141 145717
7 4142 40958
7 4143 58066
7 4144 145590
7 4145 57139
7 4146 98995
7 4147 146234
7 4148 98799
7 4149 58129
7 4150 146003
7 4151 57258
7 4152 40960
7 4153 200704
7 4154 41027
7 4155 145776
7 4156 199726
7 4157 145077
7 4158 41029
7 4159 200651
7 4160 40956
7 4161 58062
7 4162 200432
7 4163 58066
7 4164 40955
7 4165 145556
7 4166 40884
7 4167 57968
7 4168 145305
7 4169 57065
7 4170 198550
7 4171 144773
7 4172 198550
7 4173 56937
7 4174 144773
7 4175 56937
7 4176 96888
7 4177 199686
7 4178 96915
7 4179 144800
7 4180 199642
7 4181 144701
7 4182 96916
7 4183 199686
7 4184 97939
7 4185 56920
7 4186 199642
7 4187 57796
7 4188 97939
7 4189 144796
7 4190 96888
7 4191 57796
7 4192 144677
7 4193 56920
7 4194 199386
7 4195 144812
7 4196 199386
7 4197 56900
7 4198 144689
7 4199 56920
7 4200 40884
7 4201 97706
7 4202 40960
7 4203 200680
7 4204 97831
7 4205 199721
7 4206 40960
7 4207 97813
7 4208 41097
7 4209 144621
7 4210 97899
7 4211 145553
7 4212 41094
7 4213 200597
7 4214 40965
7 4215 145554
7 4216 199632
7 4217 144728
7 4218 97879
7 4219 200502
7 4220 97906
7 4221 144675
7 4222 199632
7 4223 144601
7 4224 40959
7 4225 97817
7 4226 40961
7 4227 200718
7 4228 97835
7 4229 199721
7 4230 41031
7 4231 98904
7 4232 41032
7 4233 56823
7 4234 98843
7 4235 57978
7 4236 41096
7 4237 201446
7 4238 41102
7 4239 57885
7 4240 200450
7 4241 57931
7 4242 97958
7 4243 200520
7 4244 98957
7 4245 57977
7 4246 200409
7 4247 57978
7 4248 41033
7 4249 98900
7 4250 41096
7 4251 145721
7 4252 98992
7 4253 145685
7 4254 40964
7 4255 97758
7 4256 41100
7 4257 57911
7 4258 97894
7 4259 57949
7 4260 41034
7 4261 144872
7 4262 41033
7 4263 57978
7 4264 144367
7 4265 56847
7 4266 98779
7 4267 145759
7 4268 98649
7 4269 57907
7 4270 145419
7 4271 57112
7 4272 41031
7 4273 201440
7 4274 41098
7 4275 145843
7 4276 200469
7 4277 145010
7 4278 41098
7 4279 200700
7 4280 41031
7 4281 58003
7 4282 200407
7 4283 57937
7 4284 41033
7 4285 145675
7 4286 40961
7 4287 58024
7 4288 145421
7 4289 57112
7 4290 198504
7 4291 144540
7 4292 198504
7 4293 56829
7 4294 144417
7 4295 56849
7 4296 96774
7 4297 199598
7 4298 96898
7 4299 144625
7 4300 199482
7 4301 144597
7 4302 96897
7 4303 199616
7 4304 97842
7 4305 56823
7 4306 199442
7 4307 57778
7 4308 97846
7 4309 144622
7 4310 96795
7 4311 57776
7 4312 144374
7 4313 56847
7 4314 198504
7 4315 144543
7 4316 198504
7 4317 56830
7 4318 144420
7 4319 56850
7 4320 40884
7 4321 40955
7 4322 40956
7 4323 98578
7 4324 41029
7 4325 97750
7 4326 40958
7 4327 40959
7 4328 41097
7 4329 200768
7 4330 41096
7 4331 200716
7 4332 41096
7 4333 98649
7 4334 40961
7 4335 200763
7 4336 97873
7 4337 200698
7 4338 41036
7 4339 98653
7 4340 41101
7 4341 200675
7 4342 97880
7 4343 199621
7 4344 40956
7 4345 40961
7 4346 40956
7 4347 98679
7 4348 41032
7 4349 97805
7 4350 41097
7 4351 41098
7 4352 41107
7 4353 144625
7 4354 41238
7 4355 145587
7 4356 41160
7 4357 99580
7 4358 41168
7 4359 145669
7 4360 98807
7 4361 145965
7 4362 41234
7 4363 98757
7 4364 41304
7 4365 145886
7 4366 98868
7 4367 145760
7 4368 41096
7 4369 41098
7 4370 41160
7 4371 201523
7 4372 41232
7 4373 200680
7 4374 40961
7 4375 40961
7 4376 41168
7 4377 145713
7 4378 41172
7 4379 145709
7 4380 41106
7 4381 201687
7 4382 41104
7 4383 145894
7 4384 199688
7 4385 144724
7 4386 41178
7 4387 201475
7 4388 41237
7 4389 145853
7 4390 199882
7 4391 145144
7 4392 41104
7 4393 99538
7 4394 41168
7 4395 202475
7 4396 98764
7 4397 202370
7 4398 41168
7 4399 98725
7 4400 41101
7 4401 145842
7 4402 98750
7 4403 145795
7 4404 41104
7 4405 201578
7 4406 40961
7 4407 145681
7 4408 199883
7 4409 145144
7 4410 97885
7 4411 200629
7 4412 97909
7 4413 144676
7 4414 199677
7 4415 144724
7 4416 41027
7 4417 98656
7 4418 41101
7 4419 201495
7 4420 98768
7 4421 200525
7 4422 41103
7 4423 98707
7 4424 41172
7 4425 144667
7 4426 98678
7 4427 145717
7 4428 41170
7 4429 201317
7 4430 41102
7 4431 145721
7 4432 199553
7 4433 144721
7 4434 97886
7 4435 200560
7 4436 97900
7 4437 144676
7 4438 199554
7 4439 144597
7 4440 40955
7 4441 40962
7 4442 40961
7 4443 98679
7 4444 41032
7 4445 97810
7 4446 40959
7 4447 40957
7 4448 41098
7 4449 200787
7 4450 41100
7 4451 200754
7 4452 41098
7 4453 98652
7 4454 40961
7 4455 200763
7 4456 97879
7 4457 200698
7 4458 41038
7 4459 98658
7 4460 41101
7 4461 200675
7 4462 97880
7 4463 199621
7 4464 41027
7 4465 41032
7 4466 41032
7 4467 99143
7 4468 41044
7 4469 98913
7 4470 41035
7 4471 41038
7 4472 41028
7 4473 56823
7 4474 41170
7 4475 57985
7 4476 41232
7 4477 99912
7 4478 41107
7 4479 58033
7 4480 99086
7 4481 58151
7 4482 41188
7 4483 99841
7 4484 41246
7 4485 58100
7 4486 99141
7 4487 58115
7 4488 41098
7 4489 41100
7 4490 41235
7 4491 201711
7 4492 41243
7 4493 201613
7 4494 41102
7 4495 41102
7 4496 41105
7 4497 57977
7 4498 41178
7 4499 58000
7 4500 41178
7 4501 201799
7 4502 41174
7 4503 58136
7 4504 200480
7 4505 57935
7 4506 41241
7 4507 202402
7 4508 41312
7 4509 58129
7 4510 200714
7 4511 58136
7 4512 41238
7 4513 99604
7 4514 41172
7 4515 202539
7 4516 98921
7 4517 202488
7 4518 41304
7 4519 99887
7 4520 41176
7 4521 58248
7 4522 99790
7 4523 58184
7 4524 41237
7 4525 201826
7 4526 41106
7 4527 58146
7 4528 200723
7 4529 58145
7 4530 98062
7 4531 201485
7 4532 99100
7 4533 58078
7 4534 200583
7 4535 58082
7 4536 41171
7 4537 98861
7 4538 41174
7 4539 201595
7 4540 98778
7 4541 200543
7 4542 41243
7 4543 99957
7 4544 41249
7 4545 58007
7 4546 99791
7 4547 58238
7 4548 41308
7 4549 202375
7 4550 41249
7 4551 58263
7 4552 200558
7 4553 58076
7 4554 98157
7 4555 201329
7 4556 99021
7 4557 58081
7 4558 200397
7 4559 57991
7 4560 41029
7 4561 41032
7 4562 41032
7 4563 99139
7 4564 41044
7 4565 98913
7 4566 41096
7 4567 41100
7 4568 41238
7 4569 145866
7 4570 41305
7 4571 146041
7 4572 41232
7 4573 99911
7 4574 41172
7 4575 146038
7 4576 99119
7 4577 146089
7 4578 41245
7 4579 99913
7 4580 41309
7 4581 146087
7 4582 99124
7 4583 145831
7 4584 40960
7 4585 40962
7 4586 40961
7 4587 98669
7 4588 41031
7 4589 97757
7 4590 41100
7 4591 41102
7 4592 41107
7 4593 57913
7 4594 41182
7 4595 58137
7 4596 41169
7 4597 99666
7 4598 41108
7 4599 58003
7 4600 98947
7 4601 58192
7 4602 41178
7 4603 98747
7 4604 41250
7 4605 58191
7 4606 98941
7 4607 58102
7 4608 41037
7 4609 41037
7 4610 41173
7 4611 145856
7 4612 41245
7 4613 145909
7 4614 41036
7 4615 41036
7 4616 41170
7 4617 58119
7 4618 41178
7 4619 58193
7 4620 41034
7 4621 144883
7 4622 41034
7 4623 57990
7 4624 144371
7 4625 56847
7 4626 41176
7 4627 145973
7 4628 41183
7 4629 58253
7 4630 145462
7 4631 57129
7 4632 41171
7 4633 99727
7 4634 41239
7 4635 146235
7 4636 99868
7 4637 146374
7 4638 41236
7 4639 99667
7 4640 41170
7 4641 58131
7 4642 99632
7 4643 58200
7 4644 41109
7 4645 145888
7 4646 41105
7 4647 58199
7 4648 145536
7 4649 57124
7 4650 98874
7 4651 146151
7 4652 98925
7 4653 57984
7 4654 145838
7 4655 57192
7 4656 41178
7 4657 99834
7 4658 41306
7 4659 146207
7 4660 99929
7 4661 145997
7 4662 41184
7 4663 99725
7 4664 41308
7 4665 58180
7 4666 98777
7 4667 58252
7 4668 41247
7 4669 146135
7 4670 41243
7 4671 58316
7 4672 145754
7 4673 57193
7 4674 99031
7 4675 146150
7 4676 98974
7 4677 58119
7 4678 145634
7 4679 57140
7 4680 41036
7 4681 41038
7 4682 41234
7 4683 201898
7 4684 41245
7 4685 201567
7 4686 41101
7 4687 41101
7 4688 41304
7 4689 146021
7 4690 41309
7 4691 146146
7 4692 41178
7 4693 202525
7 4694 41237
7 4695 146186
7 4696 200647
7 4697 145194
7 4698 41180
7 4699 202541
7 4700 41256
7 4701 146183
7 4702 200803
7 4703 145328
7 4704 41101
7 4705 41101
7 4706 41169
7 4707 201742
7 4708 41243
7 4709 200778
7 4710 41034
7 4711 41034
7 4712 41172
7 4713 58084
7 4714 41181
7 4715 58201
7 4716 41240
7 4717 202521
7 4718 41170
7 4719 58189
7 4720 201398
7 4721 58209
7 4722 41313
7 4723 201650
7 4724 41310
7 4725 58211
7 4726 201405
7 4727 58153
7 4728 41036
7 4729 41036
7 4730 41238
7 4731 145984
7 4732 41248
7 4733 145938
7 4734 40960
7 4735 40960
7 4736 41104
7 4737 58109
7 4738 41105
7 4739 58110
7 4740 41109
7 4741 145804
7 4742 41107
7 4743 58198
7 4744 145584
7 4745 57132
7 4746 41182
7 4747 146015
7 4748 41181
7 4749 58199
7 4750 145582
7 4751 57134
7 4752 41034
7 4753 201747
7 4754 41105
7 4755 146064
7 4756 200644
7 4757 145059
7 4758 41105
7 4759 201730
7 4760 41031
7 4761 58132
7 4762 201387
7 4763 58015
7 4764 41036
7 4765 145931
7 4766 41029
7 4767 58135
7 4768 145756
7 4769 57190
7 4770 198504
7 4771 144540
7 4772 198504
7 4773 56829
7 4774 144417
7 4775 56849
7 4776 41096
7 4777 202422
7 4778 41173
7 4779 146177
7 4780 201437
7 4781 145481
7 4782 41170
7 4783 202350
7 4784 41170
7 4785 58114
7 4786 201317
7 4787 58125
7 4788 41174
7 4789 146172
7 4790 41167
7 4791 58246
7 4792 145713
7 4793 57184
7 4794 199432
7 4795 145005
7 4796 199432
7 4797 56996
7 4798 145005
7 4799 56996
7 4800 41027
7 4801 99384
7 4802 41103
7 4803 202720
7 4804 98776
7 4805 202730
7 4806 41101
7 4807 99488
7 4808 41172
7 4809 145972
7 4810 99531
7 4811 146270
7 4812 41170
7 4813 202572
7 4814 41102
7 4815 146104
7 4816 201581
7 4817 145492
7 4818 98572
7 4819 201529
7 4820 98692
7 4821 144968
7 4822 201377
7 4823 145072
7 4824 41103
7 4825 99400
7 4826 41104
7 4827 202724
7 4828 98646
7 4829 202661
7 4830 41168
7 4831 99629
7 4832 41035
7 4833 58055
7 4834 99693
7 4835 58231
7 4836 41166
7 4837 202537
7 4838 41167
7 4839 58272
7 4840 202287
7 4841 58266
7 4842 98707
7 4843 202258
7 4844 99653
7 4845 58069
7 4846 202130
7 4847 58191
7 4848 41168
7 4849 99631
7 4850 41166
7 4851 146323
7 4852 99724
7 4853 146149
7 4854 41101
7 4855 98475
7 4856 41164
7 4857 58204
7 4858 98554
7 4859 58247
7 4860 41031
7 4861 145844
7 4862 41030
7 4863 58127
7 4864 145710
7 4865 57192
7 4866 99593
7 4867 146136
7 4868 99401
7 4869 58113
7 4870 145665
7 4871 57183
7 4872 41034
7 4873 201770
7 4874 41101
7 4875 146021
7 4876 200777
7 4877 145317
7 4878 41103
7 4879 201644
7 4880 41030
7 4881 58133
7 4882 201404
7 4883 58129
7 4884 41029
7 4885 145805
7 4886 40957
7 4887 58041
7 4888 145551
7 4889 57138
7 4890 199432
7 4891 145005
7 4892 199432
7 4893 56996
7 4894 145005
7 4895 56996
7 4896 96772
7 4897 199597
7 4898 96898
7 4899 144623
7 4900 199478
7 4901 144597
7 4902 96897
7 4903 199615
7 4904 97840
7 4905 56822
7 4906 199438
7 4907 57778
7 4908 97844
7 4909 144620
7 4910 96793
7 4911 57776
7 4912 144372
7 4913 56846
7 4914 198478
7 4915 144542
7 4916 198478
7 4917 56829
7 4918 144419
7 4919 56849
7 4920 40884
7 4921 97706
7 4922 40960
7 4923 200680
7 4924 97831
7 4925 199721
7 4926 40960
7 4927 97813
7 4928 41097
7 4929 144621
7 4930 97899
7 4931 145553
7 4932 41094
7 4933 200597
7 4934 40965
7 4935 145554
7 4936 199632
7 4937 144728
7 4938 97879
7 4939 200502
7 4940 97906
7 4941 144675
7 4942 199632
7 4943 144601
7 4944 40959
7 4945 97817
7 4946 40961
7 4947 200718
7 4948 97835
7 4949 199721
7 4950 41031
7 4951 98904
7 4952 41032
7 4953 56823
7 4954 98843
7 4955 57978
7 4956 41096
7 4957 201446
7 4958 41102
7 4959 57885
7 4960 200450
7 4961 57931
7 4962 97958
7 4963 200520
7 4964 98957
7 4965 57977
7 4966 200409
7 4967 57978
7 4968 41033
7 4969 98900
7 4970 41096
7 4971 145721
7 4972 98992
7 4973 145685
7 4974 40964
7 4975 97758
7 4976 41100
7 4977 57911
7 4978 97894
7 4979 57949
7 4980 41034
7 4981 144872
7 4982 41033
7 4983 57978
7 4984 144367
7 4985 56847
7 4986 98779
7 4987 145759
7 4988 98649
7 4989 57907
7 4990 145419
7 4991 57112
7 4992 41031
7 4993 201440
7 4994 41098
7 4995 145843
7 4996 200469
7 4997 145010
7 4998 41098
7 4999 200700
7 5000 41031
7 5001 58003
7 5002 200407
7 5003 57937
7 5004 41033
7 5005 145675
7 5006 40961
7 5007 58024
7 5008 145421
7 5009 57112
7 5010 198504
7 5011 144540
7 5012 198504
7 5013 56829
7 5014 144417
7 5015 56849
7 5016 96774
7 5017 199598
7 5018 96898
7 5019 144625
7 5020 199482
7 5021 144597
7 5022 96897
7 5023 199616
7 5024 97842
7 5025 56823
7 5026 199442
7 5027 57778
7 5028 97846
7 5029 144622
7 5030 96795
7 5031 57776
7 5032 144374
7 5033 56847
7 5034 198504
7 5035 144543
7 5036 198504
7 5037 56830
7 5038 144420
7 5039 56850
