3 0 3628800
3 1 3628800
3 2 3628800
3 3 3628665
3 4 3628212
3 5 3628020
4 0 3544956
4 1 3599484
4 2 3537264
4 3 3616779
4 4 3607884
4 5 3616549
4 6 3558510
4 7 3595353
4 8 3590040
4 9 3526147
4 10 3602370
4 11 3560324
4 12 3501510
4 13 3539154
4 14 3494235
4 15 3444000
4 16 3530646
4 17 3429381
4 18 3454280
4 19 3474409
4 20 3482743
4 21 3268738
4 22 3454850
4 23 3279368
5 0 2120080
5 1 2647984
5 2 2114870
5 3 3028708
5 4 2656651
5 5 2980120
5 6 2108145
5 7 2632491
5 8 2166419
5 9 2726222
5 10 2663774
5 11 2766628
5 12 2170621
5 13 3072358
5 14 2084333
5 15 2757701
5 16 3072103
5 17 2734145
5 18 2692963
5 19 3087686
5 20 2670575
5 21 2727608
5 22 3068638
5 23 2714000
5 24 2602241
5 25 3065964
5 26 2597545
5 27 3134218
5 28 3076105
5 29 3121420
5 30 2653475
5 31 3134279
5 32 2712659
5 33 2498288
5 34 3133098
5 35 2584523
5 36 2698088
5 37 3199303
5 38 2710021
5 39 2551134
5 40 3169396
5 41 2567588
5 42 3100979
5 43 3206841
5 44 3145847
5 45 2585436
5 46 3190378
5 47 2590022
5 48 2428398
5 49 2764806
5 50 2504926
5 51 2632172
5 52 2795905
5 53 2639069
5 54 2426662
5 55 2757075
5 56 2548308
5 57 2246093
5 58 2787762
5 59 2246949
5 60 2554884
5 61 2601384
5 62 2540744
5 63 2279042
5 64 2565912
5 65 2216438
5 66 2793586
5 67 2663991
5 68 2807985
5 69 2279431
5 70 2637850
5 71 2278676
5 72 1791878
5 73 2526184
5 74 1829471
5 75 2235336
5 76 2507168
5 77 2210997
5 78 1832398
5 79 2532884
5 80 1804227
5 81 1748807
5 82 2555062
5 83 1742451
5 84 1808840
5 85 2216855
5 86 1758986
5 87 1748949
5 88 2210242
5 89 1714986
5 90 2450454
5 91 2197537
5 92 2515830
5 93 1692378
5 94 2177978
5 95 1694587
5 96 2078131
5 97 2416648
5 98 2084234
5 99 2085386
5 100 2431485
5 101 2091655
5 102 2090019
5 103 2417906
5 104 2115512
5 105 1562578
5 106 2428816
5 107 1610892
5 108 2116735
5 109 2084014
5 110 2083150
5 111 1610310
5 112 2071844
5 113 1565551
5 114 2374716
5 115 2082619
5 116 2409720
5 117 1564975
5 118 2078131
5 119 1567284
6 0 513937
6 1 670231
6 2 513866
6 3 1198243
6 4 671242
6 5 1175700
6 6 513759
6 7 668903
6 8 521809
6 9 1319017
6 10 672362
6 11 1324819
6 12 521811
6 13 1200783
6 14 513722
6 15 1324889
6 16 1186925
6 17 1320356
6 18 674310
6 19 1199949
6 20 672930
6 21 1319360
6 22 1187671
6 23 1313156
6 24 513202
6 25 668443
6 26 513111
6 27 1197011
6 28 669547
6 29 1172404
6 30 526256
6 31 686347
6 32 533318
6 33 774961
6 34 689914
6 35 795960
6 36 530994
6 37 1243368
6 38 532759
6 39 795562
6 40 1247128
6 41 798622
6 42 683270
6 43 1218164
6 44 691044
6 45 798122
6 46 1245795
6 47 796678
6 48 526182
6 49 686515
6 50 530031
6 51 1365884
6 52 690679
6 53 1360592
6 54 512543
6 55 659484
6 56 532147
6 57 795337
6 58 674439
6 59 796651
6 60 530274
6 61 1380012
6 62 530477
6 63 802287
6 64 1368889
6 65 782666
6 66 691732
6 67 1388477
6 68 684132
6 69 800042
6 70 1377349
6 71 786491
6 72 532587
6 73 1243310
6 74 532428
6 75 1380213
6 76 1232828
6 77 1376467
6 78 531559
6 79 1223537
6 80 529254
6 81 801859
6 82 1234093
6 83 800873
6 84 531832
6 85 1376251
6 86 511716
6 87 795117
6 88 1376748
6 89 785071
6 90 1226181
6 91 1376409
6 92 1226073
6 93 782039
6 94 1374323
6 95 780862
6 96 683665
6 97 1231154
6 98 685086
6 99 1369932
6 100 1229950
6 101 1366017
6 102 683574
6 103 1229059
6 104 690557
6 105 783407
6 106 1229720
6 107 801507
6 108 690845
6 109 1381121
6 110 667506
6 111 800658
6 112 1373339
6 113 781736
6 114 1226178
6 115 1376263
6 116 1216777
6 117 780298
6 118 1364814
6 119 768262
6 120 896443
6 121 1268296
6 122 896142
6 123 1887965
6 124 1269663
6 125 1859090
6 126 895281
6 127 1265909
6 128 906955
6 129 1564157
6 130 1271187
6 131 1584442
6 132 907576
6 133 1897845
6 134 893483
6 135 1583538
6 136 1875871
6 137 1565178
6 138 1274397
6 139 1899195
6 140 1271783
6 141 1562177
6 142 1875693
6 143 1561705
6 144 900478
6 145 1277211
6 146 900300
6 147 1895423
6 148 1277958
6 149 1877006
6 150 902713
6 151 1307342
6 152 905273
6 153 892325
6 154 1309285
6 155 904650
6 156 914933
6 157 1918900
6 158 909317
6 159 903136
6 160 1896559
6 161 910278
6 162 1287545
6 163 1902557
6 164 1311803
6 165 911083
6 166 1889733
6 167 904620
6 168 903079
6 169 1299413
6 170 916781
6 171 1614815
6 172 1323413
6 173 1618318
6 174 903672
6 175 1302316
6 176 906825
6 177 900097
6 178 1300017
6 179 900590
6 180 916394
6 181 1597523
6 182 913550
6 183 910854
6 184 1589735
6 185 905537
6 186 1320419
6 187 1629288
6 188 1318911
6 189 911172
6 190 1614697
6 191 914940
6 192 916009
6 193 1924920
6 194 909369
6 195 1620969
6 196 1901390
6 197 1604934
6 198 920345
6 199 1927211
6 200 914224
6 201 913681
6 202 1918157
6 203 913871
6 204 917296
6 205 1624981
6 206 903340
6 207 903115
6 208 1619563
6 209 913001
6 210 1884982
6 211 1603324
6 212 1898964
6 213 907908
6 214 1616414
6 215 906629
6 216 1285310
6 217 1912677
6 218 1281807
6 219 1594217
6 220 1900731
6 221 1591509
6 222 1293328
6 223 1929934
6 224 1314935
6 225 907817
6 226 1920640
6 227 915449
6 228 1317523
6 229 1615302
6 230 1308169
6 231 915066
6 232 1607111
6 233 907984
6 234 1886663
6 235 1604060
6 236 1897010
6 237 908627
6 238 1613320
6 239 902626
6 240 945170
6 241 1385894
6 242 945124
6 243 1521566
6 244 1386143
6 245 1512319
6 246 966049
6 247 1429917
6 248 1005554
6 249 1017829
6 250 1431994
6 251 1032443
6 252 993821
6 253 1568383
6 254 1004423
6 255 1023661
6 256 1569930
6 257 1027858
6 258 1398807
6 259 1571145
6 260 1432961
6 261 1029084
6 262 1573180
6 263 1028376
6 264 945101
6 265 1385825
6 266 945055
6 267 1521052
6 268 1386143
6 269 1510831
6 270 968546
6 271 1441514
6 272 998508
6 273 869132
6 274 1435179
6 275 873947
6 276 995867
6 277 1572708
6 278 997180
6 279 869352
6 280 1555705
6 281 874708
6 282 1396561
6 283 1551387
6 284 1436735
6 285 874978
6 286 1553769
6 287 873235
6 288 972760
6 289 1446957
6 290 1009436
6 291 1027255
6 292 1450045
6 293 1042266
6 294 971330
6 295 1443573
6 296 1010002
6 297 883669
6 298 1442481
6 299 886207
6 300 1007242
6 301 1004478
6 302 1006403
6 303 882348
6 304 990966
6 305 865609
6 306 1446507
6 307 1055392
6 308 1446249
6 309 903974
6 310 1033382
6 311 882829
6 312 1006649
6 313 1582233
6 314 1017036
6 315 1037888
6 316 1574030
6 317 1039088
6 318 1014484
6 319 1591337
6 320 1012993
6 321 890415
6 322 1594478
6 323 890431
6 324 1019244
6 325 1034378
6 326 1011421
6 327 895862
6 328 1020173
6 329 880595
6 330 1551262
6 331 1030736
6 332 1572191
6 333 881456
6 334 1024073
6 335 882297
6 336 1400133
6 337 1582572
6 338 1443620
6 339 1046919
6 340 1601669
6 341 1048942
6 342 1404443
6 343 1583817
6 344 1448324
6 345 892846
6 346 1597876
6 347 896317
6 348 1452492
6 349 1049043
6 350 1445267
6 351 904527
6 352 1032832
6 353 883397
6 354 1571215
6 355 1047621
6 356 1583972
6 357 894546
6 358 1037204
6 359 885608
6 360 544452
6 361 715359
6 362 568369
6 363 982244
6 364 732760
6 365 983172
6 366 553415
6 367 732898
6 368 577906
6 369 649495
6 370 738590
6 371 654099
6 372 569012
6 373 974638
6 374 571971
6 375 655057
6 376 988047
6 377 646585
6 378 721209
6 379 988639
6 380 740192
6 381 654973
6 382 988227
6 383 646222
6 384 553598
6 385 734091
6 386 570291
6 387 984898
6 388 739460
6 389 979917
6 390 548030
6 391 720007
6 392 572745
6 393 483385
6 394 725599
6 395 484514
6 396 578687
6 397 995963
6 398 570353
6 399 489030
6 400 994321
6 401 491485
6 402 741495
6 403 996144
6 404 730438
6 405 490348
6 406 993089
6 407 490204
6 408 548008
6 409 720277
6 410 571054
6 411 647894
6 412 727396
6 413 646085
6 414 543419
6 415 706951
6 416 569509
6 417 483287
6 418 712999
6 419 483237
6 420 568994
6 421 647281
6 422 568009
6 423 490423
6 424 643160
6 425 480550
6 426 725421
6 427 652657
6 428 722403
6 429 490276
6 430 643188
6 431 480505
6 432 564377
6 433 984568
6 434 575056
6 435 656803
6 436 970117
6 437 645562
6 438 573781
6 439 990488
6 440 568245
6 441 489284
6 442 997380
6 443 489319
6 444 569034
6 445 649474
6 446 560426
6 447 488885
6 448 647196
6 449 485710
6 450 953315
6 451 638304
6 452 979789
6 453 478074
6 454 630574
6 455 478134
6 456 718563
6 457 988808
6 458 738925
6 459 654990
6 460 987391
6 461 652253
6 462 739352
6 463 990392
6 464 728030
6 465 489516
6 466 997917
6 467 495312
6 468 728417
6 469 651233
6 470 721071
6 471 495382
6 472 646987
6 473 485796
6 474 967270
6 475 645644
6 476 988449
6 477 485038
6 478 640428
6 479 485050
6 480 353174
6 481 872341
6 482 354972
6 483 865738
6 484 867416
6 485 861991
6 486 354895
6 487 871386
6 488 357344
6 489 522536
6 490 874977
6 491 523093
6 492 357269
6 493 872930
6 494 354927
6 495 524071
6 496 875201
6 497 514987
6 498 861746
6 499 864584
6 500 864730
6 501 510912
6 502 868805
6 503 511356
6 504 354862
6 505 873742
6 506 354894
6 507 867579
6 508 867410
6 509 860844
6 510 356298
6 511 872077
6 512 354097
6 513 355764
6 514 874863
6 515 358550
6 516 356869
6 517 872767
6 518 356965
6 519 357472
6 520 875329
6 521 359373
6 522 868641
6 523 868556
6 524 873597
6 525 356342
6 526 874453
6 527 357829
6 528 356515
6 529 870156
6 530 356291
6 531 523481
6 532 876017
6 533 521976
6 534 354006
6 535 862001
6 536 356118
6 537 356992
6 538 865543
6 539 357546
6 540 353180
6 541 520437
6 542 353024
6 543 355827
6 544 521497
6 545 352878
6 546 870895
6 547 523599
6 548 870591
6 549 357746
6 550 520126
6 551 352691
6 552 354175
6 553 865606
6 554 355681
6 555 522943
6 556 868199
6 557 513739
6 558 355516
6 559 866715
6 560 353733
6 561 355968
6 562 875180
6 563 357731
6 564 354064
6 565 521649
6 566 348599
6 567 354201
6 568 521830
6 569 351651
6 570 854589
6 571 510621
6 572 861919
6 573 350463
6 574 510397
6 575 350475
6 576 847880
6 577 852211
6 578 850340
6 579 507501
6 580 860162
6 581 507932
6 582 851165
6 583 852124
6 584 856804
6 585 348523
6 586 860274
6 587 353578
6 588 856777
6 589 507412
6 590 850634
6 591 353578
6 592 505780
6 593 348533
6 594 847880
6 595 506693
6 596 859419
6 597 348538
6 598 506265
6 599 348599
6 600 506265
6 601 859673
6 602 508023
6 603 853359
6 604 862506
6 605 852551
6 606 508360
6 607 860143
6 608 519098
6 609 507274
6 610 864394
6 611 517764
6 612 519331
6 613 861646
6 614 508058
6 615 517578
6 616 862993
6 617 509737
6 618 861095
6 619 863313
6 620 862308
6 621 509592
6 622 863066
6 623 508101
6 624 508459
6 625 861449
6 626 508199
6 627 854991
6 628 862786
6 629 852487
6 630 512036
6 631 867908
6 632 520157
6 633 348527
6 634 870221
6 635 355315
6 636 520635
6 637 865569
6 638 521671
6 639 354086
6 640 863280
6 641 355283
6 642 866194
6 643 864666
6 644 872032
6 645 355964
6 646 871127
6 647 354844
6 648 512118
6 649 868041
6 650 520150
6 651 516448
6 652 873027
6 653 518634
6 654 508573
6 655 860774
6 656 521433
6 657 354267
6 658 865890
6 659 354710
6 660 519242
6 661 509123
6 662 518480
6 663 355936
6 664 505514
6 665 348523
6 666 867084
6 667 519887
6 668 869070
6 669 355389
6 670 518279
6 671 352406
6 672 519665
6 673 865678
6 674 519991
6 675 519181
6 676 862479
6 677 510491
6 678 519512
6 679 865508
6 680 518132
6 681 356303
6 682 873083
6 683 355729
6 684 519414
6 685 518520
6 686 506693
6 687 355553
6 688 518208
6 689 352406
6 690 847123
6 691 506582
6 692 859183
6 693 348475
6 694 506131
6 695 348537
6 696 847880
6 697 852211
6 698 850340
6 699 507501
6 700 860162
6 701 507932
6 702 851165
6 703 852124
6 704 856804
6 705 348523
6 706 860274
6 707 353578
6 708 856777
6 709 507412
6 710 850634
6 711 353578
6 712 505780
6 713 348533
6 714 847880
6 715 506693
6 716 859419
6 717 348538
6 718 506265
6 719 348599
7 0 56850
7 1 67015
7 2 56849
7 3 139178
7 4 67052
7 5 138036
7 6 56849
7 7 67014
7 8 56996
7 9 288217
7 10 67129
7 11 288500
7 12 56996
7 13 139101
7 14 56849
7 15 288502
7 16 138114
7 17 288219
7 18 67097
7 19 139091
7 20 67130
7 21 288190
7 22 138124
7 23 287060
7 24 56847
7 25 67012
7 26 56846
7 27 139148
7 28 67052
7 29 137925
7 30 57112
7 31 67771
7 32 57140
7 33 216986
7 34 67837
7 35 218105
7 36 57183
7 37 140283
7 38 57192
7 39 218098
7 40 139289
7 41 218182
7 42 67386
7 43 139056
7 44 67873
7 45 218161
7 46 139270
7 47 218193
7 48 57112
7 49 67771
7 50 57184
7 51 290861
7 52 67856
7 53 289819
7 54 56847
7 55 67012
7 56 57193
7 57 218125
7 58 67329
7 59 218151
7 60 57134
7 61 290976
7 62 57129
7 63 218340
7 64 289112
7 65 217194
7 66 67785
7 67 291147
7 68 67708
7 69 218267
7 70 289465
7 71 217378
7 72 57138
7 73 140251
7 74 57190
7 75 291849
7 76 139341
7 77 291565
7 78 57192
7 79 139123
7 80 57124
7 81 218325
7 82 139160
7 83 218269
7 84 57132
7 85 291126
7 86 56847
7 87 218169
7 88 289467
7 89 217366
7 90 138245
7 91 289986
7 92 138214
7 93 217150
7 94 289181
7 95 217170
7 96 67230
7 97 139328
7 98 67331
7 99 290571
7 100 139296
7 101 289457
7 102 67330
7 103 139313
7 104 67783
7 105 217135
7 106 138961
7 107 218220
7 108 67781
7 109 290809
7 110 67261
7 111 218208
7 112 288927
7 113 217181
7 114 138264
7 115 289892
7 116 138023
7 117 217152
7 118 288918
7 119 216986
7 120 56830
7 121 66995
7 122 56829
7 123 139158
7 124 67032
7 125 137979
7 126 56829
7 127 66994
7 128 56996
7 129 288217
7 130 67129
7 131 288500
7 132 56996
7 133 139061
7 134 56829
7 135 288502
7 136 138077
7 137 288219
7 138 67097
7 139 139054
7 140 67130
7 141 288190
7 142 138084
7 143 286904
7 144 57778
7 145 68013
7 146 57778
7 147 140316
7 148 68024
7 149 139699
7 150 57978
7 151 68773
7 152 57991
7 153 76966
7 154 68840
7 155 78167
7 156 58191
7 157 141498
7 158 58082
7 159 78153
7 160 140471
7 161 78225
7 162 68394
7 163 140834
7 164 68875
7 165 78234
7 166 140428
7 167 78162
7 168 57937
7 169 68665
7 170 58125
7 171 297808
7 172 68828
7 173 297748
7 174 57931
7 175 68689
7 176 58076
7 177 78082
7 178 68802
7 179 78089
7 180 58153
7 181 300090
7 182 58136
7 183 78286
7 184 299379
7 185 78117
7 186 68846
7 187 301418
7 188 68898
7 189 78287
7 190 299814
7 191 78255
7 192 58129
7 193 141028
7 194 58015
7 195 298699
7 196 140288
7 197 298444
7 198 58266
7 199 141060
7 200 58145
7 201 78361
7 202 140995
7 203 78361
7 204 58209
7 205 300530
7 206 57935
7 207 78157
7 208 299900
7 209 78249
7 210 139308
7 211 300088
7 212 140274
7 213 78189
7 214 300022
7 215 78181
7 216 68259
7 217 140362
7 218 68266
7 219 297483
7 220 140037
7 221 295931
7 222 68462
7 223 141336
7 224 68917
7 225 78202
7 226 140807
7 227 78371
7 228 68914
7 229 301502
7 230 68896
7 231 78371
7 232 299895
7 233 78182
7 234 139463
7 235 299888
7 236 139912
7 237 78190
7 238 299740
7 239 77972
7 240 57776
7 241 68010
7 242 57776
7 243 140288
7 244 68023
7 245 139659
7 246 57907
7 247 68527
7 248 58119
7 249 223883
7 250 68643
7 251 224161
7 252 58113
7 253 141292
7 254 57984
7 255 224127
7 256 140257
7 257 224142
7 258 68345
7 259 140966
7 260 68652
7 261 224131
7 262 140208
7 263 224009
7 264 56823
7 265 66980
7 266 56822
7 267 138942
7 268 67041
7 269 137159
7 270 57977
7 271 68694
7 272 58081
7 273 78004
7 274 68807
7 275 78169
7 276 58069
7 277 141114
7 278 58078
7 279 78084
7 280 140275
7 281 78229
7 282 68252
7 283 139215
7 284 68845
7 285 78234
7 286 140149
7 287 78152
7 288 57949
7 289 68519
7 290 58252
7 291 225634
7 292 68964
7 293 225776
7 294 57978
7 295 68662
7 296 58238
7 297 78556
7 298 68908
7 299 78603
7 300 58102
7 301 224763
7 302 58115
7 303 78582
7 304 223946
7 305 77390
7 306 68805
7 307 226293
7 308 68966
7 309 78812
7 310 225379
7 311 77565
7 312 58247
7 313 141377
7 314 58200
7 315 226055
7 316 141482
7 317 226230
7 318 58231
7 319 141272
7 320 58184
7 321 78660
7 322 141104
7 323 78735
7 324 58192
7 325 226148
7 326 58151
7 327 78677
7 328 225369
7 329 77561
7 330 140366
7 331 226176
7 332 140471
7 333 78600
7 334 225463
7 335 77629
7 336 68468
7 337 141349
7 338 68890
7 339 226214
7 340 141163
7 341 226100
7 342 68420
7 343 141013
7 344 69039
7 345 78700
7 346 138793
7 347 78735
7 348 68958
7 349 226195
7 350 68896
7 351 78877
7 352 225447
7 353 77627
7 354 140552
7 355 226288
7 356 140406
7 357 78700
7 358 225378
7 359 77488
7 360 58024
7 361 68750
7 362 58246
7 363 298459
7 364 68954
7 365 298085
7 366 57978
7 367 68705
7 368 58316
7 369 225060
7 370 69012
7 371 225300
7 372 58199
7 373 299551
7 374 58253
7 375 225297
7 376 298146
7 377 224358
7 378 68904
7 379 299947
7 380 68967
7 381 225264
7 382 298192
7 383 224306
7 384 58003
7 385 68650
7 386 58114
7 387 298162
7 388 68793
7 389 296912
7 390 57885
7 391 68496
7 392 58263
7 393 78518
7 394 68811
7 395 78610
7 396 58211
7 397 300975
7 398 58129
7 399 78684
7 400 301133
7 401 78651
7 402 68938
7 403 300803
7 404 68820
7 405 78722
7 406 300985
7 407 78523
7 408 57911
7 409 68707
7 410 58180
7 411 224790
7 412 68952
7 413 224734
7 414 56823
7 415 66867
7 416 58007
7 417 78153
7 418 68055
7 419 78156
7 420 58191
7 421 225969
7 422 58100
7 423 78692
7 424 225366
7 425 77561
7 426 68962
7 427 226189
7 428 68620
7 429 78693
7 430 225390
7 431 77561
7 432 58110
7 433 300446
7 434 58193
7 435 225938
7 436 299522
7 437 224970
7 438 58201
7 439 300542
7 440 58000
7 441 78662
7 442 301056
7 443 78727
7 444 58137
7 445 226019
7 446 57985
7 447 78744
7 448 226152
7 449 77690
7 450 298356
7 451 224714
7 452 298875
7 453 77508
7 454 224980
7 455 77480
7 456 68832
7 457 302147
7 458 68920
7 459 226150
7 460 301398
7 461 225404
7 462 68916
7 463 302201
7 464 68729
7 465 78808
7 466 301012
7 467 78656
7 468 68944
7 469 226059
7 470 68601
7 471 78863
7 472 226037
7 473 77632
7 474 299155
7 475 225186
7 476 299387
7 477 77579
7 478 225085
7 479 77522
7 480 58041
7 481 141351
7 482 58135
7 483 299482
7 484 140559
7 485 299258
7 486 58127
7 487 141214
7 488 58199
7 489 225299
7 490 141158
7 491 225443
7 492 58198
7 493 299799
7 494 57990
7 495 225376
7 496 299088
7 497 224520
7 498 140308
7 499 298605
7 500 140332
7 501 224285
7 502 298802
7 503 224343
7 504 58133
7 505 141291
7 506 58132
7 507 299497
7 508 140344
7 509 299191
7 510 58272
7 511 141167
7 512 58146
7 513 78741
7 514 141259
7 515 78873
7 516 58189
7 517 300845
7 518 58136
7 519 78735
7 520 302461
7 521 78857
7 522 140390
7 523 300601
7 524 141190
7 525 78737
7 526 302546
7 527 78790
7 528 58204
7 529 141040
7 530 58131
7 531 226066
7 532 141209
7 533 225983
7 534 58055
7 535 138632
7 536 58248
7 537 78701
7 538 139429
7 539 78810
7 540 58003
7 541 226017
7 542 58033
7 543 78645
7 544 226133
7 545 77740
7 546 141296
7 547 226220
7 548 140898
7 549 78713
7 550 226024
7 551 77664
7 552 58109
7 553 300439
7 554 58119
7 555 225968
7 556 299811
7 557 225055
7 558 58084
7 559 300079
7 560 57977
7 561 78641
7 562 301041
7 563 78656
7 564 57913
7 565 224647
7 566 56823
7 567 78092
7 568 225368
7 569 77488
7 570 299149
7 571 225179
7 572 299263
7 573 77584
7 574 225069
7 575 77471
7 576 139210
7 577 299012
7 578 139258
7 579 224790
7 580 299434
7 581 224914
7 582 139320
7 583 298953
7 584 140049
7 585 77521
7 586 300182
7 587 78590
7 588 140200
7 589 225048
7 590 138828
7 591 78611
7 592 224887
7 593 77456
7 594 298864
7 595 225101
7 596 299175
7 597 77511
7 598 224875
7 599 77357
7 600 68132
7 601 140214
7 602 68263
7 603 298013
7 604 140326
7 605 296942
7 606 68259
7 607 140282
7 608 68842
7 609 224070
7 610 140196
7 611 225192
7 612 68846
7 613 298591
7 614 68270
7 615 225181
7 616 297614
7 617 224284
7 618 140287
7 619 298358
7 620 140053
7 621 224254
7 622 297594
7 623 224098
7 624 68261
7 625 140354
7 626 68264
7 627 298036
7 628 140326
7 629 296902
7 630 68464
7 631 141409
7 632 68912
7 633 77529
7 634 141111
7 635 78750
7 636 68972
7 637 301702
7 638 68985
7 639 78641
7 640 301158
7 641 78661
7 642 140248
7 643 299188
7 644 141024
7 645 78730
7 646 301450
7 647 78526
7 648 68428
7 649 141356
7 650 68795
7 651 226023
7 652 141266
7 653 226115
7 654 68244
7 655 139924
7 656 68971
7 657 78647
7 658 140032
7 659 78677
7 660 68635
7 661 225181
7 662 68821
7 663 78745
7 664 224948
7 665 77530
7 666 141029
7 667 226083
7 668 140784
7 669 78604
7 670 226017
7 671 77658
7 672 68832
7 673 302045
7 674 68913
7 675 226078
7 676 300907
7 677 225207
7 678 68780
7 679 300781
7 680 68661
7 681 78701
7 682 301156
7 683 78584
7 684 68900
7 685 225908
7 686 67904
7 687 78713
7 688 226026
7 689 77698
7 690 298772
7 691 225054
7 692 299197
7 693 77378
7 694 224860
7 695 77400
7 696 139215
7 697 298981
7 698 139177
7 699 224790
7 700 299329
7 701 224852
7 702 139176
7 703 298941
7 704 140009
7 705 77517
7 706 299342
7 707 78515
7 708 139836
7 709 224823
7 710 137538
7 711 78494
7 712 224887
7 713 77424
7 714 298256
7 715 224621
7 716 297816
7 717 77280
7 718 223534
7 719 76222
7 720 144420
7 721 154571
7 722 144419
7 723 406215
7 724 154802
7 725 400759
7 726 144417
7 727 154568
7 728 145005
7 729 590324
7 730 155122
7 731 590602
7 732 145005
7 733 405895
7 734 144417
7 735 590609
7 736 401083
7 737 590330
7 738 154908
7 739 405856
7 740 155126
7 741 590294
7 742 401121
7 743 588229
7 744 144374
7 745 154453
7 746 144372
7 747 406127
7 748 154691
7 749 400469
7 750 145419
7 751 155881
7 752 145634
7 753 295136
7 754 156512
7 755 300287
7 756 145665
7 757 413529
7 758 145838
7 759 300664
7 760 410190
7 761 301162
7 762 155915
7 763 407892
7 764 156684
7 765 300756
7 766 410258
7 767 301107
7 768 145421
7 769 155956
7 770 145713
7 771 596308
7 772 156461
7 773 594228
7 774 144367
7 775 153953
7 776 145754
7 777 300831
7 778 155307
7 779 300881
7 780 145582
7 781 597318
7 782 145462
7 783 300994
7 784 593065
7 785 295540
7 786 156313
7 787 597795
7 788 155979
7 789 300700
7 790 593557
7 791 296253
7 792 145551
7 793 413265
7 794 145756
7 795 598770
7 796 408612
7 797 598545
7 798 145710
7 799 407868
7 800 145536
7 801 300823
7 802 408654
7 803 300613
7 804 145584
7 805 597131
7 806 144371
7 807 300609
7 808 593537
7 809 296171
7 810 404349
7 811 595321
7 812 404245
7 813 295364
7 814 593560
7 815 295420
7 816 155407
7 817 408360
7 818 155757
7 819 596413
7 820 408484
7 821 594419
7 822 155555
7 823 408397
7 824 156280
7 825 295395
7 826 408131
7 827 300641
7 828 156349
7 829 597462
7 830 154615
7 831 300567
7 832 593469
7 833 295495
7 834 404359
7 835 595316
7 836 403633
7 837 295288
7 838 593003
7 839 294708
7 840 144543
7 841 154694
7 842 144542
7 843 406338
7 844 154925
7 845 401089
7 846 144540
7 847 154691
7 848 145005
7 849 590324
7 850 155122
7 851 590602
7 852 145005
7 853 406141
7 854 144540
7 855 590609
7 856 401290
7 857 590330
7 858 154908
7 859 406063
7 860 155126
7 861 590294
7 862 401367
7 863 589228
7 864 144597
7 865 154828
7 866 144597
7 867 407433
7 868 154925
7 869 404815
7 870 144601
7 871 155414
7 872 144597
7 873 144420
7 874 155612
7 875 144547
7 876 145072
7 877 410427
7 878 144724
7 879 144546
7 880 407453
7 881 144816
7 882 155258
7 883 408010
7 884 155844
7 885 144816
7 886 406297
7 887 144547
7 888 145010
7 889 155734
7 890 145481
7 891 592419
7 892 156223
7 893 592323
7 894 144728
7 895 155540
7 896 144721
7 897 144544
7 898 155611
7 899 144544
7 900 145328
7 901 592455
7 902 145144
7 903 145132
7 904 590779
7 905 144902
7 906 156169
7 907 593949
7 908 156215
7 909 145139
7 910 590870
7 911 145146
7 912 145317
7 913 409364
7 914 145059
7 915 594042
7 916 404923
7 917 593762
7 918 145492
7 919 410256
7 920 145144
7 921 145132
7 922 409944
7 923 145140
7 924 145194
7 925 592582
7 926 144724
7 927 144544
7 928 590870
7 929 145147
7 930 401903
7 931 592027
7 932 405506
7 933 144897
7 934 590876
7 935 144893
7 936 155250
7 937 406783
7 938 155334
7 939 592082
7 940 404331
7 941 590954
7 942 155501
7 943 410519
7 944 155997
7 945 144900
7 946 410188
7 947 145144
7 948 156138
7 949 594168
7 950 156039
7 951 145146
7 952 590876
7 953 144889
7 954 402058
7 955 591471
7 956 405178
7 957 144896
7 958 590318
7 959 144547
7 960 144622
7 961 154665
7 962 144620
7 963 407316
7 964 154778
7 965 404039
7 966 145759
7 967 156297
7 968 146150
7 969 303030
7 970 156906
7 971 304493
7 972 146136
7 973 415893
7 974 146151
7 975 304761
7 976 412004
7 977 304619
7 978 156308
7 979 414250
7 980 157008
7 981 304518
7 982 412046
7 983 304455
7 984 144625
7 985 154710
7 986 144623
7 987 407362
7 988 154822
7 989 404183
7 990 144675
7 991 155327
7 992 144676
7 993 144499
7 994 155475
7 995 144501
7 996 144968
7 997 410257
7 998 144676
7 999 144497
7 1000 407335
7 1001 144804
7 1002 155027
7 1003 407118
7 1004 155715
7 1005 144804
7 1006 406176
7 1007 144501
7 1008 145685
7 1009 156375
7 1010 145997
7 1011 303099
7 1012 157037
7 1013 304269
7 1014 145553
7 1015 156142
7 1016 145717
7 1017 145544
7 1018 156159
7 1019 145545
7 1020 145831
7 1021 298640
7 1022 145760
7 1023 145758
7 1024 298464
7 1025 145524
7 1026 157016
7 1027 304313
7 1028 156982
7 1029 146305
7 1030 303769
7 1031 145827
7 1032 146149
7 1033 415932
7 1034 146374
7 1035 305061
7 1036 414759
7 1037 305178
7 1038 146270
7 1039 415024
7 1040 145795
7 1041 145789
7 1042 414661
7 1043 146134
7 1044 146089
7 1045 304507
7 1046 145965
7 1047 145964
7 1048 304149
7 1049 145819
7 1050 411740
7 1051 304847
7 1052 411465
7 1053 146058
7 1054 304774
7 1055 146073
7 1056 156318
7 1057 414379
7 1058 157148
7 1059 304991
7 1060 415004
7 1061 305141
7 1062 156371
7 1063 414002
7 1064 156737
7 1065 146128
7 1066 411487
7 1067 145801
7 1068 157248
7 1069 304358
7 1070 156976
7 1071 146559
7 1072 304366
7 1073 146074
7 1074 411996
7 1075 305080
7 1076 411588
7 1077 146306
7 1078 304721
7 1079 145734
7 1080 145675
7 1081 156174
7 1082 146172
7 1083 596985
7 1084 156762
7 1085 596004
7 1086 144872
7 1087 154952
7 1088 146135
7 1089 304309
7 1090 155726
7 1091 304815
7 1092 146015
7 1093 598857
7 1094 145973
7 1095 304653
7 1096 595076
7 1097 299406
7 1098 156779
7 1099 600137
7 1100 156638
7 1101 304346
7 1102 595400
7 1103 299510
7 1104 145843
7 1105 156384
7 1106 146177
7 1107 597017
7 1108 156813
7 1109 595892
7 1110 145554
7 1111 156203
7 1112 145721
7 1113 145547
7 1114 156415
7 1115 145547
7 1116 146183
7 1117 598255
7 1118 145853
7 1119 145839
7 1120 596632
7 1121 146143
7 1122 156820
7 1123 597515
7 1124 156916
7 1125 146145
7 1126 596077
7 1127 145851
7 1128 145721
7 1129 156409
7 1130 146207
7 1131 304965
7 1132 156983
7 1133 304806
7 1134 144621
7 1135 154330
7 1136 144667
7 1137 144494
7 1138 154349
7 1139 144494
7 1140 146087
7 1141 304369
7 1142 145886
7 1143 145880
7 1144 304584
7 1145 145812
7 1146 156969
7 1147 304996
7 1148 156544
7 1149 145922
7 1150 304633
7 1151 145809
7 1152 145938
7 1153 598806
7 1154 145909
7 1155 304956
7 1156 595216
7 1157 299503
7 1158 146146
7 1159 598459
7 1160 145709
7 1161 145708
7 1162 598012
7 1163 146098
7 1164 146041
7 1165 305338
7 1166 145587
7 1167 145588
7 1168 305206
7 1169 146049
7 1170 593673
7 1171 299326
7 1172 595173
7 1173 145557
7 1174 302315
7 1175 145540
7 1176 156726
7 1177 600987
7 1178 156656
7 1179 304789
7 1180 597049
7 1181 300155
7 1182 157040
7 1183 600995
7 1184 156712
7 1185 146098
7 1186 599205
7 1187 146305
7 1188 157200
7 1189 305424
7 1190 156264
7 1191 146172
7 1192 305126
7 1193 145964
7 1194 593903
7 1195 299862
7 1196 595433
7 1197 145849
7 1198 302795
7 1199 145755
7 1200 145805
7 1201 414105
7 1202 145931
7 1203 600032
7 1204 409628
7 1205 599861
7 1206 145844
7 1207 412272
7 1208 145888
7 1209 304229
7 1210 412032
7 1211 304386
7 1212 145804
7 1213 599031
7 1214 144883
7 1215 304242
7 1216 596861
7 1217 299496
7 1218 407518
7 1219 597189
7 1220 407412
7 1221 298941
7 1222 596936
7 1223 298875
7 1224 146021
7 1225 414288
7 1226 146064
7 1227 600190
7 1228 409686
7 1229 599906
7 1230 146104
7 1231 414722
7 1232 145681
7 1233 145677
7 1234 414874
7 1235 146217
7 1236 146186
7 1237 599635
7 1238 145894
7 1239 145882
7 1240 599190
7 1241 146476
7 1242 409528
7 1243 599234
7 1244 412720
7 1245 145978
7 1246 599222
7 1247 146224
7 1248 146323
7 1249 413583
7 1250 146235
7 1251 305490
7 1252 415067
7 1253 305219
7 1254 145972
7 1255 411607
7 1256 145842
7 1257 145836
7 1258 411362
7 1259 145843
7 1260 146038
7 1261 305011
7 1262 145669
7 1263 145662
7 1264 304999
7 1265 146141
7 1266 415380
7 1267 305210
7 1268 414083
7 1269 146220
7 1270 304570
7 1271 146058
7 1272 145984
7 1273 598808
7 1274 145856
7 1275 305055
7 1276 595428
7 1277 299867
7 1278 146021
7 1279 597960
7 1280 145713
7 1281 145710
7 1282 597527
7 1283 146265
7 1284 145866
7 1285 304698
7 1286 144625
7 1287 144498
7 1288 304754
7 1289 145682
7 1290 593879
7 1291 299863
7 1292 595323
7 1293 145849
7 1294 302817
7 1295 145675
7 1296 405384
7 1297 596443
7 1298 405324
7 1299 299122
7 1300 595489
7 1301 299108
7 1302 405246
7 1303 597094
7 1304 408473
7 1305 145547
7 1306 596989
7 1307 145846
7 1308 409410
7 1309 302373
7 1310 407989
7 1311 145835
7 1312 302226
7 1313 145552
7 1314 593903
7 1315 299607
7 1316 595239
7 1317 145626
7 1318 302346
7 1319 145338
7 1320 155659
7 1321 408818
7 1322 155888
7 1323 597012
7 1324 408771
7 1325 595040
7 1326 155690
7 1327 408762
7 1328 156493
7 1329 298774
7 1330 409286
7 1331 303762
7 1332 156540
7 1333 598038
7 1334 154814
7 1335 303641
7 1336 595276
7 1337 298774
7 1338 407040
7 1339 596750
7 1340 406441
7 1341 298446
7 1342 594712
7 1343 297942
7 1344 155944
7 1345 409264
7 1346 156036
7 1347 597162
7 1348 409169
7 1349 596043
7 1350 156100
7 1351 412913
7 1352 156501
7 1353 145429
7 1354 412450
7 1355 145728
7 1356 156874
7 1357 599221
7 1358 156668
7 1359 145726
7 1360 597137
7 1361 145979
7 1362 409229
7 1363 597230
7 1364 412682
7 1365 145978
7 1366 596642
7 1367 145641
7 1368 156304
7 1369 413600
7 1370 156939
7 1371 303904
7 1372 414914
7 1373 305073
7 1374 155831
7 1375 412347
7 1376 156410
7 1377 145716
7 1378 412268
7 1379 145712
7 1380 157006
7 1381 302204
7 1382 156540
7 1383 146130
7 1384 301877
7 1385 145640
7 1386 415323
7 1387 305094
7 1388 413909
7 1389 145969
7 1390 304812
7 1391 146063
7 1392 156848
7 1393 600655
7 1394 156508
7 1395 304785
7 1396 596949
7 1397 299846
7 1398 156798
7 1399 600243
7 1400 156611
7 1401 146101
7 1402 599203
7 1403 146049
7 1404 156912
7 1405 305097
7 1406 154978
7 1407 145595
7 1408 305001
7 1409 146091
7 1410 593877
7 1411 299601
7 1412 595317
7 1413 145549
7 1414 302297
7 1415 145419
7 1416 405438
7 1417 596444
7 1418 405342
7 1419 299160
7 1420 595506
7 1421 299108
7 1422 405209
7 1423 597095
7 1424 408399
7 1425 145550
7 1426 596987
7 1427 145805
7 1428 409297
7 1429 302268
7 1430 407285
7 1431 145720
7 1432 302178
7 1433 145510
7 1434 593671
7 1435 299363
7 1436 594587
7 1437 145476
7 1438 301740
7 1439 144545
7 1440 198504
7 1441 311424
7 1442 198478
7 1443 571214
7 1444 311650
7 1445 565184
7 1446 198504
7 1447 311424
7 1448 199432
7 1449 459606
7 1450 311696
7 1451 464016
7 1452 199432
7 1453 571168
7 1454 198504
7 1455 464016
7 1456 565230
7 1457 459606
7 1458 311470
7 1459 571170
7 1460 311696
7 1461 459080
7 1462 565228
7 1463 459219
7 1464 199442
7 1465 313702
7 1466 199438
7 1467 573234
7 1468 313764
7 1469 571144
7 1470 200409
7 1471 322944
7 1472 200397
7 1473 208882
7 1474 322265
7 1475 210041
7 1476 202130
7 1477 580794
7 1478 200583
7 1479 209800
7 1480 573648
7 1481 210759
7 1482 316049
7 1483 579051
7 1484 322557
7 1485 210844
7 1486 573133
7 1487 209978
7 1488 200407
7 1489 321636
7 1490 201317
7 1491 474283
7 1492 322721
7 1493 474587
7 1494 200450
7 1495 322889
7 1496 200558
7 1497 209569
7 1498 322146
7 1499 209306
7 1500 201405
7 1501 475989
7 1502 200714
7 1503 210707
7 1504 475212
7 1505 209466
7 1506 322364
7 1507 478919
7 1508 322985
7 1509 210753
7 1510 476826
7 1511 210566
7 1512 201404
7 1513 579415
7 1514 201387
7 1515 476313
7 1516 573559
7 1517 471918
7 1518 202287
7 1519 579899
7 1520 200723
7 1521 210822
7 1522 577541
7 1523 210792
7 1524 201398
7 1525 477936
7 1526 200480
7 1527 209911
7 1528 477555
7 1529 210448
7 1530 566568
7 1531 472147
7 1532 571766
7 1533 209625
7 1534 476992
7 1535 209622
7 1536 313934
7 1537 574528
7 1538 314032
7 1539 469172
7 1540 573454
7 1541 468872
7 1542 315975
7 1543 580306
7 1544 322263
7 1545 209635
7 1546 577490
7 1547 210894
7 1548 321813
7 1549 477982
7 1550 322270
7 1551 210899
7 1552 476541
7 1553 209610
7 1554 566641
7 1555 472139
7 1556 571654
7 1557 209638
7 1558 476805
7 1559 209542
7 1560 198504
7 1561 311424
7 1562 198478
7 1563 571214
7 1564 311650
7 1565 565184
7 1566 198504
7 1567 311424
7 1568 199432
7 1569 459606
7 1570 311696
7 1571 464016
7 1572 199432
7 1573 571168
7 1574 198504
7 1575 464016
7 1576 565230
7 1577 459606
7 1578 311470
7 1579 571170
7 1580 311696
7 1581 459080
7 1582 565228
7 1583 459150
7 1584 199482
7 1585 313780
7 1586 199478
7 1587 573426
7 1588 313822
7 1589 572000
7 1590 199632
7 1591 322267
7 1592 199554
7 1593 198574
7 1594 321455
7 1595 198714
7 1596 201377
7 1597 580176
7 1598 199677
7 1599 198679
7 1600 572940
7 1601 199598
7 1602 315313
7 1603 579241
7 1604 321760
7 1605 199594
7 1606 572444
7 1607 198721
7 1608 200469
7 1609 321735
7 1610 201437
7 1611 470212
7 1612 322877
7 1613 470629
7 1614 199632
7 1615 322195
7 1616 199553
7 1617 198640
7 1618 321287
7 1619 198576
7 1620 200803
7 1621 470652
7 1622 199882
7 1623 199636
7 1624 469165
7 1625 198756
7 1626 321826
7 1627 473121
7 1628 322302
7 1629 199634
7 1630 470197
7 1631 199644
7 1632 200777
7 1633 578946
7 1634 200644
7 1635 470596
7 1636 573098
7 1637 466142
7 1638 201581
7 1639 580224
7 1640 199883
7 1641 199641
7 1642 577667
7 1643 199632
7 1644 200647
7 1645 471531
7 1646 199688
7 1647 198716
7 1648 470156
7 1649 199639
7 1650 565861
7 1651 464603
7 1652 571960
7 1653 198762
7 1654 469287
7 1655 198762
7 1656 313328
7 1657 573924
7 1658 313348
7 1659 463268
7 1660 572658
7 1661 462896
7 1662 315309
7 1663 580555
7 1664 321528
7 1665 198753
7 1666 577753
7 1667 199644
7 1668 321131
7 1669 472033
7 1670 321525
7 1671 199642
7 1672 469193
7 1673 198736
7 1674 565915
7 1675 464517
7 1676 571910
7 1677 198762
7 1678 469126
7 1679 198719
7 1680 199616
7 1681 314223
7 1682 199615
7 1683 573680
7 1684 314257
7 1685 572559
7 1686 200520
7 1687 323320
7 1688 201329
7 1689 210054
7 1690 323481
7 1691 210982
7 1692 202258
7 1693 581032
7 1694 201485
7 1695 210827
7 1696 573810
7 1697 211014
7 1698 316572
7 1699 580256
7 1700 323524
7 1701 211092
7 1702 573855
7 1703 210915
7 1704 199598
7 1705 314173
7 1706 199597
7 1707 573680
7 1708 314207
7 1709 572408
7 1710 200502
7 1711 323340
7 1712 200560
7 1713 199585
7 1714 322676
7 1715 199657
7 1716 201529
7 1717 580906
7 1718 200629
7 1719 199653
7 1720 573668
7 1721 199857
7 1722 315752
7 1723 579451
7 1724 322746
7 1725 199858
7 1726 573559
7 1727 199663
7 1728 199721
7 1729 324328
7 1730 200543
7 1731 209920
7 1732 324802
7 1733 211026
7 1734 199721
7 1735 324296
7 1736 200525
7 1737 199686
7 1738 323952
7 1739 199758
7 1740 199621
7 1741 208174
7 1742 199621
7 1743 199532
7 1744 207161
7 1745 198504
7 1746 324498
7 1747 212314
7 1748 324534
7 1749 201468
7 1750 210385
7 1751 199559
7 1752 202661
7 1753 581476
7 1754 202488
7 1755 212879
7 1756 580002
7 1757 213063
7 1758 202730
7 1759 581476
7 1760 202370
7 1761 202194
7 1762 580026
7 1763 202382
7 1764 200698
7 1765 211241
7 1766 200698
7 1767 200614
7 1768 210186
7 1769 199580
7 1770 572850
7 1771 212235
7 1772 572850
7 1773 201626
7 1774 211116
7 1775 200535
7 1776 316865
7 1777 582282
7 1778 324764
7 1779 212549
7 1780 580484
7 1781 212397
7 1782 316918
7 1783 582297
7 1784 324726
7 1785 201756
7 1786 580260
7 1787 201609
7 1788 324515
7 1789 213114
7 1790 324439
7 1791 202397
7 1792 211238
7 1793 200487
7 1794 573476
7 1795 212422
7 1796 573476
7 1797 201703
7 1798 210427
7 1799 199676
7 1800 200700
7 1801 324152
7 1802 202350
7 1803 477106
7 1804 325171
7 1805 476892
7 1806 201446
7 1807 324458
7 1808 202375
7 1809 211217
7 1810 325205
7 1811 211831
7 1812 201650
7 1813 472861
7 1814 202402
7 1815 212117
7 1816 477410
7 1817 211637
7 1818 324282
7 1819 479094
7 1820 325199
7 1821 212253
7 1822 478143
7 1823 211948
7 1824 201440
7 1825 324858
7 1826 202422
7 1827 477549
7 1828 325209
7 1829 477210
7 1830 200597
7 1831 324317
7 1832 201317
7 1833 200415
7 1834 324867
7 1835 200544
7 1836 202541
7 1837 480280
7 1838 201475
7 1839 201299
7 1840 479139
7 1841 201440
7 1842 325153
7 1843 479922
7 1844 325104
7 1845 201481
7 1846 479158
7 1847 201522
7 1848 200718
7 1849 325162
7 1850 201595
7 1851 211181
7 1852 325050
7 1853 211002
7 1854 200680
7 1855 324451
7 1856 201495
7 1857 200598
7 1858 324020
7 1859 200599
7 1860 200675
7 1861 210250
7 1862 200675
7 1863 200590
7 1864 209644
7 1865 199604
7 1866 324587
7 1867 211956
7 1868 324477
7 1869 201580
7 1870 209627
7 1871 199630
7 1872 200778
7 1873 477268
7 1874 201613
7 1875 211691
7 1876 471405
7 1877 210938
7 1878 201567
7 1879 478793
7 1880 200680
7 1881 200760
7 1882 479178
7 1883 200534
7 1884 200754
7 1885 211010
7 1886 200716
7 1887 200752
7 1888 210461
7 1889 200512
7 1890 469421
7 1891 209894
7 1892 475736
7 1893 199514
7 1894 209224
7 1895 199582
7 1896 323106
7 1897 481089
7 1898 324387
7 1899 212350
7 1900 479549
7 1901 212876
7 1902 323965
7 1903 481945
7 1904 324342
7 1905 201464
7 1906 482751
7 1907 202390
7 1908 324664
7 1909 212226
7 1910 324009
7 1911 202450
7 1912 210622
7 1913 200510
7 1914 475025
7 1915 211248
7 1916 478050
7 1917 200592
7 1918 211002
7 1919 200558
7 1920 201644
7 1921 581211
7 1922 201730
7 1923 477966
7 1924 575216
7 1925 473698
7 1926 202537
7 1927 582036
7 1928 201826
7 1929 212230
7 1930 581883
7 1931 213023
7 1932 202521
7 1933 481155
7 1934 201799
7 1935 212156
7 1936 481778
7 1937 212687
7 1938 573642
7 1939 474342
7 1940 579510
7 1941 211810
7 1942 482159
7 1943 211799
7 1944 201770
7 1945 581424
7 1946 201747
7 1947 478051
7 1948 575216
7 1949 473706
7 1950 202572
7 1951 582184
7 1952 201578
7 1953 201542
7 1954 582066
7 1955 202386
7 1956 202525
7 1957 481020
7 1958 201687
7 1959 201516
7 1960 481095
7 1961 202352
7 1962 573852
7 1963 473732
7 1964 580073
7 1965 201427
7 1966 480263
7 1967 201498
7 1968 202724
7 1969 582482
7 1970 202539
7 1971 213057
7 1972 581806
7 1973 213097
7 1974 202720
7 1975 581735
7 1976 202475
7 1977 202383
7 1978 580896
7 1979 202476
7 1980 200763
7 1981 211394
7 1982 200763
7 1983 200800
7 1984 211163
7 1985 200582
7 1986 579785
7 1987 213045
7 1988 579713
7 1989 202452
7 1990 211093
7 1991 200512
7 1992 201742
7 1993 479925
7 1994 201711
7 1995 212162
7 1996 479302
7 1997 212044
7 1998 201898
7 1999 480224
7 2000 201523
7 2001 201476
7 2002 480788
7 2003 201704
7 2004 200787
7 2005 211265
7 2006 200768
7 2007 200687
7 2008 210305
7 2009 199724
7 2010 476581
7 2011 211020
7 2012 478511
7 2013 200659
7 2014 210832
7 2015 200558
7 2016 566372
7 2017 472782
7 2018 572179
7 2019 210943
7 2020 480125
7 2021 210908
7 2022 566570
7 2023 472813
7 2024 572802
7 2025 200584
7 2026 479513
7 2027 200697
7 2028 573644
7 2029 211780
7 2030 572904
7 2031 201534
7 2032 209950
7 2033 199676
7 2034 478540
7 2035 210867
7 2036 478944
7 2037 200568
7 2038 209950
7 2039 199676
7 2040 314251
7 2041 575132
7 2042 314347
7 2043 470145
7 2044 574918
7 2045 469805
7 2046 316374
7 2047 581006
7 2048 323782
7 2049 211073
7 2050 580266
7 2051 211559
7 2052 323256
7 2053 479221
7 2054 323726
7 2055 211561
7 2056 479168
7 2057 211128
7 2058 574010
7 2059 474088
7 2060 579110
7 2061 211137
7 2062 479909
7 2063 211037
7 2064 314396
7 2065 575238
7 2066 314383
7 2067 470179
7 2068 574918
7 2069 469833
7 2070 316429
7 2071 581891
7 2072 323673
7 2073 200503
7 2074 581020
7 2075 200796
7 2076 323283
7 2077 479282
7 2078 323659
7 2079 200750
7 2080 478200
7 2081 200683
7 2082 574016
7 2083 472982
7 2084 580086
7 2085 200684
7 2086 478112
7 2087 200645
7 2088 316826
7 2089 582869
7 2090 324639
7 2091 212263
7 2092 582289
7 2093 212479
7 2094 316788
7 2095 582118
7 2096 324656
7 2097 201516
7 2098 581407
7 2099 201716
7 2100 324221
7 2101 211997
7 2102 324185
7 2103 201636
7 2104 209999
7 2105 199604
7 2106 579872
7 2107 213162
7 2108 579800
7 2109 202444
7 2110 211286
7 2111 200559
7 2112 323988
7 2113 482079
7 2114 324442
7 2115 213257
7 2116 479143
7 2117 212788
7 2118 324162
7 2119 482387
7 2120 324285
7 2121 202370
7 2122 482539
7 2123 202268
7 2124 324283
7 2125 212468
7 2126 324096
7 2127 201765
7 2128 211333
7 2129 200606
7 2130 476291
7 2131 211022
7 2132 478293
7 2133 200518
7 2134 210045
7 2135 199650
7 2136 566760
7 2137 472884
7 2138 572349
7 2139 211169
7 2140 479676
7 2141 211132
7 2142 566798
7 2143 472884
7 2144 573202
7 2145 200696
7 2146 479572
7 2147 200784
7 2148 573772
7 2149 211964
7 2150 572994
7 2151 201579
7 2152 210071
7 2153 199676
7 2154 478129
7 2155 211006
7 2156 478497
7 2157 200588
7 2158 210047
7 2159 199652
7 2160 108352
7 2161 175242
7 2162 108350
7 2163 224116
7 2164 175255
7 2165 223456
7 2166 110915
7 2167 180910
7 2168 113907
7 2169 178454
7 2170 180509
7 2171 179374
7 2172 113553
7 2173 232500
7 2174 113892
7 2175 179380
7 2176 230933
7 2177 179065
7 2178 176817
7 2179 230532
7 2180 180555
7 2181 178975
7 2182 230914
7 2183 179038
7 2184 109399
7 2185 176289
7 2186 109397
7 2187 228789
7 2188 176306
7 2189 228006
7 2190 111287
7 2191 182080
7 2192 114120
7 2193 108299
7 2194 181480
7 2195 108665
7 2196 113871
7 2197 233919
7 2198 114133
7 2199 108553
7 2200 231646
7 2201 108666
7 2202 177156
7 2203 231556
7 2204 181555
7 2205 108676
7 2206 231684
7 2207 108627
7 2208 110226
7 2209 181070
7 2210 113779
7 2211 180502
7 2212 181581
7 2213 180982
7 2214 111111
7 2215 181145
7 2216 114823
7 2217 109436
7 2218 181382
7 2219 109546
7 2220 113976
7 2221 180679
7 2222 114144
7 2223 109789
7 2224 180504
7 2225 108251
7 2226 181433
7 2227 182261
7 2228 181488
7 2229 110473
7 2230 181236
7 2231 108422
7 2232 112774
7 2233 230525
7 2234 114667
7 2235 181056
7 2236 229374
7 2237 180655
7 2238 113848
7 2239 233816
7 2240 114793
7 2241 110168
7 2242 234383
7 2243 110090
7 2244 114052
7 2245 181191
7 2246 114058
7 2247 109753
7 2248 181055
7 2249 108317
7 2250 229503
7 2251 181379
7 2252 231284
7 2253 109605
7 2254 180730
7 2255 108310
7 2256 176337
7 2257 229647
7 2258 181212
7 2259 181112
7 2260 232702
7 2261 181259
7 2262 177122
7 2263 231858
7 2264 182149
7 2265 109591
7 2266 234011
7 2267 109749
7 2268 181392
7 2269 181731
7 2270 180748
7 2271 110420
7 2272 180707
7 2273 108309
7 2274 229513
7 2275 181432
7 2276 231275
7 2277 109638
7 2278 180660
7 2279 108266
7 2280 109403
7 2281 176293
7 2282 109401
7 2283 228833
7 2284 176306
7 2285 228134
7 2286 111047
7 2287 181049
7 2288 114003
7 2289 178975
7 2290 180573
7 2291 179554
7 2292 113747
7 2293 233713
7 2294 113844
7 2295 179418
7 2296 231131
7 2297 179041
7 2298 177029
7 2299 231710
7 2300 180523
7 2301 179074
7 2302 231103
7 2303 178894
7 2304 108460
7 2305 175521
7 2306 108460
7 2307 224235
7 2308 175528
7 2309 223877
7 2310 110247
7 2311 181357
7 2312 113020
7 2313 96863
7 2314 180636
7 2315 96876
7 2316 112921
7 2317 229332
7 2318 113026
7 2319 96872
7 2320 227097
7 2321 96971
7 2322 176293
7 2323 227400
7 2324 180656
7 2325 96968
7 2326 227090
7 2327 96875
7 2328 111327
7 2329 182139
7 2330 114936
7 2331 181298
7 2332 182374
7 2333 181440
7 2334 110236
7 2335 181175
7 2336 113794
7 2337 97799
7 2338 181148
7 2339 97802
7 2340 114234
7 2341 180583
7 2342 113911
7 2343 98852
7 2344 179672
7 2345 98028
7 2346 181592
7 2347 182190
7 2348 181485
7 2349 99509
7 2350 180478
7 2351 98154
7 2352 113947
7 2353 234030
7 2354 114906
7 2355 181564
7 2356 234172
7 2357 181608
7 2358 113754
7 2359 231643
7 2360 113860
7 2361 98565
7 2362 232093
7 2363 98611
7 2364 114225
7 2365 180648
7 2366 113916
7 2367 98748
7 2368 179704
7 2369 98064
7 2370 231252
7 2371 181098
7 2372 231097
7 2373 98778
7 2374 180500
7 2375 98076
7 2376 177170
7 2377 231974
7 2378 181397
7 2379 181133
7 2380 234082
7 2381 180998
7 2382 177071
7 2383 230380
7 2384 181762
7 2385 98610
7 2386 232307
7 2387 98720
7 2388 181627
7 2389 182000
7 2390 181393
7 2391 99476
7 2392 180585
7 2393 98074
7 2394 231328
7 2395 181155
7 2396 231072
7 2397 98819
7 2398 180500
7 2399 98005
7 2400 108459
7 2401 175520
7 2402 108459
7 2403 224212
7 2404 175529
7 2405 223842
7 2406 110291
7 2407 181213
7 2408 113257
7 2409 107687
7 2410 180633
7 2411 107781
7 2412 112928
7 2413 229339
7 2414 113165
7 2415 107694
7 2416 227120
7 2417 107753
7 2418 176373
7 2419 227514
7 2420 180610
7 2421 107749
7 2422 227030
7 2423 107659
7 2424 108331
7 2425 175221
7 2426 108329
7 2427 223914
7 2428 175255
7 2429 222732
7 2430 110215
7 2431 181148
7 2432 113003
7 2433 96849
7 2434 180521
7 2435 96857
7 2436 112796
7 2437 229066
7 2438 112996
7 2439 96849
7 2440 226883
7 2441 96970
7 2442 176037
7 2443 226227
7 2444 180556
7 2445 96970
7 2446 226790
7 2447 96852
7 2448 110171
7 2449 181106
7 2450 113881
7 2451 108644
7 2452 181373
7 2453 108745
7 2454 110164
7 2455 181049
7 2456 113878
7 2457 97900
7 2458 181108
7 2459 97903
7 2460 112989
7 2461 108400
7 2462 112985
7 2463 97947
7 2464 107350
7 2465 96849
7 2466 180516
7 2467 109484
7 2468 180552
7 2469 98726
7 2470 107681
7 2471 96941
7 2472 112870
7 2473 229293
7 2474 113960
7 2475 109310
7 2476 229858
7 2477 109441
7 2478 112997
7 2479 229236
7 2480 113870
7 2481 98589
7 2482 229775
7 2483 98704
7 2484 112996
7 2485 108424
7 2486 112906
7 2487 97940
7 2488 107370
7 2489 96846
7 2490 226907
7 2491 108791
7 2492 226944
7 2493 98052
7 2494 107731
7 2495 97047
7 2496 176273
7 2497 227607
7 2498 181400
7 2499 108868
7 2500 229854
7 2501 108777
7 2502 176349
7 2503 227515
7 2504 181310
7 2505 98131
7 2506 228692
7 2507 97995
7 2508 180623
7 2509 109532
7 2510 180471
7 2511 98828
7 2512 107745
7 2513 97049
7 2514 226903
7 2515 108772
7 2516 226967
7 2517 98048
7 2518 107611
7 2519 96943
7 2520 110093
7 2521 180452
7 2522 114729
7 2523 180342
7 2524 181662
7 2525 180534
7 2526 111239
7 2527 181597
7 2528 115059
7 2529 109602
7 2530 181897
7 2531 109721
7 2532 113852
7 2533 178119
7 2534 114844
7 2535 110304
7 2536 180931
7 2537 109261
7 2538 181148
7 2539 182041
7 2540 181924
7 2541 110692
7 2542 181540
7 2543 109369
7 2544 111230
7 2545 181497
7 2546 114803
7 2547 180380
7 2548 181727
7 2549 180381
7 2550 110147
7 2551 181116
7 2552 113820
7 2553 97834
7 2554 181191
7 2555 97836
7 2556 114951
7 2557 181228
7 2558 113797
7 2559 98747
7 2560 181021
7 2561 98888
7 2562 181897
7 2563 182241
7 2564 181745
7 2565 99493
7 2566 181575
7 2567 98935
7 2568 110158
7 2569 181144
7 2570 113966
7 2571 108679
7 2572 181437
7 2573 108658
7 2574 109972
7 2575 180004
7 2576 113697
7 2577 97787
7 2578 180157
7 2579 97788
7 2580 113768
7 2581 109188
7 2582 113721
7 2583 98716
7 2584 108422
7 2585 97827
7 2586 181306
7 2587 109606
7 2588 181097
7 2589 98812
7 2590 108575
7 2591 97877
7 2592 112862
7 2593 179506
7 2594 114020
7 2595 109528
7 2596 177283
7 2597 108877
7 2598 114015
7 2599 179851
7 2600 112844
7 2601 97829
7 2602 180458
7 2603 97933
7 2604 112927
7 2605 108512
7 2606 112717
7 2607 97826
7 2608 108331
7 2609 97818
7 2610 175270
7 2611 107793
7 2612 178405
7 2613 96773
7 2614 106744
7 2615 96774
7 2616 180286
7 2617 181479
7 2618 181136
7 2619 110503
7 2620 181821
7 2621 110109
7 2622 181130
7 2623 181576
7 2624 181001
7 2625 99392
7 2626 182607
7 2627 99615
7 2628 181025
7 2629 110235
7 2630 180241
7 2631 99556
7 2632 110005
7 2633 99298
7 2634 178942
7 2635 108355
7 2636 180189
7 2637 97770
7 2638 107995
7 2639 97770
7 2640 112698
7 2641 229819
7 2642 114263
7 2643 180171
7 2644 232230
7 2645 180952
7 2646 113853
7 2647 233308
7 2648 114992
7 2649 110094
7 2650 234159
7 2651 110421
7 2652 114774
7 2653 181070
7 2654 114511
7 2655 110555
7 2656 181463
7 2657 109923
7 2658 229097
7 2659 180706
7 2660 233947
7 2661 110180
7 2662 181565
7 2663 109915
7 2664 113850
7 2665 233319
7 2666 114320
7 2667 180975
7 2668 233704
7 2669 180503
7 2670 113708
7 2671 231366
7 2672 113835
7 2673 98546
7 2674 231977
7 2675 99246
7 2676 115014
7 2677 181320
7 2678 114685
7 2679 99484
7 2680 181270
7 2681 99600
7 2682 234110
7 2683 181640
7 2684 232597
7 2685 98737
7 2686 181219
7 2687 99602
7 2688 113627
7 2689 231390
7 2690 114643
7 2691 110156
7 2692 232252
7 2693 110052
7 2694 113535
7 2695 230755
7 2696 114578
7 2697 99363
7 2698 231523
7 2699 99403
7 2700 113694
7 2701 109204
7 2702 113685
7 2703 98713
7 2704 109006
7 2705 98473
7 2706 231865
7 2707 110242
7 2708 231806
7 2709 99593
7 2710 109008
7 2711 98492
7 2712 113779
7 2713 180775
7 2714 114253
7 2715 109872
7 2716 180194
7 2717 109316
7 2718 114238
7 2719 180918
7 2720 113784
7 2721 98739
7 2722 181766
7 2723 98921
7 2724 113799
7 2725 109447
7 2726 113105
7 2727 98652
7 2728 109327
7 2729 98652
7 2730 178040
7 2731 108189
7 2732 179752
7 2733 97722
7 2734 107837
7 2735 97722
7 2736 226492
7 2737 179385
7 2738 230955
7 2739 109334
7 2740 180215
7 2741 109216
7 2742 230958
7 2743 179370
7 2744 229807
7 2745 97841
7 2746 180565
7 2747 98856
7 2748 229807
7 2749 109177
7 2750 229293
7 2751 98789
7 2752 108278
7 2753 97800
7 2754 178309
7 2755 108222
7 2756 179893
7 2757 97830
7 2758 107945
7 2759 97830
7 2760 176268
7 2761 229529
7 2762 181254
7 2763 180245
7 2764 233768
7 2765 180542
7 2766 177068
7 2767 231823
7 2768 182260
7 2769 109629
7 2770 234109
7 2771 109736
7 2772 182101
7 2773 181733
7 2774 181548
7 2775 110605
7 2776 181547
7 2777 109372
7 2778 231959
7 2779 182009
7 2780 234211
7 2781 110560
7 2782 181658
7 2783 109349
7 2784 177095
7 2785 231883
7 2786 181321
7 2787 180613
7 2788 234237
7 2789 180430
7 2790 177025
7 2791 230385
7 2792 181746
7 2793 98628
7 2794 232476
7 2795 98800
7 2796 182309
7 2797 182222
7 2798 182119
7 2799 99634
7 2800 181454
7 2801 99089
7 2802 234294
7 2803 182204
7 2804 233186
7 2805 99687
7 2806 181846
7 2807 99112
7 2808 176933
7 2809 230365
7 2810 182108
7 2811 109677
7 2812 232693
7 2813 109611
7 2814 176759
7 2815 229716
7 2816 182045
7 2817 98926
7 2818 232138
7 2819 98841
7 2820 181531
7 2821 110288
7 2822 181474
7 2823 99728
7 2824 109152
7 2825 98580
7 2826 232172
7 2827 110448
7 2828 232145
7 2829 99657
7 2830 109365
7 2831 98681
7 2832 181041
7 2833 181579
7 2834 181558
7 2835 110560
7 2836 181297
7 2837 110122
7 2838 181465
7 2839 181588
7 2840 181259
7 2841 99540
7 2842 182559
7 2843 99555
7 2844 181286
7 2845 110260
7 2846 180253
7 2847 99550
7 2848 110054
7 2849 99365
7 2850 178909
7 2851 108338
7 2852 180203
7 2853 97840
7 2854 108035
7 2855 97840
7 2856 228370
7 2857 180441
7 2858 231189
7 2859 109724
7 2860 181234
7 2861 109379
7 2862 231205
7 2863 180363
7 2864 230441
7 2865 98675
7 2866 181535
7 2867 99071
7 2868 230432
7 2869 109669
7 2870 229901
7 2871 99051
7 2872 109265
7 2873 98631
7 2874 179213
7 2875 108327
7 2876 180317
7 2877 97944
7 2878 108139
7 2879 97944
7 2880 40961
7 2881 51702
7 2882 41167
7 2883 194077
7 2884 51879
7 2885 194052
7 2886 41033
7 2887 51774
7 2888 41243
7 2889 123336
7 2890 51953
7 2891 123534
7 2892 41181
7 2893 195010
7 2894 41183
7 2895 123617
7 2896 194193
7 2897 122465
7 2898 51889
7 2899 195042
7 2900 51898
7 2901 123487
7 2902 194193
7 2903 122461
7 2904 41031
7 2905 51773
7 2906 41170
7 2907 194115
7 2908 51888
7 2909 193969
7 2910 41102
7 2911 51919
7 2912 41249
7 2913 51880
7 2914 52033
7 2915 51901
7 2916 41310
7 2917 195676
7 2918 41312
7 2919 52021
7 2920 195355
7 2921 51899
7 2922 52028
7 2923 195421
7 2924 52105
7 2925 52034
7 2926 195338
7 2927 51892
7 2928 41100
7 2929 51918
7 2930 41308
7 2931 124592
7 2932 52096
7 2933 124603
7 2934 41032
7 2935 51774
7 2936 41249
7 2937 51891
7 2938 51957
7 2939 51893
7 2940 41250
7 2941 124653
7 2942 41246
7 2943 52090
7 2944 124669
7 2945 51443
7 2946 52038
7 2947 124798
7 2948 52028
7 2949 52088
7 2950 124806
7 2951 51452
7 2952 41105
7 2953 195039
7 2954 41178
7 2955 124475
7 2956 194537
7 2957 123357
7 2958 41181
7 2959 195147
7 2960 41178
7 2961 52031
7 2962 195561
7 2963 52018
7 2964 41182
7 2965 124656
7 2966 41170
7 2967 52034
7 2968 124774
7 2969 51514
7 2970 193944
7 2971 123511
7 2972 194123
7 2973 51318
7 2974 123557
7 2975 51318
7 2976 51816
7 2977 195181
7 2978 51893
7 2979 124336
7 2980 194941
7 2981 123558
7 2982 51895
7 2983 195190
7 2984 51971
7 2985 52028
7 2986 195584
7 2987 52025
7 2988 51973
7 2989 124524
7 2990 51894
7 2991 52039
7 2992 124645
7 2993 51511
7 2994 193942
7 2995 123522
7 2996 194121
7 2997 51318
7 2998 123558
7 2999 51311
7 3000 41033
7 3001 51770
7 3002 41174
7 3003 194115
7 3004 51883
7 3005 194087
7 3006 41034
7 3007 51771
7 3008 41247
7 3009 123464
7 3010 51951
7 3011 123604
7 3012 41182
7 3013 195077
7 3014 41176
7 3015 123583
7 3016 194201
7 3017 122448
7 3018 51885
7 3019 195116
7 3020 51886
7 3021 123485
7 3022 194199
7 3023 122417
7 3024 41098
7 3025 51836
7 3026 41173
7 3027 194113
7 3028 51885
7 3029 193966
7 3030 40965
7 3031 51781
7 3032 41102
7 3033 41035
7 3034 51886
7 3035 41038
7 3036 41256
7 3037 195147
7 3038 41237
7 3039 41232
7 3040 194711
7 3041 41188
7 3042 51966
7 3043 195012
7 3044 52027
7 3045 41243
7 3046 194694
7 3047 41178
7 3048 41096
7 3049 51909
7 3050 41306
7 3051 124524
7 3052 52089
7 3053 124535
7 3054 41097
7 3055 51911
7 3056 41172
7 3057 41102
7 3058 51953
7 3059 41102
7 3060 41309
7 3061 124517
7 3062 41304
7 3063 41304
7 3064 124498
7 3065 41243
7 3066 52092
7 3067 124728
7 3068 52092
7 3069 41309
7 3070 124695
7 3071 41247
7 3072 41248
7 3073 195676
7 3074 41245
7 3075 124572
7 3076 195144
7 3077 123557
7 3078 41309
7 3079 195674
7 3080 41172
7 3081 41178
7 3082 195615
7 3083 41241
7 3084 41305
7 3085 124698
7 3086 41238
7 3087 41237
7 3088 124602
7 3089 41308
7 3090 194813
7 3091 123595
7 3092 195100
7 3093 41177
7 3094 124581
7 3095 41184
7 3096 51956
7 3097 195760
7 3098 51959
7 3099 124535
7 3100 195143
7 3101 123533
7 3102 52020
7 3103 195692
7 3104 51992
7 3105 41183
7 3106 195637
7 3107 41311
7 3108 52095
7 3109 124685
7 3110 52032
7 3111 41256
7 3112 124664
7 3113 41306
7 3114 194812
7 3115 123600
7 3116 195095
7 3117 41179
7 3118 124557
7 3119 41178
7 3120 41098
7 3121 51843
7 3122 41170
7 3123 194113
7 3124 51895
7 3125 193882
7 3126 41096
7 3127 51838
7 3128 41308
7 3129 51891
7 3130 51977
7 3131 51937
7 3132 41313
7 3133 195638
7 3134 41241
7 3135 51994
7 3136 195279
7 3137 51896
7 3138 52031
7 3139 195415
7 3140 51989
7 3141 52000
7 3142 195227
7 3143 51819
7 3144 41031
7 3145 51690
7 3146 41096
7 3147 194049
7 3148 51765
7 3149 193504
7 3150 41094
7 3151 51831
7 3152 41170
7 3153 41100
7 3154 51911
7 3155 41102
7 3156 41180
7 3157 195109
7 3158 41178
7 3159 41169
7 3160 194673
7 3161 41178
7 3162 51848
7 3163 194515
7 3164 51957
7 3165 41242
7 3166 194566
7 3167 41108
7 3168 40961
7 3169 51700
7 3170 41174
7 3171 51827
7 3172 51924
7 3173 51836
7 3174 40960
7 3175 51699
7 3176 41101
7 3177 41034
7 3178 51766
7 3179 41034
7 3180 41101
7 3181 51909
7 3182 41101
7 3183 41168
7 3184 51805
7 3185 41031
7 3186 51851
7 3187 51976
7 3188 51881
7 3189 41177
7 3190 51858
7 3191 41035
7 3192 41243
7 3193 195108
7 3194 41243
7 3195 52057
7 3196 195484
7 3197 52027
7 3198 41245
7 3199 195112
7 3200 41232
7 3201 41240
7 3202 195514
7 3203 41313
7 3204 41100
7 3205 51953
7 3206 41096
7 3207 41166
7 3208 51911
7 3209 41096
7 3210 194502
7 3211 51952
7 3212 194543
7 3213 41240
7 3214 51903
7 3215 41164
7 3216 51958
7 3217 195083
7 3218 51988
7 3219 52069
7 3220 195463
7 3221 51961
7 3222 51946
7 3223 195085
7 3224 51983
7 3225 41311
7 3226 195041
7 3227 41247
7 3228 51954
7 3229 52055
7 3230 51877
7 3231 41306
7 3232 51943
7 3233 41165
7 3234 194490
7 3235 51949
7 3236 194531
7 3237 41237
7 3238 51841
7 3239 41101
7 3240 40964
7 3241 51784
7 3242 41184
7 3243 123548
7 3244 51970
7 3245 123544
7 3246 41031
7 3247 51851
7 3248 41243
7 3249 51860
7 3250 52029
7 3251 51869
7 3252 41178
7 3253 124406
7 3254 41188
7 3255 52029
7 3256 124698
7 3257 51390
7 3258 51971
7 3259 124646
7 3260 51978
7 3261 52031
7 3262 124637
7 3263 51382
7 3264 41033
7 3265 51844
7 3266 41178
7 3267 123514
7 3268 51958
7 3269 123510
7 3270 40960
7 3271 51774
7 3272 41103
7 3273 41036
7 3274 51886
7 3275 41036
7 3276 41245
7 3277 124605
7 3278 41234
7 3279 41236
7 3280 124653
7 3281 41184
7 3282 52029
7 3283 124616
7 3284 52023
7 3285 41246
7 3286 124649
7 3287 41177
7 3288 40959
7 3289 51785
7 3290 41171
7 3291 51830
7 3292 51966
7 3293 51824
7 3294 40884
7 3295 51049
7 3296 41027
7 3297 40960
7 3298 51158
7 3299 40960
7 3300 41038
7 3301 51884
7 3302 41036
7 3303 41101
7 3304 51780
7 3305 40964
7 3306 51829
7 3307 51960
7 3308 51640
7 3309 41102
7 3310 51781
7 3311 40964
7 3312 41031
7 3313 123616
7 3314 41044
7 3315 51901
7 3316 124340
7 3317 51381
7 3318 41044
7 3319 123631
7 3320 41032
7 3321 41105
7 3322 124674
7 3323 41170
7 3324 41032
7 3325 51893
7 3326 41029
7 3327 41103
7 3328 51916
7 3329 41098
7 3330 123325
7 3331 51207
7 3332 123568
7 3333 40959
7 3334 51203
7 3335 40959
7 3336 51822
7 3337 123674
7 3338 51831
7 3339 51965
7 3340 124565
7 3341 51454
7 3342 51828
7 3343 123679
7 3344 51821
7 3345 41179
7 3346 124713
7 3347 41237
7 3348 51830
7 3349 51962
7 3350 51667
7 3351 41178
7 3352 51915
7 3353 41101
7 3354 123349
7 3355 51209
7 3356 123564
7 3357 40960
7 3358 51205
7 3359 40960
7 3360 40960
7 3361 194017
7 3362 41036
7 3363 123424
7 3364 194036
7 3365 122443
7 3366 41034
7 3367 194151
7 3368 41102
7 3369 51899
7 3370 195117
7 3371 51894
7 3372 41102
7 3373 124459
7 3374 41038
7 3375 51900
7 3376 124626
7 3377 51450
7 3378 193473
7 3379 123222
7 3380 194020
7 3381 51307
7 3382 123475
7 3383 51306
7 3384 41036
7 3385 194151
7 3386 41037
7 3387 123499
7 3388 194142
7 3389 122380
7 3390 41101
7 3391 194147
7 3392 40961
7 3393 41034
7 3394 194613
7 3395 41176
7 3396 41100
7 3397 124392
7 3398 41098
7 3399 41109
7 3400 124580
7 3401 41247
7 3402 194574
7 3403 123422
7 3404 194857
7 3405 41102
7 3406 124257
7 3407 41175
7 3408 41101
7 3409 194149
7 3410 41100
7 3411 51931
7 3412 195112
7 3413 51893
7 3414 41038
7 3415 194120
7 3416 41098
7 3417 41109
7 3418 194613
7 3419 41182
7 3420 40957
7 3421 51820
7 3422 40959
7 3423 41031
7 3424 51854
7 3425 41034
7 3426 194473
7 3427 51949
7 3428 194477
7 3429 41235
7 3430 51835
7 3431 41095
7 3432 40962
7 3433 123497
7 3434 41032
7 3435 51863
7 3436 124430
7 3437 51384
7 3438 41032
7 3439 123554
7 3440 40961
7 3441 41036
7 3442 124597
7 3443 41174
7 3444 40962
7 3445 51825
7 3446 40955
7 3447 41029
7 3448 51856
7 3449 41033
7 3450 123334
7 3451 51275
7 3452 123602
7 3453 41024
7 3454 51269
7 3455 41024
7 3456 192453
7 3457 122168
7 3458 192970
7 3459 51154
7 3460 123143
7 3461 51121
7 3462 192999
7 3463 122166
7 3464 193282
7 3465 40883
7 3466 123145
7 3467 41020
7 3468 193280
7 3469 51153
7 3470 192997
7 3471 41020
7 3472 51048
7 3473 40883
7 3474 122098
7 3475 51086
7 3476 123212
7 3477 40883
7 3478 51049
7 3479 40884
7 3480 51669
7 3481 194687
7 3482 51749
7 3483 123288
7 3484 194702
7 3485 122523
7 3486 51746
7 3487 194762
7 3488 51895
7 3489 51953
7 3490 195648
7 3491 51953
7 3492 51896
7 3493 124259
7 3494 51755
7 3495 51959
7 3496 124610
7 3497 51505
7 3498 194282
7 3499 123493
7 3500 194522
7 3501 51383
7 3502 123613
7 3503 51374
7 3504 51748
7 3505 194764
7 3506 51751
7 3507 123424
7 3508 194750
7 3509 122515
7 3510 51812
7 3511 194765
7 3512 51785
7 3513 41099
7 3514 195175
7 3515 41243
7 3516 51892
7 3517 124327
7 3518 51893
7 3519 41181
7 3520 124444
7 3521 41305
7 3522 195066
7 3523 123533
7 3524 195352
7 3525 41237
7 3526 124491
7 3527 41241
7 3528 51817
7 3529 194765
7 3530 51883
7 3531 51990
7 3532 195642
7 3533 51950
7 3534 51740
7 3535 194734
7 3536 51883
7 3537 41178
7 3538 195173
7 3539 41244
7 3540 51712
7 3541 51950
7 3542 51744
7 3543 41174
7 3544 51911
7 3545 41098
7 3546 194838
7 3547 51948
7 3548 194843
7 3549 41237
7 3550 51901
7 3551 41162
7 3552 51788
7 3553 123621
7 3554 51856
7 3555 51989
7 3556 124356
7 3557 51505
7 3558 51850
7 3559 123680
7 3560 51781
7 3561 41178
7 3562 124713
7 3563 41297
7 3564 51794
7 3565 51955
7 3566 51567
7 3567 41171
7 3568 51976
7 3569 41164
7 3570 123267
7 3571 51273
7 3572 123596
7 3573 41022
7 3574 51266
7 3575 41022
7 3576 192739
7 3577 122312
7 3578 192973
7 3579 51171
7 3580 123286
7 3581 51136
7 3582 192999
7 3583 122308
7 3584 193284
7 3585 40954
7 3586 123290
7 3587 41032
7 3588 193284
7 3589 51171
7 3590 192999
7 3591 41032
7 3592 51124
7 3593 40954
7 3594 122296
7 3595 51159
7 3596 123302
7 3597 40953
7 3598 51124
7 3599 40954
7 3600 40957
7 3601 124356
7 3602 41029
7 3603 194550
7 3604 123522
7 3605 194326
7 3606 41030
7 3607 124446
7 3608 41105
7 3609 123333
7 3610 124449
7 3611 123431
7 3612 41107
7 3613 195034
7 3614 41034
7 3615 123489
7 3616 194752
7 3617 122503
7 3618 123400
7 3619 194336
7 3620 123396
7 3621 122311
7 3622 194466
7 3623 122323
7 3624 41030
7 3625 124448
7 3626 41031
7 3627 194637
7 3628 123549
7 3629 194355
7 3630 41167
7 3631 124747
7 3632 41106
7 3633 51895
7 3634 124782
7 3635 51967
7 3636 41170
7 3637 195566
7 3638 41174
7 3639 51908
7 3640 195770
7 3641 51966
7 3642 123667
7 3643 195252
7 3644 124645
7 3645 51899
7 3646 195887
7 3647 51900
7 3648 41164
7 3649 124694
7 3650 41170
7 3651 124504
7 3652 124714
7 3653 124466
7 3654 41035
7 3655 124342
7 3656 41176
7 3657 51903
7 3658 124449
7 3659 51969
7 3660 41108
7 3661 124535
7 3662 41107
7 3663 51968
7 3664 124604
7 3665 51456
7 3666 124686
7 3667 124681
7 3668 124630
7 3669 52021
7 3670 124622
7 3671 51508
7 3672 41104
7 3673 195075
7 3674 41170
7 3675 124541
7 3676 194896
7 3677 123550
7 3678 41172
7 3679 195154
7 3680 41105
7 3681 51968
7 3682 195740
7 3683 52026
7 3684 41107
7 3685 124552
7 3686 41028
7 3687 51895
7 3688 124692
7 3689 51453
7 3690 194420
7 3691 123616
7 3692 194654
7 3693 51384
7 3694 123610
7 3695 51377
7 3696 123222
7 3697 194086
7 3698 123250
7 3699 123213
7 3700 194514
7 3701 123287
7 3702 123292
7 3703 194115
7 3704 124267
7 3705 51306
7 3706 194704
7 3707 51818
7 3708 124278
7 3709 123369
7 3710 123274
7 3711 51820
7 3712 123405
7 3713 51306
7 3714 194134
7 3715 123422
7 3716 194650
7 3717 51308
7 3718 123410
7 3719 51300
7 3720 41029
7 3721 124454
7 3722 41036
7 3723 194647
7 3724 123562
7 3725 194363
7 3726 41031
7 3727 124446
7 3728 41109
7 3729 123404
7 3730 124450
7 3731 123438
7 3732 41109
7 3733 195066
7 3734 41034
7 3735 123487
7 3736 194756
7 3737 122513
7 3738 123400
7 3739 194344
7 3740 123392
7 3741 122315
7 3742 194469
7 3743 122313
7 3744 41101
7 3745 124523
7 3746 41105
7 3747 194649
7 3748 123559
7 3749 194363
7 3750 41102
7 3751 124644
7 3752 40961
7 3753 41028
7 3754 124653
7 3755 41170
7 3756 41237
7 3757 195226
7 3758 41104
7 3759 41107
7 3760 195351
7 3761 41246
7 3762 123597
7 3763 194792
7 3764 124703
7 3765 41179
7 3766 195385
7 3767 41187
7 3768 41166
7 3769 124625
7 3770 41239
7 3771 124578
7 3772 124720
7 3773 124476
7 3774 41172
7 3775 124729
7 3776 41101
7 3777 41105
7 3778 124730
7 3779 41178
7 3780 41172
7 3781 124405
7 3782 41168
7 3783 41176
7 3784 124503
7 3785 41249
7 3786 124724
7 3787 124667
7 3788 124838
7 3789 41308
7 3790 124640
7 3791 41308
7 3792 41238
7 3793 195653
7 3794 41173
7 3795 124562
7 3796 195271
7 3797 123552
7 3798 41304
7 3799 195653
7 3800 41168
7 3801 41174
7 3802 195705
7 3803 41312
7 3804 41238
7 3805 124739
7 3806 41107
7 3807 41106
7 3808 124774
7 3809 41249
7 3810 195346
7 3811 123674
7 3812 195632
7 3813 41247
7 3814 124640
7 3815 41243
7 3816 123368
7 3817 194736
7 3818 123358
7 3819 123360
7 3820 194790
7 3821 123360
7 3822 123546
7 3823 195023
7 3824 124532
7 3825 41099
7 3826 195513
7 3827 41178
7 3828 124532
7 3829 124323
7 3830 124516
7 3831 41181
7 3832 124439
7 3833 41174
7 3834 195346
7 3835 123662
7 3836 195630
7 3837 41178
7 3838 124565
7 3839 41171
7 3840 41103
7 3841 124518
7 3842 41105
7 3843 194649
7 3844 123546
7 3845 194363
7 3846 41166
7 3847 124688
7 3848 41237
7 3849 51936
7 3850 124788
7 3851 52004
7 3852 41240
7 3853 195535
7 3854 41178
7 3855 51938
7 3856 195953
7 3857 51965
7 3858 123681
7 3859 195291
7 3860 124588
7 3861 51899
7 3862 195923
7 3863 51894
7 3864 41034
7 3865 124376
7 3866 41034
7 3867 194620
7 3868 123402
7 3869 194334
7 3870 41170
7 3871 124693
7 3872 41104
7 3873 41107
7 3874 124738
7 3875 41182
7 3876 41178
7 3877 195295
7 3878 41106
7 3879 41108
7 3880 195386
7 3881 41250
7 3882 123479
7 3883 194792
7 3884 124626
7 3885 41182
7 3886 195387
7 3887 41180
7 3888 41104
7 3889 124518
7 3890 41172
7 3891 51965
7 3892 124687
7 3893 51968
7 3894 41103
7 3895 124520
7 3896 41168
7 3897 41172
7 3898 124484
7 3899 41181
7 3900 40961
7 3901 51818
7 3902 40961
7 3903 41035
7 3904 51853
7 3905 41032
7 3906 124595
7 3907 52042
7 3908 124653
7 3909 41252
7 3910 51981
7 3911 41163
7 3912 41169
7 3913 195037
7 3914 41235
7 3915 52027
7 3916 195482
7 3917 52031
7 3918 41234
7 3919 195087
7 3920 41160
7 3921 41170
7 3922 195551
7 3923 41310
7 3924 41098
7 3925 51955
7 3926 41097
7 3927 41167
7 3928 51923
7 3929 41102
7 3930 194846
7 3931 52023
7 3932 195078
7 3933 41301
7 3934 51973
7 3935 41230
7 3936 123494
7 3937 194651
7 3938 124460
7 3939 51965
7 3940 195638
7 3941 51959
7 3942 123490
7 3943 194621
7 3944 124558
7 3945 41243
7 3946 195552
7 3947 41244
7 3948 124589
7 3949 52014
7 3950 124432
7 3951 41305
7 3952 51839
7 3953 41098
7 3954 194873
7 3955 52018
7 3956 195077
7 3957 41297
7 3958 51905
7 3959 41164
7 3960 41101
7 3961 124557
7 3962 41236
7 3963 123626
7 3964 124638
7 3965 123572
7 3966 41168
7 3967 124510
7 3968 41304
7 3969 51966
7 3970 124568
7 3971 52004
7 3972 41169
7 3973 124380
7 3974 41232
7 3975 52030
7 3976 124747
7 3977 51521
7 3978 124667
7 3979 124671
7 3980 124634
7 3981 52030
7 3982 124622
7 3983 51481
7 3984 41168
7 3985 124530
7 3986 41171
7 3987 123570
7 3988 124536
7 3989 123496
7 3990 41101
7 3991 124386
7 3992 41168
7 3993 41170
7 3994 124490
7 3995 41178
7 3996 41232
7 3997 124573
7 3998 41160
7 3999 41170
7 4000 124713
7 4001 41308
7 4002 124661
7 4003 124548
7 4004 124680
7 4005 41311
7 4006 124710
7 4007 41241
7 4008 41103
7 4009 124393
7 4010 41238
7 4011 51963
7 4012 124567
7 4013 51965
7 4014 41027
7 4015 123202
7 4016 41104
7 4017 41104
7 4018 123272
7 4019 41105
7 4020 41098
7 4021 51917
7 4022 41096
7 4023 41164
7 4024 51883
7 4025 41100
7 4026 124473
7 4027 52035
7 4028 124327
7 4029 41180
7 4030 51924
7 4031 41104
7 4032 40961
7 4033 123486
7 4034 41032
7 4035 51863
7 4036 124351
7 4037 51385
7 4038 41032
7 4039 123548
7 4040 40956
7 4041 41031
7 4042 124587
7 4043 41170
7 4044 40961
7 4045 51824
7 4046 40956
7 4047 41030
7 4048 51855
7 4049 41031
7 4050 123325
7 4051 51279
7 4052 123596
7 4053 41024
7 4054 51272
7 4055 41024
7 4056 124401
7 4057 123628
7 4058 124402
7 4059 51960
7 4060 124520
7 4061 51480
7 4062 124412
7 4063 123619
7 4064 124517
7 4065 41237
7 4066 124643
7 4067 41237
7 4068 124493
7 4069 51958
7 4070 124261
7 4071 41241
7 4072 51904
7 4073 41162
7 4074 123257
7 4075 51276
7 4076 123582
7 4077 41022
7 4078 51268
7 4079 41022
7 4080 40960
7 4081 194043
7 4082 41036
7 4083 123431
7 4084 194063
7 4085 122462
7 4086 41034
7 4087 194151
7 4088 41102
7 4089 51901
7 4090 195118
7 4091 51902
7 4092 41100
7 4093 124458
7 4094 41035
7 4095 51898
7 4096 124684
7 4097 51448
7 4098 193761
7 4099 123420
7 4100 194023
7 4101 51325
7 4102 123556
7 4103 51319
7 4104 41036
7 4105 194151
7 4106 41037
7 4107 123502
7 4108 194142
7 4109 122445
7 4110 41101
7 4111 194149
7 4112 40961
7 4113 41034
7 4114 194615
7 4115 41183
7 4116 41096
7 4117 124393
7 4118 41097
7 4119 41105
7 4120 124587
7 4121 41243
7 4122 194574
7 4123 123492
7 4124 194860
7 4125 41173
7 4126 124451
7 4127 41185
7 4128 41101
7 4129 194149
7 4130 41098
7 4131 51932
7 4132 195047
7 4133 51896
7 4134 41036
7 4135 194089
7 4136 41096
7 4137 41107
7 4138 194580
7 4139 41181
7 4140 40959
7 4141 51824
7 4142 40958
7 4143 41030
7 4144 51858
7 4145 41033
7 4146 194412
7 4147 51955
7 4148 194445
7 4149 41237
7 4150 51905
7 4151 41160
7 4152 40960
7 4153 123459
7 4154 41027
7 4155 51857
7 4156 124448
7 4157 51382
7 4158 41029
7 4159 123486
7 4160 40956
7 4161 41029
7 4162 124533
7 4163 41167
7 4164 40955
7 4165 51817
7 4166 40884
7 4167 40957
7 4168 51787
7 4169 40961
7 4170 123363
7 4171 51216
7 4172 123550
7 4173 40961
7 4174 51211
7 4175 40961
7 4176 192739
7 4177 122312
7 4178 192973
7 4179 51171
7 4180 123286
7 4181 51136
7 4182 192999
7 4183 122308
7 4184 193284
7 4185 40954
7 4186 123290
7 4187 41032
7 4188 193284
7 4189 51171
7 4190 192999
7 4191 41032
7 4192 51124
7 4193 40954
7 4194 122296
7 4195 51159
7 4196 123302
7 4197 40953
7 4198 51124
7 4199 40954
7 4200 122098
7 4201 193071
7 4202 122130
7 4203 122097
7 4204 193561
7 4205 122176
7 4206 122163
7 4207 193068
7 4208 123202
7 4209 51161
7 4210 194003
7 4211 51669
7 4212 123208
7 4213 123071
7 4214 122121
7 4215 51667
7 4216 123263
7 4217 51224
7 4218 193459
7 4219 123220
7 4220 193950
7 4221 51225
7 4222 123244
7 4223 51126
7 4224 122162
7 4225 193170
7 4226 122130
7 4227 122164
7 4228 193597
7 4229 122173
7 4230 122354
7 4231 193456
7 4232 123293
7 4233 40883
7 4234 194320
7 4235 41030
7 4236 123263
7 4237 123172
7 4238 123325
7 4239 41027
7 4240 123195
7 4241 41094
7 4242 194473
7 4243 123273
7 4244 194757
7 4245 41094
7 4246 124189
7 4247 41034
7 4248 122358
7 4249 193456
7 4250 123267
7 4251 51604
7 4252 194367
7 4253 51671
7 4254 122168
7 4255 193145
7 4256 123336
7 4257 41030
7 4258 194102
7 4259 41032
7 4260 123275
7 4261 51227
7 4262 123249
7 4263 41094
7 4264 51048
7 4265 40883
7 4266 193793
7 4267 51758
7 4268 194301
7 4269 41090
7 4270 51683
7 4271 41024
7 4272 123313
7 4273 123222
7 4274 123271
7 4275 51765
7 4276 123170
7 4277 51288
7 4278 123292
7 4279 123240
7 4280 123214
7 4281 41094
7 4282 124244
7 4283 41090
7 4284 123221
7 4285 51729
7 4286 122098
7 4287 41034
7 4288 51683
7 4289 41024
7 4290 122060
7 4291 51086
7 4292 123202
7 4293 40882
7 4294 51048
7 4295 40883
7 4296 192453
7 4297 122168
7 4298 192970
7 4299 51154
7 4300 123143
7 4301 51121
7 4302 192999
7 4303 122166
7 4304 193282
7 4305 40883
7 4306 123145
7 4307 41020
7 4308 193280
7 4309 51153
7 4310 192997
7 4311 41020
7 4312 51048
7 4313 40883
7 4314 122098
7 4315 51086
7 4316 123212
7 4317 40883
7 4318 51049
7 4319 40884
7 4320 51049
7 4321 123164
7 4322 51151
7 4323 193559
7 4324 123238
7 4325 193078
7 4326 51157
7 4327 123231
7 4328 51731
7 4329 122086
7 4330 123261
7 4331 123144
7 4332 51735
7 4333 194020
7 4334 51164
7 4335 123145
7 4336 193665
7 4337 122228
7 4338 123309
7 4339 194033
7 4340 123235
7 4341 122199
7 4342 193666
7 4343 122173
7 4344 51159
7 4345 123263
7 4346 51157
7 4347 193647
7 4348 123273
7 4349 193079
7 4350 51367
7 4351 124365
7 4352 51884
7 4353 51157
7 4354 124332
7 4355 51812
7 4356 51866
7 4357 195050
7 4358 51904
7 4359 51707
7 4360 194717
7 4361 51741
7 4362 123432
7 4363 194564
7 4364 124375
7 4365 51811
7 4366 195079
7 4367 51741
7 4368 51362
7 4369 124370
7 4370 51834
7 4371 124120
7 4372 124438
7 4373 124210
7 4374 51164
7 4375 123225
7 4376 51875
7 4377 51706
7 4378 123365
7 4379 51744
7 4380 51814
7 4381 123357
7 4382 51778
7 4383 51869
7 4384 123261
7 4385 51229
7 4386 124409
7 4387 124439
7 4388 124314
7 4389 51835
7 4390 124351
7 4391 51365
7 4392 51810
7 4393 194956
7 4394 51876
7 4395 124254
7 4396 194507
7 4397 123310
7 4398 51808
7 4399 194602
7 4400 51775
7 4401 51903
7 4402 195106
7 4403 51870
7 4404 51881
7 4405 124240
7 4406 51164
7 4407 51811
7 4408 124348
7 4409 51367
7 4410 193572
7 4411 123312
7 4412 194113
7 4413 51232
7 4414 123334
7 4415 51232
7 4416 123220
7 4417 194067
7 4418 123246
7 4419 123211
7 4420 194430
7 4421 123285
7 4422 123275
7 4423 194064
7 4424 124190
7 4425 51238
7 4426 194450
7 4427 51802
7 4428 124194
7 4429 123325
7 4430 123132
7 4431 51801
7 4432 123299
7 4433 51227
7 4434 193574
7 4435 123312
7 4436 194052
7 4437 51225
7 4438 123236
7 4439 51122
7 4440 51158
7 4441 123262
7 4442 51164
7 4443 193651
7 4444 123276
7 4445 193109
7 4446 51158
7 4447 123231
7 4448 51738
7 4449 122156
7 4450 123268
7 4451 123156
7 4452 51738
7 4453 194084
7 4454 51164
7 4455 123144
7 4456 193666
7 4457 122235
7 4458 123309
7 4459 194037
7 4460 123235
7 4461 122199
7 4462 193668
7 4463 122173
7 4464 51235
7 4465 123462
7 4466 51240
7 4467 193655
7 4468 123470
7 4469 193395
7 4470 51306
7 4471 124496
7 4472 51748
7 4473 40883
7 4474 124394
7 4475 41026
7 4476 51942
7 4477 195057
7 4478 51889
7 4479 41029
7 4480 194640
7 4481 41102
7 4482 123563
7 4483 194420
7 4484 124548
7 4485 41102
7 4486 194629
7 4487 41036
7 4488 51369
7 4489 124427
7 4490 51943
7 4491 124193
7 4492 124608
7 4493 124320
7 4494 51379
7 4495 124494
7 4496 51886
7 4497 41029
7 4498 124434
7 4499 41031
7 4500 51964
7 4501 123299
7 4502 51920
7 4503 41167
7 4504 123190
7 4505 41098
7 4506 124535
7 4507 124472
7 4508 124622
7 4509 41166
7 4510 124368
7 4511 41170
7 4512 51951
7 4513 195527
7 4514 51885
7 4515 124317
7 4516 195104
7 4517 123435
7 4518 52019
7 4519 195501
7 4520 51957
7 4521 41167
7 4522 195387
7 4523 41166
7 4524 52021
7 4525 124492
7 4526 51893
7 4527 41039
7 4528 124458
7 4529 41172
7 4530 194773
7 4531 123464
7 4532 195085
7 4533 41104
7 4534 124433
7 4535 41103
7 4536 123343
7 4537 194692
7 4538 123279
7 4539 123348
7 4540 194569
7 4541 123298
7 4542 123534
7 4543 194978
7 4544 124520
7 4545 41098
7 4546 195323
7 4547 41170
7 4548 124456
7 4549 124318
7 4550 124377
7 4551 41172
7 4552 124376
7 4553 41101
7 4554 194802
7 4555 123565
7 4556 195026
7 4557 41103
7 4558 124411
7 4559 41030
7 4560 51237
7 4561 123466
7 4562 51240
7 4563 193655
7 4564 123470
7 4565 193395
7 4566 51369
7 4567 124432
7 4568 52016
7 4569 51639
7 4570 124437
7 4571 51857
7 4572 51941
7 4573 195051
7 4574 51951
7 4575 51777
7 4576 195239
7 4577 51808
7 4578 123637
7 4579 194968
7 4580 124448
7 4581 51819
7 4582 195192
7 4583 51741
7 4584 51163
7 4585 123270
7 4586 51164
7 4587 193626
7 4588 123238
7 4589 193084
7 4590 51374
7 4591 124502
7 4592 51896
7 4593 41026
7 4594 124505
7 4595 41040
7 4596 51881
7 4597 195093
7 4598 51888
7 4599 41031
7 4600 194707
7 4601 41108
7 4602 123377
7 4603 194133
7 4604 124485
7 4605 41108
7 4606 194602
7 4607 41036
7 4608 51303
7 4609 124485
7 4610 51947
7 4611 51705
7 4612 124650
7 4613 51887
7 4614 51301
7 4615 124461
7 4616 51948
7 4617 41102
7 4618 124455
7 4619 41108
7 4620 51745
7 4621 51229
7 4622 51744
7 4623 41098
7 4624 51048
7 4625 40883
7 4626 124479
7 4627 52016
7 4628 124535
7 4629 41233
7 4630 51841
7 4631 41030
7 4632 51875
7 4633 195052
7 4634 51977
7 4635 51902
7 4636 195065
7 4637 51906
7 4638 51940
7 4639 195157
7 4640 51942
7 4641 41166
7 4642 195539
7 4643 41235
7 4644 51886
7 4645 51840
7 4646 51833
7 4647 41172
7 4648 51723
7 4649 41027
7 4650 193938
7 4651 51832
7 4652 194505
7 4653 41162
7 4654 51753
7 4655 41094
7 4656 123451
7 4657 194500
7 4658 124388
7 4659 51949
7 4660 195341
7 4661 51880
7 4662 123471
7 4663 194503
7 4664 124422
7 4665 41233
7 4666 195007
7 4667 41174
7 4668 124555
7 4669 52004
7 4670 124368
7 4671 41300
7 4672 51830
7 4673 41094
7 4674 194390
7 4675 51942
7 4676 194566
7 4677 41230
7 4678 51770
7 4679 41034
7 4680 51299
7 4681 124526
7 4682 51938
7 4683 123450
7 4684 124690
7 4685 123492
7 4686 51368
7 4687 124474
7 4688 52078
7 4689 51813
7 4690 124565
7 4691 51917
7 4692 51953
7 4693 123240
7 4694 51938
7 4695 51943
7 4696 124418
7 4697 51428
7 4698 124655
7 4699 124425
7 4700 124677
7 4701 51944
7 4702 124485
7 4703 51406
7 4704 51363
7 4705 124499
7 4706 51835
7 4707 123421
7 4708 124570
7 4709 123390
7 4710 51298
7 4711 124418
7 4712 51945
7 4713 41102
7 4714 124556
7 4715 41108
7 4716 51946
7 4717 124351
7 4718 51877
7 4719 41166
7 4720 124510
7 4721 41233
7 4722 124656
7 4723 124496
7 4724 124607
7 4725 41235
7 4726 124542
7 4727 41174
7 4728 51307
7 4729 124419
7 4730 52014
7 4731 51872
7 4732 124631
7 4733 51847
7 4734 51155
7 4735 123203
7 4736 51811
7 4737 41036
7 4738 123312
7 4739 41036
7 4740 51881
7 4741 51806
7 4742 51839
7 4743 41170
7 4744 51729
7 4745 41030
7 4746 124532
7 4747 51977
7 4748 124388
7 4749 41174
7 4750 51765
7 4751 41032
7 4752 51743
7 4753 123358
7 4754 51816
7 4755 51881
7 4756 123243
7 4757 51330
7 4758 51813
7 4759 123448
7 4760 51671
7 4761 41104
7 4762 124418
7 4763 41162
7 4764 51753
7 4765 51844
7 4766 51629
7 4767 41103
7 4768 51826
7 4769 41094
7 4770 122053
7 4771 51086
7 4772 123202
7 4773 40882
7 4774 51048
7 4775 40883
7 4776 124321
7 4777 123511
7 4778 124380
7 4779 51871
7 4780 124380
7 4781 51466
7 4782 124390
7 4783 123535
7 4784 124378
7 4785 41162
7 4786 124561
7 4787 41228
7 4788 124415
7 4789 51865
7 4790 124187
7 4791 41230
7 4792 51789
7 4793 41090
7 4794 123198
7 4795 51269
7 4796 123582
7 4797 41020
7 4798 51261
7 4799 41020
7 4800 51669
7 4801 194619
7 4802 51747
7 4803 123282
7 4804 194643
7 4805 122497
7 4806 51746
7 4807 194628
7 4808 51889
7 4809 51946
7 4810 195559
7 4811 51942
7 4812 51888
7 4813 124248
7 4814 51747
7 4815 51950
7 4816 124534
7 4817 51498
7 4818 193913
7 4819 123282
7 4820 194515
7 4821 51364
7 4822 123525
7 4823 51360
7 4824 51743
7 4825 194748
7 4826 51744
7 4827 123410
7 4828 194742
7 4829 122401
7 4830 51809
7 4831 194627
7 4832 51745
7 4833 41098
7 4834 195139
7 4835 41233
7 4836 51879
7 4837 124250
7 4838 51881
7 4839 41172
7 4840 124430
7 4841 41300
7 4842 195062
7 4843 123442
7 4844 195317
7 4845 41162
7 4846 124278
7 4847 41230
7 4848 51816
7 4849 194543
7 4850 51814
7 4851 51946
7 4852 195515
7 4853 51877
7 4854 51672
7 4855 194170
7 4856 51810
7 4857 41170
7 4858 194711
7 4859 41174
7 4860 51673
7 4861 51844
7 4862 51669
7 4863 41101
7 4864 51867
7 4865 41094
7 4866 194806
7 4867 51939
7 4868 194843
7 4869 41228
7 4870 51826
7 4871 41090
7 4872 51748
7 4873 123503
7 4874 51815
7 4875 51916
7 4876 124283
7 4877 51439
7 4878 51808
7 4879 123535
7 4880 51738
7 4881 41103
7 4882 124578
7 4883 41230
7 4884 51749
7 4885 51876
7 4886 51086
7 4887 41030
7 4888 51845
7 4889 41034
7 4890 123196
7 4891 51269
7 4892 123582
7 4893 41020
7 4894 51261
7 4895 41020
7 4896 192427
7 4897 122166
7 4898 192970
7 4899 51154
7 4900 123141
7 4901 51121
7 4902 192999
7 4903 122164
7 4904 193282
7 4905 40882
7 4906 123143
7 4907 41020
7 4908 193280
7 4909 51153
7 4910 192997
7 4911 41020
7 4912 51047
7 4913 40882
7 4914 122095
7 4915 51085
7 4916 123211
7 4917 40882
7 4918 51048
7 4919 40883
7 4920 122098
7 4921 193071
7 4922 122130
7 4923 122097
7 4924 193561
7 4925 122176
7 4926 122163
7 4927 193068
7 4928 123202
7 4929 51161
7 4930 194003
7 4931 51669
7 4932 123208
7 4933 123071
7 4934 122121
7 4935 51667
7 4936 123263
7 4937 51224
7 4938 193459
7 4939 123220
7 4940 193950
7 4941 51225
7 4942 123244
7 4943 51126
7 4944 122162
7 4945 193170
7 4946 122130
7 4947 122164
7 4948 193597
7 4949 122173
7 4950 122354
7 4951 193456
7 4952 123293
7 4953 40883
7 4954 194320
7 4955 41030
7 4956 123263
7 4957 123172
7 4958 123325
7 4959 41027
7 4960 123195
7 4961 41094
7 4962 194473
7 4963 123273
7 4964 194757
7 4965 41094
7 4966 124189
7 4967 41034
7 4968 122358
7 4969 193456
7 4970 123267
7 4971 51604
7 4972 194367
7 4973 51671
7 4974 122168
7 4975 193145
7 4976 123336
7 4977 41030
7 4978 194102
7 4979 41032
7 4980 123275
7 4981 51227
7 4982 123249
7 4983 41094
7 4984 51048
7 4985 40883
7 4986 193793
7 4987 51758
7 4988 194301
7 4989 41090
7 4990 51683
7 4991 41024
7 4992 123313
7 4993 123222
7 4994 123271
7 4995 51765
7 4996 123170
7 4997 51288
7 4998 123292
7 4999 123240
7 5000 123214
7 5001 41094
7 5002 124244
7 5003 41090
7 5004 123221
7 5005 51729
7 5006 122098
7 5007 41034
7 5008 51683
7 5009 41024
7 5010 122060
7 5011 51086
7 5012 123202
7 5013 40882
7 5014 51048
7 5015 40883
7 5016 192453
7 5017 122168
7 5018 192970
7 5019 51154
7 5020 123143
7 5021 51121
7 5022 192999
7 5023 122166
7 5024 193282
7 5025 40883
7 5026 123145
7 5027 41020
7 5028 193280
7 5029 51153
7 5030 192997
7 5031 41020
7 5032 51048
7 5033 40883
7 5034 122098
7 5035 51086
7 5036 123212
7 5037 40883
7 5038 51049
7 5039 40884
