3 0 3628800
3 1 3628800
3 2 3628800
3 3 3628425
3 4 3628128
3 5 3627162
4 0 3585524
4 1 3602732
4 2 3583024
4 3 3597857
4 4 3609760
4 5 3596577
4 6 3583575
4 7 3588270
4 8 3599430
4 9 3494154
4 10 3603920
4 11 3532923
4 12 3533650
4 13 3509316
4 14 3526779
4 15 3393793
4 16 3505878
4 17 3375055
4 18 3471518
4 19 3426261
4 20 3504453
4 21 3179299
4 22 3412242
4 23 3187143
5 0 2322866
5 1 2880268
5 2 2312860
5 3 2945389
5 4 2904808
5 5 2925276
5 6 2310123
5 7 2875038
5 8 2405741
5 9 2418407
5 10 2931837
5 11 2481252
5 12 2407678
5 13 2981051
5 14 2285649
5 15 2470121
5 16 2992618
5 17 2418413
5 18 2945827
5 19 2999494
5 20 2940036
5 21 2415178
5 22 2990875
5 23 2387208
5 24 2791821
5 25 3139038
5 26 2788939
5 27 2996877
5 28 3149292
5 29 2989766
5 30 2846820
5 31 3170704
5 32 2906377
5 33 2449349
5 34 3198095
5 35 2505307
5 36 2894575
5 37 3080100
5 38 2909733
5 39 2484891
5 40 3079778
5 41 2497005
5 42 3188888
5 43 3090628
5 44 3211394
5 45 2506716
5 46 3113508
5 47 2506673
5 48 2572852
5 49 2807826
5 50 2624024
5 51 2442364
5 52 2868971
5 53 2453291
5 54 2570182
5 55 2800584
5 56 2654617
5 57 2164133
5 58 2868138
5 59 2165167
5 60 2653680
5 61 2421700
5 62 2649371
5 63 2200787
5 64 2383690
5 65 2146490
5 66 2872185
5 67 2487125
5 68 2905002
5 69 2200879
5 70 2461206
5 71 2203216
5 72 1956811
5 73 2458285
5 74 1995673
5 75 1995316
5 76 2449025
5 77 1963010
5 78 2002358
5 79 2466995
5 80 1957042
5 81 1640925
5 82 2503930
5 83 1637191
5 84 1958796
5 85 1974198
5 86 1905614
5 87 1637343
5 88 1970996
5 89 1619020
5 90 2396228
5 91 1953215
5 92 2467792
5 93 1602272
5 94 1926323
5 95 1603414
5 96 2300776
5 97 2338267
5 98 2312777
5 99 1822055
5 100 2368087
5 101 1825047
5 102 2319107
5 103 2338484
5 104 2334502
5 105 1468712
5 106 2368198
5 107 1503190
5 108 2334254
5 109 1820697
5 110 2317636
5 111 1503190
5 112 1807590
5 113 1469193
5 114 2314136
5 115 1817670
5 116 2364917
5 117 1469220
5 118 1812298
5 119 1470405
6 0 559409
6 1 940666
6 2 559147
6 3 1360955
6 4 941427
6 5 1348112
6 6 559096
6 7 938509
6 8 570534
6 9 1029658
6 10 941918
6 11 1044581
6 12 570743
6 13 1375869
6 14 558127
6 15 1044125
6 16 1373330
6 17 1032969
6 18 946088
6 19 1376762
6 20 942813
6 21 1031967
6 22 1373088
6 23 1029035
6 24 558586
6 25 938795
6 26 558305
6 27 1360878
6 28 939553
6 29 1347473
6 30 572385
6 31 980009
6 32 583860
6 33 581878
6 34 984760
6 35 598261
6 36 580678
6 37 1419008
6 38 582154
6 39 594604
6 40 1430119
6 41 595670
6 42 959032
6 43 1407255
6 44 986122
6 45 597992
6 46 1431293
6 47 593400
6 48 572259
6 49 979776
6 50 578157
6 51 1066074
6 52 986208
6 53 1067978
6 54 556891
6 55 932188
6 56 580986
6 57 594215
6 58 956731
6 59 595729
6 60 578063
6 61 1063499
6 62 579073
6 63 599631
6 64 1056903
6 65 585398
6 66 989316
6 67 1080839
6 68 970787
6 69 597357
6 70 1074524
6 71 588566
6 72 582908
6 73 1425138
6 74 581658
6 75 1074215
6 76 1423436
6 77 1062134
6 78 580037
6 79 1414311
6 80 577134
6 81 601203
6 82 1429274
6 83 598983
6 84 581318
6 85 1070115
6 86 552186
6 87 595352
6 88 1074423
6 89 586875
6 90 1419220
6 91 1064561
6 92 1427702
6 93 584793
6 94 1064325
6 95 582358
6 96 961241
6 97 1416589
6 98 960261
6 99 1061714
6 100 1421567
6 101 1061538
6 102 962347
6 103 1416120
6 104 986324
6 105 587498
6 106 1427951
6 107 597840
6 108 986366
6 109 1063707
6 110 946846
6 111 598712
6 112 1062952
6 113 583680
6 114 1418889
6 115 1063834
6 116 1420558
6 117 583257
6 118 1055311
6 119 569008
6 120 1012190
6 121 1605836
6 122 1011390
6 123 1823638
6 124 1607691
6 125 1812327
6 126 1010854
6 127 1604917
6 128 1044512
6 129 1247743
6 130 1613491
6 131 1281528
6 132 1044974
6 133 1831984
6 134 1008370
6 135 1280300
6 136 1824973
6 137 1247800
6 138 1615594
6 139 1833954
6 140 1614249
6 141 1245595
6 142 1824952
6 143 1244229
6 144 1016689
6 145 1615315
6 146 1016009
6 147 1824091
6 148 1617180
6 149 1816757
6 150 1022667
6 151 1638862
6 152 1039930
6 153 885460
6 154 1639403
6 155 889586
6 156 1044060
6 157 1861022
6 158 1043807
6 159 889485
6 160 1855908
6 161 896819
6 162 1623929
6 163 1846536
6 164 1645600
6 165 896573
6 166 1854198
6 167 890110
6 168 1022083
6 169 1635433
6 170 1059161
6 171 1305479
6 172 1657877
6 173 1316826
6 174 1022983
6 175 1638335
6 176 1040667
6 177 888999
6 178 1637029
6 179 889190
6 180 1063225
6 181 1282685
6 182 1058794
6 183 899752
6 184 1278472
6 185 895903
6 186 1658399
6 187 1325880
6 188 1657492
6 189 899686
6 190 1318809
6 191 901884
6 192 1058119
6 193 1872505
6 194 1043034
6 195 1315242
6 196 1860656
6 197 1285302
6 198 1062591
6 199 1873558
6 200 1060733
6 201 900205
6 202 1873645
6 203 900404
6 204 1052382
6 205 1324355
6 206 1035591
6 207 889601
6 208 1323228
6 209 900974
6 210 1857906
6 211 1286703
6 212 1867425
6 213 895895
6 214 1309347
6 215 894613
6 216 1623036
6 217 1857284
6 218 1621638
6 219 1280931
6 220 1852311
6 221 1278127
6 222 1632979
6 223 1862407
6 224 1652745
6 225 895086
6 226 1872385
6 227 901101
6 228 1655534
6 229 1303509
6 230 1647277
6 231 900728
6 232 1304894
6 233 895251
6 234 1858416
6 235 1291345
6 236 1865561
6 237 895905
6 238 1309021
6 239 889890
6 240 1086668
6 241 1513636
6 242 1086622
6 243 1438446
6 244 1513636
6 245 1434329
6 246 1111219
6 247 1534726
6 248 1162123
6 249 911303
6 250 1558217
6 251 920380
6 252 1146995
6 253 1495441
6 254 1157806
6 255 915422
6 256 1526947
6 257 917046
6 258 1538288
6 259 1501989
6 260 1560050
6 261 918201
6 262 1533143
6 263 916540
6 264 1086599
6 265 1513473
6 266 1086553
6 267 1438446
6 268 1513473
6 269 1433561
6 270 1114706
6 271 1540857
6 272 1156950
6 273 857778
6 274 1549115
6 275 860201
6 276 1149310
6 277 1502774
6 278 1155984
6 279 857700
6 280 1508136
6 281 861790
6 282 1528893
6 283 1477913
6 284 1550611
6 285 861862
6 286 1507061
6 287 860493
6 288 1119502
6 289 1541461
6 290 1167014
6 291 922983
6 292 1559142
6 293 931581
6 294 1117896
6 295 1541040
6 296 1168507
6 297 871605
6 298 1551012
6 299 873077
6 300 1164839
6 301 908969
6 302 1163899
6 303 870799
6 304 894158
6 305 856100
6 306 1561017
6 307 943593
6 308 1561551
6 309 890801
6 310 921287
6 311 870979
6 312 1161539
6 313 1525630
6 314 1172500
6 315 934571
6 316 1514435
6 317 934082
6 318 1169098
6 319 1537837
6 320 1172074
6 321 878827
6 322 1554718
6 323 878865
6 324 1178535
6 325 928637
6 326 1169789
6 327 882997
6 328 913286
6 329 870091
6 330 1503773
6 331 925220
6 332 1542669
6 333 870364
6 334 914847
6 335 871793
6 336 1541190
6 337 1517269
6 338 1566942
6 339 934582
6 340 1555800
6 341 934728
6 342 1543796
6 343 1518565
6 344 1567001
6 345 880923
6 346 1559236
6 347 883399
6 348 1570408
6 349 940242
6 350 1566300
6 351 891590
6 352 919914
6 353 871943
6 354 1535533
6 355 934888
6 356 1560837
6 357 881842
6 358 922102
6 359 874154
6 360 600857
6 361 855595
6 362 625044
6 363 807670
6 364 881955
6 365 810199
6 366 612301
6 367 878477
6 368 634359
6 369 529336
6 370 890158
6 371 532148
6 372 623059
6 373 800507
6 374 629235
6 375 535480
6 376 816270
6 377 528663
6 378 867891
6 379 817601
6 380 894267
6 381 535551
6 382 817523
6 383 528262
6 384 612637
6 385 880324
6 386 626934
6 387 809766
6 388 891984
6 389 807591
6 390 604651
6 391 856386
6 392 626689
6 393 469685
6 394 869428
6 395 470090
6 396 634942
6 397 819380
6 398 624123
6 399 474932
6 400 819613
6 401 477988
6 402 895454
6 403 823163
6 404 879519
6 405 476517
6 406 819858
6 407 476726
6 408 604599
6 409 855582
6 410 625044
6 411 524826
6 412 869677
6 413 523408
6 414 598958
6 415 845019
6 416 622362
6 417 469095
6 418 857755
6 419 469057
6 420 623375
6 421 526344
6 422 622104
6 423 476226
6 424 519845
6 425 468813
6 426 868407
6 427 530423
6 428 869223
6 429 476196
6 430 520160
6 431 468790
6 432 617441
6 433 810925
6 434 631218
6 435 537238
6 436 800231
6 437 530506
6 438 630675
6 439 814163
6 440 622049
6 441 474971
6 442 821940
6 443 475854
6 444 623021
6 445 528091
6 446 614692
6 447 474495
6 448 525225
6 449 474020
6 450 784807
6 451 522793
6 452 806491
6 453 467039
6 454 512805
6 455 467100
6 456 864846
6 457 813956
6 458 892362
6 459 536098
6 460 818283
6 461 534840
6 462 892927
6 463 814534
6 464 877930
6 465 475493
6 466 825231
6 467 481809
6 468 876530
6 469 531742
6 470 873762
6 471 481386
6 472 525054
6 473 474063
6 474 801879
6 475 527716
6 476 816997
6 477 473772
6 478 521004
6 479 473784
6 480 404675
6 481 944277
6 482 406614
6 483 682934
6 484 947895
6 485 676254
6 486 406470
6 487 945283
6 488 409805
6 489 397487
6 490 958736
6 491 397603
6 492 409719
6 493 691674
6 494 405683
6 495 397629
6 496 696278
6 497 392819
6 498 940255
6 499 681865
6 500 949292
6 501 390297
6 502 685432
6 503 390096
6 504 406536
6 505 947161
6 506 406447
6 507 684898
6 508 950044
6 509 674487
6 510 407817
6 511 945438
6 512 406965
6 513 340861
6 514 954517
6 515 343740
6 516 408637
6 517 691514
6 518 409463
6 519 342569
6 520 694691
6 521 345279
6 522 956148
6 523 684785
6 524 957324
6 525 342307
6 526 691099
6 527 343794
6 528 407851
6 529 944323
6 530 407659
6 531 397743
6 532 957788
6 533 396145
6 534 404210
6 535 940908
6 536 407591
6 537 342463
6 538 950770
6 539 342672
6 540 404707
6 541 395175
6 542 404264
6 543 340829
6 544 394845
6 545 340635
6 546 950165
6 547 397197
6 548 952238
6 549 343685
6 550 394057
6 551 340508
6 552 406901
6 553 686507
6 554 407217
6 555 396941
6 556 692229
6 557 391747
6 558 407798
6 559 686823
6 560 405448
6 561 340937
6 562 697288
6 563 343572
6 564 405168
6 565 395616
6 566 394155
6 567 339137
6 568 394260
6 569 339346
6 570 680883
6 571 388123
6 572 687392
6 573 338925
6 574 387573
6 575 338937
6 576 926060
6 577 670781
6 578 934538
6 579 387287
6 580 679699
6 581 386417
6 582 935253
6 583 670691
6 584 937381
6 585 337134
6 586 679818
6 587 340374
6 588 937349
6 589 387198
6 590 936327
6 591 340374
6 592 384404
6 593 337144
6 594 669150
6 595 385665
6 596 680818
6 597 337148
6 598 384469
6 599 337210
6 600 690070
6 601 933593
6 602 691093
6 603 669645
6 604 941424
6 605 671052
6 606 691823
6 607 933550
6 608 703178
6 609 387479
6 610 946711
6 611 393300
6 612 703261
6 613 678538
6 614 690799
6 615 393276
6 616 681545
6 617 388458
6 618 939715
6 619 681596
6 620 947199
6 621 388454
6 622 681421
6 623 386375
6 624 691881
6 625 935608
6 626 691094
6 627 670914
6 628 942390
6 629 670934
6 630 696787
6 631 938164
6 632 702795
6 633 337138
6 634 949689
6 635 340722
6 636 703931
6 637 680619
6 638 704974
6 639 340541
6 640 680501
6 641 342081
6 642 953530
6 643 682153
6 644 955632
6 645 342081
6 646 690282
6 647 340960
6 648 696906
6 649 938147
6 650 704284
6 651 392626
6 652 949627
6 653 393447
6 654 692059
6 655 935505
6 656 705494
6 657 340722
6 658 949599
6 659 340826
6 660 702820
6 661 388925
6 662 702535
6 663 342081
6 664 384393
6 665 337134
6 666 941943
6 667 394844
6 668 949360
6 669 341847
6 670 392499
6 671 340374
6 672 703621
6 673 682003
6 674 704478
6 675 395555
6 676 680289
6 677 390154
6 678 705315
6 679 681704
6 680 701905
6 681 342081
6 682 690985
6 683 341847
6 684 701496
6 685 394502
6 686 690880
6 687 340960
6 688 392499
6 689 340374
6 690 668412
6 691 385653
6 692 680453
6 693 337085
6 694 384407
6 695 337148
6 696 926060
6 697 670781
6 698 934538
6 699 387287
6 700 679699
6 701 386417
6 702 935253
6 703 670691
6 704 937381
6 705 337134
6 706 679818
6 707 340374
6 708 937349
6 709 387198
6 710 936327
6 711 340374
6 712 384404
6 713 337144
6 714 669150
6 715 385665
6 716 680818
6 717 337148
6 718 384469
6 719 337210
7 0 59511
7 1 100430
7 2 59510
7 3 246772
7 4 100430
7 5 245452
7 6 59510
7 7 100400
7 8 59900
7 9 270744
7 10 100451
7 11 271622
7 12 59900
7 13 246985
7 14 59510
7 15 271620
7 16 245845
7 17 270788
7 18 100507
7 19 246975
7 20 100453
7 21 270744
7 22 245854
7 23 270744
7 24 59508
7 25 100421
7 26 59507
7 27 246772
7 28 100421
7 29 245355
7 30 59824
7 31 101645
7 32 60149
7 33 108141
7 34 101618
7 35 109555
7 36 60139
7 37 249095
7 38 60174
7 39 109426
7 40 248250
7 41 109463
7 42 100715
7 43 247634
7 44 101640
7 45 109547
7 46 248345
7 47 109463
7 48 59824
7 49 101654
7 50 60114
7 51 274378
7 52 101714
7 53 274438
7 54 59508
7 55 100318
7 56 60148
7 57 109419
7 58 100590
7 59 109471
7 60 60090
7 61 274073
7 62 60059
7 63 109761
7 64 273956
7 65 108393
7 66 101663
7 67 275127
7 68 101514
7 69 109723
7 70 274996
7 71 108528
7 72 60094
7 73 248952
7 74 60146
7 75 274556
7 76 247910
7 77 273712
7 78 60096
7 79 247729
7 80 60054
7 81 109802
7 82 248201
7 83 109770
7 84 60141
7 85 274746
7 86 59508
7 87 109548
7 88 274980
7 89 108536
7 90 246606
7 91 274036
7 92 246931
7 93 108401
7 94 274118
7 95 108399
7 96 100642
7 97 247705
7 98 100696
7 99 273593
7 100 247816
7 101 273691
7 102 100703
7 103 247699
7 104 101587
7 105 108422
7 106 247755
7 107 109699
7 108 101600
7 109 274095
7 110 100436
7 111 109699
7 112 274082
7 113 108385
7 114 246612
7 115 274036
7 116 246700
7 117 108383
7 118 273864
7 119 108056
7 120 59491
7 121 100410
7 122 59490
7 123 246752
7 124 100410
7 125 245395
7 126 59490
7 127 100380
7 128 59900
7 129 270744
7 130 100451
7 131 271622
7 132 59900
7 133 246945
7 134 59490
7 135 271620
7 136 245808
7 137 270788
7 138 100507
7 139 246938
7 140 100453
7 141 270744
7 142 245814
7 143 270744
7 144 60444
7 145 101474
7 146 60444
7 147 252942
7 148 101474
7 149 252340
7 150 60699
7 151 102736
7 152 61015
7 153 57918
7 154 102738
7 155 58013
7 156 61156
7 157 255283
7 158 61105
7 159 58014
7 160 254397
7 161 58087
7 162 101812
7 163 254541
7 164 102789
7 165 58085
7 166 254348
7 167 58013
7 168 60654
7 169 102556
7 170 61087
7 171 281300
7 172 102764
7 173 281380
7 174 60650
7 175 102516
7 176 61098
7 177 58014
7 178 102572
7 179 58015
7 180 61171
7 181 281972
7 182 61128
7 183 58151
7 184 281802
7 185 58085
7 186 102768
7 187 283166
7 188 102793
7 189 58148
7 190 282952
7 191 58144
7 192 61090
7 193 253312
7 194 60976
7 195 281426
7 196 252309
7 197 280636
7 198 61229
7 199 255363
7 200 61164
7 201 58159
7 202 255460
7 203 58154
7 204 61225
7 205 282978
7 206 60954
7 207 58013
7 208 283058
7 209 58145
7 210 253186
7 211 282107
7 212 254582
7 213 58084
7 214 283138
7 215 58076
7 216 101641
7 217 252286
7 218 101599
7 219 280520
7 220 251910
7 221 280492
7 222 101890
7 223 255205
7 224 102854
7 225 58092
7 226 255349
7 227 58157
7 228 102812
7 229 282985
7 230 102599
7 231 58162
7 232 283032
7 233 58072
7 234 253284
7 235 282178
7 236 254352
7 237 58085
7 238 282861
7 239 57867
7 240 60442
7 241 101465
7 242 60442
7 243 252942
7 244 101465
7 245 252314
7 246 60618
7 247 102376
7 248 61120
7 249 111338
7 250 102364
7 251 111689
7 252 61067
7 253 255364
7 254 60986
7 255 111589
7 256 254637
7 257 111632
7 258 101768
7 259 254875
7 260 102373
7 261 111646
7 262 254536
7 263 111493
7 264 59484
7 265 100348
7 266 59483
7 267 246772
7 268 100348
7 269 245056
7 270 60693
7 271 102593
7 272 61102
7 273 58007
7 274 102703
7 275 58018
7 276 61029
7 277 254282
7 278 61095
7 279 58013
7 280 254287
7 281 58088
7 282 101533
7 283 252231
7 284 102706
7 285 58088
7 286 254089
7 287 58008
7 288 60655
7 289 102404
7 290 61252
7 291 111997
7 292 102849
7 293 112244
7 294 60693
7 295 102605
7 296 61254
7 297 58217
7 298 102702
7 299 58221
7 300 61102
7 301 110871
7 302 61129
7 303 58207
7 304 110337
7 305 58039
7 306 102704
7 307 112503
7 308 102980
7 309 58366
7 310 111904
7 311 58140
7 312 61195
7 313 255911
7 314 61177
7 315 112245
7 316 256079
7 317 112334
7 318 61190
7 319 253881
7 320 61191
7 321 58286
7 322 255094
7 323 58355
7 324 61204
7 325 112222
7 326 61122
7 327 58292
7 328 111768
7 329 58138
7 330 254824
7 331 112235
7 332 254767
7 333 58289
7 334 111815
7 335 58205
7 336 101914
7 337 255474
7 338 102593
7 339 112369
7 340 256073
7 341 112199
7 342 101858
7 343 253342
7 344 102775
7 345 58355
7 346 253074
7 347 58284
7 348 102958
7 349 112448
7 350 102704
7 351 58432
7 352 111908
7 353 58205
7 354 255079
7 355 112361
7 356 254822
7 357 58355
7 358 111758
7 359 58085
7 360 60741
7 361 102776
7 362 61206
7 363 282366
7 364 102930
7 365 282414
7 366 60695
7 367 102577
7 368 61322
7 369 112033
7 370 102731
7 371 112205
7 372 61206
7 373 282607
7 374 61205
7 375 112335
7 376 283631
7 377 111099
7 378 102914
7 379 283739
7 380 102918
7 381 112342
7 382 283726
7 383 111016
7 384 60715
7 385 102602
7 386 61045
7 387 281729
7 388 102671
7 389 281715
7 390 60595
7 391 102363
7 392 61274
7 393 58215
7 394 102613
7 395 58221
7 396 61171
7 397 284055
7 398 61035
7 399 58274
7 400 283810
7 401 58275
7 402 102848
7 403 284907
7 404 102678
7 405 58343
7 406 283999
7 407 58143
7 408 60632
7 409 102513
7 410 61186
7 411 111749
7 412 102755
7 413 111717
7 414 59476
7 415 99668
7 416 60962
7 417 58014
7 418 100763
7 419 58013
7 420 61195
7 421 112221
7 422 61075
7 423 58246
7 424 111745
7 425 58140
7 426 102866
7 427 112442
7 428 102331
7 429 58249
7 430 111811
7 431 58141
7 432 61111
7 433 283799
7 434 61202
7 435 112345
7 436 283799
7 437 111162
7 438 61213
7 439 283887
7 440 60902
7 441 58215
7 442 284637
7 443 58279
7 444 61149
7 445 112340
7 446 60904
7 447 58226
7 448 112372
7 449 58188
7 450 282126
7 451 110902
7 452 283729
7 453 58072
7 454 110895
7 455 58046
7 456 102843
7 457 284496
7 458 102884
7 459 112389
7 460 285208
7 461 111252
7 462 102926
7 463 284476
7 464 102646
7 465 58295
7 466 285189
7 467 58208
7 468 102881
7 469 112393
7 470 102268
7 471 58355
7 472 112345
7 473 58136
7 474 283516
7 475 111063
7 476 284414
7 477 58142
7 478 110973
7 479 58089
7 480 61002
7 481 253627
7 482 61096
7 483 282318
7 484 252726
7 485 281673
7 486 61089
7 487 253409
7 488 61213
7 489 112472
7 490 254038
7 491 112457
7 492 61214
7 493 283400
7 494 60952
7 495 112320
7 496 283919
7 497 111275
7 498 252367
7 499 282670
7 500 252681
7 501 111149
7 502 283073
7 503 111135
7 504 61089
7 505 253753
7 506 61088
7 507 282434
7 508 252757
7 509 281578
7 510 61224
7 511 255361
7 512 61151
7 513 58231
7 514 255952
7 515 58356
7 516 61194
7 517 284024
7 518 61139
7 519 58290
7 520 284896
7 521 58409
7 522 253905
7 523 283400
7 524 256097
7 525 58289
7 526 284944
7 527 58342
7 528 61169
7 529 255215
7 530 61039
7 531 112373
7 532 255794
7 533 112266
7 534 60947
7 535 251546
7 536 61198
7 537 58292
7 538 254276
7 539 58288
7 540 60905
7 541 112312
7 542 60983
7 543 58225
7 544 112393
7 545 58238
7 546 255886
7 547 112413
7 548 254589
7 549 58330
7 550 112338
7 551 58180
7 552 61127
7 553 283831
7 554 61137
7 555 112344
7 556 284613
7 557 111171
7 558 61081
7 559 283175
7 560 60977
7 561 58220
7 562 284133
7 563 58271
7 564 60937
7 565 111761
7 566 59402
7 567 57938
7 568 111899
7 569 58058
7 570 283482
7 571 111065
7 572 284304
7 573 58143
7 574 111045
7 575 58032
7 576 252252
7 577 282836
7 578 252535
7 579 111058
7 580 283882
7 581 111028
7 582 252572
7 583 282803
7 584 254524
7 585 58082
7 586 284072
7 587 58210
7 588 254407
7 589 111069
7 590 252574
7 591 58227
7 592 110852
7 593 58039
7 594 283082
7 595 111008
7 596 284038
7 597 58068
7 598 110980
7 599 57914
7 600 101522
7 601 252160
7 602 101632
7 603 281275
7 604 252407
7 605 281438
7 606 101639
7 607 252154
7 608 102659
7 609 111016
7 610 252700
7 611 112268
7 612 102682
7 613 282624
7 614 101473
7 615 112263
7 616 282877
7 617 111074
7 618 252335
7 619 282676
7 620 252441
7 621 111065
7 622 282698
7 623 110743
7 624 101646
7 625 252265
7 626 101630
7 627 281412
7 628 252393
7 629 281429
7 630 101906
7 631 255330
7 632 102825
7 633 58086
7 634 255775
7 635 58229
7 636 102843
7 637 284016
7 638 102760
7 639 58227
7 640 283980
7 641 58277
7 642 253651
7 643 283377
7 644 255903
7 645 58282
7 646 284774
7 647 58078
7 648 101857
7 649 255322
7 650 102621
7 651 112251
7 652 255859
7 653 112331
7 654 101509
7 655 252161
7 656 102806
7 657 58232
7 658 254610
7 659 58230
7 660 102382
7 661 111157
7 662 102628
7 663 58304
7 664 110994
7 665 58097
7 666 255591
7 667 112295
7 668 254535
7 669 58192
7 670 112304
7 671 58176
7 672 102808
7 673 284283
7 674 102721
7 675 112353
7 676 284241
7 677 111124
7 678 102628
7 679 284181
7 680 102416
7 681 58292
7 682 284976
7 683 58137
7 684 102589
7 685 112367
7 686 100161
7 687 58203
7 688 112337
7 689 58200
7 690 282993
7 691 110930
7 692 284146
7 693 57937
7 694 110859
7 695 57966
7 696 252252
7 697 282832
7 698 252450
7 699 111055
7 700 283752
7 701 110910
7 702 252569
7 703 282780
7 704 254354
7 705 58083
7 706 283609
7 707 58140
7 708 253908
7 709 110853
7 710 251715
7 711 58189
7 712 110816
7 713 58011
7 714 282015
7 715 110749
7 716 282610
7 717 57912
7 718 110168
7 719 56850
7 720 147081
7 721 270646
7 722 147080
7 723 561312
7 724 270646
7 725 557427
7 726 147078
7 727 270559
7 728 147909
7 729 435684
7 730 270778
7 731 439290
7 732 147909
7 733 561801
7 734 147078
7 735 439284
7 736 558675
7 737 435808
7 738 270967
7 739 561787
7 740 270809
7 741 435575
7 742 558686
7 743 435684
7 744 147030
7 745 270519
7 746 147028
7 747 561308
7 748 270519
7 749 557368
7 750 148119
7 751 277932
7 752 148624
7 753 183269
7 754 277901
7 755 187654
7 756 148607
7 757 568561
7 758 148802
7 759 186949
7 760 566603
7 761 186991
7 762 272229
7 763 564999
7 764 277892
7 765 187454
7 766 566285
7 767 187114
7 768 148126
7 769 277958
7 770 148586
7 771 442002
7 772 278095
7 773 442091
7 774 146971
7 775 270074
7 776 148642
7 777 186922
7 778 272066
7 779 187176
7 780 148425
7 781 438747
7 782 148304
7 783 187498
7 784 438106
7 785 183409
7 786 277847
7 787 442714
7 788 275881
7 789 187205
7 790 441884
7 791 184088
7 792 148497
7 793 568624
7 794 148703
7 795 442054
7 796 565967
7 797 438544
7 798 148530
7 799 565647
7 800 148377
7 801 187801
7 802 566376
7 803 187545
7 804 148578
7 805 441739
7 806 146733
7 807 187504
7 808 441870
7 809 184004
7 810 562886
7 811 438620
7 812 563364
7 813 183456
7 814 438633
7 815 183244
7 816 272056
7 817 565853
7 818 272392
7 819 438134
7 820 565482
7 821 438542
7 822 272419
7 823 565844
7 824 277699
7 825 183540
7 826 566082
7 827 187122
7 828 277790
7 829 438446
7 830 271026
7 831 187114
7 832 438393
7 833 183325
7 834 562882
7 835 438601
7 836 562966
7 837 183380
7 838 438136
7 839 182453
7 840 147204
7 841 270769
7 842 147203
7 843 561435
7 844 270769
7 845 557757
7 846 147201
7 847 270682
7 848 147909
7 849 435684
7 850 270778
7 851 439290
7 852 147909
7 853 562047
7 854 147201
7 855 439284
7 856 558882
7 857 435808
7 858 270967
7 859 561994
7 860 270809
7 861 435575
7 862 558932
7 863 435684
7 864 147263
7 865 271131
7 866 147263
7 867 561316
7 868 271131
7 869 559369
7 870 147322
7 871 274343
7 872 147621
7 873 144420
7 874 274262
7 875 144547
7 876 148037
7 877 563852
7 878 147748
7 879 144546
7 880 561543
7 881 144816
7 882 271556
7 883 561903
7 884 274301
7 885 144816
7 886 560661
7 887 144547
7 888 147727
7 889 274248
7 890 148443
7 891 441976
7 892 275463
7 893 442815
7 894 147449
7 895 274468
7 896 147745
7 897 144544
7 898 274256
7 899 144544
7 900 148346
7 901 441609
7 902 148167
7 903 145132
7 904 441550
7 905 144902
7 906 275194
7 907 443391
7 908 275383
7 909 145139
7 910 443305
7 911 145146
7 912 148279
7 913 564680
7 914 148021
7 915 442401
7 916 561694
7 917 438908
7 918 148457
7 919 564718
7 920 148168
7 921 145132
7 922 564225
7 923 145140
7 924 148212
7 925 443212
7 926 147748
7 927 144544
7 928 443316
7 929 145147
7 930 559549
7 931 439070
7 932 561376
7 933 144897
7 934 441938
7 935 144893
7 936 271386
7 937 562825
7 938 271228
7 939 438343
7 940 561276
7 941 438311
7 942 271880
7 943 564659
7 944 274592
7 945 144900
7 946 564391
7 947 145144
7 948 274422
7 949 441776
7 950 274520
7 951 145146
7 952 441824
7 953 144889
7 954 559606
7 955 439070
7 956 561113
7 957 144896
7 958 441675
7 959 144547
7 960 147274
7 961 270940
7 962 147272
7 963 561430
7 964 270940
7 965 559225
7 966 148463
7 967 278635
7 968 149148
7 969 187897
7 970 278601
7 971 189649
7 972 149083
7 973 569587
7 974 149149
7 975 189410
7 976 567329
7 977 189190
7 978 273556
7 979 568263
7 980 278734
7 981 189293
7 982 567054
7 983 189107
7 984 147281
7 985 270991
7 986 147279
7 987 561431
7 988 270991
7 989 559328
7 990 147386
7 991 274230
7 992 147694
7 993 144499
7 994 274108
7 995 144501
7 996 147922
7 997 564059
7 998 147694
7 999 144497
7 1000 561749
7 1001 144804
7 1002 271276
7 1003 561737
7 1004 274145
7 1005 144804
7 1006 560775
7 1007 144501
7 1008 148397
7 1009 279017
7 1010 149003
7 1011 188098
7 1012 279446
7 1013 189666
7 1014 148262
7 1015 278738
7 1016 148723
7 1017 145544
7 1018 278501
7 1019 145545
7 1020 148851
7 1021 185410
7 1022 148764
7 1023 145758
7 1024 185233
7 1025 145524
7 1026 279267
7 1027 190108
7 1028 279282
7 1029 146305
7 1030 189752
7 1031 145827
7 1032 149104
7 1033 570271
7 1034 149354
7 1035 189716
7 1036 569303
7 1037 189580
7 1038 149221
7 1039 569506
7 1040 148801
7 1041 145789
7 1042 569018
7 1043 146134
7 1044 149109
7 1045 189228
7 1046 148943
7 1047 145964
7 1048 189049
7 1049 145819
7 1050 567145
7 1051 189274
7 1052 567183
7 1053 146058
7 1054 189219
7 1055 146073
7 1056 273579
7 1057 569076
7 1058 279121
7 1059 189752
7 1060 569209
7 1061 189611
7 1062 273339
7 1063 568452
7 1064 275760
7 1065 146128
7 1066 567316
7 1067 145801
7 1068 279236
7 1069 190037
7 1070 278799
7 1071 146559
7 1072 189686
7 1073 146074
7 1074 567426
7 1075 189702
7 1076 567279
7 1077 146306
7 1078 189392
7 1079 145734
7 1080 148376
7 1081 278564
7 1082 149042
7 1083 445020
7 1084 278906
7 1085 445143
7 1086 147527
7 1087 274687
7 1088 149030
7 1089 189190
7 1090 274832
7 1091 189812
7 1092 148964
7 1093 443666
7 1094 148846
7 1095 189790
7 1096 444350
7 1097 186255
7 1098 278915
7 1099 446024
7 1100 277993
7 1101 189626
7 1102 445314
7 1103 186361
7 1104 148548
7 1105 278746
7 1106 149051
7 1107 445163
7 1108 278989
7 1109 445168
7 1110 148265
7 1111 278785
7 1112 148739
7 1113 145547
7 1114 278979
7 1115 145547
7 1116 149086
7 1117 445670
7 1118 148869
7 1119 145839
7 1120 445772
7 1121 146143
7 1122 279027
7 1123 445814
7 1124 279043
7 1125 146145
7 1126 445890
7 1127 145851
7 1128 148433
7 1129 276780
7 1130 149212
7 1131 189736
7 1132 278129
7 1133 189648
7 1134 147234
7 1135 273313
7 1136 147571
7 1137 144494
7 1138 273081
7 1139 144494
7 1140 149105
7 1141 189139
7 1142 148837
7 1143 145880
7 1144 189153
7 1145 145812
7 1146 277980
7 1147 189822
7 1148 277019
7 1149 145922
7 1150 189279
7 1151 145809
7 1152 148871
7 1153 445506
7 1154 148889
7 1155 189885
7 1156 443681
7 1157 185761
7 1158 149149
7 1159 445625
7 1160 148560
7 1161 145708
7 1162 445758
7 1163 146098
7 1164 149061
7 1165 189894
7 1166 148442
7 1167 145588
7 1168 189705
7 1169 146049
7 1170 443540
7 1171 185589
7 1172 444666
7 1173 145557
7 1174 187333
7 1175 145540
7 1176 278719
7 1177 446584
7 1178 277856
7 1179 189636
7 1180 445856
7 1181 186583
7 1182 278982
7 1183 446743
7 1184 278793
7 1185 146098
7 1186 446778
7 1187 146305
7 1188 278630
7 1189 189817
7 1190 277216
7 1191 146172
7 1192 189616
7 1193 145964
7 1194 445580
7 1195 186297
7 1196 446384
7 1197 145849
7 1198 188022
7 1199 145755
7 1200 148746
7 1201 569708
7 1202 148873
7 1203 444904
7 1204 566974
7 1205 441489
7 1206 148717
7 1207 568562
7 1208 148762
7 1209 190253
7 1210 569151
7 1211 189977
7 1212 148804
7 1213 444634
7 1214 147514
7 1215 189971
7 1216 444898
7 1217 186348
7 1218 564935
7 1219 441452
7 1220 565467
7 1221 185928
7 1222 441659
7 1223 185714
7 1224 148968
7 1225 570028
7 1226 149011
7 1227 445017
7 1228 567157
7 1229 441500
7 1230 149056
7 1231 569600
7 1232 148699
7 1233 145677
7 1234 569549
7 1235 146217
7 1236 149191
7 1237 445936
7 1238 148912
7 1239 145882
7 1240 446176
7 1241 146476
7 1242 566656
7 1243 441776
7 1244 568405
7 1245 145978
7 1246 444682
7 1247 146224
7 1248 149278
7 1249 569303
7 1250 149190
7 1251 190275
7 1252 570093
7 1253 190082
7 1254 148801
7 1255 567773
7 1256 148746
7 1257 145836
7 1258 567667
7 1259 145843
7 1260 149058
7 1261 190049
7 1262 148573
7 1263 145662
7 1264 190048
7 1265 146141
7 1266 570293
7 1267 190091
7 1268 569598
7 1269 146220
7 1270 189961
7 1271 146058
7 1272 148992
7 1273 446218
7 1274 148786
7 1275 190263
7 1276 445555
7 1277 186422
7 1278 149024
7 1279 445959
7 1280 148719
7 1281 145710
7 1282 446055
7 1283 146265
7 1284 148886
7 1285 189920
7 1286 147071
7 1287 144498
7 1288 189751
7 1289 145682
7 1290 445564
7 1291 186296
7 1292 446377
7 1293 145849
7 1294 188056
7 1295 145675
7 1296 563711
7 1297 441856
7 1298 564218
7 1299 185778
7 1300 441828
7 1301 185639
7 1302 564023
7 1303 442019
7 1304 565691
7 1305 145547
7 1306 444749
7 1307 145846
7 1308 566324
7 1309 187733
7 1310 565366
7 1311 145835
7 1312 187567
7 1313 145552
7 1314 444074
7 1315 186031
7 1316 444778
7 1317 145626
7 1318 187602
7 1319 145338
7 1320 272450
7 1321 566148
7 1322 272583
7 1323 440754
7 1324 566175
7 1325 440955
7 1326 272553
7 1327 566149
7 1328 278257
7 1329 185810
7 1330 567231
7 1331 189263
7 1332 278078
7 1333 441075
7 1334 271440
7 1335 189212
7 1336 441128
7 1337 185632
7 1338 564856
7 1339 441025
7 1340 565005
7 1341 185563
7 1342 440725
7 1343 184712
7 1344 272647
7 1345 566599
7 1346 272719
7 1347 440836
7 1348 566602
7 1349 440979
7 1350 273058
7 1351 568337
7 1352 275688
7 1353 145429
7 1354 568360
7 1355 145728
7 1356 275922
7 1357 444393
7 1358 276119
7 1359 145726
7 1360 444347
7 1361 145979
7 1362 566296
7 1363 441672
7 1364 568074
7 1365 145978
7 1366 444528
7 1367 145641
7 1368 273786
7 1369 569035
7 1370 278912
7 1371 188843
7 1372 569901
7 1373 189682
7 1374 272914
7 1375 568082
7 1376 275973
7 1377 145716
7 1378 568156
7 1379 145712
7 1380 279136
7 1381 187999
7 1382 278586
7 1383 146130
7 1384 187604
7 1385 145640
7 1386 570236
7 1387 189882
7 1388 569457
7 1389 145969
7 1390 189746
7 1391 146063
7 1392 278741
7 1393 445540
7 1394 276835
7 1395 189881
7 1396 444052
7 1397 186254
7 1398 278631
7 1399 445541
7 1400 278591
7 1401 146101
7 1402 445857
7 1403 146049
7 1404 276961
7 1405 189942
7 1406 274067
7 1407 145595
7 1408 189744
7 1409 146091
7 1410 443960
7 1411 186031
7 1412 444726
7 1413 145549
7 1414 187548
7 1415 145419
7 1416 563725
7 1417 441873
7 1418 564230
7 1419 185823
7 1420 441826
7 1421 185643
7 1422 564027
7 1423 441929
7 1424 565648
7 1425 145550
7 1426 444728
7 1427 145805
7 1428 566077
7 1429 187652
7 1430 564915
7 1431 145720
7 1432 187531
7 1433 145510
7 1434 443570
7 1435 185948
7 1436 444223
7 1437 145476
7 1438 187338
7 1439 144545
7 1440 230010
7 1441 443880
7 1442 229984
7 1443 562883
7 1444 443880
7 1445 560534
7 1446 230010
7 1447 443880
7 1448 235096
7 1449 351052
7 1450 443926
7 1451 358048
7 1452 235096
7 1453 562837
7 1454 230010
7 1455 358048
7 1456 560580
7 1457 351052
7 1458 443926
7 1459 562839
7 1460 443926
7 1461 350622
7 1462 560578
7 1463 351052
7 1464 231050
7 1465 446382
7 1466 231046
7 1467 562969
7 1468 446382
7 1469 562029
7 1470 232943
7 1471 455253
7 1472 237297
7 1473 199418
7 1474 454669
7 1475 199625
7 1476 238020
7 1477 575376
7 1478 237480
7 1479 199593
7 1480 573584
7 1481 200519
7 1482 447937
7 1483 571650
7 1484 454878
7 1485 200501
7 1486 573375
7 1487 199635
7 1488 232861
7 1489 453772
7 1490 238021
7 1491 367610
7 1492 454488
7 1493 368914
7 1494 232978
7 1495 454714
7 1496 237452
7 1497 199609
7 1498 454113
7 1499 199592
7 1500 239053
7 1501 368865
7 1502 238387
7 1503 200518
7 1504 369130
7 1505 199589
7 1506 454618
7 1507 372499
7 1508 455325
7 1509 200516
7 1510 372699
7 1511 200480
7 1512 238038
7 1513 574943
7 1514 237635
7 1515 369442
7 1516 572464
7 1517 362528
7 1518 238995
7 1519 575555
7 1520 238461
7 1521 200529
7 1522 575561
7 1523 200518
7 1524 238168
7 1525 372563
7 1526 237362
7 1527 199643
7 1528 373193
7 1529 200480
7 1530 571234
7 1531 364395
7 1532 573087
7 1533 199600
7 1534 371438
7 1535 199597
7 1536 445596
7 1537 569981
7 1538 445722
7 1539 361680
7 1540 569454
7 1541 361880
7 1542 447956
7 1543 572325
7 1544 454818
7 1545 199595
7 1546 575139
7 1547 200524
7 1548 454037
7 1549 370136
7 1550 454185
7 1551 200531
7 1552 371176
7 1553 199570
7 1554 571246
7 1555 364605
7 1556 573011
7 1557 199600
7 1558 371382
7 1559 199522
7 1560 230010
7 1561 443880
7 1562 229984
7 1563 562883
7 1564 443880
7 1565 560534
7 1566 230010
7 1567 443880
7 1568 235096
7 1569 351052
7 1570 443926
7 1571 358048
7 1572 235096
7 1573 562837
7 1574 230010
7 1575 358048
7 1576 560580
7 1577 351052
7 1578 443926
7 1579 562839
7 1580 443926
7 1581 350622
7 1582 560578
7 1583 351052
7 1584 231090
7 1585 446498
7 1586 231086
7 1587 562969
7 1588 446498
7 1589 562294
7 1590 232166
7 1591 454650
7 1592 236454
7 1593 198574
7 1594 453952
7 1595 198714
7 1596 237267
7 1597 571100
7 1598 236576
7 1599 198679
7 1600 568448
7 1601 199598
7 1602 447270
7 1603 567659
7 1604 454130
7 1605 199594
7 1606 568234
7 1607 198721
7 1608 232923
7 1609 453870
7 1610 238141
7 1611 363911
7 1612 454642
7 1613 364623
7 1614 232164
7 1615 454640
7 1616 236419
7 1617 198640
7 1618 453865
7 1619 198576
7 1620 238451
7 1621 364000
7 1622 237653
7 1623 199636
7 1624 363635
7 1625 198756
7 1626 454063
7 1627 366067
7 1628 454815
7 1629 199634
7 1630 365974
7 1631 199644
7 1632 237432
7 1633 571430
7 1634 236913
7 1635 363778
7 1636 568970
7 1637 357296
7 1638 238291
7 1639 571532
7 1640 237649
7 1641 199641
7 1642 570635
7 1643 199632
7 1644 237419
7 1645 365392
7 1646 236562
7 1647 198716
7 1648 365116
7 1649 199639
7 1650 566312
7 1651 357056
7 1652 568155
7 1653 198762
7 1654 364764
7 1655 198762
7 1656 444952
7 1657 566459
7 1658 444958
7 1659 355036
7 1660 565884
7 1661 355072
7 1662 447328
7 1663 568231
7 1664 454122
7 1665 198753
7 1666 570277
7 1667 199644
7 1668 453380
7 1669 364442
7 1670 454130
7 1671 199642
7 1672 364670
7 1673 198736
7 1674 566336
7 1675 357056
7 1676 568093
7 1677 198762
7 1678 364663
7 1679 198719
7 1680 231247
7 1681 446962
7 1682 231246
7 1683 562983
7 1684 446962
7 1685 562313
7 1686 233072
7 1687 455700
7 1688 238248
7 1689 200415
7 1690 455818
7 1691 200587
7 1692 238188
7 1693 574468
7 1694 238401
7 1695 200601
7 1696 573151
7 1697 200755
7 1698 448406
7 1699 571134
7 1700 455992
7 1701 200749
7 1702 573204
7 1703 200572
7 1704 231229
7 1705 446912
7 1706 231228
7 1707 562983
7 1708 446912
7 1709 562326
7 1710 233054
7 1711 455752
7 1712 237479
7 1713 199585
7 1714 455216
7 1715 199657
7 1716 237459
7 1717 571188
7 1718 237547
7 1719 199653
7 1720 568501
7 1721 199857
7 1722 447661
7 1723 567589
7 1724 455274
7 1725 199858
7 1726 568449
7 1727 199663
7 1728 232488
7 1729 456053
7 1730 237621
7 1731 200434
7 1732 455824
7 1733 200610
7 1734 232488
7 1735 456023
7 1736 237603
7 1737 199686
7 1738 455376
7 1739 199758
7 1740 237559
7 1741 199550
7 1742 237559
7 1743 199532
7 1744 198504
7 1745 198504
7 1746 456077
7 1747 201522
7 1748 456097
7 1749 201468
7 1750 199559
7 1751 199559
7 1752 239611
7 1753 575742
7 1754 239977
7 1755 202394
7 1756 576674
7 1757 202574
7 1758 239680
7 1759 575770
7 1760 239881
7 1761 202194
7 1762 575948
7 1763 202382
7 1764 238631
7 1765 200670
7 1766 238612
7 1767 200614
7 1768 199580
7 1769 199580
7 1770 573466
7 1771 201746
7 1772 573481
7 1773 201626
7 1774 200535
7 1775 200535
7 1776 448737
7 1777 572629
7 1778 456751
7 1779 201832
7 1780 576560
7 1781 201677
7 1782 448791
7 1783 572657
7 1784 456715
7 1785 201756
7 1786 575870
7 1787 201609
7 1788 456692
7 1789 202397
7 1790 456600
7 1791 202397
7 1792 200487
7 1793 200487
7 1794 573996
7 1795 201702
7 1796 573996
7 1797 201703
7 1798 199676
7 1799 199676
7 1800 233417
7 1801 455972
7 1802 239250
7 1803 371474
7 1804 456712
7 1805 371737
7 1806 234074
7 1807 456572
7 1808 239420
7 1809 201535
7 1810 457000
7 1811 201600
7 1812 239506
7 1813 364658
7 1814 239748
7 1815 202435
7 1816 371723
7 1817 201606
7 1818 455862
7 1819 373466
7 1820 457010
7 1821 202494
7 1822 373278
7 1823 201630
7 1824 234157
7 1825 456674
7 1826 239322
7 1827 371756
7 1828 456784
7 1829 371954
7 1830 233267
7 1831 456633
7 1832 238346
7 1833 200415
7 1834 456976
7 1835 200544
7 1836 240397
7 1837 373420
7 1838 239445
7 1839 201299
7 1840 374284
7 1841 201440
7 1842 456692
7 1843 374080
7 1844 456968
7 1845 201481
7 1846 375022
7 1847 201522
7 1848 233472
7 1849 457386
7 1850 238666
7 1851 200822
7 1852 456920
7 1853 200797
7 1854 233400
7 1855 456620
7 1856 238524
7 1857 200598
7 1858 455940
7 1859 200599
7 1860 238605
7 1861 200590
7 1862 238584
7 1863 200590
7 1864 199604
7 1865 199604
7 1866 457076
7 1867 201624
7 1868 457004
7 1869 201580
7 1870 199630
7 1871 199630
7 1872 238918
7 1873 371722
7 1874 239540
7 1875 201779
7 1876 363939
7 1877 201513
7 1878 239707
7 1879 372647
7 1880 238730
7 1881 200760
7 1882 373106
7 1883 200534
7 1884 238777
7 1885 200872
7 1886 238249
7 1887 200752
7 1888 200512
7 1889 200512
7 1890 362636
7 1891 200471
7 1892 370271
7 1893 199514
7 1894 199582
7 1895 199582
7 1896 455238
7 1897 374562
7 1898 456678
7 1899 202588
7 1900 373988
7 1901 202450
7 1902 456008
7 1903 375459
7 1904 456638
7 1905 201464
7 1906 377574
7 1907 202390
7 1908 456894
7 1909 202494
7 1910 456154
7 1911 202450
7 1912 200510
7 1913 200510
7 1914 371294
7 1915 200804
7 1916 374558
7 1917 200592
7 1918 200558
7 1919 200558
7 1920 238546
7 1921 576790
7 1922 238606
7 1923 371378
7 1924 574413
7 1925 365288
7 1926 239368
7 1927 577269
7 1928 239682
7 1929 201819
7 1930 578536
7 1931 202587
7 1932 239891
7 1933 374921
7 1934 239673
7 1935 201745
7 1936 375853
7 1937 202496
7 1938 575185
7 1939 365524
7 1940 578117
7 1941 201597
7 1942 374871
7 1943 201606
7 1944 238691
7 1945 576890
7 1946 238642
7 1947 372180
7 1948 574461
7 1949 364960
7 1950 239423
7 1951 576494
7 1952 239536
7 1953 201542
7 1954 577374
7 1955 202386
7 1956 239915
7 1957 374913
7 1958 239607
7 1959 201516
7 1960 375157
7 1961 202352
7 1962 574635
7 1963 366092
7 1964 576544
7 1965 201427
7 1966 373773
7 1967 201498
7 1968 239661
7 1969 576655
7 1970 240396
7 1971 202626
7 1972 578575
7 1973 202639
7 1974 239623
7 1975 576367
7 1976 240375
7 1977 202383
7 1978 577183
7 1979 202476
7 1980 238881
7 1981 200898
7 1982 238845
7 1983 200800
7 1984 200582
7 1985 200582
7 1986 576361
7 1987 202556
7 1988 576413
7 1989 202452
7 1990 200512
7 1991 200512
7 1992 239869
7 1993 375480
7 1994 239249
7 1995 201730
7 1996 374575
7 1997 201831
7 1998 239991
7 1999 375684
7 2000 239068
7 2001 201476
7 2002 376851
7 2003 201704
7 2004 238697
7 2005 200769
7 2006 238586
7 2007 200687
7 2008 199724
7 2009 199724
7 2010 372667
7 2011 200807
7 2012 375165
7 2013 200659
7 2014 200558
7 2015 200558
7 2016 571978
7 2017 364983
7 2018 574048
7 2019 200781
7 2020 373743
7 2021 200733
7 2022 572049
7 2023 364954
7 2024 573574
7 2025 200584
7 2026 374078
7 2027 200697
7 2028 575035
7 2029 201598
7 2030 574802
7 2031 201534
7 2032 199676
7 2033 199676
7 2034 373569
7 2035 200654
7 2036 375481
7 2037 200568
7 2038 199676
7 2039 199676
7 2040 445786
7 2041 570815
7 2042 445922
7 2043 362876
7 2044 570642
7 2045 363032
7 2046 448240
7 2047 573101
7 2048 455827
7 2049 200712
7 2050 577389
7 2051 200916
7 2052 455008
7 2053 372257
7 2054 455181
7 2055 200920
7 2056 373933
7 2057 200712
7 2058 574866
7 2059 366961
7 2060 577488
7 2061 200721
7 2062 374384
7 2063 200641
7 2064 445892
7 2065 570850
7 2066 445922
7 2067 362988
7 2068 570670
7 2069 362992
7 2070 448358
7 2071 572572
7 2072 455660
7 2073 200503
7 2074 576421
7 2075 200796
7 2076 455078
7 2077 372929
7 2078 455832
7 2079 200750
7 2080 373816
7 2081 200683
7 2082 574122
7 2083 366453
7 2084 575927
7 2085 200684
7 2086 374320
7 2087 200645
7 2088 448770
7 2089 572966
7 2090 456784
7 2091 201701
7 2092 577743
7 2093 201836
7 2094 448664
7 2095 572714
7 2096 456741
7 2097 201516
7 2098 576347
7 2099 201716
7 2100 456729
7 2101 201636
7 2102 456691
7 2103 201636
7 2104 199604
7 2105 199604
7 2106 576139
7 2107 202488
7 2108 576139
7 2109 202444
7 2110 200559
7 2111 200559
7 2112 456117
7 2113 375209
7 2114 456925
7 2115 202638
7 2116 373774
7 2117 202414
7 2118 456257
7 2119 375435
7 2120 456883
7 2121 202370
7 2122 377076
7 2123 202268
7 2124 456797
7 2125 201827
7 2126 456215
7 2127 201765
7 2128 200606
7 2129 200606
7 2130 372708
7 2131 200648
7 2132 374984
7 2133 200518
7 2134 199650
7 2135 199650
7 2136 572072
7 2137 366023
7 2138 574059
7 2139 200806
7 2140 374329
7 2141 200736
7 2142 572072
7 2143 365958
7 2144 573625
7 2145 200696
7 2146 374973
7 2147 200784
7 2148 575033
7 2149 201601
7 2150 574782
7 2151 201579
7 2152 199676
7 2153 199676
7 2154 374015
7 2155 200632
7 2156 375258
7 2157 200588
7 2158 199652
7 2159 199652
7 2160 127902
7 2161 208397
7 2162 127900
7 2163 253636
7 2164 208397
7 2165 253324
7 2166 130841
7 2167 213601
7 2168 135284
7 2169 124267
7 2170 214351
7 2171 124774
7 2172 134519
7 2173 264052
7 2174 135005
7 2175 124728
7 2176 265178
7 2177 124553
7 2178 211455
7 2179 261812
7 2180 214400
7 2181 124534
7 2182 265150
7 2183 124511
7 2184 128949
7 2185 211023
7 2186 128947
7 2187 259661
7 2188 211023
7 2189 259224
7 2190 131283
7 2191 214443
7 2192 135604
7 2193 97990
7 2194 215052
7 2195 98089
7 2196 134859
7 2197 266085
7 2198 135600
7 2199 98085
7 2200 266007
7 2201 98180
7 2202 212292
7 2203 262981
7 2204 215141
7 2205 98177
7 2206 266387
7 2207 98095
7 2208 130225
7 2209 211878
7 2210 135229
7 2211 125838
7 2212 213716
7 2213 126142
7 2214 131038
7 2215 213931
7 2216 136234
7 2217 98976
7 2218 214877
7 2219 99018
7 2220 135439
7 2221 125882
7 2222 135572
7 2223 99210
7 2224 125176
7 2225 98137
7 2226 214534
7 2227 127136
7 2228 215286
7 2229 99866
7 2230 125671
7 2231 98234
7 2232 133765
7 2233 262716
7 2234 136051
7 2235 126588
7 2236 261119
7 2237 126382
7 2238 134817
7 2239 266724
7 2240 136216
7 2241 99676
7 2242 267956
7 2243 99666
7 2244 135535
7 2245 126215
7 2246 135176
7 2247 99173
7 2248 125511
7 2249 98225
7 2250 264025
7 2251 126291
7 2252 266664
7 2253 99083
7 2254 125371
7 2255 98148
7 2256 210741
7 2257 261116
7 2258 214567
7 2259 126247
7 2260 265857
7 2261 126268
7 2262 212305
7 2263 263280
7 2264 215416
7 2265 99105
7 2266 267675
7 2267 99154
7 2268 214470
7 2269 126862
7 2270 214696
7 2271 99827
7 2272 125379
7 2273 98146
7 2274 264032
7 2275 126340
7 2276 266669
7 2277 99087
7 2278 125337
7 2279 98135
7 2280 128953
7 2281 211036
7 2282 128951
7 2283 259661
7 2284 211036
7 2285 259319
7 2286 130973
7 2287 213780
7 2288 135384
7 2289 124474
7 2290 214409
7 2291 124802
7 2292 134711
7 2293 265756
7 2294 134957
7 2295 124732
7 2296 265418
7 2297 124568
7 2298 212223
7 2299 263020
7 2300 214372
7 2301 124574
7 2302 265431
7 2303 124435
7 2304 128020
7 2305 208683
7 2306 128020
7 2307 253647
7 2308 208683
7 2309 253378
7 2310 130259
7 2311 212107
7 2312 134521
7 2313 96863
7 2314 212623
7 2315 96876
7 2316 133923
7 2317 260039
7 2318 134527
7 2319 96872
7 2320 259630
7 2321 96971
7 2322 209831
7 2323 256686
7 2324 212632
7 2325 96968
7 2326 259608
7 2327 96875
7 2328 131324
7 2329 214569
7 2330 136383
7 2331 126224
7 2332 215571
7 2333 126389
7 2334 130240
7 2335 212003
7 2336 135286
7 2337 97799
7 2338 212809
7 2339 97802
7 2340 135710
7 2341 125866
7 2342 135376
7 2343 98852
7 2344 124883
7 2345 98028
7 2346 215261
7 2347 127115
7 2348 214643
7 2349 99509
7 2350 125375
7 2351 98154
7 2352 134931
7 2353 266868
7 2354 136287
7 2355 126769
7 2356 267477
7 2357 126758
7 2358 134692
7 2359 264261
7 2360 135350
7 2361 98565
7 2362 265446
7 2363 98611
7 2364 135682
7 2365 125958
7 2366 135372
7 2367 98748
7 2368 124937
7 2369 98064
7 2370 266111
7 2371 126132
7 2372 266172
7 2373 98778
7 2374 125301
7 2375 98076
7 2376 212323
7 2377 263661
7 2378 214781
7 2379 126216
7 2380 267510
7 2381 126092
7 2382 211280
7 2383 261718
7 2384 214214
7 2385 98610
7 2386 265678
7 2387 98720
7 2388 215339
7 2389 127025
7 2390 214475
7 2391 99476
7 2392 125376
7 2393 98074
7 2394 266361
7 2395 126162
7 2396 266185
7 2397 98819
7 2398 125308
7 2399 98005
7 2400 128019
7 2401 208677
7 2402 128019
7 2403 253648
7 2404 208677
7 2405 253316
7 2406 130295
7 2407 211973
7 2408 134751
7 2409 97149
7 2410 212625
7 2411 97158
7 2412 133932
7 2413 260053
7 2414 134654
7 2415 97148
7 2416 260436
7 2417 97146
7 2418 209945
7 2419 257437
7 2420 212609
7 2421 97152
7 2422 260146
7 2423 97089
7 2424 127881
7 2425 208336
7 2426 127879
7 2427 253636
7 2428 208336
7 2429 252829
7 2430 130217
7 2431 211852
7 2432 134501
7 2433 96849
7 2434 212478
7 2435 96857
7 2436 133788
7 2437 260033
7 2438 134494
7 2439 96849
7 2440 259597
7 2441 96970
7 2442 209492
7 2443 256101
7 2444 212481
7 2445 96970
7 2446 259465
7 2447 96852
7 2448 130174
7 2449 211944
7 2450 135374
7 2451 98062
7 2452 212891
7 2453 98062
7 2454 130166
7 2455 211878
7 2456 135368
7 2457 97900
7 2458 212642
7 2459 97903
7 2460 134480
7 2461 97951
7 2462 134476
7 2463 97947
7 2464 96849
7 2465 96849
7 2466 212564
7 2467 98754
7 2468 212601
7 2469 98726
7 2470 96941
7 2471 96941
7 2472 133864
7 2473 260402
7 2474 135427
7 2475 98811
7 2476 261332
7 2477 98862
7 2478 133987
7 2479 260621
7 2480 135358
7 2481 98589
7 2482 262158
7 2483 98704
7 2484 134454
7 2485 97954
7 2486 134377
7 2487 97940
7 2488 96846
7 2489 96846
7 2490 259470
7 2491 98168
7 2492 260237
7 2493 98052
7 2494 97047
7 2495 97047
7 2496 209872
7 2497 257344
7 2498 212939
7 2499 98187
7 2500 261712
7 2501 98130
7 2502 209895
7 2503 257356
7 2504 212810
7 2505 98131
7 2506 261418
7 2507 97995
7 2508 212697
7 2509 98847
7 2510 212536
7 2511 98828
7 2512 97049
7 2513 97049
7 2514 259441
7 2515 98163
7 2516 260245
7 2517 98048
7 2518 96943
7 2519 96943
7 2520 130042
7 2521 211268
7 2522 136072
7 2523 125683
7 2524 214265
7 2525 125823
7 2526 131188
7 2527 214059
7 2528 136491
7 2529 99149
7 2530 215090
7 2531 99164
7 2532 135282
7 2533 124758
7 2534 136220
7 2535 99913
7 2536 125967
7 2537 99183
7 2538 213237
7 2539 127228
7 2540 215062
7 2541 100094
7 2542 126428
7 2543 99195
7 2544 131174
7 2545 214037
7 2546 136133
7 2547 125725
7 2548 215022
7 2549 125705
7 2550 130152
7 2551 211907
7 2552 135316
7 2553 97834
7 2554 212782
7 2555 97836
7 2556 136356
7 2557 126606
7 2558 135261
7 2559 98747
7 2560 126069
7 2561 98888
7 2562 215142
7 2563 127216
7 2564 213900
7 2565 99493
7 2566 126424
7 2567 98935
7 2568 130163
7 2569 211939
7 2570 135460
7 2571 98072
7 2572 212978
7 2573 98062
7 2574 129899
7 2575 211145
7 2576 135114
7 2577 97787
7 2578 212062
7 2579 97788
7 2580 135253
7 2581 98729
7 2582 135171
7 2583 98716
7 2584 97827
7 2585 97827
7 2586 212891
7 2587 98920
7 2588 212811
7 2589 98812
7 2590 97877
7 2591 97877
7 2592 133996
7 2593 125266
7 2594 135152
7 2595 99105
7 2596 123877
7 2597 98988
7 2598 135144
7 2599 125416
7 2600 134321
7 2601 97829
7 2602 125762
7 2603 97933
7 2604 134407
7 2605 97998
7 2606 133814
7 2607 97826
7 2608 97818
7 2609 97818
7 2610 122278
7 2611 97928
7 2612 124086
7 2613 96773
7 2614 96774
7 2615 96774
7 2616 212834
7 2617 126727
7 2618 214706
7 2619 99940
7 2620 127062
7 2621 99891
7 2622 214703
7 2623 126765
7 2624 213516
7 2625 99392
7 2626 127380
7 2627 99615
7 2628 213521
7 2629 99683
7 2630 212875
7 2631 99556
7 2632 99298
7 2633 99298
7 2634 124720
7 2635 98140
7 2636 125250
7 2637 97770
7 2638 97770
7 2639 97770
7 2640 133586
7 2641 262216
7 2642 135324
7 2643 126052
7 2644 265139
7 2645 126393
7 2646 134741
7 2647 266305
7 2648 136285
7 2649 99733
7 2650 268024
7 2651 99866
7 2652 136098
7 2653 126682
7 2654 135598
7 2655 100002
7 2656 126688
7 2657 99857
7 2658 260530
7 2659 126480
7 2660 267466
7 2661 99810
7 2662 126700
7 2663 99861
7 2664 134738
7 2665 266430
7 2666 135380
7 2667 126447
7 2668 266984
7 2669 126174
7 2670 134655
7 2671 264052
7 2672 135334
7 2673 98546
7 2674 265611
7 2675 99246
7 2676 136306
7 2677 126798
7 2678 136065
7 2679 99484
7 2680 126627
7 2681 99600
7 2682 267714
7 2683 126897
7 2684 266683
7 2685 98737
7 2686 126608
7 2687 99602
7 2688 134565
7 2689 263908
7 2690 136056
7 2691 99628
7 2692 265719
7 2693 99540
7 2694 134402
7 2695 263815
7 2696 135993
7 2697 99363
7 2698 265512
7 2699 99403
7 2700 135108
7 2701 98733
7 2702 135069
7 2703 98713
7 2704 98473
7 2705 98473
7 2706 264932
7 2707 99702
7 2708 265590
7 2709 99593
7 2710 98492
7 2711 98492
7 2712 135105
7 2713 125982
7 2714 135576
7 2715 99301
7 2716 125796
7 2717 99226
7 2718 135502
7 2719 126005
7 2720 135192
7 2721 98739
7 2722 126494
7 2723 98921
7 2724 135203
7 2725 98833
7 2726 134226
7 2727 98652
7 2728 98652
7 2729 98652
7 2730 124131
7 2731 98123
7 2732 124847
7 2733 97722
7 2734 97722
7 2735 97722
7 2736 258931
7 2737 125249
7 2738 265432
7 2739 99029
7 2740 125768
7 2741 99158
7 2742 265438
7 2743 125260
7 2744 264767
7 2745 97841
7 2746 125907
7 2747 98856
7 2748 264169
7 2749 98856
7 2750 264617
7 2751 98789
7 2752 97800
7 2753 97800
7 2754 124216
7 2755 98156
7 2756 124876
7 2757 97830
7 2758 97830
7 2759 97830
7 2760 210669
7 2761 260807
7 2762 214740
7 2763 125749
7 2764 267116
7 2765 125814
7 2766 212248
7 2767 263038
7 2768 215456
7 2769 99169
7 2770 267773
7 2771 99178
7 2772 214681
7 2773 127031
7 2774 215026
7 2775 100010
7 2776 126389
7 2777 99183
7 2778 264918
7 2779 127143
7 2780 268298
7 2781 99964
7 2782 126409
7 2783 99178
7 2784 212246
7 2785 263636
7 2786 214793
7 2787 125893
7 2788 267939
7 2789 125786
7 2790 211220
7 2791 261721
7 2792 214203
7 2793 98628
7 2794 266014
7 2795 98800
7 2796 215505
7 2797 127257
7 2798 214845
7 2799 99634
7 2800 126398
7 2801 99089
7 2802 268532
7 2803 127195
7 2804 267411
7 2805 99687
7 2806 126569
7 2807 99112
7 2808 211188
7 2809 261710
7 2810 214329
7 2811 99118
7 2812 265834
7 2813 99063
7 2814 210938
7 2815 261510
7 2816 214247
7 2817 98926
7 2818 266248
7 2819 98841
7 2820 214060
7 2821 99745
7 2822 213994
7 2823 99728
7 2824 98580
7 2825 98580
7 2826 265217
7 2827 99824
7 2828 265932
7 2829 99657
7 2830 98681
7 2831 98681
7 2832 213764
7 2833 126770
7 2834 215292
7 2835 100013
7 2836 126787
7 2837 99946
7 2838 215223
7 2839 126727
7 2840 213982
7 2841 99540
7 2842 127321
7 2843 99555
7 2844 213976
7 2845 99710
7 2846 213223
7 2847 99550
7 2848 99365
7 2849 99365
7 2850 124605
7 2851 98166
7 2852 125160
7 2853 97840
7 2854 97840
7 2855 97840
7 2856 262084
7 2857 125844
7 2858 266045
7 2859 99182
7 2860 126329
7 2861 99185
7 2862 266057
7 2863 125831
7 2864 265416
7 2865 98675
7 2866 126463
7 2867 99071
7 2868 265108
7 2869 99124
7 2870 265262
7 2871 99051
7 2872 98631
7 2873 98631
7 2874 124708
7 2875 98155
7 2876 125149
7 2877 97944
7 2878 97944
7 2879 97944
7 2880 43678
7 2881 85758
7 2882 44128
7 2883 164998
7 2884 85896
7 2885 165021
7 2886 43750
7 2887 85857
7 2888 44258
7 2889 68067
7 2890 85995
7 2891 68205
7 2892 44197
7 2893 166095
7 2894 44145
7 2895 68376
7 2896 166309
7 2897 67497
7 2898 85932
7 2899 166228
7 2900 85938
7 2901 68306
7 2902 166317
7 2903 67485
7 2904 43748
7 2905 85852
7 2906 44132
7 2907 165082
7 2908 85927
7 2909 165082
7 2910 43823
7 2911 86043
7 2912 44273
7 2913 41182
7 2914 86115
7 2915 41185
7 2916 44330
7 2917 167180
7 2918 44333
7 2919 41316
7 2920 167382
7 2921 41259
7 2922 86056
7 2923 167171
7 2924 86177
7 2925 41324
7 2926 167454
7 2927 41247
7 2928 43821
7 2929 85996
7 2930 44326
7 2931 68754
7 2932 86138
7 2933 68767
7 2934 43749
7 2935 85757
7 2936 44269
7 2937 41185
7 2938 85902
7 2939 41185
7 2940 44270
7 2941 68847
7 2942 44264
7 2943 41318
7 2944 68754
7 2945 41182
7 2946 86108
7 2947 68954
7 2948 86101
7 2949 41318
7 2950 68855
7 2951 41186
7 2952 44125
7 2953 166160
7 2954 44198
7 2955 68828
7 2956 166080
7 2957 68026
7 2958 44197
7 2959 166336
7 2960 44196
7 2961 41255
7 2962 167367
7 2963 41313
7 2964 44206
7 2965 68865
7 2966 44132
7 2967 41253
7 2968 68944
7 2969 41248
7 2970 166088
7 2971 67980
7 2972 166481
7 2973 41112
7 2974 67986
7 2975 41110
7 2976 85850
7 2977 166185
7 2978 85922
7 2979 68747
7 2980 167087
7 2981 68156
7 2982 85930
7 2983 166235
7 2984 86052
7 2985 41252
7 2986 167398
7 2987 41318
7 2988 86058
7 2989 68788
7 2990 85907
7 2991 41265
7 2992 68867
7 2993 41245
7 2994 166148
7 2995 67989
7 2996 166481
7 2997 41114
7 2998 67982
7 2999 41108
7 3000 43750
7 3001 85858
7 3002 44136
7 3003 165092
7 3004 85933
7 3005 165092
7 3006 43751
7 3007 85854
7 3008 44260
7 3009 68138
7 3010 85994
7 3011 68240
7 3012 44195
7 3013 166172
7 3014 44134
7 3015 68338
7 3016 166313
7 3017 67494
7 3018 85935
7 3019 166274
7 3020 85927
7 3021 68302
7 3022 166292
7 3023 67442
7 3024 43815
7 3025 85917
7 3026 44135
7 3027 165029
7 3028 85926
7 3029 165029
7 3030 43686
7 3031 85922
7 3032 44126
7 3033 41035
7 3034 85992
7 3035 41038
7 3036 44275
7 3037 166342
7 3038 44260
7 3039 41232
7 3040 166414
7 3041 41188
7 3042 86003
7 3043 166249
7 3044 86126
7 3045 41243
7 3046 166439
7 3047 41178
7 3048 43817
7 3049 85920
7 3050 44321
7 3051 68718
7 3052 86130
7 3053 68731
7 3054 43818
7 3055 86018
7 3056 44196
7 3057 41102
7 3058 86022
7 3059 41102
7 3060 44327
7 3061 68737
7 3062 44320
7 3063 41304
7 3064 68674
7 3065 41243
7 3066 86127
7 3067 68883
7 3068 86186
7 3069 41309
7 3070 68810
7 3071 41247
7 3072 44262
7 3073 167224
7 3074 44262
7 3075 68901
7 3076 167386
7 3077 68145
7 3078 44324
7 3079 167165
7 3080 44190
7 3081 41178
7 3082 167368
7 3083 41241
7 3084 44326
7 3085 68865
7 3086 44256
7 3087 41237
7 3088 68823
7 3089 41308
7 3090 167470
7 3091 68084
7 3092 167519
7 3093 41177
7 3094 68601
7 3095 41184
7 3096 86000
7 3097 167199
7 3098 85984
7 3099 68899
7 3100 167331
7 3101 68113
7 3102 86059
7 3103 167196
7 3104 86060
7 3105 41183
7 3106 167465
7 3107 41311
7 3108 86173
7 3109 68860
7 3110 86114
7 3111 41256
7 3112 68864
7 3113 41306
7 3114 167494
7 3115 68084
7 3116 167494
7 3117 41179
7 3118 68565
7 3119 41178
7 3120 43815
7 3121 85910
7 3122 44132
7 3123 165026
7 3124 85916
7 3125 165026
7 3126 43813
7 3127 85909
7 3128 44326
7 3129 41248
7 3130 85980
7 3131 41250
7 3132 44333
7 3133 167092
7 3134 44206
7 3135 41313
7 3136 167327
7 3137 41248
7 3138 86055
7 3139 167141
7 3140 86031
7 3141 41318
7 3142 167308
7 3143 41176
7 3144 43743
7 3145 85711
7 3146 44027
7 3147 164952
7 3148 85735
7 3149 164953
7 3150 43810
7 3151 85909
7 3152 44191
7 3153 41100
7 3154 85981
7 3155 41102
7 3156 44141
7 3157 166296
7 3158 44199
7 3159 41169
7 3160 166375
7 3161 41178
7 3162 85836
7 3163 166174
7 3164 86009
7 3165 41242
7 3166 166376
7 3167 41108
7 3168 43677
7 3169 85778
7 3170 44195
7 3171 41117
7 3172 85988
7 3173 41117
7 3174 43677
7 3175 85746
7 3176 44119
7 3177 41034
7 3178 85718
7 3179 41034
7 3180 44122
7 3181 41170
7 3182 44122
7 3183 41168
7 3184 41031
7 3185 41031
7 3186 85916
7 3187 41186
7 3188 85970
7 3189 41177
7 3190 41035
7 3191 41035
7 3192 44261
7 3193 166291
7 3194 44233
7 3195 41316
7 3196 167199
7 3197 41322
7 3198 44261
7 3199 166304
7 3200 44198
7 3201 41240
7 3202 167298
7 3203 41313
7 3204 44122
7 3205 41178
7 3206 44059
7 3207 41166
7 3208 41096
7 3209 41096
7 3210 166203
7 3211 41246
7 3212 166376
7 3213 41240
7 3214 41164
7 3215 41164
7 3216 85984
7 3217 166243
7 3218 86026
7 3219 41329
7 3220 167298
7 3221 41249
7 3222 85977
7 3223 166243
7 3224 86046
7 3225 41311
7 3226 167344
7 3227 41247
7 3228 85996
7 3229 41315
7 3230 85884
7 3231 41306
7 3232 41165
7 3233 41165
7 3234 166226
7 3235 41242
7 3236 166376
7 3237 41237
7 3238 41101
7 3239 41101
7 3240 43685
7 3241 85873
7 3242 44202
7 3243 68180
7 3244 86023
7 3245 68179
7 3246 43752
7 3247 85827
7 3248 44267
7 3249 41182
7 3250 85907
7 3251 41182
7 3252 44202
7 3253 68741
7 3254 44206
7 3255 41259
7 3256 68790
7 3257 41119
7 3258 86037
7 3259 68928
7 3260 86006
7 3261 41260
7 3262 68747
7 3263 41119
7 3264 43754
7 3265 85900
7 3266 44192
7 3267 68178
7 3268 85976
7 3269 68168
7 3270 43681
7 3271 85760
7 3272 44127
7 3273 41036
7 3274 85861
7 3275 41036
7 3276 44261
7 3277 68824
7 3278 44251
7 3279 41236
7 3280 68781
7 3281 41184
7 3282 86065
7 3283 68850
7 3284 86020
7 3285 41246
7 3286 68777
7 3287 41177
7 3288 43680
7 3289 85692
7 3290 44195
7 3291 41110
7 3292 85865
7 3293 41109
7 3294 43545
7 3295 84464
7 3296 43988
7 3297 40960
7 3298 84535
7 3299 40960
7 3300 44062
7 3301 41107
7 3302 44026
7 3303 41101
7 3304 40964
7 3305 40964
7 3306 85774
7 3307 41173
7 3308 85588
7 3309 41102
7 3310 40964
7 3311 40964
7 3312 44055
7 3313 68249
7 3314 44068
7 3315 41184
7 3316 68654
7 3317 41114
7 3318 44065
7 3319 68249
7 3320 44048
7 3321 41105
7 3322 68840
7 3323 41170
7 3324 44056
7 3325 41172
7 3326 44014
7 3327 41103
7 3328 41098
7 3329 41098
7 3330 68023
7 3331 40966
7 3332 68142
7 3333 40959
7 3334 40959
7 3335 40959
7 3336 85874
7 3337 68340
7 3338 85875
7 3339 41254
7 3340 68857
7 3341 41183
7 3342 85886
7 3343 68339
7 3344 85896
7 3345 41179
7 3346 68921
7 3347 41237
7 3348 85869
7 3349 41251
7 3350 85694
7 3351 41178
7 3352 41101
7 3353 41101
7 3354 68066
7 3355 40966
7 3356 68150
7 3357 40960
7 3358 40960
7 3359 40960
7 3360 43978
7 3361 164977
7 3362 44054
7 3363 68195
7 3364 166046
7 3365 67482
7 3366 44052
7 3367 165159
7 3368 44126
7 3369 41185
7 3370 167128
7 3371 41253
7 3372 44126
7 3373 68759
7 3374 44056
7 3375 41185
7 3376 68814
7 3377 41186
7 3378 164967
7 3379 67848
7 3380 166168
7 3381 41109
7 3382 67927
7 3383 41108
7 3384 44054
7 3385 165156
7 3386 44055
7 3387 68237
7 3388 166202
7 3389 67442
7 3390 44114
7 3391 165115
7 3392 43979
7 3393 41034
7 3394 166282
7 3395 41176
7 3396 44124
7 3397 68725
7 3398 44119
7 3399 41109
7 3400 68807
7 3401 41247
7 3402 167111
7 3403 68025
7 3404 167053
7 3405 41102
7 3406 68468
7 3407 41175
7 3408 44119
7 3409 165119
7 3410 44118
7 3411 41247
7 3412 167150
7 3413 41249
7 3414 44050
7 3415 165117
7 3416 44116
7 3417 41109
7 3418 166316
7 3419 41182
7 3420 43919
7 3421 41104
7 3422 43949
7 3423 41031
7 3424 41034
7 3425 41034
7 3426 166185
7 3427 41241
7 3428 166289
7 3429 41235
7 3430 41095
7 3431 41095
7 3432 43986
7 3433 68178
7 3434 44056
7 3435 41176
7 3436 68741
7 3437 41117
7 3438 44056
7 3439 68180
7 3440 43982
7 3441 41036
7 3442 68785
7 3443 41174
7 3444 43986
7 3445 41106
7 3446 43886
7 3447 41029
7 3448 41033
7 3449 41033
7 3450 68129
7 3451 41032
7 3452 68216
7 3453 41024
7 3454 41024
7 3455 41024
7 3456 163752
7 3457 67201
7 3458 164923
7 3459 41024
7 3460 67724
7 3461 40961
7 3462 164955
7 3463 67200
7 3464 164985
7 3465 40883
7 3466 67726
7 3467 41020
7 3468 164986
7 3469 41022
7 3470 165080
7 3471 41020
7 3472 40883
7 3473 40883
7 3474 67133
7 3475 40954
7 3476 67733
7 3477 40883
7 3478 40884
7 3479 40884
7 3480 85690
7 3481 165049
7 3482 85769
7 3483 68131
7 3484 166200
7 3485 67557
7 3486 85771
7 3487 165094
7 3488 85962
7 3489 41249
7 3490 167196
7 3491 41314
7 3492 85962
7 3493 68660
7 3494 85757
7 3495 41256
7 3496 68820
7 3497 41246
7 3498 165993
7 3499 68053
7 3500 166396
7 3501 41180
7 3502 68048
7 3503 41171
7 3504 85773
7 3505 165157
7 3506 85771
7 3507 68204
7 3508 166276
7 3509 67555
7 3510 85844
7 3511 165156
7 3512 85835
7 3513 41099
7 3514 166395
7 3515 41243
7 3516 85946
7 3517 68702
7 3518 85963
7 3519 41181
7 3520 68743
7 3521 41305
7 3522 167276
7 3523 68106
7 3524 167280
7 3525 41237
7 3526 68628
7 3527 41241
7 3528 85844
7 3529 165156
7 3530 85954
7 3531 41316
7 3532 167197
7 3533 41312
7 3534 85765
7 3535 165149
7 3536 85960
7 3537 41178
7 3538 166433
7 3539 41244
7 3540 85740
7 3541 41244
7 3542 85773
7 3543 41174
7 3544 41098
7 3545 41098
7 3546 166218
7 3547 41242
7 3548 166337
7 3549 41237
7 3550 41162
7 3551 41162
7 3552 85831
7 3553 68292
7 3554 85871
7 3555 41316
7 3556 68737
7 3557 41250
7 3558 85893
7 3559 68293
7 3560 85800
7 3561 41178
7 3562 68887
7 3563 41297
7 3564 85814
7 3565 41250
7 3566 85517
7 3567 41171
7 3568 41164
7 3569 41164
7 3570 68086
7 3571 41032
7 3572 68208
7 3573 41022
7 3574 41022
7 3575 41022
7 3576 164674
7 3577 67308
7 3578 165103
7 3579 41032
7 3580 67833
7 3581 40966
7 3582 165111
7 3583 67307
7 3584 165125
7 3585 40954
7 3586 67834
7 3587 41032
7 3588 165122
7 3589 41032
7 3590 165152
7 3591 41032
7 3592 40954
7 3593 40954
7 3594 67295
7 3595 41020
7 3596 67830
7 3597 40953
7 3598 40954
7 3599 40954
7 3600 43918
7 3601 181488
7 3602 43990
7 3603 164774
7 3604 181079
7 3605 164077
7 3606 43992
7 3607 181592
7 3608 44120
7 3609 68236
7 3610 182168
7 3611 68223
7 3612 44123
7 3613 165925
7 3614 43996
7 3615 68242
7 3616 166241
7 3617 67557
7 3618 180988
7 3619 165165
7 3620 181115
7 3621 67419
7 3622 165348
7 3623 67416
7 3624 43992
7 3625 181604
7 3626 43993
7 3627 164906
7 3628 181187
7 3629 164084
7 3630 44133
7 3631 182020
7 3632 44130
7 3633 41175
7 3634 182344
7 3635 41253
7 3636 44190
7 3637 166836
7 3638 44195
7 3639 41188
7 3640 167131
7 3641 41318
7 3642 181838
7 3643 166075
7 3644 182454
7 3645 41254
7 3646 167251
7 3647 41255
7 3648 44130
7 3649 181923
7 3650 44188
7 3651 68789
7 3652 182519
7 3653 68748
7 3654 43997
7 3655 181467
7 3656 44196
7 3657 41188
7 3658 182153
7 3659 41255
7 3660 44128
7 3661 68840
7 3662 44125
7 3663 41188
7 3664 68867
7 3665 41185
7 3666 182244
7 3667 68901
7 3668 182156
7 3669 41316
7 3670 68834
7 3671 41245
7 3672 44124
7 3673 166255
7 3674 44190
7 3675 68866
7 3676 166986
7 3677 68155
7 3678 44188
7 3679 166305
7 3680 44123
7 3681 41188
7 3682 167457
7 3683 41316
7 3684 44131
7 3685 68773
7 3686 43990
7 3687 41175
7 3688 68870
7 3689 41182
7 3690 166167
7 3691 68060
7 3692 166551
7 3693 41176
7 3694 68057
7 3695 41169
7 3696 180654
7 3697 165038
7 3698 180940
7 3699 67916
7 3700 166029
7 3701 67891
7 3702 180977
7 3703 165039
7 3704 181598
7 3705 41103
7 3706 166175
7 3707 41178
7 3708 181597
7 3709 67925
7 3710 180977
7 3711 41180
7 3712 67895
7 3713 41105
7 3714 165271
7 3715 67923
7 3716 166321
7 3717 41105
7 3718 67899
7 3719 41097
7 3720 43991
7 3721 181607
7 3722 43998
7 3723 164908
7 3724 181187
7 3725 164095
7 3726 43993
7 3727 181591
7 3728 44125
7 3729 68247
7 3730 182171
7 3731 68227
7 3732 44125
7 3733 165990
7 3734 43996
7 3735 68241
7 3736 166254
7 3737 67560
7 3738 181061
7 3739 165176
7 3740 181112
7 3741 67417
7 3742 165349
7 3743 67406
7 3744 44063
7 3745 182033
7 3746 44067
7 3747 164974
7 3748 181308
7 3749 164101
7 3750 44067
7 3751 181589
7 3752 43985
7 3753 41028
7 3754 181877
7 3755 41170
7 3756 44256
7 3757 166213
7 3758 44128
7 3759 41107
7 3760 166426
7 3761 41246
7 3762 181622
7 3763 165251
7 3764 182054
7 3765 41179
7 3766 166471
7 3767 41187
7 3768 44132
7 3769 181848
7 3770 44258
7 3771 68835
7 3772 182572
7 3773 68753
7 3774 44138
7 3775 181962
7 3776 44125
7 3777 41105
7 3778 182007
7 3779 41178
7 3780 44196
7 3781 68764
7 3782 44189
7 3783 41176
7 3784 68849
7 3785 41249
7 3786 182570
7 3787 68845
7 3788 182616
7 3789 41308
7 3790 68862
7 3791 41308
7 3792 44258
7 3793 167211
7 3794 44193
7 3795 68861
7 3796 167516
7 3797 68154
7 3798 44324
7 3799 167195
7 3800 44192
7 3801 41174
7 3802 167476
7 3803 41312
7 3804 44262
7 3805 68848
7 3806 44131
7 3807 41106
7 3808 68858
7 3809 41249
7 3810 167565
7 3811 68152
7 3812 167603
7 3813 41247
7 3814 68671
7 3815 41243
7 3816 181296
7 3817 166090
7 3818 181291
7 3819 68009
7 3820 166359
7 3821 67998
7 3822 181782
7 3823 166139
7 3824 181970
7 3825 41099
7 3826 167305
7 3827 41178
7 3828 182328
7 3829 68587
7 3830 181971
7 3831 41181
7 3832 68586
7 3833 41174
7 3834 167457
7 3835 68131
7 3836 167463
7 3837 41178
7 3838 68593
7 3839 41171
7 3840 44065
7 3841 182039
7 3842 44067
7 3843 164978
7 3844 181308
7 3845 164098
7 3846 44128
7 3847 182013
7 3848 44252
7 3849 41253
7 3850 182735
7 3851 41322
7 3852 44255
7 3853 166794
7 3854 44193
7 3855 41255
7 3856 167417
7 3857 41320
7 3858 181960
7 3859 166151
7 3860 182507
7 3861 41256
7 3862 167237
7 3863 41251
7 3864 43991
7 3865 181605
7 3866 43991
7 3867 164916
7 3868 181147
7 3869 164056
7 3870 44131
7 3871 182020
7 3872 44125
7 3873 41107
7 3874 182068
7 3875 41182
7 3876 44192
7 3877 166299
7 3878 44126
7 3879 41108
7 3880 166487
7 3881 41250
7 3882 181496
7 3883 165209
7 3884 182173
7 3885 41182
7 3886 166450
7 3887 41180
7 3888 44064
7 3889 181504
7 3890 44188
7 3891 41254
7 3892 182169
7 3893 41256
7 3894 44064
7 3895 181504
7 3896 44186
7 3897 41172
7 3898 181785
7 3899 41181
7 3900 43978
7 3901 41103
7 3902 43979
7 3903 41035
7 3904 41032
7 3905 41032
7 3906 181815
7 3907 41259
7 3908 181848
7 3909 41252
7 3910 41163
7 3911 41163
7 3912 44182
7 3913 166125
7 3914 44250
7 3915 41316
7 3916 167037
7 3917 41325
7 3918 44248
7 3919 166209
7 3920 44176
7 3921 41170
7 3922 167254
7 3923 41310
7 3924 44119
7 3925 41180
7 3926 44110
7 3927 41167
7 3928 41102
7 3929 41102
7 3930 166068
7 3931 41312
7 3932 166421
7 3933 41301
7 3934 41230
7 3935 41230
7 3936 181491
7 3937 165234
7 3938 182331
7 3939 41259
7 3940 167191
7 3941 41249
7 3942 181425
7 3943 165227
7 3944 182340
7 3945 41243
7 3946 167258
7 3947 41244
7 3948 182011
7 3949 41307
7 3950 181944
7 3951 41305
7 3952 41098
7 3953 41098
7 3954 166038
7 3955 41310
7 3956 166426
7 3957 41297
7 3958 41164
7 3959 41164
7 3960 44066
7 3961 181486
7 3962 44227
7 3963 68266
7 3964 182162
7 3965 68228
7 3966 44133
7 3967 181807
7 3968 44328
7 3969 41318
7 3970 182406
7 3971 41320
7 3972 44193
7 3973 68815
7 3974 44223
7 3975 41316
7 3976 68882
7 3977 41255
7 3978 182130
7 3979 68906
7 3980 182246
7 3981 41325
7 3982 68798
7 3983 41249
7 3984 44133
7 3985 181877
7 3986 44133
7 3987 68228
7 3988 182161
7 3989 68153
7 3990 44066
7 3991 181378
7 3992 44192
7 3993 41170
7 3994 181771
7 3995 41178
7 3996 44196
7 3997 68825
7 3998 44124
7 3999 41170
7 4000 68837
7 4001 41308
7 4002 182499
7 4003 68771
7 4004 182423
7 4005 41311
7 4006 68829
7 4007 41241
7 4008 44068
7 4009 181315
7 4010 44259
7 4011 41255
7 4012 182020
7 4013 41251
7 4014 43931
7 4015 180723
7 4016 44065
7 4017 41104
7 4018 181086
7 4019 41105
7 4020 44118
7 4021 41178
7 4022 44085
7 4023 41164
7 4024 41100
7 4025 41100
7 4026 181709
7 4027 41249
7 4028 181709
7 4029 41180
7 4030 41104
7 4031 41104
7 4032 43985
7 4033 68178
7 4034 44056
7 4035 41176
7 4036 68743
7 4037 41117
7 4038 44056
7 4039 68180
7 4040 43918
7 4041 41031
7 4042 68790
7 4043 41170
7 4044 43982
7 4045 41105
7 4046 43916
7 4047 41030
7 4048 41031
7 4049 41031
7 4050 68178
7 4051 41032
7 4052 68234
7 4053 41024
7 4054 41024
7 4055 41024
7 4056 181636
7 4057 68313
7 4058 181790
7 4059 41312
7 4060 68837
7 4061 41240
7 4062 181792
7 4063 68308
7 4064 181732
7 4065 41237
7 4066 68841
7 4067 41237
7 4068 181732
7 4069 41310
7 4070 181664
7 4071 41241
7 4072 41162
7 4073 41162
7 4074 68131
7 4075 41032
7 4076 68221
7 4077 41022
7 4078 41022
7 4079 41022
7 4080 43978
7 4081 165024
7 4082 44054
7 4083 68200
7 4084 166167
7 4085 67504
7 4086 44052
7 4087 165167
7 4088 44126
7 4089 41185
7 4090 167186
7 4091 41255
7 4092 44124
7 4093 68762
7 4094 44053
7 4095 41182
7 4096 68861
7 4097 41180
7 4098 165864
7 4099 67988
7 4100 166324
7 4101 41117
7 4102 67998
7 4103 41111
7 4104 44054
7 4105 165167
7 4106 44055
7 4107 68242
7 4108 166263
7 4109 67495
7 4110 44119
7 4111 165118
7 4112 43985
7 4113 41034
7 4114 166300
7 4115 41183
7 4116 44120
7 4117 68727
7 4118 44121
7 4119 41105
7 4120 68815
7 4121 41243
7 4122 167210
7 4123 68087
7 4124 167231
7 4125 41173
7 4126 68605
7 4127 41185
7 4128 44119
7 4129 165115
7 4130 44116
7 4131 41245
7 4132 167112
7 4133 41249
7 4134 44045
7 4135 165075
7 4136 44110
7 4137 41107
7 4138 166263
7 4139 41181
7 4140 43975
7 4141 41105
7 4142 43973
7 4143 41030
7 4144 41033
7 4145 41033
7 4146 166193
7 4147 41240
7 4148 166263
7 4149 41237
7 4150 41160
7 4151 41160
7 4152 43984
7 4153 68181
7 4154 44051
7 4155 41169
7 4156 68787
7 4157 41111
7 4158 44053
7 4159 68179
7 4160 43980
7 4161 41029
7 4162 68790
7 4163 41167
7 4164 43979
7 4165 41097
7 4166 43545
7 4167 40957
7 4168 40961
7 4169 40961
7 4170 68161
7 4171 40966
7 4172 68181
7 4173 40961
7 4174 40961
7 4175 40961
7 4176 164674
7 4177 67308
7 4178 165103
7 4179 41032
7 4180 67833
7 4181 40966
7 4182 165111
7 4183 67307
7 4184 165125
7 4185 40954
7 4186 67834
7 4187 41032
7 4188 165122
7 4189 41032
7 4190 165152
7 4191 41032
7 4192 40954
7 4193 40954
7 4194 67295
7 4195 41020
7 4196 67830
7 4197 40953
7 4198 40954
7 4199 40954
7 4200 179594
7 4201 163828
7 4202 179873
7 4203 67234
7 4204 164983
7 4205 67212
7 4206 179910
7 4207 163825
7 4208 180819
7 4209 41032
7 4210 165823
7 4211 41100
7 4212 180815
7 4213 67758
7 4214 179872
7 4215 41102
7 4216 67771
7 4217 41033
7 4218 164938
7 4219 67832
7 4220 166023
7 4221 41031
7 4222 67738
7 4223 40961
7 4224 179913
7 4225 163961
7 4226 179873
7 4227 67243
7 4228 165055
7 4229 67211
7 4230 180398
7 4231 164023
7 4232 180494
7 4233 40883
7 4234 165922
7 4235 41030
7 4236 180815
7 4237 67826
7 4238 180850
7 4239 41027
7 4240 67793
7 4241 41094
7 4242 166904
7 4243 67830
7 4244 166931
7 4245 41094
7 4246 68354
7 4247 41034
7 4248 180398
7 4249 164022
7 4250 180853
7 4251 41163
7 4252 165820
7 4253 41104
7 4254 179913
7 4255 163968
7 4256 180886
7 4257 41030
7 4258 166051
7 4259 41032
7 4260 180526
7 4261 41098
7 4262 180526
7 4263 41094
7 4264 40883
7 4265 40883
7 4266 164914
7 4267 41162
7 4268 165953
7 4269 41090
7 4270 41024
7 4271 41024
7 4272 180559
7 4273 67926
7 4274 180884
7 4275 41230
7 4276 67824
7 4277 41160
7 4278 180949
7 4279 67864
7 4280 180494
7 4281 41094
7 4282 68386
7 4283 41090
7 4284 180431
7 4285 41164
7 4286 179911
7 4287 41034
7 4288 41024
7 4289 41024
7 4290 67132
7 4291 40954
7 4292 67733
7 4293 40882
7 4294 40883
7 4295 40883
7 4296 163752
7 4297 67201
7 4298 164923
7 4299 41024
7 4300 67724
7 4301 40961
7 4302 164955
7 4303 67200
7 4304 164985
7 4305 40883
7 4306 67726
7 4307 41020
7 4308 164986
7 4309 41022
7 4310 165080
7 4311 41020
7 4312 40883
7 4313 40883
7 4314 67133
7 4315 40954
7 4316 67733
7 4317 40883
7 4318 40884
7 4319 40884
7 4320 84464
7 4321 180477
7 4322 84520
7 4323 163731
7 4324 180771
7 4325 163826
7 4326 84549
7 4327 180506
7 4328 85588
7 4329 67236
7 4330 181024
7 4331 67988
7 4332 85596
7 4333 164861
7 4334 84517
7 4335 67986
7 4336 165067
7 4337 67325
7 4338 180800
7 4339 164973
7 4340 181018
7 4341 67326
7 4342 165051
7 4343 67209
7 4344 84547
7 4345 180565
7 4346 84525
7 4347 163822
7 4348 180828
7 4349 163828
7 4350 84814
7 4351 181482
7 4352 85818
7 4353 41028
7 4354 182026
7 4355 41107
7 4356 85735
7 4357 165843
7 4358 85801
7 4359 41105
7 4360 166023
7 4361 41170
7 4362 181707
7 4363 165951
7 4364 182318
7 4365 41172
7 4366 167001
7 4367 41104
7 4368 84812
7 4369 181474
7 4370 85717
7 4371 68416
7 4372 182040
7 4373 68516
7 4374 84555
7 4375 180529
7 4376 85796
7 4377 41107
7 4378 181474
7 4379 41108
7 4380 85775
7 4381 67906
7 4382 85745
7 4383 41174
7 4384 67770
7 4385 41034
7 4386 181849
7 4387 68695
7 4388 181999
7 4389 41170
7 4390 68599
7 4391 41107
7 4392 85808
7 4393 165969
7 4394 85787
7 4395 68676
7 4396 165953
7 4397 67968
7 4398 85773
7 4399 165978
7 4400 85711
7 4401 41176
7 4402 167046
7 4403 41170
7 4404 85764
7 4405 68580
7 4406 84511
7 4407 41106
7 4408 68603
7 4409 41105
7 4410 165067
7 4411 67843
7 4412 166202
7 4413 41031
7 4414 67817
7 4415 41029
7 4416 180654
7 4417 165034
7 4418 180932
7 4419 67914
7 4420 166018
7 4421 67879
7 4422 180977
7 4423 165032
7 4424 181580
7 4425 41035
7 4426 166087
7 4427 41164
7 4428 181579
7 4429 67907
7 4430 180894
7 4431 41167
7 4432 67813
7 4433 41030
7 4434 165076
7 4435 67839
7 4436 166146
7 4437 41030
7 4438 67732
7 4439 40957
7 4440 84544
7 4441 180570
7 4442 84530
7 4443 163820
7 4444 180831
7 4445 163840
7 4446 84551
7 4447 180482
7 4448 85596
7 4449 67239
7 4450 181074
7 4451 67990
7 4452 85598
7 4453 164901
7 4454 84517
7 4455 67986
7 4456 165078
7 4457 67325
7 4458 180824
7 4459 164979
7 4460 181016
7 4461 67326
7 4462 165053
7 4463 67209
7 4464 84628
7 4465 181054
7 4466 84634
7 4467 163884
7 4468 181045
7 4469 163900
7 4470 84761
7 4471 181154
7 4472 85682
7 4473 40883
7 4474 181631
7 4475 41026
7 4476 85869
7 4477 165914
7 4478 85873
7 4479 41029
7 4480 166049
7 4481 41102
7 4482 181585
7 4483 165228
7 4484 181987
7 4485 41102
7 4486 166293
7 4487 41036
7 4488 84819
7 4489 181473
7 4490 85855
7 4491 68463
7 4492 182188
7 4493 68622
7 4494 84830
7 4495 181513
7 4496 85865
7 4497 41029
7 4498 181776
7 4499 41031
7 4500 86003
7 4501 67874
7 4502 85968
7 4503 41167
7 4504 67797
7 4505 41098
7 4506 182161
7 4507 68732
7 4508 182491
7 4509 41166
7 4510 68641
7 4511 41170
7 4512 85967
7 4513 166948
7 4514 85823
7 4515 68679
7 4516 167057
7 4517 68013
7 4518 86038
7 4519 166938
7 4520 86040
7 4521 41167
7 4522 167166
7 4523 41166
7 4524 85963
7 4525 68701
7 4526 85771
7 4527 41039
7 4528 68639
7 4529 41172
7 4530 167209
7 4531 67946
7 4532 167297
7 4533 41104
7 4534 68442
7 4535 41103
7 4536 181288
7 4537 166079
7 4538 181204
7 4539 67988
7 4540 166227
7 4541 67880
7 4542 181774
7 4543 166135
7 4544 181954
7 4545 41098
7 4546 167230
7 4547 41170
7 4548 182309
7 4549 68573
7 4550 181882
7 4551 41172
7 4552 68514
7 4553 41101
7 4554 167321
7 4555 68052
7 4556 167298
7 4557 41103
7 4558 68436
7 4559 41030
7 4560 84632
7 4561 181060
7 4562 84634
7 4563 163894
7 4564 181045
7 4565 163900
7 4566 84816
7 4567 181509
7 4568 85988
7 4569 41170
7 4570 182416
7 4571 41182
7 4572 85873
7 4573 165833
7 4574 85840
7 4575 41178
7 4576 166978
7 4577 41178
7 4578 181931
7 4579 166043
7 4580 182407
7 4581 41181
7 4582 167100
7 4583 41105
7 4584 84554
7 4585 180570
7 4586 84524
7 4587 163834
7 4588 180795
7 4589 163831
7 4590 84824
7 4591 181543
7 4592 85869
7 4593 41026
7 4594 181843
7 4595 41040
7 4596 85748
7 4597 166008
7 4598 85872
7 4599 41031
7 4600 166226
7 4601 41108
7 4602 181370
7 4603 165149
7 4604 182072
7 4605 41108
7 4606 166249
7 4607 41036
7 4608 84764
7 4609 181186
7 4610 85934
7 4611 41179
7 4612 182044
7 4613 41182
7 4614 84763
7 4615 181186
7 4616 85932
7 4617 41102
7 4618 181699
7 4619 41108
7 4620 85772
7 4621 41099
7 4622 85771
7 4623 41098
7 4624 40883
7 4625 40883
7 4626 181726
7 4627 41243
7 4628 181758
7 4629 41233
7 4630 41030
7 4631 41030
7 4632 85914
7 4633 165921
7 4634 85953
7 4635 41308
7 4636 166033
7 4637 41311
7 4638 85976
7 4639 166054
7 4640 85923
7 4641 41166
7 4642 167166
7 4643 41235
7 4644 85954
7 4645 41181
7 4646 85821
7 4647 41172
7 4648 41027
7 4649 41027
7 4650 164971
7 4651 41237
7 4652 166088
7 4653 41162
7 4654 41094
7 4655 41094
7 4656 181471
7 4657 165171
7 4658 182242
7 4659 41252
7 4660 167101
7 4661 41180
7 4662 181409
7 4663 165169
7 4664 182222
7 4665 41233
7 4666 167173
7 4667 41174
7 4668 181959
7 4669 41305
7 4670 181863
7 4671 41300
7 4672 41094
7 4673 41094
7 4674 166016
7 4675 41241
7 4676 166367
7 4677 41230
7 4678 41034
7 4679 41034
7 4680 84765
7 4681 181221
7 4682 85861
7 4683 68091
7 4684 182180
7 4685 68137
7 4686 84825
7 4687 181543
7 4688 86060
7 4689 41246
7 4690 182366
7 4691 41250
7 4692 86008
7 4693 67929
7 4694 85938
7 4695 41312
7 4696 68575
7 4697 41183
7 4698 181794
7 4699 68766
7 4700 182235
7 4701 41310
7 4702 68673
7 4703 41181
7 4704 84824
7 4705 181614
7 4706 85731
7 4707 68083
7 4708 182207
7 4709 68032
7 4710 84756
7 4711 181152
7 4712 85935
7 4713 41102
7 4714 181768
7 4715 41108
7 4716 85971
7 4717 68521
7 4718 85899
7 4719 41166
7 4720 68609
7 4721 41233
7 4722 182542
7 4723 68705
7 4724 182378
7 4725 41235
7 4726 68665
7 4727 41174
7 4728 84760
7 4729 181091
7 4730 85998
7 4731 41187
7 4732 182017
7 4733 41180
7 4734 84550
7 4735 180527
7 4736 85737
7 4737 41036
7 4738 181113
7 4739 41036
7 4740 85946
7 4741 41178
7 4742 85877
7 4743 41170
7 4744 41030
7 4745 41030
7 4746 181730
7 4747 41244
7 4748 181731
7 4749 41174
7 4750 41032
7 4751 41032
7 4752 85764
7 4753 68049
7 4754 85862
7 4755 41247
7 4756 67872
7 4757 41173
7 4758 85863
7 4759 68051
7 4760 85691
7 4761 41104
7 4762 68532
7 4763 41162
7 4764 85815
7 4765 41178
7 4766 85591
7 4767 41103
7 4768 41094
7 4769 41094
7 4770 67132
7 4771 40954
7 4772 67733
7 4773 40882
7 4774 40883
7 4775 40883
7 4776 181322
7 4777 68205
7 4778 181776
7 4779 41301
7 4780 68732
7 4781 41237
7 4782 181778
7 4783 68201
7 4784 181681
7 4785 41162
7 4786 68734
7 4787 41228
7 4788 181684
7 4789 41297
7 4790 181617
7 4791 41230
7 4792 41090
7 4793 41090
7 4794 68036
7 4795 41032
7 4796 68190
7 4797 41020
7 4798 41020
7 4799 41020
7 4800 85666
7 4801 164934
7 4802 85767
7 4803 68125
7 4804 165996
7 4805 67529
7 4806 85762
7 4807 165074
7 4808 85951
7 4809 41249
7 4810 167082
7 4811 41308
7 4812 85910
7 4813 68650
7 4814 85673
7 4815 41249
7 4816 68769
7 4817 41243
7 4818 164937
7 4819 67908
7 4820 166215
7 4821 41170
7 4822 67975
7 4823 41167
7 4824 85768
7 4825 165129
7 4826 85764
7 4827 68194
7 4828 166140
7 4829 67454
7 4830 85827
7 4831 165093
7 4832 85826
7 4833 41098
7 4834 166309
7 4835 41233
7 4836 85840
7 4837 68649
7 4838 85928
7 4839 41172
7 4840 68729
7 4841 41300
7 4842 167124
7 4843 68040
7 4844 167069
7 4845 41162
7 4846 68486
7 4847 41230
7 4848 85820
7 4849 165090
7 4850 85821
7 4851 41308
7 4852 167021
7 4853 41241
7 4854 85627
7 4855 165030
7 4856 85823
7 4857 41170
7 4858 166308
7 4859 41174
7 4860 85688
7 4861 41174
7 4862 85656
7 4863 41101
7 4864 41094
7 4865 41094
7 4866 166081
7 4867 41237
7 4868 166277
7 4869 41228
7 4870 41090
7 4871 41090
7 4872 85781
7 4873 68220
7 4874 85743
7 4875 41243
7 4876 68670
7 4877 41185
7 4878 85812
7 4879 68214
7 4880 85678
7 4881 41103
7 4882 68813
7 4883 41230
7 4884 85616
7 4885 41171
7 4886 84464
7 4887 41030
7 4888 41034
7 4889 41034
7 4890 68036
7 4891 41032
7 4892 68190
7 4893 41020
7 4894 41020
7 4895 41020
7 4896 163706
7 4897 67201
7 4898 164915
7 4899 41024
7 4900 67724
7 4901 40961
7 4902 164948
7 4903 67200
7 4904 164979
7 4905 40882
7 4906 67726
7 4907 41020
7 4908 164980
7 4909 41022
7 4910 165077
7 4911 41020
7 4912 40882
7 4913 40882
7 4914 67132
7 4915 40953
7 4916 67732
7 4917 40882
7 4918 40883
7 4919 40883
7 4920 179594
7 4921 163828
7 4922 179873
7 4923 67234
7 4924 164983
7 4925 67212
7 4926 179910
7 4927 163825
7 4928 180819
7 4929 41032
7 4930 165823
7 4931 41100
7 4932 180815
7 4933 67758
7 4934 179872
7 4935 41102
7 4936 67771
7 4937 41033
7 4938 164938
7 4939 67832
7 4940 166023
7 4941 41031
7 4942 67738
7 4943 40961
7 4944 179913
7 4945 163961
7 4946 179873
7 4947 67243
7 4948 165055
7 4949 67211
7 4950 180398
7 4951 164023
7 4952 180494
7 4953 40883
7 4954 165922
7 4955 41030
7 4956 180815
7 4957 67826
7 4958 180850
7 4959 41027
7 4960 67793
7 4961 41094
7 4962 166904
7 4963 67830
7 4964 166931
7 4965 41094
7 4966 68354
7 4967 41034
7 4968 180398
7 4969 164022
7 4970 180853
7 4971 41163
7 4972 165820
7 4973 41104
7 4974 179913
7 4975 163968
7 4976 180886
7 4977 41030
7 4978 166051
7 4979 41032
7 4980 180526
7 4981 41098
7 4982 180526
7 4983 41094
7 4984 40883
7 4985 40883
7 4986 164914
7 4987 41162
7 4988 165953
7 4989 41090
7 4990 41024
7 4991 41024
7 4992 180559
7 4993 67926
7 4994 180884
7 4995 41230
7 4996 67824
7 4997 41160
7 4998 180949
7 4999 67864
7 5000 180494
7 5001 41094
7 5002 68386
7 5003 41090
7 5004 180431
7 5005 41164
7 5006 179911
7 5007 41034
7 5008 41024
7 5009 41024
7 5010 67132
7 5011 40954
7 5012 67733
7 5013 40882
7 5014 40883
7 5015 40883
7 5016 163752
7 5017 67201
7 5018 164923
7 5019 41024
7 5020 67724
7 5021 40961
7 5022 164955
7 5023 67200
7 5024 164985
7 5025 40883
7 5026 67726
7 5027 41020
7 5028 164986
7 5029 41022
7 5030 165080
7 5031 41020
7 5032 40883
7 5033 40883
7 5034 67133
7 5035 40954
7 5036 67733
7 5037 40883
7 5038 40884
7 5039 40884
