3 0 3628800
3 1 3628800
3 2 3628800
3 3 3628765
3 4 3628272
3 5 3628471
4 0 3494510
4 1 3588276
4 2 3479292
4 3 3625272
4 4 3598572
4 5 3625272
4 6 3524025
4 7 3603513
4 8 3576605
4 9 3559705
4 10 3603656
4 11 3587022
4 12 3474880
4 13 3553942
4 14 3471535
4 15 3492824
4 16 3541220
4 17 3485799
4 18 3410976
4 19 3499691
4 20 3440752
4 21 3365644
4 22 3473182
4 23 3375764
5 0 2032885
5 1 2316270
5 2 2030173
5 3 2972789
5 4 2327464
5 5 2899459
5 6 2025846
5 7 2282874
5 8 2082301
5 9 3047618
5 10 2301079
5 11 3057540
5 12 2082924
5 13 3020123
5 14 2017397
5 15 3054564
5 16 3007806
5 17 3057540
5 18 2344374
5 19 3024419
5 20 2308950
5 21 3054564
5 22 3004081
5 23 3047618
5 24 2455650
5 25 2899894
5 26 2449817
5 27 3255560
5 28 2909416
5 29 3240700
5 30 2490293
5 31 3014543
5 32 2508138
5 33 2588873
5 34 3015070
5 35 2701185
5 36 2510168
5 37 3302106
5 38 2514314
5 39 2675065
5 40 3240748
5 41 2702649
5 42 2949989
5 43 3308446
5 44 3023107
5 45 2712954
5 46 3255680
5 47 2730373
5 48 2290479
5 49 2740178
5 50 2389501
5 51 2800314
5 52 2745128
5 53 2799274
5 54 2288710
5 55 2739006
5 56 2428518
5 57 2380080
5 58 2743273
5 59 2379675
5 60 2455927
5 61 2755865
5 62 2429161
5 63 2409651
5 64 2713316
5 65 2345694
5 66 2742152
5 67 2816976
5 68 2743088
5 69 2411537
5 70 2781268
5 71 2414215
5 72 1706752
5 73 2477996
5 74 1738682
5 75 2448915
5 76 2441594
5 77 2436965
5 78 1740659
5 79 2482904
5 80 1731086
5 81 1921374
5 82 2491515
5 83 1914582
5 84 1731596
5 85 2429167
5 86 1694400
5 87 1922306
5 88 2404828
5 89 1885645
5 90 2386878
5 91 2411436
5 92 2453189
5 93 1858145
5 94 2389810
5 95 1862942
5 96 1812298
5 97 2365681
5 98 1823587
5 99 2325841
5 100 2368398
5 101 2323756
5 102 1826638
5 103 2368707
5 104 1858441
5 105 1736820
5 106 2360453
5 107 1795750
5 108 1861107
5 109 2323969
5 110 1818175
5 111 1795173
5 112 2296236
5 113 1743822
5 114 2314136
5 115 2315144
5 116 2328674
5 117 1741142
5 118 2300776
5 119 1746205
6 0 502590
6 1 549219
6 2 502518
6 3 842919
6 4 551230
6 5 826620
6 6 502412
6 7 549044
6 8 508660
6 9 1409678
6 10 554901
6 11 1408895
6 12 508662
6 13 840802
6 14 502375
6 15 1409026
6 16 830359
6 17 1406527
6 18 554095
6 19 839658
6 20 555182
6 21 1405034
6 22 831382
6 23 1384900
6 24 501855
6 25 548486
6 26 501763
6 27 837664
6 28 551002
6 29 817642
6 30 514441
6 31 564082
6 32 519245
6 33 1135610
6 34 570109
6 35 1145287
6 36 517395
6 37 854037
6 38 519023
6 39 1145672
6 40 848605
6 41 1152860
6 42 566690
6 43 831345
6 44 572314
6 45 1151911
6 46 847787
6 47 1146519
6 48 514393
6 49 563981
6 50 517355
6 51 1471432
6 52 569276
6 53 1453863
6 54 501420
6 55 546184
6 56 518774
6 57 1144717
6 58 563532
6 59 1145209
6 60 518043
6 61 1496362
6 62 517409
6 63 1159357
6 64 1471783
6 65 1146519
6 66 570437
6 67 1496358
6 68 568650
6 69 1157966
6 70 1477934
6 71 1152860
6 72 519039
6 73 857564
6 74 518853
6 75 1490019
6 76 851500
6 77 1488223
6 78 518748
6 79 833943
6 80 516745
6 81 1157963
6 82 840123
6 83 1157966
6 84 517733
6 85 1489434
6 86 501480
6 87 1144913
6 88 1476572
6 89 1151911
6 90 841154
6 91 1479528
6 92 835786
6 93 1145209
6 94 1472041
6 95 1145287
6 96 563720
6 97 852066
6 98 566557
6 99 1475113
6 100 850968
6 101 1457078
6 102 566191
6 103 845328
6 104 571083
6 105 1144913
6 106 832413
6 107 1159357
6 108 570510
6 109 1492938
6 110 560698
6 111 1157963
6 112 1468560
6 113 1145672
6 114 842065
6 115 1477942
6 116 823416
6 117 1144717
6 118 1462601
6 119 1135610
6 120 885460
6 121 929326
6 122 885156
6 123 1711775
6 124 934986
6 125 1671455
6 126 884823
6 127 925094
6 128 895608
6 129 1934649
6 130 931841
6 131 1935675
6 132 895674
6 133 1720974
6 134 884724
6 135 1935412
6 136 1689182
6 137 1935620
6 138 933189
6 139 1720963
6 140 932643
6 141 1935290
6 142 1688975
6 143 1931680
6 144 889495
6 145 933354
6 146 889314
6 147 1736303
6 148 936306
6 149 1709990
6 150 890975
6 151 940850
6 152 890614
6 153 919785
6 154 948924
6 155 949286
6 156 901415
6 157 1760856
6 158 894703
6 159 950889
6 160 1737668
6 161 960472
6 162 945765
6 163 1734738
6 164 954905
6 165 957663
6 166 1728772
6 167 955654
6 168 892757
6 169 933503
6 170 904716
6 171 1956751
6 172 950605
6 173 1954355
6 174 893045
6 175 934607
6 176 893742
6 177 943183
6 178 937901
6 179 945153
6 180 902848
6 181 1954754
6 182 900986
6 183 955375
6 184 1931680
6 185 947050
6 186 951665
6 187 1968765
6 188 953952
6 189 954411
6 190 1935380
6 191 960755
6 192 904251
6 193 1750458
6 194 898809
6 195 1973030
6 196 1719696
6 197 1973533
6 198 908283
6 199 1764141
6 200 901232
6 201 964087
6 202 1758193
6 203 962022
6 204 903821
6 205 1958887
6 206 893492
6 207 954586
6 208 1935380
6 209 960637
6 210 1703543
6 211 1956419
6 212 1729050
6 213 956087
6 214 1935825
6 215 955325
6 216 941105
6 217 1732543
6 218 938620
6 219 1959957
6 220 1714921
6 221 1955082
6 222 946513
6 223 1767502
6 224 953223
6 225 952843
6 226 1758953
6 227 965637
6 228 956493
6 229 1972595
6 230 943736
6 231 964267
6 232 1935412
6 233 955514
6 234 1707592
6 235 1957342
6 236 1726539
6 237 956930
6 238 1934649
6 239 950382
6 240 856169
6 241 1196060
6 242 856123
6 243 1607463
6 244 1197013
6 245 1595582
6 246 868552
6 247 1263749
6 248 881197
6 249 1182140
6 250 1265780
6 251 1198418
6 252 878828
6 253 1641035
6 254 880715
6 255 1190924
6 256 1606295
6 257 1196594
6 258 1215788
6 259 1640137
6 260 1265816
6 261 1196088
6 262 1607890
6 263 1196404
6 264 856100
6 265 1195991
6 266 856054
6 267 1607463
6 268 1197013
6 269 1595530
6 270 870115
6 271 1274372
6 272 871571
6 273 911588
6 274 1266239
6 275 921395
6 276 879950
6 277 1646168
6 278 871462
6 279 911966
6 280 1607624
6 281 921677
6 282 1216617
6 283 1637658
6 284 1267504
6 285 922351
6 286 1606216
6 287 919996
6 288 871869
6 289 1291832
6 290 882359
6 291 1185767
6 292 1299831
6 293 1202396
6 294 871195
6 295 1283545
6 296 881975
6 297 927890
6 298 1283394
6 299 933401
6 300 872039
6 301 1146497
6 302 871990
6 303 924347
6 304 1133450
6 305 903645
6 306 1292602
6 307 1212433
6 308 1291190
6 309 950128
6 310 1187122
6 311 926785
6 312 882659
6 313 1643759
6 314 892573
6 315 1198697
6 316 1635952
6 317 1203406
6 318 891360
6 319 1643677
6 320 882981
6 321 932557
6 322 1635521
6 323 932460
6 324 884986
6 325 1193379
6 326 883714
6 327 942478
6 328 1178946
6 329 922529
6 330 1595680
6 331 1193329
6 332 1595732
6 333 923188
6 334 1188602
6 335 924805
6 336 1219041
6 337 1650477
6 338 1282585
6 339 1214310
6 340 1647420
6 341 1218676
6 342 1226842
6 343 1652898
6 344 1283067
6 345 936839
6 346 1642595
6 347 943087
6 348 1291668
6 349 1205783
6 350 1283650
6 351 950527
6 352 1193218
6 353 927382
6 354 1607655
6 355 1213358
6 356 1607655
6 357 939746
6 358 1202324
6 359 930173
6 360 508790
6 361 642838
6 362 534098
6 363 1065905
6 364 651338
6 365 1063058
6 366 517755
6 367 651760
6 368 542780
6 369 826089
6 370 654849
6 371 831457
6 372 533737
6 373 1053337
6 374 537759
6 375 831656
6 376 1058836
6 377 826147
6 378 645396
6 379 1065067
6 380 654781
6 381 831714
6 382 1058790
6 383 826455
6 384 517938
6 385 651944
6 386 536359
6 387 1068135
6 388 654236
6 389 1058609
6 390 511450
6 391 652775
6 392 536273
6 393 532872
6 394 653675
6 395 535486
6 396 544097
6 397 1080261
6 398 534867
6 399 538723
6 400 1072234
6 401 541300
6 402 656624
6 403 1074659
6 404 655068
6 405 539843
6 406 1070140
6 407 539932
6 408 511428
6 409 652755
6 410 535033
6 411 827000
6 412 655637
6 413 824639
6 414 507755
6 415 641857
6 416 534031
6 417 533819
6 418 644306
6 419 533663
6 420 533567
6 421 823254
6 422 532325
6 423 540355
6 424 819335
6 425 525993
6 426 653457
6 427 829672
6 428 650559
6 429 540001
6 430 818916
6 431 525790
6 432 531230
6 433 1065045
6 434 541945
6 435 832729
6 436 1040261
6 437 821030
6 438 540757
6 439 1075479
6 440 532040
6 441 539448
6 442 1076897
6 443 537686
6 444 533888
6 445 827279
6 446 525800
6 447 539161
6 448 823916
6 449 530831
6 450 1021736
6 451 813444
6 452 1054860
6 453 522027
6 454 808241
6 455 522270
6 456 643677
6 457 1072105
6 458 654802
6 459 832146
6 460 1059471
6 461 831519
6 462 654693
6 463 1076419
6 464 652930
6 465 538233
6 466 1074716
6 467 544308
6 468 653144
6 469 829449
6 470 644514
6 471 544802
6 472 824153
6 473 531093
6 474 1034555
6 475 823188
6 476 1062731
6 477 529815
6 478 820266
6 479 529827
6 480 339137
6 481 692586
6 482 340937
6 483 956241
6 484 686339
6 485 955282
6 486 340829
6 487 692345
6 488 342569
6 489 706219
6 490 692038
6 491 709081
6 492 342463
6 493 958440
6 494 340861
6 495 708384
6 496 952824
6 497 701049
6 498 681782
6 499 949718
6 500 682929
6 501 694546
6 502 950413
6 503 696159
6 504 340949
6 505 693025
6 506 340981
6 507 957191
6 508 684436
6 509 954341
6 510 342355
6 511 694424
6 512 339348
6 513 406855
6 514 695168
6 515 410115
6 516 342214
6 517 958036
6 518 342279
6 519 410158
6 520 956756
6 521 410721
6 522 684326
6 523 955502
6 524 692538
6 525 407064
6 526 956996
6 527 409059
6 528 342356
6 529 693141
6 530 342224
6 531 709749
6 532 695423
6 533 707969
6 534 340805
6 535 680572
6 536 342114
6 537 409037
6 538 682118
6 539 409848
6 540 339112
6 541 704246
6 542 339047
6 543 407792
6 544 704130
6 545 399726
6 546 692248
6 547 708694
6 548 689915
6 549 408196
6 550 702951
6 551 399420
6 552 339301
6 553 949368
6 554 340807
6 555 706844
6 556 944176
6 557 698946
6 558 340923
6 559 949132
6 560 339047
6 561 408035
6 562 950723
6 563 408525
6 564 339000
6 565 704474
6 566 337210
6 567 406078
6 568 703149
6 569 398638
6 570 928605
6 571 695157
6 572 932607
6 573 396251
6 574 695157
6 575 396263
6 576 669150
6 577 936523
6 578 670220
6 579 691352
6 580 939010
6 581 692277
6 582 670835
6 583 936664
6 584 679466
6 585 393722
6 586 938650
6 587 402874
6 588 679631
6 589 691206
6 590 669379
6 591 402825
6 592 689157
6 593 394042
6 594 926060
6 595 690831
6 596 931925
6 597 393903
6 598 690070
6 599 394155
6 600 384469
6 601 679424
6 602 386718
6 603 943944
6 604 681404
6 605 937012
6 606 386790
6 607 680783
6 608 394141
6 609 691084
6 610 681686
6 611 702540
6 612 394114
6 613 947310
6 614 387291
6 615 702456
6 616 941595
6 617 693971
6 618 681337
6 619 946589
6 620 680370
6 621 693189
6 622 941630
6 623 692469
6 624 386935
6 625 681488
6 626 386990
6 627 945275
6 628 681489
6 629 937020
6 630 389544
6 631 692236
6 632 393950
6 633 393696
6 634 690477
6 635 406175
6 636 395138
6 637 954338
6 638 395792
6 639 404278
6 640 946458
6 641 405383
6 642 682158
6 643 947774
6 644 691513
6 645 406360
6 646 949373
6 647 405913
6 648 389539
6 649 692306
6 650 394538
6 651 702795
6 652 694378
6 653 704465
6 654 386955
6 655 680339
6 656 395196
6 657 404746
6 658 682493
6 659 405382
6 660 392925
6 661 694153
6 662 392196
6 663 406335
6 664 688860
6 665 394014
6 666 689899
6 667 705318
6 668 688210
6 669 405146
6 670 702156
6 671 399008
6 672 392776
6 673 953418
6 674 394393
6 675 704995
6 676 945830
6 677 695867
6 678 393260
6 679 950054
6 680 392195
6 681 406897
6 682 950715
6 683 405785
6 684 394053
6 685 703577
6 686 385749
6 687 406890
6 688 702163
6 689 399004
6 690 925758
6 691 690659
6 692 931921
6 693 393835
6 694 689898
6 695 394088
6 696 669150
6 697 936523
6 698 670220
6 699 691352
6 700 939010
6 701 692277
6 702 670835
6 703 936664
6 704 679466
6 705 393722
6 706 938650
6 707 402874
6 708 679631
6 709 691206
6 710 669379
6 711 402825
6 712 689157
6 713 394042
6 714 926060
6 715 690831
6 716 931925
6 717 393903
6 718 690070
6 719 394155
7 0 56850
7 1 56850
7 2 56849
7 3 83699
7 4 56920
7 5 83085
7 6 56849
7 7 56849
7 8 56996
7 9 181041
7 10 56998
7 11 180924
7 12 56996
7 13 83692
7 14 56849
7 15 180927
7 16 83162
7 17 180884
7 18 56937
7 19 83686
7 20 57000
7 21 180847
7 22 83167
7 23 179370
7 24 56847
7 25 56847
7 26 56846
7 27 83699
7 28 56920
7 29 83082
7 30 57112
7 31 57112
7 32 57140
7 33 312388
7 34 57272
7 35 312908
7 36 57183
7 37 84472
7 38 57192
7 39 312971
7 40 83956
7 41 313907
7 42 57258
7 43 83901
7 44 57338
7 45 313842
7 46 84022
7 47 313031
7 48 57112
7 49 57112
7 50 57184
7 51 181896
7 52 57260
7 53 180726
7 54 56847
7 55 56847
7 56 57193
7 57 313003
7 58 57200
7 59 313003
7 60 57134
7 61 182107
7 62 57129
7 63 313848
7 64 180027
7 65 312394
7 66 57218
7 67 181559
7 68 57267
7 69 313815
7 70 180075
7 71 313360
7 72 57138
7 73 84439
7 74 57190
7 75 182981
7 76 83917
7 77 182950
7 78 57192
7 79 83872
7 80 57124
7 81 313812
7 82 83916
7 83 313773
7 84 57132
7 85 181855
7 86 56847
7 87 312971
7 88 180086
7 89 313360
7 90 83304
7 91 181112
7 92 83348
7 93 312349
7 94 180005
7 95 312394
7 96 57065
7 97 83835
7 98 57137
7 99 182078
7 100 83923
7 101 180678
7 102 57139
7 103 83866
7 104 57218
7 105 312353
7 106 83845
7 107 313772
7 108 57212
7 109 181624
7 110 57132
7 111 313781
7 112 179572
7 113 312391
7 114 83312
7 115 180912
7 116 83321
7 117 312350
7 118 179646
7 119 311480
7 120 56830
7 121 56830
7 122 56829
7 123 83679
7 124 56900
7 125 83065
7 126 56829
7 127 56829
7 128 56996
7 129 180981
7 130 56998
7 131 180810
7 132 56996
7 133 83692
7 134 56829
7 135 180810
7 136 83162
7 137 180753
7 138 56937
7 139 83686
7 140 57000
7 141 180696
7 142 83167
7 143 178620
7 144 57778
7 145 57778
7 146 57778
7 147 84915
7 148 57796
7 149 84648
7 150 57978
7 151 57978
7 152 57991
7 153 153710
7 154 58155
7 155 154871
7 156 58191
7 157 85713
7 158 58082
7 159 154932
7 160 85137
7 161 155072
7 162 58159
7 163 85358
7 164 58227
7 165 155003
7 166 85139
7 167 155034
7 168 57937
7 169 57937
7 170 58125
7 171 183032
7 172 58137
7 173 182664
7 174 57931
7 175 57931
7 176 58076
7 177 154909
7 178 58151
7 179 154944
7 180 58153
7 181 183282
7 182 58136
7 183 155203
7 184 181936
7 185 154957
7 186 58227
7 187 183765
7 188 58284
7 189 155200
7 190 181992
7 191 155142
7 192 58129
7 193 85360
7 194 58015
7 195 183623
7 196 84921
7 197 183751
7 198 58266
7 199 85471
7 200 58145
7 201 155300
7 202 85460
7 203 155216
7 204 58209
7 205 183163
7 206 57935
7 207 155079
7 208 181996
7 209 155150
7 210 84414
7 211 182857
7 212 85067
7 213 155087
7 214 182019
7 215 155091
7 216 58066
7 217 84860
7 218 58072
7 219 182803
7 220 84794
7 221 179977
7 222 58221
7 223 85643
7 224 58239
7 225 154998
7 226 85347
7 227 155290
7 228 58292
7 229 183729
7 230 58222
7 231 155329
7 232 181843
7 233 155083
7 234 84496
7 235 182520
7 236 84866
7 237 155088
7 238 181647
7 239 154856
7 240 57776
7 241 57776
7 242 57776
7 243 84910
7 244 57796
7 245 84644
7 246 57907
7 247 57907
7 248 58119
7 249 324617
7 250 58186
7 251 324710
7 252 58113
7 253 85471
7 254 57984
7 255 324706
7 256 84941
7 257 324932
7 258 58129
7 259 85465
7 260 58191
7 261 324929
7 262 84949
7 263 323778
7 264 56823
7 265 56823
7 266 56822
7 267 83650
7 268 56920
7 269 82924
7 270 57977
7 271 57977
7 272 58081
7 273 154757
7 274 58160
7 275 155041
7 276 58069
7 277 85408
7 278 58078
7 279 154924
7 280 84997
7 281 155099
7 282 58108
7 283 84624
7 284 58230
7 285 155096
7 286 84995
7 287 154965
7 288 57949
7 289 57949
7 290 58252
7 291 327580
7 292 58327
7 293 327578
7 294 57978
7 295 57978
7 296 58238
7 297 156023
7 298 58290
7 299 156091
7 300 58102
7 301 327512
7 302 58115
7 303 156094
7 304 325963
7 305 154856
7 306 58272
7 307 329702
7 308 58291
7 309 156374
7 310 327336
7 311 155091
7 312 58247
7 313 85457
7 314 58200
7 315 329849
7 316 85670
7 317 330225
7 318 58231
7 319 85552
7 320 58184
7 321 156118
7 322 85560
7 323 156254
7 324 58192
7 325 328781
7 326 58151
7 327 156189
7 328 327359
7 329 155083
7 330 84964
7 331 329894
7 332 85158
7 333 156058
7 334 328455
7 335 155142
7 336 58265
7 337 85614
7 338 58407
7 339 329438
7 340 85586
7 341 328239
7 342 58189
7 343 85417
7 344 58429
7 345 156158
7 346 84920
7 347 156231
7 348 58346
7 349 330474
7 350 58350
7 351 156435
7 352 328249
7 353 155150
7 354 85165
7 355 329911
7 356 85150
7 357 156183
7 358 327466
7 359 154957
7 360 58024
7 361 58024
7 362 58246
7 363 183137
7 364 58267
7 365 182518
7 366 57978
7 367 57978
7 368 58316
7 369 326098
7 370 58326
7 371 326221
7 372 58199
7 373 184027
7 374 58253
7 375 327040
7 376 182039
7 377 325767
7 378 58218
7 379 183789
7 380 58283
7 381 327116
7 382 182041
7 383 325869
7 384 58003
7 385 58003
7 386 58114
7 387 181973
7 388 58215
7 389 180147
7 390 57885
7 391 57885
7 392 58263
7 393 155899
7 394 58275
7 395 156091
7 396 58211
7 397 183857
7 398 58129
7 399 156123
7 400 182863
7 401 156183
7 402 58357
7 403 181892
7 404 58345
7 405 156156
7 406 182664
7 407 156058
7 408 57911
7 409 57911
7 410 58180
7 411 326783
7 412 58199
7 413 326752
7 414 56823
7 415 56823
7 416 58007
7 417 154963
7 418 58011
7 419 154966
7 420 58191
7 421 328553
7 422 58100
7 423 156203
7 424 327423
7 425 155088
7 426 58277
7 427 329600
7 428 58223
7 429 156231
7 430 327421
7 431 155087
7 432 58110
7 433 183114
7 434 58193
7 435 328544
7 436 182169
7 437 327898
7 438 58201
7 439 183041
7 440 58000
7 441 156194
7 442 182867
7 443 156231
7 444 58137
7 445 328558
7 446 57985
7 447 156192
7 448 328144
7 449 155290
7 450 180782
7 451 326585
7 452 180811
7 453 154965
7 454 326704
7 455 155034
7 456 58216
7 457 183940
7 458 58301
7 459 330129
7 460 182970
7 461 329651
7 462 58300
7 463 183497
7 464 58286
7 465 156289
7 466 181116
7 467 156254
7 468 58294
7 469 330286
7 470 58183
7 471 156367
7 472 328017
7 473 155216
7 474 180954
7 475 327466
7 476 180824
7 477 155099
7 478 327750
7 479 155072
7 480 58041
7 481 85438
7 482 58135
7 483 184234
7 484 85058
7 485 184271
7 486 58127
7 487 85504
7 488 58199
7 489 326205
7 490 85575
7 491 327173
7 492 58198
7 493 184076
7 494 57990
7 495 326308
7 496 183105
7 497 326602
7 498 84891
7 499 183211
7 500 85007
7 501 325521
7 502 183047
7 503 325612
7 504 58133
7 505 85402
7 506 58132
7 507 184162
7 508 84948
7 509 183954
7 510 58272
7 511 85466
7 512 58146
7 513 156113
7 514 85558
7 515 156367
7 516 58189
7 517 183898
7 518 58136
7 519 156311
7 520 183804
7 521 156435
7 522 85020
7 523 183804
7 524 85578
7 525 156231
7 526 183726
7 527 156374
7 528 58204
7 529 85469
7 530 58131
7 531 329893
7 532 85570
7 533 328971
7 534 58055
7 535 84476
7 536 58248
7 537 156185
7 538 84839
7 539 156289
7 540 58003
7 541 328604
7 542 58033
7 543 156124
7 544 328341
7 545 155329
7 546 85619
7 547 329551
7 548 85378
7 549 156156
7 550 328142
7 551 155200
7 552 58109
7 553 183206
7 554 58119
7 555 328455
7 556 182218
7 557 328101
7 558 58084
7 559 181870
7 560 57977
7 561 156159
7 562 182509
7 563 156158
7 564 57913
7 565 327017
7 566 56823
7 567 154873
7 568 327259
7 569 154998
7 570 180953
7 571 327463
7 572 180648
7 573 155096
7 574 327546
7 575 155003
7 576 84269
7 577 182078
7 578 84403
7 579 326952
7 580 182020
7 581 326344
7 582 84405
7 583 182093
7 584 84894
7 585 154966
7 586 181584
7 587 156091
7 588 85034
7 589 328190
7 590 84265
7 591 156091
7 592 326466
7 593 154944
7 594 180918
7 595 327340
7 596 180507
7 597 155041
7 598 326542
7 599 154871
7 600 57968
7 601 84763
7 602 58068
7 603 183102
7 604 84865
7 605 181842
7 606 58066
7 607 84837
7 608 58214
7 609 324719
7 610 84919
7 611 325591
7 612 58208
7 613 182815
7 614 58067
7 615 325602
7 616 181702
7 617 324881
7 618 84901
7 619 182748
7 620 84929
7 621 324826
7 622 181766
7 623 323919
7 624 58062
7 625 84837
7 626 58067
7 627 183208
7 628 84863
7 629 181669
7 630 58222
7 631 85651
7 632 58233
7 633 154873
7 634 85516
7 635 156192
7 636 58290
7 637 183868
7 638 58288
7 639 156124
7 640 182824
7 641 156189
7 642 85016
7 643 181222
7 644 85576
7 645 156203
7 646 182720
7 647 156094
7 648 58219
7 649 85611
7 650 58286
7 651 329168
7 652 85598
7 653 328556
7 654 58072
7 655 84737
7 656 58302
7 657 156159
7 658 84861
7 659 156194
7 660 58217
7 661 329182
7 662 58243
7 663 156311
7 664 326765
7 665 155079
7 666 85347
7 667 329320
7 668 85373
7 669 156123
7 670 328172
7 671 155203
7 672 58211
7 673 183778
7 674 58290
7 675 330106
7 676 182744
7 677 329434
7 678 58228
7 679 181244
7 680 58213
7 681 156185
7 682 181851
7 683 156118
7 684 58218
7 685 329406
7 686 57988
7 687 156113
7 688 328250
7 689 155300
7 690 180694
7 691 327337
7 692 180506
7 693 154924
7 694 326557
7 695 154932
7 696 84274
7 697 182002
7 698 84398
7 699 326998
7 700 181827
7 701 326271
7 702 84359
7 703 181838
7 704 84890
7 705 154963
7 706 180822
7 707 156023
7 708 84798
7 709 327842
7 710 83990
7 711 155899
7 712 326567
7 713 154909
7 714 180606
7 715 326512
7 716 178920
7 717 154757
7 718 324979
7 719 153710
7 720 144420
7 721 144420
7 722 144419
7 723 171383
7 724 144689
7 725 170439
7 726 144417
7 727 144417
7 728 145005
7 729 592721
7 730 145012
7 731 592041
7 732 145005
7 733 171507
7 734 144417
7 735 592039
7 736 170760
7 737 591815
7 738 144773
7 739 171469
7 740 145019
7 741 591587
7 742 170794
7 743 585058
7 744 144374
7 745 144374
7 746 144372
7 747 171018
7 748 144677
7 749 169715
7 750 145419
7 751 145419
7 752 145634
7 753 507986
7 754 146179
7 755 508459
7 756 145665
7 757 172466
7 758 145838
7 759 508516
7 760 172046
7 761 510281
7 762 146003
7 763 170804
7 764 146433
7 765 510217
7 766 172226
7 767 508551
7 768 145421
7 769 145421
7 770 145713
7 771 602389
7 772 146019
7 773 596416
7 774 144367
7 775 144367
7 776 145754
7 777 508480
7 778 145796
7 779 508479
7 780 145582
7 781 604367
7 782 145462
7 783 510658
7 784 592180
7 785 508551
7 786 145972
7 787 603734
7 788 146046
7 789 510596
7 790 592863
7 791 510281
7 792 145551
7 793 172856
7 794 145756
7 795 607839
7 796 172215
7 797 607620
7 798 145710
7 799 170895
7 800 145536
7 801 510597
7 802 171598
7 803 510596
7 804 145584
7 805 603664
7 806 144371
7 807 508449
7 808 592869
7 809 510217
7 810 171298
7 811 598245
7 812 171068
7 813 508479
7 814 592407
7 815 508459
7 816 145305
7 817 172037
7 818 145600
7 819 602564
7 820 172285
7 821 596617
7 822 145590
7 823 171577
7 824 146004
7 825 508449
7 826 170835
7 827 510658
7 828 145975
7 829 603709
7 830 145469
7 831 510597
7 832 592076
7 833 508516
7 834 171362
7 835 598118
7 836 170175
7 837 508480
7 838 591804
7 839 507896
7 840 144543
7 841 144543
7 842 144542
7 843 171506
7 844 144812
7 845 170562
7 846 144540
7 847 144540
7 848 145005
7 849 593090
7 850 145012
7 851 592701
7 852 145005
7 853 171507
7 854 144540
7 855 592738
7 856 170760
7 857 592559
7 858 144773
7 859 171469
7 860 145019
7 861 592454
7 862 170794
7 863 588967
7 864 144597
7 865 144597
7 866 144597
7 867 171800
7 868 144701
7 869 171469
7 870 144601
7 871 144601
7 872 144597
7 873 146175
7 874 144897
7 875 147571
7 876 145072
7 877 172713
7 878 144724
7 879 147570
7 880 172032
7 881 147840
7 882 145004
7 883 172384
7 884 145166
7 885 147840
7 886 171984
7 887 147571
7 888 145010
7 889 145010
7 890 145481
7 891 596937
7 892 145536
7 893 596545
7 894 144728
7 895 144728
7 896 144721
7 897 147559
7 898 144897
7 899 147560
7 900 145328
7 901 596951
7 902 145144
7 903 148146
7 904 592976
7 905 147911
7 906 145541
7 907 599626
7 908 145538
7 909 148157
7 910 592878
7 911 148164
7 912 145317
7 913 172476
7 914 145059
7 915 599699
7 916 171912
7 917 599676
7 918 145492
7 919 172971
7 920 145144
7 921 148156
7 922 172908
7 923 148164
7 924 145194
7 925 596796
7 926 144724
7 927 147568
7 928 592878
7 929 148165
7 930 171239
7 931 596686
7 932 172260
7 933 147915
7 934 592938
7 935 147911
7 936 145077
7 937 171790
7 938 145158
7 939 596644
7 940 171530
7 941 592941
7 942 145256
7 943 172796
7 944 145295
7 945 147918
7 946 172972
7 947 148168
7 948 145512
7 949 599550
7 950 145337
7 951 148170
7 952 592974
7 953 147907
7 954 171379
7 955 594974
7 956 172154
7 957 147914
7 958 591164
7 959 147565
7 960 144622
7 961 144622
7 962 144620
7 963 171011
7 964 144796
7 965 169964
7 966 145759
7 967 145759
7 968 146150
7 969 509552
7 970 146491
7 971 509644
7 972 146136
7 973 173143
7 974 146151
7 975 509642
7 976 172929
7 977 510390
7 978 146234
7 979 172637
7 980 146589
7 981 510387
7 982 172978
7 983 509462
7 984 144625
7 985 144625
7 986 144623
7 987 171177
7 988 144800
7 989 170057
7 990 144675
7 991 144675
7 992 144676
7 993 147173
7 994 144851
7 995 147522
7 996 144968
7 997 172058
7 998 144676
7 999 147211
7 1000 171577
7 1001 147828
7 1002 144981
7 1003 170670
7 1004 145154
7 1005 147828
7 1006 171529
7 1007 147525
7 1008 145685
7 1009 145685
7 1010 145997
7 1011 509519
7 1012 146347
7 1013 509519
7 1014 145553
7 1015 145553
7 1016 145717
7 1017 148388
7 1018 145722
7 1019 148565
7 1020 145831
7 1021 508925
7 1022 145760
7 1023 148469
7 1024 507896
7 1025 148055
7 1026 146353
7 1027 510501
7 1028 146343
7 1029 149326
7 1030 508459
7 1031 148668
7 1032 146149
7 1033 173437
7 1034 146374
7 1035 511572
7 1036 173480
7 1037 512136
7 1038 146270
7 1039 173340
7 1040 145795
7 1041 148463
7 1042 172867
7 1043 148848
7 1044 146089
7 1045 509617
7 1046 145965
7 1047 148988
7 1048 508516
7 1049 148660
7 1050 172826
7 1051 511165
7 1052 173018
7 1053 148730
7 1054 510281
7 1055 148914
7 1056 146243
7 1057 172694
7 1058 146605
7 1059 511421
7 1060 173729
7 1061 510523
7 1062 146169
7 1063 173109
7 1064 146311
7 1065 148974
7 1066 171205
7 1067 148825
7 1068 146617
7 1069 512162
7 1070 146584
7 1071 149583
7 1072 510217
7 1073 148915
7 1074 173083
7 1075 510866
7 1076 172978
7 1077 149152
7 1078 508551
7 1079 148575
7 1080 145675
7 1081 145675
7 1082 146172
7 1083 603718
7 1084 146353
7 1085 600297
7 1086 144872
7 1087 144872
7 1088 146135
7 1089 510481
7 1090 146138
7 1091 510541
7 1092 146015
7 1093 608005
7 1094 145973
7 1095 512770
7 1096 596495
7 1097 510992
7 1098 146241
7 1099 609219
7 1100 146285
7 1101 513097
7 1102 597016
7 1103 511381
7 1104 145843
7 1105 145843
7 1106 146177
7 1107 603803
7 1108 146364
7 1109 600618
7 1110 145554
7 1111 145554
7 1112 145721
7 1113 148560
7 1114 145738
7 1115 148568
7 1116 146183
7 1117 607084
7 1118 145853
7 1119 148855
7 1120 603580
7 1121 149157
7 1122 146375
7 1123 603817
7 1124 146334
7 1125 149160
7 1126 602077
7 1127 148864
7 1128 145721
7 1129 145721
7 1130 146207
7 1131 509702
7 1132 146296
7 1133 509673
7 1134 144621
7 1135 144621
7 1136 144667
7 1137 147512
7 1138 144793
7 1139 147511
7 1140 146087
7 1141 509493
7 1142 145886
7 1143 148898
7 1144 508480
7 1145 148649
7 1146 146308
7 1147 510520
7 1148 146195
7 1149 148938
7 1150 508479
7 1151 148645
7 1152 145938
7 1153 606268
7 1154 145909
7 1155 511895
7 1156 597082
7 1157 510646
7 1158 146146
7 1159 605665
7 1160 145709
7 1161 148728
7 1162 605429
7 1163 149112
7 1164 146041
7 1165 510842
7 1166 145587
7 1167 148609
7 1168 510658
7 1169 148886
7 1170 593434
7 1171 509551
7 1172 596105
7 1173 148390
7 1174 508551
7 1175 148373
7 1176 146249
7 1177 609547
7 1178 146296
7 1179 513117
7 1180 600259
7 1181 512352
7 1182 146460
7 1183 609888
7 1184 146326
7 1185 149113
7 1186 607770
7 1187 149320
7 1188 146571
7 1189 512996
7 1190 146191
7 1191 149187
7 1192 510596
7 1193 148802
7 1194 593750
7 1195 510390
7 1196 596791
7 1197 148687
7 1198 510281
7 1199 148593
7 1200 145805
7 1201 173019
7 1202 145931
7 1203 609016
7 1204 172614
7 1205 608889
7 1206 145844
7 1207 171760
7 1208 145888
7 1209 511715
7 1210 171847
7 1211 512997
7 1212 145804
7 1213 607460
7 1214 144883
7 1215 510845
7 1216 599830
7 1217 512162
7 1218 172322
7 1219 601586
7 1220 172126
7 1221 510521
7 1222 599432
7 1223 510501
7 1224 146021
7 1225 173192
7 1226 146064
7 1227 609793
7 1228 172637
7 1229 609518
7 1230 146104
7 1231 173363
7 1232 145681
7 1233 148701
7 1234 173483
7 1235 149241
7 1236 146186
7 1237 609714
7 1238 145894
7 1239 148906
7 1240 609095
7 1241 149496
7 1242 172646
7 1243 609751
7 1244 173552
7 1245 148998
7 1246 609069
7 1247 149244
7 1248 146323
7 1249 173458
7 1250 146235
7 1251 512791
7 1252 173651
7 1253 513117
7 1254 145972
7 1255 171288
7 1256 145842
7 1257 148857
7 1258 171159
7 1259 148867
7 1260 146038
7 1261 510748
7 1262 145669
7 1263 148686
7 1264 510597
7 1265 148983
7 1266 173820
7 1267 513097
7 1268 173307
7 1269 149239
7 1270 510596
7 1271 148900
7 1272 145984
7 1273 606158
7 1274 145856
7 1275 511145
7 1276 597327
7 1277 511421
7 1278 146021
7 1279 605233
7 1280 145713
7 1281 148734
7 1282 604867
7 1283 149284
7 1284 145866
7 1285 509558
7 1286 144625
7 1287 147522
7 1288 508449
7 1289 148523
7 1290 593762
7 1291 510387
7 1292 596773
7 1293 148687
7 1294 510217
7 1295 148513
7 1296 171726
7 1297 599672
7 1298 171645
7 1299 509674
7 1300 596862
7 1301 509519
7 1302 172073
7 1303 602704
7 1304 172591
7 1305 148385
7 1306 602108
7 1307 148862
7 1308 173085
7 1309 510541
7 1310 171490
7 1311 148851
7 1312 508479
7 1313 148390
7 1314 593608
7 1315 509644
7 1316 596305
7 1317 148464
7 1318 508459
7 1319 148176
7 1320 145556
7 1321 172238
7 1322 145731
7 1323 603094
7 1324 172488
7 1325 597140
7 1326 145717
7 1327 171820
7 1328 146146
7 1329 509558
7 1330 171557
7 1331 510842
7 1332 146099
7 1333 604418
7 1334 145598
7 1335 510748
7 1336 596234
7 1337 509617
7 1338 172015
7 1339 601114
7 1340 170896
7 1341 509493
7 1342 595760
7 1343 508925
7 1344 145776
7 1345 172526
7 1346 145867
7 1347 604296
7 1348 172506
7 1349 601020
7 1350 145870
7 1351 173330
7 1352 145868
7 1353 148267
7 1354 173320
7 1355 148752
7 1356 146202
7 1357 607292
7 1358 145922
7 1359 148744
7 1360 603875
7 1361 148995
7 1362 172650
7 1363 604313
7 1364 173627
7 1365 148998
7 1366 602692
7 1367 148661
7 1368 146123
7 1369 173276
7 1370 146459
7 1371 511145
7 1372 173003
7 1373 511895
7 1374 145851
7 1375 171971
7 1376 145903
7 1377 148734
7 1378 172132
7 1379 148732
7 1380 146319
7 1381 510845
7 1382 146152
7 1383 149150
7 1384 508449
7 1385 148478
7 1386 173766
7 1387 512770
7 1388 173152
7 1389 148987
7 1390 510658
7 1391 148905
7 1392 146260
7 1393 608713
7 1394 146206
7 1395 512791
7 1396 599928
7 1397 511572
7 1398 146411
7 1399 608230
7 1400 146154
7 1401 149122
7 1402 607760
7 1403 149069
7 1404 146225
7 1405 511715
7 1406 145721
7 1407 148619
7 1408 510597
7 1409 148933
7 1410 593594
7 1411 509642
7 1412 596340
7 1413 148387
7 1414 508516
7 1415 148257
7 1416 171857
7 1417 599675
7 1418 171617
7 1419 509702
7 1420 596925
7 1421 509519
7 1422 171903
7 1423 602682
7 1424 172662
7 1425 148388
7 1426 601995
7 1427 148821
7 1428 173009
7 1429 510481
7 1430 170558
7 1431 148735
7 1432 508480
7 1433 148348
7 1434 593573
7 1435 509552
7 1436 595634
7 1437 148313
7 1438 507986
7 1439 147383
7 1440 198504
7 1441 198504
7 1442 198478
7 1443 484066
7 1444 199386
7 1445 475859
7 1446 198504
7 1447 198504
7 1448 199432
7 1449 590151
7 1450 199432
7 1451 590084
7 1452 199432
7 1453 484066
7 1454 198504
7 1455 590083
7 1456 475905
7 1457 590062
7 1458 198550
7 1459 484067
7 1460 199432
7 1461 590039
7 1462 475904
7 1463 589044
7 1464 199442
7 1465 199442
7 1466 199438
7 1467 490874
7 1468 199642
7 1469 488437
7 1470 200409
7 1471 200409
7 1472 200397
7 1473 240261
7 1474 201499
7 1475 242871
7 1476 202130
7 1477 498510
7 1478 200583
7 1479 242725
7 1480 490629
7 1481 243909
7 1482 201663
7 1483 496386
7 1484 202373
7 1485 243670
7 1486 489963
7 1487 243147
7 1488 200407
7 1489 200407
7 1490 201317
7 1491 596202
7 1492 201416
7 1493 595825
7 1494 200450
7 1495 200450
7 1496 200558
7 1497 241916
7 1498 201469
7 1499 241376
7 1500 201405
7 1501 596928
7 1502 200714
7 1503 243660
7 1504 589987
7 1505 241879
7 1506 202238
7 1507 601031
7 1508 202422
7 1509 243578
7 1510 590162
7 1511 243101
7 1512 201404
7 1513 493616
7 1514 201387
7 1515 601378
7 1516 485492
7 1517 601314
7 1518 202287
7 1519 497563
7 1520 200723
7 1521 243946
7 1522 496283
7 1523 243722
7 1524 201398
7 1525 596992
7 1526 200480
7 1527 243073
7 1528 590183
7 1529 243152
7 1530 478482
7 1531 596096
7 1532 488100
7 1533 242191
7 1534 590159
7 1535 242228
7 1536 200432
7 1537 486457
7 1538 200648
7 1539 597007
7 1540 484889
7 1541 595909
7 1542 201429
7 1543 498110
7 1544 201557
7 1545 242003
7 1546 496256
7 1547 243954
7 1548 202314
7 1549 601276
7 1550 201612
7 1551 243871
7 1552 590104
7 1553 242189
7 1554 478595
7 1555 596085
7 1556 488036
7 1557 242204
7 1558 590067
7 1559 242084
7 1560 198504
7 1561 198504
7 1562 198478
7 1563 484066
7 1564 199386
7 1565 475859
7 1566 198504
7 1567 198504
7 1568 199432
7 1569 590151
7 1570 199432
7 1571 590084
7 1572 199432
7 1573 484066
7 1574 198504
7 1575 590083
7 1576 475905
7 1577 590062
7 1578 198550
7 1579 484067
7 1580 199432
7 1581 590039
7 1582 475904
7 1583 589044
7 1584 199482
7 1585 199482
7 1586 199478
7 1587 491124
7 1588 199642
7 1589 489239
7 1590 199632
7 1591 199632
7 1592 199554
7 1593 201176
7 1594 200590
7 1595 201738
7 1596 201377
7 1597 497808
7 1598 199677
7 1599 201640
7 1600 489793
7 1601 202622
7 1602 200804
7 1603 496470
7 1604 201472
7 1605 202618
7 1606 489136
7 1607 201745
7 1608 200469
7 1609 200469
7 1610 201437
7 1611 596202
7 1612 201516
7 1613 596041
7 1614 199632
7 1615 199632
7 1616 199553
7 1617 201442
7 1618 200516
7 1619 201218
7 1620 200803
7 1621 596275
7 1622 199882
7 1623 202576
7 1624 590066
7 1625 201633
7 1626 201639
7 1627 600710
7 1628 201586
7 1629 202570
7 1630 590150
7 1631 202605
7 1632 200777
7 1633 493638
7 1634 200644
7 1635 600804
7 1636 485572
7 1637 600855
7 1638 201581
7 1639 497678
7 1640 199883
7 1641 202602
7 1642 496245
7 1643 202656
7 1644 200647
7 1645 596271
7 1646 199688
7 1647 201610
7 1648 590107
7 1649 202493
7 1650 477913
7 1651 596130
7 1652 488166
7 1653 201723
7 1654 590173
7 1655 201723
7 1656 199726
7 1657 485933
7 1658 199884
7 1659 596273
7 1660 484167
7 1661 595252
7 1662 200685
7 1663 498276
7 1664 200715
7 1665 201714
7 1666 496352
7 1667 202668
7 1668 201608
7 1669 600869
7 1670 200788
7 1671 202666
7 1672 590174
7 1673 201697
7 1674 477925
7 1675 595965
7 1676 488134
7 1677 201723
7 1678 589990
7 1679 201680
7 1680 199616
7 1681 199616
7 1682 199615
7 1683 492611
7 1684 199686
7 1685 491811
7 1686 200520
7 1687 200520
7 1688 201329
7 1689 241829
7 1690 202350
7 1691 243631
7 1692 202258
7 1693 501007
7 1694 201485
7 1695 243939
7 1696 493295
7 1697 244108
7 1698 201682
7 1699 499922
7 1700 202502
7 1701 243952
7 1702 493336
7 1703 243952
7 1704 199598
7 1705 199598
7 1706 199597
7 1707 492397
7 1708 199686
7 1709 491125
7 1710 200502
7 1711 200502
7 1712 200560
7 1713 202328
7 1714 201463
7 1715 202681
7 1716 201529
7 1717 500159
7 1718 200629
7 1719 202549
7 1720 492314
7 1721 202818
7 1722 200859
7 1723 498321
7 1724 201663
7 1725 202882
7 1726 492214
7 1727 202687
7 1728 199721
7 1729 199721
7 1730 200543
7 1731 240911
7 1732 201525
7 1733 243171
7 1734 199721
7 1735 199721
7 1736 200525
7 1737 202469
7 1738 200756
7 1739 202782
7 1740 199621
7 1741 236035
7 1742 199621
7 1743 202155
7 1744 235102
7 1745 200865
7 1746 201757
7 1747 244703
7 1748 201773
7 1749 204492
7 1750 242650
7 1751 202280
7 1752 202661
7 1753 501408
7 1754 202488
7 1755 246081
7 1756 499635
7 1757 246580
7 1758 202730
7 1759 501367
7 1760 202370
7 1761 205111
7 1762 499476
7 1763 205278
7 1764 200698
7 1765 244262
7 1766 200698
7 1767 203638
7 1768 243154
7 1769 202301
7 1770 491955
7 1771 245686
7 1772 491985
7 1773 204520
7 1774 244621
7 1775 203256
7 1776 201907
7 1777 501853
7 1778 202814
7 1779 245871
7 1780 500002
7 1781 246092
7 1782 201907
7 1783 501849
7 1784 202796
7 1785 204711
7 1786 498975
7 1787 204633
7 1788 202703
7 1789 245518
7 1790 202703
7 1791 205421
7 1792 244023
7 1793 203208
7 1794 492062
7 1795 246091
7 1796 492034
7 1797 204658
7 1798 244130
7 1799 202397
7 1800 200700
7 1801 200700
7 1802 202350
7 1803 597128
7 1804 202436
7 1805 596180
7 1806 201446
7 1807 201446
7 1808 202375
7 1809 243066
7 1810 202640
7 1811 244536
7 1812 201650
7 1813 601454
7 1814 202402
7 1815 244126
7 1816 595931
7 1817 244412
7 1818 201762
7 1819 601102
7 1820 202821
7 1821 244060
7 1822 596010
7 1823 244755
7 1824 201440
7 1825 201440
7 1826 202422
7 1827 597128
7 1828 202508
7 1829 596180
7 1830 200597
7 1831 200597
7 1832 201317
7 1833 203078
7 1834 201670
7 1835 203524
7 1836 202541
7 1837 601484
7 1838 201475
7 1839 203981
7 1840 595977
7 1841 204357
7 1842 202674
7 1843 601084
7 1844 202458
7 1845 204285
7 1846 595896
7 1847 204483
7 1848 200718
7 1849 200718
7 1850 201595
7 1851 244372
7 1852 201838
7 1853 243888
7 1854 200680
7 1855 200680
7 1856 201495
7 1857 203555
7 1858 201606
7 1859 203560
7 1860 200675
7 1861 241779
7 1862 200675
7 1863 203486
7 1864 241912
7 1865 202241
7 1866 201938
7 1867 244827
7 1868 201938
7 1869 204541
7 1870 242080
7 1871 202252
7 1872 200778
7 1873 597117
7 1874 201613
7 1875 244007
7 1876 595241
7 1877 242396
7 1878 201567
7 1879 597102
7 1880 200680
7 1881 203721
7 1882 595817
7 1883 203157
7 1884 200754
7 1885 243896
7 1886 200716
7 1887 203713
7 1888 242937
7 1889 203134
7 1890 589044
7 1891 241256
7 1892 589044
7 1893 202097
7 1894 241166
7 1895 202162
7 1896 201686
7 1897 601880
7 1898 202742
7 1899 244150
7 1900 600602
7 1901 245638
7 1902 202530
7 1903 601880
7 1904 202586
7 1905 204127
7 1906 600522
7 1907 205370
7 1908 202794
7 1909 243890
7 1910 202756
7 1911 205346
7 1912 242958
7 1913 203147
7 1914 589994
7 1915 243892
7 1916 589994
7 1917 203394
7 1918 243848
7 1919 203237
7 1920 201644
7 1921 495728
7 1922 201730
7 1923 603698
7 1924 487940
7 1925 603741
7 1926 202537
7 1927 500231
7 1928 201826
7 1929 245902
7 1930 500454
7 1931 246706
7 1932 202521
7 1933 602860
7 1934 201799
7 1935 245988
7 1936 600825
7 1937 245918
7 1938 485865
7 1939 602002
7 1940 497493
7 1941 244864
7 1942 600816
7 1943 245155
7 1944 201770
7 1945 496410
7 1946 201747
7 1947 603824
7 1948 488030
7 1949 603725
7 1950 202572
7 1951 500277
7 1952 201578
7 1953 204438
7 1954 500382
7 1955 205347
7 1956 202525
7 1957 602860
7 1958 201687
7 1959 204412
7 1960 601341
7 1961 205229
7 1962 486733
7 1963 602826
7 1964 497494
7 1965 204344
7 1966 601365
7 1967 204352
7 1968 202724
7 1969 501091
7 1970 202539
7 1971 246834
7 1972 500412
7 1973 246530
7 1974 202720
7 1975 500345
7 1976 202475
7 1977 205277
7 1978 499451
7 1979 205372
7 1980 200763
7 1981 244965
7 1982 200763
7 1983 203824
7 1984 244815
7 1985 203303
7 1986 499919
7 1987 246563
7 1988 499829
7 1989 205346
7 1990 244178
7 1991 203233
7 1992 201742
7 1993 598086
7 1994 201711
7 1995 245906
7 1996 596256
7 1997 245173
7 1998 201898
7 1999 597960
7 2000 201523
7 2001 204477
7 2002 596762
7 2003 204684
7 2004 200787
7 2005 245093
7 2006 200768
7 2007 203711
7 2008 244149
7 2009 202445
7 2010 590062
7 2011 244126
7 2012 590062
7 2013 203461
7 2014 244018
7 2015 203237
7 2016 478051
7 2017 597015
7 2018 489763
7 2019 244177
7 2020 596128
7 2021 244313
7 2022 478782
7 2023 597133
7 2024 489704
7 2025 203306
7 2026 595944
7 2027 203574
7 2028 491109
7 2029 244996
7 2030 490404
7 2031 204407
7 2032 243254
7 2033 202355
7 2034 590129
7 2035 244225
7 2036 590129
7 2037 203370
7 2038 243329
7 2039 202355
7 2040 200651
7 2041 486775
7 2042 200758
7 2043 598238
7 2044 486458
7 2045 597196
7 2046 201621
7 2047 499189
7 2048 201873
7 2049 243974
7 2050 498017
7 2051 245272
7 2052 202555
7 2053 602875
7 2054 201793
7 2055 245108
7 2056 596298
7 2057 244283
7 2058 486614
7 2059 601607
7 2060 496324
7 2061 244264
7 2062 596282
7 2063 244215
7 2064 200704
7 2065 486973
7 2066 200758
7 2067 598238
7 2068 486492
7 2069 597196
7 2070 201641
7 2071 499966
7 2072 201726
7 2073 203305
7 2074 498594
7 2075 203820
7 2076 202583
7 2077 603079
7 2078 201792
7 2079 203707
7 2080 597042
7 2081 203619
7 2082 486662
7 2083 601591
7 2084 497042
7 2085 203664
7 2086 596944
7 2087 203625
7 2088 201865
7 2089 501693
7 2090 202555
7 2091 245627
7 2092 501659
7 2093 246102
7 2094 201827
7 2095 500981
7 2096 202571
7 2097 204473
7 2098 500698
7 2099 204696
7 2100 201852
7 2101 244552
7 2102 201852
7 2103 204616
7 2104 242636
7 2105 202283
7 2106 499962
7 2107 246668
7 2108 499871
7 2109 205401
7 2110 244810
7 2111 203280
7 2112 202648
7 2113 603664
7 2114 202724
7 2115 246477
7 2116 600790
7 2117 245711
7 2118 202822
7 2119 603522
7 2120 202590
7 2121 205371
7 2122 601245
7 2123 205248
7 2124 201900
7 2125 245791
7 2126 201881
7 2127 204789
7 2128 244829
7 2129 203327
7 2130 590083
7 2131 244079
7 2132 590083
7 2133 203320
7 2134 243205
7 2135 202329
7 2136 478857
7 2137 597308
7 2138 489942
7 2139 244391
7 2140 596210
7 2141 244417
7 2142 479066
7 2143 597308
7 2144 490503
7 2145 203498
7 2146 596210
7 2147 203720
7 2148 491178
7 2149 245189
7 2150 490473
7 2151 204515
7 2152 243376
7 2153 202355
7 2154 590151
7 2155 244149
7 2156 590151
7 2157 203390
7 2158 243211
7 2159 202331
7 2160 96795
7 2161 145769
7 2162 96793
7 2163 210146
7 2164 145821
7 2165 209266
7 2166 98649
7 2167 153290
7 2168 98974
7 2169 235304
7 2170 152743
7 2171 236380
7 2172 99401
7 2173 214624
7 2174 98925
7 2175 236505
7 2176 210485
7 2177 236109
7 2178 148006
7 2179 214236
7 2180 152786
7 2181 235929
7 2182 210496
7 2183 235871
7 2184 97842
7 2185 146816
7 2186 97840
7 2187 211197
7 2188 146872
7 2189 210312
7 2190 98957
7 2191 154351
7 2192 99021
7 2193 141326
7 2194 153554
7 2195 142204
7 2196 99653
7 2197 215277
7 2198 99100
7 2199 141987
7 2200 211385
7 2201 142149
7 2202 148382
7 2203 214508
7 2204 153612
7 2205 142157
7 2206 211441
7 2207 142186
7 2208 97894
7 2209 153333
7 2210 98777
7 2211 236881
7 2212 154385
7 2213 237324
7 2214 98843
7 2215 153530
7 2216 99791
7 2217 142693
7 2218 153991
7 2219 142955
7 2220 98941
7 2221 237311
7 2222 99141
7 2223 143338
7 2224 237222
7 2225 141433
7 2226 153532
7 2227 239010
7 2228 153546
7 2229 144017
7 2230 237950
7 2231 141711
7 2232 98554
7 2233 214155
7 2234 99632
7 2235 237720
7 2236 213486
7 2237 237168
7 2238 99693
7 2239 214894
7 2240 99790
7 2241 143427
7 2242 214858
7 2243 143148
7 2244 98947
7 2245 237883
7 2246 99086
7 2247 143344
7 2248 237941
7 2249 141472
7 2250 210443
7 2251 238226
7 2252 210659
7 2253 143035
7 2254 237380
7 2255 141543
7 2256 147383
7 2257 213851
7 2258 153894
7 2259 237970
7 2260 214376
7 2261 238108
7 2262 148374
7 2263 214508
7 2264 154695
7 2265 142893
7 2266 214485
7 2267 143306
7 2268 153491
7 2269 238379
7 2270 152920
7 2271 143931
7 2272 237339
7 2273 141537
7 2274 210452
7 2275 238225
7 2276 210658
7 2277 143112
7 2278 237221
7 2279 141505
7 2280 97846
7 2281 146820
7 2282 97844
7 2283 211197
7 2284 146872
7 2285 210316
7 2286 98779
7 2287 153466
7 2288 99031
7 2289 236045
7 2290 152838
7 2291 236732
7 2292 99593
7 2293 214817
7 2294 98874
7 2295 236592
7 2296 210507
7 2297 235994
7 2298 148270
7 2299 214408
7 2300 152757
7 2301 236054
7 2302 210503
7 2303 235594
7 2304 96898
7 2305 145964
7 2306 96898
7 2307 210640
7 2308 145976
7 2309 210408
7 2310 97906
7 2311 153530
7 2312 97900
7 2313 99776
7 2314 152584
7 2315 99896
7 2316 98692
7 2317 214672
7 2318 97909
7 2319 99856
7 2320 210634
7 2321 99964
7 2322 147454
7 2323 214479
7 2324 152639
7 2325 99955
7 2326 210635
7 2327 99880
7 2328 98992
7 2329 154480
7 2330 99929
7 2331 238485
7 2332 154901
7 2333 238414
7 2334 97899
7 2335 153432
7 2336 98678
7 2337 100764
7 2338 153615
7 2339 100778
7 2340 99124
7 2341 237489
7 2342 98868
7 2343 101823
7 2344 236321
7 2345 100938
7 2346 153663
7 2347 239257
7 2348 153570
7 2349 102488
7 2350 237120
7 2351 101101
7 2352 99724
7 2353 215302
7 2354 99868
7 2355 238849
7 2356 214660
7 2357 239010
7 2358 99531
7 2359 214521
7 2360 98750
7 2361 101527
7 2362 214485
7 2363 101580
7 2364 99119
7 2365 237485
7 2366 98807
7 2367 101711
7 2368 236318
7 2369 100968
7 2370 210681
7 2371 238178
7 2372 211448
7 2373 101730
7 2374 237549
7 2375 101017
7 2376 148473
7 2377 214552
7 2378 154082
7 2379 237955
7 2380 214573
7 2381 237592
7 2382 148340
7 2383 215297
7 2384 153996
7 2385 101557
7 2386 214970
7 2387 101719
7 2388 153669
7 2389 239178
7 2390 153559
7 2391 102459
7 2392 237456
7 2393 101016
7 2394 210760
7 2395 238102
7 2396 211393
7 2397 101773
7 2398 237342
7 2399 100941
7 2400 96897
7 2401 145963
7 2402 96897
7 2403 210641
7 2404 145977
7 2405 210407
7 2406 97958
7 2407 153401
7 2408 98157
7 2409 141401
7 2410 152613
7 2411 141628
7 2412 98707
7 2413 214727
7 2414 98062
7 2415 141438
7 2416 210733
7 2417 141556
7 2418 147478
7 2419 214638
7 2420 152612
7 2421 141545
7 2422 210657
7 2423 141381
7 2424 96774
7 2425 145748
7 2426 96772
7 2427 210146
7 2428 145821
7 2429 209246
7 2430 97879
7 2431 153407
7 2432 97886
7 2433 99805
7 2434 152513
7 2435 99868
7 2436 98572
7 2437 214316
7 2438 97885
7 2439 99810
7 2440 210428
7 2441 99972
7 2442 147310
7 2443 213363
7 2444 152587
7 2445 99971
7 2446 210419
7 2447 99829
7 2448 97835
7 2449 153364
7 2450 98778
7 2451 142322
7 2452 153902
7 2453 142534
7 2454 97831
7 2455 153274
7 2456 98768
7 2457 100876
7 2458 153597
7 2459 100905
7 2460 97880
7 2461 141659
7 2462 97880
7 2463 100921
7 2464 140703
7 2465 99525
7 2466 152599
7 2467 143276
7 2468 152627
7 2469 101727
7 2470 141456
7 2471 99653
7 2472 98646
7 2473 214517
7 2474 98921
7 2475 142720
7 2476 214546
7 2477 143066
7 2478 98776
7 2479 214403
7 2480 98764
7 2481 101542
7 2482 214269
7 2483 101664
7 2484 97879
7 2485 141700
7 2486 97873
7 2487 100909
7 2488 140718
7 2489 99517
7 2490 210480
7 2491 142478
7 2492 210474
7 2493 101019
7 2494 141459
7 2495 99752
7 2496 147412
7 2497 214575
7 2498 153860
7 2499 142678
7 2500 214638
7 2501 142521
7 2502 147525
7 2503 214443
7 2504 153811
7 2505 101106
7 2506 213468
7 2507 100980
7 2508 152710
7 2509 143195
7 2510 152542
7 2511 101826
7 2512 141511
7 2513 99755
7 2514 210486
7 2515 142411
7 2516 210463
7 2517 101011
7 2518 141322
7 2519 99644
7 2520 97758
7 2521 153246
7 2522 99725
7 2523 237414
7 2524 154728
7 2525 237444
7 2526 98904
7 2527 154392
7 2528 99957
7 2529 142957
7 2530 154919
7 2531 143293
7 2532 98747
7 2533 232840
7 2534 99841
7 2535 143226
7 2536 236954
7 2537 142285
7 2538 154477
7 2539 238020
7 2540 154946
7 2541 144104
7 2542 237381
7 2543 142539
7 2544 98900
7 2545 154294
7 2546 99834
7 2547 237424
7 2548 154715
7 2549 237476
7 2550 97813
7 2551 153297
7 2552 98707
7 2553 100814
7 2554 153662
7 2555 100848
7 2556 99913
7 2557 238207
7 2558 98757
7 2559 101715
7 2560 237816
7 2561 101811
7 2562 154797
7 2563 239072
7 2564 154521
7 2565 102487
7 2566 238338
7 2567 101876
7 2568 97817
7 2569 153441
7 2570 98861
7 2571 142500
7 2572 153966
7 2573 142437
7 2574 97706
7 2575 152350
7 2576 98656
7 2577 100781
7 2578 152725
7 2579 100788
7 2580 98658
7 2581 142381
7 2582 98653
7 2583 101690
7 2584 141937
7 2585 100516
7 2586 153774
7 2587 143342
7 2588 153512
7 2589 101808
7 2590 142326
7 2591 100583
7 2592 97757
7 2593 235884
7 2594 98913
7 2595 142659
7 2596 231462
7 2597 141276
7 2598 98913
7 2599 236859
7 2600 97805
7 2601 100815
7 2602 237174
7 2603 100837
7 2604 97810
7 2605 141933
7 2606 97750
7 2607 100816
7 2608 141573
7 2609 100487
7 2610 229482
7 2611 140211
7 2612 235034
7 2613 99389
7 2614 139490
7 2615 99390
7 2616 153161
7 2617 238514
7 2618 153645
7 2619 143967
7 2620 237252
7 2621 143283
7 2622 153634
7 2623 239013
7 2624 153324
7 2625 102387
7 2626 239620
7 2627 102566
7 2628 153413
7 2629 143712
7 2630 153028
7 2631 102550
7 2632 143635
7 2633 102007
7 2634 233974
7 2635 141531
7 2636 236613
7 2637 100436
7 2638 141253
7 2639 100436
7 2640 98475
7 2641 213257
7 2642 99667
7 2643 237528
7 2644 214313
7 2645 238521
7 2646 99629
7 2647 214399
7 2648 99887
7 2649 143155
7 2650 214576
7 2651 143991
7 2652 99666
7 2653 237490
7 2654 99912
7 2655 144025
7 2656 237896
7 2657 142909
7 2658 213356
7 2659 237004
7 2660 214475
7 2661 143106
7 2662 238342
7 2663 142911
7 2664 99631
7 2665 214399
7 2666 99727
7 2667 238650
7 2668 214502
7 2669 238092
7 2670 99488
7 2671 214390
7 2672 98725
7 2673 101508
7 2674 214365
7 2675 102231
7 2676 99911
7 2677 238346
7 2678 99580
7 2679 102457
7 2680 238274
7 2681 102512
7 2682 214644
7 2683 238919
7 2684 214485
7 2685 101687
7 2686 238350
7 2687 102506
7 2688 99400
7 2689 214389
7 2690 99604
7 2691 143772
7 2692 214563
7 2693 143546
7 2694 99384
7 2695 213247
7 2696 99538
7 2697 102326
7 2698 213323
7 2699 102390
7 2700 98652
7 2701 142471
7 2702 98649
7 2703 101689
7 2704 142342
7 2705 101151
7 2706 214394
7 2707 143692
7 2708 214194
7 2709 102544
7 2710 142317
7 2711 101162
7 2712 98669
7 2713 237781
7 2714 99143
7 2715 143458
7 2716 235603
7 2717 142295
7 2718 99139
7 2719 238299
7 2720 98679
7 2721 101749
7 2722 238932
7 2723 101865
7 2724 98679
7 2725 143163
7 2726 98578
7 2727 101663
7 2728 142995
7 2729 101354
7 2730 233349
7 2731 141184
7 2732 236825
7 2733 100369
7 2734 140977
7 2735 100369
7 2736 209286
7 2737 236353
7 2738 210453
7 2739 142260
7 2740 236302
7 2741 142178
7 2742 210451
7 2743 236520
7 2744 210337
7 2745 100772
7 2746 237474
7 2747 101763
7 2748 210341
7 2749 142138
7 2750 209306
7 2751 101720
7 2752 141535
7 2753 100472
7 2754 234267
7 2755 141277
7 2756 237428
7 2757 100477
7 2758 141130
7 2759 100477
7 2760 147314
7 2761 213783
7 2762 153908
7 2763 237506
7 2764 214473
7 2765 237871
7 2766 148316
7 2767 214499
7 2768 154822
7 2769 142985
7 2770 214522
7 2771 143370
7 2772 154681
7 2773 238232
7 2774 154173
7 2775 144099
7 2776 237990
7 2777 142609
7 2778 214383
7 2779 238560
7 2780 214702
7 2781 144049
7 2782 238143
7 2783 142639
7 2784 148432
7 2785 214464
7 2786 154013
7 2787 237984
7 2788 214546
7 2789 237709
7 2790 148298
7 2791 215244
7 2792 154014
7 2793 101569
7 2794 215033
7 2795 101794
7 2796 154863
7 2797 239462
7 2798 154711
7 2799 102596
7 2800 238512
7 2801 102020
7 2802 214764
7 2803 239140
7 2804 215327
7 2805 102672
7 2806 238919
7 2807 102058
7 2808 148208
7 2809 215227
7 2810 154665
7 2811 143378
7 2812 215415
7 2813 143262
7 2814 148110
7 2815 214105
7 2816 154611
7 2817 101900
7 2818 214283
7 2819 101796
7 2820 153881
7 2821 143710
7 2822 153791
7 2823 102707
7 2824 142662
7 2825 101269
7 2826 214906
7 2827 144032
7 2828 214714
7 2829 102623
7 2830 143089
7 2831 101386
7 2832 153315
7 2833 239297
7 2834 153721
7 2835 144023
7 2836 236914
7 2837 143210
7 2838 153631
7 2839 239638
7 2840 153349
7 2841 102528
7 2842 240071
7 2843 102503
7 2844 153476
7 2845 143764
7 2846 152518
7 2847 102543
7 2848 143681
7 2849 102071
7 2850 234633
7 2851 141522
7 2852 237251
7 2853 100501
7 2854 141309
7 2855 100501
7 2856 210188
7 2857 237568
7 2858 210685
7 2859 143142
7 2860 237341
7 2861 142598
7 2862 210685
7 2863 237501
7 2864 211223
7 2865 101657
7 2866 238436
7 2867 102014
7 2868 211223
7 2869 143076
7 2870 210188
7 2871 102033
7 2872 142804
7 2873 101330
7 2874 234978
7 2875 141579
7 2876 237204
7 2877 100605
7 2878 141463
7 2879 100605
7 2880 40961
7 2881 40961
7 2882 41167
7 2883 166358
7 2884 41171
7 2885 166215
7 2886 41033
7 2887 41033
7 2888 41243
7 2889 181294
7 2890 41246
7 2891 181392
7 2892 41181
7 2893 167347
7 2894 41183
7 2895 181765
7 2896 165293
7 2897 180807
7 2898 41178
7 2899 167278
7 2900 41190
7 2901 181738
7 2902 165295
7 2903 180813
7 2904 41031
7 2905 41031
7 2906 41170
7 2907 166411
7 2908 41180
7 2909 166131
7 2910 41102
7 2911 41102
7 2912 41249
7 2913 85829
7 2914 41256
7 2915 85940
7 2916 41310
7 2917 167538
7 2918 41312
7 2919 86041
7 2920 166430
7 2921 85924
7 2922 41319
7 2923 167177
7 2924 41330
7 2925 86052
7 2926 166413
7 2927 85919
7 2928 41100
7 2929 41100
7 2930 41308
7 2931 182083
7 2932 41314
7 2933 182083
7 2934 41032
7 2935 41032
7 2936 41249
7 2937 85944
7 2938 41249
7 2939 85949
7 2940 41250
7 2941 182355
7 2942 41246
7 2943 86068
7 2944 181862
7 2945 84901
7 2946 41260
7 2947 182504
7 2948 41260
7 2949 86073
7 2950 181928
7 2951 84919
7 2952 41105
7 2953 167346
7 2954 41178
7 2955 182316
7 2956 166215
7 2957 181604
7 2958 41181
7 2959 167337
7 2960 41178
7 2961 85987
7 2962 167153
7 2963 85855
7 2964 41182
7 2965 182470
7 2966 41170
7 2967 86004
7 2968 182251
7 2969 84962
7 2970 165035
7 2971 181311
7 2972 165036
7 2973 84706
7 2974 181333
7 2975 84714
7 2976 41106
7 2977 167369
7 2978 41181
7 2979 182361
7 2980 166336
7 2981 181829
7 2982 41181
7 2983 167372
7 2984 41195
7 2985 85887
7 2986 167109
7 2987 85949
7 2988 41195
7 2989 182561
7 2990 41186
7 2991 86011
7 2992 182238
7 2993 84958
7 2994 165043
7 2995 181321
7 2996 165032
7 2997 84714
7 2998 181395
7 2999 84708
7 3000 41033
7 3001 41033
7 3002 41174
7 3003 166452
7 3004 41180
7 3005 166254
7 3006 41034
7 3007 41034
7 3008 41247
7 3009 181381
7 3010 41251
7 3011 181445
7 3012 41182
7 3013 167302
7 3014 41176
7 3015 181770
7 3016 165247
7 3017 180803
7 3018 41183
7 3019 167268
7 3020 41187
7 3021 181745
7 3022 165246
7 3023 180805
7 3024 41098
7 3025 41098
7 3026 41173
7 3027 166382
7 3028 41180
7 3029 166130
7 3030 40965
7 3031 40965
7 3032 41102
7 3033 44054
7 3034 41110
7 3035 44062
7 3036 41256
7 3037 167440
7 3038 41237
7 3039 44253
7 3040 166374
7 3041 44204
7 3042 41260
7 3043 167257
7 3044 41259
7 3045 44264
7 3046 166360
7 3047 44196
7 3048 41096
7 3049 41096
7 3050 41306
7 3051 182047
7 3052 41313
7 3053 182044
7 3054 41097
7 3055 41097
7 3056 41172
7 3057 44122
7 3058 41179
7 3059 44124
7 3060 41309
7 3061 182311
7 3062 41304
7 3063 44326
7 3064 182002
7 3065 44206
7 3066 41321
7 3067 182497
7 3068 41324
7 3069 44329
7 3070 182104
7 3071 44212
7 3072 41248
7 3073 167425
7 3074 41245
7 3075 182373
7 3076 166242
7 3077 181732
7 3078 41309
7 3079 167453
7 3080 41172
7 3081 44200
7 3082 167285
7 3083 44260
7 3084 41305
7 3085 182537
7 3086 41238
7 3087 44261
7 3088 182434
7 3089 44273
7 3090 165208
7 3091 181558
7 3092 166106
7 3093 44139
7 3094 182263
7 3095 44146
7 3096 41252
7 3097 167510
7 3098 41254
7 3099 182451
7 3100 166250
7 3101 181841
7 3102 41316
7 3103 167532
7 3104 41252
7 3105 44203
7 3106 167328
7 3107 44329
7 3108 41326
7 3109 182693
7 3110 41265
7 3111 44275
7 3112 182523
7 3113 44270
7 3114 165233
7 3115 181567
7 3116 166056
7 3117 44140
7 3118 182322
7 3119 44139
7 3120 41098
7 3121 41098
7 3122 41170
7 3123 166353
7 3124 41180
7 3125 166003
7 3126 41096
7 3127 41096
7 3128 41308
7 3129 85886
7 3130 41312
7 3131 85970
7 3132 41313
7 3133 167530
7 3134 41241
7 3135 86021
7 3136 166388
7 3137 85916
7 3138 41318
7 3139 167201
7 3140 41323
7 3141 86028
7 3142 166314
7 3143 85844
7 3144 41031
7 3145 41031
7 3146 41096
7 3147 166074
7 3148 41169
7 3149 164998
7 3150 41094
7 3151 41094
7 3152 41170
7 3153 44092
7 3154 41178
7 3155 44126
7 3156 41180
7 3157 167231
7 3158 41178
7 3159 44193
7 3160 166208
7 3161 44196
7 3162 41251
7 3163 166066
7 3164 41260
7 3165 44263
7 3166 166094
7 3167 44126
7 3168 40961
7 3169 40961
7 3170 41174
7 3171 85896
7 3172 41178
7 3173 85910
7 3174 40960
7 3175 40960
7 3176 41101
7 3177 44057
7 3178 41101
7 3179 44058
7 3180 41101
7 3181 85859
7 3182 41101
7 3183 44190
7 3184 85831
7 3185 43750
7 3186 41115
7 3187 86009
7 3188 41117
7 3189 44201
7 3190 85968
7 3191 43756
7 3192 41243
7 3193 167393
7 3194 41243
7 3195 86055
7 3196 167207
7 3197 86053
7 3198 41245
7 3199 167365
7 3200 41232
7 3201 44264
7 3202 167227
7 3203 44333
7 3204 41100
7 3205 85982
7 3206 41096
7 3207 44190
7 3208 85925
7 3209 43817
7 3210 166098
7 3211 85995
7 3212 166095
7 3213 44202
7 3214 85986
7 3215 43881
7 3216 41250
7 3217 167294
7 3218 41319
7 3219 86086
7 3220 167174
7 3221 85995
7 3222 41253
7 3223 167202
7 3224 41318
7 3225 44304
7 3226 166118
7 3227 44267
7 3228 41248
7 3229 86021
7 3230 41245
7 3231 44328
7 3232 85957
7 3233 43884
7 3234 166090
7 3235 85993
7 3236 166079
7 3237 44199
7 3238 85926
7 3239 43818
7 3240 40964
7 3241 40964
7 3242 41184
7 3243 181061
7 3244 41184
7 3245 181061
7 3246 41031
7 3247 41031
7 3248 41243
7 3249 85879
7 3250 41243
7 3251 85888
7 3252 41178
7 3253 181845
7 3254 41188
7 3255 86002
7 3256 181562
7 3257 84854
7 3258 41185
7 3259 181995
7 3260 41192
7 3261 86012
7 3262 181529
7 3263 84842
7 3264 41033
7 3265 41033
7 3266 41178
7 3267 181019
7 3268 41185
7 3269 181018
7 3270 40960
7 3271 40960
7 3272 41103
7 3273 44059
7 3274 41106
7 3275 44060
7 3276 41245
7 3277 182009
7 3278 41234
7 3279 44260
7 3280 181773
7 3281 44149
7 3282 41256
7 3283 182055
7 3284 41251
7 3285 44269
7 3286 181771
7 3287 44142
7 3288 40959
7 3289 40959
7 3290 41171
7 3291 85860
7 3292 41174
7 3293 85854
7 3294 40884
7 3295 40884
7 3296 41027
7 3297 43984
7 3298 41028
7 3299 43984
7 3300 41038
7 3301 85892
7 3302 41036
7 3303 44125
7 3304 85867
7 3305 43685
7 3306 41109
7 3307 85949
7 3308 41104
7 3309 44126
7 3310 85868
7 3311 43685
7 3312 41031
7 3313 181079
7 3314 41044
7 3315 85867
7 3316 181254
7 3317 84826
7 3318 41044
7 3319 181104
7 3320 41032
7 3321 44129
7 3322 181736
7 3323 44136
7 3324 41032
7 3325 85867
7 3326 41029
7 3327 44127
7 3328 85932
7 3329 43819
7 3330 180210
7 3331 84681
7 3332 180411
7 3333 43625
7 3334 84681
7 3335 43625
7 3336 41108
7 3337 181464
7 3338 41117
7 3339 85934
7 3340 181625
7 3341 84900
7 3342 41117
7 3343 181478
7 3344 41114
7 3345 44203
7 3346 182006
7 3347 44203
7 3348 41114
7 3349 85933
7 3350 41108
7 3351 44202
7 3352 85932
7 3353 43822
7 3354 180210
7 3355 84682
7 3356 180411
7 3357 43626
7 3358 84682
7 3359 43626
7 3360 40960
7 3361 166253
7 3362 41036
7 3363 181316
7 3364 165294
7 3365 180795
7 3366 41034
7 3367 166338
7 3368 41102
7 3369 85841
7 3370 166323
7 3371 85792
7 3372 41102
7 3373 182003
7 3374 41038
7 3375 85866
7 3376 181902
7 3377 84899
7 3378 164978
7 3379 181020
7 3380 165020
7 3381 84636
7 3382 181223
7 3383 84690
7 3384 41036
7 3385 166346
7 3386 41037
7 3387 181369
7 3388 165294
7 3389 180758
7 3390 41101
7 3391 166322
7 3392 40961
7 3393 44057
7 3394 166301
7 3395 44194
7 3396 41100
7 3397 181970
7 3398 41098
7 3399 44133
7 3400 182112
7 3401 44212
7 3402 165214
7 3403 181327
7 3404 166013
7 3405 44064
7 3406 181922
7 3407 44137
7 3408 41101
7 3409 166371
7 3410 41100
7 3411 85910
7 3412 166378
7 3413 85816
7 3414 41038
7 3415 166169
7 3416 41098
7 3417 44133
7 3418 166192
7 3419 44200
7 3420 40957
7 3421 85788
7 3422 40959
7 3423 44055
7 3424 85868
7 3425 43755
7 3426 166133
7 3427 85888
7 3428 166091
7 3429 44197
7 3430 85728
7 3431 43812
7 3432 40962
7 3433 181060
7 3434 41032
7 3435 85800
7 3436 181410
7 3437 84832
7 3438 41032
7 3439 181150
7 3440 40961
7 3441 44060
7 3442 181854
7 3443 44139
7 3444 40962
7 3445 85798
7 3446 40955
7 3447 44053
7 3448 85871
7 3449 43754
7 3450 180568
7 3451 84740
7 3452 180838
7 3453 43690
7 3454 84740
7 3455 43690
7 3456 163752
7 3457 179978
7 3458 163752
7 3459 84477
7 3460 180628
7 3461 84531
7 3462 163796
7 3463 179977
7 3464 164628
7 3465 43544
7 3466 180630
7 3467 43924
7 3468 164630
7 3469 84475
7 3470 163752
7 3471 43924
7 3472 84434
7 3473 43544
7 3474 179594
7 3475 84464
7 3476 180407
7 3477 43544
7 3478 84464
7 3479 43545
7 3480 41028
7 3481 167182
7 3482 41106
7 3483 181633
7 3484 166329
7 3485 181219
7 3486 41101
7 3487 167252
7 3488 41179
7 3489 85800
7 3490 167144
7 3491 85863
7 3492 41178
7 3493 182337
7 3494 41110
7 3495 85922
7 3496 182226
7 3497 84952
7 3498 165954
7 3499 181500
7 3500 165940
7 3501 84778
7 3502 181681
7 3503 84768
7 3504 41103
7 3505 167276
7 3506 41106
7 3507 181721
7 3508 166329
7 3509 181215
7 3510 41170
7 3511 167394
7 3512 41103
7 3513 44123
7 3514 167300
7 3515 44261
7 3516 41178
7 3517 182378
7 3518 41180
7 3519 44204
7 3520 182366
7 3521 44270
7 3522 166048
7 3523 181737
7 3524 166924
7 3525 44198
7 3526 182450
7 3527 44202
7 3528 41170
7 3529 167360
7 3530 41176
7 3531 85945
7 3532 167343
7 3533 85910
7 3534 41107
7 3535 167054
7 3536 41178
7 3537 44202
7 3538 167044
7 3539 44262
7 3540 41104
7 3541 85819
7 3542 41105
7 3543 44198
7 3544 85826
7 3545 43819
7 3546 166870
7 3547 85926
7 3548 166790
7 3549 44199
7 3550 85861
7 3551 43879
7 3552 41104
7 3553 181891
7 3554 41172
7 3555 85924
7 3556 181974
7 3557 84945
7 3558 41172
7 3559 181980
7 3560 41105
7 3561 44202
7 3562 182521
7 3563 44262
7 3564 41106
7 3565 85924
7 3566 41097
7 3567 44195
7 3568 85986
7 3569 43885
7 3570 180535
7 3571 84736
7 3572 180838
7 3573 43688
7 3574 84736
7 3575 43688
7 3576 163814
7 3577 180095
7 3578 163770
7 3579 84556
7 3580 180818
7 3581 84556
7 3582 163814
7 3583 180091
7 3584 164696
7 3585 43615
7 3586 180822
7 3587 43936
7 3588 164696
7 3589 84556
7 3590 163814
7 3591 43936
7 3592 84544
7 3593 43615
7 3594 180079
7 3595 84544
7 3596 180834
7 3597 43614
7 3598 84544
7 3599 43615
7 3600 40957
7 3601 68367
7 3602 41029
7 3603 167248
7 3604 67990
7 3605 167281
7 3606 41030
7 3607 68452
7 3608 41105
7 3609 181205
7 3610 68520
7 3611 181725
7 3612 41107
7 3613 167369
7 3614 41034
7 3615 181348
7 3616 166347
7 3617 181211
7 3618 67932
7 3619 166408
7 3620 67947
7 3621 180714
7 3622 166290
7 3623 180726
7 3624 41030
7 3625 68454
7 3626 41031
7 3627 167339
7 3628 68007
7 3629 167326
7 3630 41167
7 3631 68840
7 3632 41106
7 3633 85732
7 3634 68908
7 3635 85903
7 3636 41170
7 3637 167558
7 3638 41174
7 3639 85969
7 3640 167370
7 3641 85966
7 3642 68143
7 3643 167426
7 3644 68896
7 3645 85846
7 3646 167429
7 3647 85915
7 3648 41164
7 3649 68838
7 3650 41170
7 3651 182399
7 3652 68903
7 3653 182441
7 3654 41035
7 3655 68461
7 3656 41176
7 3657 85960
7 3658 68600
7 3659 86003
7 3660 41108
7 3661 182088
7 3662 41107
7 3663 85944
7 3664 181880
7 3665 84906
7 3666 68839
7 3667 182503
7 3668 68747
7 3669 85926
7 3670 182236
7 3671 84964
7 3672 41104
7 3673 167341
7 3674 41170
7 3675 182229
7 3676 166344
7 3677 181823
7 3678 41172
7 3679 167263
7 3680 41105
7 3681 85952
7 3682 167235
7 3683 85950
7 3684 41107
7 3685 182115
7 3686 41028
7 3687 85860
7 3688 181884
7 3689 84910
7 3690 165956
7 3691 181662
7 3692 165940
7 3693 84778
7 3694 181688
7 3695 84768
7 3696 67811
7 3697 166080
7 3698 67927
7 3699 181252
7 3700 166088
7 3701 181060
7 3702 67935
7 3703 166168
7 3704 68683
7 3705 84624
7 3706 166136
7 3707 85668
7 3708 68687
7 3709 181488
7 3710 67935
7 3711 85666
7 3712 181176
7 3713 84693
7 3714 165896
7 3715 181448
7 3716 165868
7 3717 84674
7 3718 181206
7 3719 84684
7 3720 41029
7 3721 68459
7 3722 41036
7 3723 167348
7 3724 68002
7 3725 167349
7 3726 41031
7 3727 68453
7 3728 41109
7 3729 181294
7 3730 68524
7 3731 181746
7 3732 41109
7 3733 167375
7 3734 41034
7 3735 181353
7 3736 166345
7 3737 181209
7 3738 67933
7 3739 166414
7 3740 67934
7 3741 180720
7 3742 166286
7 3743 180724
7 3744 41101
7 3745 68536
7 3746 41105
7 3747 167480
7 3748 68020
7 3749 167441
7 3750 41102
7 3751 68719
7 3752 40961
7 3753 44052
7 3754 68782
7 3755 44194
7 3756 41237
7 3757 167485
7 3758 41104
7 3759 44131
7 3760 167356
7 3761 44264
7 3762 68100
7 3763 167543
7 3764 68917
7 3765 44197
7 3766 167465
7 3767 44205
7 3768 41166
7 3769 68844
7 3770 41239
7 3771 182440
7 3772 68912
7 3773 182493
7 3774 41172
7 3775 68853
7 3776 41101
7 3777 44128
7 3778 68855
7 3779 44202
7 3780 41172
7 3781 181984
7 3782 41168
7 3783 44200
7 3784 182016
7 3785 44214
7 3786 68907
7 3787 182642
7 3788 68948
7 3789 44299
7 3790 182478
7 3791 44273
7 3792 41238
7 3793 167392
7 3794 41173
7 3795 182279
7 3796 166344
7 3797 181857
7 3798 41304
7 3799 167464
7 3800 41168
7 3801 44198
7 3802 167368
7 3803 44330
7 3804 41238
7 3805 182290
7 3806 41107
7 3807 44130
7 3808 182239
7 3809 44214
7 3810 166141
7 3811 181915
7 3812 167022
7 3813 44209
7 3814 182635
7 3815 44205
7 3816 68004
7 3817 166368
7 3818 68007
7 3819 181345
7 3820 166266
7 3821 181295
7 3822 68148
7 3823 167258
7 3824 68837
7 3825 44061
7 3826 167087
7 3827 44194
7 3828 68893
7 3829 182315
7 3830 68915
7 3831 44197
7 3832 182037
7 3833 44136
7 3834 166140
7 3835 181794
7 3836 166952
7 3837 44140
7 3838 182208
7 3839 44133
7 3840 41103
7 3841 68530
7 3842 41105
7 3843 167481
7 3844 68020
7 3845 167428
7 3846 41166
7 3847 68766
7 3848 41237
7 3849 85946
7 3850 68854
7 3851 86015
7 3852 41240
7 3853 167582
7 3854 41178
7 3855 85966
7 3856 167439
7 3857 85986
7 3858 68154
7 3859 167560
7 3860 68816
7 3861 85899
7 3862 167438
7 3863 85905
7 3864 41034
7 3865 68374
7 3866 41034
7 3867 167249
7 3868 67878
7 3869 167155
7 3870 41170
7 3871 68767
7 3872 41104
7 3873 44129
7 3874 68813
7 3875 44206
7 3876 41178
7 3877 167476
7 3878 41106
7 3879 44129
7 3880 167342
7 3881 44266
7 3882 67961
7 3883 167299
7 3884 68836
7 3885 44200
7 3886 167364
7 3887 44198
7 3888 41104
7 3889 68621
7 3890 41172
7 3891 85962
7 3892 68808
7 3893 85957
7 3894 41103
7 3895 68612
7 3896 41168
7 3897 44192
7 3898 68639
7 3899 44203
7 3900 40961
7 3901 85686
7 3902 40961
7 3903 44059
7 3904 85765
7 3905 43753
7 3906 68730
7 3907 86046
7 3908 68762
7 3909 44269
7 3910 85957
7 3911 43884
7 3912 41169
7 3913 167307
7 3914 41235
7 3915 86073
7 3916 167323
7 3917 86045
7 3918 41234
7 3919 167267
7 3920 41160
7 3921 44192
7 3922 167255
7 3923 44328
7 3924 41098
7 3925 86046
7 3926 41097
7 3927 44191
7 3928 86052
7 3929 43823
7 3930 166979
7 3931 86048
7 3932 167000
7 3933 44263
7 3934 86042
7 3935 43947
7 3936 68079
7 3937 167354
7 3938 68817
7 3939 85979
7 3940 167379
7 3941 85986
7 3942 68073
7 3943 167270
7 3944 68855
7 3945 44205
7 3946 167086
7 3947 44260
7 3948 68789
7 3949 85870
7 3950 68659
7 3951 44320
7 3952 85821
7 3953 43815
7 3954 167026
7 3955 86039
7 3956 166999
7 3957 44258
7 3958 85971
7 3959 43881
7 3960 41101
7 3961 68660
7 3962 41236
7 3963 181901
7 3964 68774
7 3965 181754
7 3966 41168
7 3967 68729
7 3968 41304
7 3969 85964
7 3970 68868
7 3971 86036
7 3972 41169
7 3973 182197
7 3974 41232
7 3975 85954
7 3976 182272
7 3977 84970
7 3978 68769
7 3979 182527
7 3980 68780
7 3981 85930
7 3982 182257
7 3983 84923
7 3984 41168
7 3985 68639
7 3986 41171
7 3987 181859
7 3988 68675
7 3989 181518
7 3990 41101
7 3991 68575
7 3992 41168
7 3993 44162
7 3994 68652
7 3995 44202
7 3996 41232
7 3997 182444
7 3998 41160
7 3999 44192
7 4000 182559
7 4001 44271
7 4002 68776
7 4003 182249
7 4004 68810
7 4005 44302
7 4006 182539
7 4007 44206
7 4008 41103
7 4009 68712
7 4010 41238
7 4011 85996
7 4012 68855
7 4013 85987
7 4014 41027
7 4015 67726
7 4016 41104
7 4017 44124
7 4018 67801
7 4019 44129
7 4020 41098
7 4021 85973
7 4022 41096
7 4023 44186
7 4024 85982
7 4025 43819
7 4026 68704
7 4027 86073
7 4028 68481
7 4029 44198
7 4030 86017
7 4031 43825
7 4032 40961
7 4033 181053
7 4034 41032
7 4035 85791
7 4036 181342
7 4037 84826
7 4038 41032
7 4039 181152
7 4040 40956
7 4041 44055
7 4042 181859
7 4043 44135
7 4044 40961
7 4045 85787
7 4046 40956
7 4047 44054
7 4048 85863
7 4049 43752
7 4050 180532
7 4051 84742
7 4052 180838
7 4053 43690
7 4054 84742
7 4055 43690
7 4056 68605
7 4057 181814
7 4058 68620
7 4059 85846
7 4060 182072
7 4061 84920
7 4062 68610
7 4063 181830
7 4064 68672
7 4065 44253
7 4066 182223
7 4067 44199
7 4068 68700
7 4069 85841
7 4070 68430
7 4071 44257
7 4072 85849
7 4073 43879
7 4074 180499
7 4075 84735
7 4076 180838
7 4077 43688
7 4078 84735
7 4079 43688
7 4080 40960
7 4081 166264
7 4082 41036
7 4083 181301
7 4084 165304
7 4085 180816
7 4086 41034
7 4087 166317
7 4088 41102
7 4089 85843
7 4090 166305
7 4091 85809
7 4092 41100
7 4093 181935
7 4094 41035
7 4095 85860
7 4096 181811
7 4097 84899
7 4098 165040
7 4099 181191
7 4100 165030
7 4101 84711
7 4102 181378
7 4103 84711
7 4104 41036
7 4105 166358
7 4106 41037
7 4107 181354
7 4108 165304
7 4109 180807
7 4110 41101
7 4111 166366
7 4112 40961
7 4113 44058
7 4114 166344
7 4115 44201
7 4116 41096
7 4117 181899
7 4118 41097
7 4119 44129
7 4120 181994
7 4121 44208
7 4122 165228
7 4123 181434
7 4124 166101
7 4125 44135
7 4126 182144
7 4127 44147
7 4128 41101
7 4129 166341
7 4130 41098
7 4131 85905
7 4132 166356
7 4133 85851
7 4134 41036
7 4135 166042
7 4136 41096
7 4137 44130
7 4138 166068
7 4139 44199
7 4140 40959
7 4141 85787
7 4142 40958
7 4143 44054
7 4144 85869
7 4145 43754
7 4146 166092
7 4147 85928
7 4148 166003
7 4149 44199
7 4150 85861
7 4151 43877
7 4152 40960
7 4153 180980
7 4154 41027
7 4155 85785
7 4156 181288
7 4157 84827
7 4158 41029
7 4159 181029
7 4160 40956
7 4161 44053
7 4162 181655
7 4163 44132
7 4164 40955
7 4165 85728
7 4166 40884
7 4167 43981
7 4168 85768
7 4169 43682
7 4170 180178
7 4171 84685
7 4172 180411
7 4173 43627
7 4174 84685
7 4175 43627
7 4176 163814
7 4177 180095
7 4178 163770
7 4179 84556
7 4180 180818
7 4181 84556
7 4182 163814
7 4183 180091
7 4184 164696
7 4185 43615
7 4186 180822
7 4187 43936
7 4188 164696
7 4189 84556
7 4190 163814
7 4191 43936
7 4192 84544
7 4193 43615
7 4194 180079
7 4195 84544
7 4196 180834
7 4197 43614
7 4198 84544
7 4199 43615
7 4200 67133
7 4201 164968
7 4202 67253
7 4203 180219
7 4204 165026
7 4205 179989
7 4206 67255
7 4207 165017
7 4208 68076
7 4209 84472
7 4210 165035
7 4211 85508
7 4212 68077
7 4213 180894
7 4214 67266
7 4215 85504
7 4216 180783
7 4217 84611
7 4218 164959
7 4219 180921
7 4220 164869
7 4221 84590
7 4222 180784
7 4223 84540
7 4224 67260
7 4225 165060
7 4226 67260
7 4227 180306
7 4228 165026
7 4229 179989
7 4230 67407
7 4231 165960
7 4232 68088
7 4233 43544
7 4234 165862
7 4235 44039
7 4236 68157
7 4237 181241
7 4238 68198
7 4239 43957
7 4240 180943
7 4241 43998
7 4242 164980
7 4243 181003
7 4244 165832
7 4245 44050
7 4246 181572
7 4247 43990
7 4248 67405
7 4249 165965
7 4250 68114
7 4251 85460
7 4252 166067
7 4253 85579
7 4254 67257
7 4255 164999
7 4256 68156
7 4257 43960
7 4258 165083
7 4259 43988
7 4260 68005
7 4261 84566
7 4262 67959
7 4263 44049
7 4264 84427
7 4265 43544
7 4266 165830
7 4267 85632
7 4268 165770
7 4269 44020
7 4270 85578
7 4271 43736
7 4272 68003
7 4273 181191
7 4274 68072
7 4275 85565
7 4276 180899
7 4277 84632
7 4278 67988
7 4279 181083
7 4280 67960
7 4281 44076
7 4282 181693
7 4283 44046
7 4284 68089
7 4285 85542
7 4286 67162
7 4287 44043
7 4288 85576
7 4289 43736
7 4290 179556
7 4291 84461
7 4292 180407
7 4293 43543
7 4294 84461
7 4295 43544
7 4296 163752
7 4297 179978
7 4298 163752
7 4299 84477
7 4300 180628
7 4301 84531
7 4302 163796
7 4303 179977
7 4304 164628
7 4305 43544
7 4306 180630
7 4307 43924
7 4308 164630
7 4309 84475
7 4310 163752
7 4311 43924
7 4312 84434
7 4313 43544
7 4314 179594
7 4315 84464
7 4316 180407
7 4317 43544
7 4318 84464
7 4319 43545
7 4320 40884
7 4321 67658
7 4322 40956
7 4323 166074
7 4324 67765
7 4325 164999
7 4326 40958
7 4327 67742
7 4328 41097
7 4329 180215
7 4330 67837
7 4331 180825
7 4332 41096
7 4333 166067
7 4334 40961
7 4335 180834
7 4336 165096
7 4337 180300
7 4338 67817
7 4339 166068
7 4340 67847
7 4341 180259
7 4342 165098
7 4343 179981
7 4344 40956
7 4345 67744
7 4346 40956
7 4347 166166
7 4348 67774
7 4349 165021
7 4350 41097
7 4351 68643
7 4352 41107
7 4353 84468
7 4354 68666
7 4355 85683
7 4356 41160
7 4357 167174
7 4358 41168
7 4359 85627
7 4360 166175
7 4361 85691
7 4362 67972
7 4363 166113
7 4364 68689
7 4365 85709
7 4366 166141
7 4367 85726
7 4368 41096
7 4369 68639
7 4370 41160
7 4371 181857
7 4372 68700
7 4373 181638
7 4374 40961
7 4375 67750
7 4376 41168
7 4377 85657
7 4378 67917
7 4379 85685
7 4380 41106
7 4381 181507
7 4382 41104
7 4383 85787
7 4384 180841
7 4385 84618
7 4386 68609
7 4387 182034
7 4388 68510
7 4389 85713
7 4390 181492
7 4391 84816
7 4392 41104
7 4393 167111
7 4394 41168
7 4395 182155
7 4396 166145
7 4397 181592
7 4398 41168
7 4399 166143
7 4400 41101
7 4401 85795
7 4402 166114
7 4403 85733
7 4404 41104
7 4405 181949
7 4406 40961
7 4407 85739
7 4408 181492
7 4409 84814
7 4410 164967
7 4411 181092
7 4412 164958
7 4413 84594
7 4414 180877
7 4415 84618
7 4416 67810
7 4417 166072
7 4418 67927
7 4419 181201
7 4420 166004
7 4421 180961
7 4422 67926
7 4423 166087
7 4424 68601
7 4425 84585
7 4426 165862
7 4427 85658
7 4428 68603
7 4429 181318
7 4430 67847
7 4431 85652
7 4432 180793
7 4433 84619
7 4434 164970
7 4435 181070
7 4436 164873
7 4437 84594
7 4438 180793
7 4439 84536
7 4440 40955
7 4441 67751
7 4442 40961
7 4443 166170
7 4444 67780
7 4445 165067
7 4446 40959
7 4447 67744
7 4448 41098
7 4449 180298
7 4450 67847
7 4451 180840
7 4452 41098
7 4453 166109
7 4454 40961
7 4455 180842
7 4456 165096
7 4457 180300
7 4458 67822
7 4459 166072
7 4460 67847
7 4461 180263
7 4462 165098
7 4463 179981
7 4464 41027
7 4465 67909
7 4466 41032
7 4467 166400
7 4468 67917
7 4469 165964
7 4470 41035
7 4471 68717
7 4472 41028
7 4473 43544
7 4474 68686
7 4475 44050
7 4476 41232
7 4477 167302
7 4478 41107
7 4479 44041
7 4480 166270
7 4481 44111
7 4482 68081
7 4483 167022
7 4484 68796
7 4485 44120
7 4486 166264
7 4487 44054
7 4488 41098
7 4489 68732
7 4490 41235
7 4491 181905
7 4492 68835
7 4493 181954
7 4494 41102
7 4495 68782
7 4496 41105
7 4497 43988
7 4498 68726
7 4499 43993
7 4500 41178
7 4501 181450
7 4502 41174
7 4503 44127
7 4504 180956
7 4505 44002
7 4506 68753
7 4507 182338
7 4508 68820
7 4509 44128
7 4510 181734
7 4511 44135
7 4512 41238
7 4513 167140
7 4514 41172
7 4515 182241
7 4516 166226
7 4517 181715
7 4518 41304
7 4519 167232
7 4520 41176
7 4521 44179
7 4522 166954
7 4523 44177
7 4524 41237
7 4525 182156
7 4526 41106
7 4527 44053
7 4528 181841
7 4529 44130
7 4530 165120
7 4531 181440
7 4532 166034
7 4533 44061
7 4534 181889
7 4535 44060
7 4536 67996
7 4537 166285
7 4538 68000
7 4539 181291
7 4540 166006
7 4541 180973
7 4542 68146
7 4543 167183
7 4544 68836
7 4545 44060
7 4546 166887
7 4547 44186
7 4548 68822
7 4549 182235
7 4550 68842
7 4551 44187
7 4552 181727
7 4553 44063
7 4554 165205
7 4555 181373
7 4556 165912
7 4557 44064
7 4558 181781
7 4559 43991
7 4560 41029
7 4561 67905
7 4562 41032
7 4563 166408
7 4564 67917
7 4565 165965
7 4566 41096
7 4567 68692
7 4568 41238
7 4569 85573
7 4570 68734
7 4571 85849
7 4572 41232
7 4573 167387
7 4574 41172
7 4575 85786
7 4576 166375
7 4577 85824
7 4578 68108
7 4579 167167
7 4580 68739
7 4581 85814
7 4582 166344
7 4583 85756
7 4584 40960
7 4585 67747
7 4586 40961
7 4587 166138
7 4588 67775
7 4589 164999
7 4590 41100
7 4591 68734
7 4592 41107
7 4593 43957
7 4594 68730
7 4595 44061
7 4596 41169
7 4597 167241
7 4598 41108
7 4599 43991
7 4600 166259
7 4601 44120
7 4602 67959
7 4603 166126
7 4604 68756
7 4605 44123
7 4606 166148
7 4607 44049
7 4608 41037
7 4609 68622
7 4610 41173
7 4611 85637
7 4612 68872
7 4613 85835
7 4614 41036
7 4615 68578
7 4616 41170
7 4617 44086
7 4618 68675
7 4619 44124
7 4620 41034
7 4621 84571
7 4622 41034
7 4623 44059
7 4624 84427
7 4625 43544
7 4626 68646
7 4627 85920
7 4628 68679
7 4629 44247
7 4630 85752
7 4631 43751
7 4632 41171
7 4633 167323
7 4634 41239
7 4635 85846
7 4636 167291
7 4637 85887
7 4638 41236
7 4639 167292
7 4640 41170
7 4641 44127
7 4642 167126
7 4643 44195
7 4644 41109
7 4645 85804
7 4646 41105
7 4647 44189
7 4648 85705
7 4649 43741
7 4650 166023
7 4651 85799
7 4652 166041
7 4653 44093
7 4654 85771
7 4655 43806
7 4656 68031
7 4657 167146
7 4658 68811
7 4659 85933
7 4660 167060
7 4661 85907
7 4662 68068
7 4663 167106
7 4664 68810
7 4665 44191
7 4666 166041
7 4667 44187
7 4668 68786
7 4669 85856
7 4670 68655
7 4671 44312
7 4672 85781
7 4673 43811
7 4674 166143
7 4675 85941
7 4676 166114
7 4677 44191
7 4678 85814
7 4679 43751
7 4680 41036
7 4681 68621
7 4682 41234
7 4683 181430
7 4684 68829
7 4685 181325
7 4686 41101
7 4687 68690
7 4688 41304
7 4689 85730
7 4690 68893
7 4691 85920
7 4692 41178
7 4693 181560
7 4694 41237
7 4695 85812
7 4696 181728
7 4697 84876
7 4698 68766
7 4699 182268
7 4700 68836
7 4701 85784
7 4702 181849
7 4703 84852
7 4704 41101
7 4705 68597
7 4706 41169
7 4707 181393
7 4708 68697
7 4709 181093
7 4710 41034
7 4711 68574
7 4712 41172
7 4713 44085
7 4714 68712
7 4715 44129
7 4716 41240
7 4717 182365
7 4718 41170
7 4719 44179
7 4720 182083
7 4721 44192
7 4722 68770
7 4723 182132
7 4724 68762
7 4725 44222
7 4726 182130
7 4727 44134
7 4728 41036
7 4729 68715
7 4730 41238
7 4731 85896
7 4732 68923
7 4733 85834
7 4734 40960
7 4735 67696
7 4736 41104
7 4737 44050
7 4738 67840
7 4739 44051
7 4740 41109
7 4741 85721
7 4742 41107
7 4743 44186
7 4744 85745
7 4745 43745
7 4746 68767
7 4747 85930
7 4748 68546
7 4749 44186
7 4750 85773
7 4751 43748
7 4752 41034
7 4753 181356
7 4754 41105
7 4755 85776
7 4756 181020
7 4757 84684
7 4758 41105
7 4759 181488
7 4760 41031
7 4761 44122
7 4762 182099
7 4763 44122
7 4764 41036
7 4765 85774
7 4766 41029
7 4767 44124
7 4768 85778
7 4769 43810
7 4770 179553
7 4771 84461
7 4772 180407
7 4773 43543
7 4774 84461
7 4775 43544
7 4776 68528
7 4777 181728
7 4778 68607
7 4779 85698
7 4780 181944
7 4781 84903
7 4782 68596
7 4783 181783
7 4784 68557
7 4785 44173
7 4786 182161
7 4787 44187
7 4788 68653
7 4789 85694
7 4790 68387
7 4791 44240
7 4792 85707
7 4793 43805
7 4794 180499
7 4795 84728
7 4796 180838
7 4797 43686
7 4798 84728
7 4799 43686
7 4800 41027
7 4801 167169
7 4802 41103
7 4803 181619
7 4804 166311
7 4805 181195
7 4806 41101
7 4807 167100
7 4808 41172
7 4809 85797
7 4810 167026
7 4811 85840
7 4812 41170
7 4813 182219
7 4814 41102
7 4815 85904
7 4816 182128
7 4817 84940
7 4818 165884
7 4819 181319
7 4820 165918
7 4821 84697
7 4822 181518
7 4823 84745
7 4824 41103
7 4825 167212
7 4826 41104
7 4827 181704
7 4828 166240
7 4829 181157
7 4830 41168
7 4831 167168
7 4832 41035
7 4833 44117
7 4834 167182
7 4835 44249
7 4836 41166
7 4837 182223
7 4838 41167
7 4839 44191
7 4840 182305
7 4841 44263
7 4842 166032
7 4843 181626
7 4844 166824
7 4845 44123
7 4846 182217
7 4847 44191
7 4848 41168
7 4849 167052
7 4850 41166
7 4851 85878
7 4852 167162
7 4853 85799
7 4854 41101
7 4855 166046
7 4856 41164
7 4857 44162
7 4858 166111
7 4859 44192
7 4860 41031
7 4861 85715
7 4862 41030
7 4863 44123
7 4864 85787
7 4865 43813
7 4866 166835
7 4867 85875
7 4868 166755
7 4869 44190
7 4870 85717
7 4871 43807
7 4872 41034
7 4873 181404
7 4874 41101
7 4875 85840
7 4876 181614
7 4877 84875
7 4878 41103
7 4879 181457
7 4880 41030
7 4881 44126
7 4882 182088
7 4883 44195
7 4884 41029
7 4885 85784
7 4886 40957
7 4887 44054
7 4888 85820
7 4889 43755
7 4890 180501
7 4891 84728
7 4892 180838
7 4893 43686
7 4894 84728
7 4895 43686
7 4896 163752
7 4897 179976
7 4898 163752
7 4899 84477
7 4900 180626
7 4901 84531
7 4902 163796
7 4903 179975
7 4904 164628
7 4905 43543
7 4906 180628
7 4907 43924
7 4908 164630
7 4909 84475
7 4910 163752
7 4911 43924
7 4912 84433
7 4913 43543
7 4914 179591
7 4915 84463
7 4916 180406
7 4917 43543
7 4918 84463
7 4919 43544
7 4920 67133
7 4921 164968
7 4922 67253
7 4923 180219
7 4924 165026
7 4925 179989
7 4926 67255
7 4927 165017
7 4928 68076
7 4929 84472
7 4930 165035
7 4931 85508
7 4932 68077
7 4933 180894
7 4934 67266
7 4935 85504
7 4936 180783
7 4937 84611
7 4938 164959
7 4939 180921
7 4940 164869
7 4941 84590
7 4942 180784
7 4943 84540
7 4944 67260
7 4945 165060
7 4946 67260
7 4947 180306
7 4948 165026
7 4949 179989
7 4950 67407
7 4951 165960
7 4952 68088
7 4953 43544
7 4954 165862
7 4955 44039
7 4956 68157
7 4957 181241
7 4958 68198
7 4959 43957
7 4960 180943
7 4961 43998
7 4962 164980
7 4963 181003
7 4964 165832
7 4965 44050
7 4966 181572
7 4967 43990
7 4968 67405
7 4969 165965
7 4970 68114
7 4971 85460
7 4972 166067
7 4973 85579
7 4974 67257
7 4975 164999
7 4976 68156
7 4977 43960
7 4978 165083
7 4979 43988
7 4980 68005
7 4981 84566
7 4982 67959
7 4983 44049
7 4984 84427
7 4985 43544
7 4986 165830
7 4987 85632
7 4988 165770
7 4989 44020
7 4990 85578
7 4991 43736
7 4992 68003
7 4993 181191
7 4994 68072
7 4995 85565
7 4996 180899
7 4997 84632
7 4998 67988
7 4999 181083
7 5000 67960
7 5001 44076
7 5002 181693
7 5003 44046
7 5004 68089
7 5005 85542
7 5006 67162
7 5007 44043
7 5008 85576
7 5009 43736
7 5010 179556
7 5011 84461
7 5012 180407
7 5013 43543
7 5014 84461
7 5015 43544
7 5016 163752
7 5017 179978
7 5018 163752
7 5019 84477
7 5020 180628
7 5021 84531
7 5022 163796
7 5023 179977
7 5024 164628
7 5025 43544
7 5026 180630
7 5027 43924
7 5028 164630
7 5029 84475
7 5030 163752
7 5031 43924
7 5032 84434
7 5033 43544
7 5034 179594
7 5035 84464
7 5036 180407
7 5037 43544
7 5038 84464
7 5039 43545
