1 1.000000e+00 0.000000
2 1.000000e+00 0.000000
3 1.000000e+00 0.000000
4 1.000000e+00 0.000000
5 9.917600e-01 -0.008274
6 9.646850e-01 -0.035954
7 9.115446e-01 -0.092615
8 8.262696e-01 -0.190834
9 7.163574e-01 -0.333576
10 5.956225e-01 -0.518148
11 4.771045e-01 -0.740020
12 3.667343e-01 -1.003118
13 2.700744e-01 -1.309058
14 1.914480e-01 -1.653139
15 1.295031e-01 -2.044050
16 8.437128e-02 -2.472528
17 5.295538e-02 -2.938306
18 3.224453e-02 -3.434407
19 1.891329e-02 -3.967891
20 1.072270e-02 -4.535392
21 5.861435e-03 -5.139361
22 3.099634e-03 -5.776471
23 1.586608e-03 -6.446157
24 7.828060e-04 -7.152626
25 3.758283e-04 -7.886378
26 1.738466e-04 -8.657337
27 7.821680e-05 -9.456026
28 3.443942e-05 -10.276309
29 1.471204e-05 -11.126844
30 6.079311e-06 -12.010619
31 2.448668e-06 -12.919966
32 9.605359e-07 -13.855774
33 3.706563e-07 -14.807991
34 1.389394e-07 -15.789228
35 5.113129e-08 -16.788869
36 1.835784e-08 -17.813209
37 6.444593e-09 -18.860024
38 2.223317e-09 -19.924266
