1 1.000000e+00 0.000000
2 1.000000e+00 0.000000
3 1.000000e+00 0.000000
4 1.000000e+00 0.000000
5 9.917200e-01 -0.008314
6 9.641171e-01 -0.036542
7 9.079780e-01 -0.096535
8 8.262372e-01 -0.190873
9 7.195425e-01 -0.329140
10 6.021995e-01 -0.507167
11 4.840589e-01 -0.725549
12 3.725963e-01 -0.987260
13 2.748786e-01 -1.291426
14 1.941153e-01 -1.639303
15 1.318561e-01 -2.026044
16 8.672504e-02 -2.445013
17 5.520202e-02 -2.896756
18 3.379590e-02 -3.387416
19 1.995844e-02 -3.914103
20 1.148468e-02 -4.466741
21 6.376734e-03 -5.055099
22 3.431842e-03 -5.674658
23 1.786587e-03 -6.327448
24 8.971348e-04 -7.016304
25 4.375219e-04 -7.734384
26 2.074089e-04 -8.480818
27 9.562934e-05 -9.255031
28 4.290205e-05 -10.056591
29 1.881802e-05 -10.880695
30 8.051982e-06 -11.729592
31 3.367547e-06 -12.601326
32 1.370718e-06 -13.500176
33 5.480379e-07 -14.416921
34 2.128386e-07 -15.362732
35 8.133474e-08 -16.324693
36 3.050821e-08 -17.305270
37 1.124549e-08 -18.303299
38 4.066488e-09 -19.320486
