1 1.000000e+00 0.000000
2 1.000000e+00 0.000000
3 1.000000e+00 0.000000
4 1.000000e+00 0.000000
5 9.917200e-01 -0.008314
6 9.633899e-01 -0.037297
7 9.059994e-01 -0.098717
8 8.216282e-01 -0.196467
9 7.125707e-01 -0.338876
10 5.939562e-01 -0.520950
11 4.725516e-01 -0.749608
12 3.598323e-01 -1.022117
13 2.625890e-01 -1.337165
14 1.830883e-01 -1.697787
15 1.221052e-01 -2.102872
16 7.813362e-02 -2.549335
17 4.803839e-02 -3.035755
18 2.843979e-02 -3.559966
19 1.629450e-02 -4.116927
20 9.032532e-03 -4.706923
21 4.814254e-03 -5.336174
22 2.478422e-03 -6.000133
23 1.227465e-03 -6.702804
24 5.934590e-04 -7.429542
25 2.766801e-04 -8.192649
26 1.252892e-04 -8.984885
27 5.484328e-05 -9.811031
28 2.361434e-05 -10.653656
29 9.857603e-06 -11.527267
30 3.979449e-06 -12.434367
31 1.549726e-06 -13.377433
32 5.898643e-07 -14.343373
33 2.179424e-07 -15.339035
34 7.810157e-08 -16.365256
35 2.709098e-08 -17.424065
36 9.053655e-09 -18.520097
37 2.976157e-09 -19.632633
38 9.648856e-10 -20.759012
