1 1.000000e+00 0.000000
2 1.000000e+00 0.000000
3 1.000000e+00 0.000000
4 1.000000e+00 0.000000
5 9.929600e-01 -0.007065
6 9.681691e-01 -0.032349
7 9.138133e-01 -0.090129
8 8.320956e-01 -0.183808
9 7.244409e-01 -0.322355
10 6.026479e-01 -0.506422
11 4.815266e-01 -0.730794
12 3.671319e-01 -1.002034
13 2.660972e-01 -1.323893
14 1.843826e-01 -1.690742
15 1.223317e-01 -2.101019
16 7.704909e-02 -2.563313
17 4.660473e-02 -3.066053
18 2.696291e-02 -3.613293
19 1.503054e-02 -4.197671
20 8.040589e-03 -4.823253
21 4.124899e-03 -5.490714
22 2.048762e-03 -6.190519
23 9.834949e-04 -6.924398
24 4.551287e-04 -7.694930
25 2.015710e-04 -8.509369
26 8.629100e-05 -9.357785
27 3.596162e-05 -10.233058
28 1.463458e-05 -11.132123
29 5.788128e-06 -12.059702
30 2.234680e-06 -13.011412
31 8.398794e-07 -13.990008
32 3.084352e-07 -14.991754
33 1.107937e-07 -16.015596
34 3.876931e-08 -17.065637
35 1.335193e-08 -18.131605
36 4.514584e-09 -19.215953
37 1.509677e-09 -20.311370
38 4.942602e-10 -21.427959
