1 1.000000e+00 0.000000
2 1.000000e+00 0.000000
3 1.000000e+00 0.000000
4 1.000000e+00 0.000000
5 9.921600e-01 -0.007871
6 9.660000e-01 -0.034591
7 9.126768e-01 -0.091373
8 8.279348e-01 -0.188821
9 7.161268e-01 -0.333898
10 5.936548e-01 -0.521457
11 4.698724e-01 -0.755294
12 3.538217e-01 -1.038962
13 2.551164e-01 -1.366036
14 1.770653e-01 -1.731237
15 1.178264e-01 -2.138543
16 7.507601e-02 -2.589254
17 4.594740e-02 -3.080258
18 2.710539e-02 -3.608023
19 1.537589e-02 -4.174955
20 8.431677e-03 -4.775760
21 4.463971e-03 -5.411717
22 2.275854e-03 -6.085400
23 1.131812e-03 -6.783936
24 5.432320e-04 -7.517974
25 2.502865e-04 -8.292904
26 1.127040e-04 -9.090745
27 4.944952e-05 -9.914558
28 2.100651e-05 -10.770678
29 8.647293e-06 -11.658264
30 3.468198e-06 -12.571875
31 1.355685e-06 -13.511204
32 5.149062e-07 -14.479281
33 1.906027e-07 -15.473075
34 6.847681e-08 -16.496771
35 2.391132e-08 -17.548914
36 8.117362e-09 -18.629261
37 2.682678e-09 -19.736450
38 8.575252e-10 -20.876971
