1 1.000000e+00 0.000000
2 1.000000e+00 0.000000
3 1.000000e+00 0.000000
4 1.000000e+00 0.000000
5 9.929600e-01 -0.007065
6 9.679374e-01 -0.032588
7 9.151986e-01 -0.088614
8 8.318469e-01 -0.184107
9 7.227086e-01 -0.324749
10 6.010623e-01 -0.509057
11 4.778336e-01 -0.738493
12 3.625881e-01 -1.014488
13 2.631441e-01 -1.335053
14 1.829491e-01 -1.698547
15 1.217636e-01 -2.105674
16 7.737011e-02 -2.559155
17 4.717756e-02 -3.053837
18 2.780383e-02 -3.582581
19 1.573404e-02 -4.151929
20 8.584179e-03 -4.757834
21 4.535144e-03 -5.395898
22 2.321499e-03 -6.065542
23 1.149142e-03 -6.768740
24 5.540972e-04 -7.498171
25 2.592155e-04 -8.257851
26 1.178095e-04 -9.046442
27 5.156128e-05 -9.872740
28 2.182847e-05 -10.732296
29 8.983392e-06 -11.620133
30 3.608269e-06 -12.532282
31 1.419470e-06 -13.465227
32 5.444111e-07 -14.423561
33 2.040321e-07 -15.404989
34 7.468534e-08 -16.409982
35 2.658585e-08 -17.442887
36 9.256453e-09 -18.497945
37 3.148495e-09 -19.576341
38 1.046278e-09 -20.678027
