1 1.000000e+00 0.000000
2 1.000000e+00 0.000000
3 1.000000e+00 0.000000
4 1.000000e+00 0.000000
5 9.916000e-01 -0.008435
6 9.624800e-01 -0.038242
7 9.077012e-01 -0.096840
8 8.235573e-01 -0.194122
9 7.185812e-01 -0.330477
10 6.002452e-01 -0.510417
11 4.807418e-01 -0.732425
12 3.704837e-01 -0.992946
13 2.731833e-01 -1.297612
14 1.939250e-01 -1.640284
15 1.318302e-01 -2.026240
16 8.632737e-02 -2.449609
17 5.433851e-02 -2.912522
18 3.290197e-02 -3.414223
19 1.928090e-02 -3.948640
20 1.097758e-02 -4.511900
21 6.019791e-03 -5.112703
22 3.183101e-03 -5.749899
23 1.637747e-03 -6.414434
24 8.233501e-04 -7.102129
25 4.034152e-04 -7.815544
26 1.913150e-04 -8.561589
27 8.790712e-05 -9.339230
28 3.919716e-05 -10.146906
29 1.697778e-05 -10.983605
30 7.152963e-06 -11.847984
31 2.940560e-06 -12.736910
32 1.180911e-06 -13.649225
33 4.629527e-07 -14.585641
34 1.771148e-07 -15.546468
35 6.657392e-08 -16.524953
36 2.448589e-08 -17.525169
37 8.767007e-09 -18.552270
38 3.059547e-09 -19.604999
