1 1.000000e+00 0.000000
2 1.000000e+00 0.000000
3 1.000000e+00 0.000000
4 1.000000e+00 0.000000
5 9.917600e-01 -0.008274
6 9.614452e-01 -0.039318
7 9.021103e-01 -0.103018
8 8.193642e-01 -0.199227
9 7.137391e-01 -0.337238
10 5.960863e-01 -0.517370
11 4.754926e-01 -0.743404
12 3.640292e-01 -1.010521
13 2.667886e-01 -1.321299
14 1.868473e-01 -1.677463
15 1.265779e-01 -2.066898
16 8.284362e-02 -2.490801
17 5.210474e-02 -2.954499
18 3.151874e-02 -3.457173
19 1.844410e-02 -3.993011
20 1.049137e-02 -4.557202
21 5.762861e-03 -5.156321
22 3.054893e-03 -5.791011
23 1.570932e-03 -6.456086
24 7.819969e-04 -7.153660
25 3.787368e-04 -7.878669
26 1.775110e-04 -8.636478
27 8.110675e-05 -9.419744
28 3.608034e-05 -10.229763
29 1.552898e-05 -11.072803
30 6.488007e-06 -11.945555
31 2.634926e-06 -12.846655
32 1.037733e-06 -13.778472
33 3.987472e-07 -14.734938
34 1.495138e-07 -15.715877
35 5.467249e-08 -16.721905
36 1.949500e-08 -17.753108
37 6.825988e-09 -18.802529
38 2.325938e-09 -19.879143
