1 1.000000e+00 0.000000
2 1.000000e+00 0.000000
3 1.000000e+00 0.000000
4 1.000000e+00 0.000000
5 9.915200e-01 -0.008516
6 9.629973e-01 -0.037705
7 9.078038e-01 -0.096727
8 8.224248e-01 -0.195498
9 7.132982e-01 -0.337856
10 5.896408e-01 -0.528242
11 4.646262e-01 -0.766522
12 3.499333e-01 -1.050013
13 2.495293e-01 -1.388179
14 1.707101e-01 -1.767788
15 1.116353e-01 -2.192518
16 7.006373e-02 -2.658350
17 4.202093e-02 -3.169588
18 2.420359e-02 -3.721254
19 1.345796e-02 -4.308185
20 7.175514e-03 -4.937081
21 3.680766e-03 -5.604635
22 1.819335e-03 -6.309284
23 8.673010e-04 -7.050125
24 3.993054e-04 -7.825784
25 1.792689e-04 -8.626623
26 7.726767e-05 -9.468235
27 3.196649e-05 -10.350822
28 1.276399e-05 -11.268882
29 4.984471e-06 -12.209183
30 1.906660e-06 -13.170158
31 7.091791e-07 -14.159158
32 2.555748e-07 -15.179751
33 8.986786e-08 -16.224925
34 3.124811e-08 -17.281307
35 1.058561e-08 -18.363770
36 3.510659e-09 -19.467462
37 1.137226e-09 -20.594674
38 3.633137e-10 -21.735754
