1 1.000000e+00 0.000000
2 1.000000e+00 0.000000
3 1.000000e+00 0.000000
4 1.000000e+00 0.000000
5 9.920400e-01 -0.007992
6 9.646266e-01 -0.036014
7 9.077412e-01 -0.096796
8 8.243425e-01 -0.193169
9 7.147782e-01 -0.335783
10 5.918650e-01 -0.524477
11 4.681867e-01 -0.758888
12 3.507499e-01 -1.047682
13 2.523456e-01 -1.376956
14 1.730442e-01 -1.754208
15 1.130971e-01 -2.179509
16 7.057541e-02 -2.651073
17 4.242080e-02 -3.160116
18 2.435708e-02 -3.714933
19 1.341562e-02 -4.311335
20 7.088011e-03 -4.949350
21 3.623931e-03 -5.620196
22 1.773387e-03 -6.334864
23 8.383342e-04 -7.084094
24 3.802823e-04 -7.874597
25 1.657818e-04 -8.704838
26 7.074420e-05 -9.556440
27 2.923831e-05 -10.440031
28 1.170368e-05 -11.355607
29 4.509791e-06 -12.309260
30 1.662940e-06 -13.306923
31 5.938735e-07 -14.336599
32 2.080488e-07 -15.385493
33 7.045161e-08 -16.468340
34 2.332363e-08 -17.573799
35 7.516872e-09 -18.706116
36 2.366019e-09 -19.862057
37 7.267899e-10 -21.042384
38 2.153096e-10 -22.258944
