3 0 362880
3 1 362880
3 2 362880
3 3 362605
3 4 362292
3 5 361879
4 0 360405
4 1 361116
4 2 360405
4 3 360405
4 4 361116
4 5 360405
4 6 344202
4 7 347510
4 8 347961
4 9 326624
4 10 353019
4 11 333441
4 12 310259
4 13 325865
4 14 304986
4 15 294691
4 16 324700
4 17 288108
4 18 330968
4 19 325865
4 20 333689
4 21 287206
4 22 324700
4 23 288108
5 0 252648
5 1 303552
5 2 251748
5 3 305217
5 4 305217
5 5 303552
5 6 252648
5 7 303552
5 8 259803
5 9 252648
5 10 305217
5 11 259803
5 12 259803
5 13 305217
5 14 252648
5 15 259803
5 16 303552
5 17 252648
5 18 303552
5 19 305217
5 20 305217
5 21 251748
5 22 303552
5 23 252648
5 24 222867
5 25 260452
5 26 222546
5 27 251545
5 28 261278
5 29 250522
5 30 232654
5 31 264530
5 32 238422
5 33 189501
5 34 271813
5 35 196495
5 36 239645
5 37 264334
5 38 242546
5 39 195024
5 40 265922
5 41 195965
5 42 270677
5 43 266220
5 44 273462
5 45 196835
5 46 272282
5 47 197931
5 48 120273
5 49 179434
5 50 122615
5 51 149728
5 52 180972
5 53 150511
5 54 118528
5 55 176896
5 56 123200
5 57 107549
5 58 178263
5 59 107817
5 60 122856
5 61 147215
5 62 122523
5 63 108438
5 64 146389
5 65 105436
5 66 180429
5 67 151124
5 68 180585
5 69 108147
5 70 150408
5 71 106745
5 72 123026
5 73 200880
5 74 123158
5 75 150635
5 76 200777
5 77 147552
5 78 122848
5 79 200748
5 80 122273
5 81 108688
5 82 203322
5 83 108377
5 84 122992
5 85 150313
5 86 118528
5 87 108343
5 88 150408
5 89 106745
5 90 196214
5 91 146542
5 92 199670
5 93 105392
5 94 146389
5 95 105436
5 96 176896
5 97 198354
5 98 177254
5 99 146656
5 100 200383
5 101 147066
5 102 177660
5 103 198372
5 104 179555
5 105 105381
5 106 200383
5 107 107834
5 108 179557
5 109 146595
5 110 177345
5 111 107834
5 112 146050
5 113 105391
5 114 196214
5 115 146542
5 116 199670
5 117 105392
5 118 146389
5 119 105436
6 0 68733
6 1 114984
6 2 68724
6 3 157059
6 4 114984
6 5 155628
6 6 68724
6 7 114786
6 8 70344
6 9 114984
6 10 114903
6 11 117126
6 12 70344
6 13 158058
6 14 68724
6 15 117108
6 16 157347
6 17 115236
6 18 115263
6 19 158058
6 20 114921
6 21 115056
6 22 157338
6 23 114984
6 24 68733
6 25 114984
6 26 68724
6 27 157059
6 28 114984
6 29 155628
6 30 69390
6 31 117378
6 32 70758
6 33 68733
6 34 117252
6 35 70740
6 36 70686
6 37 159336
6 38 70866
6 39 70227
6 40 158346
6 41 70380
6 42 115380
6 43 158310
6 44 117396
6 45 70704
6 46 158751
6 47 70425
6 48 69390
6 49 117378
6 50 70524
6 51 117234
6 52 117702
6 53 117558
6 54 68733
6 55 114984
6 56 70695
6 57 70245
6 58 115272
6 59 70416
6 60 70416
6 61 115272
6 62 70245
6 63 70695
6 64 114984
6 65 68733
6 66 117558
6 67 117702
6 68 117234
6 69 70524
6 70 117378
6 71 69390
6 72 70425
6 73 158751
6 74 70704
6 75 117396
6 76 158310
6 77 115380
6 78 70380
6 79 158346
6 80 70227
6 81 70866
6 82 159336
6 83 70686
6 84 70740
6 85 117252
6 86 68733
6 87 70758
6 88 117378
6 89 69390
6 90 155628
6 91 114984
6 92 157059
6 93 68724
6 94 114984
6 95 68733
6 96 114984
6 97 157338
6 98 115056
6 99 114921
6 100 158058
6 101 115263
6 102 115236
6 103 157347
6 104 117108
6 105 68724
6 106 158058
6 107 70344
6 108 117126
6 109 114903
6 110 114984
6 111 70344
6 112 114786
6 113 68724
6 114 155628
6 115 114984
6 116 157059
6 117 68724
6 118 114984
6 119 68733
6 120 80714
6 121 120617
6 122 80554
6 123 129825
6 124 121030
6 125 129204
6 126 80712
6 127 120565
6 128 82871
6 129 93669
6 130 121015
6 131 95806
6 132 82871
6 133 130163
6 134 80712
6 135 95801
6 136 129750
6 137 93759
6 138 120698
6 139 130159
6 140 121019
6 141 93593
6 142 129752
6 143 93669
6 144 81926
6 145 123226
6 146 81924
6 147 130297
6 148 123226
6 149 129978
6 150 83156
6 151 124587
6 152 86106
6 153 66175
6 154 125298
6 155 67051
6 156 87200
6 157 137021
6 158 87134
6 159 67094
6 160 137453
6 161 67724
6 162 124989
6 163 136170
6 164 126449
6 165 67644
6 166 138324
6 167 67270
6 168 83574
6 169 125690
6 170 85579
6 171 99936
6 172 126193
6 173 100399
6 174 83783
6 175 126175
6 176 87059
6 177 67136
6 178 126353
6 179 67173
6 180 86700
6 181 98559
6 182 86484
6 183 67689
6 184 97843
6 185 67106
6 186 125859
6 187 101928
6 188 126850
6 189 67694
6 190 101023
6 191 67788
6 192 86379
6 193 137557
6 194 86443
6 195 100867
6 196 137243
6 197 98864
6 198 87191
6 199 137358
6 200 87093
6 201 67810
6 202 138096
6 203 67681
6 204 87457
6 205 102023
6 206 86976
6 207 67349
6 208 101575
6 209 67789
6 210 137320
6 211 98915
6 212 138233
6 213 67274
6 214 102008
6 215 67294
6 216 122548
6 217 135277
6 218 122540
6 219 98566
6 220 135602
6 221 98672
6 222 125008
6 223 135836
6 224 126437
6 225 67149
6 226 138412
6 227 67780
6 228 126895
6 229 101884
6 230 126665
6 231 67859
6 232 102016
6 233 67255
6 234 137799
6 235 100025
6 236 138425
6 237 67289
6 238 102572
6 239 67254
6 240 19506
6 241 35980
6 242 19506
6 243 62272
6 244 35980
6 245 62052
6 246 19598
6 247 36514
6 248 19917
6 249 23519
6 250 36510
6 251 23702
6 252 19872
6 253 63036
6 254 19869
6 255 23632
6 256 62963
6 257 23658
6 258 36104
6 259 62903
6 260 36514
6 261 23669
6 262 62923
6 263 23609
6 264 19448
6 265 35833
6 266 19447
6 267 62268
6 268 35833
6 269 61866
6 270 19601
6 271 36564
6 272 19831
6 273 18097
6 274 36564
6 275 18104
6 276 19823
6 277 63037
6 278 19829
6 279 18099
6 280 62751
6 281 18156
6 282 35941
6 283 62484
6 284 36566
6 285 18156
6 286 62661
6 287 18102
6 288 19554
6 289 36572
6 290 19873
6 291 23573
6 292 36677
6 293 23728
6 294 19552
6 295 36553
6 296 19874
6 297 18154
6 298 36528
6 299 18156
6 300 19773
6 301 23238
6 302 19772
6 303 18152
6 304 23158
6 305 18043
6 306 36618
6 307 23834
6 308 36657
6 309 18251
6 310 23707
6 311 18101
6 312 19829
6 313 62999
6 314 19899
6 315 23725
6 316 63019
6 317 23729
6 318 19874
6 319 63063
6 320 19869
6 321 18200
6 322 63236
6 323 18253
6 324 19833
6 325 23685
6 326 19795
6 327 18202
6 328 23605
6 329 18099
6 330 62456
6 331 23676
6 332 62691
6 333 18199
6 334 23623
6 335 18149
6 336 36063
6 337 62821
6 338 36568
6 339 23776
6 340 63125
6 341 23724
6 342 36078
6 343 62824
6 344 36590
6 345 18250
6 346 62897
6 347 18208
6 348 36677
6 349 23814
6 350 36543
6 351 18300
6 352 23690
6 353 18149
6 354 62610
6 355 23769
6 356 62714
6 357 18247
6 358 23644
6 359 18103
6 360 19556
6 361 36600
6 362 19872
6 363 49641
6 364 36692
6 365 49666
6 366 19602
6 367 36565
6 368 19968
6 369 23657
6 370 36610
6 371 23746
6 372 19877
6 373 49563
6 374 19872
6 375 23759
6 376 50179
6 377 23398
6 378 36671
6 379 50157
6 380 36684
6 381 23760
6 382 50207
6 383 23377
6 384 19597
6 385 36576
6 386 19798
6 387 49613
6 388 36599
6 389 49599
6 390 19549
6 391 36520
6 392 19875
6 393 18152
6 394 36591
6 395 18156
6 396 19877
6 397 50138
6 398 19825
6 399 18200
6 400 50250
6 401 18251
6 402 36661
6 403 50217
6 404 36628
6 405 18252
6 406 50269
6 407 18205
6 408 19558
6 409 36530
6 410 19921
6 411 23713
6 412 36658
6 413 23693
6 414 19448
6 415 35833
6 416 19777
6 417 18102
6 418 35887
6 419 18102
6 420 19828
6 421 23656
6 422 19798
6 423 18202
6 424 23610
6 425 18101
6 426 36604
6 427 23796
6 428 36485
6 429 18205
6 430 23640
6 431 18102
6 432 19771
6 433 49573
6 434 19827
6 435 23718
6 436 49540
6 437 23316
6 438 19824
6 439 49648
6 440 19723
6 441 18155
6 442 50188
6 443 18199
6 444 19781
6 445 23693
6 446 19696
6 447 18154
6 448 23686
6 449 18149
6 450 48906
6 451 23183
6 452 49542
6 453 18042
6 454 23158
6 455 18043
6 456 36560
6 457 49686
6 458 36600
6 459 23705
6 460 50119
6 461 23427
6 462 36610
6 463 49705
6 464 36591
6 465 18202
6 466 50270
6 467 18249
6 468 36618
6 469 23699
6 470 36446
6 471 18251
6 472 23656
6 473 18147
6 474 49436
6 475 23285
6 476 49726
6 477 18096
6 478 23277
6 479 18096
6 480 19724
6 481 62833
6 482 19779
6 483 49506
6 484 62722
6 485 49139
6 486 19778
6 487 62815
6 488 19877
6 489 23773
6 490 63191
6 491 23762
6 492 19876
6 493 50030
6 494 19779
6 495 23777
6 496 50236
6 497 23450
6 498 62456
6 499 49541
6 500 62690
6 501 23347
6 502 49726
6 503 23343
6 504 19775
6 505 62915
6 506 19776
6 507 49592
6 508 62779
6 509 49075
6 510 19824
6 511 62814
6 512 19773
6 513 18153
6 514 63039
6 515 18250
6 516 19867
6 517 50026
6 518 19869
6 519 18206
6 520 50166
6 521 18300
6 522 62948
6 523 49651
6 524 63108
6 525 18202
6 526 50081
6 527 18251
6 528 19831
6 529 62745
6 530 19826
6 531 23766
6 532 63168
6 533 23714
6 534 19728
6 535 62495
6 536 19822
6 537 18204
6 538 62744
6 539 18208
6 540 19725
6 541 23693
6 542 19721
6 543 18152
6 544 23722
6 545 18149
6 546 62891
6 547 23770
6 548 62915
6 549 18249
6 550 23688
6 551 18147
6 552 19776
6 553 49661
6 554 19826
6 555 23748
6 556 50046
6 557 23408
6 558 19819
6 559 49688
6 560 19766
6 561 18154
6 562 50263
6 563 18247
6 564 19777
6 565 23720
6 566 19448
6 567 18099
6 568 23709
6 569 18103
6 570 49436
6 571 23285
6 572 49726
6 573 18096
6 574 23277
6 575 18096
6 576 61866
6 577 48959
6 578 62077
6 579 23234
6 580 49490
6 581 23213
6 582 62101
6 583 48957
6 584 62284
6 585 18042
6 586 49492
6 587 18145
6 588 62282
6 589 23233
6 590 62099
6 591 18145
6 592 23157
6 593 18042
6 594 48906
6 595 23183
6 596 49542
6 597 18042
6 598 23158
6 599 18043
6 600 35833
6 601 62321
6 602 35867
6 603 48894
6 604 62518
6 605 48963
6 606 35888
6 607 62320
6 608 36466
6 609 23237
6 610 62699
6 611 23603
6 612 36472
6 613 49424
6 614 35858
6 615 23601
6 616 49579
6 617 23290
6 618 62444
6 619 49539
6 620 62634
6 621 23291
6 622 49572
6 623 23214
6 624 35887
6 625 62383
6 626 35867
6 627 48951
6 628 62538
6 629 48960
6 630 36028
6 631 62569
6 632 36528
6 633 18042
6 634 62900
6 635 18151
6 636 36517
6 637 49503
6 638 36562
6 639 18148
6 640 49521
6 641 18198
6 642 62870
6 643 49582
6 644 63054
6 645 18198
6 646 50064
6 647 18155
6 648 36032
6 649 62569
6 650 36514
6 651 23541
6 652 62950
6 653 23605
6 654 35893
6 655 62363
6 656 36566
6 657 18151
6 658 62761
6 659 18153
6 660 36508
6 661 23286
6 662 36487
6 663 18198
6 664 23157
6 665 18042
6 666 62666
6 667 23670
6 668 62881
6 669 18194
6 670 23619
6 671 18145
6 672 36534
6 673 49527
6 674 36511
6 675 23670
6 676 49494
6 677 23330
6 678 36518
6 679 49547
6 680 36464
6 681 18198
6 682 50102
6 683 18194
6 684 36480
6 685 23646
6 686 35833
6 687 18155
6 688 23619
6 689 18145
6 690 48873
6 691 23183
6 692 49532
6 693 18041
6 694 23157
6 695 18042
6 696 61866
6 697 48959
6 698 62077
6 699 23234
6 700 49490
6 701 23213
6 702 62101
6 703 48957
6 704 62284
6 705 18042
6 706 49492
6 707 18145
6 708 62282
6 709 23233
6 710 62099
6 711 18145
6 712 23157
6 713 18042
6 714 48906
6 715 23183
6 716 49542
6 717 18042
6 718 23158
6 719 18043
7 0 8019
7 1 13329
7 2 8019
7 3 34146
7 4 13329
7 5 33930
7 6 8019
7 7 13329
7 8 8037
7 9 33930
7 10 13338
7 11 34074
7 12 8037
7 13 34137
7 14 8019
7 15 34074
7 16 33939
7 17 33930
7 18 13338
7 19 34137
7 20 13338
7 21 33921
7 22 33939
7 23 33930
7 24 8019
7 25 13329
7 26 8019
7 27 34146
7 28 13329
7 29 33921
7 30 8037
7 31 13554
7 32 8037
7 33 13329
7 34 13545
7 35 13563
7 36 8046
7 37 34344
7 38 8046
7 39 13536
7 40 34137
7 41 13536
7 42 13356
7 43 34128
7 44 13545
7 45 13554
7 46 34119
7 47 13545
7 48 8037
7 49 13554
7 50 8046
7 51 34299
7 52 13554
7 53 34299
7 54 8019
7 55 13329
7 56 8046
7 57 13536
7 58 13347
7 59 13545
7 60 8037
7 61 34164
7 62 8037
7 63 13572
7 64 34155
7 65 13347
7 66 13536
7 67 34326
7 68 13509
7 69 13563
7 70 34308
7 71 13374
7 72 8037
7 73 34335
7 74 8046
7 75 34281
7 76 34155
7 77 34137
7 78 8046
7 79 34146
7 80 8037
7 81 13581
7 82 34137
7 83 13572
7 84 8037
7 85 34299
7 86 8019
7 87 13563
7 88 34308
7 89 13374
7 90 33939
7 91 34155
7 92 33939
7 93 13347
7 94 34164
7 95 13347
7 96 13338
7 97 34164
7 98 13356
7 99 34119
7 100 34137
7 101 34137
7 102 13356
7 103 34164
7 104 13536
7 105 13347
7 106 34119
7 107 13554
7 108 13536
7 109 34155
7 110 13338
7 111 13554
7 112 34155
7 113 13347
7 114 33939
7 115 34155
7 116 33921
7 117 13347
7 118 34155
7 119 13329
7 120 8019
7 121 13329
7 122 8019
7 123 34146
7 124 13329
7 125 33930
7 126 8019
7 127 13329
7 128 8037
7 129 33930
7 130 13338
7 131 34074
7 132 8037
7 133 34137
7 134 8019
7 135 34074
7 136 33939
7 137 33930
7 138 13338
7 139 34137
7 140 13338
7 141 33921
7 142 33939
7 143 33930
7 144 8028
7 145 13356
7 146 8028
7 147 34146
7 148 13356
7 149 34074
7 150 8028
7 151 13581
7 152 8028
7 153 8019
7 154 13572
7 155 8028
7 156 8055
7 157 34335
7 158 8037
7 159 8028
7 160 34137
7 161 8037
7 162 13383
7 163 34281
7 164 13572
7 165 8037
7 166 34128
7 167 8028
7 168 8037
7 169 13572
7 170 8055
7 171 34308
7 172 13581
7 173 34308
7 174 8037
7 175 13581
7 176 8037
7 177 8028
7 178 13563
7 179 8028
7 180 8046
7 181 34164
7 182 8046
7 183 8046
7 184 34155
7 185 8037
7 186 13563
7 187 34335
7 188 13572
7 189 8046
7 190 34317
7 191 8046
7 192 8055
7 193 34335
7 194 8046
7 195 34299
7 196 34155
7 197 34164
7 198 8064
7 199 34326
7 200 8046
7 201 8046
7 202 34290
7 203 8046
7 204 8055
7 205 34344
7 206 8037
7 207 8028
7 208 34344
7 209 8046
7 210 33957
7 211 34182
7 212 34110
7 213 8037
7 214 34380
7 215 8037
7 216 13365
7 217 34191
7 218 13365
7 219 34137
7 220 34137
7 221 34137
7 222 13392
7 223 34335
7 224 13581
7 225 8037
7 226 34290
7 227 8046
7 228 13572
7 229 34326
7 230 13581
7 231 8046
7 232 34344
7 233 8037
7 234 33966
7 235 34182
7 236 34092
7 237 8037
7 238 34371
7 239 8028
7 240 8028
7 241 13356
7 242 8028
7 243 34146
7 244 13356
7 245 34074
7 246 8037
7 247 13563
7 248 8055
7 249 13509
7 250 13554
7 251 13563
7 252 8055
7 253 34353
7 254 8046
7 255 13545
7 256 34146
7 257 13554
7 258 13383
7 259 34299
7 260 13554
7 261 13554
7 262 34137
7 263 13545
7 264 8019
7 265 13329
7 266 8019
7 267 34146
7 268 13329
7 269 33930
7 270 8037
7 271 13572
7 272 8037
7 273 8028
7 274 13563
7 275 8028
7 276 8046
7 277 34353
7 278 8037
7 279 8028
7 280 34146
7 281 8037
7 282 13356
7 283 34137
7 284 13563
7 285 8037
7 286 34119
7 287 8028
7 288 8028
7 289 13563
7 290 8046
7 291 13527
7 292 13590
7 293 13572
7 294 8028
7 295 13554
7 296 8046
7 297 8037
7 298 13554
7 299 8037
7 300 8028
7 301 13338
7 302 8028
7 303 8037
7 304 13329
7 305 8019
7 306 13563
7 307 13599
7 308 13572
7 309 8055
7 310 13581
7 311 8028
7 312 8046
7 313 34362
7 314 8055
7 315 13563
7 316 34335
7 317 13563
7 318 8055
7 319 34362
7 320 8046
7 321 8046
7 322 34344
7 323 8055
7 324 8037
7 325 13563
7 326 8037
7 327 8046
7 328 13554
7 329 8028
7 330 34128
7 331 13554
7 332 34128
7 333 8046
7 334 13554
7 335 8037
7 336 13374
7 337 34335
7 338 13572
7 339 13581
7 340 34308
7 341 13572
7 342 13383
7 343 34335
7 344 13572
7 345 8055
7 346 34146
7 347 8046
7 348 13572
7 349 13590
7 350 13545
7 351 8064
7 352 13572
7 353 8037
7 354 34137
7 355 13581
7 356 34137
7 357 8055
7 358 13563
7 359 8028
7 360 8028
7 361 13563
7 362 8055
7 363 34137
7 364 13581
7 365 34137
7 366 8037
7 367 13572
7 368 8064
7 369 13545
7 370 13590
7 371 13572
7 372 8046
7 373 34146
7 374 8055
7 375 13572
7 376 34335
7 377 13383
7 378 13572
7 379 34308
7 380 13581
7 381 13572
7 382 34335
7 383 13374
7 384 8037
7 385 13554
7 386 8046
7 387 34128
7 388 13554
7 389 34128
7 390 8028
7 391 13554
7 392 8046
7 393 8037
7 394 13563
7 395 8037
7 396 8055
7 397 34344
7 398 8046
7 399 8046
7 400 34362
7 401 8055
7 402 13563
7 403 34335
7 404 13563
7 405 8055
7 406 34362
7 407 8046
7 408 8028
7 409 13581
7 410 8055
7 411 13572
7 412 13599
7 413 13563
7 414 8019
7 415 13329
7 416 8037
7 417 8028
7 418 13338
7 419 8028
7 420 8037
7 421 13554
7 422 8037
7 423 8046
7 424 13554
7 425 8028
7 426 13572
7 427 13590
7 428 13527
7 429 8046
7 430 13563
7 431 8028
7 432 8028
7 433 34119
7 434 8037
7 435 13563
7 436 34137
7 437 13356
7 438 8037
7 439 34146
7 440 8028
7 441 8037
7 442 34353
7 443 8046
7 444 8028
7 445 13563
7 446 8028
7 447 8037
7 448 13572
7 449 8037
7 450 33930
7 451 13329
7 452 34146
7 453 8019
7 454 13329
7 455 8019
7 456 13545
7 457 34137
7 458 13554
7 459 13554
7 460 34299
7 461 13383
7 462 13554
7 463 34146
7 464 13545
7 465 8046
7 466 34353
7 467 8055
7 468 13563
7 469 13554
7 470 13509
7 471 8055
7 472 13563
7 473 8037
7 474 34074
7 475 13356
7 476 34146
7 477 8028
7 478 13356
7 479 8028
7 480 8028
7 481 34371
7 482 8037
7 483 34092
7 484 34182
7 485 33966
7 486 8037
7 487 34344
7 488 8046
7 489 13581
7 490 34326
7 491 13572
7 492 8046
7 493 34290
7 494 8037
7 495 13581
7 496 34335
7 497 13392
7 498 34137
7 499 34137
7 500 34137
7 501 13365
7 502 34191
7 503 13365
7 504 8037
7 505 34380
7 506 8037
7 507 34110
7 508 34182
7 509 33957
7 510 8046
7 511 34344
7 512 8028
7 513 8037
7 514 34344
7 515 8055
7 516 8046
7 517 34290
7 518 8046
7 519 8046
7 520 34326
7 521 8064
7 522 34164
7 523 34155
7 524 34299
7 525 8046
7 526 34335
7 527 8055
7 528 8046
7 529 34317
7 530 8046
7 531 13572
7 532 34335
7 533 13563
7 534 8037
7 535 34155
7 536 8046
7 537 8046
7 538 34164
7 539 8046
7 540 8028
7 541 13563
7 542 8028
7 543 8037
7 544 13581
7 545 8037
7 546 34308
7 547 13581
7 548 34308
7 549 8055
7 550 13572
7 551 8037
7 552 8028
7 553 34128
7 554 8037
7 555 13572
7 556 34281
7 557 13383
7 558 8037
7 559 34137
7 560 8028
7 561 8037
7 562 34335
7 563 8055
7 564 8028
7 565 13572
7 566 8019
7 567 8028
7 568 13581
7 569 8028
7 570 34074
7 571 13356
7 572 34146
7 573 8028
7 574 13356
7 575 8028
7 576 33930
7 577 33939
7 578 33921
7 579 13338
7 580 34137
7 581 13338
7 582 33930
7 583 33939
7 584 34074
7 585 8019
7 586 34137
7 587 8037
7 588 34074
7 589 13338
7 590 33930
7 591 8037
7 592 13329
7 593 8019
7 594 33930
7 595 13329
7 596 34146
7 597 8019
7 598 13329
7 599 8019
7 600 13329
7 601 34155
7 602 13347
7 603 33921
7 604 34155
7 605 33939
7 606 13347
7 607 34155
7 608 13554
7 609 13338
7 610 34155
7 611 13536
7 612 13554
7 613 34119
7 614 13347
7 615 13536
7 616 34164
7 617 13356
7 618 34137
7 619 34137
7 620 34119
7 621 13356
7 622 34164
7 623 13338
7 624 13347
7 625 34164
7 626 13347
7 627 33939
7 628 34155
7 629 33939
7 630 13374
7 631 34308
7 632 13563
7 633 8019
7 634 34299
7 635 8037
7 636 13572
7 637 34137
7 638 13581
7 639 8037
7 640 34146
7 641 8046
7 642 34137
7 643 34155
7 644 34281
7 645 8046
7 646 34335
7 647 8037
7 648 13374
7 649 34308
7 650 13563
7 651 13509
7 652 34326
7 653 13536
7 654 13347
7 655 34155
7 656 13572
7 657 8037
7 658 34164
7 659 8037
7 660 13545
7 661 13347
7 662 13536
7 663 8046
7 664 13329
7 665 8019
7 666 34299
7 667 13554
7 668 34299
7 669 8046
7 670 13554
7 671 8037
7 672 13545
7 673 34119
7 674 13554
7 675 13545
7 676 34128
7 677 13356
7 678 13536
7 679 34137
7 680 13536
7 681 8046
7 682 34344
7 683 8046
7 684 13563
7 685 13545
7 686 13329
7 687 8037
7 688 13554
7 689 8037
7 690 33921
7 691 13329
7 692 34146
7 693 8019
7 694 13329
7 695 8019
7 696 33930
7 697 33939
7 698 33921
7 699 13338
7 700 34137
7 701 13338
7 702 33930
7 703 33939
7 704 34074
7 705 8019
7 706 34137
7 707 8037
7 708 34074
7 709 13338
7 710 33930
7 711 8037
7 712 13329
7 713 8019
7 714 33930
7 715 13329
7 716 34146
7 717 8019
7 718 13329
7 719 8019
7 720 14135
7 721 27230
7 722 14134
7 723 41931
7 724 27230
7 725 41694
7 726 14134
7 727 27204
7 728 14390
7 729 29676
7 730 27221
7 731 30066
7 732 14390
7 733 42102
7 734 14134
7 735 30064
7 736 41965
7 737 29712
7 738 27269
7 739 42102
7 740 27223
7 741 29688
7 742 41964
7 743 29676
7 744 14135
7 745 27230
7 746 14134
7 747 41931
7 748 27230
7 749 41692
7 750 14226
7 751 27658
7 752 14446
7 753 15190
7 754 27640
7 755 15503
7 756 14438
7 757 42320
7 758 14462
7 759 15434
7 760 42144
7 761 15455
7 762 27288
7 763 42136
7 764 27660
7 765 15499
7 766 42233
7 767 15460
7 768 14226
7 769 27658
7 770 14416
7 771 30130
7 772 27702
7 773 30178
7 774 14135
7 775 27230
7 776 14439
7 777 15436
7 778 27272
7 779 15459
7 780 14400
7 781 29774
7 782 14377
7 783 15503
7 784 29734
7 785 15195
7 786 27682
7 787 30206
7 788 27634
7 789 15480
7 790 30162
7 791 15284
7 792 14401
7 793 42239
7 794 14440
7 795 30156
7 796 42140
7 797 29784
7 798 14396
7 799 42140
7 800 14375
7 801 15526
7 802 42312
7 803 15502
7 804 14444
7 805 30142
7 806 14135
7 807 15505
7 808 30162
7 809 15284
7 810 41696
7 811 29734
7 812 41927
7 813 15194
7 814 29736
7 815 15195
7 816 27232
7 817 41972
7 818 27244
7 819 29721
7 820 42104
7 821 29767
7 822 27268
7 823 41973
7 824 27620
7 825 15194
7 826 42100
7 827 15456
7 828 27622
7 829 29727
7 830 27232
7 831 15456
7 832 29710
7 833 15194
7 834 41696
7 835 29734
7 836 41923
7 837 15194
7 838 29734
7 839 15190
7 840 14187
7 841 27292
7 842 14186
7 843 42252
7 844 27292
7 845 42047
7 846 14187
7 847 27292
7 848 14402
7 849 29730
7 850 27294
7 851 30124
7 852 14402
7 853 42250
7 854 14187
7 855 30124
7 856 42049
7 857 29730
7 858 27294
7 859 42250
7 860 27294
7 861 29706
7 862 42049
7 863 29730
7 864 14197
7 865 27393
7 866 14197
7 867 41935
7 868 27393
7 869 41904
7 870 14244
7 871 27948
7 872 14463
7 873 12730
7 874 27920
7 875 12781
7 876 14562
7 877 42613
7 878 14515
7 879 12782
7 880 42395
7 881 12831
7 882 27483
7 883 42485
7 884 27967
7 885 12829
7 886 42422
7 887 12786
7 888 14382
7 889 28018
7 890 14598
7 891 30866
7 892 28019
7 893 30903
7 894 14296
7 895 28026
7 896 14516
7 897 12784
7 898 27972
7 899 12785
7 900 14610
7 901 30951
7 902 14560
7 903 12870
7 904 30932
7 905 12834
7 906 27974
7 907 31087
7 908 28014
7 909 12872
7 910 31078
7 911 12875
7 912 14565
7 913 42986
7 914 14565
7 915 30942
7 916 42786
7 917 30558
7 918 14606
7 919 42856
7 920 14559
7 921 12871
7 922 42809
7 923 12870
7 924 14617
7 925 31089
7 926 14520
7 927 12787
7 928 31100
7 929 12875
7 930 42567
7 931 30610
7 932 42743
7 933 12835
7 934 31168
7 935 12834
7 936 27397
7 937 42636
7 938 27397
7 939 30422
7 940 42627
7 941 30428
7 942 27527
7 943 42724
7 944 28016
7 945 12833
7 946 42829
7 947 12874
7 948 27983
7 949 31127
7 950 28003
7 951 12876
7 952 31135
7 953 12832
7 954 42568
7 955 30610
7 956 42717
7 957 12834
7 958 31098
7 959 12786
7 960 14242
7 961 27432
7 962 14242
7 963 42256
7 964 27432
7 965 42203
7 966 14331
7 967 27854
7 968 14600
7 969 15689
7 970 27861
7 971 15794
7 972 14548
7 973 42668
7 974 14598
7 975 15778
7 976 42679
7 977 15739
7 978 27490
7 979 42674
7 980 27861
7 981 15745
7 982 42679
7 983 15742
7 984 14244
7 985 27438
7 986 14244
7 987 42256
7 988 27438
7 989 42221
7 990 14295
7 991 28024
7 992 14517
7 993 12783
7 994 27974
7 995 12788
7 996 14567
7 997 42771
7 998 14518
7 999 12783
7 1000 42488
7 1001 12834
7 1002 27488
7 1003 42593
7 1004 27976
7 1005 12834
7 1006 42485
7 1007 12788
7 1008 14296
7 1009 27991
7 1010 14562
7 1011 15719
7 1012 28017
7 1013 15796
7 1014 14293
7 1015 27976
7 1016 14558
7 1017 12832
7 1018 27968
7 1019 12834
7 1020 14515
7 1021 15494
7 1022 14511
7 1023 12833
7 1024 15439
7 1025 12782
7 1026 27964
7 1027 15895
7 1028 27968
7 1029 12918
7 1030 15792
7 1031 12833
7 1032 14557
7 1033 42880
7 1034 14630
7 1035 15877
7 1036 42766
7 1037 15855
7 1038 14603
7 1039 42944
7 1040 14558
7 1041 12870
7 1042 42880
7 1043 12916
7 1044 14564
7 1045 15772
7 1046 14532
7 1047 12876
7 1048 15715
7 1049 12831
7 1050 42462
7 1051 15789
7 1052 42717
7 1053 12875
7 1054 15759
7 1055 12874
7 1056 27495
7 1057 42790
7 1058 27911
7 1059 15853
7 1060 42984
7 1061 15853
7 1062 27524
7 1063 42814
7 1064 28032
7 1065 12916
7 1066 42898
7 1067 12879
7 1068 28005
7 1069 15908
7 1070 27966
7 1071 12960
7 1072 15809
7 1073 12874
7 1074 42620
7 1075 15849
7 1076 42744
7 1077 12916
7 1078 15770
7 1079 12835
7 1080 14336
7 1081 27968
7 1082 14594
7 1083 30897
7 1084 28013
7 1085 30916
7 1086 14338
7 1087 27970
7 1088 14646
7 1089 15783
7 1090 28014
7 1091 15854
7 1092 14606
7 1093 30901
7 1094 14559
7 1095 15850
7 1096 30994
7 1097 15604
7 1098 27970
7 1099 30980
7 1100 27973
7 1101 15826
7 1102 30992
7 1103 15610
7 1104 14383
7 1105 28018
7 1106 14599
7 1107 30892
7 1108 28020
7 1109 30875
7 1110 14297
7 1111 28026
7 1112 14563
7 1113 12833
7 1114 28016
7 1115 12834
7 1116 14654
7 1117 31023
7 1118 14558
7 1119 12870
7 1120 31033
7 1121 12918
7 1122 28015
7 1123 31079
7 1124 28035
7 1125 12919
7 1126 31059
7 1127 12879
7 1128 14344
7 1129 28041
7 1130 14610
7 1131 15835
7 1132 28047
7 1133 15817
7 1134 14299
7 1135 28000
7 1136 14522
7 1137 12788
7 1138 27948
7 1139 12788
7 1140 14565
7 1141 15767
7 1142 14558
7 1143 12876
7 1144 15742
7 1145 12833
7 1146 27991
7 1147 15870
7 1148 28014
7 1149 12879
7 1150 15741
7 1151 12834
7 1152 14564
7 1153 31043
7 1154 14566
7 1155 15834
7 1156 31027
7 1157 15545
7 1158 14611
7 1159 31038
7 1160 14517
7 1161 12836
7 1162 31092
7 1163 12879
7 1164 14570
7 1165 15816
7 1166 14518
7 1167 12835
7 1168 15783
7 1169 12874
7 1170 30958
7 1171 15487
7 1172 31005
7 1173 12786
7 1174 15689
7 1175 12786
7 1176 27923
7 1177 31048
7 1178 27925
7 1179 15830
7 1180 31135
7 1181 15663
7 1182 27976
7 1183 31043
7 1184 27975
7 1185 12879
7 1186 31110
7 1187 12920
7 1188 28015
7 1189 15855
7 1190 27970
7 1191 12918
7 1192 15786
7 1193 12872
7 1194 31079
7 1195 15569
7 1196 31091
7 1197 12832
7 1198 15787
7 1199 12832
7 1200 14509
7 1201 42671
7 1202 14512
7 1203 30842
7 1204 42686
7 1205 30500
7 1206 14510
7 1207 42666
7 1208 14564
7 1209 15881
7 1210 42880
7 1211 15875
7 1212 14564
7 1213 30897
7 1214 14512
7 1215 15883
7 1216 30944
7 1217 15658
7 1218 42429
7 1219 30505
7 1220 42473
7 1221 15569
7 1222 30525
7 1223 15569
7 1224 14561
7 1225 42992
7 1226 14563
7 1227 30896
7 1228 42789
7 1229 30502
7 1230 14566
7 1231 42713
7 1232 14517
7 1233 12836
7 1234 42759
7 1235 12918
7 1236 14657
7 1237 31086
7 1238 14562
7 1239 12876
7 1240 31148
7 1241 12960
7 1242 42774
7 1243 30611
7 1244 42857
7 1245 12877
7 1246 31160
7 1247 12918
7 1248 14605
7 1249 42963
7 1250 14632
7 1251 15913
7 1252 43028
7 1253 15887
7 1254 14568
7 1255 42747
7 1256 14564
7 1257 12876
7 1258 42725
7 1259 12879
7 1260 14568
7 1261 15846
7 1262 14518
7 1263 12833
7 1264 15839
7 1265 12874
7 1266 42903
7 1267 15887
7 1268 42901
7 1269 12920
7 1270 15834
7 1271 12872
7 1272 14569
7 1273 31098
7 1274 14570
7 1275 15890
7 1276 31136
7 1277 15625
7 1278 14615
7 1279 31068
7 1280 14520
7 1281 12835
7 1282 31127
7 1283 12918
7 1284 14570
7 1285 15847
7 1286 14518
7 1287 12788
7 1288 15799
7 1289 12835
7 1290 31093
7 1291 15569
7 1292 31098
7 1293 12832
7 1294 15787
7 1295 12832
7 1296 42210
7 1297 30502
7 1298 42208
7 1299 15521
7 1300 30558
7 1301 15521
7 1302 42592
7 1303 30568
7 1304 42478
7 1305 12786
7 1306 31091
7 1307 12834
7 1308 42747
7 1309 15792
7 1310 42466
7 1311 12834
7 1312 15741
7 1313 12785
7 1314 31092
7 1315 15564
7 1316 31068
7 1317 12786
7 1318 15741
7 1319 12786
7 1320 27330
7 1321 42279
7 1322 27312
7 1323 30316
7 1324 42472
7 1325 30328
7 1326 27334
7 1327 42256
7 1328 27732
7 1329 15519
7 1330 42473
7 1331 15739
7 1332 27732
7 1333 30368
7 1334 27336
7 1335 15739
7 1336 30386
7 1337 15524
7 1338 42274
7 1339 30380
7 1340 42465
7 1341 15523
7 1342 30386
7 1343 15519
7 1344 27392
7 1345 42631
7 1346 27394
7 1347 30372
7 1348 42628
7 1349 30380
7 1350 27490
7 1351 42559
7 1352 27974
7 1353 12783
7 1354 42730
7 1355 12835
7 1356 28021
7 1357 31069
7 1358 28023
7 1359 12833
7 1360 31095
7 1361 12876
7 1362 42768
7 1363 30617
7 1364 42836
7 1365 12874
7 1366 31128
7 1367 12836
7 1368 27522
7 1369 42790
7 1370 27914
7 1371 15842
7 1372 42945
7 1373 15847
7 1374 27491
7 1375 42597
7 1376 28022
7 1377 12835
7 1378 42747
7 1379 12836
7 1380 27989
7 1381 15840
7 1382 27970
7 1383 12876
7 1384 15743
7 1385 12785
7 1386 42863
7 1387 15890
7 1388 42878
7 1389 12874
7 1390 15838
7 1391 12870
7 1392 27929
7 1393 31087
7 1394 27930
7 1395 15886
7 1396 31108
7 1397 15668
7 1398 27976
7 1399 31040
7 1400 27977
7 1401 12876
7 1402 31136
7 1403 12874
7 1404 27997
7 1405 15890
7 1406 27951
7 1407 12837
7 1408 15840
7 1409 12870
7 1410 31074
7 1411 15571
7 1412 31057
7 1413 12785
7 1414 15745
7 1415 12785
7 1416 42210
7 1417 30506
7 1418 42208
7 1419 15531
7 1420 30560
7 1421 15531
7 1422 42592
7 1423 30570
7 1424 42479
7 1425 12786
7 1426 31085
7 1427 12834
7 1428 42744
7 1429 15799
7 1430 42463
7 1431 12834
7 1432 15746
7 1433 12785
7 1434 31068
7 1435 15570
7 1436 31060
7 1437 12786
7 1438 15744
7 1439 12785
7 1440 1579
7 1441 2589
7 1442 1579
7 1443 8017
7 1444 2589
7 1445 7984
7 1446 1579
7 1447 2589
7 1448 1580
7 1449 9876
7 1450 2589
7 1451 9896
7 1452 1580
7 1453 8017
7 1454 1579
7 1455 9896
7 1456 7984
7 1457 9876
7 1458 2589
7 1459 8017
7 1460 2589
7 1461 9875
7 1462 7984
7 1463 9876
7 1464 1580
7 1465 2592
7 1466 1580
7 1467 8017
7 1468 2592
7 1469 8010
7 1470 1582
7 1471 2623
7 1472 1582
7 1473 1581
7 1474 2621
7 1475 1581
7 1476 1584
7 1477 8052
7 1478 1582
7 1479 1581
7 1480 8019
7 1481 1582
7 1482 2596
7 1483 8044
7 1484 2621
7 1485 1582
7 1486 8017
7 1487 1581
7 1488 1582
7 1489 2621
7 1490 1583
7 1491 9952
7 1492 2621
7 1493 9952
7 1494 1581
7 1495 2622
7 1496 1582
7 1497 1581
7 1498 2621
7 1499 1581
7 1500 1583
7 1501 9961
7 1502 1582
7 1503 1582
7 1504 9963
7 1505 1581
7 1506 2620
7 1507 9961
7 1508 2621
7 1509 1582
7 1510 9964
7 1511 1582
7 1512 1583
7 1513 8052
7 1514 1583
7 1515 9952
7 1516 8019
7 1517 9932
7 1518 1584
7 1519 8048
7 1520 1582
7 1521 1582
7 1522 8045
7 1523 1582
7 1524 1583
7 1525 9961
7 1526 1581
7 1527 1581
7 1528 9964
7 1529 1582
7 1530 7986
7 1531 9938
7 1532 8013
7 1533 1581
7 1534 9964
7 1535 1581
7 1536 2593
7 1537 8023
7 1538 2593
7 1539 9929
7 1540 8019
7 1541 9929
7 1542 2596
7 1543 8050
7 1544 2621
7 1545 1581
7 1546 8044
7 1547 1582
7 1548 2620
7 1549 9961
7 1550 2621
7 1551 1582
7 1552 9964
7 1553 1581
7 1554 7986
7 1555 9938
7 1556 8011
7 1557 1581
7 1558 9963
7 1559 1580
7 1560 1578
7 1561 2588
7 1562 1578
7 1563 8016
7 1564 2588
7 1565 7981
7 1566 1578
7 1567 2588
7 1568 1580
7 1569 9876
7 1570 2589
7 1571 9896
7 1572 1580
7 1573 8015
7 1574 1578
7 1575 9896
7 1576 7982
7 1577 9876
7 1578 2589
7 1579 8015
7 1580 2589
7 1581 9875
7 1582 7982
7 1583 9876
7 1584 1580
7 1585 2592
7 1586 1580
7 1587 8017
7 1588 2592
7 1589 8011
7 1590 1580
7 1591 2621
7 1592 1580
7 1593 1579
7 1594 2619
7 1595 1579
7 1596 1582
7 1597 8050
7 1598 1580
7 1599 1579
7 1600 8017
7 1601 1580
7 1602 2594
7 1603 8045
7 1604 2619
7 1605 1580
7 1606 8015
7 1607 1579
7 1608 1581
7 1609 2620
7 1610 1583
7 1611 9929
7 1612 2621
7 1613 9929
7 1614 1580
7 1615 2621
7 1616 1580
7 1617 1579
7 1618 2619
7 1619 1579
7 1620 1582
7 1621 9933
7 1622 1581
7 1623 1581
7 1624 9933
7 1625 1580
7 1626 2619
7 1627 9934
7 1628 2620
7 1629 1581
7 1630 9934
7 1631 1581
7 1632 1582
7 1633 8048
7 1634 1581
7 1635 9926
7 1636 8017
7 1637 9906
7 1638 1583
7 1639 8050
7 1640 1581
7 1641 1581
7 1642 8046
7 1643 1581
7 1644 1582
7 1645 9933
7 1646 1580
7 1647 1579
7 1648 9934
7 1649 1581
7 1650 7984
7 1651 9908
7 1652 8014
7 1653 1580
7 1654 9934
7 1655 1580
7 1656 2592
7 1657 8021
7 1658 2592
7 1659 9903
7 1660 8015
7 1661 9903
7 1662 2595
7 1663 8050
7 1664 2620
7 1665 1580
7 1666 8047
7 1667 1581
7 1668 2619
7 1669 9934
7 1670 2620
7 1671 1581
7 1672 9934
7 1673 1580
7 1674 7985
7 1675 9908
7 1676 8013
7 1677 1580
7 1678 9933
7 1679 1579
7 1680 1579
7 1681 2591
7 1682 1579
7 1683 8016
7 1684 2591
7 1685 8012
7 1686 1581
7 1687 2622
7 1688 1582
7 1689 1581
7 1690 2621
7 1691 1581
7 1692 1583
7 1693 8050
7 1694 1582
7 1695 1581
7 1696 8017
7 1697 1581
7 1698 2595
7 1699 8047
7 1700 2621
7 1701 1581
7 1702 8017
7 1703 1581
7 1704 1579
7 1705 2591
7 1706 1579
7 1707 8016
7 1708 2591
7 1709 8012
7 1710 1581
7 1711 2622
7 1712 1581
7 1713 1580
7 1714 2620
7 1715 1580
7 1716 1582
7 1717 8050
7 1718 1581
7 1719 1580
7 1720 8017
7 1721 1580
7 1722 2594
7 1723 8044
7 1724 2620
7 1725 1580
7 1726 8017
7 1727 1580
7 1728 1579
7 1729 2620
7 1730 1581
7 1731 1581
7 1732 2622
7 1733 1581
7 1734 1579
7 1735 2620
7 1736 1581
7 1737 1580
7 1738 2621
7 1739 1580
7 1740 1579
7 1741 1580
7 1742 1579
7 1743 1580
7 1744 1578
7 1745 1578
7 1746 2619
7 1747 1582
7 1748 2619
7 1749 1582
7 1750 1579
7 1751 1579
7 1752 1582
7 1753 8051
7 1754 1583
7 1755 1583
7 1756 8049
7 1757 1583
7 1758 1582
7 1759 8051
7 1760 1583
7 1761 1583
7 1762 8049
7 1763 1583
7 1764 1580
7 1765 1581
7 1766 1580
7 1767 1581
7 1768 1579
7 1769 1579
7 1770 8015
7 1771 1582
7 1772 8015
7 1773 1582
7 1774 1580
7 1775 1580
7 1776 2594
7 1777 8051
7 1778 2623
7 1779 1582
7 1780 8048
7 1781 1582
7 1782 2594
7 1783 8052
7 1784 2623
7 1785 1582
7 1786 8045
7 1787 1582
7 1788 2619
7 1789 1583
7 1790 2619
7 1791 1583
7 1792 1580
7 1793 1580
7 1794 8016
7 1795 1582
7 1796 8016
7 1797 1582
7 1798 1579
7 1799 1579
7 1800 1581
7 1801 2620
7 1802 1583
7 1803 9929
7 1804 2621
7 1805 9929
7 1806 1582
7 1807 2622
7 1808 1584
7 1809 1583
7 1810 2623
7 1811 1583
7 1812 1583
7 1813 9932
7 1814 1584
7 1815 1584
7 1816 9960
7 1817 1583
7 1818 2621
7 1819 9956
7 1820 2623
7 1821 1584
7 1822 9960
7 1823 1583
7 1824 1582
7 1825 2621
7 1826 1583
7 1827 9929
7 1828 2621
7 1829 9929
7 1830 1581
7 1831 2622
7 1832 1582
7 1833 1581
7 1834 2622
7 1835 1581
7 1836 1584
7 1837 9958
7 1838 1583
7 1839 1583
7 1840 9960
7 1841 1583
7 1842 2622
7 1843 9956
7 1844 2623
7 1845 1583
7 1846 9960
7 1847 1583
7 1848 1580
7 1849 2621
7 1850 1582
7 1851 1581
7 1852 2622
7 1853 1581
7 1854 1580
7 1855 2620
7 1856 1582
7 1857 1581
7 1858 2621
7 1859 1581
7 1860 1580
7 1861 1581
7 1862 1580
7 1863 1581
7 1864 1579
7 1865 1579
7 1866 2619
7 1867 1582
7 1868 2619
7 1869 1582
7 1870 1579
7 1871 1579
7 1872 1581
7 1873 9930
7 1874 1583
7 1875 1583
7 1876 9932
7 1877 1583
7 1878 1582
7 1879 9933
7 1880 1582
7 1881 1582
7 1882 9960
7 1883 1582
7 1884 1581
7 1885 1582
7 1886 1581
7 1887 1582
7 1888 1581
7 1889 1581
7 1890 9905
7 1891 1582
7 1892 9933
7 1893 1581
7 1894 1580
7 1895 1580
7 1896 2618
7 1897 9933
7 1898 2621
7 1899 1584
7 1900 9956
7 1901 1584
7 1902 2619
7 1903 9934
7 1904 2621
7 1905 1583
7 1906 9962
7 1907 1584
7 1908 2620
7 1909 1584
7 1910 2619
7 1911 1584
7 1912 1581
7 1913 1581
7 1914 9927
7 1915 1582
7 1916 9934
7 1917 1582
7 1918 1581
7 1919 1581
7 1920 1582
7 1921 8055
7 1922 1582
7 1923 9926
7 1924 8021
7 1925 9906
7 1926 1584
7 1927 8052
7 1928 1583
7 1929 1583
7 1930 8053
7 1931 1584
7 1932 1584
7 1933 9959
7 1934 1582
7 1935 1583
7 1936 9964
7 1937 1584
7 1938 8019
7 1939 9934
7 1940 8046
7 1941 1583
7 1942 9966
7 1943 1583
7 1944 1582
7 1945 8055
7 1946 1582
7 1947 9926
7 1948 8021
7 1949 9906
7 1950 1584
7 1951 8051
7 1952 1583
7 1953 1583
7 1954 8053
7 1955 1584
7 1956 1583
7 1957 9958
7 1958 1582
7 1959 1582
7 1960 9962
7 1961 1584
7 1962 8019
7 1963 9932
7 1964 8047
7 1965 1583
7 1966 9962
7 1967 1583
7 1968 1583
7 1969 8053
7 1970 1584
7 1971 1584
7 1972 8053
7 1973 1584
7 1974 1583
7 1975 8050
7 1976 1584
7 1977 1584
7 1978 8050
7 1979 1584
7 1980 1581
7 1981 1582
7 1982 1581
7 1983 1582
7 1984 1581
7 1985 1581
7 1986 8050
7 1987 1584
7 1988 8050
7 1989 1584
7 1990 1581
7 1991 1581
7 1992 1582
7 1993 9933
7 1994 1583
7 1995 1583
7 1996 9958
7 1997 1583
7 1998 1582
7 1999 9933
7 2000 1583
7 2001 1583
7 2002 9960
7 2003 1583
7 2004 1580
7 2005 1581
7 2006 1580
7 2007 1581
7 2008 1579
7 2009 1579
7 2010 9930
7 2011 1582
7 2012 9934
7 2013 1582
7 2014 1581
7 2015 1581
7 2016 7985
7 2017 9908
7 2018 8013
7 2019 1582
7 2020 9961
7 2021 1582
7 2022 7985
7 2023 9908
7 2024 8015
7 2025 1582
7 2026 9960
7 2027 1582
7 2028 8017
7 2029 1583
7 2030 8015
7 2031 1583
7 2032 1580
7 2033 1580
7 2034 9934
7 2035 1582
7 2036 9934
7 2037 1582
7 2038 1580
7 2039 1580
7 2040 2592
7 2041 8022
7 2042 2592
7 2043 9903
7 2044 8021
7 2045 9903
7 2046 2596
7 2047 8050
7 2048 2623
7 2049 1582
7 2050 8049
7 2051 1582
7 2052 2622
7 2053 9957
7 2054 2623
7 2055 1582
7 2056 9963
7 2057 1582
7 2058 8019
7 2059 9934
7 2060 8044
7 2061 1582
7 2062 9964
7 2063 1581
7 2064 2592
7 2065 8022
7 2066 2592
7 2067 9903
7 2068 8021
7 2069 9903
7 2070 2596
7 2071 8052
7 2072 2623
7 2073 1582
7 2074 8051
7 2075 1582
7 2076 2622
7 2077 9956
7 2078 2623
7 2079 1582
7 2080 9960
7 2081 1582
7 2082 8016
7 2083 9932
7 2084 8046
7 2085 1582
7 2086 9960
7 2087 1581
7 2088 2595
7 2089 8054
7 2090 2624
7 2091 1583
7 2092 8053
7 2093 1583
7 2094 2595
7 2095 8052
7 2096 2624
7 2097 1583
7 2098 8051
7 2099 1583
7 2100 2620
7 2101 1583
7 2102 2620
7 2103 1583
7 2104 1580
7 2105 1580
7 2106 8051
7 2107 1584
7 2108 8051
7 2109 1584
7 2110 1581
7 2111 1581
7 2112 2619
7 2113 9934
7 2114 2622
7 2115 1584
7 2116 9956
7 2117 1584
7 2118 2619
7 2119 9934
7 2120 2622
7 2121 1584
7 2122 9962
7 2123 1584
7 2124 2620
7 2125 1583
7 2126 2620
7 2127 1583
7 2128 1581
7 2129 1581
7 2130 9930
7 2131 1582
7 2132 9934
7 2133 1582
7 2134 1580
7 2135 1580
7 2136 7985
7 2137 9908
7 2138 8013
7 2139 1582
7 2140 9960
7 2141 1582
7 2142 7985
7 2143 9908
7 2144 8015
7 2145 1582
7 2146 9960
7 2147 1582
7 2148 8016
7 2149 1583
7 2150 8013
7 2151 1583
7 2152 1580
7 2153 1580
7 2154 9933
7 2155 1582
7 2156 9933
7 2157 1582
7 2158 1579
7 2159 1579
7 2160 1579
7 2161 2591
7 2162 1579
7 2163 8016
7 2164 2591
7 2165 8013
7 2166 1582
7 2167 2621
7 2168 1582
7 2169 3876
7 2170 2619
7 2171 3879
7 2172 1583
7 2173 8051
7 2174 1582
7 2175 3879
7 2176 8016
7 2177 3877
7 2178 2595
7 2179 8048
7 2180 2619
7 2181 3877
7 2182 8016
7 2183 3877
7 2184 1580
7 2185 2592
7 2186 1580
7 2187 8017
7 2188 2592
7 2189 8011
7 2190 1583
7 2191 2624
7 2192 1583
7 2193 1582
7 2194 2622
7 2195 1582
7 2196 1584
7 2197 8052
7 2198 1583
7 2199 1582
7 2200 8019
7 2201 1582
7 2202 2596
7 2203 8044
7 2204 2622
7 2205 1582
7 2206 8019
7 2207 1582
7 2208 1581
7 2209 2622
7 2210 1583
7 2211 3905
7 2212 2624
7 2213 3908
7 2214 1582
7 2215 2621
7 2216 1584
7 2217 1583
7 2218 2622
7 2219 1583
7 2220 1582
7 2221 3905
7 2222 1582
7 2223 1583
7 2224 3904
7 2225 1581
7 2226 2621
7 2227 3912
7 2228 2621
7 2229 1584
7 2230 3909
7 2231 1581
7 2232 1582
7 2233 8053
7 2234 1584
7 2235 3909
7 2236 8049
7 2237 3907
7 2238 1583
7 2239 8054
7 2240 1584
7 2241 1584
7 2242 8052
7 2243 1584
7 2244 1582
7 2245 3909
7 2246 1582
7 2247 1583
7 2248 3909
7 2249 1581
7 2250 8016
7 2251 3909
7 2252 8016
7 2253 1583
7 2254 3907
7 2255 1581
7 2256 2594
7 2257 8052
7 2258 2622
7 2259 3909
7 2260 8048
7 2261 3909
7 2262 2595
7 2263 8051
7 2264 2624
7 2265 1583
7 2266 8047
7 2267 1583
7 2268 2621
7 2269 3910
7 2270 2619
7 2271 1584
7 2272 3907
7 2273 1581
7 2274 8016
7 2275 3909
7 2276 8016
7 2277 1583
7 2278 3906
7 2279 1581
7 2280 1580
7 2281 2592
7 2282 1580
7 2283 8017
7 2284 2592
7 2285 8013
7 2286 1581
7 2287 2619
7 2288 1582
7 2289 3876
7 2290 2617
7 2291 3878
7 2292 1583
7 2293 8051
7 2294 1581
7 2295 3878
7 2296 8016
7 2297 3877
7 2298 2595
7 2299 8047
7 2300 2617
7 2301 3877
7 2302 8015
7 2303 3876
7 2304 1579
7 2305 2591
7 2306 1579
7 2307 8016
7 2308 2591
7 2309 8011
7 2310 1581
7 2311 2622
7 2312 1581
7 2313 1580
7 2314 2620
7 2315 1580
7 2316 1582
7 2317 8050
7 2318 1581
7 2319 1580
7 2320 8017
7 2321 1580
7 2322 2594
7 2323 8046
7 2324 2620
7 2325 1580
7 2326 8017
7 2327 1580
7 2328 1582
7 2329 2621
7 2330 1584
7 2331 3907
7 2332 2623
7 2333 3908
7 2334 1581
7 2335 2620
7 2336 1582
7 2337 1581
7 2338 2620
7 2339 1581
7 2340 1583
7 2341 3904
7 2342 1583
7 2343 1583
7 2344 3903
7 2345 1582
7 2346 2621
7 2347 3909
7 2348 2622
7 2349 1584
7 2350 3907
7 2351 1582
7 2352 1584
7 2353 8056
7 2354 1583
7 2355 3908
7 2356 8050
7 2357 3908
7 2358 1584
7 2359 8055
7 2360 1583
7 2361 1583
7 2362 8051
7 2363 1583
7 2364 1583
7 2365 3906
7 2366 1582
7 2367 1582
7 2368 3905
7 2369 1582
7 2370 8017
7 2371 3907
7 2372 8018
7 2373 1583
7 2374 3907
7 2375 1582
7 2376 2596
7 2377 8053
7 2378 2620
7 2379 3907
7 2380 8048
7 2381 3906
7 2382 2596
7 2383 8053
7 2384 2623
7 2385 1583
7 2386 8049
7 2387 1583
7 2388 2622
7 2389 3909
7 2390 2619
7 2391 1584
7 2392 3907
7 2393 1582
7 2394 8017
7 2395 3907
7 2396 8018
7 2397 1583
7 2398 3906
7 2399 1581
7 2400 1579
7 2401 2591
7 2402 1579
7 2403 8016
7 2404 2591
7 2405 8009
7 2406 1582
7 2407 2623
7 2408 1582
7 2409 1581
7 2410 2621
7 2411 1581
7 2412 1583
7 2413 8051
7 2414 1582
7 2415 1581
7 2416 8017
7 2417 1581
7 2418 2595
7 2419 8045
7 2420 2621
7 2421 1581
7 2422 8016
7 2423 1581
7 2424 1578
7 2425 2588
7 2426 1578
7 2427 8016
7 2428 2588
7 2429 7981
7 2430 1580
7 2431 2619
7 2432 1580
7 2433 1579
7 2434 2618
7 2435 1579
7 2436 1581
7 2437 8050
7 2438 1580
7 2439 1579
7 2440 8016
7 2441 1580
7 2442 2591
7 2443 8015
7 2444 2618
7 2445 1580
7 2446 8013
7 2447 1579
7 2448 1580
7 2449 2621
7 2450 1582
7 2451 1581
7 2452 2622
7 2453 1581
7 2454 1580
7 2455 2620
7 2456 1582
7 2457 1581
7 2458 2620
7 2459 1581
7 2460 1580
7 2461 1581
7 2462 1580
7 2463 1581
7 2464 1579
7 2465 1579
7 2466 2619
7 2467 1582
7 2468 2619
7 2469 1582
7 2470 1579
7 2471 1579
7 2472 1582
7 2473 8053
7 2474 1583
7 2475 1583
7 2476 8050
7 2477 1583
7 2478 1582
7 2479 8053
7 2480 1582
7 2481 1582
7 2482 8051
7 2483 1583
7 2484 1580
7 2485 1581
7 2486 1580
7 2487 1581
7 2488 1579
7 2489 1579
7 2490 8016
7 2491 1582
7 2492 8016
7 2493 1582
7 2494 1580
7 2495 1580
7 2496 2594
7 2497 8049
7 2498 2623
7 2499 1582
7 2500 8046
7 2501 1582
7 2502 2594
7 2503 8049
7 2504 2620
7 2505 1582
7 2506 8016
7 2507 1581
7 2508 2619
7 2509 1583
7 2510 2619
7 2511 1583
7 2512 1580
7 2513 1580
7 2514 8016
7 2515 1582
7 2516 8016
7 2517 1582
7 2518 1579
7 2519 1579
7 2520 1579
7 2521 2620
7 2522 1582
7 2523 3879
7 2524 2622
7 2525 3879
7 2526 1580
7 2527 2621
7 2528 1583
7 2529 1582
7 2530 2623
7 2531 1582
7 2532 1581
7 2533 3872
7 2534 1582
7 2535 1583
7 2536 3905
7 2537 1581
7 2538 2622
7 2539 3911
7 2540 2622
7 2541 1583
7 2542 3909
7 2543 1581
7 2544 1580
7 2545 2621
7 2546 1582
7 2547 3879
7 2548 2622
7 2549 3879
7 2550 1579
7 2551 2618
7 2552 1581
7 2553 1580
7 2554 2619
7 2555 1580
7 2556 1583
7 2557 3903
7 2558 1582
7 2559 1582
7 2560 3906
7 2561 1582
7 2562 2623
7 2563 3909
7 2564 2622
7 2565 1583
7 2566 3908
7 2567 1582
7 2568 1579
7 2569 2620
7 2570 1582
7 2571 1581
7 2572 2622
7 2573 1581
7 2574 1579
7 2575 2617
7 2576 1581
7 2577 1580
7 2578 2618
7 2579 1580
7 2580 1581
7 2581 1582
7 2582 1581
7 2583 1582
7 2584 1580
7 2585 1580
7 2586 2621
7 2587 1582
7 2588 2621
7 2589 1582
7 2590 1580
7 2591 1580
7 2592 1579
7 2593 3875
7 2594 1580
7 2595 1582
7 2596 3871
7 2597 1581
7 2598 1580
7 2599 3875
7 2600 1579
7 2601 1580
7 2602 3901
7 2603 1581
7 2604 1579
7 2605 1581
7 2606 1579
7 2607 1580
7 2608 1580
7 2609 1580
7 2610 3841
7 2611 1579
7 2612 3870
7 2613 1578
7 2614 1578
7 2615 1578
7 2616 2619
7 2617 3882
7 2618 2619
7 2619 1583
7 2620 3911
7 2621 1582
7 2622 2619
7 2623 3882
7 2624 2619
7 2625 1582
7 2626 3911
7 2627 1583
7 2628 2619
7 2629 1583
7 2630 2619
7 2631 1582
7 2632 1582
7 2633 1582
7 2634 3880
7 2635 1579
7 2636 3880
7 2637 1579
7 2638 1579
7 2639 1579
7 2640 1581
7 2641 8051
7 2642 1583
7 2643 3880
7 2644 8052
7 2645 3881
7 2646 1582
7 2647 8053
7 2648 1584
7 2649 1584
7 2650 8055
7 2651 1584
7 2652 1583
7 2653 3908
7 2654 1583
7 2655 1584
7 2656 3910
7 2657 1583
7 2658 8048
7 2659 3907
7 2660 8049
7 2661 1584
7 2662 3909
7 2663 1583
7 2664 1582
7 2665 8053
7 2666 1583
7 2667 3882
7 2668 8052
7 2669 3880
7 2670 1582
7 2671 8053
7 2672 1582
7 2673 1582
7 2674 8053
7 2675 1583
7 2676 1583
7 2677 3908
7 2678 1583
7 2679 1583
7 2680 3908
7 2681 1584
7 2682 8050
7 2683 3909
7 2684 8051
7 2685 1583
7 2686 3909
7 2687 1584
7 2688 1582
7 2689 8053
7 2690 1584
7 2691 1584
7 2692 8055
7 2693 1584
7 2694 1582
7 2695 8051
7 2696 1583
7 2697 1583
7 2698 8052
7 2699 1583
7 2700 1581
7 2701 1582
7 2702 1581
7 2703 1582
7 2704 1581
7 2705 1581
7 2706 8050
7 2707 1584
7 2708 8050
7 2709 1584
7 2710 1582
7 2711 1582
7 2712 1580
7 2713 3881
7 2714 1580
7 2715 1582
7 2716 3907
7 2717 1581
7 2718 1580
7 2719 3881
7 2720 1580
7 2721 1581
7 2722 3910
7 2723 1582
7 2724 1580
7 2725 1582
7 2726 1580
7 2727 1581
7 2728 1581
7 2729 1581
7 2730 3877
7 2731 1579
7 2732 3880
7 2733 1579
7 2734 1579
7 2735 1579
7 2736 8014
7 2737 3878
7 2738 8015
7 2739 1583
7 2740 3907
7 2741 1582
7 2742 8015
7 2743 3878
7 2744 8016
7 2745 1581
7 2746 3907
7 2747 1583
7 2748 8016
7 2749 1583
7 2750 8014
7 2751 1582
7 2752 1581
7 2753 1581
7 2754 3877
7 2755 1580
7 2756 3881
7 2757 1580
7 2758 1580
7 2759 1580
7 2760 2593
7 2761 8051
7 2762 2621
7 2763 3880
7 2764 8052
7 2765 3880
7 2766 2594
7 2767 8052
7 2768 2624
7 2769 1583
7 2770 8051
7 2771 1583
7 2772 2623
7 2773 3910
7 2774 2621
7 2775 1584
7 2776 3909
7 2777 1582
7 2778 8049
7 2779 3910
7 2780 8049
7 2781 1584
7 2782 3908
7 2783 1582
7 2784 2594
7 2785 8052
7 2786 2621
7 2787 3880
7 2788 8052
7 2789 3880
7 2790 2594
7 2791 8054
7 2792 2622
7 2793 1582
7 2794 8052
7 2795 1582
7 2796 2621
7 2797 3910
7 2798 2622
7 2799 1584
7 2800 3909
7 2801 1583
7 2802 8049
7 2803 3909
7 2804 8051
7 2805 1584
7 2806 3910
7 2807 1582
7 2808 2594
7 2809 8054
7 2810 2624
7 2811 1583
7 2812 8053
7 2813 1583
7 2814 2594
7 2815 8051
7 2816 2623
7 2817 1582
7 2818 8050
7 2819 1582
7 2820 2621
7 2821 1584
7 2822 2620
7 2823 1584
7 2824 1582
7 2825 1582
7 2826 8048
7 2827 1584
7 2828 8048
7 2829 1583
7 2830 1581
7 2831 1581
7 2832 2619
7 2833 3883
7 2834 2619
7 2835 1584
7 2836 3910
7 2837 1583
7 2838 2619
7 2839 3883
7 2840 2619
7 2841 1583
7 2842 3912
7 2843 1584
7 2844 2619
7 2845 1584
7 2846 2616
7 2847 1583
7 2848 1583
7 2849 1583
7 2850 3879
7 2851 1580
7 2852 3881
7 2853 1580
7 2854 1580
7 2855 1580
7 2856 8015
7 2857 3880
7 2858 8015
7 2859 1583
7 2860 3909
7 2861 1582
7 2862 8015
7 2863 3880
7 2864 8017
7 2865 1582
7 2866 3909
7 2867 1583
7 2868 8017
7 2869 1583
7 2870 8015
7 2871 1582
7 2872 1582
7 2873 1582
7 2874 3878
7 2875 1579
7 2876 3880
7 2877 1579
7 2878 1579
7 2879 1579
7 2880 1579
7 2881 2618
7 2882 1582
7 2883 9903
7 2884 2620
7 2885 9903
7 2886 1580
7 2887 2619
7 2888 1583
7 2889 3876
7 2890 2621
7 2891 3879
7 2892 1582
7 2893 9928
7 2894 1582
7 2895 3883
7 2896 9932
7 2897 3847
7 2898 2620
7 2899 9929
7 2900 2620
7 2901 3881
7 2902 9932
7 2903 3847
7 2904 1580
7 2905 2619
7 2906 1582
7 2907 9903
7 2908 2620
7 2909 9903
7 2910 1581
7 2911 2622
7 2912 1583
7 2913 1582
7 2914 2623
7 2915 1582
7 2916 1584
7 2917 9958
7 2918 1584
7 2919 1584
7 2920 9964
7 2921 1583
7 2922 2622
7 2923 9956
7 2924 2624
7 2925 1584
7 2926 9964
7 2927 1583
7 2928 1581
7 2929 2622
7 2930 1584
7 2931 3907
7 2932 2624
7 2933 3907
7 2934 1580
7 2935 2619
7 2936 1583
7 2937 1582
7 2938 2621
7 2939 1582
7 2940 1583
7 2941 3909
7 2942 1583
7 2943 1584
7 2944 3908
7 2945 1582
7 2946 2623
7 2947 3911
7 2948 2623
7 2949 1584
7 2950 3910
7 2951 1582
7 2952 1581
7 2953 9929
7 2954 1582
7 2955 3908
7 2956 9930
7 2957 3874
7 2958 1582
7 2959 9932
7 2960 1582
7 2961 1583
7 2962 9960
7 2963 1584
7 2964 1582
7 2965 3909
7 2966 1582
7 2967 1583
7 2968 3912
7 2969 1583
7 2970 9929
7 2971 3874
7 2972 9934
7 2973 1581
7 2974 3874
7 2975 1581
7 2976 2619
7 2977 9929
7 2978 2620
7 2979 3906
7 2980 9952
7 2981 3877
7 2982 2620
7 2983 9930
7 2984 2622
7 2985 1583
7 2986 9960
7 2987 1584
7 2988 2622
7 2989 3907
7 2990 2620
7 2991 1583
7 2992 3910
7 2993 1583
7 2994 9929
7 2995 3874
7 2996 9934
7 2997 1581
7 2998 3874
7 2999 1581
7 3000 1580
7 3001 2619
7 3002 1582
7 3003 9903
7 3004 2620
7 3005 9903
7 3006 1580
7 3007 2619
7 3008 1583
7 3009 3878
7 3010 2621
7 3011 3880
7 3012 1582
7 3013 9930
7 3014 1582
7 3015 3882
7 3016 9932
7 3017 3847
7 3018 2620
7 3019 9930
7 3020 2620
7 3021 3881
7 3022 9932
7 3023 3846
7 3024 1581
7 3025 2620
7 3026 1582
7 3027 9903
7 3028 2620
7 3029 9903
7 3030 1579
7 3031 2620
7 3032 1581
7 3033 1580
7 3034 2621
7 3035 1580
7 3036 1583
7 3037 9932
7 3038 1583
7 3039 1583
7 3040 9934
7 3041 1582
7 3042 2621
7 3043 9930
7 3044 2623
7 3045 1583
7 3046 9934
7 3047 1582
7 3048 1581
7 3049 2622
7 3050 1584
7 3051 3906
7 3052 2624
7 3053 3906
7 3054 1581
7 3055 2622
7 3056 1582
7 3057 1581
7 3058 2622
7 3059 1581
7 3060 1584
7 3061 3906
7 3062 1584
7 3063 1584
7 3064 3905
7 3065 1583
7 3066 2624
7 3067 3909
7 3068 2624
7 3069 1584
7 3070 3908
7 3071 1583
7 3072 1583
7 3073 9958
7 3074 1583
7 3075 3910
7 3076 9960
7 3077 3877
7 3078 1584
7 3079 9958
7 3080 1582
7 3081 1582
7 3082 9960
7 3083 1583
7 3084 1584
7 3085 3909
7 3086 1583
7 3087 1583
7 3088 3908
7 3089 1584
7 3090 9964
7 3091 3876
7 3092 9964
7 3093 1582
7 3094 3903
7 3095 1582
7 3096 2621
7 3097 9956
7 3098 2621
7 3099 3910
7 3100 9958
7 3101 3876
7 3102 2622
7 3103 9956
7 3104 2622
7 3105 1582
7 3106 9960
7 3107 1584
7 3108 2624
7 3109 3909
7 3110 2623
7 3111 1583
7 3112 3909
7 3113 1584
7 3114 9964
7 3115 3876
7 3116 9964
7 3117 1582
7 3118 3902
7 3119 1582
7 3120 1581
7 3121 2620
7 3122 1582
7 3123 9903
7 3124 2620
7 3125 9903
7 3126 1581
7 3127 2620
7 3128 1584
7 3129 1583
7 3130 2621
7 3131 1583
7 3132 1584
7 3133 9957
7 3134 1583
7 3135 1584
7 3136 9962
7 3137 1583
7 3138 2622
7 3139 9956
7 3140 2621
7 3141 1584
7 3142 9962
7 3143 1582
7 3144 1580
7 3145 2617
7 3146 1581
7 3147 9902
7 3148 2617
7 3149 9902
7 3150 1581
7 3151 2620
7 3152 1582
7 3153 1581
7 3154 2621
7 3155 1581
7 3156 1582
7 3157 9931
7 3158 1582
7 3159 1582
7 3160 9933
7 3161 1582
7 3162 2618
7 3163 9929
7 3164 2621
7 3165 1583
7 3166 9933
7 3167 1581
7 3168 1579
7 3169 2618
7 3170 1582
7 3171 1581
7 3172 2621
7 3173 1581
7 3174 1579
7 3175 2618
7 3176 1581
7 3177 1580
7 3178 2618
7 3179 1580
7 3180 1581
7 3181 1582
7 3182 1581
7 3183 1582
7 3184 1580
7 3185 1580
7 3186 2620
7 3187 1582
7 3188 2621
7 3189 1582
7 3190 1580
7 3191 1580
7 3192 1583
7 3193 9931
7 3194 1583
7 3195 1584
7 3196 9958
7 3197 1584
7 3198 1583
7 3199 9931
7 3200 1583
7 3201 1583
7 3202 9957
7 3203 1584
7 3204 1581
7 3205 1582
7 3206 1581
7 3207 1582
7 3208 1581
7 3209 1581
7 3210 9932
7 3211 1583
7 3212 9933
7 3213 1583
7 3214 1582
7 3215 1582
7 3216 2621
7 3217 9930
7 3218 2621
7 3219 1584
7 3220 9958
7 3221 1583
7 3222 2621
7 3223 9930
7 3224 2621
7 3225 1584
7 3226 9957
7 3227 1583
7 3228 2621
7 3229 1584
7 3230 2619
7 3231 1584
7 3232 1582
7 3233 1582
7 3234 9932
7 3235 1583
7 3236 9933
7 3237 1583
7 3238 1581
7 3239 1581
7 3240 1579
7 3241 2620
7 3242 1582
7 3243 3879
7 3244 2622
7 3245 3879
7 3246 1580
7 3247 2621
7 3248 1583
7 3249 1582
7 3250 2623
7 3251 1582
7 3252 1582
7 3253 3907
7 3254 1582
7 3255 1583
7 3256 3909
7 3257 1581
7 3258 2622
7 3259 3911
7 3260 2622
7 3261 1583
7 3262 3908
7 3263 1581
7 3264 1580
7 3265 2621
7 3266 1582
7 3267 3879
7 3268 2622
7 3269 3879
7 3270 1579
7 3271 2620
7 3272 1581
7 3273 1580
7 3274 2621
7 3275 1580
7 3276 1583
7 3277 3909
7 3278 1583
7 3279 1583
7 3280 3908
7 3281 1582
7 3282 2623
7 3283 3909
7 3284 2623
7 3285 1583
7 3286 3908
7 3287 1582
7 3288 1579
7 3289 2620
7 3290 1582
7 3291 1581
7 3292 2622
7 3293 1581
7 3294 1578
7 3295 2588
7 3296 1580
7 3297 1579
7 3298 2589
7 3299 1579
7 3300 1580
7 3301 1581
7 3302 1580
7 3303 1581
7 3304 1579
7 3305 1579
7 3306 2619
7 3307 1582
7 3308 2614
7 3309 1581
7 3310 1579
7 3311 1579
7 3312 1580
7 3313 3881
7 3314 1580
7 3315 1582
7 3316 3906
7 3317 1581
7 3318 1580
7 3319 3881
7 3320 1580
7 3321 1581
7 3322 3910
7 3323 1582
7 3324 1580
7 3325 1582
7 3326 1580
7 3327 1581
7 3328 1581
7 3329 1581
7 3330 3877
7 3331 1579
7 3332 3880
7 3333 1579
7 3334 1579
7 3335 1579
7 3336 2619
7 3337 3882
7 3338 2619
7 3339 1583
7 3340 3910
7 3341 1582
7 3342 2619
7 3343 3882
7 3344 2619
7 3345 1582
7 3346 3911
7 3347 1583
7 3348 2619
7 3349 1583
7 3350 2615
7 3351 1582
7 3352 1581
7 3353 1581
7 3354 3878
7 3355 1579
7 3356 3880
7 3357 1579
7 3358 1579
7 3359 1579
7 3360 1579
7 3361 9901
7 3362 1580
7 3363 3879
7 3364 9927
7 3365 3847
7 3366 1580
7 3367 9904
7 3368 1581
7 3369 1582
7 3370 9957
7 3371 1583
7 3372 1581
7 3373 3907
7 3374 1580
7 3375 1582
7 3376 3909
7 3377 1582
7 3378 9903
7 3379 3871
7 3380 9931
7 3381 1581
7 3382 3873
7 3383 1581
7 3384 1580
7 3385 9904
7 3386 1580
7 3387 3880
7 3388 9930
7 3389 3846
7 3390 1581
7 3391 9904
7 3392 1579
7 3393 1580
7 3394 9931
7 3395 1582
7 3396 1581
7 3397 3906
7 3398 1581
7 3399 1581
7 3400 3908
7 3401 1583
7 3402 9957
7 3403 3875
7 3404 9957
7 3405 1581
7 3406 3900
7 3407 1582
7 3408 1581
7 3409 9904
7 3410 1581
7 3411 1583
7 3412 9957
7 3413 1583
7 3414 1580
7 3415 9904
7 3416 1581
7 3417 1581
7 3418 9931
7 3419 1582
7 3420 1579
7 3421 1581
7 3422 1579
7 3423 1580
7 3424 1580
7 3425 1580
7 3426 9931
7 3427 1583
7 3428 9931
7 3429 1583
7 3430 1581
7 3431 1581
7 3432 1579
7 3433 3879
7 3434 1580
7 3435 1582
7 3436 3908
7 3437 1581
7 3438 1580
7 3439 3879
7 3440 1579
7 3441 1580
7 3442 3908
7 3443 1582
7 3444 1579
7 3445 1581
7 3446 1579
7 3447 1580
7 3448 1580
7 3449 1580
7 3450 3879
7 3451 1580
7 3452 3881
7 3453 1580
7 3454 1580
7 3455 1580
7 3456 9876
7 3457 3842
7 3458 9904
7 3459 1580
7 3460 3869
7 3461 1579
7 3462 9904
7 3463 3842
7 3464 9904
7 3465 1578
7 3466 3869
7 3467 1580
7 3468 9904
7 3469 1580
7 3470 9904
7 3471 1580
7 3472 1578
7 3473 1578
7 3474 3841
7 3475 1579
7 3476 3870
7 3477 1578
7 3478 1578
7 3479 1578
7 3480 2616
7 3481 9903
7 3482 2617
7 3483 3877
7 3484 9929
7 3485 3848
7 3486 2617
7 3487 9904
7 3488 2620
7 3489 1583
7 3490 9958
7 3491 1584
7 3492 2620
7 3493 3904
7 3494 2617
7 3495 1583
7 3496 3909
7 3497 1583
7 3498 9925
7 3499 3875
7 3500 9932
7 3501 1582
7 3502 3875
7 3503 1582
7 3504 2617
7 3505 9904
7 3506 2617
7 3507 3879
7 3508 9930
7 3509 3848
7 3510 2618
7 3511 9904
7 3512 2618
7 3513 1581
7 3514 9932
7 3515 1583
7 3516 2620
7 3517 3905
7 3518 2620
7 3519 1582
7 3520 3906
7 3521 1584
7 3522 9958
7 3523 3876
7 3524 9958
7 3525 1583
7 3526 3903
7 3527 1583
7 3528 2618
7 3529 9904
7 3530 2620
7 3531 1584
7 3532 9958
7 3533 1584
7 3534 2617
7 3535 9904
7 3536 2620
7 3537 1582
7 3538 9932
7 3539 1583
7 3540 2616
7 3541 1583
7 3542 2617
7 3543 1582
7 3544 1581
7 3545 1581
7 3546 9931
7 3547 1583
7 3548 9931
7 3549 1583
7 3550 1582
7 3551 1582
7 3552 2618
7 3553 3881
7 3554 2619
7 3555 1584
7 3556 3907
7 3557 1583
7 3558 2619
7 3559 3881
7 3560 2618
7 3561 1582
7 3562 3910
7 3563 1584
7 3564 2618
7 3565 1583
7 3566 2612
7 3567 1582
7 3568 1582
7 3569 1582
7 3570 3878
7 3571 1580
7 3572 3881
7 3573 1580
7 3574 1580
7 3575 1580
7 3576 9896
7 3577 3844
7 3578 9904
7 3579 1580
7 3580 3871
7 3581 1579
7 3582 9904
7 3583 3844
7 3584 9904
7 3585 1579
7 3586 3871
7 3587 1580
7 3588 9904
7 3589 1580
7 3590 9904
7 3591 1580
7 3592 1579
7 3593 1579
7 3594 3844
7 3595 1580
7 3596 3871
7 3597 1579
7 3598 1579
7 3599 1579
7 3600 1579
7 3601 8052
7 3602 1580
7 3603 9898
7 3604 8020
7 3605 9880
7 3606 1580
7 3607 8053
7 3608 1581
7 3609 3880
7 3610 8053
7 3611 3879
7 3612 1581
7 3613 9925
7 3614 1580
7 3615 3880
7 3616 9930
7 3617 3848
7 3618 8018
7 3619 9906
7 3620 8018
7 3621 3845
7 3622 9910
7 3623 3845
7 3624 1580
7 3625 8053
7 3626 1580
7 3627 9900
7 3628 8021
7 3629 9880
7 3630 1582
7 3631 8054
7 3632 1581
7 3633 1582
7 3634 8054
7 3635 1583
7 3636 1582
7 3637 9951
7 3638 1582
7 3639 1582
7 3640 9958
7 3641 1584
7 3642 8023
7 3643 9931
7 3644 8050
7 3645 1583
7 3646 9962
7 3647 1583
7 3648 1582
7 3649 8052
7 3650 1582
7 3651 3907
7 3652 8052
7 3653 3906
7 3654 1580
7 3655 8050
7 3656 1582
7 3657 1582
7 3658 8051
7 3659 1583
7 3660 1581
7 3661 3909
7 3662 1581
7 3663 1582
7 3664 3910
7 3665 1582
7 3666 8052
7 3667 3910
7 3668 8053
7 3669 1584
7 3670 3909
7 3671 1583
7 3672 1581
7 3673 9930
7 3674 1582
7 3675 3909
7 3676 9950
7 3677 3877
7 3678 1582
7 3679 9932
7 3680 1581
7 3681 1582
7 3682 9962
7 3683 1584
7 3684 1581
7 3685 3907
7 3686 1580
7 3687 1582
7 3688 3910
7 3689 1582
7 3690 9929
7 3691 3875
7 3692 9936
7 3693 1582
7 3694 3875
7 3695 1582
7 3696 8015
7 3697 9904
7 3698 8014
7 3699 3872
7 3700 9930
7 3701 3872
7 3702 8015
7 3703 9904
7 3704 8042
7 3705 1581
7 3706 9934
7 3707 1582
7 3708 8042
7 3709 3872
7 3710 8015
7 3711 1582
7 3712 3872
7 3713 1581
7 3714 9909
7 3715 3872
7 3716 9936
7 3717 1581
7 3718 3872
7 3719 1581
7 3720 1580
7 3721 8053
7 3722 1580
7 3723 9900
7 3724 8021
7 3725 9880
7 3726 1580
7 3727 8053
7 3728 1581
7 3729 3880
7 3730 8053
7 3731 3879
7 3732 1581
7 3733 9926
7 3734 1580
7 3735 3880
7 3736 9930
7 3737 3848
7 3738 8018
7 3739 9906
7 3740 8018
7 3741 3845
7 3742 9910
7 3743 3845
7 3744 1581
7 3745 8054
7 3746 1581
7 3747 9900
7 3748 8021
7 3749 9880
7 3750 1581
7 3751 8053
7 3752 1579
7 3753 1580
7 3754 8052
7 3755 1582
7 3756 1583
7 3757 9931
7 3758 1581
7 3759 1581
7 3760 9935
7 3761 1583
7 3762 8021
7 3763 9906
7 3764 8050
7 3765 1582
7 3766 9936
7 3767 1582
7 3768 1582
7 3769 8050
7 3770 1583
7 3771 3908
7 3772 8052
7 3773 3906
7 3774 1582
7 3775 8053
7 3776 1581
7 3777 1581
7 3778 8053
7 3779 1582
7 3780 1582
7 3781 3907
7 3782 1582
7 3783 1582
7 3784 3909
7 3785 1583
7 3786 8052
7 3787 3908
7 3788 8055
7 3789 1584
7 3790 3909
7 3791 1584
7 3792 1583
7 3793 9958
7 3794 1582
7 3795 3909
7 3796 9962
7 3797 3877
7 3798 1584
7 3799 9958
7 3800 1582
7 3801 1582
7 3802 9962
7 3803 1584
7 3804 1583
7 3805 3909
7 3806 1581
7 3807 1581
7 3808 3909
7 3809 1583
7 3810 9966
7 3811 3877
7 3812 9966
7 3813 1583
7 3814 3904
7 3815 1583
7 3816 8016
7 3817 9932
7 3818 8016
7 3819 3874
7 3820 9936
7 3821 3874
7 3822 8019
7 3823 9932
7 3824 8047
7 3825 1581
7 3826 9961
7 3827 1582
7 3828 8046
7 3829 3902
7 3830 8045
7 3831 1582
7 3832 3903
7 3833 1582
7 3834 9966
7 3835 3877
7 3836 9966
7 3837 1582
7 3838 3903
7 3839 1582
7 3840 1581
7 3841 8054
7 3842 1581
7 3843 9900
7 3844 8021
7 3845 9880
7 3846 1582
7 3847 8054
7 3848 1583
7 3849 1583
7 3850 8056
7 3851 1584
7 3852 1583
7 3853 9950
7 3854 1582
7 3855 1583
7 3856 9964
7 3857 1584
7 3858 8023
7 3859 9932
7 3860 8050
7 3861 1583
7 3862 9963
7 3863 1583
7 3864 1580
7 3865 8053
7 3866 1580
7 3867 9900
7 3868 8020
7 3869 9880
7 3870 1582
7 3871 8054
7 3872 1581
7 3873 1581
7 3874 8054
7 3875 1582
7 3876 1582
7 3877 9932
7 3878 1581
7 3879 1581
7 3880 9936
7 3881 1583
7 3882 8021
7 3883 9906
7 3884 8050
7 3885 1582
7 3886 9936
7 3887 1582
7 3888 1581
7 3889 8051
7 3890 1582
7 3891 1583
7 3892 8053
7 3893 1583
7 3894 1581
7 3895 8051
7 3896 1582
7 3897 1582
7 3898 8050
7 3899 1582
7 3900 1579
7 3901 1581
7 3902 1579
7 3903 1580
7 3904 1580
7 3905 1580
7 3906 8051
7 3907 1583
7 3908 8052
7 3909 1583
7 3910 1582
7 3911 1582
7 3912 1582
7 3913 9929
7 3914 1583
7 3915 1584
7 3916 9954
7 3917 1584
7 3918 1583
7 3919 9931
7 3920 1582
7 3921 1582
7 3922 9957
7 3923 1584
7 3924 1581
7 3925 1582
7 3926 1581
7 3927 1582
7 3928 1581
7 3929 1581
7 3930 9928
7 3931 1584
7 3932 9935
7 3933 1584
7 3934 1583
7 3935 1583
7 3936 8018
7 3937 9906
7 3938 8046
7 3939 1583
7 3940 9959
7 3941 1583
7 3942 8018
7 3943 9906
7 3944 8048
7 3945 1583
7 3946 9958
7 3947 1583
7 3948 8050
7 3949 1584
7 3950 8048
7 3951 1584
7 3952 1581
7 3953 1581
7 3954 9929
7 3955 1584
7 3956 9935
7 3957 1584
7 3958 1582
7 3959 1582
7 3960 1581
7 3961 8051
7 3962 1583
7 3963 3880
7 3964 8052
7 3965 3879
7 3966 1582
7 3967 8049
7 3968 1584
7 3969 1584
7 3970 8049
7 3971 1584
7 3972 1582
7 3973 3908
7 3974 1583
7 3975 1584
7 3976 3910
7 3977 1583
7 3978 8053
7 3979 3910
7 3980 8052
7 3981 1584
7 3982 3908
7 3983 1583
7 3984 1582
7 3985 8051
7 3986 1582
7 3987 3879
7 3988 8051
7 3989 3878
7 3990 1581
7 3991 8048
7 3992 1582
7 3993 1582
7 3994 8050
7 3995 1582
7 3996 1583
7 3997 3908
7 3998 1582
7 3999 1582
7 4000 3908
7 4001 1584
7 4002 8053
7 4003 3907
7 4004 8053
7 4005 1584
7 4006 3908
7 4007 1583
7 4008 1581
7 4009 8046
7 4010 1583
7 4011 1583
7 4012 8049
7 4013 1583
7 4014 1580
7 4015 8017
7 4016 1581
7 4017 1581
7 4018 8018
7 4019 1581
7 4020 1581
7 4021 1582
7 4022 1581
7 4023 1582
7 4024 1581
7 4025 1581
7 4026 8049
7 4027 1583
7 4028 8049
7 4029 1582
7 4030 1581
7 4031 1581
7 4032 1579
7 4033 3879
7 4034 1580
7 4035 1582
7 4036 3908
7 4037 1581
7 4038 1580
7 4039 3879
7 4040 1579
7 4041 1580
7 4042 3908
7 4043 1582
7 4044 1579
7 4045 1581
7 4046 1579
7 4047 1580
7 4048 1580
7 4049 1580
7 4050 3880
7 4051 1580
7 4052 3881
7 4053 1580
7 4054 1580
7 4055 1580
7 4056 8048
7 4057 3881
7 4058 8048
7 4059 1584
7 4060 3909
7 4061 1583
7 4062 8048
7 4063 3881
7 4064 8050
7 4065 1583
7 4066 3909
7 4067 1583
7 4068 8050
7 4069 1584
7 4070 8048
7 4071 1583
7 4072 1582
7 4073 1582
7 4074 3879
7 4075 1580
7 4076 3881
7 4077 1580
7 4078 1580
7 4079 1580
7 4080 1579
7 4081 9902
7 4082 1580
7 4083 3879
7 4084 9928
7 4085 3847
7 4086 1580
7 4087 9904
7 4088 1581
7 4089 1582
7 4090 9957
7 4091 1583
7 4092 1581
7 4093 3907
7 4094 1580
7 4095 1582
7 4096 3910
7 4097 1582
7 4098 9923
7 4099 3874
7 4100 9931
7 4101 1581
7 4102 3874
7 4103 1581
7 4104 1580
7 4105 9904
7 4106 1580
7 4107 3880
7 4108 9930
7 4109 3847
7 4110 1581
7 4111 9904
7 4112 1579
7 4113 1580
7 4114 9931
7 4115 1582
7 4116 1581
7 4117 3906
7 4118 1581
7 4119 1581
7 4120 3908
7 4121 1583
7 4122 9957
7 4123 3876
7 4124 9957
7 4125 1582
7 4126 3903
7 4127 1582
7 4128 1581
7 4129 9904
7 4130 1581
7 4131 1583
7 4132 9955
7 4133 1583
7 4134 1580
7 4135 9903
7 4136 1581
7 4137 1581
7 4138 9930
7 4139 1582
7 4140 1579
7 4141 1581
7 4142 1579
7 4143 1580
7 4144 1580
7 4145 1580
7 4146 9929
7 4147 1583
7 4148 9930
7 4149 1583
7 4150 1582
7 4151 1582
7 4152 1579
7 4153 3879
7 4154 1580
7 4155 1582
7 4156 3909
7 4157 1581
7 4158 1580
7 4159 3879
7 4160 1579
7 4161 1580
7 4162 3908
7 4163 1582
7 4164 1579
7 4165 1581
7 4166 1578
7 4167 1579
7 4168 1579
7 4169 1579
7 4170 3880
7 4171 1579
7 4172 3880
7 4173 1579
7 4174 1579
7 4175 1579
7 4176 9896
7 4177 3844
7 4178 9904
7 4179 1580
7 4180 3871
7 4181 1579
7 4182 9904
7 4183 3844
7 4184 9904
7 4185 1579
7 4186 3871
7 4187 1580
7 4188 9904
7 4189 1580
7 4190 9904
7 4191 1580
7 4192 1579
7 4193 1579
7 4194 3844
7 4195 1580
7 4196 3871
7 4197 1579
7 4198 1579
7 4199 1579
7 4200 7981
7 4201 9877
7 4202 7980
7 4203 3842
7 4204 9904
7 4205 3842
7 4206 7981
7 4207 9877
7 4208 8009
7 4209 1580
7 4210 9929
7 4211 1581
7 4212 8009
7 4213 3869
7 4214 7980
7 4215 1581
7 4216 3870
7 4217 1580
7 4218 9903
7 4219 3871
7 4220 9931
7 4221 1580
7 4222 3869
7 4223 1579
7 4224 7981
7 4225 9879
7 4226 7980
7 4227 3842
7 4228 9905
7 4229 3842
7 4230 7984
7 4231 9879
7 4232 8011
7 4233 1578
7 4234 9930
7 4235 1580
7 4236 8009
7 4237 3870
7 4238 8010
7 4239 1580
7 4240 3870
7 4241 1581
7 4242 9957
7 4243 3871
7 4244 9957
7 4245 1581
7 4246 3898
7 4247 1580
7 4248 7984
7 4249 9879
7 4250 8010
7 4251 1582
7 4252 9929
7 4253 1581
7 4254 7981
7 4255 9879
7 4256 8011
7 4257 1580
7 4258 9931
7 4259 1580
7 4260 8012
7 4261 1581
7 4262 8012
7 4263 1581
7 4264 1578
7 4265 1578
7 4266 9903
7 4267 1582
7 4268 9930
7 4269 1581
7 4270 1580
7 4271 1580
7 4272 8013
7 4273 3873
7 4274 8011
7 4275 1583
7 4276 3871
7 4277 1582
7 4278 8013
7 4279 3872
7 4280 8011
7 4281 1581
7 4282 3899
7 4283 1581
7 4284 8009
7 4285 1582
7 4286 7981
7 4287 1580
7 4288 1580
7 4289 1580
7 4290 3841
7 4291 1579
7 4292 3870
7 4293 1578
7 4294 1578
7 4295 1578
7 4296 9876
7 4297 3842
7 4298 9904
7 4299 1580
7 4300 3869
7 4301 1579
7 4302 9904
7 4303 3842
7 4304 9904
7 4305 1578
7 4306 3869
7 4307 1580
7 4308 9904
7 4309 1580
7 4310 9904
7 4311 1580
7 4312 1578
7 4313 1578
7 4314 3841
7 4315 1579
7 4316 3870
7 4317 1578
7 4318 1578
7 4319 1578
7 4320 2588
7 4321 8017
7 4322 2590
7 4323 9875
7 4324 8017
7 4325 9877
7 4326 2590
7 4327 8017
7 4328 2617
7 4329 3842
7 4330 8017
7 4331 3875
7 4332 2617
7 4333 9902
7 4334 2590
7 4335 3875
7 4336 9906
7 4337 3844
7 4338 8018
7 4339 9903
7 4340 8016
7 4341 3844
7 4342 9906
7 4343 3842
7 4344 2590
7 4345 8018
7 4346 2590
7 4347 9877
7 4348 8018
7 4349 9877
7 4350 2594
7 4351 8046
7 4352 2621
7 4353 1580
7 4354 8046
7 4355 1581
7 4356 2620
7 4357 9929
7 4358 2621
7 4359 1581
7 4360 9934
7 4361 1582
7 4362 8020
7 4363 9931
7 4364 8047
7 4365 1582
7 4366 9959
7 4367 1581
7 4368 2594
7 4369 8046
7 4370 2619
7 4371 3899
7 4372 8048
7 4373 3902
7 4374 2590
7 4375 8017
7 4376 2620
7 4377 1581
7 4378 8019
7 4379 1581
7 4380 2619
7 4381 3872
7 4382 2618
7 4383 1582
7 4384 3870
7 4385 1580
7 4386 8049
7 4387 3906
7 4388 8049
7 4389 1582
7 4390 3905
7 4391 1581
7 4392 2619
7 4393 9927
7 4394 2620
7 4395 3905
7 4396 9928
7 4397 3873
7 4398 2618
7 4399 9929
7 4400 2618
7 4401 1582
7 4402 9958
7 4403 1582
7 4404 2621
7 4405 3903
7 4406 2590
7 4407 1581
7 4408 3905
7 4409 1581
7 4410 9906
7 4411 3871
7 4412 9934
7 4413 1580
7 4414 3871
7 4415 1580
7 4416 8015
7 4417 9904
7 4418 8014
7 4419 3872
7 4420 9930
7 4421 3872
7 4422 8015
7 4423 9904
7 4424 8042
7 4425 1580
7 4426 9932
7 4427 1582
7 4428 8042
7 4429 3872
7 4430 8013
7 4431 1582
7 4432 3871
7 4433 1580
7 4434 9906
7 4435 3871
7 4436 9934
7 4437 1580
7 4438 3869
7 4439 1579
7 4440 2590
7 4441 8018
7 4442 2590
7 4443 9877
7 4444 8018
7 4445 9877
7 4446 2590
7 4447 8017
7 4448 2617
7 4449 3842
7 4450 8017
7 4451 3875
7 4452 2617
7 4453 9903
7 4454 2590
7 4455 3875
7 4456 9906
7 4457 3844
7 4458 8018
7 4459 9903
7 4460 8016
7 4461 3844
7 4462 9906
7 4463 3842
7 4464 2591
7 4465 8021
7 4466 2591
7 4467 9877
7 4468 8021
7 4469 9877
7 4470 2593
7 4471 8048
7 4472 2618
7 4473 1578
7 4474 8047
7 4475 1580
7 4476 2621
7 4477 9930
7 4478 2621
7 4479 1580
7 4480 9933
7 4481 1581
7 4482 8021
7 4483 9906
7 4484 8049
7 4485 1581
7 4486 9934
7 4487 1580
7 4488 2594
7 4489 8046
7 4490 2621
7 4491 3900
7 4492 8050
7 4493 3904
7 4494 2594
7 4495 8047
7 4496 2621
7 4497 1580
7 4498 8047
7 4499 1580
7 4500 2622
7 4501 3871
7 4502 2621
7 4503 1582
7 4504 3870
7 4505 1581
7 4506 8050
7 4507 3906
7 4508 8052
7 4509 1582
7 4510 3905
7 4511 1582
7 4512 2621
7 4513 9956
7 4514 2620
7 4515 3905
7 4516 9958
7 4517 3874
7 4518 2622
7 4519 9956
7 4520 2622
7 4521 1582
7 4522 9959
7 4523 1582
7 4524 2623
7 4525 3906
7 4526 2621
7 4527 1580
7 4528 3905
7 4529 1582
7 4530 9964
7 4531 3873
7 4532 9964
7 4533 1581
7 4534 3900
7 4535 1581
7 4536 8016
7 4537 9932
7 4538 8014
7 4539 3874
7 4540 9934
7 4541 3872
7 4542 8019
7 4543 9932
7 4544 8047
7 4545 1581
7 4546 9959
7 4547 1582
7 4548 8046
7 4549 3902
7 4550 8043
7 4551 1582
7 4552 3902
7 4553 1581
7 4554 9964
7 4555 3876
7 4556 9964
7 4557 1581
7 4558 3900
7 4559 1580
7 4560 2591
7 4561 8021
7 4562 2591
7 4563 9877
7 4564 8021
7 4565 9877
7 4566 2594
7 4567 8047
7 4568 2623
7 4569 1582
7 4570 8048
7 4571 1582
7 4572 2621
7 4573 9928
7 4574 2622
7 4575 1582
7 4576 9961
7 4577 1582
7 4578 8023
7 4579 9932
7 4580 8048
7 4581 1582
7 4582 9961
7 4583 1581
7 4584 2590
7 4585 8018
7 4586 2590
7 4587 9877
7 4588 8017
7 4589 9877
7 4590 2594
7 4591 8048
7 4592 2621
7 4593 1580
7 4594 8049
7 4595 1580
7 4596 2620
7 4597 9930
7 4598 2621
7 4599 1580
7 4600 9934
7 4601 1581
7 4602 8018
7 4603 9906
7 4604 8048
7 4605 1581
7 4606 9934
7 4607 1580
7 4608 2593
7 4609 8049
7 4610 2622
7 4611 1582
7 4612 8050
7 4613 1582
7 4614 2593
7 4615 8049
7 4616 2622
7 4617 1581
7 4618 8048
7 4619 1581
7 4620 2618
7 4621 1581
7 4622 2618
7 4623 1581
7 4624 1578
7 4625 1578
7 4626 8050
7 4627 1583
7 4628 8051
7 4629 1583
7 4630 1580
7 4631 1580
7 4632 2620
7 4633 9927
7 4634 2622
7 4635 1584
7 4636 9931
7 4637 1584
7 4638 2621
7 4639 9930
7 4640 2622
7 4641 1582
7 4642 9958
7 4643 1583
7 4644 2621
7 4645 1582
7 4646 2620
7 4647 1582
7 4648 1580
7 4649 1580
7 4650 9904
7 4651 1583
7 4652 9933
7 4653 1582
7 4654 1581
7 4655 1581
7 4656 8018
7 4657 9906
7 4658 8044
7 4659 1583
7 4660 9958
7 4661 1582
7 4662 8018
7 4663 9906
7 4664 8045
7 4665 1583
7 4666 9958
7 4667 1582
7 4668 8049
7 4669 1584
7 4670 8046
7 4671 1584
7 4672 1581
7 4673 1581
7 4674 9929
7 4675 1583
7 4676 9934
7 4677 1583
7 4678 1580
7 4679 1580
7 4680 2593
7 4681 8050
7 4682 2621
7 4683 3877
7 4684 8052
7 4685 3878
7 4686 2594
7 4687 8048
7 4688 2624
7 4689 1583
7 4690 8048
7 4691 1583
7 4692 2622
7 4693 3872
7 4694 2621
7 4695 1584
7 4696 3904
7 4697 1582
7 4698 8052
7 4699 3907
7 4700 8052
7 4701 1584
7 4702 3906
7 4703 1582
7 4704 2594
7 4705 8050
7 4706 2619
7 4707 3877
7 4708 8051
7 4709 3876
7 4710 2593
7 4711 8048
7 4712 2622
7 4713 1581
7 4714 8050
7 4715 1581
7 4716 2621
7 4717 3901
7 4718 2620
7 4719 1582
7 4720 3904
7 4721 1583
7 4722 8053
7 4723 3906
7 4724 8052
7 4725 1583
7 4726 3905
7 4727 1582
7 4728 2593
7 4729 8046
7 4730 2623
7 4731 1582
7 4732 8049
7 4733 1582
7 4734 2590
7 4735 8017
7 4736 2619
7 4737 1580
7 4738 8018
7 4739 1580
7 4740 2621
7 4741 1582
7 4742 2620
7 4743 1582
7 4744 1580
7 4745 1580
7 4746 8049
7 4747 1583
7 4748 8049
7 4749 1582
7 4750 1580
7 4751 1580
7 4752 2618
7 4753 3876
7 4754 2619
7 4755 1583
7 4756 3872
7 4757 1582
7 4758 2619
7 4759 3876
7 4760 2616
7 4761 1581
7 4762 3902
7 4763 1582
7 4764 2618
7 4765 1582
7 4766 2615
7 4767 1581
7 4768 1581
7 4769 1581
7 4770 3841
7 4771 1579
7 4772 3870
7 4773 1578
7 4774 1578
7 4775 1578
7 4776 8047
7 4777 3879
7 4778 8048
7 4779 1584
7 4780 3907
7 4781 1583
7 4782 8048
7 4783 3879
7 4784 8049
7 4785 1582
7 4786 3907
7 4787 1583
7 4788 8049
7 4789 1584
7 4790 8047
7 4791 1583
7 4792 1581
7 4793 1581
7 4794 3877
7 4795 1580
7 4796 3881
7 4797 1580
7 4798 1580
7 4799 1580
7 4800 2616
7 4801 9901
7 4802 2617
7 4803 3877
7 4804 9927
7 4805 3848
7 4806 2617
7 4807 9904
7 4808 2620
7 4809 1583
7 4810 9958
7 4811 1584
7 4812 2620
7 4813 3904
7 4814 2617
7 4815 1583
7 4816 3908
7 4817 1583
7 4818 9902
7 4819 3872
7 4820 9932
7 4821 1582
7 4822 3874
7 4823 1582
7 4824 2617
7 4825 9904
7 4826 2617
7 4827 3879
7 4828 9930
7 4829 3846
7 4830 2618
7 4831 9904
7 4832 2618
7 4833 1581
7 4834 9932
7 4835 1583
7 4836 2620
7 4837 3904
7 4838 2620
7 4839 1582
7 4840 3906
7 4841 1584
7 4842 9958
7 4843 3875
7 4844 9958
7 4845 1582
7 4846 3900
7 4847 1583
7 4848 2618
7 4849 9904
7 4850 2618
7 4851 1584
7 4852 9956
7 4853 1583
7 4854 2615
7 4855 9903
7 4856 2618
7 4857 1582
7 4858 9931
7 4859 1582
7 4860 2616
7 4861 1582
7 4862 2616
7 4863 1581
7 4864 1581
7 4865 1581
7 4866 9930
7 4867 1583
7 4868 9931
7 4869 1583
7 4870 1581
7 4871 1581
7 4872 2618
7 4873 3880
7 4874 2619
7 4875 1583
7 4876 3906
7 4877 1582
7 4878 2619
7 4879 3880
7 4880 2618
7 4881 1581
7 4882 3909
7 4883 1583
7 4884 2618
7 4885 1582
7 4886 2588
7 4887 1580
7 4888 1580
7 4889 1580
7 4890 3877
7 4891 1580
7 4892 3881
7 4893 1580
7 4894 1580
7 4895 1580
7 4896 9875
7 4897 3842
7 4898 9904
7 4899 1580
7 4900 3869
7 4901 1579
7 4902 9904
7 4903 3842
7 4904 9904
7 4905 1578
7 4906 3869
7 4907 1580
7 4908 9904
7 4909 1580
7 4910 9904
7 4911 1580
7 4912 1578
7 4913 1578
7 4914 3841
7 4915 1579
7 4916 3870
7 4917 1578
7 4918 1578
7 4919 1578
7 4920 7981
7 4921 9877
7 4922 7980
7 4923 3842
7 4924 9904
7 4925 3842
7 4926 7981
7 4927 9877
7 4928 8009
7 4929 1580
7 4930 9929
7 4931 1581
7 4932 8009
7 4933 3869
7 4934 7980
7 4935 1581
7 4936 3870
7 4937 1580
7 4938 9903
7 4939 3871
7 4940 9931
7 4941 1580
7 4942 3869
7 4943 1579
7 4944 7981
7 4945 9879
7 4946 7980
7 4947 3842
7 4948 9905
7 4949 3842
7 4950 7984
7 4951 9879
7 4952 8011
7 4953 1578
7 4954 9930
7 4955 1580
7 4956 8009
7 4957 3870
7 4958 8010
7 4959 1580
7 4960 3870
7 4961 1581
7 4962 9957
7 4963 3871
7 4964 9957
7 4965 1581
7 4966 3898
7 4967 1580
7 4968 7984
7 4969 9879
7 4970 8010
7 4971 1582
7 4972 9929
7 4973 1581
7 4974 7981
7 4975 9879
7 4976 8011
7 4977 1580
7 4978 9931
7 4979 1580
7 4980 8012
7 4981 1581
7 4982 8012
7 4983 1581
7 4984 1578
7 4985 1578
7 4986 9903
7 4987 1582
7 4988 9930
7 4989 1581
7 4990 1580
7 4991 1580
7 4992 8013
7 4993 3873
7 4994 8011
7 4995 1583
7 4996 3871
7 4997 1582
7 4998 8013
7 4999 3872
7 5000 8011
7 5001 1581
7 5002 3899
7 5003 1581
7 5004 8009
7 5005 1582
7 5006 7981
7 5007 1580
7 5008 1580
7 5009 1580
7 5010 3841
7 5011 1579
7 5012 3870
7 5013 1578
7 5014 1578
7 5015 1578
7 5016 9876
7 5017 3842
7 5018 9904
7 5019 1580
7 5020 3869
7 5021 1579
7 5022 9904
7 5023 3842
7 5024 9904
7 5025 1578
7 5026 3869
7 5027 1580
7 5028 9904
7 5029 1580
7 5030 9904
7 5031 1580
7 5032 1578
7 5033 1578
7 5034 3841
7 5035 1579
7 5036 3870
7 5037 1578
7 5038 1578
7 5039 1578
