3 0 362844
3 1 362880
3 2 362880
3 3 362878
3 4 362451
3 5 362844
4 0 337998
4 1 344004
4 2 337528
4 3 362808
4 4 344004
4 5 362808
4 6 329148
4 7 357358
4 8 334638
4 9 356016
4 10 357400
4 11 358934
4 12 307968
4 13 341567
4 14 306786
4 15 344004
4 16 338024
4 17 344004
4 18 291019
4 19 334638
4 20 292483
4 21 337528
4 22 329148
4 23 337998
5 0 177675
5 1 177675
5 2 177536
5 3 213633
5 4 179787
5 5 208440
5 6 177263
5 7 177263
5 8 181022
5 9 331992
5 10 181022
5 11 331992
5 12 181074
5 13 212526
5 14 177185
5 15 331992
5 16 209791
5 17 331992
5 18 180305
5 19 212547
5 20 181306
5 21 331992
5 22 209791
5 23 331992
5 24 206730
5 25 206730
5 26 206710
5 27 313572
5 28 207230
5 29 311772
5 30 210846
5 31 210846
5 32 211072
5 33 250692
5 34 216190
5 35 263034
5 36 213398
5 37 320844
5 38 213856
5 39 266578
5 40 311784
5 41 270620
5 42 213620
5 43 320838
5 44 216424
5 45 267104
5 46 313596
5 47 272432
5 48 142785
5 49 189362
5 50 145145
5 51 243604
5 52 189888
5 53 241054
5 54 142505
5 55 189125
5 56 145916
5 57 209791
5 58 189592
5 59 209791
5 60 145308
5 61 236992
5 62 144985
5 63 212547
5 64 229830
5 65 208440
5 66 189685
5 67 241902
5 68 189875
5 69 212526
5 70 234763
5 71 213633
5 72 102075
5 73 148344
5 74 102676
5 75 216424
5 76 145938
5 77 216190
5 78 102678
5 79 145653
5 80 101913
5 81 181306
5 82 145921
5 83 181022
5 84 101994
5 85 213620
5 86 101072
5 87 180305
5 88 207230
5 89 179787
5 90 142505
5 91 210846
5 92 142785
5 93 177263
5 94 206730
5 95 177675
5 96 101072
5 97 144985
5 98 101913
5 99 213856
5 100 145916
5 101 211072
5 102 101994
5 103 145308
5 104 102676
5 105 177185
5 106 145145
5 107 181022
5 108 102678
5 109 213398
5 110 102075
5 111 181074
5 112 206710
5 113 177536
5 114 142505
5 115 210846
5 116 142785
5 117 177263
5 118 206730
5 119 177675
6 0 38443
6 1 38443
6 2 38442
6 3 38561
6 4 38561
6 5 38443
6 6 38440
6 7 38440
6 8 38712
6 9 65120
6 10 38719
6 11 64831
6 12 38712
6 13 38720
6 14 38440
6 15 64878
6 16 38628
6 17 64641
6 18 38631
6 19 38724
6 20 38726
6 21 64551
6 22 38627
6 23 62964
6 24 38404
6 25 38404
6 26 38402
6 27 38549
6 28 38549
6 29 38404
6 30 39052
6 31 39052
6 32 39232
6 33 164088
6 34 39468
6 35 164088
6 36 39147
6 37 39327
6 38 39292
6 39 164016
6 40 39374
6 41 165600
6 42 39320
6 43 39157
6 44 39571
6 45 165600
6 46 39470
6 47 164088
6 48 39054
6 49 39054
6 50 39188
6 51 65391
6 52 39336
6 53 64279
6 54 38397
6 55 38397
6 56 39222
6 57 164088
6 58 39257
6 59 164088
6 60 39187
6 61 65716
6 62 39088
6 63 165600
6 64 64518
6 65 164088
6 66 39405
6 67 64647
6 68 39356
6 69 165600
6 70 64574
6 71 165600
6 72 39163
6 73 39394
6 74 39224
6 75 66194
6 76 39306
6 77 66062
6 78 39185
6 79 39192
6 80 39148
6 81 165600
6 82 39397
6 83 165600
6 84 39189
6 85 65256
6 86 38401
6 87 164088
6 88 64613
6 89 165600
6 90 39165
6 91 65178
6 92 39293
6 93 164088
6 94 64315
6 95 164088
6 96 39068
6 97 39207
6 98 39205
6 99 65744
6 100 39306
6 101 64188
6 102 39195
6 103 39191
6 104 39430
6 105 164088
6 106 39297
6 107 165600
6 108 39408
6 109 64621
6 110 39095
6 111 165600
6 112 63554
6 113 164016
6 114 39168
6 115 64690
6 116 39199
6 117 164088
6 118 63587
6 119 164088
6 120 68338
6 121 68338
6 122 68322
6 123 68772
6 124 68772
6 125 68338
6 126 68338
6 127 68338
6 128 68792
6 129 199332
6 130 68792
6 131 199288
6 132 68792
6 133 68792
6 134 68338
6 135 199304
6 136 68358
6 137 199308
6 138 68358
6 139 68792
6 140 68792
6 141 199270
6 142 68358
6 143 198972
6 144 68760
6 145 68760
6 146 68756
6 147 68908
6 148 68908
6 149 68760
6 150 68814
6 151 68814
6 152 68770
6 153 82018
6 154 69570
6 155 86830
6 156 69870
6 157 70018
6 158 69188
6 159 87498
6 160 69698
6 161 88648
6 162 69760
6 163 69634
6 164 70028
6 165 87924
6 166 69712
6 167 88512
6 168 69158
6 169 69158
6 170 69596
6 171 204006
6 172 69678
6 173 203732
6 174 69178
6 175 69178
6 176 69180
6 177 88290
6 178 69620
6 179 88722
6 180 69318
6 181 203976
6 182 69306
6 183 89256
6 184 198972
6 185 88496
6 186 69704
6 187 206296
6 188 70076
6 189 89152
6 190 199280
6 191 89710
6 192 69652
6 193 70042
6 194 69612
6 195 206570
6 196 69544
6 197 206556
6 198 70014
6 199 70088
6 200 69328
6 201 89462
6 202 70076
6 203 88384
6 204 69566
6 205 204006
6 206 69222
6 207 89520
6 208 199280
6 209 89722
6 210 69210
6 211 203732
6 212 69598
6 213 89132
6 214 199306
6 215 89350
6 216 69168
6 217 69330
6 218 69306
6 219 204316
6 220 69226
6 221 204008
6 222 69588
6 223 69736
6 224 69676
6 225 87920
6 226 70048
6 227 89096
6 228 70014
6 229 206570
6 230 69762
6 231 89950
6 232 199304
6 233 89262
6 234 69266
6 235 204006
6 236 69620
6 237 89192
6 238 199332
6 239 88910
6 240 44169
6 241 44169
6 242 44167
6 243 93946
6 244 44250
6 245 93392
6 246 44823
6 247 44823
6 248 45573
6 249 94851
6 250 46003
6 251 95246
6 252 45337
6 253 96561
6 254 45494
6 255 95159
6 256 94039
6 257 94934
6 258 45375
6 259 96561
6 260 45976
6 261 94936
6 262 94041
6 263 94443
6 264 44160
6 265 44160
6 266 44158
6 267 93946
6 268 44250
6 269 93384
6 270 44907
6 271 44907
6 272 44951
6 273 63587
6 274 45478
6 275 64315
6 276 45365
6 277 97106
6 278 44945
6 279 63554
6 280 94027
6 281 64574
6 282 45093
6 283 96605
6 284 45556
6 285 64613
6 286 94025
6 287 64518
6 288 44857
6 289 44857
6 290 45496
6 291 93896
6 292 45996
6 293 93858
6 294 44816
6 295 44816
6 296 45472
6 297 64690
6 298 45550
6 299 65178
6 300 44856
6 301 89519
6 302 44853
6 303 64188
6 304 88190
6 305 62964
6 306 45920
6 307 93430
6 308 46056
6 309 66062
6 310 91093
6 311 64641
6 312 45330
6 313 96559
6 314 45988
6 315 95244
6 316 96592
6 317 95698
6 318 45890
6 319 96526
6 320 45469
6 321 64621
6 322 96568
6 323 64647
6 324 45494
6 325 93508
6 326 45421
6 327 65744
6 328 91715
6 329 64551
6 330 93404
6 331 94250
6 332 93412
6 333 64279
6 334 92703
6 335 64831
6 336 45401
6 337 96586
6 338 46110
6 339 95182
6 340 97150
6 341 95192
6 342 45643
6 343 97002
6 344 46189
6 345 65256
6 346 96560
6 347 65716
6 348 46038
6 349 93411
6 350 46047
6 351 66194
6 352 92127
6 353 64878
6 354 93968
6 355 94664
6 356 93968
6 357 65391
6 358 92797
6 359 65120
6 360 18103
6 361 18103
6 362 18247
6 363 45751
6 364 18258
6 365 45536
6 366 18149
6 367 18149
6 368 18300
6 369 69620
6 370 18305
6 371 69598
6 372 18208
6 373 46138
6 374 18250
6 375 70048
6 376 45029
6 377 69712
6 378 18214
6 379 46080
6 380 18269
6 381 70076
6 382 45033
6 383 69698
6 384 18149
6 385 18149
6 386 18199
6 387 45440
6 388 18256
6 389 44867
6 390 18099
6 391 18099
6 392 18202
6 393 39199
6 394 18211
6 395 39293
6 396 18253
6 397 46153
6 398 18200
6 399 39297
6 400 45547
6 401 39470
6 402 18309
6 403 45483
6 404 18306
6 405 39397
6 406 45514
6 407 39374
6 408 18101
6 409 18101
6 410 18251
6 411 69266
6 412 18261
6 413 69210
6 414 18043
6 415 18043
6 416 18152
6 417 39168
6 418 18153
6 419 39165
6 420 18156
6 421 69226
6 422 18154
6 423 39306
6 424 68358
6 425 38627
6 426 18213
6 427 69544
6 428 18212
6 429 39306
6 430 68358
6 431 38628
6 432 18102
6 433 45575
6 434 18156
6 435 69736
6 436 44987
6 437 69634
6 438 18156
6 439 45535
6 440 18099
6 441 39191
6 442 45459
6 443 39157
6 444 18104
6 445 69330
6 446 18097
6 447 39207
6 448 68792
6 449 38724
6 450 44160
6 451 68760
6 452 44169
6 453 38404
6 454 68338
6 455 38443
6 456 18153
6 457 45920
6 458 18211
6 459 70088
6 460 45455
6 461 70018
6 462 18208
6 463 45791
6 464 18208
6 465 39192
6 466 45376
6 467 39327
6 468 18212
6 469 70042
6 470 18205
6 471 39394
6 472 68792
6 473 38720
6 474 44250
6 475 68908
6 476 44250
6 477 38549
6 478 68772
6 479 38561
6 480 18099
6 481 18205
6 482 18154
6 483 46047
6 484 18212
6 485 46056
6 486 18152
6 487 18208
6 488 18206
6 489 69762
6 490 18306
6 491 70076
6 492 18204
6 493 46189
6 494 18153
6 495 69676
6 496 45556
6 497 70028
6 498 18153
6 499 45550
6 500 18211
6 501 69620
6 502 45478
6 503 69570
6 504 18154
6 505 18212
6 506 18155
6 507 46038
6 508 18213
6 509 45920
6 510 18202
6 511 18211
6 512 18103
6 513 39095
6 514 18269
6 515 39356
6 516 18200
6 517 46110
6 518 18201
6 519 39430
6 520 45976
6 521 39571
6 522 18261
6 523 45996
6 524 18305
6 525 39257
6 526 46003
6 527 39468
6 528 18202
6 529 18208
6 530 18200
6 531 70014
6 532 18309
6 533 69704
6 534 18152
6 535 18153
6 536 18198
6 537 39408
6 538 18214
6 539 39405
6 540 18099
6 541 69306
6 542 18098
6 543 39205
6 544 68792
6 545 38726
6 546 18256
6 547 69678
6 548 18258
6 549 39336
6 550 68792
6 551 38719
6 552 18102
6 553 45643
6 554 18152
6 555 69588
6 556 45093
6 557 69760
6 558 18154
6 559 45401
6 560 18098
6 561 39195
6 562 45375
6 563 39320
6 564 18097
6 565 69168
6 566 18043
6 567 39068
6 568 68358
6 569 38631
6 570 44250
6 571 68908
6 572 44250
6 573 38549
6 574 68772
6 575 38561
6 576 18043
6 577 44816
6 578 18099
6 579 69178
6 580 44907
6 581 68814
6 582 18101
6 583 44857
6 584 18149
6 585 38397
6 586 44823
6 587 39052
6 588 18149
6 589 69158
6 590 18103
6 591 39054
6 592 68338
6 593 38440
6 594 44160
6 595 68760
6 596 44169
6 597 38404
6 598 68338
6 599 38443
6 600 18043
6 601 18097
6 602 18098
6 603 45421
6 604 18154
6 605 44853
6 606 18098
6 607 18099
6 608 18201
6 609 69222
6 610 18200
6 611 69306
6 612 18198
6 613 45469
6 614 18103
6 615 69328
6 616 44945
6 617 69188
6 618 18152
6 619 45472
6 620 18202
6 621 69180
6 622 44951
6 623 68770
6 624 18097
6 625 18104
6 626 18099
6 627 45494
6 628 18156
6 629 44856
6 630 18152
6 631 18156
6 632 18153
6 633 38401
6 634 18250
6 635 39088
6 636 18200
6 637 45988
6 638 18206
6 639 39148
6 640 45494
6 641 39292
6 642 18251
6 643 45496
6 644 18300
6 645 39222
6 646 45573
6 647 39232
6 648 18154
6 649 18156
6 650 18200
6 651 69566
6 652 18253
6 653 69318
6 654 18102
6 655 18102
6 656 18204
6 657 39189
6 658 18208
6 659 39187
6 660 18155
6 661 69612
6 662 18154
6 663 39224
6 664 68338
6 665 38440
6 666 18199
6 667 69596
6 668 18247
6 669 39188
6 670 68792
6 671 38712
6 672 18152
6 673 45890
6 674 18202
6 675 70014
6 676 45365
6 677 69870
6 678 18202
6 679 45330
6 680 18152
6 681 39185
6 682 45337
6 683 39147
6 684 18154
6 685 69652
6 686 18099
6 687 39163
6 688 68792
6 689 38712
6 690 44158
6 691 68756
6 692 44167
6 693 38402
6 694 68322
6 695 38442
6 696 18043
6 697 44816
6 698 18099
6 699 69178
6 700 44907
6 701 68814
6 702 18101
6 703 44857
6 704 18149
6 705 38397
6 706 44823
6 707 39052
6 708 18149
6 709 69158
6 710 18103
6 711 39054
6 712 68338
6 713 38440
6 714 44160
6 715 68760
6 716 44169
6 717 38404
6 718 68338
6 719 38443
7 0 3462
7 1 3462
7 2 3462
7 3 3463
7 4 3463
7 5 3462
7 6 3462
7 7 3462
7 8 3464
7 9 3463
7 10 3464
7 11 3464
7 12 3464
7 13 3464
7 14 3462
7 15 3464
7 16 3463
7 17 3463
7 18 3463
7 19 3464
7 20 3464
7 21 3463
7 22 3463
7 23 3462
7 24 3462
7 25 3462
7 26 3462
7 27 3463
7 28 3463
7 29 3462
7 30 3466
7 31 3466
7 32 3466
7 33 10667
7 34 3468
7 35 10670
7 36 3467
7 37 3468
7 38 3467
7 39 10669
7 40 3467
7 41 10705
7 42 3468
7 43 3467
7 44 3469
7 45 10705
7 46 3468
7 47 10656
7 48 3466
7 49 3466
7 50 3467
7 51 3468
7 52 3468
7 53 3467
7 54 3462
7 55 3462
7 56 3467
7 57 10670
7 58 3467
7 59 10670
7 60 3466
7 61 3467
7 62 3466
7 63 10704
7 64 3465
7 65 10670
7 66 3467
7 67 3468
7 68 3468
7 69 10697
7 70 3466
7 71 10701
7 72 3466
7 73 3468
7 74 3467
7 75 3469
7 76 3467
7 77 3468
7 78 3467
7 79 3467
7 80 3466
7 81 10711
7 82 3468
7 83 10699
7 84 3466
7 85 3468
7 86 3462
7 87 10661
7 88 3466
7 89 10695
7 90 3465
7 91 3466
7 92 3466
7 93 10662
7 94 3465
7 95 10652
7 96 3465
7 97 3466
7 98 3466
7 99 3467
7 100 3467
7 101 3466
7 102 3466
7 103 3466
7 104 3467
7 105 10676
7 106 3467
7 107 10697
7 108 3467
7 109 3467
7 110 3466
7 111 10708
7 112 3465
7 113 10658
7 114 3465
7 115 3466
7 116 3466
7 117 10661
7 118 3465
7 119 10525
7 120 3461
7 121 3461
7 122 3461
7 123 3462
7 124 3462
7 125 3461
7 126 3461
7 127 3461
7 128 3464
7 129 3463
7 130 3464
7 131 3464
7 132 3464
7 133 3464
7 134 3461
7 135 3464
7 136 3463
7 137 3463
7 138 3463
7 139 3464
7 140 3464
7 141 3463
7 142 3463
7 143 3461
7 144 3504
7 145 3504
7 146 3504
7 147 3504
7 148 3504
7 149 3504
7 150 3509
7 151 3509
7 152 3509
7 153 32976
7 154 3512
7 155 32976
7 156 3513
7 157 3513
7 158 3511
7 159 32976
7 160 3512
7 161 33048
7 162 3512
7 163 3512
7 164 3513
7 165 33048
7 166 3512
7 167 32976
7 168 3505
7 169 3505
7 170 3509
7 171 3509
7 172 3509
7 173 3509
7 174 3509
7 175 3509
7 176 3511
7 177 32976
7 178 3512
7 179 32976
7 180 3512
7 181 3512
7 182 3512
7 183 33120
7 184 3511
7 185 33048
7 186 3513
7 187 3514
7 188 3514
7 189 33120
7 190 3512
7 191 33120
7 192 3509
7 193 3510
7 194 3506
7 195 3510
7 196 3509
7 197 3509
7 198 3514
7 199 3514
7 200 3512
7 201 33120
7 202 3514
7 203 33120
7 204 3513
7 205 3513
7 206 3509
7 207 32976
7 208 3512
7 209 33120
7 210 3512
7 211 3512
7 212 3513
7 213 33048
7 214 3512
7 215 33048
7 216 3508
7 217 3508
7 218 3508
7 219 3508
7 220 3508
7 221 3505
7 222 3513
7 223 3513
7 224 3513
7 225 33048
7 226 3514
7 227 33120
7 228 3514
7 229 3514
7 230 3513
7 231 33120
7 232 3512
7 233 33048
7 234 3512
7 235 3512
7 236 3513
7 237 33048
7 238 3512
7 239 32976
7 240 3504
7 241 3504
7 242 3504
7 243 3504
7 244 3504
7 245 3504
7 246 3506
7 247 3506
7 248 3509
7 249 10710
7 250 3510
7 251 10709
7 252 3509
7 253 3509
7 254 3507
7 255 10705
7 256 3509
7 257 10697
7 258 3509
7 259 3509
7 260 3510
7 261 10703
7 262 3509
7 263 10613
7 264 3461
7 265 3461
7 266 3461
7 267 3463
7 268 3463
7 269 3461
7 270 3507
7 271 3507
7 272 3511
7 273 32976
7 274 3512
7 275 32976
7 276 3509
7 277 3511
7 278 3511
7 279 32976
7 280 3512
7 281 33048
7 282 3510
7 283 3508
7 284 3513
7 285 33048
7 286 3512
7 287 32976
7 288 3508
7 289 3508
7 290 3513
7 291 10757
7 292 3514
7 293 10750
7 294 3505
7 295 3505
7 296 3512
7 297 33048
7 298 3514
7 299 33048
7 300 3510
7 301 10757
7 302 3510
7 303 33048
7 304 10663
7 305 32976
7 306 3513
7 307 10795
7 308 3513
7 309 33192
7 310 10668
7 311 33048
7 312 3513
7 313 3514
7 314 3513
7 315 10819
7 316 3515
7 317 10815
7 318 3510
7 319 3510
7 320 3510
7 321 33120
7 322 3514
7 323 33192
7 324 3512
7 325 10757
7 326 3510
7 327 33120
7 328 10667
7 329 33048
7 330 3512
7 331 10781
7 332 3513
7 333 33120
7 334 10703
7 335 33120
7 336 3513
7 337 3513
7 338 3516
7 339 10788
7 340 3516
7 341 10660
7 342 3509
7 343 3509
7 344 3516
7 345 33192
7 346 3511
7 347 33120
7 348 3514
7 349 10821
7 350 3514
7 351 33264
7 352 10698
7 353 33120
7 354 3513
7 355 10777
7 356 3513
7 357 33192
7 358 10662
7 359 33048
7 360 3507
7 361 3507
7 362 3511
7 363 3510
7 364 3511
7 365 3510
7 366 3507
7 367 3507
7 368 3512
7 369 10798
7 370 3512
7 371 10793
7 372 3510
7 373 3511
7 374 3511
7 375 10831
7 376 3510
7 377 10798
7 378 3510
7 379 3512
7 380 3511
7 381 10824
7 382 3510
7 383 10784
7 384 3506
7 385 3506
7 386 3507
7 387 3508
7 388 3509
7 389 3506
7 390 3507
7 391 3507
7 392 3514
7 393 33048
7 394 3514
7 395 33048
7 396 3511
7 397 3514
7 398 3512
7 399 33120
7 400 3514
7 401 33192
7 402 3515
7 403 3514
7 404 3515
7 405 33192
7 406 3514
7 407 33120
7 408 3508
7 409 3508
7 410 3512
7 411 10717
7 412 3512
7 413 10706
7 414 3461
7 415 3461
7 416 3508
7 417 32976
7 418 3508
7 419 32976
7 420 3512
7 421 10754
7 422 3508
7 423 33120
7 424 10668
7 425 33048
7 426 3513
7 427 10785
7 428 3511
7 429 33120
7 430 10668
7 431 33048
7 432 3510
7 433 3513
7 434 3512
7 435 10800
7 436 3512
7 437 10805
7 438 3512
7 439 3513
7 440 3510
7 441 33048
7 442 3514
7 443 33120
7 444 3512
7 445 10752
7 446 3505
7 447 33048
7 448 10703
7 449 33120
7 450 3509
7 451 10710
7 452 3511
7 453 32976
7 454 10665
7 455 32976
7 456 3512
7 457 3515
7 458 3514
7 459 10827
7 460 3515
7 461 10826
7 462 3514
7 463 3515
7 464 3514
7 465 33120
7 466 3513
7 467 33192
7 468 3514
7 469 10819
7 470 3509
7 471 33192
7 472 10691
7 473 33120
7 474 3511
7 475 10710
7 476 3512
7 477 33048
7 478 10695
7 479 33048
7 480 3507
7 481 3510
7 482 3509
7 483 3511
7 484 3510
7 485 3510
7 486 3509
7 487 3510
7 488 3510
7 489 10805
7 490 3512
7 491 10822
7 492 3510
7 493 3512
7 494 3507
7 495 10794
7 496 3511
7 497 10822
7 498 3509
7 499 3510
7 500 3510
7 501 10799
7 502 3510
7 503 10782
7 504 3509
7 505 3510
7 506 3509
7 507 3511
7 508 3510
7 509 3510
7 510 3514
7 511 3514
7 512 3512
7 513 33048
7 514 3515
7 515 33192
7 516 3510
7 517 3514
7 518 3512
7 519 33120
7 520 3516
7 521 33264
7 522 3513
7 523 3513
7 524 3516
7 525 33120
7 526 3516
7 527 33192
7 528 3513
7 529 3514
7 530 3512
7 531 10818
7 532 3515
7 533 10699
7 534 3506
7 535 3506
7 536 3513
7 537 33120
7 538 3513
7 539 33120
7 540 3510
7 541 10748
7 542 3507
7 543 33048
7 544 10701
7 545 33120
7 546 3514
7 547 10735
7 548 3513
7 549 33192
7 550 10693
7 551 33120
7 552 3510
7 553 3513
7 554 3511
7 555 10794
7 556 3513
7 557 10798
7 558 3509
7 559 3511
7 560 3509
7 561 33048
7 562 3514
7 563 33192
7 564 3508
7 565 10703
7 566 3461
7 567 32976
7 568 10659
7 569 33048
7 570 3511
7 571 10711
7 572 3512
7 573 33048
7 574 10691
7 575 33048
7 576 3509
7 577 3511
7 578 3511
7 579 10753
7 580 3512
7 581 10706
7 582 3511
7 583 3511
7 584 3513
7 585 32976
7 586 3513
7 587 33048
7 588 3513
7 589 10736
7 590 3511
7 591 33048
7 592 10572
7 593 32976
7 594 3511
7 595 10704
7 596 3512
7 597 32976
7 598 10658
7 599 32976
7 600 3506
7 601 3508
7 602 3508
7 603 3509
7 604 3509
7 605 3508
7 606 3508
7 607 3508
7 608 3510
7 609 10761
7 610 3510
7 611 10750
7 612 3510
7 613 3510
7 614 3508
7 615 10758
7 616 3509
7 617 10749
7 618 3509
7 619 3510
7 620 3510
7 621 10742
7 622 3509
7 623 10612
7 624 3508
7 625 3508
7 626 3508
7 627 3509
7 628 3509
7 629 3508
7 630 3513
7 631 3513
7 632 3513
7 633 32976
7 634 3515
7 635 33048
7 636 3514
7 637 3515
7 638 3514
7 639 33048
7 640 3514
7 641 33120
7 642 3513
7 643 3510
7 644 3516
7 645 33120
7 646 3515
7 647 33048
7 648 3513
7 649 3513
7 650 3514
7 651 10794
7 652 3515
7 653 10737
7 654 3508
7 655 3508
7 656 3514
7 657 33048
7 658 3514
7 659 33048
7 660 3513
7 661 10792
7 662 3513
7 663 33120
7 664 10660
7 665 32976
7 666 3514
7 667 10692
7 668 3513
7 669 33120
7 670 10695
7 671 33120
7 672 3512
7 673 3515
7 674 3514
7 675 10831
7 676 3514
7 677 10823
7 678 3513
7 679 3512
7 680 3513
7 681 33120
7 682 3514
7 683 33120
7 684 3513
7 685 10782
7 686 3505
7 687 33048
7 688 10700
7 689 33120
7 690 3511
7 691 10704
7 692 3512
7 693 32976
7 694 10648
7 695 32976
7 696 3509
7 697 3511
7 698 3511
7 699 10752
7 700 3512
7 701 10661
7 702 3511
7 703 3511
7 704 3513
7 705 32976
7 706 3511
7 707 33048
7 708 3512
7 709 10659
7 710 3508
7 711 33048
7 712 10611
7 713 32976
7 714 3509
7 715 10659
7 716 3508
7 717 32976
7 718 10570
7 719 32976
7 720 10410
7 721 10410
7 722 10410
7 723 10426
7 724 10426
7 725 10410
7 726 10410
7 727 10410
7 728 10442
7 729 10426
7 730 10442
7 731 10442
7 732 10442
7 733 10442
7 734 10410
7 735 10442
7 736 10426
7 737 10426
7 738 10426
7 739 10442
7 740 10442
7 741 10426
7 742 10426
7 743 10410
7 744 10410
7 745 10410
7 746 10410
7 747 10426
7 748 10426
7 749 10410
7 750 10426
7 751 10426
7 752 10426
7 753 67448
7 754 10458
7 755 67448
7 756 10442
7 757 10458
7 758 10442
7 759 67432
7 760 10442
7 761 67882
7 762 10458
7 763 10442
7 764 10474
7 765 67882
7 766 10458
7 767 67448
7 768 10426
7 769 10426
7 770 10442
7 771 10458
7 772 10458
7 773 10442
7 774 10410
7 775 10410
7 776 10442
7 777 67448
7 778 10442
7 779 67448
7 780 10426
7 781 10442
7 782 10426
7 783 67882
7 784 10410
7 785 67448
7 786 10442
7 787 10458
7 788 10458
7 789 67882
7 790 10426
7 791 67882
7 792 10426
7 793 10458
7 794 10442
7 795 10474
7 796 10442
7 797 10458
7 798 10442
7 799 10442
7 800 10426
7 801 67882
7 802 10458
7 803 67882
7 804 10426
7 805 10458
7 806 10410
7 807 67448
7 808 10426
7 809 67882
7 810 10410
7 811 10426
7 812 10426
7 813 67448
7 814 10410
7 815 67448
7 816 10410
7 817 10426
7 818 10426
7 819 10442
7 820 10442
7 821 10426
7 822 10426
7 823 10426
7 824 10442
7 825 67448
7 826 10442
7 827 67882
7 828 10442
7 829 10442
7 830 10426
7 831 67882
7 832 10410
7 833 67432
7 834 10410
7 835 10426
7 836 10426
7 837 67448
7 838 10410
7 839 67438
7 840 10422
7 841 10422
7 842 10422
7 843 10438
7 844 10438
7 845 10422
7 846 10422
7 847 10422
7 848 10442
7 849 10426
7 850 10442
7 851 10442
7 852 10442
7 853 10442
7 854 10422
7 855 10442
7 856 10426
7 857 10426
7 858 10426
7 859 10442
7 860 10442
7 861 10426
7 862 10426
7 863 10422
7 864 10422
7 865 10422
7 866 10422
7 867 10426
7 868 10426
7 869 10422
7 870 10422
7 871 10422
7 872 10422
7 873 11778
7 874 10446
7 875 12262
7 876 10458
7 877 10462
7 878 10434
7 879 12288
7 880 10450
7 881 12330
7 882 10450
7 883 10446
7 884 10462
7 885 12302
7 886 10448
7 887 12326
7 888 10458
7 889 10458
7 890 10478
7 891 10464
7 892 10480
7 893 10466
7 894 10434
7 895 10434
7 896 10434
7 897 12312
7 898 10446
7 899 12328
7 900 10466
7 901 10462
7 902 10454
7 903 12360
7 904 10450
7 905 12330
7 906 10480
7 907 10478
7 908 10480
7 909 12358
7 910 10454
7 911 12372
7 912 10466
7 913 10480
7 914 10460
7 915 10478
7 916 10462
7 917 10462
7 918 10478
7 919 10480
7 920 10454
7 921 12372
7 922 10480
7 923 12334
7 924 10460
7 925 10466
7 926 10434
7 927 12354
7 928 10454
7 929 12372
7 930 10450
7 931 10450
7 932 10462
7 933 12356
7 934 10450
7 935 12356
7 936 10450
7 937 10454
7 938 10454
7 939 10450
7 940 10450
7 941 10446
7 942 10462
7 943 10466
7 944 10464
7 945 12314
7 946 10478
7 947 12360
7 948 10478
7 949 10474
7 950 10466
7 951 12386
7 952 10450
7 953 12356
7 954 10450
7 955 10448
7 956 10462
7 957 12356
7 958 10448
7 959 12326
7 960 10434
7 961 10434
7 962 10434
7 963 10438
7 964 10438
7 965 10434
7 966 10450
7 967 10450
7 968 10464
7 969 67890
7 970 10482
7 971 67890
7 972 10468
7 973 10470
7 974 10466
7 975 67886
7 976 10468
7 977 68018
7 978 10470
7 979 10468
7 980 10486
7 981 68018
7 982 10470
7 983 67880
7 984 10434
7 985 10434
7 986 10434
7 987 10438
7 988 10438
7 989 10434
7 990 10434
7 991 10434
7 992 10434
7 993 12312
7 994 10446
7 995 12354
7 996 10458
7 997 10462
7 998 10434
7 999 12328
7 1000 10450
7 1001 12370
7 1002 10450
7 1003 10446
7 1004 10462
7 1005 12370
7 1006 10448
7 1007 12354
7 1008 10438
7 1009 10438
7 1010 10450
7 1011 67934
7 1012 10470
7 1013 67934
7 1014 10438
7 1015 10438
7 1016 10450
7 1017 12356
7 1018 10450
7 1019 12370
7 1020 10438
7 1021 67890
7 1022 10438
7 1023 12344
7 1024 67438
7 1025 12314
7 1026 10470
7 1027 68300
7 1028 10470
7 1029 12402
7 1030 67448
7 1031 12356
7 1032 10468
7 1033 10484
7 1034 10478
7 1035 68646
7 1036 10466
7 1037 68760
7 1038 10480
7 1039 10484
7 1040 10454
7 1041 12358
7 1042 10484
7 1043 12376
7 1044 10454
7 1045 67898
7 1046 10454
7 1047 12386
7 1048 67432
7 1049 12356
7 1050 10454
7 1051 68408
7 1052 10466
7 1053 12358
7 1054 67882
7 1055 12372
7 1056 10470
7 1057 10468
7 1058 10486
7 1059 68460
7 1060 10482
7 1061 68322
7 1062 10470
7 1063 10468
7 1064 10482
7 1065 12388
7 1066 10478
7 1067 12386
7 1068 10486
7 1069 68738
7 1070 10486
7 1071 12418
7 1072 67882
7 1073 12372
7 1074 10470
7 1075 68356
7 1076 10470
7 1077 12388
7 1078 67448
7 1079 12356
7 1080 10450
7 1081 10450
7 1082 10480
7 1083 10470
7 1084 10484
7 1085 10466
7 1086 10448
7 1087 10448
7 1088 10478
7 1089 68288
7 1090 10478
7 1091 68288
7 1092 10462
7 1093 10478
7 1094 10462
7 1095 68726
7 1096 10448
7 1097 68368
7 1098 10466
7 1099 10484
7 1100 10470
7 1101 68788
7 1102 10450
7 1103 68430
7 1104 10462
7 1105 10462
7 1106 10480
7 1107 10470
7 1108 10484
7 1109 10466
7 1110 10438
7 1111 10438
7 1112 10450
7 1113 12356
7 1114 10450
7 1115 12370
7 1116 10480
7 1117 10482
7 1118 10454
7 1119 12334
7 1120 10470
7 1121 12402
7 1122 10484
7 1123 10478
7 1124 10482
7 1125 12388
7 1126 10468
7 1127 12386
7 1128 10446
7 1129 10446
7 1130 10466
7 1131 67946
7 1132 10468
7 1133 67934
7 1134 10434
7 1135 10434
7 1136 10434
7 1137 12354
7 1138 10446
7 1139 12354
7 1140 10454
7 1141 67902
7 1142 10454
7 1143 12386
7 1144 67448
7 1145 12356
7 1146 10468
7 1147 68288
7 1148 10468
7 1149 12386
7 1150 67448
7 1151 12356
7 1152 10450
7 1153 10468
7 1154 10450
7 1155 68448
7 1156 10446
7 1157 68322
7 1158 10462
7 1159 10468
7 1160 10438
7 1161 12370
7 1162 10468
7 1163 12386
7 1164 10450
7 1165 68030
7 1166 10438
7 1167 12370
7 1168 67882
7 1169 12372
7 1170 10434
7 1171 67880
7 1172 10446
7 1173 12340
7 1174 67448
7 1175 12340
7 1176 10466
7 1177 10484
7 1178 10470
7 1179 68834
7 1180 10462
7 1181 68782
7 1182 10478
7 1183 10484
7 1184 10468
7 1185 12386
7 1186 10482
7 1187 12402
7 1188 10482
7 1189 68788
7 1190 10470
7 1191 12402
7 1192 67882
7 1193 12372
7 1194 10438
7 1195 68018
7 1196 10450
7 1197 12356
7 1198 67882
7 1199 12356
7 1200 10450
7 1201 10470
7 1202 10454
7 1203 10486
7 1204 10468
7 1205 10470
7 1206 10454
7 1207 10468
7 1208 10450
7 1209 68430
7 1210 10482
7 1211 68800
7 1212 10450
7 1213 10482
7 1214 10448
7 1215 68368
7 1216 10462
7 1217 68738
7 1218 10446
7 1219 10450
7 1220 10450
7 1221 68300
7 1222 10446
7 1223 68300
7 1224 10462
7 1225 10482
7 1226 10466
7 1227 10486
7 1228 10468
7 1229 10470
7 1230 10464
7 1231 10470
7 1232 10438
7 1233 12356
7 1234 10470
7 1235 12402
7 1236 10478
7 1237 10486
7 1238 10454
7 1239 12386
7 1240 10486
7 1241 12418
7 1242 10468
7 1243 10470
7 1244 10478
7 1245 12358
7 1246 10482
7 1247 12402
7 1248 10478
7 1249 10478
7 1250 10474
7 1251 68782
7 1252 10484
7 1253 68834
7 1254 10466
7 1255 10466
7 1256 10454
7 1257 12386
7 1258 10466
7 1259 12386
7 1260 10450
7 1261 68030
7 1262 10438
7 1263 12370
7 1264 67882
7 1265 12372
7 1266 10484
7 1267 68788
7 1268 10484
7 1269 12402
7 1270 67882
7 1271 12372
7 1272 10450
7 1273 10470
7 1274 10448
7 1275 68334
7 1276 10450
7 1277 68460
7 1278 10462
7 1279 10470
7 1280 10438
7 1281 12370
7 1282 10470
7 1283 12402
7 1284 10446
7 1285 67902
7 1286 10434
7 1287 12354
7 1288 67448
7 1289 12356
7 1290 10438
7 1291 68018
7 1292 10450
7 1293 12356
7 1294 67882
7 1295 12356
7 1296 10434
7 1297 10438
7 1298 10438
7 1299 67946
7 1300 10434
7 1301 67934
7 1302 10446
7 1303 10450
7 1304 10448
7 1305 12340
7 1306 10462
7 1307 12370
7 1308 10462
7 1309 68288
7 1310 10450
7 1311 12370
7 1312 67448
7 1313 12340
7 1314 10434
7 1315 67890
7 1316 10446
7 1317 12340
7 1318 67448
7 1319 12340
7 1320 10434
7 1321 10438
7 1322 10438
7 1323 10454
7 1324 10454
7 1325 10438
7 1326 10438
7 1327 10438
7 1328 10454
7 1329 67902
7 1330 10454
7 1331 68030
7 1332 10454
7 1333 10454
7 1334 10438
7 1335 68030
7 1336 10434
7 1337 67898
7 1338 10434
7 1339 10450
7 1340 10450
7 1341 67902
7 1342 10434
7 1343 67890
7 1344 10446
7 1345 10450
7 1346 10450
7 1347 10454
7 1348 10454
7 1349 10450
7 1350 10448
7 1351 10450
7 1352 10448
7 1353 12298
7 1354 10462
7 1355 12370
7 1356 10474
7 1357 10478
7 1358 10450
7 1359 12370
7 1360 10466
7 1361 12386
7 1362 10466
7 1363 10462
7 1364 10478
7 1365 12360
7 1366 10464
7 1367 12356
7 1368 10462
7 1369 10462
7 1370 10478
7 1371 68334
7 1372 10480
7 1373 68448
7 1374 10450
7 1375 10450
7 1376 10450
7 1377 12370
7 1378 10462
7 1379 12370
7 1380 10466
7 1381 68368
7 1382 10454
7 1383 12386
7 1384 67448
7 1385 12340
7 1386 10480
7 1387 68726
7 1388 10480
7 1389 12386
7 1390 67882
7 1391 12372
7 1392 10466
7 1393 10480
7 1394 10464
7 1395 68782
7 1396 10458
7 1397 68646
7 1398 10478
7 1399 10480
7 1400 10454
7 1401 12386
7 1402 10480
7 1403 12386
7 1404 10462
7 1405 68430
7 1406 10450
7 1407 12370
7 1408 67882
7 1409 12372
7 1410 10434
7 1411 67886
7 1412 10446
7 1413 12340
7 1414 67432
7 1415 12340
7 1416 10434
7 1417 10438
7 1418 10438
7 1419 67946
7 1420 10434
7 1421 67934
7 1422 10446
7 1423 10450
7 1424 10448
7 1425 12340
7 1426 10462
7 1427 12370
7 1428 10462
7 1429 68288
7 1430 10450
7 1431 12370
7 1432 67448
7 1433 12340
7 1434 10434
7 1435 67890
7 1436 10446
7 1437 12340
7 1438 67448
7 1439 12326
7 1440 8737
7 1441 8737
7 1442 8736
7 1443 8772
7 1444 8772
7 1445 8737
7 1446 8737
7 1447 8737
7 1448 8774
7 1449 35847
7 1450 8774
7 1451 35842
7 1452 8774
7 1453 8774
7 1454 8737
7 1455 35844
7 1456 8739
7 1457 35844
7 1458 8739
7 1459 8774
7 1460 8774
7 1461 35840
7 1462 8739
7 1463 35796
7 1464 8782
7 1465 8782
7 1466 8782
7 1467 8784
7 1468 8784
7 1469 8782
7 1470 8833
7 1471 8833
7 1472 8833
7 1473 17592
7 1474 8879
7 1475 17635
7 1476 8910
7 1477 8913
7 1478 8836
7 1479 17633
7 1480 8877
7 1481 17684
7 1482 8879
7 1483 8878
7 1484 8914
7 1485 17684
7 1486 8879
7 1487 17637
7 1488 8826
7 1489 8826
7 1490 8862
7 1491 36573
7 1492 8863
7 1493 36532
7 1494 8831
7 1495 8831
7 1496 8834
7 1497 17634
7 1498 8877
7 1499 17634
7 1500 8873
7 1501 36618
7 1502 8834
7 1503 17688
7 1504 35847
7 1505 17597
7 1506 8909
7 1507 37028
7 1508 8912
7 1509 17686
7 1510 35851
7 1511 17651
7 1512 8866
7 1513 8904
7 1514 8869
7 1515 37029
7 1516 8868
7 1517 37029
7 1518 8909
7 1519 8909
7 1520 8834
7 1521 17688
7 1522 8910
7 1523 17686
7 1524 8874
7 1525 36614
7 1526 8832
7 1527 17637
7 1528 35849
7 1529 17651
7 1530 8837
7 1531 36577
7 1532 8875
7 1533 17596
7 1534 35848
7 1535 17597
7 1536 8827
7 1537 8830
7 1538 8830
7 1539 36611
7 1540 8832
7 1541 36572
7 1542 8875
7 1543 8876
7 1544 8877
7 1545 17596
7 1546 8911
7 1547 17684
7 1548 8910
7 1549 37028
7 1550 8876
7 1551 17684
7 1552 35846
7 1553 17596
7 1554 8837
7 1555 36577
7 1556 8875
7 1557 17596
7 1558 35846
7 1559 17581
7 1560 8737
7 1561 8737
7 1562 8736
7 1563 8772
7 1564 8772
7 1565 8737
7 1566 8737
7 1567 8737
7 1568 8774
7 1569 35847
7 1570 8774
7 1571 35842
7 1572 8774
7 1573 8774
7 1574 8737
7 1575 35844
7 1576 8739
7 1577 35844
7 1578 8739
7 1579 8774
7 1580 8774
7 1581 35840
7 1582 8739
7 1583 35796
7 1584 8784
7 1585 8784
7 1586 8784
7 1587 8784
7 1588 8784
7 1589 8784
7 1590 8789
7 1591 8789
7 1592 8785
7 1593 10570
7 1594 8830
7 1595 10658
7 1596 8869
7 1597 8869
7 1598 8787
7 1599 10648
7 1600 8830
7 1601 10695
7 1602 8833
7 1603 8833
7 1604 8865
7 1605 10691
7 1606 8830
7 1607 10665
7 1608 8827
7 1609 8827
7 1610 8864
7 1611 36585
7 1612 8864
7 1613 36577
7 1614 8789
7 1615 8789
7 1616 8785
7 1617 10611
7 1618 8829
7 1619 10572
7 1620 8833
7 1621 36587
7 1622 8789
7 1623 10695
7 1624 35846
7 1625 10662
7 1626 8869
7 1627 37033
7 1628 8867
7 1629 10693
7 1630 35848
7 1631 10703
7 1632 8832
7 1633 8867
7 1634 8829
7 1635 37033
7 1636 8832
7 1637 37036
7 1638 8871
7 1639 8871
7 1640 8789
7 1641 10700
7 1642 8867
7 1643 10691
7 1644 8833
7 1645 36584
7 1646 8787
7 1647 10660
7 1648 35846
7 1649 10698
7 1650 8793
7 1651 36583
7 1652 8832
7 1653 10668
7 1654 35851
7 1655 10668
7 1656 8789
7 1657 8789
7 1658 8789
7 1659 36582
7 1660 8789
7 1661 36536
7 1662 8835
7 1663 8835
7 1664 8832
7 1665 10659
7 1666 8867
7 1667 10703
7 1668 8871
7 1669 37034
7 1670 8832
7 1671 10701
7 1672 35849
7 1673 10667
7 1674 8793
7 1675 36580
7 1676 8832
7 1677 10668
7 1678 35847
7 1679 10663
7 1680 8783
7 1681 8783
7 1682 8783
7 1683 8784
7 1684 8784
7 1685 8783
7 1686 8831
7 1687 8831
7 1688 8877
7 1689 17628
7 1690 8919
7 1691 17667
7 1692 8910
7 1693 8911
7 1694 8878
7 1695 17667
7 1696 8881
7 1697 17633
7 1698 8878
7 1699 8878
7 1700 8918
7 1701 17632
7 1702 8882
7 1703 17628
7 1704 8782
7 1705 8782
7 1706 8782
7 1707 8784
7 1708 8784
7 1709 8782
7 1710 8830
7 1711 8830
7 1712 8831
7 1713 10659
7 1714 8871
7 1715 10704
7 1716 8871
7 1717 8873
7 1718 8832
7 1719 10704
7 1720 8834
7 1721 10710
7 1722 8834
7 1723 8832
7 1724 8873
7 1725 10711
7 1726 8834
7 1727 10710
7 1728 8787
7 1729 8787
7 1730 8832
7 1731 17504
7 1732 8874
7 1733 17505
7 1734 8787
7 1735 8787
7 1736 8831
7 1737 10661
7 1738 8833
7 1739 10706
7 1740 8783
7 1741 16788
7 1742 8783
7 1743 10612
7 1744 16723
7 1745 10525
7 1746 8872
7 1747 17468
7 1748 8873
7 1749 10782
7 1750 17315
7 1751 10652
7 1752 8908
7 1753 8912
7 1754 8917
7 1755 17643
7 1756 8914
7 1757 17683
7 1758 8912
7 1759 8912
7 1760 8911
7 1761 10823
7 1762 8917
7 1763 10826
7 1764 8830
7 1765 17489
7 1766 8830
7 1767 10749
7 1768 17384
7 1769 10658
7 1770 8872
7 1771 17587
7 1772 8876
7 1773 10784
7 1774 17502
7 1775 10701
7 1776 8878
7 1777 8878
7 1778 8924
7 1779 17639
7 1780 8925
7 1781 17674
7 1782 8878
7 1783 8878
7 1784 8923
7 1785 10798
7 1786 8922
7 1787 10805
7 1788 8910
7 1789 17479
7 1790 8910
7 1791 10822
7 1792 17434
7 1793 10695
7 1794 8878
7 1795 17621
7 1796 8878
7 1797 10798
7 1798 17491
7 1799 10670
7 1800 8826
7 1801 8826
7 1802 8900
7 1803 36576
7 1804 8902
7 1805 36532
7 1806 8871
7 1807 8871
7 1808 8916
7 1809 17696
7 1810 8922
7 1811 17734
7 1812 8873
7 1813 37175
7 1814 8914
7 1815 17790
7 1816 36579
7 1817 17707
7 1818 8870
7 1819 37136
7 1820 8920
7 1821 17750
7 1822 36581
7 1823 17708
7 1824 8868
7 1825 8868
7 1826 8904
7 1827 36573
7 1828 8906
7 1829 36531
7 1830 8830
7 1831 8830
7 1832 8869
7 1833 10659
7 1834 8875
7 1835 10736
7 1836 8916
7 1837 37179
7 1838 8869
7 1839 10692
7 1840 36577
7 1841 10777
7 1842 8914
7 1843 37134
7 1844 8910
7 1845 10735
7 1846 36577
7 1847 10781
7 1848 8831
7 1849 8831
7 1850 8878
7 1851 17666
7 1852 8885
7 1853 17632
7 1854 8829
7 1855 8829
7 1856 8873
7 1857 10752
7 1858 8873
7 1859 10753
7 1860 8829
7 1861 17463
7 1862 8829
7 1863 10742
7 1864 17468
7 1865 10661
7 1866 8880
7 1867 17660
7 1868 8880
7 1869 10799
7 1870 17503
7 1871 10662
7 1872 8829
7 1873 36573
7 1874 8875
7 1875 17696
7 1876 36536
7 1877 17659
7 1878 8874
7 1879 36571
7 1880 8830
7 1881 10737
7 1882 36567
7 1883 10660
7 1884 8831
7 1885 17632
7 1886 8829
7 1887 10750
7 1888 17567
7 1889 10697
7 1890 35796
7 1891 17555
7 1892 35796
7 1893 10613
7 1894 17490
7 1895 10656
7 1896 8865
7 1897 36985
7 1898 8915
7 1899 17744
7 1900 37032
7 1901 17751
7 1902 8913
7 1903 36986
7 1904 8912
7 1905 10699
7 1906 37024
7 1907 10815
7 1908 8913
7 1909 17654
7 1910 8911
7 1911 10822
7 1912 17564
7 1913 10699
7 1914 35841
7 1915 17637
7 1916 35841
7 1917 10697
7 1918 17614
7 1919 10705
7 1920 8867
7 1921 8906
7 1922 8871
7 1923 37029
7 1924 8875
7 1925 37061
7 1926 8913
7 1927 8916
7 1928 8881
7 1929 17744
7 1930 8921
7 1931 17792
7 1932 8918
7 1933 37176
7 1934 8882
7 1935 17743
7 1936 37033
7 1937 17760
7 1938 8874
7 1939 37137
7 1940 8921
7 1941 17705
7 1942 37034
7 1943 17709
7 1944 8874
7 1945 8909
7 1946 8872
7 1947 37070
7 1948 8876
7 1949 37065
7 1950 8915
7 1951 8915
7 1952 8871
7 1953 10782
7 1954 8920
7 1955 10819
7 1956 8918
7 1957 37177
7 1958 8874
7 1959 10792
7 1960 37028
7 1961 10821
7 1962 8881
7 1963 37212
7 1964 8922
7 1965 10785
7 1966 37029
7 1967 10795
7 1968 8911
7 1969 8913
7 1970 8915
7 1971 17777
7 1972 8920
7 1973 17699
7 1974 8911
7 1975 8911
7 1976 8912
7 1977 10831
7 1978 8916
7 1979 10827
7 1980 8831
7 1981 17622
7 1982 8831
7 1983 10758
7 1984 17594
7 1985 10708
7 1986 8910
7 1987 17684
7 1988 8913
7 1989 10824
7 1990 17482
7 1991 10697
7 1992 8871
7 1993 36615
7 1994 8881
7 1995 17739
7 1996 36581
7 1997 17707
7 1998 8880
7 1999 36574
7 2000 8872
7 2001 10794
7 2002 36574
7 2003 10788
7 2004 8834
7 2005 17661
7 2006 8833
7 2007 10761
7 2008 17582
7 2009 10676
7 2010 35841
7 2011 17642
7 2012 35841
7 2013 10703
7 2014 17615
7 2015 10705
7 2016 8832
7 2017 36533
7 2018 8877
7 2019 17651
7 2020 36579
7 2021 17656
7 2022 8838
7 2023 36575
7 2024 8879
7 2025 10706
7 2026 36532
7 2027 10750
7 2028 8876
7 2029 17662
7 2030 8876
7 2031 10793
7 2032 17558
7 2033 10670
7 2034 35844
7 2035 17638
7 2036 35844
7 2037 10709
7 2038 17575
7 2039 10670
7 2040 8828
7 2041 8831
7 2042 8831
7 2043 36612
7 2044 8833
7 2045 36575
7 2046 8877
7 2047 8878
7 2048 8883
7 2049 17652
7 2050 8920
7 2051 17693
7 2052 8916
7 2053 37180
7 2054 8881
7 2055 17693
7 2056 36584
7 2057 17656
7 2058 8880
7 2059 37180
7 2060 8920
7 2061 17655
7 2062 36587
7 2063 17640
7 2064 8831
7 2065 8831
7 2066 8831
7 2067 36623
7 2068 8833
7 2069 36577
7 2070 8878
7 2071 8878
7 2072 8878
7 2073 10703
7 2074 8918
7 2075 10752
7 2076 8917
7 2077 37216
7 2078 8879
7 2079 10748
7 2080 36618
7 2081 10757
7 2082 8881
7 2083 37181
7 2084 8920
7 2085 10754
7 2086 36619
7 2087 10757
7 2088 8877
7 2089 8877
7 2090 8919
7 2091 17724
7 2092 8926
7 2093 17689
7 2094 8875
7 2095 8875
7 2096 8920
7 2097 10794
7 2098 8920
7 2099 10800
7 2100 8876
7 2101 17562
7 2102 8876
7 2103 10794
7 2104 17445
7 2105 10661
7 2106 8912
7 2107 17679
7 2108 8913
7 2109 10831
7 2110 17555
7 2111 10704
7 2112 8907
7 2113 37064
7 2114 8921
7 2115 17784
7 2116 37033
7 2117 17749
7 2118 8917
7 2119 37029
7 2120 8915
7 2121 10818
7 2122 37029
7 2123 10819
7 2124 8878
7 2125 17717
7 2126 8877
7 2127 10805
7 2128 17639
7 2129 10711
7 2130 35844
7 2131 17640
7 2132 35844
7 2133 10705
7 2134 17568
7 2135 10669
7 2136 8837
7 2137 36573
7 2138 8880
7 2139 17653
7 2140 36585
7 2141 17651
7 2142 8838
7 2143 36584
7 2144 8881
7 2145 10717
7 2146 36573
7 2147 10757
7 2148 8878
7 2149 17670
7 2150 8876
7 2151 10798
7 2152 17563
7 2153 10670
7 2154 35847
7 2155 17606
7 2156 35847
7 2157 10710
7 2158 17524
7 2159 10667
7 2160 1579
7 2161 1579
7 2162 1579
7 2163 1579
7 2164 1579
7 2165 1579
7 2166 1582
7 2167 1582
7 2168 1582
7 2169 8834
7 2170 1583
7 2171 8835
7 2172 1583
7 2173 1583
7 2174 1582
7 2175 8835
7 2176 1582
7 2177 8835
7 2178 1582
7 2179 1582
7 2180 1583
7 2181 8835
7 2182 1582
7 2183 8828
7 2184 1580
7 2185 1580
7 2186 1580
7 2187 1580
7 2188 1580
7 2189 1580
7 2190 1583
7 2191 1583
7 2192 1583
7 2193 10446
7 2194 1584
7 2195 10446
7 2196 1584
7 2197 1584
7 2198 1583
7 2199 10446
7 2200 1583
7 2201 10450
7 2202 1583
7 2203 1583
7 2204 1584
7 2205 10450
7 2206 1583
7 2207 10446
7 2208 1581
7 2209 1581
7 2210 1583
7 2211 8881
7 2212 1584
7 2213 8878
7 2214 1582
7 2215 1582
7 2216 1584
7 2217 10462
7 2218 1584
7 2219 10462
7 2220 1582
7 2221 8881
7 2222 1582
7 2223 10464
7 2224 8789
7 2225 10448
7 2226 1583
7 2227 8916
7 2228 1583
7 2229 10482
7 2230 8789
7 2231 10450
7 2232 1582
7 2233 1583
7 2234 1584
7 2235 8923
7 2236 1583
7 2237 8922
7 2238 1583
7 2239 1583
7 2240 1584
7 2241 10480
7 2242 1584
7 2243 10482
7 2244 1582
7 2245 8880
7 2246 1582
7 2247 10466
7 2248 8789
7 2249 10450
7 2250 1582
7 2251 8877
7 2252 1582
7 2253 10468
7 2254 8789
7 2255 10454
7 2256 1582
7 2257 1582
7 2258 1584
7 2259 8883
7 2260 1584
7 2261 8878
7 2262 1582
7 2263 1582
7 2264 1584
7 2265 10470
7 2266 1584
7 2267 10468
7 2268 1583
7 2269 8916
7 2270 1583
7 2271 10486
7 2272 8787
7 2273 10454
7 2274 1582
7 2275 8876
7 2276 1582
7 2277 10470
7 2278 8787
7 2279 10450
7 2280 1580
7 2281 1580
7 2282 1580
7 2283 1580
7 2284 1580
7 2285 1580
7 2286 1581
7 2287 1581
7 2288 1582
7 2289 8832
7 2290 1583
7 2291 8831
7 2292 1583
7 2293 1583
7 2294 1581
7 2295 8829
7 2296 1582
7 2297 8825
7 2298 1582
7 2299 1582
7 2300 1583
7 2301 8828
7 2302 1582
7 2303 8783
7 2304 1579
7 2305 1579
7 2306 1579
7 2307 1579
7 2308 1579
7 2309 1579
7 2310 1581
7 2311 1581
7 2312 1581
7 2313 3508
7 2314 1582
7 2315 3512
7 2316 1582
7 2317 1582
7 2318 1581
7 2319 3512
7 2320 1581
7 2321 3512
7 2322 1581
7 2323 1581
7 2324 1582
7 2325 3512
7 2326 1581
7 2327 3511
7 2328 1582
7 2329 1582
7 2330 1584
7 2331 8880
7 2332 1584
7 2333 8879
7 2334 1581
7 2335 1581
7 2336 1582
7 2337 3511
7 2338 1582
7 2339 3513
7 2340 1583
7 2341 8881
7 2342 1583
7 2343 3515
7 2344 8832
7 2345 3512
7 2346 1584
7 2347 8919
7 2348 1584
7 2349 3516
7 2350 8832
7 2351 3512
7 2352 1584
7 2353 1584
7 2354 1583
7 2355 8914
7 2356 1584
7 2357 8913
7 2358 1584
7 2359 1584
7 2360 1583
7 2361 3514
7 2362 1584
7 2363 3513
7 2364 1583
7 2365 8880
7 2366 1582
7 2367 3514
7 2368 8832
7 2369 3512
7 2370 1583
7 2371 8876
7 2372 1583
7 2373 3514
7 2374 8834
7 2375 3512
7 2376 1583
7 2377 1583
7 2378 1584
7 2379 8877
7 2380 1584
7 2381 8831
7 2382 1583
7 2383 1583
7 2384 1584
7 2385 3514
7 2386 1584
7 2387 3514
7 2388 1584
7 2389 8918
7 2390 1584
7 2391 3516
7 2392 8834
7 2393 3512
7 2394 1583
7 2395 8875
7 2396 1583
7 2397 3514
7 2398 8831
7 2399 3511
7 2400 1579
7 2401 1579
7 2402 1579
7 2403 1579
7 2404 1579
7 2405 1579
7 2406 1582
7 2407 1582
7 2408 1582
7 2409 10434
7 2410 1583
7 2411 10434
7 2412 1583
7 2413 1583
7 2414 1582
7 2415 10434
7 2416 1582
7 2417 10438
7 2418 1582
7 2419 1582
7 2420 1583
7 2421 10438
7 2422 1582
7 2423 10434
7 2424 1578
7 2425 1578
7 2426 1578
7 2427 1579
7 2428 1579
7 2429 1578
7 2430 1580
7 2431 1580
7 2432 1580
7 2433 3509
7 2434 1581
7 2435 3511
7 2436 1581
7 2437 1582
7 2438 1580
7 2439 3511
7 2440 1581
7 2441 3511
7 2442 1581
7 2443 1580
7 2444 1582
7 2445 3511
7 2446 1581
7 2447 3509
7 2448 1580
7 2449 1580
7 2450 1582
7 2451 10434
7 2452 1582
7 2453 10434
7 2454 1580
7 2455 1580
7 2456 1582
7 2457 3512
7 2458 1582
7 2459 3512
7 2460 1580
7 2461 10434
7 2462 1580
7 2463 3509
7 2464 10410
7 2465 3465
7 2466 1581
7 2467 10446
7 2468 1581
7 2469 3510
7 2470 10410
7 2471 3465
7 2472 1582
7 2473 1582
7 2474 1583
7 2475 10458
7 2476 1583
7 2477 10462
7 2478 1582
7 2479 1582
7 2480 1582
7 2481 3514
7 2482 1583
7 2483 3515
7 2484 1580
7 2485 10434
7 2486 1580
7 2487 3509
7 2488 10410
7 2489 3465
7 2490 1581
7 2491 10450
7 2492 1581
7 2493 3510
7 2494 10426
7 2495 3466
7 2496 1581
7 2497 1581
7 2498 1583
7 2499 10450
7 2500 1583
7 2501 10446
7 2502 1581
7 2503 1581
7 2504 1583
7 2505 3513
7 2506 1582
7 2507 3512
7 2508 1582
7 2509 10462
7 2510 1582
7 2511 3511
7 2512 10426
7 2513 3466
7 2514 1581
7 2515 10448
7 2516 1581
7 2517 3510
7 2518 10410
7 2519 3465
7 2520 1579
7 2521 1579
7 2522 1582
7 2523 8838
7 2524 1582
7 2525 8836
7 2526 1580
7 2527 1580
7 2528 1583
7 2529 10450
7 2530 1583
7 2531 10450
7 2532 1581
7 2533 8879
7 2534 1582
7 2535 10462
7 2536 8793
7 2537 10448
7 2538 1582
7 2539 8880
7 2540 1582
7 2541 10470
7 2542 8793
7 2543 10450
7 2544 1580
7 2545 1580
7 2546 1582
7 2547 8838
7 2548 1582
7 2549 8835
7 2550 1579
7 2551 1579
7 2552 1581
7 2553 3511
7 2554 1581
7 2555 3511
7 2556 1583
7 2557 8881
7 2558 1582
7 2559 3510
7 2560 8838
7 2561 3512
7 2562 1583
7 2563 8877
7 2564 1583
7 2565 3513
7 2566 8838
7 2567 3512
7 2568 1579
7 2569 1579
7 2570 1582
7 2571 10438
7 2572 1582
7 2573 10438
7 2574 1579
7 2575 1579
7 2576 1581
7 2577 3511
7 2578 1581
7 2579 3511
7 2580 1581
7 2581 10450
7 2582 1581
7 2583 3510
7 2584 10426
7 2585 3466
7 2586 1581
7 2587 10450
7 2588 1581
7 2589 3510
7 2590 10426
7 2591 3466
7 2592 1579
7 2593 8831
7 2594 1580
7 2595 10450
7 2596 8787
7 2597 10446
7 2598 1580
7 2599 8831
7 2600 1579
7 2601 3508
7 2602 8830
7 2603 3505
7 2604 1579
7 2605 10438
7 2606 1579
7 2607 3508
7 2608 10426
7 2609 3466
7 2610 8737
7 2611 10422
7 2612 8737
7 2613 3461
7 2614 10410
7 2615 3462
7 2616 1581
7 2617 8875
7 2618 1581
7 2619 10470
7 2620 8832
7 2621 10462
7 2622 1581
7 2623 8876
7 2624 1581
7 2625 3510
7 2626 8871
7 2627 3509
7 2628 1581
7 2629 10470
7 2630 1581
7 2631 3510
7 2632 10458
7 2633 3468
7 2634 8739
7 2635 10426
7 2636 8739
7 2637 3463
7 2638 10426
7 2639 3463
7 2640 1581
7 2641 1582
7 2642 1583
7 2643 8918
7 2644 1583
7 2645 8915
7 2646 1582
7 2647 1582
7 2648 1584
7 2649 10480
7 2650 1584
7 2651 10484
7 2652 1583
7 2653 8919
7 2654 1583
7 2655 10478
7 2656 8871
7 2657 10474
7 2658 1582
7 2659 8914
7 2660 1583
7 2661 10478
7 2662 8871
7 2663 10478
7 2664 1582
7 2665 1582
7 2666 1583
7 2667 8919
7 2668 1583
7 2669 8913
7 2670 1582
7 2671 1582
7 2672 1582
7 2673 3512
7 2674 1583
7 2675 3515
7 2676 1583
7 2677 8918
7 2678 1583
7 2679 3515
7 2680 8912
7 2681 3514
7 2682 1584
7 2683 8914
7 2684 1584
7 2685 3514
7 2686 8914
7 2687 3514
7 2688 1582
7 2689 1582
7 2690 1584
7 2691 10480
7 2692 1584
7 2693 10484
7 2694 1582
7 2695 1582
7 2696 1583
7 2697 3515
7 2698 1583
7 2699 3515
7 2700 1581
7 2701 10454
7 2702 1581
7 2703 3510
7 2704 10442
7 2705 3467
7 2706 1583
7 2707 10484
7 2708 1583
7 2709 3512
7 2710 10458
7 2711 3468
7 2712 1580
7 2713 8833
7 2714 1580
7 2715 10454
7 2716 8789
7 2717 10450
7 2718 1580
7 2719 8833
7 2720 1580
7 2721 3509
7 2722 8832
7 2723 3508
7 2724 1580
7 2725 10454
7 2726 1580
7 2727 3509
7 2728 10442
7 2729 3467
7 2730 8738
7 2731 10426
7 2732 8738
7 2733 3463
7 2734 10426
7 2735 3463
7 2736 1580
7 2737 8870
7 2738 1581
7 2739 10466
7 2740 8832
7 2741 10466
7 2742 1581
7 2743 8870
7 2744 1581
7 2745 3506
7 2746 8866
7 2747 3509
7 2748 1581
7 2749 10466
7 2750 1581
7 2751 3510
7 2752 10442
7 2753 3467
7 2754 8774
7 2755 10442
7 2756 8774
7 2757 3464
7 2758 10442
7 2759 3464
7 2760 1581
7 2761 1581
7 2762 1583
7 2763 8881
7 2764 1583
7 2765 8877
7 2766 1581
7 2767 1581
7 2768 1584
7 2769 10470
7 2770 1584
7 2771 10468
7 2772 1583
7 2773 8920
7 2774 1583
7 2775 10486
7 2776 8833
7 2777 10466
7 2778 1583
7 2779 8918
7 2780 1583
7 2781 10482
7 2782 8833
7 2783 10462
7 2784 1581
7 2785 1581
7 2786 1583
7 2787 8882
7 2788 1583
7 2789 8874
7 2790 1581
7 2791 1581
7 2792 1583
7 2793 3511
7 2794 1583
7 2795 3513
7 2796 1584
7 2797 8921
7 2798 1584
7 2799 3514
7 2800 8879
7 2801 3513
7 2802 1584
7 2803 8876
7 2804 1584
7 2805 3514
7 2806 8876
7 2807 3512
7 2808 1581
7 2809 1581
7 2810 1584
7 2811 10470
7 2812 1584
7 2813 10468
7 2814 1581
7 2815 1581
7 2816 1583
7 2817 3513
7 2818 1583
7 2819 3513
7 2820 1583
7 2821 10482
7 2822 1583
7 2823 3512
7 2824 10458
7 2825 3468
7 2826 1583
7 2827 10478
7 2828 1583
7 2829 3511
7 2830 10442
7 2831 3467
7 2832 1582
7 2833 8911
7 2834 1582
7 2835 10486
7 2836 8866
7 2837 10478
7 2838 1582
7 2839 8908
7 2840 1582
7 2841 3511
7 2842 8906
7 2843 3510
7 2844 1582
7 2845 10486
7 2846 1582
7 2847 3511
7 2848 10474
7 2849 3469
7 2850 8774
7 2851 10442
7 2852 8774
7 2853 3464
7 2854 10442
7 2855 3464
7 2856 1581
7 2857 8872
7 2858 1581
7 2859 10470
7 2860 8832
7 2861 10464
7 2862 1581
7 2863 8872
7 2864 1581
7 2865 3508
7 2866 8865
7 2867 3509
7 2868 1581
7 2869 10470
7 2870 1581
7 2871 3510
7 2872 10458
7 2873 3468
7 2874 8739
7 2875 10426
7 2876 8739
7 2877 3463
7 2878 10426
7 2879 3463
7 2880 1579
7 2881 1579
7 2882 1582
7 2883 1581
7 2884 1582
7 2885 1581
7 2886 1580
7 2887 1580
7 2888 1583
7 2889 8876
7 2890 1583
7 2891 8876
7 2892 1582
7 2893 1583
7 2894 1582
7 2895 8913
7 2896 1581
7 2897 8878
7 2898 1582
7 2899 1583
7 2900 1582
7 2901 8913
7 2902 1581
7 2903 8876
7 2904 1580
7 2905 1580
7 2906 1582
7 2907 1581
7 2908 1582
7 2909 1581
7 2910 1581
7 2911 1581
7 2912 1583
7 2913 10450
7 2914 1583
7 2915 10450
7 2916 1584
7 2917 1584
7 2918 1584
7 2919 10480
7 2920 1583
7 2921 10470
7 2922 1584
7 2923 1584
7 2924 1584
7 2925 10484
7 2926 1583
7 2927 10466
7 2928 1581
7 2929 1581
7 2930 1584
7 2931 8881
7 2932 1584
7 2933 8879
7 2934 1580
7 2935 1580
7 2936 1583
7 2937 10448
7 2938 1583
7 2939 10448
7 2940 1583
7 2941 8920
7 2942 1583
7 2943 10478
7 2944 8832
7 2945 10462
7 2946 1583
7 2947 8922
7 2948 1583
7 2949 10478
7 2950 8832
7 2951 10462
7 2952 1581
7 2953 1583
7 2954 1582
7 2955 8920
7 2956 1582
7 2957 8922
7 2958 1582
7 2959 1583
7 2960 1582
7 2961 10462
7 2962 1584
7 2963 10478
7 2964 1582
7 2965 8918
7 2966 1582
7 2967 10462
7 2968 8867
7 2969 10478
7 2970 1581
7 2971 8834
7 2972 1581
7 2973 10448
7 2974 8830
7 2975 10448
7 2976 1581
7 2977 1583
7 2978 1582
7 2979 8916
7 2980 1583
7 2981 8917
7 2982 1582
7 2983 1583
7 2984 1582
7 2985 10466
7 2986 1584
7 2987 10484
7 2988 1582
7 2989 8920
7 2990 1582
7 2991 10470
7 2992 8867
7 2993 10480
7 2994 1581
7 2995 8834
7 2996 1581
7 2997 10450
7 2998 8830
7 2999 10450
7 3000 1580
7 3001 1580
7 3002 1582
7 3003 1581
7 3004 1582
7 3005 1581
7 3006 1580
7 3007 1580
7 3008 1583
7 3009 8878
7 3010 1583
7 3011 8876
7 3012 1582
7 3013 1583
7 3014 1582
7 3015 8912
7 3016 1581
7 3017 8878
7 3018 1582
7 3019 1583
7 3020 1582
7 3021 8910
7 3022 1581
7 3023 8872
7 3024 1581
7 3025 1581
7 3026 1582
7 3027 1581
7 3028 1582
7 3029 1581
7 3030 1579
7 3031 1579
7 3032 1581
7 3033 3508
7 3034 1581
7 3035 3511
7 3036 1583
7 3037 1583
7 3038 1583
7 3039 3513
7 3040 1582
7 3041 3513
7 3042 1583
7 3043 1583
7 3044 1583
7 3045 3513
7 3046 1582
7 3047 3513
7 3048 1581
7 3049 1581
7 3050 1584
7 3051 8880
7 3052 1584
7 3053 8877
7 3054 1581
7 3055 1581
7 3056 1582
7 3057 3513
7 3058 1582
7 3059 3513
7 3060 1584
7 3061 8920
7 3062 1584
7 3063 3516
7 3064 8875
7 3065 3513
7 3066 1584
7 3067 8921
7 3068 1584
7 3069 3516
7 3070 8875
7 3071 3513
7 3072 1583
7 3073 1584
7 3074 1583
7 3075 8926
7 3076 1583
7 3077 8925
7 3078 1584
7 3079 1584
7 3080 1582
7 3081 3514
7 3082 1584
7 3083 3511
7 3084 1584
7 3085 8920
7 3086 1583
7 3087 3515
7 3088 8911
7 3089 3514
7 3090 1582
7 3091 8882
7 3092 1583
7 3093 3512
7 3094 8879
7 3095 3512
7 3096 1583
7 3097 1584
7 3098 1583
7 3099 8920
7 3100 1583
7 3101 8914
7 3102 1584
7 3103 1584
7 3104 1583
7 3105 3513
7 3106 1584
7 3107 3514
7 3108 1584
7 3109 8921
7 3110 1583
7 3111 3515
7 3112 8910
7 3113 3514
7 3114 1582
7 3115 8881
7 3116 1583
7 3117 3512
7 3118 8877
7 3119 3512
7 3120 1581
7 3121 1581
7 3122 1582
7 3123 1581
7 3124 1582
7 3125 1581
7 3126 1581
7 3127 1581
7 3128 1584
7 3129 10462
7 3130 1584
7 3131 10462
7 3132 1584
7 3133 1584
7 3134 1583
7 3135 10480
7 3136 1583
7 3137 10470
7 3138 1584
7 3139 1584
7 3140 1584
7 3141 10484
7 3142 1583
7 3143 10454
7 3144 1580
7 3145 1580
7 3146 1581
7 3147 1581
7 3148 1582
7 3149 1580
7 3150 1581
7 3151 1581
7 3152 1582
7 3153 3512
7 3154 1582
7 3155 3513
7 3156 1582
7 3157 1583
7 3158 1582
7 3159 3514
7 3160 1582
7 3161 3513
7 3162 1583
7 3163 1582
7 3164 1583
7 3165 3514
7 3166 1582
7 3167 3512
7 3168 1579
7 3169 1579
7 3170 1582
7 3171 10438
7 3172 1582
7 3173 10438
7 3174 1579
7 3175 1579
7 3176 1581
7 3177 3511
7 3178 1581
7 3179 3511
7 3180 1581
7 3181 10450
7 3182 1581
7 3183 3510
7 3184 10426
7 3185 3466
7 3186 1581
7 3187 10450
7 3188 1581
7 3189 3510
7 3190 10426
7 3191 3466
7 3192 1583
7 3193 1583
7 3194 1583
7 3195 10480
7 3196 1584
7 3197 10482
7 3198 1583
7 3199 1583
7 3200 1583
7 3201 3515
7 3202 1584
7 3203 3516
7 3204 1581
7 3205 10454
7 3206 1581
7 3207 3510
7 3208 10442
7 3209 3467
7 3210 1582
7 3211 10470
7 3212 1582
7 3213 3509
7 3214 10458
7 3215 3468
7 3216 1583
7 3217 1583
7 3218 1584
7 3219 10484
7 3220 1584
7 3221 10466
7 3222 1583
7 3223 1583
7 3224 1584
7 3225 3515
7 3226 1583
7 3227 3515
7 3228 1583
7 3229 10482
7 3230 1583
7 3231 3512
7 3232 10458
7 3233 3468
7 3234 1582
7 3235 10468
7 3236 1582
7 3237 3509
7 3238 10442
7 3239 3467
7 3240 1579
7 3241 1579
7 3242 1582
7 3243 8838
7 3244 1582
7 3245 8838
7 3246 1580
7 3247 1580
7 3248 1583
7 3249 10446
7 3250 1583
7 3251 10446
7 3252 1582
7 3253 8881
7 3254 1582
7 3255 10466
7 3256 8793
7 3257 10450
7 3258 1582
7 3259 8881
7 3260 1582
7 3261 10468
7 3262 8793
7 3263 10450
7 3264 1580
7 3265 1580
7 3266 1582
7 3267 8837
7 3268 1582
7 3269 8832
7 3270 1579
7 3271 1579
7 3272 1581
7 3273 3511
7 3274 1581
7 3275 3511
7 3276 1583
7 3277 8880
7 3278 1583
7 3279 3513
7 3280 8837
7 3281 3512
7 3282 1583
7 3283 8874
7 3284 1583
7 3285 3513
7 3286 8837
7 3287 3512
7 3288 1579
7 3289 1579
7 3290 1582
7 3291 10434
7 3292 1582
7 3293 10434
7 3294 1578
7 3295 1578
7 3296 1580
7 3297 3509
7 3298 1580
7 3299 3509
7 3300 1580
7 3301 10434
7 3302 1580
7 3303 3509
7 3304 10410
7 3305 3465
7 3306 1581
7 3307 10446
7 3308 1581
7 3309 3509
7 3310 10410
7 3311 3465
7 3312 1580
7 3313 8833
7 3314 1580
7 3315 10454
7 3316 8789
7 3317 10450
7 3318 1580
7 3319 8833
7 3320 1580
7 3321 3509
7 3322 8832
7 3323 3508
7 3324 1580
7 3325 10454
7 3326 1580
7 3327 3509
7 3328 10442
7 3329 3467
7 3330 8739
7 3331 10426
7 3332 8739
7 3333 3463
7 3334 10426
7 3335 3463
7 3336 1581
7 3337 8876
7 3338 1581
7 3339 10468
7 3340 8832
7 3341 10462
7 3342 1581
7 3343 8875
7 3344 1581
7 3345 3510
7 3346 8868
7 3347 3509
7 3348 1581
7 3349 10468
7 3350 1581
7 3351 3510
7 3352 10442
7 3353 3467
7 3354 8739
7 3355 10426
7 3356 8739
7 3357 3463
7 3358 10426
7 3359 3463
7 3360 1579
7 3361 1581
7 3362 1580
7 3363 8875
7 3364 1581
7 3365 8878
7 3366 1580
7 3367 1581
7 3368 1581
7 3369 10450
7 3370 1583
7 3371 10468
7 3372 1581
7 3373 8878
7 3374 1580
7 3375 10450
7 3376 8835
7 3377 10466
7 3378 1580
7 3379 8832
7 3380 1581
7 3381 10446
7 3382 8833
7 3383 10446
7 3384 1580
7 3385 1581
7 3386 1580
7 3387 8877
7 3388 1581
7 3389 8878
7 3390 1581
7 3391 1581
7 3392 1579
7 3393 3508
7 3394 1582
7 3395 3509
7 3396 1581
7 3397 8878
7 3398 1581
7 3399 3513
7 3400 8876
7 3401 3513
7 3402 1582
7 3403 8878
7 3404 1583
7 3405 3508
7 3406 8878
7 3407 3512
7 3408 1581
7 3409 1581
7 3410 1581
7 3411 10462
7 3412 1583
7 3413 10468
7 3414 1580
7 3415 1581
7 3416 1581
7 3417 3513
7 3418 1582
7 3419 3513
7 3420 1579
7 3421 10438
7 3422 1579
7 3423 3508
7 3424 10426
7 3425 3466
7 3426 1582
7 3427 10468
7 3428 1582
7 3429 3509
7 3430 10442
7 3431 3467
7 3432 1579
7 3433 8831
7 3434 1580
7 3435 10450
7 3436 8789
7 3437 10454
7 3438 1580
7 3439 8831
7 3440 1579
7 3441 3508
7 3442 8830
7 3443 3508
7 3444 1579
7 3445 10438
7 3446 1579
7 3447 3508
7 3448 10426
7 3449 3466
7 3450 8774
7 3451 10442
7 3452 8774
7 3453 3464
7 3454 10442
7 3455 3464
7 3456 1578
7 3457 8782
7 3458 1579
7 3459 10434
7 3460 8784
7 3461 10422
7 3462 1579
7 3463 8783
7 3464 1580
7 3465 3461
7 3466 8782
7 3467 3504
7 3468 1580
7 3469 10434
7 3470 1579
7 3471 3504
7 3472 10410
7 3473 3462
7 3474 8737
7 3475 10422
7 3476 8737
7 3477 3461
7 3478 10410
7 3479 3462
7 3480 1580
7 3481 1582
7 3482 1581
7 3483 8911
7 3484 1582
7 3485 8912
7 3486 1581
7 3487 1582
7 3488 1582
7 3489 10466
7 3490 1584
7 3491 10484
7 3492 1582
7 3493 8915
7 3494 1581
7 3495 10470
7 3496 8871
7 3497 10480
7 3498 1582
7 3499 8873
7 3500 1582
7 3501 10462
7 3502 8869
7 3503 10462
7 3504 1581
7 3505 1582
7 3506 1581
7 3507 8913
7 3508 1582
7 3509 8912
7 3510 1582
7 3511 1582
7 3512 1581
7 3513 3506
7 3514 1583
7 3515 3510
7 3516 1582
7 3517 8916
7 3518 1582
7 3519 3514
7 3520 8909
7 3521 3514
7 3522 1583
7 3523 8911
7 3524 1584
7 3525 3511
7 3526 8913
7 3527 3513
7 3528 1582
7 3529 1582
7 3530 1582
7 3531 10478
7 3532 1584
7 3533 10484
7 3534 1581
7 3535 1582
7 3536 1582
7 3537 3514
7 3538 1583
7 3539 3514
7 3540 1581
7 3541 10468
7 3542 1581
7 3543 3510
7 3544 10442
7 3545 3467
7 3546 1583
7 3547 10470
7 3548 1583
7 3549 3509
7 3550 10458
7 3551 3468
7 3552 1581
7 3553 8909
7 3554 1582
7 3555 10482
7 3556 8867
7 3557 10480
7 3558 1582
7 3559 8906
7 3560 1581
7 3561 3510
7 3562 8904
7 3563 3510
7 3564 1581
7 3565 10470
7 3566 1581
7 3567 3510
7 3568 10458
7 3569 3468
7 3570 8774
7 3571 10442
7 3572 8774
7 3573 3464
7 3574 10442
7 3575 3464
7 3576 1579
7 3577 8784
7 3578 1579
7 3579 10438
7 3580 8784
7 3581 10426
7 3582 1579
7 3583 8784
7 3584 1580
7 3585 3463
7 3586 8784
7 3587 3504
7 3588 1580
7 3589 10438
7 3590 1579
7 3591 3504
7 3592 10426
7 3593 3463
7 3594 8772
7 3595 10438
7 3596 8772
7 3597 3462
7 3598 10426
7 3599 3463
7 3600 1579
7 3601 1581
7 3602 1580
7 3603 1582
7 3604 1581
7 3605 1581
7 3606 1580
7 3607 1581
7 3608 1581
7 3609 8877
7 3610 1583
7 3611 8911
7 3612 1581
7 3613 1583
7 3614 1580
7 3615 8876
7 3616 1582
7 3617 8910
7 3618 1581
7 3619 1581
7 3620 1581
7 3621 8880
7 3622 1581
7 3623 8873
7 3624 1580
7 3625 1581
7 3626 1580
7 3627 1582
7 3628 1581
7 3629 1581
7 3630 1582
7 3631 1582
7 3632 1581
7 3633 10450
7 3634 1583
7 3635 10470
7 3636 1582
7 3637 1584
7 3638 1582
7 3639 10454
7 3640 1584
7 3641 10486
7 3642 1583
7 3643 1583
7 3644 1584
7 3645 10468
7 3646 1584
7 3647 10470
7 3648 1582
7 3649 1582
7 3650 1582
7 3651 8915
7 3652 1584
7 3653 8912
7 3654 1580
7 3655 1581
7 3656 1582
7 3657 10454
7 3658 1583
7 3659 10468
7 3660 1581
7 3661 8879
7 3662 1581
7 3663 10450
7 3664 8832
7 3665 10466
7 3666 1583
7 3667 8910
7 3668 1583
7 3669 10482
7 3670 8867
7 3671 10480
7 3672 1581
7 3673 1583
7 3674 1582
7 3675 8920
7 3676 1583
7 3677 8923
7 3678 1582
7 3679 1583
7 3680 1581
7 3681 10450
7 3682 1584
7 3683 10482
7 3684 1581
7 3685 8878
7 3686 1580
7 3687 10448
7 3688 8832
7 3689 10464
7 3690 1582
7 3691 8873
7 3692 1582
7 3693 10462
7 3694 8865
7 3695 10462
7 3696 1580
7 3697 1581
7 3698 1581
7 3699 8873
7 3700 1582
7 3701 8833
7 3702 1581
7 3703 1581
7 3704 1582
7 3705 10446
7 3706 1582
7 3707 10450
7 3708 1582
7 3709 8875
7 3710 1581
7 3711 10450
7 3712 8829
7 3713 10446
7 3714 1581
7 3715 8871
7 3716 1582
7 3717 10446
7 3718 8830
7 3719 10446
7 3720 1580
7 3721 1581
7 3722 1580
7 3723 1582
7 3724 1581
7 3725 1581
7 3726 1580
7 3727 1581
7 3728 1581
7 3729 8878
7 3730 1583
7 3731 8913
7 3732 1581
7 3733 1583
7 3734 1580
7 3735 8876
7 3736 1582
7 3737 8910
7 3738 1581
7 3739 1581
7 3740 1581
7 3741 8880
7 3742 1581
7 3743 8872
7 3744 1581
7 3745 1582
7 3746 1581
7 3747 1582
7 3748 1581
7 3749 1581
7 3750 1581
7 3751 1581
7 3752 1579
7 3753 3505
7 3754 1582
7 3755 3509
7 3756 1583
7 3757 1583
7 3758 1581
7 3759 3513
7 3760 1583
7 3761 3514
7 3762 1582
7 3763 1582
7 3764 1583
7 3765 3511
7 3766 1583
7 3767 3513
7 3768 1582
7 3769 1582
7 3770 1583
7 3771 8921
7 3772 1584
7 3773 8915
7 3774 1582
7 3775 1582
7 3776 1581
7 3777 3513
7 3778 1582
7 3779 3514
7 3780 1582
7 3781 8881
7 3782 1582
7 3783 3514
7 3784 8876
7 3785 3513
7 3786 1584
7 3787 8920
7 3788 1584
7 3789 3515
7 3790 8912
7 3791 3514
7 3792 1583
7 3793 1584
7 3794 1582
7 3795 8919
7 3796 1583
7 3797 8924
7 3798 1584
7 3799 1584
7 3800 1582
7 3801 3514
7 3802 1584
7 3803 3516
7 3804 1583
7 3805 8883
7 3806 1581
7 3807 3513
7 3808 8877
7 3809 3513
7 3810 1583
7 3811 8918
7 3812 1584
7 3813 3513
7 3814 8914
7 3815 3513
7 3816 1582
7 3817 1582
7 3818 1582
7 3819 8885
7 3820 1582
7 3821 8874
7 3822 1583
7 3823 1583
7 3824 1583
7 3825 3508
7 3826 1584
7 3827 3514
7 3828 1584
7 3829 8922
7 3830 1583
7 3831 3514
7 3832 8877
7 3833 3512
7 3834 1583
7 3835 8919
7 3836 1584
7 3837 3512
7 3838 8879
7 3839 3512
7 3840 1581
7 3841 1582
7 3842 1581
7 3843 1582
7 3844 1581
7 3845 1581
7 3846 1582
7 3847 1582
7 3848 1583
7 3849 10462
7 3850 1584
7 3851 10482
7 3852 1583
7 3853 1584
7 3854 1582
7 3855 10466
7 3856 1584
7 3857 10486
7 3858 1583
7 3859 1583
7 3860 1584
7 3861 10468
7 3862 1584
7 3863 10470
7 3864 1580
7 3865 1581
7 3866 1580
7 3867 1582
7 3868 1581
7 3869 1581
7 3870 1582
7 3871 1582
7 3872 1581
7 3873 3513
7 3874 1582
7 3875 3514
7 3876 1582
7 3877 1583
7 3878 1581
7 3879 3513
7 3880 1583
7 3881 3514
7 3882 1582
7 3883 1582
7 3884 1583
7 3885 3513
7 3886 1583
7 3887 3513
7 3888 1581
7 3889 1581
7 3890 1582
7 3891 10464
7 3892 1583
7 3893 10470
7 3894 1581
7 3895 1581
7 3896 1582
7 3897 3514
7 3898 1582
7 3899 3514
7 3900 1579
7 3901 10438
7 3902 1579
7 3903 3508
7 3904 10426
7 3905 3466
7 3906 1582
7 3907 10470
7 3908 1582
7 3909 3511
7 3910 10458
7 3911 3468
7 3912 1582
7 3913 1583
7 3914 1583
7 3915 10478
7 3916 1584
7 3917 10486
7 3918 1583
7 3919 1583
7 3920 1582
7 3921 3514
7 3922 1584
7 3923 3516
7 3924 1581
7 3925 10454
7 3926 1581
7 3927 3510
7 3928 10442
7 3929 3467
7 3930 1583
7 3931 10486
7 3932 1583
7 3933 3510
7 3934 10474
7 3935 3469
7 3936 1582
7 3937 1582
7 3938 1584
7 3939 10468
7 3940 1584
7 3941 10470
7 3942 1582
7 3943 1582
7 3944 1584
7 3945 3512
7 3946 1584
7 3947 3514
7 3948 1583
7 3949 10478
7 3950 1583
7 3951 3512
7 3952 10442
7 3953 3467
7 3954 1583
7 3955 10482
7 3956 1583
7 3957 3510
7 3958 10458
7 3959 3468
7 3960 1581
7 3961 1581
7 3962 1583
7 3963 8917
7 3964 1583
7 3965 8913
7 3966 1582
7 3967 1582
7 3968 1584
7 3969 10478
7 3970 1584
7 3971 10478
7 3972 1582
7 3973 8917
7 3974 1583
7 3975 10474
7 3976 8871
7 3977 10478
7 3978 1583
7 3979 8914
7 3980 1583
7 3981 10484
7 3982 8869
7 3983 10480
7 3984 1582
7 3985 1582
7 3986 1582
7 3987 8907
7 3988 1583
7 3989 8865
7 3990 1581
7 3991 1581
7 3992 1582
7 3993 3513
7 3994 1582
7 3995 3514
7 3996 1583
7 3997 8916
7 3998 1582
7 3999 3514
7 4000 8910
7 4001 3514
7 4002 1584
7 4003 8870
7 4004 1584
7 4005 3515
7 4006 8909
7 4007 3513
7 4008 1581
7 4009 1581
7 4010 1583
7 4011 10466
7 4012 1583
7 4013 10466
7 4014 1580
7 4015 1580
7 4016 1581
7 4017 3512
7 4018 1581
7 4019 3512
7 4020 1581
7 4021 10454
7 4022 1581
7 4023 3510
7 4024 10442
7 4025 3467
7 4026 1582
7 4027 10466
7 4028 1582
7 4029 3510
7 4030 10442
7 4031 3467
7 4032 1579
7 4033 8831
7 4034 1580
7 4035 10450
7 4036 8789
7 4037 10454
7 4038 1580
7 4039 8831
7 4040 1579
7 4041 3508
7 4042 8830
7 4043 3508
7 4044 1579
7 4045 10438
7 4046 1579
7 4047 3508
7 4048 10426
7 4049 3466
7 4050 8774
7 4051 10442
7 4052 8774
7 4053 3464
7 4054 10442
7 4055 3464
7 4056 1582
7 4057 8906
7 4058 1582
7 4059 10484
7 4060 8864
7 4061 10480
7 4062 1582
7 4063 8902
7 4064 1582
7 4065 3509
7 4066 8863
7 4067 3509
7 4068 1582
7 4069 10484
7 4070 1582
7 4071 3511
7 4072 10458
7 4073 3468
7 4074 8774
7 4075 10442
7 4076 8774
7 4077 3464
7 4078 10442
7 4079 3464
7 4080 1579
7 4081 1581
7 4082 1580
7 4083 8875
7 4084 1581
7 4085 8878
7 4086 1580
7 4087 1581
7 4088 1581
7 4089 10450
7 4090 1583
7 4091 10470
7 4092 1581
7 4093 8878
7 4094 1580
7 4095 10448
7 4096 8835
7 4097 10462
7 4098 1581
7 4099 8834
7 4100 1581
7 4101 10450
7 4102 8833
7 4103 10450
7 4104 1580
7 4105 1581
7 4106 1580
7 4107 8877
7 4108 1581
7 4109 8878
7 4110 1581
7 4111 1581
7 4112 1579
7 4113 3508
7 4114 1582
7 4115 3509
7 4116 1581
7 4117 8877
7 4118 1581
7 4119 3513
7 4120 8875
7 4121 3513
7 4122 1582
7 4123 8878
7 4124 1583
7 4125 3510
7 4126 8879
7 4127 3512
7 4128 1581
7 4129 1581
7 4130 1581
7 4131 10462
7 4132 1583
7 4133 10470
7 4134 1580
7 4135 1581
7 4136 1581
7 4137 3513
7 4138 1582
7 4139 3513
7 4140 1579
7 4141 10438
7 4142 1579
7 4143 3508
7 4144 10426
7 4145 3466
7 4146 1582
7 4147 10470
7 4148 1582
7 4149 3509
7 4150 10458
7 4151 3468
7 4152 1579
7 4153 8831
7 4154 1580
7 4155 10446
7 4156 8789
7 4157 10450
7 4158 1580
7 4159 8828
7 4160 1579
7 4161 3508
7 4162 8827
7 4163 3508
7 4164 1579
7 4165 10434
7 4166 1578
7 4167 3506
7 4168 10410
7 4169 3465
7 4170 8739
7 4171 10426
7 4172 8739
7 4173 3463
7 4174 10426
7 4175 3463
7 4176 1579
7 4177 8784
7 4178 1579
7 4179 10438
7 4180 8784
7 4181 10426
7 4182 1579
7 4183 8784
7 4184 1580
7 4185 3463
7 4186 8784
7 4187 3504
7 4188 1580
7 4189 10438
7 4190 1579
7 4191 3504
7 4192 10426
7 4193 3463
7 4194 8772
7 4195 10438
7 4196 8772
7 4197 3462
7 4198 10426
7 4199 3463
7 4200 1578
7 4201 1579
7 4202 1579
7 4203 8829
7 4204 1580
7 4205 8787
7 4206 1579
7 4207 1579
7 4208 1581
7 4209 10434
7 4210 1581
7 4211 10438
7 4212 1581
7 4213 8830
7 4214 1579
7 4215 10438
7 4216 8789
7 4217 10434
7 4218 1580
7 4219 8830
7 4220 1581
7 4221 10434
7 4222 8789
7 4223 10422
7 4224 1579
7 4225 1579
7 4226 1579
7 4227 8831
7 4228 1580
7 4229 8787
7 4230 1580
7 4231 1580
7 4232 1580
7 4233 3461
7 4234 1582
7 4235 3505
7 4236 1581
7 4237 8871
7 4238 1581
7 4239 3507
7 4240 8831
7 4241 3509
7 4242 1582
7 4243 8831
7 4244 1583
7 4245 3507
7 4246 8833
7 4247 3509
7 4248 1580
7 4249 1580
7 4250 1581
7 4251 10446
7 4252 1582
7 4253 10438
7 4254 1579
7 4255 1579
7 4256 1581
7 4257 3508
7 4258 1581
7 4259 3508
7 4260 1580
7 4261 10448
7 4262 1580
7 4263 3507
7 4264 10410
7 4265 3462
7 4266 1581
7 4267 10450
7 4268 1582
7 4269 3506
7 4270 10426
7 4271 3466
7 4272 1580
7 4273 8868
7 4274 1581
7 4275 10462
7 4276 8827
7 4277 10458
7 4278 1581
7 4279 8826
7 4280 1580
7 4281 3506
7 4282 8826
7 4283 3505
7 4284 1580
7 4285 10450
7 4286 1579
7 4287 3507
7 4288 10426
7 4289 3466
7 4290 8737
7 4291 10422
7 4292 8737
7 4293 3461
7 4294 10410
7 4295 3462
7 4296 1578
7 4297 8782
7 4298 1579
7 4299 10434
7 4300 8784
7 4301 10422
7 4302 1579
7 4303 8783
7 4304 1580
7 4305 3461
7 4306 8782
7 4307 3504
7 4308 1580
7 4309 10434
7 4310 1579
7 4311 3504
7 4312 10410
7 4313 3462
7 4314 8737
7 4315 10422
7 4316 8737
7 4317 3461
7 4318 10410
7 4319 3462
7 4320 1578
7 4321 1579
7 4322 1579
7 4323 1580
7 4324 1580
7 4325 1579
7 4326 1579
7 4327 1579
7 4328 1581
7 4329 8833
7 4330 1581
7 4331 8829
7 4332 1581
7 4333 1581
7 4334 1579
7 4335 8831
7 4336 1580
7 4337 8830
7 4338 1580
7 4339 1581
7 4340 1581
7 4341 8829
7 4342 1580
7 4343 8783
7 4344 1579
7 4345 1579
7 4346 1579
7 4347 1580
7 4348 1580
7 4349 1579
7 4350 1581
7 4351 1581
7 4352 1581
7 4353 10434
7 4354 1583
7 4355 10438
7 4356 1582
7 4357 1583
7 4358 1582
7 4359 10438
7 4360 1582
7 4361 10454
7 4362 1583
7 4363 1582
7 4364 1584
7 4365 10454
7 4366 1583
7 4367 10438
7 4368 1581
7 4369 1581
7 4370 1582
7 4371 8872
7 4372 1583
7 4373 8830
7 4374 1579
7 4375 1579
7 4376 1582
7 4377 10438
7 4378 1582
7 4379 10438
7 4380 1581
7 4381 8874
7 4382 1581
7 4383 10454
7 4384 8787
7 4385 10434
7 4386 1582
7 4387 8869
7 4388 1583
7 4389 10454
7 4390 8789
7 4391 10454
7 4392 1581
7 4393 1583
7 4394 1582
7 4395 8912
7 4396 1582
7 4397 8911
7 4398 1582
7 4399 1582
7 4400 1581
7 4401 10454
7 4402 1583
7 4403 10454
7 4404 1581
7 4405 8871
7 4406 1579
7 4407 10438
7 4408 8789
7 4409 10454
7 4410 1580
7 4411 8832
7 4412 1581
7 4413 10434
7 4414 8787
7 4415 10434
7 4416 1580
7 4417 1581
7 4418 1581
7 4419 8873
7 4420 1582
7 4421 8831
7 4422 1581
7 4423 1581
7 4424 1582
7 4425 10434
7 4426 1582
7 4427 10450
7 4428 1582
7 4429 8869
7 4430 1581
7 4431 10450
7 4432 8785
7 4433 10434
7 4434 1580
7 4435 8831
7 4436 1581
7 4437 10434
7 4438 8785
7 4439 10422
7 4440 1579
7 4441 1579
7 4442 1579
7 4443 1580
7 4444 1580
7 4445 1579
7 4446 1579
7 4447 1579
7 4448 1581
7 4449 8834
7 4450 1581
7 4451 8831
7 4452 1581
7 4453 1581
7 4454 1579
7 4455 8831
7 4456 1580
7 4457 8830
7 4458 1580
7 4459 1581
7 4460 1581
7 4461 8829
7 4462 1580
7 4463 8783
7 4464 1580
7 4465 1580
7 4466 1580
7 4467 1580
7 4468 1580
7 4469 1580
7 4470 1580
7 4471 1580
7 4472 1580
7 4473 3461
7 4474 1582
7 4475 3505
7 4476 1583
7 4477 1583
7 4478 1581
7 4479 3507
7 4480 1582
7 4481 3510
7 4482 1582
7 4483 1582
7 4484 1583
7 4485 3508
7 4486 1582
7 4487 3510
7 4488 1581
7 4489 1581
7 4490 1583
7 4491 8881
7 4492 1583
7 4493 8875
7 4494 1581
7 4495 1581
7 4496 1581
7 4497 3509
7 4498 1582
7 4499 3510
7 4500 1582
7 4501 8882
7 4502 1582
7 4503 3512
7 4504 8832
7 4505 3509
7 4506 1583
7 4507 8914
7 4508 1584
7 4509 3512
7 4510 8834
7 4511 3512
7 4512 1583
7 4513 1584
7 4514 1582
7 4515 8915
7 4516 1583
7 4517 8917
7 4518 1584
7 4519 1584
7 4520 1582
7 4521 3513
7 4522 1584
7 4523 3510
7 4524 1583
7 4525 8881
7 4526 1581
7 4527 3512
7 4528 8834
7 4529 3512
7 4530 1582
7 4531 8878
7 4532 1583
7 4533 3511
7 4534 8836
7 4535 3511
7 4536 1582
7 4537 1582
7 4538 1582
7 4539 8878
7 4540 1582
7 4541 8832
7 4542 1583
7 4543 1583
7 4544 1583
7 4545 3508
7 4546 1584
7 4547 3512
7 4548 1584
7 4549 8916
7 4550 1583
7 4551 3514
7 4552 8834
7 4553 3511
7 4554 1582
7 4555 8877
7 4556 1583
7 4557 3511
7 4558 8833
7 4559 3509
7 4560 1580
7 4561 1580
7 4562 1580
7 4563 1580
7 4564 1580
7 4565 1580
7 4566 1581
7 4567 1581
7 4568 1583
7 4569 10446
7 4570 1584
7 4571 10450
7 4572 1583
7 4573 1583
7 4574 1582
7 4575 10450
7 4576 1583
7 4577 10454
7 4578 1583
7 4579 1583
7 4580 1584
7 4581 10454
7 4582 1583
7 4583 10438
7 4584 1579
7 4585 1579
7 4586 1579
7 4587 1580
7 4588 1580
7 4589 1579
7 4590 1581
7 4591 1581
7 4592 1581
7 4593 3508
7 4594 1582
7 4595 3512
7 4596 1582
7 4597 1583
7 4598 1581
7 4599 3510
7 4600 1582
7 4601 3512
7 4602 1582
7 4603 1581
7 4604 1583
7 4605 3512
7 4606 1582
7 4607 3510
7 4608 1580
7 4609 1580
7 4610 1582
7 4611 10448
7 4612 1583
7 4613 10450
7 4614 1580
7 4615 1580
7 4616 1582
7 4617 3511
7 4618 1582
7 4619 3512
7 4620 1580
7 4621 10448
7 4622 1580
7 4623 3507
7 4624 10410
7 4625 3462
7 4626 1582
7 4627 10462
7 4628 1582
7 4629 3511
7 4630 10426
7 4631 3466
7 4632 1582
7 4633 1583
7 4634 1583
7 4635 10474
7 4636 1583
7 4637 10478
7 4638 1583
7 4639 1583
7 4640 1582
7 4641 3512
7 4642 1584
7 4643 3513
7 4644 1581
7 4645 10450
7 4646 1581
7 4647 3510
7 4648 10426
7 4649 3466
7 4650 1581
7 4651 10466
7 4652 1582
7 4653 3507
7 4654 10442
7 4655 3467
7 4656 1582
7 4657 1582
7 4658 1584
7 4659 10466
7 4660 1584
7 4661 10450
7 4662 1582
7 4663 1582
7 4664 1584
7 4665 3512
7 4666 1583
7 4667 3513
7 4668 1583
7 4669 10478
7 4670 1583
7 4671 3512
7 4672 10442
7 4673 3467
7 4674 1582
7 4675 10464
7 4676 1582
7 4677 3509
7 4678 10426
7 4679 3466
7 4680 1580
7 4681 1580
7 4682 1583
7 4683 8880
7 4684 1583
7 4685 8874
7 4686 1581
7 4687 1581
7 4688 1584
7 4689 10462
7 4690 1584
7 4691 10462
7 4692 1582
7 4693 8918
7 4694 1583
7 4695 10478
7 4696 8833
7 4697 10460
7 4698 1582
7 4699 8916
7 4700 1583
7 4701 10480
7 4702 8833
7 4703 10466
7 4704 1581
7 4705 1581
7 4706 1582
7 4707 8871
7 4708 1583
7 4709 8829
7 4710 1580
7 4711 1580
7 4712 1582
7 4713 3509
7 4714 1582
7 4715 3512
7 4716 1583
7 4717 8918
7 4718 1582
7 4719 3510
7 4720 8874
7 4721 3513
7 4722 1584
7 4723 8873
7 4724 1584
7 4725 3511
7 4726 8873
7 4727 3512
7 4728 1580
7 4729 1580
7 4730 1583
7 4731 10450
7 4732 1583
7 4733 10450
7 4734 1579
7 4735 1579
7 4736 1581
7 4737 3510
7 4738 1581
7 4739 3510
7 4740 1581
7 4741 10450
7 4742 1581
7 4743 3510
7 4744 10426
7 4745 3466
7 4746 1582
7 4747 10462
7 4748 1582
7 4749 3510
7 4750 10426
7 4751 3466
7 4752 1580
7 4753 8872
7 4754 1581
7 4755 10466
7 4756 8829
7 4757 10460
7 4758 1581
7 4759 8871
7 4760 1580
7 4761 3509
7 4762 8869
7 4763 3506
7 4764 1580
7 4765 10454
7 4766 1580
7 4767 3509
7 4768 10442
7 4769 3467
7 4770 8737
7 4771 10422
7 4772 8737
7 4773 3461
7 4774 10410
7 4775 3462
7 4776 1581
7 4777 8904
7 4778 1582
7 4779 10480
7 4780 8864
7 4781 10478
7 4782 1582
7 4783 8900
7 4784 1582
7 4785 3507
7 4786 8862
7 4787 3509
7 4788 1582
7 4789 10480
7 4790 1582
7 4791 3511
7 4792 10442
7 4793 3467
7 4794 8774
7 4795 10442
7 4796 8774
7 4797 3464
7 4798 10442
7 4799 3464
7 4800 1580
7 4801 1582
7 4802 1581
7 4803 8911
7 4804 1582
7 4805 8912
7 4806 1581
7 4807 1582
7 4808 1582
7 4809 10466
7 4810 1584
7 4811 10480
7 4812 1582
7 4813 8915
7 4814 1581
7 4815 10464
7 4816 8871
7 4817 10478
7 4818 1581
7 4819 8871
7 4820 1582
7 4821 10458
7 4822 8869
7 4823 10458
7 4824 1581
7 4825 1582
7 4826 1581
7 4827 8911
7 4828 1582
7 4829 8908
7 4830 1582
7 4831 1582
7 4832 1580
7 4833 3506
7 4834 1583
7 4835 3510
7 4836 1582
7 4837 8913
7 4838 1582
7 4839 3514
7 4840 8909
7 4841 3514
7 4842 1583
7 4843 8910
7 4844 1584
7 4845 3509
7 4846 8910
7 4847 3513
7 4848 1582
7 4849 1582
7 4850 1582
7 4851 10478
7 4852 1584
7 4853 10468
7 4854 1581
7 4855 1581
7 4856 1582
7 4857 3513
7 4858 1582
7 4859 3513
7 4860 1580
7 4861 10454
7 4862 1580
7 4863 3509
7 4864 10442
7 4865 3467
7 4866 1583
7 4867 10468
7 4868 1583
7 4869 3509
7 4870 10442
7 4871 3467
7 4872 1580
7 4873 8874
7 4874 1581
7 4875 10462
7 4876 8832
7 4877 10466
7 4878 1581
7 4879 8867
7 4880 1580
7 4881 3509
7 4882 8866
7 4883 3509
7 4884 1580
7 4885 10450
7 4886 1579
7 4887 3507
7 4888 10426
7 4889 3466
7 4890 8774
7 4891 10442
7 4892 8774
7 4893 3464
7 4894 10442
7 4895 3464
7 4896 1578
7 4897 8782
7 4898 1579
7 4899 10434
7 4900 8784
7 4901 10422
7 4902 1579
7 4903 8783
7 4904 1580
7 4905 3461
7 4906 8782
7 4907 3504
7 4908 1580
7 4909 10434
7 4910 1579
7 4911 3504
7 4912 10410
7 4913 3462
7 4914 8736
7 4915 10422
7 4916 8736
7 4917 3461
7 4918 10410
7 4919 3462
7 4920 1578
7 4921 1579
7 4922 1579
7 4923 8829
7 4924 1580
7 4925 8787
7 4926 1579
7 4927 1579
7 4928 1581
7 4929 10434
7 4930 1581
7 4931 10438
7 4932 1581
7 4933 8830
7 4934 1579
7 4935 10438
7 4936 8789
7 4937 10434
7 4938 1580
7 4939 8830
7 4940 1581
7 4941 10434
7 4942 8789
7 4943 10422
7 4944 1579
7 4945 1579
7 4946 1579
7 4947 8831
7 4948 1580
7 4949 8787
7 4950 1580
7 4951 1580
7 4952 1580
7 4953 3461
7 4954 1582
7 4955 3505
7 4956 1581
7 4957 8871
7 4958 1581
7 4959 3507
7 4960 8831
7 4961 3509
7 4962 1582
7 4963 8831
7 4964 1583
7 4965 3507
7 4966 8833
7 4967 3509
7 4968 1580
7 4969 1580
7 4970 1581
7 4971 10446
7 4972 1582
7 4973 10438
7 4974 1579
7 4975 1579
7 4976 1581
7 4977 3508
7 4978 1581
7 4979 3508
7 4980 1580
7 4981 10448
7 4982 1580
7 4983 3507
7 4984 10410
7 4985 3462
7 4986 1581
7 4987 10450
7 4988 1582
7 4989 3506
7 4990 10426
7 4991 3466
7 4992 1580
7 4993 8868
7 4994 1581
7 4995 10462
7 4996 8827
7 4997 10458
7 4998 1581
7 4999 8826
7 5000 1580
7 5001 3506
7 5002 8826
7 5003 3505
7 5004 1580
7 5005 10450
7 5006 1579
7 5007 3507
7 5008 10426
7 5009 3466
7 5010 8737
7 5011 10422
7 5012 8737
7 5013 3461
7 5014 10410
7 5015 3462
7 5016 1578
7 5017 8782
7 5018 1579
7 5019 10434
7 5020 8784
7 5021 10422
7 5022 1579
7 5023 8783
7 5024 1580
7 5025 3461
7 5026 8782
7 5027 3504
7 5028 1580
7 5029 10434
7 5030 1579
7 5031 3504
7 5032 10410
7 5033 3462
7 5034 8737
7 5035 10422
7 5036 8737
7 5037 3461
7 5038 10410
7 5039 3462
