3 0 362880
3 1 362880
3 2 362880
3 3 362550
3 4 362430
3 5 361450
4 0 359344
4 1 358920
4 2 359300
4 3 353495
4 4 359380
4 5 353222
4 6 354648
4 7 352234
4 8 356284
4 9 331668
4 10 357070
4 11 337930
4 12 336860
4 13 324288
4 14 335124
4 15 299467
4 16 324169
4 17 296012
4 18 332424
4 19 312228
4 20 336713
4 21 274654
4 22 311763
4 23 275050
5 0 232497
5 1 284808
5 2 231439
5 3 260812
5 4 288492
5 5 260721
5 6 231665
5 7 284623
5 8 240885
5 9 195161
5 10 290663
5 11 200936
5 12 240957
5 13 262648
5 14 231161
5 15 200284
5 16 263339
5 17 194441
5 18 288872
5 19 263322
5 20 291095
5 21 194849
5 22 263441
5 23 192512
5 24 262962
5 25 288576
5 26 262718
5 27 253888
5 28 289368
5 29 253888
5 30 270034
5 31 290520
5 32 273178
5 33 206730
5 34 299056
5 35 210612
5 36 275028
5 37 264886
5 38 276460
5 39 210342
5 40 266270
5 41 210880
5 42 298784
5 43 266660
5 44 299732
5 45 210858
5 46 273094
5 47 211616
5 48 195448
5 49 227580
5 50 198735
5 51 161306
5 52 234404
5 53 161771
5 54 194855
5 55 226994
5 56 199965
5 57 143170
5 58 234503
5 59 143177
5 60 199082
5 61 159502
5 62 199126
5 63 145572
5 64 156595
5 65 142505
5 66 234024
5 67 164237
5 68 239317
5 69 145585
5 70 161983
5 71 145673
5 72 147837
5 73 182190
5 74 147734
5 75 122206
5 76 182265
5 77 119508
5 78 148049
5 79 182165
5 80 146936
5 81 102676
5 82 185725
5 83 102595
5 84 146877
5 85 121760
5 86 142687
5 87 102075
5 88 121254
5 89 101953
5 90 178193
5 91 118178
5 92 182489
5 93 101027
5 94 117655
5 95 101072
5 96 199626
5 97 178818
5 98 201152
5 99 118841
5 100 181989
5 101 118511
5 102 201488
5 103 178818
5 104 202314
5 105 101017
5 106 182001
5 107 102510
5 108 202289
5 109 118790
5 110 201696
5 111 102510
5 112 117611
5 113 101027
5 114 178193
5 115 118178
5 116 182489
5 117 101027
5 118 117655
5 119 101072
6 0 49832
6 1 101931
6 2 49815
6 3 114763
6 4 102018
6 5 114763
6 6 49823
6 7 101828
6 8 51139
6 9 59742
6 10 102145
6 11 61172
6 12 51148
6 13 116313
6 14 49759
6 15 61159
6 16 116744
6 17 59974
6 18 102290
6 19 116411
6 20 102162
6 21 59980
6 22 116703
6 23 59690
6 24 49783
6 25 101732
6 26 49749
6 27 114723
6 28 101906
6 29 114723
6 30 50919
6 31 104556
6 32 52336
6 33 39151
6 34 105341
6 35 39294
6 36 51934
6 37 117969
6 38 52255
6 39 39286
6 40 118735
6 41 39389
6 42 103495
6 43 118062
6 44 105476
6 45 39390
6 46 119645
6 47 39215
6 48 50926
6 49 104556
6 50 51971
6 51 61549
6 52 105115
6 53 61826
6 54 49708
6 55 101785
6 56 52067
6 57 39279
6 58 103923
6 59 39276
6 60 52015
6 61 60713
6 62 51838
6 63 39365
6 64 60441
6 65 39158
6 66 105563
6 67 62245
6 68 104688
6 69 39294
6 70 62091
6 71 39229
6 72 52137
6 73 118194
6 74 52097
6 75 62070
6 76 118574
6 77 60768
6 78 51914
6 79 118065
6 80 51819
6 81 39443
6 82 119670
6 83 39374
6 84 52178
6 85 62008
6 86 49409
6 87 39170
6 88 62082
6 89 39163
6 90 117544
6 91 60667
6 92 119104
6 93 39170
6 94 60664
6 95 38991
6 96 103506
6 97 117389
6 98 103506
6 99 60735
6 100 118616
6 101 60621
6 102 103569
6 103 117363
6 104 105362
6 105 39244
6 106 118851
6 107 39379
6 108 105320
6 109 60768
6 110 103259
6 111 39400
6 112 60641
6 113 39058
6 114 117554
6 115 60635
6 116 118915
6 117 39135
6 118 60437
6 119 38443
6 120 96704
6 121 149654
6 122 96486
6 123 132270
6 124 150506
6 125 132270
6 126 96704
6 127 149634
6 128 99348
6 129 80062
6 130 150490
6 131 82182
6 132 99348
6 133 132550
6 134 96704
6 135 82182
6 136 132602
6 137 80112
6 138 149674
6 139 132550
6 140 150486
6 141 80096
6 142 132602
6 143 80062
6 144 97230
6 145 151298
6 146 97168
6 147 132646
6 148 151580
6 149 132646
6 150 97888
6 151 151040
6 152 100336
6 153 68338
6 154 152222
6 155 68750
6 156 100768
6 157 137820
6 158 100804
6 159 68756
6 160 138718
6 161 69228
6 162 153034
6 163 136736
6 164 153456
6 165 69204
6 166 139416
6 167 68804
6 168 98170
6 169 152248
6 170 100816
6 171 83614
6 172 153298
6 173 84362
6 174 98226
6 175 152372
6 176 100850
6 177 68768
6 178 152988
6 179 68784
6 180 101542
6 181 82250
6 182 101422
6 183 69218
6 184 81844
6 185 68760
6 186 153394
6 187 84980
6 188 154162
6 189 69214
6 190 84488
6 191 69238
6 192 101470
6 193 138424
6 194 101058
6 195 84686
6 196 138092
6 197 82552
6 198 101822
6 199 138396
6 200 101790
6 201 69250
6 202 139284
6 203 69218
6 204 101048
6 205 84834
6 206 100706
6 207 68828
6 208 84464
6 209 69238
6 210 138742
6 211 82220
6 212 139100
6 213 68804
6 214 83540
6 215 68804
6 216 151096
6 217 136112
6 218 151348
6 219 82472
6 220 136490
6 221 82476
6 222 152728
6 223 136374
6 224 152930
6 225 68768
6 226 139196
6 227 69240
6 228 153914
6 229 84248
6 230 153316
6 231 69262
6 232 83924
6 233 68788
6 234 139182
6 235 82880
6 236 139312
6 237 68804
6 238 83952
6 239 68792
6 240 66808
6 241 93878
6 242 66774
6 243 84725
6 244 94052
6 245 84725
6 246 68270
6 247 94483
6 248 70949
6 249 45016
6 250 97982
6 251 45117
6 252 70121
6 253 87978
6 254 70606
6 255 45046
6 256 90893
6 257 45053
6 258 96840
6 259 88420
6 260 97899
6 261 45051
6 262 91129
6 263 44999
6 264 66799
6 265 93854
6 266 66765
6 267 84725
6 268 94028
6 269 84725
6 270 68481
6 271 94586
6 272 70266
6 273 44213
6 274 96210
6 275 44287
6 276 70185
6 277 88296
6 278 70206
6 279 44211
6 280 89121
6 281 44369
6 282 96023
6 283 86953
6 284 96418
6 285 44371
6 286 89114
6 287 44289
6 288 68367
6 289 94498
6 290 70895
6 291 45615
6 292 97272
6 293 45653
6 294 68266
6 295 94514
6 296 71008
6 297 44906
6 298 96324
6 299 44947
6 300 69729
6 301 44945
6 302 69718
6 303 44900
6 304 44160
6 305 44160
6 306 97254
6 307 46102
6 308 97578
6 309 45893
6 310 44868
6 311 44868
6 312 70126
6 313 89893
6 314 71296
6 315 46085
6 316 88981
6 317 46088
6 318 70971
6 319 90558
6 320 70955
6 321 45327
6 322 91922
6 323 45337
6 324 70909
6 325 45642
6 326 70549
6 327 45474
6 328 44827
6 329 44827
6 330 88224
6 331 45586
6 332 91600
6 333 44878
6 334 44911
6 335 44911
6 336 96921
6 337 88967
6 338 98034
6 339 45777
6 340 91818
6 341 45801
6 342 97428
6 343 89042
6 344 97938
6 345 45408
6 346 92207
6 347 45496
6 348 97726
6 349 46046
6 350 97777
6 351 45943
6 352 44921
6 353 44921
6 354 90578
6 355 45763
6 356 92656
6 357 45452
6 358 45014
6 359 45014
6 360 25234
6 361 53950
6 362 25816
6 363 31352
6 364 54323
6 365 31392
6 366 25273
6 367 54058
6 368 25962
6 369 18260
6 370 54333
6 371 18264
6 372 25923
6 373 31212
6 374 25868
6 375 18308
6 376 31678
6 377 18218
6 378 54211
6 379 31824
6 380 54373
6 381 18306
6 382 31760
6 383 18212
6 384 25272
6 385 54111
6 386 25720
6 387 31344
6 388 54336
6 389 31310
6 390 25221
6 391 53895
6 392 25875
6 393 18152
6 394 54139
6 395 18156
6 396 25888
6 397 31617
6 398 25837
6 399 18200
6 400 31701
6 401 18251
6 402 54491
6 403 31780
6 404 54384
6 405 18252
6 406 31747
6 407 18205
6 408 25225
6 409 53844
6 410 25917
6 411 18218
6 412 54202
6 413 18211
6 414 25068
6 415 53491
6 416 25726
6 417 18102
6 418 53704
6 419 18102
6 420 25878
6 421 18208
6 422 25826
6 423 18202
6 424 18101
6 425 18101
6 426 54152
6 427 18258
6 428 54153
6 429 18205
6 430 18102
6 431 18102
6 432 25808
6 433 31319
6 434 25876
6 435 18264
6 436 31180
6 437 18209
6 438 25877
6 439 31321
6 440 25745
6 441 18155
6 442 31637
6 443 18199
6 444 25835
6 445 18212
6 446 25675
6 447 18154
6 448 18149
6 449 18149
6 450 30714
6 451 18096
6 452 31129
6 453 18042
6 454 18043
6 455 18043
6 456 54094
6 457 31450
6 458 54286
6 459 18305
6 460 31809
6 461 18258
6 462 54288
6 463 31446
6 464 54235
6 465 18202
6 466 31811
6 467 18249
6 468 54238
6 469 18301
6 470 54183
6 471 18251
6 472 18147
6 473 18147
6 474 31330
6 475 18108
6 476 31460
6 477 18096
6 478 18096
6 479 18096
6 480 25731
6 481 61905
6 482 25800
6 483 31378
6 484 62466
6 485 30967
6 486 25795
6 487 62018
6 488 25931
6 489 18266
6 490 63069
6 491 18308
6 492 25912
6 493 31730
6 494 25739
6 495 18266
6 496 31836
6 497 18260
6 498 61998
6 499 31206
6 500 62644
6 501 18208
6 502 31261
6 503 18205
6 504 25801
6 505 62041
6 506 25797
6 507 31435
6 508 62574
6 509 30904
6 510 25843
6 511 62027
6 512 25844
6 513 18153
6 514 62694
6 515 18250
6 516 25864
6 517 31729
6 518 25919
6 519 18206
6 520 31797
6 521 18300
6 522 63097
6 523 31309
6 524 63068
6 525 18202
6 526 31594
6 527 18251
6 528 25836
6 529 62024
6 530 25835
6 531 18308
6 532 63016
6 533 18258
6 534 25694
6 535 61981
6 536 25837
6 537 18204
6 538 62681
6 539 18208
6 540 25740
6 541 18208
6 542 25719
6 543 18152
6 544 18149
6 545 18149
6 546 62548
6 547 18258
6 548 62673
6 549 18249
6 550 18147
6 551 18147
6 552 25821
6 553 31466
6 554 25799
6 555 18260
6 556 31760
6 557 18219
6 558 25846
6 559 31460
6 560 25751
6 561 18154
6 562 31874
6 563 18247
6 564 25711
6 565 18205
6 566 25068
6 567 18099
6 568 18103
6 569 18103
6 570 31330
6 571 18108
6 572 31460
6 573 18096
6 574 18096
6 575 18096
6 576 61349
6 577 30765
6 578 61978
6 579 18149
6 580 31115
6 581 18103
6 582 61999
6 583 30764
6 584 62018
6 585 18042
6 586 31117
6 587 18145
6 588 62019
6 589 18147
6 590 62080
6 591 18145
6 592 18042
6 593 18042
6 594 30714
6 595 18096
6 596 31129
6 597 18042
6 598 18043
6 599 18043
6 600 53491
6 601 61402
6 602 53548
6 603 30783
6 604 62016
6 605 30772
6 606 53579
6 607 61401
6 608 54093
6 609 18153
6 610 62423
6 611 18204
6 612 54089
6 613 31134
6 614 53547
6 615 18206
6 616 31152
6 617 18154
6 618 61983
6 619 31196
6 620 62559
6 621 18152
6 622 31125
6 623 18099
6 624 53582
6 625 61493
6 626 53548
6 627 30792
6 628 62067
6 629 30771
6 630 53822
6 631 61533
6 632 53983
6 633 18042
6 634 62490
6 635 18151
6 636 54089
6 637 31185
6 638 54118
6 639 18148
6 640 31163
6 641 18198
6 642 62997
6 643 31194
6 644 63013
6 645 18198
6 646 31545
6 647 18155
6 648 53822
6 649 61532
6 650 54121
6 651 18250
6 652 62422
6 653 18208
6 654 53582
6 655 61500
6 656 54148
6 657 18151
6 658 62576
6 659 18153
6 660 54009
6 661 18202
6 662 54009
6 663 18198
6 664 18042
6 665 18042
6 666 61968
6 667 18249
6 668 62510
6 669 18194
6 670 18145
6 671 18145
6 672 54036
6 673 31267
6 674 54146
6 675 18300
6 676 31188
6 677 18247
6 678 54199
6 679 31222
6 680 53983
6 681 18198
6 682 31571
6 683 18194
6 684 53932
6 685 18251
6 686 53580
6 687 18155
6 688 18145
6 689 18145
6 690 30713
6 691 18096
6 692 31129
6 693 18041
6 694 18042
6 695 18042
6 696 61349
6 697 30765
6 698 61978
6 699 18149
6 700 31115
6 701 18103
6 702 61999
6 703 30764
6 704 62018
6 705 18042
6 706 31117
6 707 18145
6 708 62019
6 709 18147
6 710 62080
6 711 18145
6 712 18042
6 713 18042
6 714 30714
6 715 18096
6 716 31129
6 717 18042
6 718 18043
6 719 18043
7 0 3776
7 1 11010
7 2 3776
7 3 24114
7 4 11010
7 5 24114
7 6 3776
7 7 11009
7 8 3796
7 9 13260
7 10 11009
7 11 13355
7 12 3796
7 13 24133
7 14 3776
7 15 13355
7 16 24136
7 17 13262
7 18 11011
7 19 24133
7 20 11009
7 21 13262
7 22 24136
7 23 13260
7 24 3776
7 25 11010
7 26 3776
7 27 24114
7 28 11010
7 29 24114
7 30 3782
7 31 11102
7 32 3802
7 33 3465
7 34 11102
7 35 3466
7 36 3801
7 37 24189
7 38 3802
7 39 3466
7 40 24205
7 41 3467
7 42 11014
7 43 24190
7 44 11103
7 45 3467
7 46 24221
7 47 3466
7 48 3782
7 49 11102
7 50 3800
7 51 13474
7 52 11104
7 53 13477
7 54 3776
7 55 11007
7 56 3801
7 57 3466
7 58 11011
7 59 3466
7 60 3800
7 61 13389
7 62 3799
7 63 3467
7 64 13385
7 65 3465
7 66 11105
7 67 13485
7 68 11105
7 69 3467
7 70 13482
7 71 3466
7 72 3800
7 73 24186
7 74 3801
7 75 13484
7 76 24189
7 77 13390
7 78 3799
7 79 24188
7 80 3799
7 81 3467
7 82 24215
7 83 3467
7 84 3802
7 85 13478
7 86 3776
7 87 3466
7 88 13482
7 89 3466
7 90 24180
7 91 13388
7 92 24201
7 93 3465
7 94 13388
7 95 3465
7 96 11013
7 97 24170
7 98 11012
7 99 13389
7 100 24189
7 101 13389
7 102 11013
7 103 24170
7 104 11102
7 105 3465
7 106 24196
7 107 3467
7 108 11102
7 109 13389
7 110 11007
7 111 3467
7 112 13388
7 113 3465
7 114 24180
7 115 13388
7 116 24201
7 117 3465
7 118 13382
7 119 3462
7 120 3775
7 121 11009
7 122 3775
7 123 24091
7 124 11009
7 125 24091
7 126 3775
7 127 11007
7 128 3796
7 129 13258
7 130 11007
7 131 13353
7 132 3796
7 133 24129
7 134 3775
7 135 13353
7 136 24135
7 137 13262
7 138 11011
7 139 24129
7 140 11007
7 141 13262
7 142 24135
7 143 13258
7 144 3818
7 145 11198
7 146 3818
7 147 24466
7 148 11198
7 149 24466
7 150 3825
7 151 11292
7 152 3845
7 153 3508
7 154 11292
7 155 3510
7 156 3847
7 157 24619
7 158 3847
7 159 3510
7 160 24646
7 161 3511
7 162 11205
7 163 24602
7 164 11296
7 165 3511
7 166 24646
7 167 3510
7 168 3821
7 169 11278
7 170 3843
7 171 13644
7 172 11288
7 173 13650
7 174 3825
7 175 11288
7 176 3847
7 177 3510
7 178 11290
7 179 3510
7 180 3848
7 181 13561
7 182 3847
7 183 3512
7 184 13556
7 185 3511
7 186 11290
7 187 13660
7 188 11298
7 189 3512
7 190 13655
7 191 3512
7 192 3843
7 193 24554
7 194 3840
7 195 13651
7 196 24560
7 197 13561
7 198 3848
7 199 24636
7 200 3848
7 201 3512
7 202 24656
7 203 3512
7 204 3849
7 205 13658
7 206 3845
7 207 3510
7 208 13655
7 209 3512
7 210 24664
7 211 13564
7 212 24668
7 213 3511
7 214 13652
7 215 3511
7 216 11125
7 217 24537
7 218 11119
7 219 13561
7 220 24543
7 221 13555
7 222 11206
7 223 24619
7 224 11297
7 225 3511
7 226 24656
7 227 3512
7 228 11296
7 229 13654
7 230 11288
7 231 3512
7 232 13654
7 233 3511
7 234 24664
7 235 13567
7 236 24668
7 237 3511
7 238 13648
7 239 3508
7 240 3818
7 241 11198
7 242 3818
7 243 24466
7 244 11198
7 245 24466
7 246 3822
7 247 11286
7 248 3845
7 249 3508
7 250 11287
7 251 3508
7 252 3843
7 253 24543
7 254 3843
7 255 3508
7 256 24574
7 257 3508
7 258 11202
7 259 24545
7 260 11287
7 261 3508
7 262 24574
7 263 3506
7 264 3775
7 265 11007
7 266 3775
7 267 24114
7 268 11007
7 269 24114
7 270 3823
7 271 11286
7 272 3847
7 273 3510
7 274 11293
7 275 3510
7 276 3843
7 277 24583
7 278 3847
7 279 3510
7 280 24645
7 281 3511
7 282 11157
7 283 24566
7 284 11293
7 285 3511
7 286 24645
7 287 3510
7 288 3824
7 289 11288
7 290 3849
7 291 3513
7 292 11294
7 293 3513
7 294 3821
7 295 11284
7 296 3848
7 297 3513
7 298 11284
7 299 3513
7 300 3846
7 301 3512
7 302 3846
7 303 3512
7 304 3509
7 305 3509
7 306 11293
7 307 3515
7 308 11297
7 309 3515
7 310 3511
7 311 3511
7 312 3847
7 313 24629
7 314 3848
7 315 3516
7 316 24657
7 317 3516
7 318 3844
7 319 24562
7 320 3846
7 321 3514
7 322 24650
7 323 3515
7 324 3848
7 325 3514
7 326 3845
7 327 3514
7 328 3511
7 329 3511
7 330 24645
7 331 3515
7 332 24664
7 333 3514
7 334 3512
7 335 3512
7 336 11206
7 337 24615
7 338 11292
7 339 3515
7 340 24676
7 341 3512
7 342 11128
7 343 24545
7 344 11285
7 345 3515
7 346 24650
7 347 3514
7 348 11300
7 349 3516
7 350 11292
7 351 3516
7 352 3512
7 353 3512
7 354 24661
7 355 3515
7 356 24664
7 357 3515
7 358 3511
7 359 3509
7 360 3823
7 361 11292
7 362 3845
7 363 13600
7 364 11295
7 365 13602
7 366 3823
7 367 11286
7 368 3848
7 369 3511
7 370 11284
7 371 3511
7 372 3846
7 373 13599
7 374 3845
7 375 3512
7 376 13689
7 377 3510
7 378 11296
7 379 13698
7 380 11296
7 381 3512
7 382 13692
7 383 3510
7 384 3822
7 385 11288
7 386 3838
7 387 13580
7 388 11290
7 389 13579
7 390 3823
7 391 11281
7 392 3850
7 393 3513
7 394 11290
7 395 3513
7 396 3843
7 397 13687
7 398 3844
7 399 3514
7 400 13672
7 401 3514
7 402 11297
7 403 13698
7 404 11291
7 405 3515
7 406 13673
7 407 3512
7 408 3824
7 409 11284
7 410 3848
7 411 3511
7 412 11289
7 413 3511
7 414 3773
7 415 10985
7 416 3840
7 417 3510
7 418 11134
7 419 3510
7 420 3848
7 421 3514
7 422 3842
7 423 3512
7 424 3511
7 425 3511
7 426 11294
7 427 3515
7 428 11248
7 429 3512
7 430 3511
7 431 3511
7 432 3846
7 433 13605
7 434 3848
7 435 3514
7 436 13603
7 437 3513
7 438 3848
7 439 13605
7 440 3840
7 441 3513
7 442 13690
7 443 3514
7 444 3848
7 445 3514
7 446 3835
7 447 3513
7 448 3513
7 449 3511
7 450 13482
7 451 3511
7 452 13596
7 453 3511
7 454 3511
7 455 3509
7 456 11296
7 457 13611
7 458 11299
7 459 3516
7 460 13700
7 461 3515
7 462 11299
7 463 13611
7 464 11300
7 465 3514
7 466 13697
7 467 3513
7 468 11300
7 469 3516
7 470 11218
7 471 3515
7 472 3513
7 473 3509
7 474 13581
7 475 3512
7 476 13607
7 477 3512
7 478 3512
7 479 3509
7 480 3841
7 481 24554
7 482 3843
7 483 13606
7 484 24573
7 485 13516
7 486 3843
7 487 24560
7 488 3846
7 489 3511
7 490 24607
7 491 3512
7 492 3846
7 493 13693
7 494 3841
7 495 3511
7 496 13700
7 497 3511
7 498 24565
7 499 13603
7 500 24587
7 501 3510
7 502 13605
7 503 3510
7 504 3843
7 505 24556
7 506 3843
7 507 13606
7 508 24579
7 509 13510
7 510 3848
7 511 24632
7 512 3848
7 513 3513
7 514 24674
7 515 3515
7 516 3846
7 517 13694
7 518 3848
7 519 3514
7 520 13697
7 521 3516
7 522 24648
7 523 13605
7 524 24692
7 525 3514
7 526 13694
7 527 3515
7 528 3847
7 529 24629
7 530 3844
7 531 3516
7 532 24656
7 533 3513
7 534 3835
7 535 24538
7 536 3845
7 537 3514
7 538 24670
7 539 3514
7 540 3842
7 541 3514
7 542 3839
7 543 3513
7 544 3513
7 545 3513
7 546 24650
7 547 3514
7 548 24632
7 549 3514
7 550 3513
7 551 3511
7 552 3846
7 553 13609
7 554 3847
7 555 3514
7 556 13696
7 557 3513
7 558 3845
7 559 13586
7 560 3845
7 561 3513
7 562 13678
7 563 3514
7 564 3844
7 565 3511
7 566 3755
7 567 3507
7 568 3511
7 569 3508
7 570 13581
7 571 3512
7 572 13609
7 573 3512
7 574 3512
7 575 3507
7 576 24602
7 577 13512
7 578 24643
7 579 3512
7 580 13603
7 581 3511
7 582 24642
7 583 13513
7 584 24663
7 585 3511
7 586 13601
7 587 3513
7 588 24658
7 589 3513
7 590 24638
7 591 3513
7 592 3509
7 593 3509
7 594 13509
7 595 3512
7 596 13603
7 597 3511
7 598 3511
7 599 3504
7 600 11125
7 601 24539
7 602 11124
7 603 13511
7 604 24560
7 605 13511
7 606 11125
7 607 24540
7 608 11216
7 609 3509
7 610 24584
7 611 3510
7 612 11216
7 613 13601
7 614 11120
7 615 3510
7 616 13602
7 617 3509
7 618 24565
7 619 13603
7 620 24587
7 621 3509
7 622 13597
7 623 3506
7 624 11125
7 625 24539
7 626 11124
7 627 13511
7 628 24562
7 629 13511
7 630 11206
7 631 24615
7 632 11296
7 633 3511
7 634 24673
7 635 3513
7 636 11282
7 637 13606
7 638 11291
7 639 3513
7 640 13606
7 641 3514
7 642 24648
7 643 13601
7 644 24692
7 645 3514
7 646 13693
7 647 3511
7 648 11206
7 649 24615
7 650 11295
7 651 3515
7 652 24657
7 653 3514
7 654 11125
7 655 24543
7 656 11296
7 657 3513
7 658 24674
7 659 3513
7 660 11291
7 661 3514
7 662 11289
7 663 3514
7 664 3511
7 665 3511
7 666 24650
7 667 3513
7 668 24634
7 669 3510
7 670 3513
7 671 3511
7 672 11296
7 673 13607
7 674 11292
7 675 3516
7 676 13604
7 677 3515
7 678 11291
7 679 13604
7 680 11288
7 681 3514
7 682 13694
7 683 3512
7 684 11285
7 685 3515
7 686 11075
7 687 3512
7 688 3513
7 689 3512
7 690 13509
7 691 3512
7 692 13603
7 693 3509
7 694 3511
7 695 3506
7 696 24602
7 697 13512
7 698 24643
7 699 3512
7 700 13601
7 701 3510
7 702 24642
7 703 13510
7 704 24663
7 705 3511
7 706 13599
7 707 3512
7 708 24642
7 709 3511
7 710 24622
7 711 3512
7 712 3510
7 713 3508
7 714 13483
7 715 3510
7 716 13577
7 717 3508
7 718 3507
7 719 3462
7 720 13220
7 721 33438
7 722 13220
7 723 42744
7 724 33438
7 725 42744
7 726 13220
7 727 33422
7 728 13486
7 729 19540
7 730 33422
7 731 19884
7 732 13486
7 733 42994
7 734 13220
7 735 19884
7 736 43042
7 737 19572
7 738 33454
7 739 42994
7 740 33422
7 741 19572
7 742 43042
7 743 19540
7 744 13220
7 745 33438
7 746 13220
7 747 42744
7 748 33438
7 749 42744
7 750 13268
7 751 33686
7 752 13534
7 753 10410
7 754 33686
7 755 10426
7 756 13518
7 757 43010
7 758 13534
7 759 10426
7 760 43042
7 761 10442
7 762 33454
7 763 43026
7 764 33702
7 765 10442
7 766 43244
7 767 10426
7 768 13268
7 769 33686
7 770 13502
7 771 19856
7 772 33718
7 773 19904
7 774 13220
7 775 33438
7 776 13518
7 777 10426
7 778 33454
7 779 10426
7 780 13502
7 781 19576
7 782 13486
7 783 10442
7 784 19560
7 785 10410
7 786 33734
7 787 19936
7 788 33734
7 789 10442
7 790 19936
7 791 10426
7 792 13502
7 793 42962
7 794 13518
7 795 19920
7 796 43010
7 797 19592
7 798 13486
7 799 42994
7 800 13486
7 801 10442
7 802 43260
7 803 10442
7 804 13534
7 805 19920
7 806 13220
7 807 10426
7 808 19936
7 809 10426
7 810 42744
7 811 19560
7 812 43026
7 813 10410
7 814 19560
7 815 10410
7 816 33438
7 817 42760
7 818 33422
7 819 19576
7 820 43010
7 821 19576
7 822 33438
7 823 42760
7 824 33686
7 825 10410
7 826 43010
7 827 10442
7 828 33686
7 829 19576
7 830 33438
7 831 10442
7 832 19560
7 833 10410
7 834 42744
7 835 19560
7 836 43026
7 837 10410
7 838 19560
7 839 10410
7 840 13232
7 841 33450
7 842 13232
7 843 42966
7 844 33450
7 845 42966
7 846 13232
7 847 33446
7 848 13486
7 849 19564
7 850 33444
7 851 19908
7 852 13486
7 853 43038
7 854 13232
7 855 19908
7 856 43054
7 857 19572
7 858 33454
7 859 43038
7 860 33446
7 861 19572
7 862 43054
7 863 19564
7 864 13232
7 865 33472
7 866 13232
7 867 42744
7 868 33472
7 869 42744
7 870 13254
7 871 33694
7 872 13444
7 873 10410
7 874 33694
7 875 10422
7 876 13458
7 877 43112
7 878 13456
7 879 10422
7 880 43154
7 881 10438
7 882 33484
7 883 42956
7 884 33718
7 885 10438
7 886 43154
7 887 10422
7 888 13290
7 889 33710
7 890 13546
7 891 20126
7 892 33756
7 893 20198
7 894 13266
7 895 33712
7 896 13456
7 897 10422
7 898 33712
7 899 10422
7 900 13556
7 901 20068
7 902 13544
7 903 10454
7 904 20056
7 905 10438
7 906 33762
7 907 20222
7 908 33776
7 909 10454
7 910 20222
7 911 10454
7 912 13532
7 913 43432
7 914 13494
7 915 20248
7 916 43418
7 917 19910
7 918 13544
7 919 43394
7 920 13544
7 921 10454
7 922 43428
7 923 10454
7 924 13482
7 925 20234
7 926 13456
7 927 10422
7 928 20222
7 929 10454
7 930 43464
7 931 19898
7 932 43464
7 933 10438
7 934 20154
7 935 10438
7 936 33466
7 937 43250
7 938 33458
7 939 19876
7 940 43262
7 941 19868
7 942 33500
7 943 43206
7 944 33732
7 945 10438
7 946 43396
7 947 10454
7 948 33716
7 949 20156
7 950 33712
7 951 10454
7 952 20154
7 953 10438
7 954 43464
7 955 19894
7 956 43464
7 957 10438
7 958 20122
7 959 10422
7 960 13244
7 961 33484
7 962 13244
7 963 42966
7 964 33484
7 965 42966
7 966 13292
7 967 33734
7 968 13572
7 969 10448
7 970 33746
7 971 10450
7 972 13544
7 973 43232
7 974 13572
7 975 10450
7 976 43476
7 977 10454
7 978 33506
7 979 43262
7 980 33752
7 981 10454
7 982 43506
7 983 10450
7 984 13244
7 985 33484
7 986 13244
7 987 42966
7 988 33484
7 989 42966
7 990 13266
7 991 33716
7 992 13456
7 993 10422
7 994 33716
7 995 10422
7 996 13458
7 997 43156
7 998 13456
7 999 10422
7 1000 43166
7 1001 10438
7 1002 33484
7 1003 43000
7 1004 33718
7 1005 10438
7 1006 43166
7 1007 10422
7 1008 13280
7 1009 33776
7 1010 13558
7 1011 10448
7 1012 33782
7 1013 10450
7 1014 13280
7 1015 33776
7 1016 13482
7 1017 10438
7 1018 33776
7 1019 10438
7 1020 13546
7 1021 10434
7 1022 13546
7 1023 10438
7 1024 10422
7 1025 10422
7 1026 33790
7 1027 10462
7 1028 33790
7 1029 10470
7 1030 10438
7 1031 10438
7 1032 13544
7 1033 43406
7 1034 13570
7 1035 10474
7 1036 43262
7 1037 10478
7 1038 13556
7 1039 43442
7 1040 13554
7 1041 10454
7 1042 43466
7 1043 10470
7 1044 13558
7 1045 10450
7 1046 13546
7 1047 10454
7 1048 10438
7 1049 10438
7 1050 43264
7 1051 10466
7 1052 43464
7 1053 10454
7 1054 10454
7 1055 10454
7 1056 33506
7 1057 43262
7 1058 33752
7 1059 10466
7 1060 43506
7 1061 10462
7 1062 33506
7 1063 43262
7 1064 33732
7 1065 10470
7 1066 43438
7 1067 10454
7 1068 33808
7 1069 10478
7 1070 33796
7 1071 10486
7 1072 10454
7 1073 10454
7 1074 43466
7 1075 10464
7 1076 43520
7 1077 10470
7 1078 10438
7 1079 10438
7 1080 13292
7 1081 33782
7 1082 13552
7 1083 20184
7 1084 33802
7 1085 20202
7 1086 13286
7 1087 33746
7 1088 13578
7 1089 10462
7 1090 33722
7 1091 10462
7 1092 13566
7 1093 20082
7 1094 13534
7 1095 10478
7 1096 20190
7 1097 10448
7 1098 33798
7 1099 20232
7 1100 33794
7 1101 10480
7 1102 20242
7 1103 10450
7 1104 13304
7 1105 33792
7 1106 13552
7 1107 20184
7 1108 33806
7 1109 20178
7 1110 13280
7 1111 33788
7 1112 13482
7 1113 10438
7 1114 33788
7 1115 10438
7 1116 13572
7 1117 20176
7 1118 13550
7 1119 10454
7 1120 20190
7 1121 10470
7 1122 33810
7 1123 20214
7 1124 33818
7 1125 10470
7 1126 20200
7 1127 10454
7 1128 13278
7 1129 33718
7 1130 13568
7 1131 10450
7 1132 33764
7 1133 10450
7 1134 13266
7 1135 33704
7 1136 13456
7 1137 10422
7 1138 33704
7 1139 10422
7 1140 13556
7 1141 10450
7 1142 13552
7 1143 10454
7 1144 10438
7 1145 10438
7 1146 33770
7 1147 10462
7 1148 33782
7 1149 10454
7 1150 10438
7 1151 10438
7 1152 13552
7 1153 20166
7 1154 13550
7 1155 10466
7 1156 20096
7 1157 10446
7 1158 13564
7 1159 20154
7 1160 13536
7 1161 10438
7 1162 20160
7 1163 10454
7 1164 13542
7 1165 10454
7 1166 13534
7 1167 10438
7 1168 10454
7 1169 10454
7 1170 20062
7 1171 10434
7 1172 20076
7 1173 10422
7 1174 10434
7 1175 10422
7 1176 33800
7 1177 20210
7 1178 33800
7 1179 10480
7 1180 20254
7 1181 10462
7 1182 33812
7 1183 20210
7 1184 33812
7 1185 10454
7 1186 20232
7 1187 10470
7 1188 33824
7 1189 10480
7 1190 33812
7 1191 10470
7 1192 10454
7 1193 10454
7 1194 20230
7 1195 10438
7 1196 20230
7 1197 10438
7 1198 10450
7 1199 10438
7 1200 13526
7 1201 43176
7 1202 13530
7 1203 20206
7 1204 43392
7 1205 19892
7 1206 13526
7 1207 43186
7 1208 13548
7 1209 10466
7 1210 43464
7 1211 10480
7 1212 13558
7 1213 20226
7 1214 13484
7 1215 10464
7 1216 20256
7 1217 10462
7 1218 43112
7 1219 19878
7 1220 43216
7 1221 10446
7 1222 19878
7 1223 10446
7 1224 13538
7 1225 43386
7 1226 13542
7 1227 20230
7 1228 43442
7 1229 19892
7 1230 13540
7 1231 43202
7 1232 13538
7 1233 10438
7 1234 43250
7 1235 10470
7 1236 13578
7 1237 20242
7 1238 13554
7 1239 10454
7 1240 20242
7 1241 10486
7 1242 43488
7 1243 19916
7 1244 43412
7 1245 10454
7 1246 20154
7 1247 10470
7 1248 13544
7 1249 43406
7 1250 13558
7 1251 10478
7 1252 43526
7 1253 10480
7 1254 13532
7 1255 43228
7 1256 13544
7 1257 10454
7 1258 43240
7 1259 10454
7 1260 13544
7 1261 10454
7 1262 13532
7 1263 10438
7 1264 10454
7 1265 10454
7 1266 43516
7 1267 10480
7 1268 43494
7 1269 10470
7 1270 10454
7 1271 10454
7 1272 13558
7 1273 20246
7 1274 13508
7 1275 10462
7 1276 20266
7 1277 10450
7 1278 13570
7 1279 20222
7 1280 13546
7 1281 10438
7 1282 20246
7 1283 10470
7 1284 13468
7 1285 10450
7 1286 13456
7 1287 10422
7 1288 10438
7 1289 10438
7 1290 20230
7 1291 10438
7 1292 20230
7 1293 10438
7 1294 10450
7 1295 10438
7 1296 43154
7 1297 19842
7 1298 43236
7 1299 10434
7 1300 19866
7 1301 10434
7 1302 43388
7 1303 19866
7 1304 43206
7 1305 10422
7 1306 20112
7 1307 10438
7 1308 43470
7 1309 10458
7 1310 43248
7 1311 10438
7 1312 10434
7 1313 10422
7 1314 20106
7 1315 10434
7 1316 20098
7 1317 10422
7 1318 10434
7 1319 10422
7 1320 33450
7 1321 42962
7 1322 33434
7 1323 19824
7 1324 43210
7 1325 19824
7 1326 33450
7 1327 42948
7 1328 33698
7 1329 10434
7 1330 43212
7 1331 10454
7 1332 33698
7 1333 19848
7 1334 33450
7 1335 10454
7 1336 19844
7 1337 10434
7 1338 42956
7 1339 19844
7 1340 43216
7 1341 10434
7 1342 19844
7 1343 10434
7 1344 33462
7 1345 43180
7 1346 33458
7 1347 19848
7 1348 43258
7 1349 19848
7 1350 33484
7 1351 42984
7 1352 33716
7 1353 10422
7 1354 43172
7 1355 10438
7 1356 33710
7 1357 20116
7 1358 33712
7 1359 10438
7 1360 20126
7 1361 10454
7 1362 43458
7 1363 19906
7 1364 43412
7 1365 10454
7 1366 20138
7 1367 10438
7 1368 33496
7 1369 43186
7 1370 33746
7 1371 10460
7 1372 43408
7 1373 10466
7 1374 33484
7 1375 43008
7 1376 33716
7 1377 10438
7 1378 43188
7 1379 10438
7 1380 33788
7 1381 10460
7 1382 33788
7 1383 10454
7 1384 10434
7 1385 10422
7 1386 43420
7 1387 10478
7 1388 43422
7 1389 10454
7 1390 10454
7 1391 10454
7 1392 33782
7 1393 20172
7 1394 33746
7 1395 10478
7 1396 20132
7 1397 10458
7 1398 33792
7 1399 20148
7 1400 33788
7 1401 10454
7 1402 20178
7 1403 10454
7 1404 33718
7 1405 10466
7 1406 33704
7 1407 10438
7 1408 10454
7 1409 10454
7 1410 20106
7 1411 10434
7 1412 20098
7 1413 10422
7 1414 10434
7 1415 10422
7 1416 43154
7 1417 19842
7 1418 43236
7 1419 10434
7 1420 19866
7 1421 10434
7 1422 43388
7 1423 19866
7 1424 43206
7 1425 10422
7 1426 20112
7 1427 10438
7 1428 43470
7 1429 10458
7 1430 43248
7 1431 10438
7 1432 10434
7 1433 10422
7 1434 20106
7 1435 10434
7 1436 20098
7 1437 10422
7 1438 10434
7 1439 10422
7 1440 13580
7 1441 25661
7 1442 13563
7 1443 24720
7 1444 25748
7 1445 24720
7 1446 13580
7 1447 25659
7 1448 13872
7 1449 13143
7 1450 25746
7 1451 13362
7 1452 13872
7 1453 24758
7 1454 13580
7 1455 13362
7 1456 24764
7 1457 13148
7 1458 25663
7 1459 24758
7 1460 25746
7 1461 13147
7 1462 24764
7 1463 13143
7 1464 13635
7 1465 25879
7 1466 13635
7 1467 24760
7 1468 25879
7 1469 24760
7 1470 13764
7 1471 26084
7 1472 14167
7 1473 8786
7 1474 26179
7 1475 8789
7 1476 14160
7 1477 25662
7 1478 14168
7 1479 8788
7 1480 25786
7 1481 8824
7 1482 26124
7 1483 25400
7 1484 26271
7 1485 8824
7 1486 25817
7 1487 8789
7 1488 13749
7 1489 26044
7 1490 14037
7 1491 13642
7 1492 26136
7 1493 13685
7 1494 13760
7 1495 26063
7 1496 14165
7 1497 8788
7 1498 26159
7 1499 8787
7 1500 14176
7 1501 13712
7 1502 14161
7 1503 8824
7 1504 13697
7 1505 8787
7 1506 26285
7 1507 13807
7 1508 26270
7 1509 8824
7 1510 13778
7 1511 8822
7 1512 14109
7 1513 25609
7 1514 14112
7 1515 13723
7 1516 25603
7 1517 13505
7 1518 14155
7 1519 25625
7 1520 14162
7 1521 8824
7 1522 25778
7 1523 8824
7 1524 14179
7 1525 13781
7 1526 14143
7 1527 8789
7 1528 13769
7 1529 8822
7 1530 25788
7 1531 13541
7 1532 25778
7 1533 8787
7 1534 13727
7 1535 8787
7 1536 25868
7 1537 25286
7 1538 25866
7 1539 13493
7 1540 25329
7 1541 13493
7 1542 26122
7 1543 25359
7 1544 26180
7 1545 8787
7 1546 25793
7 1547 8824
7 1548 26283
7 1549 13756
7 1550 26158
7 1551 8824
7 1552 13729
7 1553 8786
7 1554 25788
7 1555 13546
7 1556 25778
7 1557 8787
7 1558 13726
7 1559 8786
7 1560 13580
7 1561 25661
7 1562 13563
7 1563 24720
7 1564 25748
7 1565 24720
7 1566 13580
7 1567 25659
7 1568 13872
7 1569 13143
7 1570 25746
7 1571 13362
7 1572 13872
7 1573 24758
7 1574 13580
7 1575 13362
7 1576 24764
7 1577 13148
7 1578 25663
7 1579 24758
7 1580 25746
7 1581 13147
7 1582 24764
7 1583 13143
7 1584 13637
7 1585 25885
7 1586 13637
7 1587 24760
7 1588 25885
7 1589 24760
7 1590 13720
7 1591 25904
7 1592 14119
7 1593 8738
7 1594 25992
7 1595 8740
7 1596 14119
7 1597 25246
7 1598 14121
7 1599 8739
7 1600 25298
7 1601 8775
7 1602 25979
7 1603 24934
7 1604 26084
7 1605 8775
7 1606 25298
7 1607 8740
7 1608 13750
7 1609 26045
7 1610 14040
7 1611 13528
7 1612 26139
7 1613 13540
7 1614 13720
7 1615 25902
7 1616 14118
7 1617 8739
7 1618 25990
7 1619 8738
7 1620 14138
7 1621 13534
7 1622 14121
7 1623 8777
7 1624 13496
7 1625 8742
7 1626 26140
7 1627 13587
7 1628 26086
7 1629 8777
7 1630 13550
7 1631 8777
7 1632 14076
7 1633 25320
7 1634 14073
7 1635 13555
7 1636 25324
7 1637 13361
7 1638 14121
7 1639 25284
7 1640 14123
7 1641 8777
7 1642 25333
7 1643 8777
7 1644 14138
7 1645 13544
7 1646 14120
7 1647 8740
7 1648 13503
7 1649 8777
7 1650 25386
7 1651 13329
7 1652 25345
7 1653 8742
7 1654 13548
7 1655 8742
7 1656 25757
7 1657 24944
7 1658 25753
7 1659 13285
7 1660 24948
7 1661 13278
7 1662 25981
7 1663 24972
7 1664 25998
7 1665 8742
7 1666 25333
7 1667 8777
7 1668 26142
7 1669 13583
7 1670 25992
7 1671 8777
7 1672 13552
7 1673 8741
7 1674 25386
7 1675 13331
7 1676 25345
7 1677 8742
7 1678 13547
7 1679 8740
7 1680 13636
7 1681 25882
7 1682 13636
7 1683 24760
7 1684 25882
7 1685 24760
7 1686 13762
7 1687 26084
7 1688 14211
7 1689 8834
7 1690 26323
7 1691 8836
7 1692 14161
7 1693 25601
7 1694 14212
7 1695 8836
7 1696 25835
7 1697 8835
7 1698 26091
7 1699 25366
7 1700 26325
7 1701 8835
7 1702 25852
7 1703 8834
7 1704 13635
7 1705 25879
7 1706 13635
7 1707 24760
7 1708 25879
7 1709 24760
7 1710 13761
7 1711 26087
7 1712 14165
7 1713 8784
7 1714 26178
7 1715 8785
7 1716 14123
7 1717 25286
7 1718 14166
7 1719 8785
7 1720 25340
7 1721 8787
7 1722 25973
7 1723 24940
7 1724 26180
7 1725 8787
7 1726 25340
7 1727 8785
7 1728 13716
7 1729 25877
7 1730 14162
7 1731 8834
7 1732 26056
7 1733 8836
7 1734 13716
7 1735 25878
7 1736 14163
7 1737 8789
7 1738 25969
7 1739 8790
7 1740 14095
7 1741 8785
7 1742 14094
7 1743 8784
7 1744 8737
7 1745 8737
7 1746 26057
7 1747 8875
7 1748 26057
7 1749 8872
7 1750 8783
7 1751 8783
7 1752 14155
7 1753 25653
7 1754 14245
7 1755 8917
7 1756 25736
7 1757 8918
7 1758 14159
7 1759 25668
7 1760 14243
7 1761 8907
7 1762 25782
7 1763 8908
7 1764 14161
7 1765 8834
7 1766 14158
7 1767 8831
7 1768 8784
7 1769 8784
7 1770 25723
7 1771 8878
7 1772 25807
7 1773 8872
7 1774 8822
7 1775 8822
7 1776 26092
7 1777 25377
7 1778 26327
7 1779 8882
7 1780 25878
7 1781 8882
7 1782 26092
7 1783 25377
7 1784 26298
7 1785 8878
7 1786 25835
7 1787 8878
7 1788 26201
7 1789 8909
7 1790 26196
7 1791 8909
7 1792 8820
7 1793 8820
7 1794 25800
7 1795 8879
7 1796 25823
7 1797 8879
7 1798 8788
7 1799 8788
7 1800 13749
7 1801 26047
7 1802 14072
7 1803 13724
7 1804 26280
7 1805 13732
7 1806 13798
7 1807 26248
7 1808 14243
7 1809 8876
7 1810 26346
7 1811 8879
7 1812 14195
7 1813 13559
7 1814 14199
7 1815 8912
7 1816 13764
7 1817 8878
7 1818 26139
7 1819 13808
7 1820 26346
7 1821 8911
7 1822 13794
7 1823 8877
7 1824 13791
7 1825 26233
7 1826 14076
7 1827 13729
7 1828 26324
7 1829 13728
7 1830 13761
7 1831 26087
7 1832 14201
7 1833 8826
7 1834 26181
7 1835 8828
7 1836 14238
7 1837 13804
7 1838 14199
7 1839 8861
7 1840 13795
7 1841 8867
7 1842 26328
7 1843 13814
7 1844 26270
7 1845 8864
7 1846 13821
7 1847 8867
7 1848 13762
7 1849 26085
7 1850 14212
7 1851 8842
7 1852 26179
7 1853 8840
7 1854 13756
7 1855 26068
7 1856 14203
7 1857 8830
7 1858 26159
7 1859 8830
7 1860 14159
7 1861 8830
7 1862 14157
7 1863 8830
7 1864 8785
7 1865 8785
7 1866 26181
7 1867 8879
7 1868 26181
7 1869 8877
7 1870 8786
7 1871 8786
7 1872 14134
7 1873 13751
7 1874 14184
7 1875 8880
7 1876 13493
7 1877 8877
7 1878 14179
7 1879 13757
7 1880 14160
7 1881 8831
7 1882 13772
7 1883 8832
7 1884 14161
7 1885 8836
7 1886 14115
7 1887 8830
7 1888 8821
7 1889 8821
7 1890 13412
7 1891 8829
7 1892 13688
7 1893 8783
7 1894 8784
7 1895 8784
7 1896 26137
7 1897 13802
7 1898 26345
7 1899 8915
7 1900 13833
7 1901 8916
7 1902 26324
7 1903 13825
7 1904 26268
7 1905 8865
7 1906 13906
7 1907 8909
7 1908 26268
7 1909 8910
7 1910 26248
7 1911 8908
7 1912 8821
7 1913 8821
7 1914 13713
7 1915 8835
7 1916 13800
7 1917 8825
7 1918 8823
7 1919 8823
7 1920 14110
7 1921 25640
7 1922 14114
7 1923 13763
7 1924 25694
7 1925 13589
7 1926 14163
7 1927 25692
7 1928 14210
7 1929 8881
7 1930 25812
7 1931 8915
7 1932 14242
7 1933 13832
7 1934 14209
7 1935 8881
7 1936 13853
7 1937 8914
7 1938 25733
7 1939 13559
7 1940 25833
7 1941 8878
7 1942 13828
7 1943 8879
7 1944 14118
7 1945 25691
7 1946 14116
7 1947 13808
7 1948 25729
7 1949 13569
7 1950 14166
7 1951 25677
7 1952 14205
7 1953 8868
7 1954 25784
7 1955 8905
7 1956 14243
7 1957 13830
7 1958 14206
7 1959 8870
7 1960 13829
7 1961 8907
7 1962 25844
7 1963 13609
7 1964 25821
7 1965 8870
7 1966 13825
7 1967 8873
7 1968 14161
7 1969 25649
7 1970 14245
7 1971 8920
7 1972 25817
7 1973 8917
7 1974 14157
7 1975 25653
7 1976 14242
7 1977 8908
7 1978 25767
7 1979 8909
7 1980 14162
7 1981 8837
7 1982 14159
7 1983 8832
7 1984 8824
7 1985 8824
7 1986 25734
7 1987 8913
7 1988 25793
7 1989 8908
7 1990 8821
7 1991 8821
7 1992 14176
7 1993 13831
7 1994 14211
7 1995 8884
7 1996 13794
7 1997 8882
7 1998 14183
7 1999 13833
7 2000 14203
7 2001 8872
7 2002 13869
7 2003 8876
7 2004 14168
7 2005 8838
7 2006 14140
7 2007 8834
7 2008 8790
7 2009 8790
7 2010 13711
7 2011 8835
7 2012 13790
7 2013 8828
7 2014 8823
7 2015 8823
7 2016 25718
7 2017 13506
7 2018 25781
7 2019 8839
7 2020 13764
7 2021 8839
7 2022 25826
7 2023 13506
7 2024 25806
7 2025 8832
7 2026 13787
7 2027 8835
7 2028 25765
7 2029 8878
7 2030 25806
7 2031 8875
7 2032 8788
7 2033 8788
7 2034 13690
7 2035 8835
7 2036 13786
7 2037 8831
7 2038 8788
7 2039 8788
7 2040 25869
7 2041 25303
7 2042 25867
7 2043 13512
7 2044 25349
7 2045 13515
7 2046 26123
7 2047 25379
7 2048 26181
7 2049 8836
7 2050 25845
7 2051 8838
7 2052 26284
7 2053 13813
7 2054 26164
7 2055 8838
7 2056 13826
7 2057 8836
7 2058 25816
7 2059 13639
7 2060 25851
7 2061 8836
7 2062 13827
7 2063 8835
7 2064 25869
7 2065 25315
7 2066 25867
7 2067 13518
7 2068 25353
7 2069 13514
7 2070 26093
7 2071 25351
7 2072 26112
7 2073 8828
7 2074 25763
7 2075 8832
7 2076 26253
7 2077 13834
7 2078 26111
7 2079 8830
7 2080 13842
7 2081 8834
7 2082 25844
7 2083 13639
7 2084 25805
7 2085 8834
7 2086 13865
7 2087 8832
7 2088 26093
7 2089 25343
7 2090 26298
7 2091 8884
7 2092 25865
7 2093 8882
7 2094 26087
7 2095 25343
7 2096 26296
7 2097 8874
7 2098 25801
7 2099 8876
7 2100 26144
7 2101 8876
7 2102 26144
7 2103 8876
7 2104 8785
7 2105 8785
7 2106 25761
7 2107 8913
7 2108 25791
7 2109 8911
7 2110 8823
7 2111 8823
7 2112 26254
7 2113 13830
7 2114 26371
7 2115 8920
7 2116 13859
7 2117 8918
7 2118 26334
7 2119 13829
7 2120 26294
7 2121 8908
7 2122 13913
7 2123 8911
7 2124 26186
7 2125 8881
7 2126 26163
7 2127 8878
7 2128 8825
7 2129 8825
7 2130 13741
7 2131 8835
7 2132 13802
7 2133 8829
7 2134 8787
7 2135 8787
7 2136 25775
7 2137 13566
7 2138 25825
7 2139 8840
7 2140 13824
7 2141 8839
7 2142 25826
7 2143 13566
7 2144 25822
7 2145 8837
7 2146 13847
7 2147 8839
7 2148 25793
7 2149 8878
7 2150 25806
7 2151 8877
7 2152 8788
7 2153 8788
7 2154 13743
7 2155 8834
7 2156 13800
7 2157 8832
7 2158 8787
7 2159 8787
7 2160 1893
7 2161 5691
7 2162 1893
7 2163 10857
7 2164 5691
7 2165 10857
7 2166 1898
7 2167 5727
7 2168 1918
7 2169 1581
7 2170 5727
7 2171 1581
7 2172 1917
7 2173 10917
7 2174 1918
7 2175 1581
7 2176 10923
7 2177 1581
7 2178 5693
7 2179 10900
7 2180 5727
7 2181 1581
7 2182 10923
7 2183 1581
7 2184 1894
7 2185 5692
7 2186 1894
7 2187 10880
7 2188 5692
7 2189 10880
7 2190 1899
7 2191 5730
7 2192 1919
7 2193 1582
7 2194 5730
7 2195 1582
7 2196 1918
7 2197 10938
7 2198 1919
7 2199 1582
7 2200 10946
7 2201 1582
7 2202 5694
7 2203 10921
7 2204 5730
7 2205 1582
7 2206 10946
7 2207 1582
7 2208 1897
7 2209 5731
7 2210 1919
7 2211 1583
7 2212 5731
7 2213 1583
7 2214 1898
7 2215 5730
7 2216 1920
7 2217 1583
7 2218 5730
7 2219 1583
7 2220 1918
7 2221 1583
7 2222 1918
7 2223 1583
7 2224 1581
7 2225 1581
7 2226 5733
7 2227 1584
7 2228 5733
7 2229 1584
7 2230 1581
7 2231 1581
7 2232 1916
7 2233 10912
7 2234 1920
7 2235 1584
7 2236 10917
7 2237 1584
7 2238 1917
7 2239 10919
7 2240 1920
7 2241 1584
7 2242 10942
7 2243 1584
7 2244 1918
7 2245 1583
7 2246 1918
7 2247 1583
7 2248 1581
7 2249 1581
7 2250 10920
7 2251 1583
7 2252 10923
7 2253 1583
7 2254 1581
7 2255 1581
7 2256 5693
7 2257 10898
7 2258 5728
7 2259 1583
7 2260 10938
7 2261 1583
7 2262 5693
7 2263 10902
7 2264 5730
7 2265 1583
7 2266 10942
7 2267 1583
7 2268 5732
7 2269 1584
7 2270 5730
7 2271 1584
7 2272 1581
7 2273 1581
7 2274 10920
7 2275 1583
7 2276 10923
7 2277 1583
7 2278 1581
7 2279 1581
7 2280 1894
7 2281 5692
7 2282 1894
7 2283 10880
7 2284 5692
7 2285 10880
7 2286 1897
7 2287 5725
7 2288 1918
7 2289 1581
7 2290 5725
7 2291 1581
7 2292 1917
7 2293 10919
7 2294 1917
7 2295 1581
7 2296 10923
7 2297 1581
7 2298 5693
7 2299 10902
7 2300 5725
7 2301 1581
7 2302 10923
7 2303 1580
7 2304 1893
7 2305 5691
7 2306 1893
7 2307 10857
7 2308 5691
7 2309 10857
7 2310 1897
7 2311 5728
7 2312 1917
7 2313 1580
7 2314 5728
7 2315 1580
7 2316 1916
7 2317 10896
7 2318 1917
7 2319 1580
7 2320 10900
7 2321 1580
7 2322 5692
7 2323 10879
7 2324 5728
7 2325 1580
7 2326 10900
7 2327 1580
7 2328 1898
7 2329 5731
7 2330 1920
7 2331 1583
7 2332 5733
7 2333 1583
7 2334 1897
7 2335 5730
7 2336 1918
7 2337 1581
7 2338 5730
7 2339 1581
7 2340 1919
7 2341 1583
7 2342 1919
7 2343 1583
7 2344 1582
7 2345 1582
7 2346 5733
7 2347 1584
7 2348 5734
7 2349 1584
7 2350 1582
7 2351 1582
7 2352 1918
7 2353 10938
7 2354 1919
7 2355 1584
7 2356 10942
7 2357 1584
7 2358 1918
7 2359 10934
7 2360 1919
7 2361 1583
7 2362 10938
7 2363 1583
7 2364 1919
7 2365 1583
7 2366 1918
7 2367 1582
7 2368 1582
7 2369 1582
7 2370 10946
7 2371 1583
7 2372 10946
7 2373 1583
7 2374 1582
7 2375 1582
7 2376 5694
7 2377 10921
7 2378 5726
7 2379 1583
7 2380 10942
7 2381 1582
7 2382 5694
7 2383 10917
7 2384 5730
7 2385 1583
7 2386 10938
7 2387 1583
7 2388 5734
7 2389 1584
7 2390 5731
7 2391 1584
7 2392 1582
7 2393 1582
7 2394 10946
7 2395 1583
7 2396 10946
7 2397 1583
7 2398 1582
7 2399 1581
7 2400 1893
7 2401 5691
7 2402 1893
7 2403 10857
7 2404 5691
7 2405 10857
7 2406 1898
7 2407 5729
7 2408 1918
7 2409 1581
7 2410 5729
7 2411 1581
7 2412 1917
7 2413 10915
7 2414 1918
7 2415 1581
7 2416 10923
7 2417 1581
7 2418 5693
7 2419 10898
7 2420 5729
7 2421 1581
7 2422 10923
7 2423 1581
7 2424 1892
7 2425 5688
7 2426 1892
7 2427 10857
7 2428 5688
7 2429 10857
7 2430 1896
7 2431 5725
7 2432 1916
7 2433 1579
7 2434 5726
7 2435 1579
7 2436 1915
7 2437 10896
7 2438 1916
7 2439 1579
7 2440 10900
7 2441 1580
7 2442 5689
7 2443 10879
7 2444 5726
7 2445 1580
7 2446 10900
7 2447 1579
7 2448 1896
7 2449 5730
7 2450 1918
7 2451 1581
7 2452 5730
7 2453 1581
7 2454 1896
7 2455 5729
7 2456 1918
7 2457 1581
7 2458 5728
7 2459 1581
7 2460 1916
7 2461 1581
7 2462 1916
7 2463 1581
7 2464 1579
7 2465 1579
7 2466 5731
7 2467 1582
7 2468 5731
7 2469 1582
7 2470 1579
7 2471 1579
7 2472 1916
7 2473 10896
7 2474 1919
7 2475 1583
7 2476 10919
7 2477 1583
7 2478 1916
7 2479 10896
7 2480 1918
7 2481 1582
7 2482 10917
7 2483 1583
7 2484 1916
7 2485 1581
7 2486 1916
7 2487 1581
7 2488 1579
7 2489 1579
7 2490 10900
7 2491 1582
7 2492 10900
7 2493 1582
7 2494 1580
7 2495 1580
7 2496 5692
7 2497 10879
7 2498 5729
7 2499 1582
7 2500 10919
7 2501 1582
7 2502 5692
7 2503 10879
7 2504 5726
7 2505 1582
7 2506 10917
7 2507 1581
7 2508 5730
7 2509 1583
7 2510 5730
7 2511 1583
7 2512 1580
7 2513 1580
7 2514 10900
7 2515 1582
7 2516 10900
7 2517 1582
7 2518 1579
7 2519 1579
7 2520 1895
7 2521 5728
7 2522 1918
7 2523 1581
7 2524 5730
7 2525 1581
7 2526 1896
7 2527 5730
7 2528 1919
7 2529 1582
7 2530 5732
7 2531 1582
7 2532 1917
7 2533 1582
7 2534 1918
7 2535 1583
7 2536 1581
7 2537 1581
7 2538 5730
7 2539 1583
7 2540 5731
7 2541 1583
7 2542 1581
7 2543 1581
7 2544 1896
7 2545 5730
7 2546 1918
7 2547 1581
7 2548 5731
7 2549 1581
7 2550 1895
7 2551 5728
7 2552 1917
7 2553 1580
7 2554 5729
7 2555 1580
7 2556 1919
7 2557 1583
7 2558 1918
7 2559 1582
7 2560 1582
7 2561 1582
7 2562 5732
7 2563 1583
7 2564 5731
7 2565 1583
7 2566 1582
7 2567 1582
7 2568 1895
7 2569 5730
7 2570 1918
7 2571 1581
7 2572 5732
7 2573 1581
7 2574 1895
7 2575 5726
7 2576 1917
7 2577 1580
7 2578 5727
7 2579 1580
7 2580 1917
7 2581 1582
7 2582 1917
7 2583 1582
7 2584 1580
7 2585 1580
7 2586 5731
7 2587 1582
7 2588 5731
7 2589 1582
7 2590 1580
7 2591 1580
7 2592 1915
7 2593 1581
7 2594 1916
7 2595 1582
7 2596 1580
7 2597 1581
7 2598 1916
7 2599 1581
7 2600 1915
7 2601 1580
7 2602 1582
7 2603 1581
7 2604 1915
7 2605 1581
7 2606 1915
7 2607 1580
7 2608 1580
7 2609 1580
7 2610 1578
7 2611 1579
7 2612 1579
7 2613 1578
7 2614 1578
7 2615 1578
7 2616 5729
7 2617 1582
7 2618 5730
7 2619 1583
7 2620 1582
7 2621 1582
7 2622 5730
7 2623 1582
7 2624 5730
7 2625 1582
7 2626 1583
7 2627 1583
7 2628 5730
7 2629 1583
7 2630 5729
7 2631 1582
7 2632 1582
7 2633 1582
7 2634 1579
7 2635 1579
7 2636 1579
7 2637 1579
7 2638 1579
7 2639 1579
7 2640 1915
7 2641 10893
7 2642 1918
7 2643 1583
7 2644 10917
7 2645 1583
7 2646 1916
7 2647 10900
7 2648 1920
7 2649 1584
7 2650 10940
7 2651 1584
7 2652 1919
7 2653 1584
7 2654 1918
7 2655 1584
7 2656 1583
7 2657 1583
7 2658 10898
7 2659 1584
7 2660 10921
7 2661 1584
7 2662 1583
7 2663 1583
7 2664 1916
7 2665 10900
7 2666 1918
7 2667 1583
7 2668 10920
7 2669 1583
7 2670 1916
7 2671 10896
7 2672 1918
7 2673 1582
7 2674 10917
7 2675 1583
7 2676 1919
7 2677 1584
7 2678 1919
7 2679 1583
7 2680 1584
7 2681 1584
7 2682 10940
7 2683 1584
7 2684 10938
7 2685 1583
7 2686 1584
7 2687 1584
7 2688 1916
7 2689 10896
7 2690 1920
7 2691 1584
7 2692 10936
7 2693 1584
7 2694 1916
7 2695 10896
7 2696 1919
7 2697 1583
7 2698 10917
7 2699 1583
7 2700 1917
7 2701 1582
7 2702 1917
7 2703 1582
7 2704 1581
7 2705 1581
7 2706 10917
7 2707 1584
7 2708 10917
7 2709 1584
7 2710 1582
7 2711 1582
7 2712 1916
7 2713 1581
7 2714 1916
7 2715 1582
7 2716 1581
7 2717 1581
7 2718 1916
7 2719 1581
7 2720 1916
7 2721 1581
7 2722 1582
7 2723 1582
7 2724 1916
7 2725 1582
7 2726 1915
7 2727 1581
7 2728 1581
7 2729 1581
7 2730 1579
7 2731 1579
7 2732 1579
7 2733 1579
7 2734 1579
7 2735 1579
7 2736 10879
7 2737 1582
7 2738 10901
7 2739 1583
7 2740 1582
7 2741 1582
7 2742 10901
7 2743 1582
7 2744 10900
7 2745 1581
7 2746 1583
7 2747 1583
7 2748 10900
7 2749 1583
7 2750 10900
7 2751 1582
7 2752 1581
7 2753 1581
7 2754 1580
7 2755 1580
7 2756 1580
7 2757 1580
7 2758 1580
7 2759 1580
7 2760 5692
7 2761 10879
7 2762 5727
7 2763 1582
7 2764 10921
7 2765 1582
7 2766 5692
7 2767 10883
7 2768 5730
7 2769 1583
7 2770 10940
7 2771 1583
7 2772 5732
7 2773 1584
7 2774 5730
7 2775 1584
7 2776 1582
7 2777 1582
7 2778 10917
7 2779 1584
7 2780 10921
7 2781 1584
7 2782 1582
7 2783 1582
7 2784 5692
7 2785 10883
7 2786 5727
7 2787 1582
7 2788 10921
7 2789 1582
7 2790 5692
7 2791 10879
7 2792 5729
7 2793 1582
7 2794 10917
7 2795 1582
7 2796 5731
7 2797 1584
7 2798 5732
7 2799 1584
7 2800 1583
7 2801 1583
7 2802 10940
7 2803 1583
7 2804 10938
7 2805 1584
7 2806 1583
7 2807 1582
7 2808 5692
7 2809 10879
7 2810 5730
7 2811 1583
7 2812 10936
7 2813 1583
7 2814 5692
7 2815 10879
7 2816 5729
7 2817 1582
7 2818 10917
7 2819 1582
7 2820 5731
7 2821 1584
7 2822 5730
7 2823 1584
7 2824 1582
7 2825 1582
7 2826 10917
7 2827 1584
7 2828 10917
7 2829 1583
7 2830 1581
7 2831 1581
7 2832 5730
7 2833 1583
7 2834 5731
7 2835 1584
7 2836 1583
7 2837 1583
7 2838 5731
7 2839 1583
7 2840 5731
7 2841 1583
7 2842 1584
7 2843 1584
7 2844 5731
7 2845 1584
7 2846 5727
7 2847 1583
7 2848 1583
7 2849 1583
7 2850 1580
7 2851 1580
7 2852 1580
7 2853 1580
7 2854 1580
7 2855 1580
7 2856 10895
7 2857 1582
7 2858 10901
7 2859 1583
7 2860 1582
7 2861 1582
7 2862 10901
7 2863 1582
7 2864 10900
7 2865 1582
7 2866 1583
7 2867 1583
7 2868 10900
7 2869 1583
7 2870 10900
7 2871 1582
7 2872 1582
7 2873 1582
7 2874 1579
7 2875 1579
7 2876 1579
7 2877 1579
7 2878 1579
7 2879 1579
7 2880 1895
7 2881 5727
7 2882 1916
7 2883 5874
7 2884 5729
7 2885 5875
7 2886 1896
7 2887 5729
7 2888 1919
7 2889 1582
7 2890 5731
7 2891 1582
7 2892 1918
7 2893 5914
7 2894 1916
7 2895 1583
7 2896 5916
7 2897 1581
7 2898 5730
7 2899 5918
7 2900 5730
7 2901 1583
7 2902 5916
7 2903 1581
7 2904 1896
7 2905 5729
7 2906 1916
7 2907 5877
7 2908 5730
7 2909 5877
7 2910 1897
7 2911 5732
7 2912 1919
7 2913 1582
7 2914 5733
7 2915 1582
7 2916 1920
7 2917 5947
7 2918 1920
7 2919 1584
7 2920 5946
7 2921 1583
7 2922 5732
7 2923 5949
7 2924 5734
7 2925 1584
7 2926 5949
7 2927 1583
7 2928 1897
7 2929 5730
7 2930 1920
7 2931 1583
7 2932 5732
7 2933 1583
7 2934 1896
7 2935 5726
7 2936 1919
7 2937 1582
7 2938 5728
7 2939 1582
7 2940 1919
7 2941 1584
7 2942 1919
7 2943 1584
7 2944 1582
7 2945 1582
7 2946 5732
7 2947 1584
7 2948 5733
7 2949 1584
7 2950 1582
7 2951 1582
7 2952 1917
7 2953 5915
7 2954 1918
7 2955 1584
7 2956 5910
7 2957 1583
7 2958 1918
7 2959 5917
7 2960 1918
7 2961 1583
7 2962 5950
7 2963 1584
7 2964 1918
7 2965 1584
7 2966 1916
7 2967 1583
7 2968 1583
7 2969 1583
7 2970 5912
7 2971 1581
7 2972 5919
7 2973 1581
7 2974 1581
7 2975 1581
7 2976 5729
7 2977 5916
7 2978 5730
7 2979 1584
7 2980 5952
7 2981 1583
7 2982 5730
7 2983 5916
7 2984 5732
7 2985 1583
7 2986 5952
7 2987 1584
7 2988 5732
7 2989 1584
7 2990 5730
7 2991 1583
7 2992 1583
7 2993 1583
7 2994 5915
7 2995 1581
7 2996 5919
7 2997 1581
7 2998 1581
7 2999 1581
7 3000 1896
7 3001 5729
7 3002 1916
7 3003 5877
7 3004 5730
7 3005 5877
7 3006 1896
7 3007 5729
7 3008 1919
7 3009 1582
7 3010 5731
7 3011 1582
7 3012 1918
7 3013 5914
7 3014 1916
7 3015 1583
7 3016 5916
7 3017 1581
7 3018 5730
7 3019 5918
7 3020 5730
7 3021 1583
7 3022 5915
7 3023 1581
7 3024 1897
7 3025 5730
7 3026 1916
7 3027 5875
7 3028 5730
7 3029 5875
7 3030 1895
7 3031 5730
7 3032 1917
7 3033 1580
7 3034 5731
7 3035 1580
7 3036 1919
7 3037 5917
7 3038 1919
7 3039 1583
7 3040 5916
7 3041 1582
7 3042 5731
7 3043 5916
7 3044 5733
7 3045 1583
7 3046 5917
7 3047 1582
7 3048 1897
7 3049 5728
7 3050 1920
7 3051 1583
7 3052 5732
7 3053 1583
7 3054 1897
7 3055 5731
7 3056 1918
7 3057 1581
7 3058 5731
7 3059 1581
7 3060 1920
7 3061 1584
7 3062 1920
7 3063 1584
7 3064 1583
7 3065 1583
7 3066 5732
7 3067 1584
7 3068 5734
7 3069 1584
7 3070 1583
7 3071 1583
7 3072 1919
7 3073 5948
7 3074 1919
7 3075 1584
7 3076 5951
7 3077 1583
7 3078 1920
7 3079 5946
7 3080 1918
7 3081 1582
7 3082 5950
7 3083 1583
7 3084 1920
7 3085 1584
7 3086 1919
7 3087 1583
7 3088 1584
7 3089 1584
7 3090 5949
7 3091 1582
7 3092 5951
7 3093 1582
7 3094 1583
7 3095 1582
7 3096 5731
7 3097 5950
7 3098 5731
7 3099 1584
7 3100 5952
7 3101 1583
7 3102 5732
7 3103 5950
7 3104 5732
7 3105 1582
7 3106 5954
7 3107 1584
7 3108 5734
7 3109 1584
7 3110 5733
7 3111 1583
7 3112 1584
7 3113 1584
7 3114 5950
7 3115 1582
7 3116 5950
7 3117 1582
7 3118 1583
7 3119 1582
7 3120 1897
7 3121 5730
7 3122 1916
7 3123 5875
7 3124 5730
7 3125 5875
7 3126 1897
7 3127 5730
7 3128 1920
7 3129 1583
7 3130 5731
7 3131 1583
7 3132 1920
7 3133 5945
7 3134 1917
7 3135 1584
7 3136 5947
7 3137 1583
7 3138 5732
7 3139 5948
7 3140 5733
7 3141 1584
7 3142 5946
7 3143 1582
7 3144 1896
7 3145 5727
7 3146 1914
7 3147 5874
7 3148 5728
7 3149 5874
7 3150 1897
7 3151 5730
7 3152 1918
7 3153 1581
7 3154 5731
7 3155 1581
7 3156 1916
7 3157 5917
7 3158 1918
7 3159 1582
7 3160 5916
7 3161 1582
7 3162 5730
7 3163 5915
7 3164 5732
7 3165 1583
7 3166 5916
7 3167 1581
7 3168 1895
7 3169 5728
7 3170 1918
7 3171 1581
7 3172 5731
7 3173 1581
7 3174 1895
7 3175 5727
7 3176 1917
7 3177 1580
7 3178 5726
7 3179 1580
7 3180 1917
7 3181 1582
7 3182 1917
7 3183 1582
7 3184 1580
7 3185 1580
7 3186 5730
7 3187 1582
7 3188 5731
7 3189 1582
7 3190 1580
7 3191 1580
7 3192 1919
7 3193 5917
7 3194 1918
7 3195 1584
7 3196 5947
7 3197 1584
7 3198 1919
7 3199 5917
7 3200 1917
7 3201 1583
7 3202 5951
7 3203 1584
7 3204 1917
7 3205 1582
7 3206 1915
7 3207 1582
7 3208 1581
7 3209 1581
7 3210 5912
7 3211 1583
7 3212 5916
7 3213 1583
7 3214 1582
7 3215 1582
7 3216 5731
7 3217 5916
7 3218 5733
7 3219 1584
7 3220 5951
7 3221 1583
7 3222 5731
7 3223 5916
7 3224 5734
7 3225 1584
7 3226 5953
7 3227 1583
7 3228 5732
7 3229 1584
7 3230 5731
7 3231 1584
7 3232 1582
7 3233 1582
7 3234 5913
7 3235 1583
7 3236 5916
7 3237 1583
7 3238 1581
7 3239 1581
7 3240 1895
7 3241 5728
7 3242 1918
7 3243 1581
7 3244 5730
7 3245 1581
7 3246 1896
7 3247 5726
7 3248 1919
7 3249 1582
7 3250 5726
7 3251 1582
7 3252 1918
7 3253 1583
7 3254 1918
7 3255 1583
7 3256 1581
7 3257 1581
7 3258 5731
7 3259 1583
7 3260 5730
7 3261 1583
7 3262 1581
7 3263 1581
7 3264 1896
7 3265 5728
7 3266 1918
7 3267 1581
7 3268 5729
7 3269 1581
7 3270 1895
7 3271 5725
7 3272 1917
7 3273 1580
7 3274 5727
7 3275 1580
7 3276 1919
7 3277 1583
7 3278 1919
7 3279 1583
7 3280 1582
7 3281 1582
7 3282 5731
7 3283 1583
7 3284 5730
7 3285 1583
7 3286 1582
7 3287 1582
7 3288 1895
7 3289 5723
7 3290 1918
7 3291 1581
7 3292 5726
7 3293 1581
7 3294 1892
7 3295 5688
7 3296 1914
7 3297 1579
7 3298 5689
7 3299 1579
7 3300 1916
7 3301 1581
7 3302 1915
7 3303 1581
7 3304 1579
7 3305 1579
7 3306 5727
7 3307 1582
7 3308 5727
7 3309 1581
7 3310 1579
7 3311 1579
7 3312 1916
7 3313 1581
7 3314 1916
7 3315 1582
7 3316 1581
7 3317 1581
7 3318 1916
7 3319 1581
7 3320 1916
7 3321 1581
7 3322 1582
7 3323 1582
7 3324 1916
7 3325 1582
7 3326 1915
7 3327 1581
7 3328 1581
7 3329 1581
7 3330 1579
7 3331 1579
7 3332 1579
7 3333 1579
7 3334 1579
7 3335 1579
7 3336 5730
7 3337 1582
7 3338 5730
7 3339 1583
7 3340 1582
7 3341 1582
7 3342 5730
7 3343 1582
7 3344 5731
7 3345 1582
7 3346 1583
7 3347 1583
7 3348 5731
7 3349 1583
7 3350 5730
7 3351 1582
7 3352 1581
7 3353 1581
7 3354 1579
7 3355 1579
7 3356 1579
7 3357 1579
7 3358 1579
7 3359 1579
7 3360 1915
7 3361 5877
7 3362 1916
7 3363 1582
7 3364 5914
7 3365 1581
7 3366 1916
7 3367 5879
7 3368 1917
7 3369 1582
7 3370 5946
7 3371 1583
7 3372 1917
7 3373 1583
7 3374 1916
7 3375 1582
7 3376 1582
7 3377 1582
7 3378 5873
7 3379 1581
7 3380 5912
7 3381 1581
7 3382 1581
7 3383 1581
7 3384 1916
7 3385 5879
7 3386 1916
7 3387 1582
7 3388 5915
7 3389 1581
7 3390 1917
7 3391 5877
7 3392 1915
7 3393 1580
7 3394 5916
7 3395 1582
7 3396 1917
7 3397 1583
7 3398 1917
7 3399 1581
7 3400 1583
7 3401 1583
7 3402 5945
7 3403 1582
7 3404 5943
7 3405 1581
7 3406 1583
7 3407 1582
7 3408 1917
7 3409 5877
7 3410 1917
7 3411 1583
7 3412 5947
7 3413 1583
7 3414 1916
7 3415 5877
7 3416 1917
7 3417 1581
7 3418 5917
7 3419 1582
7 3420 1913
7 3421 1581
7 3422 1914
7 3423 1580
7 3424 1580
7 3425 1580
7 3426 5913
7 3427 1583
7 3428 5916
7 3429 1583
7 3430 1581
7 3431 1581
7 3432 1915
7 3433 1581
7 3434 1916
7 3435 1582
7 3436 1581
7 3437 1581
7 3438 1916
7 3439 1581
7 3440 1915
7 3441 1580
7 3442 1582
7 3443 1582
7 3444 1915
7 3445 1581
7 3446 1912
7 3447 1580
7 3448 1580
7 3449 1580
7 3450 1580
7 3451 1580
7 3452 1580
7 3453 1580
7 3454 1580
7 3455 1580
7 3456 5832
7 3457 1579
7 3458 5870
7 3459 1580
7 3460 1580
7 3461 1579
7 3462 5871
7 3463 1579
7 3464 5872
7 3465 1578
7 3466 1580
7 3467 1580
7 3468 5872
7 3469 1580
7 3470 5875
7 3471 1580
7 3472 1578
7 3473 1578
7 3474 1578
7 3475 1579
7 3476 1579
7 3477 1578
7 3478 1578
7 3479 1578
7 3480 5728
7 3481 5876
7 3482 5729
7 3483 1583
7 3484 5917
7 3485 1582
7 3486 5729
7 3487 5876
7 3488 5732
7 3489 1583
7 3490 5948
7 3491 1584
7 3492 5732
7 3493 1584
7 3494 5729
7 3495 1583
7 3496 1583
7 3497 1583
7 3498 5916
7 3499 1582
7 3500 5920
7 3501 1582
7 3502 1582
7 3503 1582
7 3504 5729
7 3505 5878
7 3506 5729
7 3507 1583
7 3508 5918
7 3509 1582
7 3510 5730
7 3511 5878
7 3512 5730
7 3513 1581
7 3514 5919
7 3515 1583
7 3516 5732
7 3517 1584
7 3518 5732
7 3519 1582
7 3520 1584
7 3521 1584
7 3522 5951
7 3523 1583
7 3524 5951
7 3525 1583
7 3526 1584
7 3527 1583
7 3528 5730
7 3529 5878
7 3530 5732
7 3531 1584
7 3532 5948
7 3533 1584
7 3534 5729
7 3535 5878
7 3536 5732
7 3537 1582
7 3538 5920
7 3539 1583
7 3540 5730
7 3541 1583
7 3542 5730
7 3543 1582
7 3544 1581
7 3545 1581
7 3546 5915
7 3547 1583
7 3548 5918
7 3549 1583
7 3550 1582
7 3551 1582
7 3552 5730
7 3553 1583
7 3554 5731
7 3555 1584
7 3556 1583
7 3557 1583
7 3558 5731
7 3559 1583
7 3560 5730
7 3561 1582
7 3562 1584
7 3563 1584
7 3564 5730
7 3565 1583
7 3566 5728
7 3567 1582
7 3568 1582
7 3569 1582
7 3570 1580
7 3571 1580
7 3572 1580
7 3573 1580
7 3574 1580
7 3575 1580
7 3576 5874
7 3577 1579
7 3578 5878
7 3579 1580
7 3580 1580
7 3581 1579
7 3582 5878
7 3583 1579
7 3584 5878
7 3585 1579
7 3586 1580
7 3587 1580
7 3588 5878
7 3589 1580
7 3590 5878
7 3591 1580
7 3592 1579
7 3593 1579
7 3594 1579
7 3595 1580
7 3596 1580
7 3597 1579
7 3598 1579
7 3599 1579
7 3600 1913
7 3601 10874
7 3602 1914
7 3603 5874
7 3604 10893
7 3605 5838
7 3606 1914
7 3607 10877
7 3608 1917
7 3609 1582
7 3610 10917
7 3611 1583
7 3612 1917
7 3613 5913
7 3614 1914
7 3615 1582
7 3616 5917
7 3617 1582
7 3618 10893
7 3619 5876
7 3620 10898
7 3621 1581
7 3622 5876
7 3623 1581
7 3624 1914
7 3625 10877
7 3626 1914
7 3627 5876
7 3628 10896
7 3629 5838
7 3630 1916
7 3631 10900
7 3632 1917
7 3633 1582
7 3634 10921
7 3635 1583
7 3636 1918
7 3637 5945
7 3638 1918
7 3639 1582
7 3640 5946
7 3641 1584
7 3642 10936
7 3643 5909
7 3644 10940
7 3645 1583
7 3646 5944
7 3647 1583
7 3648 1916
7 3649 10900
7 3650 1918
7 3651 1584
7 3652 10940
7 3653 1584
7 3654 1914
7 3655 10877
7 3656 1918
7 3657 1582
7 3658 10919
7 3659 1583
7 3660 1917
7 3661 1583
7 3662 1917
7 3663 1582
7 3664 1582
7 3665 1582
7 3666 10921
7 3667 1584
7 3668 10917
7 3669 1584
7 3670 1583
7 3671 1583
7 3672 1917
7 3673 5918
7 3674 1918
7 3675 1584
7 3676 5951
7 3677 1583
7 3678 1918
7 3679 5917
7 3680 1917
7 3681 1582
7 3682 5952
7 3683 1584
7 3684 1917
7 3685 1583
7 3686 1914
7 3687 1582
7 3688 1582
7 3689 1582
7 3690 5916
7 3691 1582
7 3692 5920
7 3693 1582
7 3694 1582
7 3695 1582
7 3696 10877
7 3697 5874
7 3698 10898
7 3699 1582
7 3700 5908
7 3701 1581
7 3702 10898
7 3703 5874
7 3704 10902
7 3705 1581
7 3706 5908
7 3707 1582
7 3708 10902
7 3709 1582
7 3710 10898
7 3711 1582
7 3712 1581
7 3713 1581
7 3714 5875
7 3715 1582
7 3716 5910
7 3717 1581
7 3718 1581
7 3719 1581
7 3720 1914
7 3721 10877
7 3722 1914
7 3723 5876
7 3724 10896
7 3725 5838
7 3726 1914
7 3727 10877
7 3728 1917
7 3729 1582
7 3730 10917
7 3731 1583
7 3732 1917
7 3733 5914
7 3734 1914
7 3735 1582
7 3736 5917
7 3737 1582
7 3738 10896
7 3739 5876
7 3740 10898
7 3741 1581
7 3742 5876
7 3743 1581
7 3744 1915
7 3745 10900
7 3746 1915
7 3747 5878
7 3748 10900
7 3749 5838
7 3750 1915
7 3751 10877
7 3752 1915
7 3753 1580
7 3754 10898
7 3755 1582
7 3756 1919
7 3757 5916
7 3758 1917
7 3759 1581
7 3760 5917
7 3761 1583
7 3762 10921
7 3763 5878
7 3764 10917
7 3765 1582
7 3766 5916
7 3767 1582
7 3768 1916
7 3769 10900
7 3770 1919
7 3771 1584
7 3772 10942
7 3773 1584
7 3774 1916
7 3775 10900
7 3776 1917
7 3777 1581
7 3778 10902
7 3779 1582
7 3780 1918
7 3781 1583
7 3782 1918
7 3783 1582
7 3784 1583
7 3785 1583
7 3786 10942
7 3787 1584
7 3788 10940
7 3789 1584
7 3790 1584
7 3791 1584
7 3792 1919
7 3793 5949
7 3794 1918
7 3795 1584
7 3796 5955
7 3797 1583
7 3798 1920
7 3799 5948
7 3800 1918
7 3801 1582
7 3802 5952
7 3803 1584
7 3804 1919
7 3805 1583
7 3806 1917
7 3807 1581
7 3808 1583
7 3809 1583
7 3810 5951
7 3811 1583
7 3812 5952
7 3813 1583
7 3814 1584
7 3815 1583
7 3816 10917
7 3817 5908
7 3818 10917
7 3819 1582
7 3820 5912
7 3821 1582
7 3822 10940
7 3823 5910
7 3824 10919
7 3825 1581
7 3826 5947
7 3827 1582
7 3828 10942
7 3829 1584
7 3830 10921
7 3831 1582
7 3832 1583
7 3833 1582
7 3834 5946
7 3835 1583
7 3836 5946
7 3837 1582
7 3838 1583
7 3839 1582
7 3840 1915
7 3841 10900
7 3842 1915
7 3843 5878
7 3844 10900
7 3845 5838
7 3846 1916
7 3847 10900
7 3848 1919
7 3849 1583
7 3850 10942
7 3851 1584
7 3852 1919
7 3853 5945
7 3854 1918
7 3855 1583
7 3856 5949
7 3857 1584
7 3858 10940
7 3859 5910
7 3860 10942
7 3861 1583
7 3862 5942
7 3863 1583
7 3864 1914
7 3865 10877
7 3866 1914
7 3867 5876
7 3868 10896
7 3869 5837
7 3870 1916
7 3871 10900
7 3872 1917
7 3873 1581
7 3874 10902
7 3875 1582
7 3876 1918
7 3877 5917
7 3878 1917
7 3879 1581
7 3880 5917
7 3881 1583
7 3882 10917
7 3883 5877
7 3884 10921
7 3885 1582
7 3886 5915
7 3887 1582
7 3888 1915
7 3889 10877
7 3890 1918
7 3891 1583
7 3892 10917
7 3893 1583
7 3894 1915
7 3895 10877
7 3896 1918
7 3897 1582
7 3898 10898
7 3899 1582
7 3900 1915
7 3901 1581
7 3902 1915
7 3903 1580
7 3904 1580
7 3905 1580
7 3906 10898
7 3907 1583
7 3908 10898
7 3909 1583
7 3910 1582
7 3911 1582
7 3912 1918
7 3913 5915
7 3914 1919
7 3915 1584
7 3916 5948
7 3917 1584
7 3918 1919
7 3919 5915
7 3920 1918
7 3921 1582
7 3922 5951
7 3923 1584
7 3924 1917
7 3925 1582
7 3926 1917
7 3927 1582
7 3928 1581
7 3929 1581
7 3930 5914
7 3931 1584
7 3932 5917
7 3933 1584
7 3934 1583
7 3935 1583
7 3936 10921
7 3937 5878
7 3938 10942
7 3939 1583
7 3940 5946
7 3941 1583
7 3942 10919
7 3943 5878
7 3944 10940
7 3945 1583
7 3946 5949
7 3947 1583
7 3948 10917
7 3949 1584
7 3950 10917
7 3951 1584
7 3952 1581
7 3953 1581
7 3954 5911
7 3955 1584
7 3956 5917
7 3957 1584
7 3958 1582
7 3959 1582
7 3960 1915
7 3961 10877
7 3962 1918
7 3963 1583
7 3964 10918
7 3965 1583
7 3966 1916
7 3967 10900
7 3968 1920
7 3969 1584
7 3970 10940
7 3971 1584
7 3972 1918
7 3973 1584
7 3974 1918
7 3975 1584
7 3976 1583
7 3977 1583
7 3978 10916
7 3979 1584
7 3980 10921
7 3981 1584
7 3982 1583
7 3983 1583
7 3984 1916
7 3985 10900
7 3986 1916
7 3987 1583
7 3988 10919
7 3989 1582
7 3990 1915
7 3991 10877
7 3992 1918
7 3993 1582
7 3994 10898
7 3995 1582
7 3996 1917
7 3997 1584
7 3998 1916
7 3999 1582
7 4000 1584
7 4001 1584
7 4002 10938
7 4003 1583
7 4004 10936
7 4005 1584
7 4006 1584
7 4007 1583
7 4008 1915
7 4009 10877
7 4010 1919
7 4011 1583
7 4012 10917
7 4013 1583
7 4014 1912
7 4015 10876
7 4016 1915
7 4017 1581
7 4018 10897
7 4019 1581
7 4020 1917
7 4021 1582
7 4022 1916
7 4023 1582
7 4024 1581
7 4025 1581
7 4026 10897
7 4027 1583
7 4028 10897
7 4029 1582
7 4030 1581
7 4031 1581
7 4032 1915
7 4033 1581
7 4034 1916
7 4035 1582
7 4036 1581
7 4037 1581
7 4038 1916
7 4039 1581
7 4040 1913
7 4041 1580
7 4042 1582
7 4043 1582
7 4044 1915
7 4045 1581
7 4046 1913
7 4047 1580
7 4048 1580
7 4049 1580
7 4050 1580
7 4051 1580
7 4052 1580
7 4053 1580
7 4054 1580
7 4055 1580
7 4056 10896
7 4057 1583
7 4058 10901
7 4059 1584
7 4060 1583
7 4061 1583
7 4062 10901
7 4063 1583
7 4064 10897
7 4065 1583
7 4066 1583
7 4067 1583
7 4068 10897
7 4069 1584
7 4070 10897
7 4071 1583
7 4072 1582
7 4073 1582
7 4074 1580
7 4075 1580
7 4076 1580
7 4077 1580
7 4078 1580
7 4079 1580
7 4080 1915
7 4081 5877
7 4082 1916
7 4083 1582
7 4084 5918
7 4085 1581
7 4086 1916
7 4087 5879
7 4088 1917
7 4089 1582
7 4090 5949
7 4091 1583
7 4092 1917
7 4093 1583
7 4094 1916
7 4095 1582
7 4096 1582
7 4097 1582
7 4098 5914
7 4099 1581
7 4100 5919
7 4101 1581
7 4102 1581
7 4103 1581
7 4104 1916
7 4105 5879
7 4106 1916
7 4107 1582
7 4108 5918
7 4109 1581
7 4110 1917
7 4111 5877
7 4112 1915
7 4113 1580
7 4114 5917
7 4115 1582
7 4116 1917
7 4117 1583
7 4118 1917
7 4119 1581
7 4120 1583
7 4121 1583
7 4122 5950
7 4123 1582
7 4124 5951
7 4125 1582
7 4126 1583
7 4127 1582
7 4128 1917
7 4129 5877
7 4130 1917
7 4131 1583
7 4132 5949
7 4133 1583
7 4134 1916
7 4135 5877
7 4136 1917
7 4137 1581
7 4138 5917
7 4139 1582
7 4140 1915
7 4141 1581
7 4142 1915
7 4143 1580
7 4144 1580
7 4145 1580
7 4146 5917
7 4147 1583
7 4148 5917
7 4149 1583
7 4150 1582
7 4151 1582
7 4152 1915
7 4153 1581
7 4154 1916
7 4155 1582
7 4156 1581
7 4157 1581
7 4158 1916
7 4159 1581
7 4160 1915
7 4161 1580
7 4162 1582
7 4163 1582
7 4164 1915
7 4165 1581
7 4166 1892
7 4167 1579
7 4168 1579
7 4169 1579
7 4170 1579
7 4171 1579
7 4172 1579
7 4173 1579
7 4174 1579
7 4175 1579
7 4176 5874
7 4177 1579
7 4178 5878
7 4179 1580
7 4180 1580
7 4181 1579
7 4182 5878
7 4183 1579
7 4184 5878
7 4185 1579
7 4186 1580
7 4187 1580
7 4188 5878
7 4189 1580
7 4190 5878
7 4191 1580
7 4192 1579
7 4193 1579
7 4194 1579
7 4195 1580
7 4196 1580
7 4197 1579
7 4198 1579
7 4199 1579
7 4200 10857
7 4201 5833
7 4202 10878
7 4203 1580
7 4204 5872
7 4205 1579
7 4206 10878
7 4207 5833
7 4208 10901
7 4209 1580
7 4210 5903
7 4211 1581
7 4212 10901
7 4213 1581
7 4214 10878
7 4215 1581
7 4216 1580
7 4217 1580
7 4218 5872
7 4219 1581
7 4220 5907
7 4221 1580
7 4222 1580
7 4223 1579
7 4224 10878
7 4225 5835
7 4226 10878
7 4227 1580
7 4228 5873
7 4229 1579
7 4230 10901
7 4231 5837
7 4232 10878
7 4233 1578
7 4234 5905
7 4235 1580
7 4236 10901
7 4237 1582
7 4238 10901
7 4239 1580
7 4240 1581
7 4241 1581
7 4242 5938
7 4243 1581
7 4244 5939
7 4245 1581
7 4246 1582
7 4247 1580
7 4248 10901
7 4249 5837
7 4250 10901
7 4251 1582
7 4252 5903
7 4253 1581
7 4254 10878
7 4255 5835
7 4256 10901
7 4257 1580
7 4258 5908
7 4259 1580
7 4260 10878
7 4261 1581
7 4262 10878
7 4263 1581
7 4264 1578
7 4265 1578
7 4266 5871
7 4267 1582
7 4268 5906
7 4269 1581
7 4270 1580
7 4271 1580
7 4272 10878
7 4273 1582
7 4274 10901
7 4275 1583
7 4276 1581
7 4277 1582
7 4278 10901
7 4279 1581
7 4280 10878
7 4281 1581
7 4282 1582
7 4283 1581
7 4284 10878
7 4285 1582
7 4286 10878
7 4287 1580
7 4288 1580
7 4289 1580
7 4290 1578
7 4291 1579
7 4292 1579
7 4293 1578
7 4294 1578
7 4295 1578
7 4296 5832
7 4297 1579
7 4298 5870
7 4299 1580
7 4300 1580
7 4301 1579
7 4302 5871
7 4303 1579
7 4304 5872
7 4305 1578
7 4306 1580
7 4307 1580
7 4308 5872
7 4309 1580
7 4310 5875
7 4311 1580
7 4312 1578
7 4313 1578
7 4314 1578
7 4315 1579
7 4316 1579
7 4317 1578
7 4318 1578
7 4319 1578
7 4320 5688
7 4321 10858
7 4322 5687
7 4323 5833
7 4324 10878
7 4325 5833
7 4326 5688
7 4327 10859
7 4328 5723
7 4329 1580
7 4330 10896
7 4331 1581
7 4332 5723
7 4333 5871
7 4334 5687
7 4335 1581
7 4336 5872
7 4337 1580
7 4338 10878
7 4339 5873
7 4340 10898
7 4341 1580
7 4342 5871
7 4343 1579
7 4344 5688
7 4345 10860
7 4346 5687
7 4347 5833
7 4348 10879
7 4349 5833
7 4350 5692
7 4351 10883
7 4352 5726
7 4353 1580
7 4354 10921
7 4355 1581
7 4356 5724
7 4357 5904
7 4358 5725
7 4359 1581
7 4360 5904
7 4361 1582
7 4362 10936
7 4363 5905
7 4364 10940
7 4365 1582
7 4366 5939
7 4367 1581
7 4368 5692
7 4369 10883
7 4370 5725
7 4371 1583
7 4372 10919
7 4373 1582
7 4374 5688
7 4375 10860
7 4376 5726
7 4377 1581
7 4378 10919
7 4379 1581
7 4380 5727
7 4381 1582
7 4382 5727
7 4383 1582
7 4384 1580
7 4385 1580
7 4386 10902
7 4387 1583
7 4388 10917
7 4389 1582
7 4390 1581
7 4391 1581
7 4392 5728
7 4393 5911
7 4394 5726
7 4395 1584
7 4396 5909
7 4397 1583
7 4398 5728
7 4399 5909
7 4400 5726
7 4401 1582
7 4402 5942
7 4403 1582
7 4404 5724
7 4405 1583
7 4406 5687
7 4407 1581
7 4408 1581
7 4409 1581
7 4410 5872
7 4411 1581
7 4412 5909
7 4413 1580
7 4414 1580
7 4415 1580
7 4416 10877
7 4417 5874
7 4418 10898
7 4419 1582
7 4420 5908
7 4421 1581
7 4422 10898
7 4423 5874
7 4424 10902
7 4425 1580
7 4426 5908
7 4427 1582
7 4428 10902
7 4429 1582
7 4430 10898
7 4431 1582
7 4432 1580
7 4433 1580
7 4434 5872
7 4435 1581
7 4436 5907
7 4437 1580
7 4438 1580
7 4439 1579
7 4440 5688
7 4441 10860
7 4442 5687
7 4443 5833
7 4444 10879
7 4445 5833
7 4446 5688
7 4447 10858
7 4448 5723
7 4449 1580
7 4450 10898
7 4451 1581
7 4452 5723
7 4453 5871
7 4454 5687
7 4455 1581
7 4456 5872
7 4457 1580
7 4458 10879
7 4459 5873
7 4460 10898
7 4461 1580
7 4462 5871
7 4463 1579
7 4464 5689
7 4465 10883
7 4466 5689
7 4467 5835
7 4468 10883
7 4469 5835
7 4470 5691
7 4471 10860
7 4472 5725
7 4473 1578
7 4474 10897
7 4475 1580
7 4476 5727
7 4477 5905
7 4478 5727
7 4479 1580
7 4480 5906
7 4481 1581
7 4482 10921
7 4483 5878
7 4484 10917
7 4485 1581
7 4486 5913
7 4487 1580
7 4488 5692
7 4489 10883
7 4490 5727
7 4491 1583
7 4492 10922
7 4493 1583
7 4494 5692
7 4495 10883
7 4496 5727
7 4497 1580
7 4498 10902
7 4499 1580
7 4500 5731
7 4501 1582
7 4502 5731
7 4503 1582
7 4504 1581
7 4505 1581
7 4506 10921
7 4507 1584
7 4508 10940
7 4509 1582
7 4510 1582
7 4511 1582
7 4512 5731
7 4513 5942
7 4514 5727
7 4515 1584
7 4516 5942
7 4517 1583
7 4518 5732
7 4519 5941
7 4520 5732
7 4521 1582
7 4522 5945
7 4523 1582
7 4524 5728
7 4525 1583
7 4526 5724
7 4527 1580
7 4528 1582
7 4529 1582
7 4530 5940
7 4531 1582
7 4532 5943
7 4533 1581
7 4534 1582
7 4535 1581
7 4536 10917
7 4537 5908
7 4538 10917
7 4539 1582
7 4540 5910
7 4541 1581
7 4542 10940
7 4543 5910
7 4544 10919
7 4545 1581
7 4546 5947
7 4547 1582
7 4548 10942
7 4549 1584
7 4550 10921
7 4551 1582
7 4552 1582
7 4553 1581
7 4554 5944
7 4555 1582
7 4556 5943
7 4557 1581
7 4558 1582
7 4559 1580
7 4560 5689
7 4561 10883
7 4562 5689
7 4563 5835
7 4564 10883
7 4565 5835
7 4566 5692
7 4567 10883
7 4568 5729
7 4569 1582
7 4570 10942
7 4571 1582
7 4572 5727
7 4573 5905
7 4574 5725
7 4575 1582
7 4576 5936
7 4577 1582
7 4578 10940
7 4579 5907
7 4580 10942
7 4581 1582
7 4582 5940
7 4583 1581
7 4584 5688
7 4585 10860
7 4586 5687
7 4587 5833
7 4588 10879
7 4589 5833
7 4590 5692
7 4591 10883
7 4592 5727
7 4593 1580
7 4594 10902
7 4595 1580
7 4596 5724
7 4597 5908
7 4598 5727
7 4599 1580
7 4600 5910
7 4601 1581
7 4602 10917
7 4603 5875
7 4604 10921
7 4605 1581
7 4606 5911
7 4607 1580
7 4608 5691
7 4609 10860
7 4610 5728
7 4611 1582
7 4612 10917
7 4613 1582
7 4614 5691
7 4615 10860
7 4616 5728
7 4617 1581
7 4618 10898
7 4619 1581
7 4620 5728
7 4621 1581
7 4622 5728
7 4623 1581
7 4624 1578
7 4625 1578
7 4626 10897
7 4627 1583
7 4628 10897
7 4629 1583
7 4630 1580
7 4631 1580
7 4632 5730
7 4633 5909
7 4634 5729
7 4635 1584
7 4636 5908
7 4637 1584
7 4638 5731
7 4639 5910
7 4640 5728
7 4641 1582
7 4642 5946
7 4643 1583
7 4644 5730
7 4645 1582
7 4646 5727
7 4647 1582
7 4648 1580
7 4649 1580
7 4650 5872
7 4651 1583
7 4652 5907
7 4653 1582
7 4654 1581
7 4655 1581
7 4656 10921
7 4657 5876
7 4658 10942
7 4659 1583
7 4660 5944
7 4661 1582
7 4662 10919
7 4663 5876
7 4664 10940
7 4665 1583
7 4666 5946
7 4667 1582
7 4668 10917
7 4669 1584
7 4670 10917
7 4671 1584
7 4672 1581
7 4673 1581
7 4674 5910
7 4675 1583
7 4676 5916
7 4677 1583
7 4678 1580
7 4679 1580
7 4680 5691
7 4681 10860
7 4682 5727
7 4683 1582
7 4684 10919
7 4685 1582
7 4686 5692
7 4687 10883
7 4688 5730
7 4689 1583
7 4690 10940
7 4691 1583
7 4692 5731
7 4693 1583
7 4694 5730
7 4695 1584
7 4696 1582
7 4697 1582
7 4698 10896
7 4699 1584
7 4700 10921
7 4701 1584
7 4702 1582
7 4703 1582
7 4704 5692
7 4705 10883
7 4706 5725
7 4707 1582
7 4708 10921
7 4709 1581
7 4710 5691
7 4711 10860
7 4712 5728
7 4713 1581
7 4714 10898
7 4715 1581
7 4716 5731
7 4717 1584
7 4718 5730
7 4719 1582
7 4720 1583
7 4721 1583
7 4722 10940
7 4723 1583
7 4724 10936
7 4725 1583
7 4726 1583
7 4727 1582
7 4728 5691
7 4729 10860
7 4730 5729
7 4731 1582
7 4732 10917
7 4733 1582
7 4734 5688
7 4735 10860
7 4736 5725
7 4737 1580
7 4738 10898
7 4739 1580
7 4740 5730
7 4741 1582
7 4742 5729
7 4743 1582
7 4744 1580
7 4745 1580
7 4746 10898
7 4747 1583
7 4748 10898
7 4749 1582
7 4750 1580
7 4751 1580
7 4752 5728
7 4753 1582
7 4754 5730
7 4755 1583
7 4756 1581
7 4757 1582
7 4758 5730
7 4759 1582
7 4760 5728
7 4761 1581
7 4762 1583
7 4763 1582
7 4764 5730
7 4765 1582
7 4766 5726
7 4767 1581
7 4768 1581
7 4769 1581
7 4770 1578
7 4771 1579
7 4772 1579
7 4773 1578
7 4774 1578
7 4775 1578
7 4776 10877
7 4777 1583
7 4778 10901
7 4779 1584
7 4780 1583
7 4781 1583
7 4782 10901
7 4783 1583
7 4784 10897
7 4785 1582
7 4786 1583
7 4787 1583
7 4788 10897
7 4789 1584
7 4790 10897
7 4791 1583
7 4792 1581
7 4793 1581
7 4794 1580
7 4795 1580
7 4796 1580
7 4797 1580
7 4798 1580
7 4799 1580
7 4800 5727
7 4801 5875
7 4802 5729
7 4803 1583
7 4804 5912
7 4805 1582
7 4806 5729
7 4807 5876
7 4808 5732
7 4809 1583
7 4810 5944
7 4811 1584
7 4812 5730
7 4813 1584
7 4814 5726
7 4815 1583
7 4816 1583
7 4817 1583
7 4818 5874
7 4819 1582
7 4820 5913
7 4821 1582
7 4822 1582
7 4823 1582
7 4824 5729
7 4825 5878
7 4826 5729
7 4827 1583
7 4828 5913
7 4829 1582
7 4830 5730
7 4831 5876
7 4832 5730
7 4833 1581
7 4834 5916
7 4835 1583
7 4836 5728
7 4837 1584
7 4838 5731
7 4839 1582
7 4840 1584
7 4841 1584
7 4842 5945
7 4843 1583
7 4844 5943
7 4845 1582
7 4846 1584
7 4847 1583
7 4848 5730
7 4849 5876
7 4850 5730
7 4851 1584
7 4852 5944
7 4853 1583
7 4854 5727
7 4855 5875
7 4856 5730
7 4857 1582
7 4858 5917
7 4859 1582
7 4860 5728
7 4861 1582
7 4862 5727
7 4863 1581
7 4864 1581
7 4865 1581
7 4866 5911
7 4867 1583
7 4868 5916
7 4869 1583
7 4870 1581
7 4871 1581
7 4872 5728
7 4873 1582
7 4874 5726
7 4875 1583
7 4876 1582
7 4877 1582
7 4878 5728
7 4879 1582
7 4880 5725
7 4881 1581
7 4882 1583
7 4883 1583
7 4884 5723
7 4885 1582
7 4886 5688
7 4887 1580
7 4888 1580
7 4889 1580
7 4890 1580
7 4891 1580
7 4892 1580
7 4893 1580
7 4894 1580
7 4895 1580
7 4896 5832
7 4897 1579
7 4898 5870
7 4899 1580
7 4900 1580
7 4901 1579
7 4902 5871
7 4903 1579
7 4904 5872
7 4905 1578
7 4906 1580
7 4907 1580
7 4908 5872
7 4909 1580
7 4910 5875
7 4911 1580
7 4912 1578
7 4913 1578
7 4914 1578
7 4915 1579
7 4916 1579
7 4917 1578
7 4918 1578
7 4919 1578
7 4920 10857
7 4921 5833
7 4922 10878
7 4923 1580
7 4924 5872
7 4925 1579
7 4926 10878
7 4927 5833
7 4928 10901
7 4929 1580
7 4930 5903
7 4931 1581
7 4932 10901
7 4933 1581
7 4934 10878
7 4935 1581
7 4936 1580
7 4937 1580
7 4938 5872
7 4939 1581
7 4940 5907
7 4941 1580
7 4942 1580
7 4943 1579
7 4944 10878
7 4945 5835
7 4946 10878
7 4947 1580
7 4948 5873
7 4949 1579
7 4950 10901
7 4951 5837
7 4952 10878
7 4953 1578
7 4954 5905
7 4955 1580
7 4956 10901
7 4957 1582
7 4958 10901
7 4959 1580
7 4960 1581
7 4961 1581
7 4962 5938
7 4963 1581
7 4964 5939
7 4965 1581
7 4966 1582
7 4967 1580
7 4968 10901
7 4969 5837
7 4970 10901
7 4971 1582
7 4972 5903
7 4973 1581
7 4974 10878
7 4975 5835
7 4976 10901
7 4977 1580
7 4978 5908
7 4979 1580
7 4980 10878
7 4981 1581
7 4982 10878
7 4983 1581
7 4984 1578
7 4985 1578
7 4986 5871
7 4987 1582
7 4988 5906
7 4989 1581
7 4990 1580
7 4991 1580
7 4992 10878
7 4993 1582
7 4994 10901
7 4995 1583
7 4996 1581
7 4997 1582
7 4998 10901
7 4999 1581
7 5000 10878
7 5001 1581
7 5002 1582
7 5003 1581
7 5004 10878
7 5005 1582
7 5006 10878
7 5007 1580
7 5008 1580
7 5009 1580
7 5010 1578
7 5011 1579
7 5012 1579
7 5013 1578
7 5014 1578
7 5015 1578
7 5016 5832
7 5017 1579
7 5018 5870
7 5019 1580
7 5020 1580
7 5021 1579
7 5022 5871
7 5023 1579
7 5024 5872
7 5025 1578
7 5026 1580
7 5027 1580
7 5028 5872
7 5029 1580
7 5030 5875
7 5031 1580
7 5032 1578
7 5033 1578
7 5034 1578
7 5035 1579
7 5036 1579
7 5037 1578
7 5038 1578
7 5039 1578
