3 0 362880
3 1 362880
3 2 362880
3 3 362730
3 4 362488
3 5 362154
4 0 354894
4 1 358988
4 2 354692
4 3 358516
4 4 359506
4 5 358431
4 6 350226
4 7 353100
4 8 353982
4 9 336708
4 10 356500
4 11 342886
4 12 326424
4 13 334944
4 14 323664
4 15 310087
4 16 334134
4 17 305998
4 18 330968
4 19 325865
4 20 333689
4 21 287206
4 22 324700
4 23 288108
5 0 200568
5 1 268224
5 2 200113
5 3 283978
5 4 269167
5 5 281750
5 6 199762
5 7 267904
5 8 208378
5 9 223849
5 10 270880
5 11 230395
5 12 208634
5 13 286163
5 14 198588
5 15 229703
5 16 285565
5 17 223668
5 18 271649
5 19 286976
5 20 271239
5 21 223273
5 22 285569
5 23 222186
5 24 240696
5 25 284988
5 26 240676
5 27 271698
5 28 284988
5 29 270924
5 30 247936
5 31 289344
5 32 255328
5 33 209226
5 34 292378
5 35 215364
5 36 254606
5 37 282308
5 38 256706
5 39 213552
5 40 282792
5 41 214060
5 42 290298
5 43 283994
5 44 293462
5 45 215040
5 46 287376
5 47 215788
5 48 175718
5 49 214323
5 50 180259
5 51 186090
5 52 218593
5 53 186659
5 54 175237
5 55 212860
5 56 182538
5 57 147911
5 58 217335
5 59 148062
5 60 180890
5 61 183342
5 62 180495
5 63 150372
5 64 180934
5 65 146260
5 66 218297
5 67 188559
5 68 221558
5 69 150297
5 70 186669
5 71 149808
5 72 123026
5 73 200880
5 74 123158
5 75 150635
5 76 200777
5 77 147552
5 78 122848
5 79 200748
5 80 122273
5 81 108688
5 82 203322
5 83 108377
5 84 122992
5 85 150313
5 86 118528
5 87 108343
5 88 150408
5 89 106745
5 90 196214
5 91 146542
5 92 199670
5 93 105392
5 94 146389
5 95 105436
5 96 176896
5 97 198354
5 98 177254
5 99 146656
5 100 200383
5 101 147066
5 102 177660
5 103 198372
5 104 179555
5 105 105381
5 106 200383
5 107 107834
5 108 179557
5 109 146595
5 110 177345
5 111 107834
5 112 146050
5 113 105391
5 114 196214
5 115 146542
5 116 199670
5 117 105392
5 118 146389
5 119 105436
6 0 39848
6 1 68339
6 2 39847
6 3 119341
6 4 68339
6 5 118168
6 6 39845
6 7 68264
6 8 40288
6 9 93266
6 10 68334
6 11 94348
6 12 40288
6 13 119763
6 14 39845
6 15 94342
6 16 118999
6 17 93366
6 18 68495
6 19 119752
6 20 68361
6 21 93280
6 22 119007
6 23 93266
6 24 39804
6 25 68233
6 26 39802
6 27 119337
6 28 68233
6 29 118134
6 30 40488
6 31 71185
6 32 40878
6 33 46202
6 34 71266
6 35 47582
6 36 40753
6 37 122508
6 38 40916
6 39 47318
6 40 122561
6 41 47353
6 42 69133
6 43 121417
6 44 71259
6 45 47522
6 46 122482
6 47 47347
6 48 40495
6 49 71205
6 50 40737
6 51 95603
6 52 71319
6 53 95672
6 54 39753
6 55 67929
6 56 40782
6 57 47294
6 58 69110
6 59 47398
6 60 40710
6 61 94911
6 62 40610
6 63 47536
6 64 94552
6 65 46296
6 66 71328
6 67 96167
6 68 70153
6 69 47401
6 70 95759
6 71 46537
6 72 40773
6 73 122610
6 74 40835
6 75 95791
6 76 122015
6 77 94787
6 78 40689
6 79 121706
6 80 40669
6 81 47681
6 82 122349
6 83 47577
6 84 40839
6 85 95654
6 86 39587
6 87 47453
6 88 95748
6 89 46467
6 90 121375
6 91 94911
6 92 121706
6 93 46337
6 94 94908
6 95 46160
6 96 69208
6 97 121843
6 98 69264
6 99 94665
6 100 121833
6 101 94789
6 102 69289
6 103 121836
6 104 71207
6 105 46407
6 106 122231
6 107 47442
6 108 71280
6 109 94857
6 110 68484
6 111 47433
6 112 94815
6 113 46227
6 114 121371
6 115 94896
6 116 121440
6 117 46274
6 118 94578
6 119 45617
6 120 77066
6 121 127870
6 122 77050
6 123 151478
6 124 127870
6 125 150560
6 126 77066
6 127 127870
6 128 79176
6 129 101664
6 130 127890
6 131 104288
6 132 79176
6 133 151458
6 134 77066
6 135 104288
6 136 150580
6 137 101664
6 138 127890
6 139 151462
6 140 127890
6 141 101446
6 142 150576
6 143 101664
6 144 77540
6 145 128938
6 146 77536
6 147 151524
6 148 128938
6 149 151050
6 150 77978
6 151 131454
6 152 79470
6 153 68338
6 154 131318
6 155 68750
6 156 80142
6 157 155236
6 158 79876
6 159 68756
6 160 154658
6 161 69228
6 162 129534
6 163 154150
6 164 131758
6 165 69204
6 166 154646
6 167 68804
6 168 78282
6 169 131344
6 170 80440
6 171 107258
6 172 131788
6 173 107922
6 174 78320
6 175 131660
6 176 79858
6 177 68768
6 178 131400
6 179 68784
6 180 80554
6 181 105344
6 182 80340
6 183 69218
6 184 105002
6 185 68760
6 186 131566
6 187 108784
6 188 131888
6 189 69214
6 190 108238
6 191 69238
6 192 80444
6 193 155656
6 194 80146
6 195 108038
6 196 154624
6 197 105550
6 198 80824
6 199 155626
6 200 80572
6 201 69250
6 202 155522
6 203 69218
6 204 80180
6 205 108844
6 206 79866
6 207 68828
6 208 108732
6 209 69238
6 210 154014
6 211 105688
6 212 154742
6 213 68804
6 214 108240
6 215 68804
6 216 128600
6 217 153992
6 218 128644
6 219 105124
6 220 153662
6 221 105230
6 222 129552
6 223 154444
6 224 131748
6 225 68768
6 226 155278
6 227 69240
6 228 131472
6 229 107610
6 230 131580
6 231 69262
6 232 107864
6 233 68788
6 234 154054
6 235 106164
6 236 154740
6 237 68804
6 238 108390
6 239 68792
6 240 55998
6 241 82582
6 242 55996
6 243 89718
6 244 82582
6 245 89446
6 246 57362
6 247 83962
6 248 60423
6 249 49914
6 250 85437
6 251 50305
6 252 59388
6 253 92942
6 254 60158
6 255 50024
6 256 95165
6 257 50123
6 258 83922
6 259 93296
6 260 85441
6 261 50157
6 262 95249
6 263 50087
6 264 55989
6 265 82558
6 266 55987
6 267 89718
6 268 82558
6 269 89331
6 270 57558
6 271 84330
6 272 60029
6 273 44213
6 274 84660
6 275 44287
6 276 59489
6 277 93171
6 278 59956
6 279 44211
6 280 93204
6 281 44369
6 282 83269
6 283 91486
6 284 84699
6 285 44371
6 286 93103
6 287 44289
6 288 57464
6 289 84021
6 290 60337
6 291 50502
6 292 85091
6 293 50851
6 294 57356
6 295 83996
6 296 60431
6 297 44906
6 298 84538
6 299 44947
6 300 59597
6 301 49547
6 302 59527
6 303 44900
6 304 48796
6 305 44160
6 306 84914
6 307 51418
6 308 84959
6 309 45893
6 310 50254
6 311 44868
6 312 59365
6 313 94287
6 314 60381
6 315 50969
6 316 93660
6 317 50985
6 318 59856
6 319 95170
6 320 60348
6 321 45327
6 322 96102
6 323 45337
6 324 60382
6 325 50635
6 326 59817
6 327 45474
6 328 49852
6 329 44827
6 330 92819
6 331 50502
6 332 95772
6 333 44878
6 334 49923
6 335 44911
6 336 83926
6 337 93806
6 338 85648
6 339 50947
6 340 96081
6 341 50974
6 342 84095
6 343 93907
6 344 85601
6 345 45408
6 346 96144
6 347 45496
6 348 85515
6 349 51239
6 350 85240
6 351 45943
6 352 50187
6 353 44921
6 354 94461
6 355 50971
6 356 96395
6 357 45452
6 358 50279
6 359 45014
6 360 19556
6 361 36600
6 362 19872
6 363 49641
6 364 36692
6 365 49666
6 366 19602
6 367 36565
6 368 19968
6 369 23657
6 370 36610
6 371 23746
6 372 19877
6 373 49563
6 374 19872
6 375 23759
6 376 50179
6 377 23398
6 378 36671
6 379 50157
6 380 36684
6 381 23760
6 382 50207
6 383 23377
6 384 19597
6 385 36576
6 386 19798
6 387 49613
6 388 36599
6 389 49599
6 390 19549
6 391 36520
6 392 19875
6 393 18152
6 394 36591
6 395 18156
6 396 19877
6 397 50138
6 398 19825
6 399 18200
6 400 50250
6 401 18251
6 402 36661
6 403 50217
6 404 36628
6 405 18252
6 406 50269
6 407 18205
6 408 19558
6 409 36530
6 410 19921
6 411 23713
6 412 36658
6 413 23693
6 414 19448
6 415 35833
6 416 19777
6 417 18102
6 418 35887
6 419 18102
6 420 19828
6 421 23656
6 422 19798
6 423 18202
6 424 23610
6 425 18101
6 426 36604
6 427 23796
6 428 36485
6 429 18205
6 430 23640
6 431 18102
6 432 19771
6 433 49573
6 434 19827
6 435 23718
6 436 49540
6 437 23316
6 438 19824
6 439 49648
6 440 19723
6 441 18155
6 442 50188
6 443 18199
6 444 19781
6 445 23693
6 446 19696
6 447 18154
6 448 23686
6 449 18149
6 450 48906
6 451 23183
6 452 49542
6 453 18042
6 454 23158
6 455 18043
6 456 36560
6 457 49686
6 458 36600
6 459 23705
6 460 50119
6 461 23427
6 462 36610
6 463 49705
6 464 36591
6 465 18202
6 466 50270
6 467 18249
6 468 36618
6 469 23699
6 470 36446
6 471 18251
6 472 23656
6 473 18147
6 474 49436
6 475 23285
6 476 49726
6 477 18096
6 478 23277
6 479 18096
6 480 19724
6 481 62833
6 482 19779
6 483 49506
6 484 62722
6 485 49139
6 486 19778
6 487 62815
6 488 19877
6 489 23773
6 490 63191
6 491 23762
6 492 19876
6 493 50030
6 494 19779
6 495 23777
6 496 50236
6 497 23450
6 498 62456
6 499 49541
6 500 62690
6 501 23347
6 502 49726
6 503 23343
6 504 19775
6 505 62915
6 506 19776
6 507 49592
6 508 62779
6 509 49075
6 510 19824
6 511 62814
6 512 19773
6 513 18153
6 514 63039
6 515 18250
6 516 19867
6 517 50026
6 518 19869
6 519 18206
6 520 50166
6 521 18300
6 522 62948
6 523 49651
6 524 63108
6 525 18202
6 526 50081
6 527 18251
6 528 19831
6 529 62745
6 530 19826
6 531 23766
6 532 63168
6 533 23714
6 534 19728
6 535 62495
6 536 19822
6 537 18204
6 538 62744
6 539 18208
6 540 19725
6 541 23693
6 542 19721
6 543 18152
6 544 23722
6 545 18149
6 546 62891
6 547 23770
6 548 62915
6 549 18249
6 550 23688
6 551 18147
6 552 19776
6 553 49661
6 554 19826
6 555 23748
6 556 50046
6 557 23408
6 558 19819
6 559 49688
6 560 19766
6 561 18154
6 562 50263
6 563 18247
6 564 19777
6 565 23720
6 566 19448
6 567 18099
6 568 23709
6 569 18103
6 570 49436
6 571 23285
6 572 49726
6 573 18096
6 574 23277
6 575 18096
6 576 61866
6 577 48959
6 578 62077
6 579 23234
6 580 49490
6 581 23213
6 582 62101
6 583 48957
6 584 62284
6 585 18042
6 586 49492
6 587 18145
6 588 62282
6 589 23233
6 590 62099
6 591 18145
6 592 23157
6 593 18042
6 594 48906
6 595 23183
6 596 49542
6 597 18042
6 598 23158
6 599 18043
6 600 35833
6 601 62321
6 602 35867
6 603 48894
6 604 62518
6 605 48963
6 606 35888
6 607 62320
6 608 36466
6 609 23237
6 610 62699
6 611 23603
6 612 36472
6 613 49424
6 614 35858
6 615 23601
6 616 49579
6 617 23290
6 618 62444
6 619 49539
6 620 62634
6 621 23291
6 622 49572
6 623 23214
6 624 35887
6 625 62383
6 626 35867
6 627 48951
6 628 62538
6 629 48960
6 630 36028
6 631 62569
6 632 36528
6 633 18042
6 634 62900
6 635 18151
6 636 36517
6 637 49503
6 638 36562
6 639 18148
6 640 49521
6 641 18198
6 642 62870
6 643 49582
6 644 63054
6 645 18198
6 646 50064
6 647 18155
6 648 36032
6 649 62569
6 650 36514
6 651 23541
6 652 62950
6 653 23605
6 654 35893
6 655 62363
6 656 36566
6 657 18151
6 658 62761
6 659 18153
6 660 36508
6 661 23286
6 662 36487
6 663 18198
6 664 23157
6 665 18042
6 666 62666
6 667 23670
6 668 62881
6 669 18194
6 670 23619
6 671 18145
6 672 36534
6 673 49527
6 674 36511
6 675 23670
6 676 49494
6 677 23330
6 678 36518
6 679 49547
6 680 36464
6 681 18198
6 682 50102
6 683 18194
6 684 36480
6 685 23646
6 686 35833
6 687 18155
6 688 23619
6 689 18145
6 690 48873
6 691 23183
6 692 49532
6 693 18041
6 694 23157
6 695 18042
6 696 61866
6 697 48959
6 698 62077
6 699 23234
6 700 49490
6 701 23213
6 702 62101
6 703 48957
6 704 62284
6 705 18042
6 706 49492
6 707 18145
6 708 62282
6 709 23233
6 710 62099
6 711 18145
6 712 23157
6 713 18042
6 714 48906
6 715 23183
6 716 49542
6 717 18042
6 718 23158
6 719 18043
7 0 3462
7 1 4472
7 2 3462
7 3 16203
7 4 4472
7 5 16113
7 6 3462
7 7 4472
7 8 3464
7 9 22968
7 10 4473
7 11 22988
7 12 3464
7 13 16202
7 14 3462
7 15 22988
7 16 16114
7 17 22968
7 18 4473
7 19 16202
7 20 4473
7 21 22967
7 22 16114
7 23 22968
7 24 3462
7 25 4472
7 26 3462
7 27 16203
7 28 4472
7 29 16110
7 30 3466
7 31 4503
7 32 3466
7 33 8639
7 34 4502
7 35 8731
7 36 3467
7 37 16293
7 38 3467
7 39 8728
7 40 16204
7 41 8728
7 42 4477
7 43 16198
7 44 4502
7 45 8730
7 46 16202
7 47 8729
7 48 3466
7 49 4503
7 50 3467
7 51 23067
7 52 4503
7 53 23067
7 54 3462
7 55 4472
7 56 3467
7 57 8728
7 58 4476
7 59 8729
7 60 3466
7 61 23056
7 62 3466
7 63 8736
7 64 23055
7 65 8645
7 66 4501
7 67 23080
7 68 4498
7 69 8735
7 70 23078
7 71 8648
7 72 3466
7 73 16292
7 74 3467
7 75 23065
7 76 16206
7 77 23045
7 78 3467
7 79 16201
7 80 3466
7 81 8737
7 82 16202
7 83 8736
7 84 3466
7 85 23075
7 86 3462
7 87 8731
7 88 23078
7 89 8648
7 90 16116
7 91 23055
7 92 16116
7 93 8645
7 94 23058
7 95 8645
7 96 4475
7 97 16207
7 98 4477
7 99 23043
7 100 16204
7 101 23045
7 102 4477
7 103 16207
7 104 4501
7 105 8645
7 106 16197
7 107 8734
7 108 4501
7 109 23057
7 110 4475
7 111 8734
7 112 23057
7 113 8645
7 114 16116
7 115 23055
7 116 16110
7 117 8645
7 118 23055
7 119 8639
7 120 3461
7 121 4471
7 122 3461
7 123 16202
7 124 4471
7 125 16110
7 126 3461
7 127 4471
7 128 3464
7 129 22968
7 130 4473
7 131 22988
7 132 3464
7 133 16200
7 134 3461
7 135 22988
7 136 16112
7 137 22968
7 138 4473
7 139 16200
7 140 4473
7 141 22967
7 142 16112
7 143 22968
7 144 3504
7 145 4516
7 146 3504
7 147 16517
7 148 4516
7 149 16499
7 150 3509
7 151 4550
7 152 3509
7 153 3508
7 154 4550
7 155 3510
7 156 3513
7 157 16609
7 158 3511
7 159 3510
7 160 16520
7 161 3511
7 162 4525
7 163 16595
7 164 4550
7 165 3511
7 166 16520
7 167 3510
7 168 3505
7 169 4544
7 170 3509
7 171 23408
7 172 4547
7 173 23408
7 174 3509
7 175 4549
7 176 3511
7 177 3510
7 178 4549
7 179 3510
7 180 3512
7 181 23454
7 182 3512
7 183 3512
7 184 23453
7 185 3511
7 186 4549
7 187 23483
7 188 4550
7 189 3512
7 190 23481
7 191 3512
7 192 3509
7 193 16495
7 194 3506
7 195 23407
7 196 16412
7 197 23388
7 198 3514
7 199 16605
7 200 3512
7 201 3512
7 202 16603
7 203 3512
7 204 3513
7 205 23478
7 206 3509
7 207 3510
7 208 23484
7 209 3512
7 210 16414
7 211 23456
7 212 16518
7 213 3511
7 214 23488
7 215 3511
7 216 4519
7 217 16420
7 218 4519
7 219 23385
7 220 16406
7 221 23385
7 222 4526
7 223 16604
7 224 4551
7 225 3511
7 226 16600
7 227 3512
7 228 4550
7 229 23482
7 230 4551
7 231 3512
7 232 23484
7 233 3511
7 234 16418
7 235 23456
7 236 16512
7 237 3511
7 238 23481
7 239 3508
7 240 3504
7 241 4516
7 242 3504
7 243 16517
7 244 4516
7 245 16499
7 246 3506
7 247 4542
7 248 3509
7 249 8820
7 250 4541
7 251 8829
7 252 3509
7 253 16609
7 254 3507
7 255 8827
7 256 16518
7 257 8828
7 258 4521
7 259 16594
7 260 4541
7 261 8828
7 262 16516
7 263 8826
7 264 3461
7 265 4469
7 266 3461
7 267 16203
7 268 4469
7 269 16095
7 270 3507
7 271 4544
7 272 3511
7 273 3510
7 274 4548
7 275 3510
7 276 3509
7 277 16554
7 278 3511
7 279 3510
7 280 16515
7 281 3511
7 282 4517
7 283 16442
7 284 4548
7 285 3511
7 286 16510
7 287 3510
7 288 3508
7 289 4543
7 290 3513
7 291 8841
7 292 4551
7 293 8847
7 294 3505
7 295 4540
7 296 3512
7 297 3513
7 298 4545
7 299 3513
7 300 3510
7 301 8755
7 302 3510
7 303 3512
7 304 8735
7 305 3509
7 306 4547
7 307 8853
7 308 4551
7 309 3515
7 310 8832
7 311 3511
7 312 3513
7 313 16613
7 314 3513
7 315 8847
7 316 16611
7 317 8849
7 318 3510
7 319 16506
7 320 3510
7 321 3514
7 322 16547
7 323 3515
7 324 3512
7 325 8847
7 326 3510
7 327 3514
7 328 8829
7 329 3511
7 330 16520
7 331 8847
7 332 16501
7 333 3514
7 334 8830
7 335 3512
7 336 4525
7 337 16605
7 338 4548
7 339 8850
7 340 16605
7 341 8848
7 342 4522
7 343 16497
7 344 4546
7 345 3515
7 346 16422
7 347 3514
7 348 4551
7 349 8851
7 350 4543
7 351 3516
7 352 8832
7 353 3512
7 354 16522
7 355 8850
7 356 16503
7 357 3515
7 358 8829
7 359 3509
7 360 3507
7 361 4546
7 362 3511
7 363 23435
7 364 4549
7 365 23435
7 366 3507
7 367 4546
7 368 3512
7 369 8840
7 370 4550
7 371 8844
7 372 3510
7 373 23442
7 374 3511
7 375 8847
7 376 23469
7 377 8759
7 378 4548
7 379 23467
7 380 4549
7 381 8847
7 382 23471
7 383 8757
7 384 3506
7 385 4540
7 386 3507
7 387 23406
7 388 4540
7 389 23406
7 390 3507
7 391 4542
7 392 3514
7 393 3513
7 394 4548
7 395 3513
7 396 3511
7 397 23495
7 398 3512
7 399 3514
7 400 23504
7 401 3514
7 402 4547
7 403 23529
7 404 4546
7 405 3515
7 406 23510
7 407 3512
7 408 3508
7 409 4549
7 410 3512
7 411 8832
7 412 4552
7 413 8831
7 414 3461
7 415 4442
7 416 3508
7 417 3510
7 418 4488
7 419 3510
7 420 3512
7 421 8847
7 422 3508
7 423 3512
7 424 8828
7 425 3511
7 426 4551
7 427 8852
7 428 4535
7 429 3512
7 430 8830
7 431 3511
7 432 3510
7 433 23492
7 434 3512
7 435 8849
7 436 23495
7 437 8762
7 438 3512
7 439 23492
7 440 3510
7 441 3513
7 442 23519
7 443 3514
7 444 3512
7 445 8850
7 446 3505
7 447 3513
7 448 8850
7 449 3511
7 450 23442
7 451 8757
7 452 23497
7 453 3511
7 454 8757
7 455 3509
7 456 4548
7 457 23514
7 458 4550
7 459 8850
7 460 23536
7 461 8764
7 462 4550
7 463 23514
7 464 4543
7 465 3514
7 466 23539
7 467 3513
7 468 4551
7 469 8850
7 470 4527
7 471 3515
7 472 8850
7 473 3509
7 474 23481
7 475 8761
7 476 23518
7 477 3512
7 478 8758
7 479 3509
7 480 3507
7 481 16510
7 482 3509
7 483 23428
7 484 16422
7 485 23412
7 486 3509
7 487 16502
7 488 3510
7 489 8851
7 490 16498
7 491 8850
7 492 3510
7 493 23461
7 494 3507
7 495 8847
7 496 23471
7 497 8763
7 498 16412
7 499 23441
7 500 16412
7 501 8760
7 502 23451
7 503 8760
7 504 3509
7 505 16512
7 506 3509
7 507 23432
7 508 16420
7 509 23411
7 510 3514
7 511 16601
7 512 3512
7 513 3513
7 514 16607
7 515 3515
7 516 3510
7 517 23493
7 518 3512
7 519 3514
7 520 23532
7 521 3516
7 522 16458
7 523 23475
7 524 16603
7 525 3514
7 526 23535
7 527 3515
7 528 3513
7 529 16601
7 530 3512
7 531 8850
7 532 16605
7 533 8849
7 534 3506
7 535 16381
7 536 3513
7 537 3514
7 538 16494
7 539 3514
7 540 3510
7 541 8849
7 542 3507
7 543 3513
7 544 8850
7 545 3513
7 546 16606
7 547 8852
7 548 16537
7 549 3514
7 550 8850
7 551 3511
7 552 3510
7 553 23492
7 554 3511
7 555 8849
7 556 23515
7 557 8762
7 558 3509
7 559 23466
7 560 3509
7 561 3513
7 562 23511
7 563 3514
7 564 3508
7 565 8832
7 566 3461
7 567 3507
7 568 8832
7 569 3508
7 570 23480
7 571 8761
7 572 23514
7 573 3512
7 574 8760
7 575 3507
7 576 16387
7 577 23468
7 578 16386
7 579 8760
7 580 23497
7 581 8760
7 582 16387
7 583 23469
7 584 16517
7 585 3511
7 586 23513
7 587 3513
7 588 16517
7 589 8761
7 590 16387
7 591 3513
7 592 8758
7 593 3509
7 594 23481
7 595 8760
7 596 23511
7 597 3511
7 598 8760
7 599 3504
7 600 4515
7 601 16419
7 602 4519
7 603 23405
7 604 16419
7 605 23409
7 606 4519
7 607 16420
7 608 4546
7 609 8757
7 610 16417
7 611 8846
7 612 4546
7 613 23442
7 614 4519
7 615 8846
7 616 23448
7 617 8759
7 618 16412
7 619 23441
7 620 16406
7 621 8759
7 622 23446
7 623 8753
7 624 4519
7 625 16421
7 626 4519
7 627 23409
7 628 16417
7 629 23409
7 630 4526
7 631 16609
7 632 4551
7 633 3511
7 634 16602
7 635 3513
7 636 4552
7 637 23508
7 638 4553
7 639 3513
7 640 23508
7 641 3514
7 642 16449
7 643 23475
7 644 16599
7 645 3514
7 646 23529
7 647 3511
7 648 4525
7 649 16609
7 650 4547
7 651 8847
7 652 16605
7 653 8850
7 654 4513
7 655 16417
7 656 4549
7 657 3513
7 658 16508
7 659 3513
7 660 4543
7 661 8762
7 662 4542
7 663 3514
7 664 8760
7 665 3511
7 666 16604
7 667 8850
7 668 16536
7 669 3510
7 670 8850
7 671 3511
7 672 4548
7 673 23514
7 674 4550
7 675 8849
7 676 23515
7 677 8761
7 678 4542
7 679 23509
7 680 4543
7 681 3514
7 682 23536
7 683 3512
7 684 4551
7 685 8850
7 686 4461
7 687 3512
7 688 8850
7 689 3512
7 690 23480
7 691 8758
7 692 23514
7 693 3509
7 694 8757
7 695 3506
7 696 16387
7 697 23468
7 698 16384
7 699 8760
7 700 23495
7 701 8758
7 702 16387
7 703 23469
7 704 16511
7 705 3511
7 706 23494
7 707 3512
7 708 16508
7 709 8757
7 710 16349
7 711 3512
7 712 8756
7 713 3508
7 714 23442
7 715 8754
7 716 23469
7 717 3508
7 718 8736
7 719 3462
7 720 10410
7 721 19010
7 722 10410
7 723 42636
7 724 19010
7 725 42354
7 726 10410
7 727 19010
7 728 10442
7 729 33948
7 730 19026
7 731 34196
7 732 10442
7 733 42620
7 734 10410
7 735 34196
7 736 42370
7 737 33948
7 738 19026
7 739 42620
7 740 19026
7 741 33932
7 742 42370
7 743 33948
7 744 10410
7 745 19010
7 746 10410
7 747 42636
7 748 19010
7 749 42354
7 750 10426
7 751 19386
7 752 10426
7 753 13650
7 754 19370
7 755 13964
7 756 10442
7 757 42870
7 758 10442
7 759 13916
7 760 42604
7 761 13916
7 762 19042
7 763 42620
7 764 19370
7 765 13948
7 766 42572
7 767 13932
7 768 10426
7 769 19386
7 770 10442
7 771 34244
7 772 19386
7 773 34244
7 774 10410
7 775 19010
7 776 10442
7 777 13916
7 778 19026
7 779 13932
7 780 10426
7 781 33964
7 782 10426
7 783 13948
7 784 33948
7 785 13650
7 786 19354
7 787 34228
7 788 19306
7 789 13932
7 790 34196
7 791 13698
7 792 10426
7 793 42854
7 794 10442
7 795 34212
7 796 42636
7 797 33964
7 798 10442
7 799 42652
7 800 10426
7 801 13964
7 802 42620
7 803 13948
7 804 10426
7 805 34196
7 806 10410
7 807 13964
7 808 34196
7 809 13698
7 810 42354
7 811 33948
7 812 42354
7 813 13650
7 814 33948
7 815 13650
7 816 19010
7 817 42652
7 818 19042
7 819 33932
7 820 42604
7 821 33964
7 822 19042
7 823 42652
7 824 19354
7 825 13650
7 826 42604
7 827 13916
7 828 19354
7 829 33932
7 830 19010
7 831 13916
7 832 33932
7 833 13650
7 834 42354
7 835 33948
7 836 42354
7 837 13650
7 838 33948
7 839 13650
7 840 10422
7 841 19022
7 842 10422
7 843 42648
7 844 19022
7 845 42388
7 846 10422
7 847 19022
7 848 10442
7 849 33948
7 850 19026
7 851 34196
7 852 10442
7 853 42644
7 854 10422
7 855 34196
7 856 42392
7 857 33948
7 858 19026
7 859 42642
7 860 19026
7 861 33932
7 862 42394
7 863 33948
7 864 10422
7 865 19044
7 866 10422
7 867 42636
7 868 19044
7 869 42544
7 870 10422
7 871 19320
7 872 10422
7 873 10410
7 874 19312
7 875 10422
7 876 10458
7 877 42848
7 878 10434
7 879 10422
7 880 42626
7 881 10438
7 882 19080
7 883 42776
7 884 19314
7 885 10438
7 886 42594
7 887 10422
7 888 10458
7 889 19334
7 890 10478
7 891 34488
7 892 19386
7 893 34524
7 894 10434
7 895 19332
7 896 10434
7 897 10422
7 898 19312
7 899 10422
7 900 10466
7 901 34492
7 902 10454
7 903 10454
7 904 34490
7 905 10438
7 906 19362
7 907 34578
7 908 19368
7 909 10454
7 910 34574
7 911 10454
7 912 10466
7 913 42874
7 914 10460
7 915 34488
7 916 42630
7 917 34238
7 918 10478
7 919 42866
7 920 10454
7 921 10454
7 922 42822
7 923 10454
7 924 10460
7 925 34562
7 926 10434
7 927 10422
7 928 34574
7 929 10454
7 930 42408
7 931 34258
7 932 42588
7 933 10438
7 934 34502
7 935 10438
7 936 19062
7 937 42702
7 938 19062
7 939 34200
7 940 42624
7 941 34204
7 942 19096
7 943 42880
7 944 19328
7 945 10438
7 946 42834
7 947 10454
7 948 19318
7 949 34496
7 950 19328
7 951 10454
7 952 34498
7 953 10438
7 954 42408
7 955 34258
7 956 42572
7 957 10438
7 958 34490
7 959 10422
7 960 10434
7 961 19056
7 962 10434
7 963 42648
7 964 19056
7 965 42544
7 966 10450
7 967 19434
7 968 10464
7 969 14060
7 970 19416
7 971 14158
7 972 10468
7 973 42896
7 974 10466
7 975 14148
7 976 42630
7 977 14126
7 978 19094
7 979 42836
7 980 19420
7 981 14130
7 982 42620
7 983 14126
7 984 10434
7 985 19056
7 986 10434
7 987 42648
7 988 19056
7 989 42554
7 990 10434
7 991 19332
7 992 10434
7 993 10422
7 994 19312
7 995 10422
7 996 10458
7 997 42870
7 998 10434
7 999 10422
7 1000 42648
7 1001 10438
7 1002 19080
7 1003 42776
7 1004 19314
7 1005 10438
7 1006 42606
7 1007 10422
7 1008 10438
7 1009 19444
7 1010 10450
7 1011 14072
7 1012 19460
7 1013 14158
7 1014 10438
7 1015 19432
7 1016 10450
7 1017 10438
7 1018 19432
7 1019 10438
7 1020 10438
7 1021 13856
7 1022 10438
7 1023 10438
7 1024 13844
7 1025 10422
7 1026 19436
7 1027 14194
7 1028 19436
7 1029 10470
7 1030 14170
7 1031 10438
7 1032 10468
7 1033 42926
7 1034 10478
7 1035 14170
7 1036 42838
7 1037 14158
7 1038 10480
7 1039 42926
7 1040 10454
7 1041 10454
7 1042 42882
7 1043 10470
7 1044 10454
7 1045 14134
7 1046 10454
7 1047 10454
7 1048 14122
7 1049 10438
7 1050 42616
7 1051 14134
7 1052 42628
7 1053 10454
7 1054 14134
7 1055 10454
7 1056 19094
7 1057 42886
7 1058 19444
7 1059 14166
7 1060 42830
7 1061 14162
7 1062 19106
7 1063 42898
7 1064 19344
7 1065 10470
7 1066 42822
7 1067 10454
7 1068 19432
7 1069 14190
7 1070 19420
7 1071 10486
7 1072 14166
7 1073 10454
7 1074 42626
7 1075 14164
7 1076 42638
7 1077 10470
7 1078 14150
7 1079 10438
7 1080 10450
7 1081 19432
7 1082 10480
7 1083 34536
7 1084 19446
7 1085 34540
7 1086 10448
7 1087 19380
7 1088 10478
7 1089 14134
7 1090 19342
7 1091 14178
7 1092 10462
7 1093 34464
7 1094 10462
7 1095 14166
7 1096 34488
7 1097 13910
7 1098 19428
7 1099 34544
7 1100 19422
7 1101 14152
7 1102 34524
7 1103 13916
7 1104 10462
7 1105 19444
7 1106 10480
7 1107 34542
7 1108 19446
7 1109 34542
7 1110 10438
7 1111 19444
7 1112 10450
7 1113 10438
7 1114 19444
7 1115 10438
7 1116 10480
7 1117 34588
7 1118 10454
7 1119 10454
7 1120 34586
7 1121 10470
7 1122 19446
7 1123 34598
7 1124 19446
7 1125 10470
7 1126 34598
7 1127 10454
7 1128 10446
7 1129 19344
7 1130 10466
7 1131 14174
7 1132 19404
7 1133 14164
7 1134 10434
7 1135 19332
7 1136 10434
7 1137 10422
7 1138 19312
7 1139 10422
7 1140 10454
7 1141 14132
7 1142 10454
7 1143 10454
7 1144 14134
7 1145 10438
7 1146 19380
7 1147 14176
7 1148 19372
7 1149 10454
7 1150 14138
7 1151 10438
7 1152 10450
7 1153 34538
7 1154 10450
7 1155 14168
7 1156 34492
7 1157 13868
7 1158 10462
7 1159 34556
7 1160 10438
7 1161 10438
7 1162 34568
7 1163 10454
7 1164 10450
7 1165 14168
7 1166 10438
7 1167 10438
7 1168 14154
7 1169 10454
7 1170 34490
7 1171 13856
7 1172 34502
7 1173 10422
7 1174 14034
7 1175 10422
7 1176 19404
7 1177 34592
7 1178 19398
7 1179 14152
7 1180 34578
7 1181 13928
7 1182 19416
7 1183 34596
7 1184 19412
7 1185 10454
7 1186 34604
7 1187 10470
7 1188 19400
7 1189 14162
7 1190 19404
7 1191 10470
7 1192 14150
7 1193 10454
7 1194 34574
7 1195 13904
7 1196 34574
7 1197 10438
7 1198 14082
7 1199 10438
7 1200 10450
7 1201 42942
7 1202 10454
7 1203 34494
7 1204 42706
7 1205 34248
7 1206 10454
7 1207 42906
7 1208 10450
7 1209 14196
7 1210 42854
7 1211 14180
7 1212 10450
7 1213 34488
7 1214 10448
7 1215 14196
7 1216 34488
7 1217 13928
7 1218 42588
7 1219 34238
7 1220 42588
7 1221 13880
7 1222 34238
7 1223 13880
7 1224 10462
7 1225 42952
7 1226 10466
7 1227 34494
7 1228 42706
7 1229 34248
7 1230 10464
7 1231 42932
7 1232 10438
7 1233 10438
7 1234 42920
7 1235 10470
7 1236 10478
7 1237 34572
7 1238 10454
7 1239 10454
7 1240 34594
7 1241 10486
7 1242 42662
7 1243 34270
7 1244 42838
7 1245 10454
7 1246 34518
7 1247 10470
7 1248 10478
7 1249 42874
7 1250 10474
7 1251 14194
7 1252 42880
7 1253 14180
7 1254 10466
7 1255 42864
7 1256 10454
7 1257 10454
7 1258 42852
7 1259 10454
7 1260 10450
7 1261 14182
7 1262 10438
7 1263 10438
7 1264 14182
7 1265 10454
7 1266 42842
7 1267 14180
7 1268 42866
7 1269 10470
7 1270 14178
7 1271 10454
7 1272 10450
7 1273 34568
7 1274 10448
7 1275 14194
7 1276 34562
7 1277 13916
7 1278 10462
7 1279 34588
7 1280 10438
7 1281 10438
7 1282 34588
7 1283 10470
7 1284 10446
7 1285 14182
7 1286 10434
7 1287 10422
7 1288 14170
7 1289 10438
7 1290 34574
7 1291 13904
7 1292 34574
7 1293 10438
7 1294 14082
7 1295 10438
7 1296 42366
7 1297 34258
7 1298 42366
7 1299 13868
7 1300 34258
7 1301 13868
7 1302 42400
7 1303 34270
7 1304 42566
7 1305 10422
7 1306 34504
7 1307 10438
7 1308 42556
7 1309 14058
7 1310 42554
7 1311 10438
7 1312 14056
7 1313 10422
7 1314 34502
7 1315 13890
7 1316 34502
7 1317 10422
7 1318 14056
7 1319 10422
7 1320 19046
7 1321 42676
7 1322 19054
7 1323 34200
7 1324 42660
7 1325 34208
7 1326 19054
7 1327 42676
7 1328 19390
7 1329 13868
7 1330 42660
7 1331 14122
7 1332 19390
7 1333 34198
7 1334 19046
7 1335 14122
7 1336 34200
7 1337 13868
7 1338 42588
7 1339 34204
7 1340 42588
7 1341 13868
7 1342 34204
7 1343 13868
7 1344 19058
7 1345 42706
7 1346 19066
7 1347 34200
7 1348 42694
7 1349 34208
7 1350 19084
7 1351 42876
7 1352 19312
7 1353 10422
7 1354 42864
7 1355 10438
7 1356 19346
7 1357 34502
7 1358 19344
7 1359 10438
7 1360 34498
7 1361 10454
7 1362 42650
7 1363 34264
7 1364 42818
7 1365 10454
7 1366 34506
7 1367 10438
7 1368 19100
7 1369 42862
7 1370 19438
7 1371 14118
7 1372 42876
7 1373 14156
7 1374 19088
7 1375 42864
7 1376 19344
7 1377 10438
7 1378 42852
7 1379 10438
7 1380 19424
7 1381 14082
7 1382 19412
7 1383 10454
7 1384 14056
7 1385 10422
7 1386 42838
7 1387 14168
7 1388 42850
7 1389 10454
7 1390 14168
7 1391 10454
7 1392 19400
7 1393 34542
7 1394 19352
7 1395 14170
7 1396 34496
7 1397 13914
7 1398 19412
7 1399 34548
7 1400 19412
7 1401 10454
7 1402 34562
7 1403 10454
7 1404 19324
7 1405 14180
7 1406 19312
7 1407 10438
7 1408 14168
7 1409 10454
7 1410 34498
7 1411 13890
7 1412 34498
7 1413 10422
7 1414 14056
7 1415 10422
7 1416 42366
7 1417 34258
7 1418 42366
7 1419 13868
7 1420 34258
7 1421 13868
7 1422 42400
7 1423 34270
7 1424 42566
7 1425 10422
7 1426 34504
7 1427 10438
7 1428 42556
7 1429 14058
7 1430 42554
7 1431 10438
7 1432 14056
7 1433 10422
7 1434 34490
7 1435 13890
7 1436 34502
7 1437 10422
7 1438 14056
7 1439 10422
7 1440 10142
7 1441 19957
7 1442 10141
7 1443 26759
7 1444 19957
7 1445 26655
7 1446 10142
7 1447 19957
7 1448 10350
7 1449 18582
7 1450 19959
7 1451 18872
7 1452 10350
7 1453 26757
7 1454 10142
7 1455 18872
7 1456 26657
7 1457 18582
7 1458 19959
7 1459 26757
7 1460 19959
7 1461 18565
7 1462 26657
7 1463 18582
7 1464 10192
7 1465 20082
7 1466 10192
7 1467 26763
7 1468 20082
7 1469 26738
7 1470 10290
7 1471 20549
7 1472 10513
7 1473 8786
7 1474 20515
7 1475 8789
7 1476 10539
7 1477 27408
7 1478 10516
7 1479 8788
7 1480 27306
7 1481 8824
7 1482 20156
7 1483 27236
7 1484 20515
7 1485 8824
7 1486 27305
7 1487 8789
7 1488 10279
7 1489 20461
7 1490 10488
7 1491 19365
7 1492 20462
7 1493 19397
7 1494 10288
7 1495 20519
7 1496 10514
7 1497 8788
7 1498 20484
7 1499 8787
7 1500 10547
7 1501 19538
7 1502 10514
7 1503 8824
7 1504 19581
7 1505 8787
7 1506 20469
7 1507 19590
7 1508 20508
7 1509 8824
7 1510 19639
7 1511 8822
7 1512 10491
7 1513 27354
7 1514 10494
7 1515 19425
7 1516 27256
7 1517 19138
7 1518 10538
7 1519 27388
7 1520 10513
7 1521 8824
7 1522 27389
7 1523 8824
7 1524 10548
7 1525 19600
7 1526 10512
7 1527 8789
7 1528 19648
7 1529 8822
7 1530 27194
7 1531 19249
7 1532 27288
7 1533 8787
7 1534 19612
7 1535 8787
7 1536 20037
7 1537 27106
7 1538 20043
7 1539 19101
7 1540 27101
7 1541 19107
7 1542 20156
7 1543 27239
7 1544 20513
7 1545 8787
7 1546 27388
7 1547 8824
7 1548 20470
7 1549 19544
7 1550 20486
7 1551 8824
7 1552 19606
7 1553 8786
7 1554 27194
7 1555 19249
7 1556 27286
7 1557 8787
7 1558 19609
7 1559 8786
7 1560 10142
7 1561 19957
7 1562 10141
7 1563 26759
7 1564 19957
7 1565 26655
7 1566 10142
7 1567 19957
7 1568 10350
7 1569 18582
7 1570 19959
7 1571 18872
7 1572 10350
7 1573 26757
7 1574 10142
7 1575 18872
7 1576 26657
7 1577 18582
7 1578 19959
7 1579 26757
7 1580 19959
7 1581 18565
7 1582 26657
7 1583 18582
7 1584 10194
7 1585 20088
7 1586 10194
7 1587 26763
7 1588 20088
7 1589 26752
7 1590 10246
7 1591 20512
7 1592 10465
7 1593 8738
7 1594 20472
7 1595 8740
7 1596 10498
7 1597 27147
7 1598 10467
7 1599 8739
7 1600 26994
7 1601 8775
7 1602 20119
7 1603 26989
7 1604 20472
7 1605 8775
7 1606 26994
7 1607 8740
7 1608 10280
7 1609 20464
7 1610 10490
7 1611 19139
7 1612 20466
7 1613 19137
7 1614 10246
7 1615 20510
7 1616 10465
7 1617 8739
7 1618 20468
7 1619 8738
7 1620 10507
7 1621 19167
7 1622 10469
7 1623 8777
7 1624 19151
7 1625 8742
7 1626 20431
7 1627 19191
7 1628 20472
7 1629 8777
7 1630 19190
7 1631 8777
7 1632 10458
7 1633 27147
7 1634 10455
7 1635 19088
7 1636 27050
7 1637 18824
7 1638 10500
7 1639 27147
7 1640 10469
7 1641 8777
7 1642 27091
7 1643 8777
7 1644 10507
7 1645 19165
7 1646 10466
7 1647 8740
7 1648 19148
7 1649 8777
7 1650 26897
7 1651 18804
7 1652 26993
7 1653 8742
7 1654 19198
7 1655 8742
7 1656 20002
7 1657 26899
7 1658 20002
7 1659 18715
7 1660 26891
7 1661 18713
7 1662 20121
7 1663 26996
7 1664 20474
7 1665 8742
7 1666 27092
7 1667 8777
7 1668 20433
7 1669 19187
7 1670 20474
7 1671 8777
7 1672 19198
7 1673 8741
7 1674 26899
7 1675 18804
7 1676 26990
7 1677 8742
7 1678 19196
7 1679 8740
7 1680 10193
7 1681 20085
7 1682 10193
7 1683 26763
7 1684 20085
7 1685 26738
7 1686 10288
7 1687 20546
7 1688 10557
7 1689 8834
7 1690 20553
7 1691 8836
7 1692 10540
7 1693 27344
7 1694 10558
7 1695 8836
7 1696 27280
7 1697 8835
7 1698 20159
7 1699 27185
7 1700 20554
7 1701 8835
7 1702 27281
7 1703 8834
7 1704 10192
7 1705 20082
7 1706 10192
7 1707 26763
7 1708 20082
7 1709 26739
7 1710 10287
7 1711 20549
7 1712 10511
7 1713 8784
7 1714 20515
7 1715 8785
7 1716 10501
7 1717 27150
7 1718 10512
7 1719 8785
7 1720 26996
7 1721 8787
7 1722 20119
7 1723 26975
7 1724 20515
7 1725 8787
7 1726 26996
7 1727 8785
7 1728 10244
7 1729 20477
7 1730 10512
7 1731 8834
7 1732 20500
7 1733 8836
7 1734 10244
7 1735 20475
7 1736 10511
7 1737 8789
7 1738 20476
7 1739 8790
7 1740 10463
7 1741 8785
7 1742 10463
7 1743 8784
7 1744 8737
7 1745 8737
7 1746 20459
7 1747 8875
7 1748 20460
7 1749 8872
7 1750 8783
7 1751 8783
7 1752 10537
7 1753 27323
7 1754 10596
7 1755 8917
7 1756 27404
7 1757 8918
7 1758 10541
7 1759 27325
7 1760 10591
7 1761 8907
7 1762 27362
7 1763 8908
7 1764 10510
7 1765 8834
7 1766 10509
7 1767 8831
7 1768 8784
7 1769 8784
7 1770 27226
7 1771 8878
7 1772 27227
7 1773 8872
7 1774 8822
7 1775 8822
7 1776 20156
7 1777 27194
7 1778 20589
7 1779 8882
7 1780 27427
7 1781 8882
7 1782 20159
7 1783 27196
7 1784 20587
7 1785 8878
7 1786 27387
7 1787 8878
7 1788 20507
7 1789 8909
7 1790 20502
7 1791 8909
7 1792 8820
7 1793 8820
7 1794 27251
7 1795 8879
7 1796 27251
7 1797 8879
7 1798 8788
7 1799 8788
7 1800 10279
7 1801 20459
7 1802 10526
7 1803 19495
7 1804 20496
7 1805 19499
7 1806 10326
7 1807 20543
7 1808 10594
7 1809 8876
7 1810 20545
7 1811 8879
7 1812 10549
7 1813 19199
7 1814 10567
7 1815 8912
7 1816 19574
7 1817 8878
7 1818 20464
7 1819 19570
7 1820 20545
7 1821 8911
7 1822 19593
7 1823 8877
7 1824 10321
7 1825 20499
7 1826 10530
7 1827 19503
7 1828 20500
7 1829 19505
7 1830 10287
7 1831 20546
7 1832 10549
7 1833 8826
7 1834 20543
7 1835 8828
7 1836 10592
7 1837 19614
7 1838 10549
7 1839 8861
7 1840 19607
7 1841 8867
7 1842 20504
7 1843 19585
7 1844 20543
7 1845 8864
7 1846 19629
7 1847 8867
7 1848 10288
7 1849 20546
7 1850 10558
7 1851 8842
7 1852 20551
7 1853 8840
7 1854 10284
7 1855 20502
7 1856 10551
7 1857 8830
7 1858 20503
7 1859 8830
7 1860 10509
7 1861 8830
7 1862 10508
7 1863 8830
7 1864 8785
7 1865 8785
7 1866 20509
7 1867 8879
7 1868 20505
7 1869 8877
7 1870 8786
7 1871 8786
7 1872 10503
7 1873 19548
7 1874 10552
7 1875 8880
7 1876 19157
7 1877 8877
7 1878 10548
7 1879 19605
7 1880 10510
7 1881 8831
7 1882 19637
7 1883 8832
7 1884 10511
7 1885 8836
7 1886 10481
7 1887 8830
7 1888 8821
7 1889 8821
7 1890 19086
7 1891 8829
7 1892 19568
7 1893 8783
7 1894 8784
7 1895 8784
7 1896 20423
7 1897 19628
7 1898 20510
7 1899 8915
7 1900 19594
7 1901 8916
7 1902 20467
7 1903 19675
7 1904 20508
7 1905 8865
7 1906 19778
7 1907 8909
7 1908 20508
7 1909 8910
7 1910 20466
7 1911 8908
7 1912 8821
7 1913 8821
7 1914 19465
7 1915 8835
7 1916 19671
7 1917 8825
7 1918 8823
7 1919 8823
7 1920 10492
7 1921 27365
7 1922 10496
7 1923 19477
7 1924 27266
7 1925 19232
7 1926 10541
7 1927 27411
7 1928 10556
7 1929 8881
7 1930 27478
7 1931 8915
7 1932 10592
7 1933 19648
7 1934 10558
7 1935 8881
7 1936 19699
7 1937 8914
7 1938 27339
7 1939 19232
7 1940 27486
7 1941 8878
7 1942 19717
7 1943 8879
7 1944 10500
7 1945 27371
7 1946 10498
7 1947 19523
7 1948 27269
7 1949 19214
7 1950 10544
7 1951 27365
7 1952 10551
7 1953 8868
7 1954 27406
7 1955 8905
7 1956 10593
7 1957 19641
7 1958 10552
7 1959 8870
7 1960 19646
7 1961 8907
7 1962 27306
7 1963 19256
7 1964 27400
7 1965 8870
7 1966 19647
7 1967 8873
7 1968 10540
7 1969 27363
7 1970 10591
7 1971 8920
7 1972 27466
7 1973 8917
7 1974 10538
7 1975 27347
7 1976 10590
7 1977 8908
7 1978 27387
7 1979 8909
7 1980 10509
7 1981 8837
7 1982 10507
7 1983 8832
7 1984 8824
7 1985 8824
7 1986 27346
7 1987 8913
7 1988 27349
7 1989 8908
7 1990 8821
7 1991 8821
7 1992 10545
7 1993 19668
7 1994 10558
7 1995 8884
7 1996 19615
7 1997 8882
7 1998 10552
7 1999 19680
7 2000 10549
7 2001 8872
7 2002 19732
7 2003 8876
7 2004 10514
7 2005 8838
7 2006 10508
7 2007 8834
7 2008 8790
7 2009 8790
7 2010 19526
7 2011 8835
7 2012 19684
7 2013 8828
7 2014 8823
7 2015 8823
7 2016 27162
7 2017 19222
7 2018 27288
7 2019 8839
7 2020 19655
7 2021 8839
7 2022 27166
7 2023 19222
7 2024 27262
7 2025 8832
7 2026 19671
7 2027 8835
7 2028 27292
7 2029 8878
7 2030 27279
7 2031 8875
7 2032 8788
7 2033 8788
7 2034 19586
7 2035 8835
7 2036 19702
7 2037 8831
7 2038 8788
7 2039 8788
7 2040 20038
7 2041 27107
7 2042 20044
7 2043 19125
7 2044 27106
7 2045 19131
7 2046 20163
7 2047 27242
7 2048 20557
7 2049 8836
7 2050 27461
7 2051 8838
7 2052 20512
7 2053 19593
7 2054 20529
7 2055 8838
7 2056 19683
7 2057 8836
7 2058 27343
7 2059 19310
7 2060 27485
7 2061 8836
7 2062 19701
7 2063 8835
7 2064 20044
7 2065 27110
7 2066 20044
7 2067 19131
7 2068 27108
7 2069 19129
7 2070 20169
7 2071 27209
7 2072 20552
7 2073 8828
7 2074 27401
7 2075 8832
7 2076 20515
7 2077 19613
7 2078 20556
7 2079 8830
7 2080 19657
7 2081 8834
7 2082 27300
7 2083 19280
7 2084 27397
7 2085 8834
7 2086 19681
7 2087 8832
7 2088 20163
7 2089 27209
7 2090 20590
7 2091 8884
7 2092 27468
7 2093 8882
7 2094 20157
7 2095 27195
7 2096 20588
7 2097 8874
7 2098 27389
7 2099 8876
7 2100 20510
7 2101 8876
7 2102 20508
7 2103 8876
7 2104 8785
7 2105 8785
7 2106 27347
7 2107 8913
7 2108 27347
7 2109 8911
7 2110 8823
7 2111 8823
7 2112 20469
7 2113 19669
7 2114 20559
7 2115 8920
7 2116 19618
7 2117 8918
7 2118 20477
7 2119 19682
7 2120 20554
7 2121 8908
7 2122 19787
7 2123 8911
7 2124 20520
7 2125 8881
7 2126 20487
7 2127 8878
7 2128 8825
7 2129 8825
7 2130 19549
7 2131 8835
7 2132 19685
7 2133 8829
7 2134 8787
7 2135 8787
7 2136 27166
7 2137 19263
7 2138 27288
7 2139 8840
7 2140 19678
7 2141 8839
7 2142 27166
7 2143 19260
7 2144 27264
7 2145 8837
7 2146 19710
7 2147 8839
7 2148 27292
7 2149 8878
7 2150 27278
7 2151 8877
7 2152 8788
7 2153 8788
7 2154 19606
7 2155 8834
7 2156 19679
7 2157 8832
7 2158 8787
7 2159 8787
7 2160 1579
7 2161 2591
7 2162 1579
7 2163 8016
7 2164 2591
7 2165 8013
7 2166 1582
7 2167 2621
7 2168 1582
7 2169 3876
7 2170 2619
7 2171 3879
7 2172 1583
7 2173 8051
7 2174 1582
7 2175 3879
7 2176 8016
7 2177 3877
7 2178 2595
7 2179 8048
7 2180 2619
7 2181 3877
7 2182 8016
7 2183 3877
7 2184 1580
7 2185 2592
7 2186 1580
7 2187 8017
7 2188 2592
7 2189 8011
7 2190 1583
7 2191 2624
7 2192 1583
7 2193 1582
7 2194 2622
7 2195 1582
7 2196 1584
7 2197 8052
7 2198 1583
7 2199 1582
7 2200 8019
7 2201 1582
7 2202 2596
7 2203 8044
7 2204 2622
7 2205 1582
7 2206 8019
7 2207 1582
7 2208 1581
7 2209 2622
7 2210 1583
7 2211 3905
7 2212 2624
7 2213 3908
7 2214 1582
7 2215 2621
7 2216 1584
7 2217 1583
7 2218 2622
7 2219 1583
7 2220 1582
7 2221 3905
7 2222 1582
7 2223 1583
7 2224 3904
7 2225 1581
7 2226 2621
7 2227 3912
7 2228 2621
7 2229 1584
7 2230 3909
7 2231 1581
7 2232 1582
7 2233 8053
7 2234 1584
7 2235 3909
7 2236 8049
7 2237 3907
7 2238 1583
7 2239 8054
7 2240 1584
7 2241 1584
7 2242 8052
7 2243 1584
7 2244 1582
7 2245 3909
7 2246 1582
7 2247 1583
7 2248 3909
7 2249 1581
7 2250 8016
7 2251 3909
7 2252 8016
7 2253 1583
7 2254 3907
7 2255 1581
7 2256 2594
7 2257 8052
7 2258 2622
7 2259 3909
7 2260 8048
7 2261 3909
7 2262 2595
7 2263 8051
7 2264 2624
7 2265 1583
7 2266 8047
7 2267 1583
7 2268 2621
7 2269 3910
7 2270 2619
7 2271 1584
7 2272 3907
7 2273 1581
7 2274 8016
7 2275 3909
7 2276 8016
7 2277 1583
7 2278 3906
7 2279 1581
7 2280 1580
7 2281 2592
7 2282 1580
7 2283 8017
7 2284 2592
7 2285 8013
7 2286 1581
7 2287 2619
7 2288 1582
7 2289 3876
7 2290 2617
7 2291 3878
7 2292 1583
7 2293 8051
7 2294 1581
7 2295 3878
7 2296 8016
7 2297 3877
7 2298 2595
7 2299 8047
7 2300 2617
7 2301 3877
7 2302 8015
7 2303 3876
7 2304 1579
7 2305 2591
7 2306 1579
7 2307 8016
7 2308 2591
7 2309 8011
7 2310 1581
7 2311 2622
7 2312 1581
7 2313 1580
7 2314 2620
7 2315 1580
7 2316 1582
7 2317 8050
7 2318 1581
7 2319 1580
7 2320 8017
7 2321 1580
7 2322 2594
7 2323 8046
7 2324 2620
7 2325 1580
7 2326 8017
7 2327 1580
7 2328 1582
7 2329 2621
7 2330 1584
7 2331 3907
7 2332 2623
7 2333 3908
7 2334 1581
7 2335 2620
7 2336 1582
7 2337 1581
7 2338 2620
7 2339 1581
7 2340 1583
7 2341 3904
7 2342 1583
7 2343 1583
7 2344 3903
7 2345 1582
7 2346 2621
7 2347 3909
7 2348 2622
7 2349 1584
7 2350 3907
7 2351 1582
7 2352 1584
7 2353 8056
7 2354 1583
7 2355 3908
7 2356 8050
7 2357 3908
7 2358 1584
7 2359 8055
7 2360 1583
7 2361 1583
7 2362 8051
7 2363 1583
7 2364 1583
7 2365 3906
7 2366 1582
7 2367 1582
7 2368 3905
7 2369 1582
7 2370 8017
7 2371 3907
7 2372 8018
7 2373 1583
7 2374 3907
7 2375 1582
7 2376 2596
7 2377 8053
7 2378 2620
7 2379 3907
7 2380 8048
7 2381 3906
7 2382 2596
7 2383 8053
7 2384 2623
7 2385 1583
7 2386 8049
7 2387 1583
7 2388 2622
7 2389 3909
7 2390 2619
7 2391 1584
7 2392 3907
7 2393 1582
7 2394 8017
7 2395 3907
7 2396 8018
7 2397 1583
7 2398 3906
7 2399 1581
7 2400 1579
7 2401 2591
7 2402 1579
7 2403 8016
7 2404 2591
7 2405 8009
7 2406 1582
7 2407 2623
7 2408 1582
7 2409 1581
7 2410 2621
7 2411 1581
7 2412 1583
7 2413 8051
7 2414 1582
7 2415 1581
7 2416 8017
7 2417 1581
7 2418 2595
7 2419 8045
7 2420 2621
7 2421 1581
7 2422 8016
7 2423 1581
7 2424 1578
7 2425 2588
7 2426 1578
7 2427 8016
7 2428 2588
7 2429 7981
7 2430 1580
7 2431 2619
7 2432 1580
7 2433 1579
7 2434 2618
7 2435 1579
7 2436 1581
7 2437 8050
7 2438 1580
7 2439 1579
7 2440 8016
7 2441 1580
7 2442 2591
7 2443 8015
7 2444 2618
7 2445 1580
7 2446 8013
7 2447 1579
7 2448 1580
7 2449 2621
7 2450 1582
7 2451 1581
7 2452 2622
7 2453 1581
7 2454 1580
7 2455 2620
7 2456 1582
7 2457 1581
7 2458 2620
7 2459 1581
7 2460 1580
7 2461 1581
7 2462 1580
7 2463 1581
7 2464 1579
7 2465 1579
7 2466 2619
7 2467 1582
7 2468 2619
7 2469 1582
7 2470 1579
7 2471 1579
7 2472 1582
7 2473 8053
7 2474 1583
7 2475 1583
7 2476 8050
7 2477 1583
7 2478 1582
7 2479 8053
7 2480 1582
7 2481 1582
7 2482 8051
7 2483 1583
7 2484 1580
7 2485 1581
7 2486 1580
7 2487 1581
7 2488 1579
7 2489 1579
7 2490 8016
7 2491 1582
7 2492 8016
7 2493 1582
7 2494 1580
7 2495 1580
7 2496 2594
7 2497 8049
7 2498 2623
7 2499 1582
7 2500 8046
7 2501 1582
7 2502 2594
7 2503 8049
7 2504 2620
7 2505 1582
7 2506 8016
7 2507 1581
7 2508 2619
7 2509 1583
7 2510 2619
7 2511 1583
7 2512 1580
7 2513 1580
7 2514 8016
7 2515 1582
7 2516 8016
7 2517 1582
7 2518 1579
7 2519 1579
7 2520 1579
7 2521 2620
7 2522 1582
7 2523 3879
7 2524 2622
7 2525 3879
7 2526 1580
7 2527 2621
7 2528 1583
7 2529 1582
7 2530 2623
7 2531 1582
7 2532 1581
7 2533 3872
7 2534 1582
7 2535 1583
7 2536 3905
7 2537 1581
7 2538 2622
7 2539 3911
7 2540 2622
7 2541 1583
7 2542 3909
7 2543 1581
7 2544 1580
7 2545 2621
7 2546 1582
7 2547 3879
7 2548 2622
7 2549 3879
7 2550 1579
7 2551 2618
7 2552 1581
7 2553 1580
7 2554 2619
7 2555 1580
7 2556 1583
7 2557 3903
7 2558 1582
7 2559 1582
7 2560 3906
7 2561 1582
7 2562 2623
7 2563 3909
7 2564 2622
7 2565 1583
7 2566 3908
7 2567 1582
7 2568 1579
7 2569 2620
7 2570 1582
7 2571 1581
7 2572 2622
7 2573 1581
7 2574 1579
7 2575 2617
7 2576 1581
7 2577 1580
7 2578 2618
7 2579 1580
7 2580 1581
7 2581 1582
7 2582 1581
7 2583 1582
7 2584 1580
7 2585 1580
7 2586 2621
7 2587 1582
7 2588 2621
7 2589 1582
7 2590 1580
7 2591 1580
7 2592 1579
7 2593 3875
7 2594 1580
7 2595 1582
7 2596 3871
7 2597 1581
7 2598 1580
7 2599 3875
7 2600 1579
7 2601 1580
7 2602 3901
7 2603 1581
7 2604 1579
7 2605 1581
7 2606 1579
7 2607 1580
7 2608 1580
7 2609 1580
7 2610 3841
7 2611 1579
7 2612 3870
7 2613 1578
7 2614 1578
7 2615 1578
7 2616 2619
7 2617 3882
7 2618 2619
7 2619 1583
7 2620 3911
7 2621 1582
7 2622 2619
7 2623 3882
7 2624 2619
7 2625 1582
7 2626 3911
7 2627 1583
7 2628 2619
7 2629 1583
7 2630 2619
7 2631 1582
7 2632 1582
7 2633 1582
7 2634 3880
7 2635 1579
7 2636 3880
7 2637 1579
7 2638 1579
7 2639 1579
7 2640 1581
7 2641 8051
7 2642 1583
7 2643 3880
7 2644 8052
7 2645 3881
7 2646 1582
7 2647 8053
7 2648 1584
7 2649 1584
7 2650 8055
7 2651 1584
7 2652 1583
7 2653 3908
7 2654 1583
7 2655 1584
7 2656 3910
7 2657 1583
7 2658 8048
7 2659 3907
7 2660 8049
7 2661 1584
7 2662 3909
7 2663 1583
7 2664 1582
7 2665 8053
7 2666 1583
7 2667 3882
7 2668 8052
7 2669 3880
7 2670 1582
7 2671 8053
7 2672 1582
7 2673 1582
7 2674 8053
7 2675 1583
7 2676 1583
7 2677 3908
7 2678 1583
7 2679 1583
7 2680 3908
7 2681 1584
7 2682 8050
7 2683 3909
7 2684 8051
7 2685 1583
7 2686 3909
7 2687 1584
7 2688 1582
7 2689 8053
7 2690 1584
7 2691 1584
7 2692 8055
7 2693 1584
7 2694 1582
7 2695 8051
7 2696 1583
7 2697 1583
7 2698 8052
7 2699 1583
7 2700 1581
7 2701 1582
7 2702 1581
7 2703 1582
7 2704 1581
7 2705 1581
7 2706 8050
7 2707 1584
7 2708 8050
7 2709 1584
7 2710 1582
7 2711 1582
7 2712 1580
7 2713 3881
7 2714 1580
7 2715 1582
7 2716 3907
7 2717 1581
7 2718 1580
7 2719 3881
7 2720 1580
7 2721 1581
7 2722 3910
7 2723 1582
7 2724 1580
7 2725 1582
7 2726 1580
7 2727 1581
7 2728 1581
7 2729 1581
7 2730 3877
7 2731 1579
7 2732 3880
7 2733 1579
7 2734 1579
7 2735 1579
7 2736 8014
7 2737 3878
7 2738 8015
7 2739 1583
7 2740 3907
7 2741 1582
7 2742 8015
7 2743 3878
7 2744 8016
7 2745 1581
7 2746 3907
7 2747 1583
7 2748 8016
7 2749 1583
7 2750 8014
7 2751 1582
7 2752 1581
7 2753 1581
7 2754 3877
7 2755 1580
7 2756 3881
7 2757 1580
7 2758 1580
7 2759 1580
7 2760 2593
7 2761 8051
7 2762 2621
7 2763 3880
7 2764 8052
7 2765 3880
7 2766 2594
7 2767 8052
7 2768 2624
7 2769 1583
7 2770 8051
7 2771 1583
7 2772 2623
7 2773 3910
7 2774 2621
7 2775 1584
7 2776 3909
7 2777 1582
7 2778 8049
7 2779 3910
7 2780 8049
7 2781 1584
7 2782 3908
7 2783 1582
7 2784 2594
7 2785 8052
7 2786 2621
7 2787 3880
7 2788 8052
7 2789 3880
7 2790 2594
7 2791 8054
7 2792 2622
7 2793 1582
7 2794 8052
7 2795 1582
7 2796 2621
7 2797 3910
7 2798 2622
7 2799 1584
7 2800 3909
7 2801 1583
7 2802 8049
7 2803 3909
7 2804 8051
7 2805 1584
7 2806 3910
7 2807 1582
7 2808 2594
7 2809 8054
7 2810 2624
7 2811 1583
7 2812 8053
7 2813 1583
7 2814 2594
7 2815 8051
7 2816 2623
7 2817 1582
7 2818 8050
7 2819 1582
7 2820 2621
7 2821 1584
7 2822 2620
7 2823 1584
7 2824 1582
7 2825 1582
7 2826 8048
7 2827 1584
7 2828 8048
7 2829 1583
7 2830 1581
7 2831 1581
7 2832 2619
7 2833 3883
7 2834 2619
7 2835 1584
7 2836 3910
7 2837 1583
7 2838 2619
7 2839 3883
7 2840 2619
7 2841 1583
7 2842 3912
7 2843 1584
7 2844 2619
7 2845 1584
7 2846 2616
7 2847 1583
7 2848 1583
7 2849 1583
7 2850 3879
7 2851 1580
7 2852 3881
7 2853 1580
7 2854 1580
7 2855 1580
7 2856 8015
7 2857 3880
7 2858 8015
7 2859 1583
7 2860 3909
7 2861 1582
7 2862 8015
7 2863 3880
7 2864 8017
7 2865 1582
7 2866 3909
7 2867 1583
7 2868 8017
7 2869 1583
7 2870 8015
7 2871 1582
7 2872 1582
7 2873 1582
7 2874 3878
7 2875 1579
7 2876 3880
7 2877 1579
7 2878 1579
7 2879 1579
7 2880 1579
7 2881 2618
7 2882 1582
7 2883 9903
7 2884 2620
7 2885 9903
7 2886 1580
7 2887 2619
7 2888 1583
7 2889 3876
7 2890 2621
7 2891 3879
7 2892 1582
7 2893 9928
7 2894 1582
7 2895 3883
7 2896 9932
7 2897 3847
7 2898 2620
7 2899 9929
7 2900 2620
7 2901 3881
7 2902 9932
7 2903 3847
7 2904 1580
7 2905 2619
7 2906 1582
7 2907 9903
7 2908 2620
7 2909 9903
7 2910 1581
7 2911 2622
7 2912 1583
7 2913 1582
7 2914 2623
7 2915 1582
7 2916 1584
7 2917 9958
7 2918 1584
7 2919 1584
7 2920 9964
7 2921 1583
7 2922 2622
7 2923 9956
7 2924 2624
7 2925 1584
7 2926 9964
7 2927 1583
7 2928 1581
7 2929 2622
7 2930 1584
7 2931 3907
7 2932 2624
7 2933 3907
7 2934 1580
7 2935 2619
7 2936 1583
7 2937 1582
7 2938 2621
7 2939 1582
7 2940 1583
7 2941 3909
7 2942 1583
7 2943 1584
7 2944 3908
7 2945 1582
7 2946 2623
7 2947 3911
7 2948 2623
7 2949 1584
7 2950 3910
7 2951 1582
7 2952 1581
7 2953 9929
7 2954 1582
7 2955 3908
7 2956 9930
7 2957 3874
7 2958 1582
7 2959 9932
7 2960 1582
7 2961 1583
7 2962 9960
7 2963 1584
7 2964 1582
7 2965 3909
7 2966 1582
7 2967 1583
7 2968 3912
7 2969 1583
7 2970 9929
7 2971 3874
7 2972 9934
7 2973 1581
7 2974 3874
7 2975 1581
7 2976 2619
7 2977 9929
7 2978 2620
7 2979 3906
7 2980 9952
7 2981 3877
7 2982 2620
7 2983 9930
7 2984 2622
7 2985 1583
7 2986 9960
7 2987 1584
7 2988 2622
7 2989 3907
7 2990 2620
7 2991 1583
7 2992 3910
7 2993 1583
7 2994 9929
7 2995 3874
7 2996 9934
7 2997 1581
7 2998 3874
7 2999 1581
7 3000 1580
7 3001 2619
7 3002 1582
7 3003 9903
7 3004 2620
7 3005 9903
7 3006 1580
7 3007 2619
7 3008 1583
7 3009 3878
7 3010 2621
7 3011 3880
7 3012 1582
7 3013 9930
7 3014 1582
7 3015 3882
7 3016 9932
7 3017 3847
7 3018 2620
7 3019 9930
7 3020 2620
7 3021 3881
7 3022 9932
7 3023 3846
7 3024 1581
7 3025 2620
7 3026 1582
7 3027 9903
7 3028 2620
7 3029 9903
7 3030 1579
7 3031 2620
7 3032 1581
7 3033 1580
7 3034 2621
7 3035 1580
7 3036 1583
7 3037 9932
7 3038 1583
7 3039 1583
7 3040 9934
7 3041 1582
7 3042 2621
7 3043 9930
7 3044 2623
7 3045 1583
7 3046 9934
7 3047 1582
7 3048 1581
7 3049 2622
7 3050 1584
7 3051 3906
7 3052 2624
7 3053 3906
7 3054 1581
7 3055 2622
7 3056 1582
7 3057 1581
7 3058 2622
7 3059 1581
7 3060 1584
7 3061 3906
7 3062 1584
7 3063 1584
7 3064 3905
7 3065 1583
7 3066 2624
7 3067 3909
7 3068 2624
7 3069 1584
7 3070 3908
7 3071 1583
7 3072 1583
7 3073 9958
7 3074 1583
7 3075 3910
7 3076 9960
7 3077 3877
7 3078 1584
7 3079 9958
7 3080 1582
7 3081 1582
7 3082 9960
7 3083 1583
7 3084 1584
7 3085 3909
7 3086 1583
7 3087 1583
7 3088 3908
7 3089 1584
7 3090 9964
7 3091 3876
7 3092 9964
7 3093 1582
7 3094 3903
7 3095 1582
7 3096 2621
7 3097 9956
7 3098 2621
7 3099 3910
7 3100 9958
7 3101 3876
7 3102 2622
7 3103 9956
7 3104 2622
7 3105 1582
7 3106 9960
7 3107 1584
7 3108 2624
7 3109 3909
7 3110 2623
7 3111 1583
7 3112 3909
7 3113 1584
7 3114 9964
7 3115 3876
7 3116 9964
7 3117 1582
7 3118 3902
7 3119 1582
7 3120 1581
7 3121 2620
7 3122 1582
7 3123 9903
7 3124 2620
7 3125 9903
7 3126 1581
7 3127 2620
7 3128 1584
7 3129 1583
7 3130 2621
7 3131 1583
7 3132 1584
7 3133 9957
7 3134 1583
7 3135 1584
7 3136 9962
7 3137 1583
7 3138 2622
7 3139 9956
7 3140 2621
7 3141 1584
7 3142 9962
7 3143 1582
7 3144 1580
7 3145 2617
7 3146 1581
7 3147 9902
7 3148 2617
7 3149 9902
7 3150 1581
7 3151 2620
7 3152 1582
7 3153 1581
7 3154 2621
7 3155 1581
7 3156 1582
7 3157 9931
7 3158 1582
7 3159 1582
7 3160 9933
7 3161 1582
7 3162 2618
7 3163 9929
7 3164 2621
7 3165 1583
7 3166 9933
7 3167 1581
7 3168 1579
7 3169 2618
7 3170 1582
7 3171 1581
7 3172 2621
7 3173 1581
7 3174 1579
7 3175 2618
7 3176 1581
7 3177 1580
7 3178 2618
7 3179 1580
7 3180 1581
7 3181 1582
7 3182 1581
7 3183 1582
7 3184 1580
7 3185 1580
7 3186 2620
7 3187 1582
7 3188 2621
7 3189 1582
7 3190 1580
7 3191 1580
7 3192 1583
7 3193 9931
7 3194 1583
7 3195 1584
7 3196 9958
7 3197 1584
7 3198 1583
7 3199 9931
7 3200 1583
7 3201 1583
7 3202 9957
7 3203 1584
7 3204 1581
7 3205 1582
7 3206 1581
7 3207 1582
7 3208 1581
7 3209 1581
7 3210 9932
7 3211 1583
7 3212 9933
7 3213 1583
7 3214 1582
7 3215 1582
7 3216 2621
7 3217 9930
7 3218 2621
7 3219 1584
7 3220 9958
7 3221 1583
7 3222 2621
7 3223 9930
7 3224 2621
7 3225 1584
7 3226 9957
7 3227 1583
7 3228 2621
7 3229 1584
7 3230 2619
7 3231 1584
7 3232 1582
7 3233 1582
7 3234 9932
7 3235 1583
7 3236 9933
7 3237 1583
7 3238 1581
7 3239 1581
7 3240 1579
7 3241 2620
7 3242 1582
7 3243 3879
7 3244 2622
7 3245 3879
7 3246 1580
7 3247 2621
7 3248 1583
7 3249 1582
7 3250 2623
7 3251 1582
7 3252 1582
7 3253 3907
7 3254 1582
7 3255 1583
7 3256 3909
7 3257 1581
7 3258 2622
7 3259 3911
7 3260 2622
7 3261 1583
7 3262 3908
7 3263 1581
7 3264 1580
7 3265 2621
7 3266 1582
7 3267 3879
7 3268 2622
7 3269 3879
7 3270 1579
7 3271 2620
7 3272 1581
7 3273 1580
7 3274 2621
7 3275 1580
7 3276 1583
7 3277 3909
7 3278 1583
7 3279 1583
7 3280 3908
7 3281 1582
7 3282 2623
7 3283 3909
7 3284 2623
7 3285 1583
7 3286 3908
7 3287 1582
7 3288 1579
7 3289 2620
7 3290 1582
7 3291 1581
7 3292 2622
7 3293 1581
7 3294 1578
7 3295 2588
7 3296 1580
7 3297 1579
7 3298 2589
7 3299 1579
7 3300 1580
7 3301 1581
7 3302 1580
7 3303 1581
7 3304 1579
7 3305 1579
7 3306 2619
7 3307 1582
7 3308 2614
7 3309 1581
7 3310 1579
7 3311 1579
7 3312 1580
7 3313 3881
7 3314 1580
7 3315 1582
7 3316 3906
7 3317 1581
7 3318 1580
7 3319 3881
7 3320 1580
7 3321 1581
7 3322 3910
7 3323 1582
7 3324 1580
7 3325 1582
7 3326 1580
7 3327 1581
7 3328 1581
7 3329 1581
7 3330 3877
7 3331 1579
7 3332 3880
7 3333 1579
7 3334 1579
7 3335 1579
7 3336 2619
7 3337 3882
7 3338 2619
7 3339 1583
7 3340 3910
7 3341 1582
7 3342 2619
7 3343 3882
7 3344 2619
7 3345 1582
7 3346 3911
7 3347 1583
7 3348 2619
7 3349 1583
7 3350 2615
7 3351 1582
7 3352 1581
7 3353 1581
7 3354 3878
7 3355 1579
7 3356 3880
7 3357 1579
7 3358 1579
7 3359 1579
7 3360 1579
7 3361 9901
7 3362 1580
7 3363 3879
7 3364 9927
7 3365 3847
7 3366 1580
7 3367 9904
7 3368 1581
7 3369 1582
7 3370 9957
7 3371 1583
7 3372 1581
7 3373 3907
7 3374 1580
7 3375 1582
7 3376 3909
7 3377 1582
7 3378 9903
7 3379 3871
7 3380 9931
7 3381 1581
7 3382 3873
7 3383 1581
7 3384 1580
7 3385 9904
7 3386 1580
7 3387 3880
7 3388 9930
7 3389 3846
7 3390 1581
7 3391 9904
7 3392 1579
7 3393 1580
7 3394 9931
7 3395 1582
7 3396 1581
7 3397 3906
7 3398 1581
7 3399 1581
7 3400 3908
7 3401 1583
7 3402 9957
7 3403 3875
7 3404 9957
7 3405 1581
7 3406 3900
7 3407 1582
7 3408 1581
7 3409 9904
7 3410 1581
7 3411 1583
7 3412 9957
7 3413 1583
7 3414 1580
7 3415 9904
7 3416 1581
7 3417 1581
7 3418 9931
7 3419 1582
7 3420 1579
7 3421 1581
7 3422 1579
7 3423 1580
7 3424 1580
7 3425 1580
7 3426 9931
7 3427 1583
7 3428 9931
7 3429 1583
7 3430 1581
7 3431 1581
7 3432 1579
7 3433 3879
7 3434 1580
7 3435 1582
7 3436 3908
7 3437 1581
7 3438 1580
7 3439 3879
7 3440 1579
7 3441 1580
7 3442 3908
7 3443 1582
7 3444 1579
7 3445 1581
7 3446 1579
7 3447 1580
7 3448 1580
7 3449 1580
7 3450 3879
7 3451 1580
7 3452 3881
7 3453 1580
7 3454 1580
7 3455 1580
7 3456 9876
7 3457 3842
7 3458 9904
7 3459 1580
7 3460 3869
7 3461 1579
7 3462 9904
7 3463 3842
7 3464 9904
7 3465 1578
7 3466 3869
7 3467 1580
7 3468 9904
7 3469 1580
7 3470 9904
7 3471 1580
7 3472 1578
7 3473 1578
7 3474 3841
7 3475 1579
7 3476 3870
7 3477 1578
7 3478 1578
7 3479 1578
7 3480 2616
7 3481 9903
7 3482 2617
7 3483 3877
7 3484 9929
7 3485 3848
7 3486 2617
7 3487 9904
7 3488 2620
7 3489 1583
7 3490 9958
7 3491 1584
7 3492 2620
7 3493 3904
7 3494 2617
7 3495 1583
7 3496 3909
7 3497 1583
7 3498 9925
7 3499 3875
7 3500 9932
7 3501 1582
7 3502 3875
7 3503 1582
7 3504 2617
7 3505 9904
7 3506 2617
7 3507 3879
7 3508 9930
7 3509 3848
7 3510 2618
7 3511 9904
7 3512 2618
7 3513 1581
7 3514 9932
7 3515 1583
7 3516 2620
7 3517 3905
7 3518 2620
7 3519 1582
7 3520 3906
7 3521 1584
7 3522 9958
7 3523 3876
7 3524 9958
7 3525 1583
7 3526 3903
7 3527 1583
7 3528 2618
7 3529 9904
7 3530 2620
7 3531 1584
7 3532 9958
7 3533 1584
7 3534 2617
7 3535 9904
7 3536 2620
7 3537 1582
7 3538 9932
7 3539 1583
7 3540 2616
7 3541 1583
7 3542 2617
7 3543 1582
7 3544 1581
7 3545 1581
7 3546 9931
7 3547 1583
7 3548 9931
7 3549 1583
7 3550 1582
7 3551 1582
7 3552 2618
7 3553 3881
7 3554 2619
7 3555 1584
7 3556 3907
7 3557 1583
7 3558 2619
7 3559 3881
7 3560 2618
7 3561 1582
7 3562 3910
7 3563 1584
7 3564 2618
7 3565 1583
7 3566 2612
7 3567 1582
7 3568 1582
7 3569 1582
7 3570 3878
7 3571 1580
7 3572 3881
7 3573 1580
7 3574 1580
7 3575 1580
7 3576 9896
7 3577 3844
7 3578 9904
7 3579 1580
7 3580 3871
7 3581 1579
7 3582 9904
7 3583 3844
7 3584 9904
7 3585 1579
7 3586 3871
7 3587 1580
7 3588 9904
7 3589 1580
7 3590 9904
7 3591 1580
7 3592 1579
7 3593 1579
7 3594 3844
7 3595 1580
7 3596 3871
7 3597 1579
7 3598 1579
7 3599 1579
7 3600 1579
7 3601 8052
7 3602 1580
7 3603 9898
7 3604 8020
7 3605 9880
7 3606 1580
7 3607 8053
7 3608 1581
7 3609 3880
7 3610 8053
7 3611 3879
7 3612 1581
7 3613 9925
7 3614 1580
7 3615 3880
7 3616 9930
7 3617 3848
7 3618 8018
7 3619 9906
7 3620 8018
7 3621 3845
7 3622 9910
7 3623 3845
7 3624 1580
7 3625 8053
7 3626 1580
7 3627 9900
7 3628 8021
7 3629 9880
7 3630 1582
7 3631 8054
7 3632 1581
7 3633 1582
7 3634 8054
7 3635 1583
7 3636 1582
7 3637 9951
7 3638 1582
7 3639 1582
7 3640 9958
7 3641 1584
7 3642 8023
7 3643 9931
7 3644 8050
7 3645 1583
7 3646 9962
7 3647 1583
7 3648 1582
7 3649 8052
7 3650 1582
7 3651 3907
7 3652 8052
7 3653 3906
7 3654 1580
7 3655 8050
7 3656 1582
7 3657 1582
7 3658 8051
7 3659 1583
7 3660 1581
7 3661 3909
7 3662 1581
7 3663 1582
7 3664 3910
7 3665 1582
7 3666 8052
7 3667 3910
7 3668 8053
7 3669 1584
7 3670 3909
7 3671 1583
7 3672 1581
7 3673 9930
7 3674 1582
7 3675 3909
7 3676 9950
7 3677 3877
7 3678 1582
7 3679 9932
7 3680 1581
7 3681 1582
7 3682 9962
7 3683 1584
7 3684 1581
7 3685 3907
7 3686 1580
7 3687 1582
7 3688 3910
7 3689 1582
7 3690 9929
7 3691 3875
7 3692 9936
7 3693 1582
7 3694 3875
7 3695 1582
7 3696 8015
7 3697 9904
7 3698 8014
7 3699 3872
7 3700 9930
7 3701 3872
7 3702 8015
7 3703 9904
7 3704 8042
7 3705 1581
7 3706 9934
7 3707 1582
7 3708 8042
7 3709 3872
7 3710 8015
7 3711 1582
7 3712 3872
7 3713 1581
7 3714 9909
7 3715 3872
7 3716 9936
7 3717 1581
7 3718 3872
7 3719 1581
7 3720 1580
7 3721 8053
7 3722 1580
7 3723 9900
7 3724 8021
7 3725 9880
7 3726 1580
7 3727 8053
7 3728 1581
7 3729 3880
7 3730 8053
7 3731 3879
7 3732 1581
7 3733 9926
7 3734 1580
7 3735 3880
7 3736 9930
7 3737 3848
7 3738 8018
7 3739 9906
7 3740 8018
7 3741 3845
7 3742 9910
7 3743 3845
7 3744 1581
7 3745 8054
7 3746 1581
7 3747 9900
7 3748 8021
7 3749 9880
7 3750 1581
7 3751 8053
7 3752 1579
7 3753 1580
7 3754 8052
7 3755 1582
7 3756 1583
7 3757 9931
7 3758 1581
7 3759 1581
7 3760 9935
7 3761 1583
7 3762 8021
7 3763 9906
7 3764 8050
7 3765 1582
7 3766 9936
7 3767 1582
7 3768 1582
7 3769 8050
7 3770 1583
7 3771 3908
7 3772 8052
7 3773 3906
7 3774 1582
7 3775 8053
7 3776 1581
7 3777 1581
7 3778 8053
7 3779 1582
7 3780 1582
7 3781 3907
7 3782 1582
7 3783 1582
7 3784 3909
7 3785 1583
7 3786 8052
7 3787 3908
7 3788 8055
7 3789 1584
7 3790 3909
7 3791 1584
7 3792 1583
7 3793 9958
7 3794 1582
7 3795 3909
7 3796 9962
7 3797 3877
7 3798 1584
7 3799 9958
7 3800 1582
7 3801 1582
7 3802 9962
7 3803 1584
7 3804 1583
7 3805 3909
7 3806 1581
7 3807 1581
7 3808 3909
7 3809 1583
7 3810 9966
7 3811 3877
7 3812 9966
7 3813 1583
7 3814 3904
7 3815 1583
7 3816 8016
7 3817 9932
7 3818 8016
7 3819 3874
7 3820 9936
7 3821 3874
7 3822 8019
7 3823 9932
7 3824 8047
7 3825 1581
7 3826 9961
7 3827 1582
7 3828 8046
7 3829 3902
7 3830 8045
7 3831 1582
7 3832 3903
7 3833 1582
7 3834 9966
7 3835 3877
7 3836 9966
7 3837 1582
7 3838 3903
7 3839 1582
7 3840 1581
7 3841 8054
7 3842 1581
7 3843 9900
7 3844 8021
7 3845 9880
7 3846 1582
7 3847 8054
7 3848 1583
7 3849 1583
7 3850 8056
7 3851 1584
7 3852 1583
7 3853 9950
7 3854 1582
7 3855 1583
7 3856 9964
7 3857 1584
7 3858 8023
7 3859 9932
7 3860 8050
7 3861 1583
7 3862 9963
7 3863 1583
7 3864 1580
7 3865 8053
7 3866 1580
7 3867 9900
7 3868 8020
7 3869 9880
7 3870 1582
7 3871 8054
7 3872 1581
7 3873 1581
7 3874 8054
7 3875 1582
7 3876 1582
7 3877 9932
7 3878 1581
7 3879 1581
7 3880 9936
7 3881 1583
7 3882 8021
7 3883 9906
7 3884 8050
7 3885 1582
7 3886 9936
7 3887 1582
7 3888 1581
7 3889 8051
7 3890 1582
7 3891 1583
7 3892 8053
7 3893 1583
7 3894 1581
7 3895 8051
7 3896 1582
7 3897 1582
7 3898 8050
7 3899 1582
7 3900 1579
7 3901 1581
7 3902 1579
7 3903 1580
7 3904 1580
7 3905 1580
7 3906 8051
7 3907 1583
7 3908 8052
7 3909 1583
7 3910 1582
7 3911 1582
7 3912 1582
7 3913 9929
7 3914 1583
7 3915 1584
7 3916 9954
7 3917 1584
7 3918 1583
7 3919 9931
7 3920 1582
7 3921 1582
7 3922 9957
7 3923 1584
7 3924 1581
7 3925 1582
7 3926 1581
7 3927 1582
7 3928 1581
7 3929 1581
7 3930 9928
7 3931 1584
7 3932 9935
7 3933 1584
7 3934 1583
7 3935 1583
7 3936 8018
7 3937 9906
7 3938 8046
7 3939 1583
7 3940 9959
7 3941 1583
7 3942 8018
7 3943 9906
7 3944 8048
7 3945 1583
7 3946 9958
7 3947 1583
7 3948 8050
7 3949 1584
7 3950 8048
7 3951 1584
7 3952 1581
7 3953 1581
7 3954 9929
7 3955 1584
7 3956 9935
7 3957 1584
7 3958 1582
7 3959 1582
7 3960 1581
7 3961 8051
7 3962 1583
7 3963 3880
7 3964 8052
7 3965 3879
7 3966 1582
7 3967 8049
7 3968 1584
7 3969 1584
7 3970 8049
7 3971 1584
7 3972 1582
7 3973 3908
7 3974 1583
7 3975 1584
7 3976 3910
7 3977 1583
7 3978 8053
7 3979 3910
7 3980 8052
7 3981 1584
7 3982 3908
7 3983 1583
7 3984 1582
7 3985 8051
7 3986 1582
7 3987 3879
7 3988 8051
7 3989 3878
7 3990 1581
7 3991 8048
7 3992 1582
7 3993 1582
7 3994 8050
7 3995 1582
7 3996 1583
7 3997 3908
7 3998 1582
7 3999 1582
7 4000 3908
7 4001 1584
7 4002 8053
7 4003 3907
7 4004 8053
7 4005 1584
7 4006 3908
7 4007 1583
7 4008 1581
7 4009 8046
7 4010 1583
7 4011 1583
7 4012 8049
7 4013 1583
7 4014 1580
7 4015 8017
7 4016 1581
7 4017 1581
7 4018 8018
7 4019 1581
7 4020 1581
7 4021 1582
7 4022 1581
7 4023 1582
7 4024 1581
7 4025 1581
7 4026 8049
7 4027 1583
7 4028 8049
7 4029 1582
7 4030 1581
7 4031 1581
7 4032 1579
7 4033 3879
7 4034 1580
7 4035 1582
7 4036 3908
7 4037 1581
7 4038 1580
7 4039 3879
7 4040 1579
7 4041 1580
7 4042 3908
7 4043 1582
7 4044 1579
7 4045 1581
7 4046 1579
7 4047 1580
7 4048 1580
7 4049 1580
7 4050 3880
7 4051 1580
7 4052 3881
7 4053 1580
7 4054 1580
7 4055 1580
7 4056 8048
7 4057 3881
7 4058 8048
7 4059 1584
7 4060 3909
7 4061 1583
7 4062 8048
7 4063 3881
7 4064 8050
7 4065 1583
7 4066 3909
7 4067 1583
7 4068 8050
7 4069 1584
7 4070 8048
7 4071 1583
7 4072 1582
7 4073 1582
7 4074 3879
7 4075 1580
7 4076 3881
7 4077 1580
7 4078 1580
7 4079 1580
7 4080 1579
7 4081 9902
7 4082 1580
7 4083 3879
7 4084 9928
7 4085 3847
7 4086 1580
7 4087 9904
7 4088 1581
7 4089 1582
7 4090 9957
7 4091 1583
7 4092 1581
7 4093 3907
7 4094 1580
7 4095 1582
7 4096 3910
7 4097 1582
7 4098 9923
7 4099 3874
7 4100 9931
7 4101 1581
7 4102 3874
7 4103 1581
7 4104 1580
7 4105 9904
7 4106 1580
7 4107 3880
7 4108 9930
7 4109 3847
7 4110 1581
7 4111 9904
7 4112 1579
7 4113 1580
7 4114 9931
7 4115 1582
7 4116 1581
7 4117 3906
7 4118 1581
7 4119 1581
7 4120 3908
7 4121 1583
7 4122 9957
7 4123 3876
7 4124 9957
7 4125 1582
7 4126 3903
7 4127 1582
7 4128 1581
7 4129 9904
7 4130 1581
7 4131 1583
7 4132 9955
7 4133 1583
7 4134 1580
7 4135 9903
7 4136 1581
7 4137 1581
7 4138 9930
7 4139 1582
7 4140 1579
7 4141 1581
7 4142 1579
7 4143 1580
7 4144 1580
7 4145 1580
7 4146 9929
7 4147 1583
7 4148 9930
7 4149 1583
7 4150 1582
7 4151 1582
7 4152 1579
7 4153 3879
7 4154 1580
7 4155 1582
7 4156 3909
7 4157 1581
7 4158 1580
7 4159 3879
7 4160 1579
7 4161 1580
7 4162 3908
7 4163 1582
7 4164 1579
7 4165 1581
7 4166 1578
7 4167 1579
7 4168 1579
7 4169 1579
7 4170 3880
7 4171 1579
7 4172 3880
7 4173 1579
7 4174 1579
7 4175 1579
7 4176 9896
7 4177 3844
7 4178 9904
7 4179 1580
7 4180 3871
7 4181 1579
7 4182 9904
7 4183 3844
7 4184 9904
7 4185 1579
7 4186 3871
7 4187 1580
7 4188 9904
7 4189 1580
7 4190 9904
7 4191 1580
7 4192 1579
7 4193 1579
7 4194 3844
7 4195 1580
7 4196 3871
7 4197 1579
7 4198 1579
7 4199 1579
7 4200 7981
7 4201 9877
7 4202 7980
7 4203 3842
7 4204 9904
7 4205 3842
7 4206 7981
7 4207 9877
7 4208 8009
7 4209 1580
7 4210 9929
7 4211 1581
7 4212 8009
7 4213 3869
7 4214 7980
7 4215 1581
7 4216 3870
7 4217 1580
7 4218 9903
7 4219 3871
7 4220 9931
7 4221 1580
7 4222 3869
7 4223 1579
7 4224 7981
7 4225 9879
7 4226 7980
7 4227 3842
7 4228 9905
7 4229 3842
7 4230 7984
7 4231 9879
7 4232 8011
7 4233 1578
7 4234 9930
7 4235 1580
7 4236 8009
7 4237 3870
7 4238 8010
7 4239 1580
7 4240 3870
7 4241 1581
7 4242 9957
7 4243 3871
7 4244 9957
7 4245 1581
7 4246 3898
7 4247 1580
7 4248 7984
7 4249 9879
7 4250 8010
7 4251 1582
7 4252 9929
7 4253 1581
7 4254 7981
7 4255 9879
7 4256 8011
7 4257 1580
7 4258 9931
7 4259 1580
7 4260 8012
7 4261 1581
7 4262 8012
7 4263 1581
7 4264 1578
7 4265 1578
7 4266 9903
7 4267 1582
7 4268 9930
7 4269 1581
7 4270 1580
7 4271 1580
7 4272 8013
7 4273 3873
7 4274 8011
7 4275 1583
7 4276 3871
7 4277 1582
7 4278 8013
7 4279 3872
7 4280 8011
7 4281 1581
7 4282 3899
7 4283 1581
7 4284 8009
7 4285 1582
7 4286 7981
7 4287 1580
7 4288 1580
7 4289 1580
7 4290 3841
7 4291 1579
7 4292 3870
7 4293 1578
7 4294 1578
7 4295 1578
7 4296 9876
7 4297 3842
7 4298 9904
7 4299 1580
7 4300 3869
7 4301 1579
7 4302 9904
7 4303 3842
7 4304 9904
7 4305 1578
7 4306 3869
7 4307 1580
7 4308 9904
7 4309 1580
7 4310 9904
7 4311 1580
7 4312 1578
7 4313 1578
7 4314 3841
7 4315 1579
7 4316 3870
7 4317 1578
7 4318 1578
7 4319 1578
7 4320 2588
7 4321 8017
7 4322 2590
7 4323 9875
7 4324 8017
7 4325 9877
7 4326 2590
7 4327 8017
7 4328 2617
7 4329 3842
7 4330 8017
7 4331 3875
7 4332 2617
7 4333 9902
7 4334 2590
7 4335 3875
7 4336 9906
7 4337 3844
7 4338 8018
7 4339 9903
7 4340 8016
7 4341 3844
7 4342 9906
7 4343 3842
7 4344 2590
7 4345 8018
7 4346 2590
7 4347 9877
7 4348 8018
7 4349 9877
7 4350 2594
7 4351 8046
7 4352 2621
7 4353 1580
7 4354 8046
7 4355 1581
7 4356 2620
7 4357 9929
7 4358 2621
7 4359 1581
7 4360 9934
7 4361 1582
7 4362 8020
7 4363 9931
7 4364 8047
7 4365 1582
7 4366 9959
7 4367 1581
7 4368 2594
7 4369 8046
7 4370 2619
7 4371 3899
7 4372 8048
7 4373 3902
7 4374 2590
7 4375 8017
7 4376 2620
7 4377 1581
7 4378 8019
7 4379 1581
7 4380 2619
7 4381 3872
7 4382 2618
7 4383 1582
7 4384 3870
7 4385 1580
7 4386 8049
7 4387 3906
7 4388 8049
7 4389 1582
7 4390 3905
7 4391 1581
7 4392 2619
7 4393 9927
7 4394 2620
7 4395 3905
7 4396 9928
7 4397 3873
7 4398 2618
7 4399 9929
7 4400 2618
7 4401 1582
7 4402 9958
7 4403 1582
7 4404 2621
7 4405 3903
7 4406 2590
7 4407 1581
7 4408 3905
7 4409 1581
7 4410 9906
7 4411 3871
7 4412 9934
7 4413 1580
7 4414 3871
7 4415 1580
7 4416 8015
7 4417 9904
7 4418 8014
7 4419 3872
7 4420 9930
7 4421 3872
7 4422 8015
7 4423 9904
7 4424 8042
7 4425 1580
7 4426 9932
7 4427 1582
7 4428 8042
7 4429 3872
7 4430 8013
7 4431 1582
7 4432 3871
7 4433 1580
7 4434 9906
7 4435 3871
7 4436 9934
7 4437 1580
7 4438 3869
7 4439 1579
7 4440 2590
7 4441 8018
7 4442 2590
7 4443 9877
7 4444 8018
7 4445 9877
7 4446 2590
7 4447 8017
7 4448 2617
7 4449 3842
7 4450 8017
7 4451 3875
7 4452 2617
7 4453 9903
7 4454 2590
7 4455 3875
7 4456 9906
7 4457 3844
7 4458 8018
7 4459 9903
7 4460 8016
7 4461 3844
7 4462 9906
7 4463 3842
7 4464 2591
7 4465 8021
7 4466 2591
7 4467 9877
7 4468 8021
7 4469 9877
7 4470 2593
7 4471 8048
7 4472 2618
7 4473 1578
7 4474 8047
7 4475 1580
7 4476 2621
7 4477 9930
7 4478 2621
7 4479 1580
7 4480 9933
7 4481 1581
7 4482 8021
7 4483 9906
7 4484 8049
7 4485 1581
7 4486 9934
7 4487 1580
7 4488 2594
7 4489 8046
7 4490 2621
7 4491 3900
7 4492 8050
7 4493 3904
7 4494 2594
7 4495 8047
7 4496 2621
7 4497 1580
7 4498 8047
7 4499 1580
7 4500 2622
7 4501 3871
7 4502 2621
7 4503 1582
7 4504 3870
7 4505 1581
7 4506 8050
7 4507 3906
7 4508 8052
7 4509 1582
7 4510 3905
7 4511 1582
7 4512 2621
7 4513 9956
7 4514 2620
7 4515 3905
7 4516 9958
7 4517 3874
7 4518 2622
7 4519 9956
7 4520 2622
7 4521 1582
7 4522 9959
7 4523 1582
7 4524 2623
7 4525 3906
7 4526 2621
7 4527 1580
7 4528 3905
7 4529 1582
7 4530 9964
7 4531 3873
7 4532 9964
7 4533 1581
7 4534 3900
7 4535 1581
7 4536 8016
7 4537 9932
7 4538 8014
7 4539 3874
7 4540 9934
7 4541 3872
7 4542 8019
7 4543 9932
7 4544 8047
7 4545 1581
7 4546 9959
7 4547 1582
7 4548 8046
7 4549 3902
7 4550 8043
7 4551 1582
7 4552 3902
7 4553 1581
7 4554 9964
7 4555 3876
7 4556 9964
7 4557 1581
7 4558 3900
7 4559 1580
7 4560 2591
7 4561 8021
7 4562 2591
7 4563 9877
7 4564 8021
7 4565 9877
7 4566 2594
7 4567 8047
7 4568 2623
7 4569 1582
7 4570 8048
7 4571 1582
7 4572 2621
7 4573 9928
7 4574 2622
7 4575 1582
7 4576 9961
7 4577 1582
7 4578 8023
7 4579 9932
7 4580 8048
7 4581 1582
7 4582 9961
7 4583 1581
7 4584 2590
7 4585 8018
7 4586 2590
7 4587 9877
7 4588 8017
7 4589 9877
7 4590 2594
7 4591 8048
7 4592 2621
7 4593 1580
7 4594 8049
7 4595 1580
7 4596 2620
7 4597 9930
7 4598 2621
7 4599 1580
7 4600 9934
7 4601 1581
7 4602 8018
7 4603 9906
7 4604 8048
7 4605 1581
7 4606 9934
7 4607 1580
7 4608 2593
7 4609 8049
7 4610 2622
7 4611 1582
7 4612 8050
7 4613 1582
7 4614 2593
7 4615 8049
7 4616 2622
7 4617 1581
7 4618 8048
7 4619 1581
7 4620 2618
7 4621 1581
7 4622 2618
7 4623 1581
7 4624 1578
7 4625 1578
7 4626 8050
7 4627 1583
7 4628 8051
7 4629 1583
7 4630 1580
7 4631 1580
7 4632 2620
7 4633 9927
7 4634 2622
7 4635 1584
7 4636 9931
7 4637 1584
7 4638 2621
7 4639 9930
7 4640 2622
7 4641 1582
7 4642 9958
7 4643 1583
7 4644 2621
7 4645 1582
7 4646 2620
7 4647 1582
7 4648 1580
7 4649 1580
7 4650 9904
7 4651 1583
7 4652 9933
7 4653 1582
7 4654 1581
7 4655 1581
7 4656 8018
7 4657 9906
7 4658 8044
7 4659 1583
7 4660 9958
7 4661 1582
7 4662 8018
7 4663 9906
7 4664 8045
7 4665 1583
7 4666 9958
7 4667 1582
7 4668 8049
7 4669 1584
7 4670 8046
7 4671 1584
7 4672 1581
7 4673 1581
7 4674 9929
7 4675 1583
7 4676 9934
7 4677 1583
7 4678 1580
7 4679 1580
7 4680 2593
7 4681 8050
7 4682 2621
7 4683 3877
7 4684 8052
7 4685 3878
7 4686 2594
7 4687 8048
7 4688 2624
7 4689 1583
7 4690 8048
7 4691 1583
7 4692 2622
7 4693 3872
7 4694 2621
7 4695 1584
7 4696 3904
7 4697 1582
7 4698 8052
7 4699 3907
7 4700 8052
7 4701 1584
7 4702 3906
7 4703 1582
7 4704 2594
7 4705 8050
7 4706 2619
7 4707 3877
7 4708 8051
7 4709 3876
7 4710 2593
7 4711 8048
7 4712 2622
7 4713 1581
7 4714 8050
7 4715 1581
7 4716 2621
7 4717 3901
7 4718 2620
7 4719 1582
7 4720 3904
7 4721 1583
7 4722 8053
7 4723 3906
7 4724 8052
7 4725 1583
7 4726 3905
7 4727 1582
7 4728 2593
7 4729 8046
7 4730 2623
7 4731 1582
7 4732 8049
7 4733 1582
7 4734 2590
7 4735 8017
7 4736 2619
7 4737 1580
7 4738 8018
7 4739 1580
7 4740 2621
7 4741 1582
7 4742 2620
7 4743 1582
7 4744 1580
7 4745 1580
7 4746 8049
7 4747 1583
7 4748 8049
7 4749 1582
7 4750 1580
7 4751 1580
7 4752 2618
7 4753 3876
7 4754 2619
7 4755 1583
7 4756 3872
7 4757 1582
7 4758 2619
7 4759 3876
7 4760 2616
7 4761 1581
7 4762 3902
7 4763 1582
7 4764 2618
7 4765 1582
7 4766 2615
7 4767 1581
7 4768 1581
7 4769 1581
7 4770 3841
7 4771 1579
7 4772 3870
7 4773 1578
7 4774 1578
7 4775 1578
7 4776 8047
7 4777 3879
7 4778 8048
7 4779 1584
7 4780 3907
7 4781 1583
7 4782 8048
7 4783 3879
7 4784 8049
7 4785 1582
7 4786 3907
7 4787 1583
7 4788 8049
7 4789 1584
7 4790 8047
7 4791 1583
7 4792 1581
7 4793 1581
7 4794 3877
7 4795 1580
7 4796 3881
7 4797 1580
7 4798 1580
7 4799 1580
7 4800 2616
7 4801 9901
7 4802 2617
7 4803 3877
7 4804 9927
7 4805 3848
7 4806 2617
7 4807 9904
7 4808 2620
7 4809 1583
7 4810 9958
7 4811 1584
7 4812 2620
7 4813 3904
7 4814 2617
7 4815 1583
7 4816 3908
7 4817 1583
7 4818 9902
7 4819 3872
7 4820 9932
7 4821 1582
7 4822 3874
7 4823 1582
7 4824 2617
7 4825 9904
7 4826 2617
7 4827 3879
7 4828 9930
7 4829 3846
7 4830 2618
7 4831 9904
7 4832 2618
7 4833 1581
7 4834 9932
7 4835 1583
7 4836 2620
7 4837 3904
7 4838 2620
7 4839 1582
7 4840 3906
7 4841 1584
7 4842 9958
7 4843 3875
7 4844 9958
7 4845 1582
7 4846 3900
7 4847 1583
7 4848 2618
7 4849 9904
7 4850 2618
7 4851 1584
7 4852 9956
7 4853 1583
7 4854 2615
7 4855 9903
7 4856 2618
7 4857 1582
7 4858 9931
7 4859 1582
7 4860 2616
7 4861 1582
7 4862 2616
7 4863 1581
7 4864 1581
7 4865 1581
7 4866 9930
7 4867 1583
7 4868 9931
7 4869 1583
7 4870 1581
7 4871 1581
7 4872 2618
7 4873 3880
7 4874 2619
7 4875 1583
7 4876 3906
7 4877 1582
7 4878 2619
7 4879 3880
7 4880 2618
7 4881 1581
7 4882 3909
7 4883 1583
7 4884 2618
7 4885 1582
7 4886 2588
7 4887 1580
7 4888 1580
7 4889 1580
7 4890 3877
7 4891 1580
7 4892 3881
7 4893 1580
7 4894 1580
7 4895 1580
7 4896 9875
7 4897 3842
7 4898 9904
7 4899 1580
7 4900 3869
7 4901 1579
7 4902 9904
7 4903 3842
7 4904 9904
7 4905 1578
7 4906 3869
7 4907 1580
7 4908 9904
7 4909 1580
7 4910 9904
7 4911 1580
7 4912 1578
7 4913 1578
7 4914 3841
7 4915 1579
7 4916 3870
7 4917 1578
7 4918 1578
7 4919 1578
7 4920 7981
7 4921 9877
7 4922 7980
7 4923 3842
7 4924 9904
7 4925 3842
7 4926 7981
7 4927 9877
7 4928 8009
7 4929 1580
7 4930 9929
7 4931 1581
7 4932 8009
7 4933 3869
7 4934 7980
7 4935 1581
7 4936 3870
7 4937 1580
7 4938 9903
7 4939 3871
7 4940 9931
7 4941 1580
7 4942 3869
7 4943 1579
7 4944 7981
7 4945 9879
7 4946 7980
7 4947 3842
7 4948 9905
7 4949 3842
7 4950 7984
7 4951 9879
7 4952 8011
7 4953 1578
7 4954 9930
7 4955 1580
7 4956 8009
7 4957 3870
7 4958 8010
7 4959 1580
7 4960 3870
7 4961 1581
7 4962 9957
7 4963 3871
7 4964 9957
7 4965 1581
7 4966 3898
7 4967 1580
7 4968 7984
7 4969 9879
7 4970 8010
7 4971 1582
7 4972 9929
7 4973 1581
7 4974 7981
7 4975 9879
7 4976 8011
7 4977 1580
7 4978 9931
7 4979 1580
7 4980 8012
7 4981 1581
7 4982 8012
7 4983 1581
7 4984 1578
7 4985 1578
7 4986 9903
7 4987 1582
7 4988 9930
7 4989 1581
7 4990 1580
7 4991 1580
7 4992 8013
7 4993 3873
7 4994 8011
7 4995 1583
7 4996 3871
7 4997 1582
7 4998 8013
7 4999 3872
7 5000 8011
7 5001 1581
7 5002 3899
7 5003 1581
7 5004 8009
7 5005 1582
7 5006 7981
7 5007 1580
7 5008 1580
7 5009 1580
7 5010 3841
7 5011 1579
7 5012 3870
7 5013 1578
7 5014 1578
7 5015 1578
7 5016 9876
7 5017 3842
7 5018 9904
7 5019 1580
7 5020 3869
7 5021 1579
7 5022 9904
7 5023 3842
7 5024 9904
7 5025 1578
7 5026 3869
7 5027 1580
7 5028 9904
7 5029 1580
7 5030 9904
7 5031 1580
7 5032 1578
7 5033 1578
7 5034 3841
7 5035 1579
7 5036 3870
7 5037 1578
7 5038 1578
7 5039 1578
