3 0 362796
3 1 362880
3 2 362880
3 3 362875
3 4 362748
3 5 362796
4 0 324908
4 1 341628
4 2 323920
4 3 362432
4 4 341628
4 5 362432
4 6 335460
4 7 359802
4 8 339400
4 9 351869
4 10 359808
4 11 356933
4 12 338752
4 13 348736
4 14 338522
4 15 341628
4 16 346941
4 17 341628
4 18 314524
4 19 339400
4 20 321380
4 21 323920
4 22 335460
4 23 324908
5 0 142687
5 1 156862
5 2 142572
5 3 216697
5 4 158080
5 5 209208
5 6 142280
5 7 156486
5 8 146584
5 9 299003
5 10 160322
5 11 299408
5 12 146573
5 13 214587
5 14 142070
5 15 299286
5 16 211611
5 17 299408
5 18 160619
5 19 214600
5 20 160624
5 21 299286
5 22 211611
5 23 299003
5 24 199626
5 25 211180
5 26 199450
5 27 323436
5 28 211288
5 29 322620
5 30 201447
5 31 212896
5 32 201862
5 33 221723
5 34 215552
5 35 234374
5 36 202729
5 37 328968
5 38 202870
5 39 236451
5 40 322620
5 41 240066
5 42 214238
5 43 328968
5 44 215580
5 45 237280
5 46 323436
5 47 240962
5 48 178235
5 49 262587
5 50 181313
5 51 259324
5 52 262668
5 53 259418
5 54 178193
5 55 262559
5 56 182042
5 57 211611
5 58 262615
5 59 211611
5 60 182457
5 61 249720
5 62 182167
5 63 214600
5 64 245361
5 65 209208
5 66 262640
5 67 260389
5 68 262668
5 69 214587
5 70 254742
5 71 216697
5 72 133895
5 73 196810
5 74 136692
5 75 215580
5 76 191033
5 77 215552
5 78 136802
5 79 199541
5 80 136344
5 81 160624
5 82 200727
5 83 160322
5 84 136342
5 85 214238
5 86 133365
5 87 160619
5 88 211288
5 89 158080
5 90 187295
5 91 212896
5 92 197536
5 93 156486
5 94 211180
5 95 156862
5 96 117655
5 97 182167
5 98 118737
5 99 202870
5 100 182042
5 101 201862
5 102 118733
5 103 182457
5 104 121043
5 105 142070
5 106 181313
5 107 146584
5 108 121152
5 109 202729
5 110 118219
5 111 146573
5 112 199450
5 113 142572
5 114 178193
5 115 201447
5 116 178235
5 117 142280
5 118 199626
5 119 142687
6 0 25068
6 1 25068
6 2 25067
6 3 38079
6 4 25131
6 5 37539
6 6 25065
6 7 25065
6 8 25258
6 9 69113
6 10 25265
6 11 68920
6 12 25258
6 13 38050
6 14 25065
6 15 68931
6 16 37671
6 17 68852
6 18 25232
6 19 38018
6 20 25272
6 21 68795
6 22 37699
6 23 67284
6 24 25051
6 25 25051
6 26 25050
6 27 38079
6 28 25131
6 29 37523
6 30 25617
6 31 25617
6 32 25770
6 33 106808
6 34 25880
6 35 107119
6 36 25727
6 37 38916
6 38 25737
6 39 107164
6 40 38611
6 41 107735
6 42 25826
6 43 38482
6 44 25934
6 45 107683
6 46 38681
6 47 107193
6 48 25615
6 49 25615
6 50 25708
6 51 69389
6 52 25814
6 53 68386
6 54 25044
6 55 25044
6 56 25761
6 57 107134
6 58 25786
6 59 107133
6 60 25744
6 61 69882
6 62 25754
6 63 107968
6 64 68870
6 65 107193
6 66 25918
6 67 68770
6 68 25897
6 69 107918
6 70 68868
6 71 107735
6 72 25794
6 73 38864
6 74 25762
6 75 70287
6 76 38547
6 77 70257
6 78 25776
6 79 38435
6 80 25697
6 81 107919
6 82 38562
6 83 107918
6 84 25720
6 85 69319
6 86 25044
6 87 107109
6 88 68877
6 89 107683
6 90 38189
6 91 69415
6 92 38324
6 93 107133
6 94 68731
6 95 107119
6 96 25759
6 97 38611
6 98 25824
6 99 69907
6 100 38605
6 101 68367
6 102 25830
6 103 38613
6 104 25940
6 105 107109
6 106 38490
6 107 107968
6 108 25889
6 109 68791
6 110 25765
6 111 107919
6 112 67835
6 113 107164
6 114 38213
6 115 68865
6 116 38117
6 117 107134
6 118 67852
6 119 106808
6 120 53491
6 121 53491
6 122 53488
6 123 66014
6 124 53731
6 125 65036
6 126 53459
6 127 53459
6 128 54001
6 129 192072
6 130 54001
6 131 192072
6 132 54003
6 133 65765
6 134 53456
6 135 192072
6 136 65310
6 137 192072
6 138 53895
6 139 65765
6 140 54028
6 141 192072
6 142 65311
6 143 192012
6 144 53578
6 145 53578
6 146 53575
6 147 66014
6 148 53731
6 149 65120
6 150 53618
6 151 53618
6 152 53618
6 153 57801
6 154 53834
6 155 60563
6 156 53905
6 157 66730
6 158 53709
6 159 60775
6 160 66505
6 161 61235
6 162 53949
6 163 65676
6 164 54074
6 165 60980
6 166 66467
6 167 61093
6 168 53635
6 169 53635
6 170 54241
6 171 194112
6 172 54332
6 173 194052
6 174 53638
6 175 53638
6 176 53670
6 177 60857
6 178 53762
6 179 61013
6 180 54189
6 181 194112
6 182 54099
6 183 61550
6 184 192012
6 185 61313
6 186 54343
6 187 195492
6 188 54422
6 189 61514
6 190 192072
6 191 61745
6 192 54185
6 193 66029
6 194 53815
6 195 195552
6 196 66268
6 197 195552
6 198 54303
6 199 66082
6 200 54100
6 201 61705
6 202 66079
6 203 61429
6 204 54201
6 205 194112
6 206 53638
6 207 61288
6 208 192072
6 209 61699
6 210 65967
6 211 194052
6 212 66216
6 213 61563
6 214 192072
6 215 61491
6 216 54077
6 217 66128
6 218 54122
6 219 194202
6 220 65542
6 221 194112
6 222 54227
6 223 66245
6 224 54290
6 225 61169
6 226 66081
6 227 61678
6 228 54453
6 229 195552
6 230 54218
6 231 61843
6 232 192072
6 233 61538
6 234 66244
6 235 194112
6 236 65672
6 237 61567
6 238 192072
6 239 61021
6 240 61349
6 241 61349
6 242 61349
6 243 156349
6 244 61389
6 245 155824
6 246 61913
6 247 61913
6 248 62444
6 249 94984
6 250 62964
6 251 95977
6 252 62421
6 253 159838
6 254 62463
6 255 96393
6 256 156232
6 257 96400
6 258 62443
6 259 159840
6 260 62960
6 261 96234
6 262 156313
6 263 96269
6 264 61349
6 265 61349
6 266 61349
6 267 156349
6 268 61389
6 269 155824
6 270 61947
6 271 61947
6 272 61996
6 273 67852
6 274 62545
6 275 68731
6 276 62466
6 277 160274
6 278 61996
6 279 67835
6 280 156310
6 281 68868
6 282 62129
6 283 159891
6 284 62579
6 285 68877
6 286 156232
6 287 68870
6 288 62042
6 289 62042
6 290 62519
6 291 94377
6 292 63060
6 293 95157
6 294 62027
6 295 62027
6 296 62504
6 297 68865
6 298 62659
6 299 69415
6 300 62047
6 301 89461
6 302 62047
6 303 68367
6 304 88820
6 305 67284
6 306 63197
6 307 95187
6 308 63254
6 309 70257
6 310 93701
6 311 68852
6 312 62610
6 313 160760
6 314 63048
6 315 96651
6 316 159850
6 317 97188
6 318 63027
6 319 160748
6 320 62561
6 321 68791
6 322 159837
6 323 68770
6 324 62645
6 325 95659
6 326 62613
6 327 69907
6 328 94594
6 329 68795
6 330 155824
6 331 96339
6 332 155824
6 333 68386
6 334 95589
6 335 68920
6 336 62591
6 337 160770
6 338 63134
6 339 96794
6 340 160292
6 341 97253
6 342 62696
6 343 161096
6 344 63163
6 345 69319
6 346 159839
6 347 69882
6 348 63247
6 349 94990
6 350 63243
6 351 70287
6 352 94713
6 353 68931
6 354 156349
6 355 96909
6 356 156349
6 357 69389
6 358 96004
6 359 69113
6 360 30732
6 361 51884
6 362 31535
6 363 75054
6 364 52328
6 365 74810
6 366 31269
6 367 52420
6 368 31746
6 369 65672
6 370 52500
6 371 66216
6 372 31196
6 373 72397
6 374 31673
6 375 66081
6 376 73405
6 377 66467
6 378 51952
6 379 74182
6 380 52496
6 381 66079
6 382 73407
6 383 66505
6 384 31273
6 385 52424
6 386 31626
6 387 75291
6 388 52462
6 389 74691
6 390 30807
6 391 52505
6 392 31208
6 393 38117
6 394 52475
6 395 38324
6 396 31770
6 397 76520
6 398 31201
6 399 38490
6 400 75705
6 401 38681
6 402 52573
6 403 75686
6 404 52505
6 405 38562
6 406 75602
6 407 38611
6 408 30806
6 409 52504
6 410 31243
6 411 66244
6 412 52551
6 413 65967
6 414 30714
6 415 51867
6 416 31184
6 417 38213
6 418 51933
6 419 38189
6 420 31154
6 421 65542
6 422 31150
6 423 38605
6 424 65311
6 425 37699
6 426 52443
6 427 66268
6 428 52310
6 429 38547
6 430 65310
6 431 37671
6 432 31098
6 433 74373
6 434 31706
6 435 66245
6 436 71400
6 437 65676
6 438 31702
6 439 75766
6 440 31135
6 441 38613
6 442 76046
6 443 38482
6 444 31139
6 445 66128
6 446 31066
6 447 38611
6 448 65765
6 449 38018
6 450 70439
6 451 65120
6 452 74583
6 453 37523
6 454 65036
6 455 37539
6 456 51901
6 457 75288
6 458 52544
6 459 66082
6 460 73504
6 461 66730
6 462 52542
6 463 76108
6 464 52442
6 465 38435
6 466 75995
6 467 38916
6 468 52446
6 469 66029
6 470 51918
6 471 38864
6 472 65765
6 473 38050
6 474 71939
6 475 66014
6 476 74741
6 477 38079
6 478 66014
6 479 38079
6 480 18099
6 481 31562
6 482 18154
6 483 63243
6 484 31322
6 485 63254
6 486 18152
6 487 31628
6 488 18206
6 489 54218
6 490 31665
6 491 54422
6 492 18204
6 493 63163
6 494 18153
6 495 54290
6 496 62579
6 497 54074
6 498 31185
6 499 62659
6 500 31270
6 501 53762
6 502 62545
6 503 53834
6 504 18154
6 505 31568
6 506 18155
6 507 63247
6 508 31234
6 509 63197
6 510 18202
6 511 31731
6 512 18103
6 513 25765
6 514 31776
6 515 25897
6 516 18200
6 517 63134
6 518 18201
6 519 25940
6 520 62960
6 521 25934
6 522 31282
6 523 63060
6 524 31749
6 525 25786
6 526 62964
6 527 25880
6 528 18202
6 529 31733
6 530 18200
6 531 54453
6 532 31798
6 533 54343
6 534 18152
6 535 31117
6 536 18198
6 537 25889
6 538 31171
6 539 25918
6 540 18099
6 541 54122
6 542 18098
6 543 25824
6 544 54028
6 545 25272
6 546 31710
6 547 54332
6 548 31576
6 549 25814
6 550 54001
6 551 25265
6 552 18102
6 553 62696
6 554 18152
6 555 54227
6 556 62129
6 557 53949
6 558 18154
6 559 62591
6 560 18098
6 561 25830
6 562 62443
6 563 25826
6 564 18097
6 565 54077
6 566 18043
6 567 25759
6 568 53895
6 569 25232
6 570 61389
6 571 53731
6 572 61389
6 573 25131
6 574 53731
6 575 25131
6 576 30714
6 577 62027
6 578 30807
6 579 53638
6 580 61947
6 581 53618
6 582 30806
6 583 62042
6 584 31269
6 585 25044
6 586 61913
6 587 25617
6 588 31273
6 589 53635
6 590 30732
6 591 25615
6 592 53459
6 593 25065
6 594 61349
6 595 53578
6 596 61349
6 597 25051
6 598 53491
6 599 25068
6 600 18043
6 601 31066
6 602 18098
6 603 62613
6 604 31150
6 605 62047
6 606 18098
6 607 31135
6 608 18201
6 609 53638
6 610 31201
6 611 54099
6 612 18198
6 613 62561
6 614 18103
6 615 54100
6 616 61996
6 617 53709
6 618 31184
6 619 62504
6 620 31208
6 621 53670
6 622 61996
6 623 53618
6 624 18097
6 625 31139
6 626 18099
6 627 62645
6 628 31154
6 629 62047
6 630 18152
6 631 31706
6 632 18153
6 633 25044
6 634 31673
6 635 25754
6 636 18200
6 637 63048
6 638 18206
6 639 25697
6 640 62463
6 641 25737
6 642 31243
6 643 62519
6 644 31746
6 645 25761
6 646 62444
6 647 25770
6 648 18154
6 649 31702
6 650 18200
6 651 54201
6 652 31770
6 653 54189
6 654 18102
6 655 31098
6 656 18204
6 657 25720
6 658 31196
6 659 25744
6 660 18155
6 661 53815
6 662 18154
6 663 25762
6 664 53456
6 665 25065
6 666 31626
6 667 54241
6 668 31535
6 669 25708
6 670 54001
6 671 25258
6 672 18152
6 673 63027
6 674 18202
6 675 54303
6 676 62466
6 677 53905
6 678 18202
6 679 62610
6 680 18152
6 681 25776
6 682 62421
6 683 25727
6 684 18154
6 685 54185
6 686 18099
6 687 25794
6 688 54003
6 689 25258
6 690 61349
6 691 53575
6 692 61349
6 693 25050
6 694 53488
6 695 25067
6 696 30714
6 697 62027
6 698 30807
6 699 53638
6 700 61947
6 701 53618
6 702 30806
6 703 62042
6 704 31269
6 705 25044
6 706 61913
6 707 25617
6 708 31273
6 709 53635
6 710 30732
6 711 25615
6 712 53459
6 713 25065
6 714 61349
6 715 53578
6 716 61349
6 717 25051
6 718 53491
6 719 25068
7 0 1892
7 1 1892
7 2 1892
7 3 1893
7 4 1893
7 5 1892
7 6 1892
7 7 1892
7 8 1894
7 9 6189
7 10 1894
7 11 6186
7 12 1894
7 13 1894
7 14 1892
7 15 6186
7 16 1893
7 17 6185
7 18 1893
7 19 1894
7 20 1894
7 21 6184
7 22 1893
7 23 6141
7 24 1892
7 25 1892
7 26 1892
7 27 1893
7 28 1893
7 29 1892
7 30 1896
7 31 1896
7 32 1896
7 33 11194
7 34 1898
7 35 11194
7 36 1897
7 37 1898
7 38 1897
7 39 11194
7 40 1897
7 41 11217
7 42 1898
7 43 1897
7 44 1899
7 45 11217
7 46 1898
7 47 11194
7 48 1896
7 49 1896
7 50 1897
7 51 6220
7 52 1898
7 53 6183
7 54 1892
7 55 1892
7 56 1897
7 57 11194
7 58 1897
7 59 11194
7 60 1896
7 61 6224
7 62 1896
7 63 11217
7 64 6151
7 65 11194
7 66 1897
7 67 6214
7 68 1898
7 69 11217
7 70 6153
7 71 11217
7 72 1896
7 73 1898
7 74 1897
7 75 6255
7 76 1897
7 77 6254
7 78 1897
7 79 1897
7 80 1896
7 81 11217
7 82 1898
7 83 11217
7 84 1896
7 85 6219
7 86 1892
7 87 11194
7 88 6153
7 89 11217
7 90 1895
7 91 6189
7 92 1896
7 93 11194
7 94 6151
7 95 11194
7 96 1895
7 97 1896
7 98 1896
7 99 6223
7 100 1897
7 101 6183
7 102 1896
7 103 1896
7 104 1897
7 105 11194
7 106 1897
7 107 11217
7 108 1897
7 109 6215
7 110 1896
7 111 11217
7 112 6144
7 113 11194
7 114 1895
7 115 6186
7 116 1896
7 117 11194
7 118 6145
7 119 11137
7 120 1892
7 121 1892
7 122 1892
7 123 1893
7 124 1893
7 125 1892
7 126 1892
7 127 1892
7 128 1894
7 129 6189
7 130 1894
7 131 6186
7 132 1894
7 133 1894
7 134 1892
7 135 6186
7 136 1893
7 137 6185
7 138 1893
7 139 1894
7 140 1894
7 141 6184
7 142 1893
7 143 6141
7 144 1912
7 145 1912
7 146 1912
7 147 1912
7 148 1912
7 149 1912
7 150 1914
7 151 1914
7 152 1914
7 153 13627
7 154 1916
7 155 13661
7 156 1917
7 157 1917
7 158 1915
7 159 13663
7 160 1916
7 161 13666
7 162 1916
7 163 1916
7 164 1917
7 165 13664
7 166 1916
7 167 13666
7 168 1915
7 169 1915
7 170 1917
7 171 6248
7 172 1917
7 173 6240
7 174 1913
7 175 1913
7 176 1915
7 177 13665
7 178 1916
7 179 13666
7 180 1916
7 181 6251
7 182 1916
7 183 13670
7 184 6208
7 185 13666
7 186 1917
7 187 6272
7 188 1918
7 189 13670
7 190 6209
7 191 13669
7 192 1917
7 193 1918
7 194 1916
7 195 6277
7 196 1917
7 197 6279
7 198 1918
7 199 1918
7 200 1916
7 201 13671
7 202 1918
7 203 13668
7 204 1917
7 205 6248
7 206 1913
7 207 13668
7 208 6209
7 209 13669
7 210 1916
7 211 6246
7 212 1917
7 213 13668
7 214 6211
7 215 13668
7 216 1916
7 217 1916
7 218 1916
7 219 6247
7 220 1916
7 221 6202
7 222 1917
7 223 1917
7 224 1917
7 225 13665
7 226 1918
7 227 13670
7 228 1918
7 229 6273
7 230 1917
7 231 13672
7 232 6204
7 233 13668
7 234 1916
7 235 6243
7 236 1917
7 237 13668
7 238 6204
7 239 13664
7 240 1912
7 241 1912
7 242 1912
7 243 1912
7 244 1912
7 245 1912
7 246 1914
7 247 1914
7 248 1917
7 249 11213
7 250 1918
7 251 11213
7 252 1917
7 253 1917
7 254 1915
7 255 11213
7 256 1917
7 257 11217
7 258 1917
7 259 1917
7 260 1918
7 261 11217
7 262 1917
7 263 11175
7 264 1892
7 265 1892
7 266 1892
7 267 1893
7 268 1893
7 269 1892
7 270 1915
7 271 1915
7 272 1915
7 273 13662
7 274 1916
7 275 13667
7 276 1916
7 277 1917
7 278 1915
7 279 13665
7 280 1916
7 281 13667
7 282 1916
7 283 1915
7 284 1917
7 285 13667
7 286 1916
7 287 13664
7 288 1914
7 289 1914
7 290 1918
7 291 11234
7 292 1919
7 293 11234
7 294 1916
7 295 1916
7 296 1918
7 297 13701
7 298 1918
7 299 13702
7 300 1916
7 301 11234
7 302 1916
7 303 13702
7 304 11196
7 305 13664
7 306 1918
7 307 11253
7 308 1918
7 309 13707
7 310 11196
7 311 13668
7 312 1918
7 313 1919
7 314 1917
7 315 11272
7 316 1919
7 317 11276
7 318 1919
7 319 1919
7 320 1918
7 321 13702
7 322 1920
7 323 13705
7 324 1917
7 325 11234
7 326 1917
7 327 13704
7 328 11196
7 329 13668
7 330 1917
7 331 11257
7 332 1918
7 333 13702
7 334 11219
7 335 13669
7 336 1918
7 337 1918
7 338 1920
7 339 11257
7 340 1920
7 341 11194
7 342 1918
7 343 1918
7 344 1920
7 345 13703
7 346 1919
7 347 13703
7 348 1919
7 349 11276
7 350 1919
7 351 13708
7 352 11219
7 353 13669
7 354 1918
7 355 11255
7 356 1918
7 357 13704
7 358 11196
7 359 13666
7 360 1916
7 361 1916
7 362 1919
7 363 6248
7 364 1919
7 365 6237
7 366 1915
7 367 1915
7 368 1920
7 369 11253
7 370 1920
7 371 11253
7 372 1918
7 373 6277
7 374 1919
7 375 11276
7 376 6207
7 377 11255
7 378 1918
7 379 6273
7 380 1919
7 381 11278
7 382 6207
7 383 11257
7 384 1916
7 385 1916
7 386 1918
7 387 6239
7 388 1919
7 389 6199
7 390 1913
7 391 1913
7 392 1918
7 393 13698
7 394 1918
7 395 13702
7 396 1918
7 397 6280
7 398 1916
7 399 13701
7 400 6243
7 401 13704
7 402 1919
7 403 6237
7 404 1919
7 405 13702
7 406 6241
7 407 13702
7 408 1913
7 409 1913
7 410 1917
7 411 11213
7 412 1917
7 413 11213
7 414 1892
7 415 1892
7 416 1915
7 417 13664
7 418 1915
7 419 13664
7 420 1917
7 421 11234
7 422 1917
7 423 13702
7 424 11196
7 425 13668
7 426 1918
7 427 11253
7 428 1918
7 429 13703
7 430 11196
7 431 13668
7 432 1916
7 433 6241
7 434 1917
7 435 11257
7 436 6209
7 437 11253
7 438 1917
7 439 6246
7 440 1914
7 441 13703
7 442 6244
7 443 13703
7 444 1916
7 445 11238
7 446 1916
7 447 13700
7 448 11219
7 449 13670
7 450 6166
7 451 11215
7 452 6169
7 453 13664
7 454 11196
7 455 13666
7 456 1917
7 457 6273
7 458 1918
7 459 11278
7 460 6237
7 461 11276
7 462 1918
7 463 6269
7 464 1918
7 465 13703
7 466 6237
7 467 13705
7 468 1918
7 469 11278
7 470 1918
7 471 13704
7 472 11219
7 473 13668
7 474 6171
7 475 11219
7 476 6171
7 477 13667
7 478 11219
7 479 13666
7 480 1916
7 481 1918
7 482 1917
7 483 6279
7 484 1918
7 485 6280
7 486 1917
7 487 1918
7 488 1918
7 489 11257
7 490 1920
7 491 11278
7 492 1918
7 493 6281
7 494 1915
7 495 11255
7 496 6246
7 497 11276
7 498 1917
7 499 6246
7 500 1918
7 501 11253
7 502 6244
7 503 11253
7 504 1917
7 505 1918
7 506 1917
7 507 6278
7 508 1918
7 509 6276
7 510 1918
7 511 1918
7 512 1916
7 513 13698
7 514 1919
7 515 13704
7 516 1918
7 517 6276
7 518 1916
7 519 13706
7 520 6274
7 521 13708
7 522 1919
7 523 6277
7 524 1920
7 525 13703
7 526 6274
7 527 13707
7 528 1917
7 529 1918
7 530 1916
7 531 11276
7 532 1919
7 533 11219
7 534 1917
7 535 1917
7 536 1918
7 537 13703
7 538 1918
7 539 13703
7 540 1914
7 541 11238
7 542 1916
7 543 13702
7 544 11219
7 545 13672
7 546 1919
7 547 11238
7 548 1919
7 549 13702
7 550 11219
7 551 13670
7 552 1916
7 553 6246
7 554 1916
7 555 11253
7 556 6211
7 557 11257
7 558 1916
7 559 6234
7 560 1914
7 561 13703
7 562 6236
7 563 13703
7 564 1913
7 565 11213
7 566 1892
7 567 13661
7 568 11196
7 569 13665
7 570 6171
7 571 11219
7 572 6168
7 573 13667
7 574 11219
7 575 13664
7 576 1915
7 577 6207
7 578 1916
7 579 11234
7 580 6209
7 581 11215
7 582 1916
7 583 6208
7 584 1917
7 585 13664
7 586 6203
7 587 13702
7 588 1917
7 589 11234
7 590 1916
7 591 13702
7 592 11156
7 593 13666
7 594 6169
7 595 11215
7 596 6169
7 597 13667
7 598 11196
7 599 13661
7 600 1915
7 601 1916
7 602 1916
7 603 6243
7 604 1917
7 605 6205
7 606 1916
7 607 1916
7 608 1918
7 609 11234
7 610 1918
7 611 11238
7 612 1918
7 613 6240
7 614 1916
7 615 11238
7 616 6205
7 617 11234
7 618 1917
7 619 6240
7 620 1918
7 621 11234
7 622 6206
7 623 11175
7 624 1916
7 625 1916
7 626 1916
7 627 6245
7 628 1917
7 629 6205
7 630 1917
7 631 1917
7 632 1917
7 633 13661
7 634 1919
7 635 13700
7 636 1918
7 637 6274
7 638 1918
7 639 13702
7 640 6240
7 641 13704
7 642 1919
7 643 6241
7 644 1920
7 645 13702
7 646 6243
7 647 13702
7 648 1917
7 649 1917
7 650 1918
7 651 11253
7 652 1919
7 653 11238
7 654 1916
7 655 1916
7 656 1918
7 657 13703
7 658 1918
7 659 13703
7 660 1917
7 661 11255
7 662 1917
7 663 13706
7 664 11196
7 665 13668
7 666 1918
7 667 11217
7 668 1919
7 669 13701
7 670 11219
7 671 13670
7 672 1917
7 673 6269
7 674 1918
7 675 11276
7 676 6234
7 677 11272
7 678 1917
7 679 6234
7 680 1917
7 681 13703
7 682 6235
7 683 13702
7 684 1917
7 685 11257
7 686 1916
7 687 13698
7 688 11219
7 689 13671
7 690 6163
7 691 11215
7 692 6167
7 693 13665
7 694 11196
7 695 13663
7 696 1915
7 697 6206
7 698 1916
7 699 11234
7 700 6206
7 701 11194
7 702 1916
7 703 6206
7 704 1917
7 705 13664
7 706 6202
7 707 13701
7 708 1916
7 709 11194
7 710 1916
7 711 13698
7 712 11175
7 713 13665
7 714 6163
7 715 11194
7 716 6160
7 717 13662
7 718 11156
7 719 13627
7 720 5688
7 721 5688
7 722 5688
7 723 5689
7 724 5689
7 725 5688
7 726 5688
7 727 5688
7 728 5692
7 729 9981
7 730 5692
7 731 9970
7 732 5692
7 733 5692
7 734 5688
7 735 9971
7 736 5691
7 737 9966
7 738 5691
7 739 5692
7 740 5692
7 741 9963
7 742 5691
7 743 9860
7 744 5687
7 745 5687
7 746 5687
7 747 5689
7 748 5689
7 749 5687
7 750 5723
7 751 5723
7 752 5728
7 753 50328
7 754 5731
7 755 50328
7 756 5724
7 757 5727
7 758 5728
7 759 50328
7 760 5730
7 761 50496
7 762 5727
7 763 5724
7 764 5732
7 765 50496
7 766 5731
7 767 50328
7 768 5723
7 769 5723
7 770 5725
7 771 10003
7 772 5727
7 773 9934
7 774 5687
7 775 5687
7 776 5726
7 777 50328
7 778 5727
7 779 50328
7 780 5727
7 781 10034
7 782 5724
7 783 50496
7 784 9964
7 785 50328
7 786 5731
7 787 9962
7 788 5728
7 789 50496
7 790 9964
7 791 50496
7 792 5726
7 793 5729
7 794 5726
7 795 10063
7 796 5728
7 797 10061
7 798 5725
7 799 5725
7 800 5726
7 801 50496
7 802 5729
7 803 50496
7 804 5727
7 805 9999
7 806 5687
7 807 50328
7 808 9965
7 809 50496
7 810 5728
7 811 10001
7 812 5730
7 813 50328
7 814 9957
7 815 50328
7 816 5725
7 817 5727
7 818 5727
7 819 10035
7 820 5728
7 821 9933
7 822 5727
7 823 5727
7 824 5732
7 825 50328
7 826 5728
7 827 50496
7 828 5731
7 829 9963
7 830 5724
7 831 50496
7 832 9897
7 833 50328
7 834 5728
7 835 9967
7 836 5727
7 837 50328
7 838 9898
7 839 50328
7 840 5688
7 841 5688
7 842 5688
7 843 5689
7 844 5689
7 845 5688
7 846 5688
7 847 5688
7 848 5692
7 849 9981
7 850 5692
7 851 9970
7 852 5692
7 853 5692
7 854 5688
7 855 9971
7 856 5691
7 857 9966
7 858 5691
7 859 5692
7 860 5692
7 861 9963
7 862 5691
7 863 9860
7 864 5689
7 865 5689
7 866 5689
7 867 5689
7 868 5689
7 869 5689
7 870 5689
7 871 5689
7 872 5689
7 873 5897
7 874 5690
7 875 6024
7 876 5691
7 877 5691
7 878 5689
7 879 6024
7 880 5690
7 881 6025
7 882 5690
7 883 5690
7 884 5691
7 885 6025
7 886 5690
7 887 6024
7 888 5690
7 889 5690
7 890 5694
7 891 10021
7 892 5694
7 893 10010
7 894 5689
7 895 5689
7 896 5689
7 897 6024
7 898 5690
7 899 6024
7 900 5693
7 901 10024
7 902 5692
7 903 6028
7 904 9984
7 905 6027
7 906 5694
7 907 10048
7 908 5694
7 909 6028
7 910 9984
7 911 6028
7 912 5693
7 913 5694
7 914 5690
7 915 10037
7 916 5693
7 917 10041
7 918 5694
7 919 5694
7 920 5692
7 921 6028
7 922 5694
7 923 6028
7 924 5693
7 925 10020
7 926 5689
7 927 6024
7 928 9984
7 929 6028
7 930 5692
7 931 10015
7 932 5693
7 933 6027
7 934 9990
7 935 6027
7 936 5692
7 937 5692
7 938 5692
7 939 10006
7 940 5692
7 941 9900
7 942 5693
7 943 5693
7 944 5693
7 945 6027
7 946 5694
7 947 6028
7 948 5694
7 949 10044
7 950 5693
7 951 6028
7 952 9990
7 953 6027
7 954 5692
7 955 10011
7 956 5693
7 957 6027
7 958 9984
7 959 6024
7 960 5687
7 961 5687
7 962 5687
7 963 5689
7 964 5689
7 965 5687
7 966 5725
7 967 5725
7 968 5730
7 969 50418
7 970 5732
7 971 50418
7 972 5728
7 973 5729
7 974 5729
7 975 50418
7 976 5731
7 977 50496
7 978 5729
7 979 5728
7 980 5732
7 981 50496
7 982 5731
7 983 50418
7 984 5687
7 985 5687
7 986 5687
7 987 5689
7 988 5689
7 989 5687
7 990 5688
7 991 5688
7 992 5688
7 993 6021
7 994 5689
7 995 6023
7 996 5689
7 997 5691
7 998 5688
7 999 6021
7 1000 5690
7 1001 6025
7 1002 5690
7 1003 5688
7 1004 5691
7 1005 6025
7 1006 5690
7 1007 6023
7 1008 5726
7 1009 5726
7 1010 5730
7 1011 50418
7 1012 5731
7 1013 50418
7 1014 5723
7 1015 5723
7 1016 5724
7 1017 6058
7 1018 5724
7 1019 6059
7 1020 5729
7 1021 50418
7 1022 5728
7 1023 6062
7 1024 50328
7 1025 6059
7 1026 5731
7 1027 50508
7 1028 5731
7 1029 6067
7 1030 50328
7 1031 6063
7 1032 5728
7 1033 5730
7 1034 5731
7 1035 50598
7 1036 5731
7 1037 50676
7 1038 5728
7 1039 5728
7 1040 5724
7 1041 6058
7 1042 5728
7 1043 6061
7 1044 5730
7 1045 50418
7 1046 5728
7 1047 6064
7 1048 50328
7 1049 6063
7 1050 5730
7 1051 50586
7 1052 5731
7 1053 6064
7 1054 50496
7 1055 6064
7 1056 5729
7 1057 5728
7 1058 5732
7 1059 50586
7 1060 5732
7 1061 50508
7 1062 5727
7 1063 5727
7 1064 5728
7 1065 6062
7 1066 5725
7 1067 6060
7 1068 5732
7 1069 50676
7 1070 5732
7 1071 6068
7 1072 50496
7 1073 6064
7 1074 5731
7 1075 50544
7 1076 5731
7 1077 6066
7 1078 50328
7 1079 6061
7 1080 5723
7 1081 5723
7 1082 5726
7 1083 9999
7 1084 5728
7 1085 9931
7 1086 5689
7 1087 5689
7 1088 5726
7 1089 50508
7 1090 5726
7 1091 50508
7 1092 5728
7 1093 10074
7 1094 5727
7 1095 50676
7 1096 10011
7 1097 50544
7 1098 5731
7 1099 10039
7 1100 5730
7 1101 50712
7 1102 10012
7 1103 50586
7 1104 5724
7 1105 5724
7 1106 5726
7 1107 10003
7 1108 5728
7 1109 9934
7 1110 5723
7 1111 5723
7 1112 5724
7 1113 6059
7 1114 5724
7 1115 6059
7 1116 5726
7 1117 10042
7 1118 5725
7 1119 6061
7 1120 10012
7 1121 6063
7 1122 5728
7 1123 9968
7 1124 5728
7 1125 6063
7 1126 10012
7 1127 6061
7 1128 5726
7 1129 5726
7 1130 5730
7 1131 50418
7 1132 5731
7 1133 50418
7 1134 5687
7 1135 5687
7 1136 5688
7 1137 6023
7 1138 5688
7 1139 6023
7 1140 5730
7 1141 50418
7 1142 5726
7 1143 6062
7 1144 50328
7 1145 6063
7 1146 5731
7 1147 50508
7 1148 5729
7 1149 6063
7 1150 50328
7 1151 6063
7 1152 5729
7 1153 10048
7 1154 5728
7 1155 50586
7 1156 10015
7 1157 50508
7 1158 5731
7 1159 10046
7 1160 5727
7 1161 6063
7 1162 10039
7 1163 6067
7 1164 5731
7 1165 50496
7 1166 5724
7 1167 6060
7 1168 50496
7 1169 6064
7 1170 9976
7 1171 50418
7 1172 9978
7 1173 6062
7 1174 50328
7 1175 6062
7 1176 5731
7 1177 10036
7 1178 5730
7 1179 50712
7 1180 10045
7 1181 50676
7 1182 5733
7 1183 10064
7 1184 5732
7 1185 6067
7 1186 9965
7 1187 6067
7 1188 5733
7 1189 50712
7 1190 5728
7 1191 6064
7 1192 50496
7 1193 6062
7 1194 9978
7 1195 50496
7 1196 9978
7 1197 6064
7 1198 50496
7 1199 6062
7 1200 5726
7 1201 5729
7 1202 5727
7 1203 10069
7 1204 5729
7 1205 10067
7 1206 5725
7 1207 5726
7 1208 5728
7 1209 50586
7 1210 5730
7 1211 50712
7 1212 5726
7 1213 10035
7 1214 5689
7 1215 50544
7 1216 10027
7 1217 50676
7 1218 5728
7 1219 10039
7 1220 5730
7 1221 50508
7 1222 10032
7 1223 50508
7 1224 5728
7 1225 5729
7 1226 5727
7 1227 10073
7 1228 5729
7 1229 10068
7 1230 5729
7 1231 5729
7 1232 5726
7 1233 6062
7 1234 5729
7 1235 6065
7 1236 5727
7 1237 10077
7 1238 5726
7 1239 6062
7 1240 10075
7 1241 6066
7 1242 5729
7 1243 10068
7 1244 5730
7 1245 6064
7 1246 10078
7 1247 6065
7 1248 5730
7 1249 5731
7 1250 5730
7 1251 50676
7 1252 5732
7 1253 50712
7 1254 5725
7 1255 5725
7 1256 5725
7 1257 6061
7 1258 5725
7 1259 6061
7 1260 5731
7 1261 50496
7 1262 5726
7 1263 6062
7 1264 50496
7 1265 6066
7 1266 5733
7 1267 50712
7 1268 5732
7 1269 6065
7 1270 50496
7 1271 6064
7 1272 5730
7 1273 10052
7 1274 5728
7 1275 50508
7 1276 10016
7 1277 50586
7 1278 5728
7 1279 10003
7 1280 5727
7 1281 6063
7 1282 10001
7 1283 6066
7 1284 5729
7 1285 50418
7 1286 5687
7 1287 6023
7 1288 50328
7 1289 6060
7 1290 9981
7 1291 50496
7 1292 9974
7 1293 6064
7 1294 50496
7 1295 6060
7 1296 5729
7 1297 10012
7 1298 5731
7 1299 50418
7 1300 10007
7 1301 50418
7 1302 5730
7 1303 10017
7 1304 5731
7 1305 6062
7 1306 10002
7 1307 6066
7 1308 5732
7 1309 50508
7 1310 5730
7 1311 6066
7 1312 50328
7 1313 6062
7 1314 9985
7 1315 50418
7 1316 9966
7 1317 6064
7 1318 50328
7 1319 6057
7 1320 5725
7 1321 5727
7 1322 5727
7 1323 10043
7 1324 5728
7 1325 9968
7 1326 5727
7 1327 5727
7 1328 5732
7 1329 50418
7 1330 5730
7 1331 50496
7 1332 5731
7 1333 9969
7 1334 5724
7 1335 50496
7 1336 9937
7 1337 50418
7 1338 5728
7 1339 9967
7 1340 5727
7 1341 50418
7 1342 9934
7 1343 50418
7 1344 5727
7 1345 5727
7 1346 5727
7 1347 10047
7 1348 5728
7 1349 9968
7 1350 5728
7 1351 5728
7 1352 5728
7 1353 6059
7 1354 5729
7 1355 6063
7 1356 5729
7 1357 10074
7 1358 5728
7 1359 6063
7 1360 10049
7 1361 6064
7 1362 5729
7 1363 9972
7 1364 5730
7 1365 6064
7 1366 10048
7 1367 6061
7 1368 5730
7 1369 5730
7 1370 5733
7 1371 50508
7 1372 5731
7 1373 50586
7 1374 5727
7 1375 5727
7 1376 5728
7 1377 6063
7 1378 5728
7 1379 6063
7 1380 5732
7 1381 50544
7 1382 5732
7 1383 6068
7 1384 50328
7 1385 6064
7 1386 5733
7 1387 50676
7 1388 5732
7 1389 6064
7 1390 50496
7 1391 6064
7 1392 5731
7 1393 10071
7 1394 5731
7 1395 50676
7 1396 10009
7 1397 50598
7 1398 5732
7 1399 9967
7 1400 5732
7 1401 6067
7 1402 10000
7 1403 6066
7 1404 5732
7 1405 50586
7 1406 5724
7 1407 6060
7 1408 50496
7 1409 6065
7 1410 9982
7 1411 50418
7 1412 9972
7 1413 6062
7 1414 50328
7 1415 6059
7 1416 5729
7 1417 10013
7 1418 5731
7 1419 50418
7 1420 10008
7 1421 50418
7 1422 5730
7 1423 10008
7 1424 5731
7 1425 6062
7 1426 9971
7 1427 6065
7 1428 5731
7 1429 50508
7 1430 5727
7 1431 6063
7 1432 50328
7 1433 6061
7 1434 9980
7 1435 50418
7 1436 9900
7 1437 6060
7 1438 50328
7 1439 6022
7 1440 10857
7 1441 10857
7 1442 10857
7 1443 10880
7 1444 10880
7 1445 10857
7 1446 10857
7 1447 10857
7 1448 10880
7 1449 58542
7 1450 10880
7 1451 58542
7 1452 10880
7 1453 10880
7 1454 10857
7 1455 58542
7 1456 10857
7 1457 58542
7 1458 10857
7 1459 10880
7 1460 10880
7 1461 58542
7 1462 10857
7 1463 58522
7 1464 10876
7 1465 10876
7 1466 10876
7 1467 10880
7 1468 10880
7 1469 10876
7 1470 10893
7 1471 10893
7 1472 10893
7 1473 14841
7 1474 10915
7 1475 14965
7 1476 10934
7 1477 10938
7 1478 10896
7 1479 14959
7 1480 10919
7 1481 15000
7 1482 10919
7 1483 10915
7 1484 10938
7 1485 14982
7 1486 10917
7 1487 14977
7 1488 10896
7 1489 10896
7 1490 10919
7 1491 59144
7 1492 10921
7 1493 59125
7 1494 10895
7 1495 10895
7 1496 10896
7 1497 14974
7 1498 10915
7 1499 14974
7 1500 10916
7 1501 59161
7 1502 10900
7 1503 15004
7 1504 58539
7 1505 14959
7 1506 10937
7 1507 59597
7 1508 10940
7 1509 15004
7 1510 58542
7 1511 14988
7 1512 10919
7 1513 10940
7 1514 10917
7 1515 59603
7 1516 10915
7 1517 59603
7 1518 10938
7 1519 10940
7 1520 10900
7 1521 15007
7 1522 10940
7 1523 14998
7 1524 10915
7 1525 59160
7 1526 10895
7 1527 14986
7 1528 58542
7 1529 14988
7 1530 10896
7 1531 59141
7 1532 10915
7 1533 14965
7 1534 58542
7 1535 14965
7 1536 10896
7 1537 10900
7 1538 10900
7 1539 59164
7 1540 10896
7 1541 59142
7 1542 10915
7 1543 10919
7 1544 10917
7 1545 14956
7 1546 10938
7 1547 15004
7 1548 10938
7 1549 59600
7 1550 10919
7 1551 15010
7 1552 58540
7 1553 14965
7 1554 10896
7 1555 59143
7 1556 10915
7 1557 14965
7 1558 58540
7 1559 14958
7 1560 10857
7 1561 10857
7 1562 10857
7 1563 10880
7 1564 10880
7 1565 10857
7 1566 10857
7 1567 10857
7 1568 10880
7 1569 58542
7 1570 10880
7 1571 58542
7 1572 10880
7 1573 10880
7 1574 10857
7 1575 58542
7 1576 10857
7 1577 58542
7 1578 10857
7 1579 10880
7 1580 10880
7 1581 58542
7 1582 10857
7 1583 58522
7 1584 10876
7 1585 10876
7 1586 10876
7 1587 10880
7 1588 10880
7 1589 10876
7 1590 10877
7 1591 10877
7 1592 10877
7 1593 11156
7 1594 10898
7 1595 11196
7 1596 10917
7 1597 10921
7 1598 10879
7 1599 11196
7 1600 10902
7 1601 11219
7 1602 10902
7 1603 10898
7 1604 10921
7 1605 11219
7 1606 10900
7 1607 11196
7 1608 10897
7 1609 10897
7 1610 10921
7 1611 59144
7 1612 10923
7 1613 59142
7 1614 10877
7 1615 10877
7 1616 10877
7 1617 11175
7 1618 10897
7 1619 11156
7 1620 10902
7 1621 59145
7 1622 10883
7 1623 11219
7 1624 58540
7 1625 11196
7 1626 10923
7 1627 59601
7 1628 10923
7 1629 11219
7 1630 58542
7 1631 11219
7 1632 10902
7 1633 10923
7 1634 10900
7 1635 59604
7 1636 10898
7 1637 59605
7 1638 10921
7 1639 10923
7 1640 10883
7 1641 11219
7 1642 10923
7 1643 11219
7 1644 10898
7 1645 59144
7 1646 10879
7 1647 11196
7 1648 58540
7 1649 11219
7 1650 10879
7 1651 59144
7 1652 10898
7 1653 11196
7 1654 58542
7 1655 11196
7 1656 10879
7 1657 10883
7 1658 10883
7 1659 59147
7 1660 10879
7 1661 59127
7 1662 10898
7 1663 10902
7 1664 10900
7 1665 11196
7 1666 10921
7 1667 11219
7 1668 10921
7 1669 59605
7 1670 10902
7 1671 11219
7 1672 58542
7 1673 11196
7 1674 10879
7 1675 59141
7 1676 10898
7 1677 11196
7 1678 58539
7 1679 11196
7 1680 10879
7 1681 10879
7 1682 10879
7 1683 10880
7 1684 10880
7 1685 10879
7 1686 10896
7 1687 10896
7 1688 10912
7 1689 14859
7 1690 10934
7 1691 14965
7 1692 10936
7 1693 10938
7 1694 10915
7 1695 14983
7 1696 10919
7 1697 14981
7 1698 10919
7 1699 10917
7 1700 10938
7 1701 14975
7 1702 10919
7 1703 14976
7 1704 10879
7 1705 10879
7 1706 10879
7 1707 10880
7 1708 10880
7 1709 10879
7 1710 10896
7 1711 10896
7 1712 10897
7 1713 11194
7 1714 10917
7 1715 11215
7 1716 10919
7 1717 10921
7 1718 10898
7 1719 11215
7 1720 10902
7 1721 11219
7 1722 10902
7 1723 10900
7 1724 10921
7 1725 11219
7 1726 10902
7 1727 11215
7 1728 10879
7 1729 10879
7 1730 10896
7 1731 14814
7 1732 10917
7 1733 14910
7 1734 10879
7 1735 10879
7 1736 10896
7 1737 11194
7 1738 10900
7 1739 11215
7 1740 10879
7 1741 14262
7 1742 10879
7 1743 11175
7 1744 14244
7 1745 11137
7 1746 10923
7 1747 14933
7 1748 10923
7 1749 11253
7 1750 14878
7 1751 11194
7 1752 10946
7 1753 10946
7 1754 10938
7 1755 15008
7 1756 10942
7 1757 15034
7 1758 10946
7 1759 10946
7 1760 10938
7 1761 11272
7 1762 10942
7 1763 11276
7 1764 10900
7 1765 14957
7 1766 10900
7 1767 11234
7 1768 14921
7 1769 11194
7 1770 10923
7 1771 15003
7 1772 10923
7 1773 11257
7 1774 14987
7 1775 11217
7 1776 10923
7 1777 10923
7 1778 10942
7 1779 15016
7 1780 10938
7 1781 15035
7 1782 10923
7 1783 10923
7 1784 10942
7 1785 11257
7 1786 10938
7 1787 11253
7 1788 10946
7 1789 14941
7 1790 10946
7 1791 11276
7 1792 14943
7 1793 11217
7 1794 10923
7 1795 15025
7 1796 10923
7 1797 11255
7 1798 14985
7 1799 11194
7 1800 10902
7 1801 10902
7 1802 10943
7 1803 59260
7 1804 10944
7 1805 59240
7 1806 10917
7 1807 10917
7 1808 10936
7 1809 15027
7 1810 10939
7 1811 15052
7 1812 10921
7 1813 59687
7 1814 10938
7 1815 15069
7 1816 59141
7 1817 15034
7 1818 10925
7 1819 59727
7 1820 10945
7 1821 15056
7 1822 59143
7 1823 15042
7 1824 10918
7 1825 10918
7 1826 10943
7 1827 59260
7 1828 10944
7 1829 59240
7 1830 10898
7 1831 10898
7 1832 10915
7 1833 11194
7 1834 10920
7 1835 11234
7 1836 10940
7 1837 59687
7 1838 10919
7 1839 11217
7 1840 59143
7 1841 11255
7 1842 10944
7 1843 59727
7 1844 10941
7 1845 11238
7 1846 59141
7 1847 11257
7 1848 10900
7 1849 10900
7 1850 10917
7 1851 15029
7 1852 10919
7 1853 15019
7 1854 10900
7 1855 10900
7 1856 10917
7 1857 11234
7 1858 10919
7 1859 11234
7 1860 10900
7 1861 14942
7 1862 10900
7 1863 11234
7 1864 14963
7 1865 11194
7 1866 10923
7 1867 15044
7 1868 10923
7 1869 11253
7 1870 14986
7 1871 11194
7 1872 10902
7 1873 59260
7 1874 10919
7 1875 15043
7 1876 59127
7 1877 15015
7 1878 10918
7 1879 59260
7 1880 10900
7 1881 11238
7 1882 59142
7 1883 11194
7 1884 10901
7 1885 15027
7 1886 10901
7 1887 11238
7 1888 15009
7 1889 11217
7 1890 58522
7 1891 14980
7 1892 58522
7 1893 11175
7 1894 14964
7 1895 11194
7 1896 10925
7 1897 59810
7 1898 10945
7 1899 15060
7 1900 59602
7 1901 15067
7 1902 10941
7 1903 59810
7 1904 10943
7 1905 11219
7 1906 59602
7 1907 11276
7 1908 10947
7 1909 15028
7 1910 10947
7 1911 11278
7 1912 15008
7 1913 11217
7 1914 58542
7 1915 15030
7 1916 58542
7 1917 11217
7 1918 15030
7 1919 11217
7 1920 10923
7 1921 10947
7 1922 10923
7 1923 59830
7 1924 10923
7 1925 59848
7 1926 10941
7 1927 10945
7 1928 10921
7 1929 15062
7 1930 10946
7 1931 15074
7 1932 10938
7 1933 59745
7 1934 10920
7 1935 15064
7 1936 59602
7 1937 15065
7 1938 10919
7 1939 59729
7 1940 10939
7 1941 15042
7 1942 59601
7 1943 15042
7 1944 10923
7 1945 10947
7 1946 10923
7 1947 59846
7 1948 10923
7 1949 59848
7 1950 10941
7 1951 10945
7 1952 10920
7 1953 11257
7 1954 10946
7 1955 11278
7 1956 10938
7 1957 59745
7 1958 10921
7 1959 11255
7 1960 59600
7 1961 11276
7 1962 10919
7 1963 59764
7 1964 10939
7 1965 11253
7 1966 59600
7 1967 11253
7 1968 10946
7 1969 10946
7 1970 10940
7 1971 15077
7 1972 10946
7 1973 15042
7 1974 10946
7 1975 10946
7 1976 10940
7 1977 11276
7 1978 10946
7 1979 11278
7 1980 10901
7 1981 15026
7 1982 10901
7 1983 11238
7 1984 15030
7 1985 11217
7 1986 10947
7 1987 15045
7 1988 10947
7 1989 11278
7 1990 14966
7 1991 11217
7 1992 10923
7 1993 59276
7 1994 10918
7 1995 15065
7 1996 59146
7 1997 15049
7 1998 10923
7 1999 59260
7 2000 10918
7 2001 11253
7 2002 59145
7 2003 11257
7 2004 10900
7 2005 15046
7 2006 10900
7 2007 11234
7 2008 15029
7 2009 11194
7 2010 58542
7 2011 15030
7 2012 58542
7 2013 11217
7 2014 15030
7 2015 11217
7 2016 10900
7 2017 59240
7 2018 10918
7 2019 15025
7 2020 59142
7 2021 15025
7 2022 10900
7 2023 59255
7 2024 10918
7 2025 11213
7 2026 59125
7 2027 11234
7 2028 10923
7 2029 15045
7 2030 10923
7 2031 11253
7 2032 15007
7 2033 11194
7 2034 58542
7 2035 15026
7 2036 58542
7 2037 11213
7 2038 15007
7 2039 11194
7 2040 10900
7 2041 10901
7 2042 10901
7 2043 59281
7 2044 10900
7 2045 59260
7 2046 10918
7 2047 10920
7 2048 10921
7 2049 15012
7 2050 10940
7 2051 15041
7 2052 10940
7 2053 59747
7 2054 10920
7 2055 15047
7 2056 59145
7 2057 15023
7 2058 10917
7 2059 59687
7 2060 10936
7 2061 15023
7 2062 59145
7 2063 15016
7 2064 10900
7 2065 10901
7 2066 10901
7 2067 59281
7 2068 10900
7 2069 59260
7 2070 10918
7 2071 10920
7 2072 10920
7 2073 11213
7 2074 10940
7 2075 11238
7 2076 10940
7 2077 59766
7 2078 10921
7 2079 11238
7 2080 59163
7 2081 11234
7 2082 10917
7 2083 59687
7 2084 10936
7 2085 11234
7 2086 59161
7 2087 11234
7 2088 10923
7 2089 10923
7 2090 10938
7 2091 15039
7 2092 10942
7 2093 15044
7 2094 10923
7 2095 10923
7 2096 10938
7 2097 11253
7 2098 10942
7 2099 11257
7 2100 10923
7 2101 14981
7 2102 10923
7 2103 11255
7 2104 14941
7 2105 11194
7 2106 10946
7 2107 15047
7 2108 10946
7 2109 11276
7 2110 15009
7 2111 11217
7 2112 10946
7 2113 59846
7 2114 10941
7 2115 15089
7 2116 59604
7 2117 15065
7 2118 10946
7 2119 59830
7 2120 10941
7 2121 11276
7 2122 59603
7 2123 11272
7 2124 10923
7 2125 15070
7 2126 10923
7 2127 11257
7 2128 15052
7 2129 11217
7 2130 58542
7 2131 15026
7 2132 58542
7 2133 11213
7 2134 15007
7 2135 11194
7 2136 10900
7 2137 59260
7 2138 10918
7 2139 15025
7 2140 59144
7 2141 15022
7 2142 10900
7 2143 59260
7 2144 10918
7 2145 11213
7 2146 59144
7 2147 11234
7 2148 10923
7 2149 15045
7 2150 10923
7 2151 11253
7 2152 15007
7 2153 11194
7 2154 58542
7 2155 15004
7 2156 58542
7 2157 11213
7 2158 14985
7 2159 11194
7 2160 5832
7 2161 5832
7 2162 5832
7 2163 19230
7 2164 5834
7 2165 19195
7 2166 5907
7 2167 5907
7 2168 5914
7 2169 15153
7 2170 5945
7 2171 15184
7 2172 5940
7 2173 19632
7 2174 5913
7 2175 15184
7 2176 19237
7 2177 15155
7 2178 5910
7 2179 19632
7 2180 5945
7 2181 15154
7 2182 19238
7 2183 15148
7 2184 5872
7 2185 5872
7 2186 5872
7 2187 19270
7 2188 5874
7 2189 19235
7 2190 5913
7 2191 5913
7 2192 5914
7 2193 9900
7 2194 5948
7 2195 9966
7 2196 5945
7 2197 19672
7 2198 5916
7 2199 9972
7 2200 19273
7 2201 9978
7 2202 5918
7 2203 19639
7 2204 5950
7 2205 9974
7 2206 19275
7 2207 9978
7 2208 5873
7 2209 5873
7 2210 5909
7 2211 15125
7 2212 5943
7 2213 15125
7 2214 5911
7 2215 5911
7 2216 5948
7 2217 9971
7 2218 5950
7 2219 10002
7 2220 5913
7 2221 15126
7 2222 5917
7 2223 10048
7 2224 15125
7 2225 9984
7 2226 5947
7 2227 15174
7 2228 5951
7 2229 10078
7 2230 15155
7 2231 9990
7 2232 5904
7 2233 19631
7 2234 5945
7 2235 15242
7 2236 19599
7 2237 15214
7 2238 5946
7 2239 19637
7 2240 5948
7 2241 10000
7 2242 19637
7 2243 9965
7 2244 5913
7 2245 15155
7 2246 5916
7 2247 10049
7 2248 15155
7 2249 9990
7 2250 19236
7 2251 15194
7 2252 19241
7 2253 10012
7 2254 15129
7 2255 9984
7 2256 5906
7 2257 19598
7 2258 5948
7 2259 15204
7 2260 19635
7 2261 15200
7 2262 5917
7 2263 19640
7 2264 5953
7 2265 10001
7 2266 19637
7 2267 10039
7 2268 5946
7 2269 15144
7 2270 5947
7 2271 10075
7 2272 15128
7 2273 9984
7 2274 19236
7 2275 15194
7 2276 19241
7 2277 10012
7 2278 15125
7 2279 9984
7 2280 5872
7 2281 5872
7 2282 5872
7 2283 19270
7 2284 5874
7 2285 19235
7 2286 5910
7 2287 5910
7 2288 5915
7 2289 15154
7 2290 5946
7 2291 15184
7 2292 5944
7 2293 19636
7 2294 5912
7 2295 15184
7 2296 19238
7 2297 15155
7 2298 5914
7 2299 19637
7 2300 5944
7 2301 15154
7 2302 19237
7 2303 15133
7 2304 5834
7 2305 5834
7 2306 5834
7 2307 19243
7 2308 5834
7 2309 19238
7 2310 5873
7 2311 5873
7 2312 5873
7 2313 6160
7 2314 5905
7 2315 6169
7 2316 5907
7 2317 19644
7 2318 5873
7 2319 6167
7 2320 19241
7 2321 6171
7 2322 5875
7 2323 19641
7 2324 5907
7 2325 6168
7 2326 19241
7 2327 6169
7 2328 5914
7 2329 5914
7 2330 5951
7 2331 15248
7 2332 5952
7 2333 15248
7 2334 5873
7 2335 5873
7 2336 5907
7 2337 6202
7 2338 5909
7 2339 6203
7 2340 5916
7 2341 15249
7 2342 5911
7 2343 6243
7 2344 15190
7 2345 6204
7 2346 5948
7 2347 15298
7 2348 5948
7 2349 6274
7 2350 15192
7 2351 6211
7 2352 5946
7 2353 19673
7 2354 5950
7 2355 15295
7 2356 19643
7 2357 15268
7 2358 5942
7 2359 19640
7 2360 5908
7 2361 6235
7 2362 19637
7 2363 6237
7 2364 5916
7 2365 15249
7 2366 5910
7 2367 6240
7 2368 15190
7 2369 6204
7 2370 19241
7 2371 15217
7 2372 19275
7 2373 6241
7 2374 15196
7 2375 6209
7 2376 5916
7 2377 19641
7 2378 5949
7 2379 15214
7 2380 19640
7 2381 15191
7 2382 5914
7 2383 19673
7 2384 5946
7 2385 6236
7 2386 19637
7 2387 6244
7 2388 5948
7 2389 15302
7 2390 5946
7 2391 6274
7 2392 15196
7 2393 6209
7 2394 19242
7 2395 15214
7 2396 19273
7 2397 6243
7 2398 15189
7 2399 6208
7 2400 5834
7 2401 5834
7 2402 5834
7 2403 19243
7 2404 5834
7 2405 19238
7 2406 5874
7 2407 5874
7 2408 5878
7 2409 9980
7 2410 5910
7 2411 9985
7 2412 5907
7 2413 19642
7 2414 5876
7 2415 9982
7 2416 19242
7 2417 9978
7 2418 5878
7 2419 19642
7 2420 5910
7 2421 9981
7 2422 19241
7 2423 9976
7 2424 5832
7 2425 5832
7 2426 5832
7 2427 19230
7 2428 5834
7 2429 19195
7 2430 5873
7 2431 5873
7 2432 5873
7 2433 6163
7 2434 5905
7 2435 6169
7 2436 5905
7 2437 19635
7 2438 5873
7 2439 6163
7 2440 19236
7 2441 6171
7 2442 5875
7 2443 19599
7 2444 5907
7 2445 6171
7 2446 19236
7 2447 6166
7 2448 5872
7 2449 5872
7 2450 5909
7 2451 10008
7 2452 5912
7 2453 10007
7 2454 5872
7 2455 5872
7 2456 5909
7 2457 6206
7 2458 5909
7 2459 6209
7 2460 5873
7 2461 9934
7 2462 5873
7 2463 6206
7 2464 9898
7 2465 6145
7 2466 5907
7 2467 10032
7 2468 5907
7 2469 6244
7 2470 9957
7 2471 6151
7 2472 5906
7 2473 19639
7 2474 5912
7 2475 10009
7 2476 19640
7 2477 10045
7 2478 5909
7 2479 19637
7 2480 5909
7 2481 6234
7 2482 19633
7 2483 6237
7 2484 5873
7 2485 9937
7 2486 5873
7 2487 6205
7 2488 9897
7 2489 6144
7 2490 19237
7 2491 10012
7 2492 19238
7 2493 6207
7 2494 9964
7 2495 6153
7 2496 5877
7 2497 19641
7 2498 5914
7 2499 10016
7 2500 19643
7 2501 10015
7 2502 5877
7 2503 19641
7 2504 5914
7 2505 6211
7 2506 19599
7 2507 6209
7 2508 5909
7 2509 10027
7 2510 5909
7 2511 6246
7 2512 9965
7 2513 6153
7 2514 19238
7 2515 10011
7 2516 19237
7 2517 6207
7 2518 9964
7 2519 6151
7 2520 5871
7 2521 5871
7 2522 5948
7 2523 15183
7 2524 5950
7 2525 15183
7 2526 5913
7 2527 5913
7 2528 5952
7 2529 10008
7 2530 5953
7 2531 10017
7 2532 5909
7 2533 14636
7 2534 5950
7 2535 9972
7 2536 15057
7 2537 10011
7 2538 5944
7 2539 15087
7 2540 5954
7 2541 10068
7 2542 15057
7 2543 10015
7 2544 5913
7 2545 5913
7 2546 5950
7 2547 15193
7 2548 5952
7 2549 15192
7 2550 5872
7 2551 5872
7 2552 5908
7 2553 6206
7 2554 5909
7 2555 6208
7 2556 5951
7 2557 15282
7 2558 5909
7 2559 6241
7 2560 15231
7 2561 6243
7 2562 5953
7 2563 15250
7 2564 5948
7 2565 6277
7 2566 15232
7 2567 6246
7 2568 5872
7 2569 5872
7 2570 5911
7 2571 10013
7 2572 5912
7 2573 10012
7 2574 5870
7 2575 5870
7 2576 5907
7 2577 6206
7 2578 5907
7 2579 6207
7 2580 5907
7 2581 9967
7 2582 5907
7 2583 6240
7 2584 9967
7 2585 6186
7 2586 5911
7 2587 10039
7 2588 5911
7 2589 6246
7 2590 10001
7 2591 6189
7 2592 5871
7 2593 15080
7 2594 5913
7 2595 9968
7 2596 14563
7 2597 9900
7 2598 5913
7 2599 15196
7 2600 5872
7 2601 6205
7 2602 15230
7 2603 6202
7 2604 5872
7 2605 9968
7 2606 5871
7 2607 6205
7 2608 9933
7 2609 6183
7 2610 14506
7 2611 9860
7 2612 15152
7 2613 6141
7 2614 9860
7 2615 6141
7 2616 5939
7 2617 15199
7 2618 5949
7 2619 10068
7 2620 15032
7 2621 10041
7 2622 5949
7 2623 15252
7 2624 5944
7 2625 6276
7 2626 15283
7 2627 6279
7 2628 5944
7 2629 10067
7 2630 5943
7 2631 6280
7 2632 10061
7 2633 6254
7 2634 14899
7 2635 9966
7 2636 15156
7 2637 6185
7 2638 9966
7 2639 6185
7 2640 5903
7 2641 19596
7 2642 5946
7 2643 15264
7 2644 19637
7 2645 15265
7 2646 5945
7 2647 19639
7 2648 5950
7 2649 9967
7 2650 19642
7 2651 10064
7 2652 5946
7 2653 15173
7 2654 5951
7 2655 10074
7 2656 15154
7 2657 10044
7 2658 19598
7 2659 15175
7 2660 19640
7 2661 9968
7 2662 15188
7 2663 10048
7 2664 5945
7 2665 19639
7 2666 5947
7 2667 15271
7 2668 19640
7 2669 15268
7 2670 5942
7 2671 19638
7 2672 5908
7 2673 6234
7 2674 19637
7 2675 6269
7 2676 5951
7 2677 15301
7 2678 5944
7 2679 6274
7 2680 15298
7 2681 6273
7 2682 19642
7 2683 15272
7 2684 19638
7 2685 6237
7 2686 15302
7 2687 6272
7 2688 5940
7 2689 19638
7 2690 5944
7 2691 10071
7 2692 19641
7 2693 10036
7 2694 5940
7 2695 19595
7 2696 5943
7 2697 6269
7 2698 19596
7 2699 6273
7 2700 5907
7 2701 9969
7 2702 5907
7 2703 6240
7 2704 9963
7 2705 6215
7 2706 19637
7 2707 10039
7 2708 19632
7 2709 6273
7 2710 9962
7 2711 6214
7 2712 5908
7 2713 15207
7 2714 5918
7 2715 10047
7 2716 15043
7 2717 10006
7 2718 5918
7 2719 15231
7 2720 5908
7 2721 6245
7 2722 15234
7 2723 6247
7 2724 5908
7 2725 10043
7 2726 5906
7 2727 6243
7 2728 10035
7 2729 6223
7 2730 14955
7 2731 9963
7 2732 15156
7 2733 6184
7 2734 9963
7 2735 6184
7 2736 19195
7 2737 15173
7 2738 19238
7 2739 9934
7 2740 15099
7 2741 10010
7 2742 19238
7 2743 15217
7 2744 19235
7 2745 6199
7 2746 15251
7 2747 6240
7 2748 19235
7 2749 9931
7 2750 19195
7 2751 6237
7 2752 9934
7 2753 6183
7 2754 15031
7 2755 9970
7 2756 15178
7 2757 6186
7 2758 9970
7 2759 6186
7 2760 5905
7 2761 19597
7 2762 5948
7 2763 15215
7 2764 19638
7 2765 15212
7 2766 5916
7 2767 19640
7 2768 5953
7 2769 10003
7 2770 19640
7 2771 10046
7 2772 5949
7 2773 15142
7 2774 5951
7 2775 10077
7 2776 15141
7 2777 10020
7 2778 19636
7 2779 15180
7 2780 19644
7 2781 10042
7 2782 15170
7 2783 10024
7 2784 5916
7 2785 19640
7 2786 5948
7 2787 15217
7 2788 19639
7 2789 15213
7 2790 5914
7 2791 19673
7 2792 5947
7 2793 6234
7 2794 19638
7 2795 6246
7 2796 5952
7 2797 15307
7 2798 5951
7 2799 6276
7 2800 15255
7 2801 6248
7 2802 19642
7 2803 15251
7 2804 19673
7 2805 6280
7 2806 15249
7 2807 6251
7 2808 5914
7 2809 19671
7 2810 5950
7 2811 10052
7 2812 19675
7 2813 10048
7 2814 5912
7 2815 19630
7 2816 5949
7 2817 6246
7 2818 19634
7 2819 6241
7 2820 5946
7 2821 10035
7 2822 5946
7 2823 6281
7 2824 9999
7 2825 6219
7 2826 19636
7 2827 10074
7 2828 19632
7 2829 6277
7 2830 10034
7 2831 6224
7 2832 5942
7 2833 15281
7 2834 5950
7 2835 10073
7 2836 15023
7 2837 10037
7 2838 5950
7 2839 15304
7 2840 5944
7 2841 6278
7 2842 15305
7 2843 6277
7 2844 5944
7 2845 10069
7 2846 5942
7 2847 6279
7 2848 10063
7 2849 6255
7 2850 14977
7 2851 9971
7 2852 15178
7 2853 6186
7 2854 9971
7 2855 6186
7 2856 19230
7 2857 15207
7 2858 19243
7 2859 10003
7 2860 15128
7 2861 10021
7 2862 19243
7 2863 15220
7 2864 19270
7 2865 6239
7 2866 15252
7 2867 6248
7 2868 19270
7 2869 9999
7 2870 19230
7 2871 6248
7 2872 10003
7 2873 6220
7 2874 15043
7 2875 9981
7 2876 15156
7 2877 6189
7 2878 9981
7 2879 6189
7 2880 1579
7 2881 1579
7 2882 1582
7 2883 5915
7 2884 1582
7 2885 5911
7 2886 1580
7 2887 1580
7 2888 1583
7 2889 10923
7 2890 1583
7 2891 10923
7 2892 1582
7 2893 5949
7 2894 1582
7 2895 10946
7 2896 5877
7 2897 10923
7 2898 1582
7 2899 5947
7 2900 1582
7 2901 10947
7 2902 5877
7 2903 10923
7 2904 1580
7 2905 1580
7 2906 1582
7 2907 5917
7 2908 1582
7 2909 5913
7 2910 1581
7 2911 1581
7 2912 1583
7 2913 5727
7 2914 1583
7 2915 5730
7 2916 1584
7 2917 5954
7 2918 1584
7 2919 5732
7 2920 5918
7 2921 5731
7 2922 1584
7 2923 5950
7 2924 1584
7 2925 5732
7 2926 5918
7 2927 5731
7 2928 1581
7 2929 1581
7 2930 1584
7 2931 10918
7 2932 1584
7 2933 10918
7 2934 1580
7 2935 1580
7 2936 1583
7 2937 5731
7 2938 1583
7 2939 5731
7 2940 1583
7 2941 10936
7 2942 1583
7 2943 5730
7 2944 10898
7 2945 5693
7 2946 1583
7 2947 10939
7 2948 1583
7 2949 5730
7 2950 10898
7 2951 5693
7 2952 1581
7 2953 5949
7 2954 1582
7 2955 10942
7 2956 5912
7 2957 10938
7 2958 1582
7 2959 5949
7 2960 1582
7 2961 5728
7 2962 5948
7 2963 5725
7 2964 1582
7 2965 10940
7 2966 1582
7 2967 5729
7 2968 10921
7 2969 5694
7 2970 5875
7 2971 10902
7 2972 5875
7 2973 5690
7 2974 10900
7 2975 5690
7 2976 1581
7 2977 5945
7 2978 1582
7 2979 10946
7 2980 5914
7 2981 10942
7 2982 1582
7 2983 5947
7 2984 1582
7 2985 5725
7 2986 5946
7 2987 5728
7 2988 1582
7 2989 10946
7 2990 1582
7 2991 5729
7 2992 10923
7 2993 5694
7 2994 5875
7 2995 10902
7 2996 5875
7 2997 5690
7 2998 10902
7 2999 5690
7 3000 1580
7 3001 1580
7 3002 1582
7 3003 5917
7 3004 1582
7 3005 5911
7 3006 1580
7 3007 1580
7 3008 1583
7 3009 10923
7 3010 1583
7 3011 10923
7 3012 1582
7 3013 5947
7 3014 1582
7 3015 10946
7 3016 5875
7 3017 10923
7 3018 1582
7 3019 5945
7 3020 1582
7 3021 10947
7 3022 5875
7 3023 10923
7 3024 1581
7 3025 1581
7 3026 1582
7 3027 5916
7 3028 1582
7 3029 5913
7 3030 1579
7 3031 1579
7 3032 1581
7 3033 1916
7 3034 1581
7 3035 1916
7 3036 1583
7 3037 5953
7 3038 1583
7 3039 1919
7 3040 5917
7 3041 1918
7 3042 1583
7 3043 5950
7 3044 1583
7 3045 1919
7 3046 5917
7 3047 1918
7 3048 1581
7 3049 1581
7 3050 1584
7 3051 10918
7 3052 1584
7 3053 10918
7 3054 1581
7 3055 1581
7 3056 1582
7 3057 1917
7 3058 1582
7 3059 1917
7 3060 1584
7 3061 10936
7 3062 1584
7 3063 1920
7 3064 10915
7 3065 1917
7 3066 1584
7 3067 10939
7 3068 1584
7 3069 1920
7 3070 10915
7 3071 1917
7 3072 1583
7 3073 5949
7 3074 1583
7 3075 10942
7 3076 5913
7 3077 10938
7 3078 1584
7 3079 5951
7 3080 1582
7 3081 1918
7 3082 5951
7 3083 1919
7 3084 1584
7 3085 10940
7 3086 1583
7 3087 1919
7 3088 10938
7 3089 1918
7 3090 5877
7 3091 10919
7 3092 5918
7 3093 1916
7 3094 10917
7 3095 1916
7 3096 1583
7 3097 5947
7 3098 1583
7 3099 10946
7 3100 5911
7 3101 10942
7 3102 1584
7 3103 5952
7 3104 1583
7 3105 1918
7 3106 5952
7 3107 1920
7 3108 1584
7 3109 10946
7 3110 1583
7 3111 1919
7 3112 10940
7 3113 1918
7 3114 5878
7 3115 10919
7 3116 5916
7 3117 1916
7 3118 10919
7 3119 1916
7 3120 1581
7 3121 1581
7 3122 1582
7 3123 5916
7 3124 1582
7 3125 5913
7 3126 1581
7 3127 1581
7 3128 1584
7 3129 5731
7 3130 1584
7 3131 5732
7 3132 1584
7 3133 5954
7 3134 1583
7 3135 5733
7 3136 5916
7 3137 5731
7 3138 1584
7 3139 5951
7 3140 1584
7 3141 5733
7 3142 5915
7 3143 5730
7 3144 1580
7 3145 1580
7 3146 1581
7 3147 5906
7 3148 1582
7 3149 5871
7 3150 1581
7 3151 1581
7 3152 1582
7 3153 1916
7 3154 1582
7 3155 1917
7 3156 1582
7 3157 5945
7 3158 1582
7 3159 1918
7 3160 5911
7 3161 1918
7 3162 1583
7 3163 5907
7 3164 1583
7 3165 1919
7 3166 5911
7 3167 1917
7 3168 1579
7 3169 1579
7 3170 1582
7 3171 5731
7 3172 1582
7 3173 5731
7 3174 1579
7 3175 1579
7 3176 1581
7 3177 1916
7 3178 1581
7 3179 1916
7 3180 1581
7 3181 5727
7 3182 1581
7 3183 1918
7 3184 5727
7 3185 1896
7 3186 1581
7 3187 5730
7 3188 1581
7 3189 1918
7 3190 5730
7 3191 1896
7 3192 1583
7 3193 5951
7 3194 1583
7 3195 5731
7 3196 5950
7 3197 5732
7 3198 1583
7 3199 5950
7 3200 1583
7 3201 1919
7 3202 5948
7 3203 1920
7 3204 1581
7 3205 5730
7 3206 1581
7 3207 1918
7 3208 5728
7 3209 1897
7 3210 5913
7 3211 5731
7 3212 5913
7 3213 1917
7 3214 5731
7 3215 1898
7 3216 1583
7 3217 5949
7 3218 1584
7 3219 5732
7 3220 5950
7 3221 5731
7 3222 1583
7 3223 5945
7 3224 1584
7 3225 1919
7 3226 5909
7 3227 1919
7 3228 1583
7 3229 5730
7 3230 1583
7 3231 1920
7 3232 5729
7 3233 1898
7 3234 5913
7 3235 5731
7 3236 5913
7 3237 1917
7 3238 5730
7 3239 1897
7 3240 1579
7 3241 1579
7 3242 1582
7 3243 10900
7 3244 1582
7 3245 10900
7 3246 1580
7 3247 1580
7 3248 1583
7 3249 5730
7 3250 1583
7 3251 5730
7 3252 1582
7 3253 10917
7 3254 1582
7 3255 5729
7 3256 10879
7 3257 5692
7 3258 1582
7 3259 10919
7 3260 1582
7 3261 5729
7 3262 10879
7 3263 5692
7 3264 1580
7 3265 1580
7 3266 1582
7 3267 10900
7 3268 1582
7 3269 10900
7 3270 1579
7 3271 1579
7 3272 1581
7 3273 1916
7 3274 1581
7 3275 1916
7 3276 1583
7 3277 10917
7 3278 1583
7 3279 1919
7 3280 10896
7 3281 1916
7 3282 1583
7 3283 10919
7 3284 1583
7 3285 1919
7 3286 10896
7 3287 1916
7 3288 1579
7 3289 1579
7 3290 1582
7 3291 5729
7 3292 1582
7 3293 5729
7 3294 1578
7 3295 1578
7 3296 1580
7 3297 1915
7 3298 1580
7 3299 1915
7 3300 1580
7 3301 5728
7 3302 1580
7 3303 1917
7 3304 5728
7 3305 1895
7 3306 1581
7 3307 5728
7 3308 1581
7 3309 1917
7 3310 5728
7 3311 1895
7 3312 1580
7 3313 10900
7 3314 1580
7 3315 5728
7 3316 10879
7 3317 5692
7 3318 1580
7 3319 10900
7 3320 1580
7 3321 1917
7 3322 10896
7 3323 1916
7 3324 1580
7 3325 5728
7 3326 1580
7 3327 1917
7 3328 5728
7 3329 1897
7 3330 10857
7 3331 5691
7 3332 10857
7 3333 1893
7 3334 5691
7 3335 1893
7 3336 1581
7 3337 10923
7 3338 1581
7 3339 5729
7 3340 10898
7 3341 5693
7 3342 1581
7 3343 10923
7 3344 1581
7 3345 1918
7 3346 10915
7 3347 1917
7 3348 1581
7 3349 5729
7 3350 1581
7 3351 1918
7 3352 5728
7 3353 1897
7 3354 10857
7 3355 5691
7 3356 10857
7 3357 1893
7 3358 5691
7 3359 1893
7 3360 1579
7 3361 5912
7 3362 1580
7 3363 10923
7 3364 5877
7 3365 10923
7 3366 1580
7 3367 5914
7 3368 1581
7 3369 5727
7 3370 5914
7 3371 5727
7 3372 1581
7 3373 10920
7 3374 1580
7 3375 5728
7 3376 10902
7 3377 5693
7 3378 5873
7 3379 10900
7 3380 5875
7 3381 5688
7 3382 10898
7 3383 5690
7 3384 1580
7 3385 5914
7 3386 1580
7 3387 10923
7 3388 5877
7 3389 10923
7 3390 1581
7 3391 5914
7 3392 1579
7 3393 1916
7 3394 5915
7 3395 1918
7 3396 1581
7 3397 10920
7 3398 1581
7 3399 1917
7 3400 10919
7 3401 1917
7 3402 5878
7 3403 10917
7 3404 5915
7 3405 1915
7 3406 10915
7 3407 1916
7 3408 1581
7 3409 5916
7 3410 1581
7 3411 5730
7 3412 5916
7 3413 5728
7 3414 1580
7 3415 5909
7 3416 1581
7 3417 1917
7 3418 5910
7 3419 1918
7 3420 1579
7 3421 5727
7 3422 1579
7 3423 1916
7 3424 5727
7 3425 1896
7 3426 5915
7 3427 5728
7 3428 5913
7 3429 1917
7 3430 5724
7 3431 1897
7 3432 1579
7 3433 10901
7 3434 1580
7 3435 5727
7 3436 10883
7 3437 5692
7 3438 1580
7 3439 10901
7 3440 1579
7 3441 1916
7 3442 10900
7 3443 1916
7 3444 1579
7 3445 5727
7 3446 1579
7 3447 1916
7 3448 5727
7 3449 1896
7 3450 10880
7 3451 5692
7 3452 10880
7 3453 1894
7 3454 5692
7 3455 1894
7 3456 5832
7 3457 10879
7 3458 5834
7 3459 5687
7 3460 10876
7 3461 5689
7 3462 5834
7 3463 10879
7 3464 5872
7 3465 1892
7 3466 10876
7 3467 1912
7 3468 5872
7 3469 5687
7 3470 5832
7 3471 1912
7 3472 5687
7 3473 1892
7 3474 10857
7 3475 5688
7 3476 10857
7 3477 1892
7 3478 5688
7 3479 1892
7 3480 1580
7 3481 5940
7 3482 1581
7 3483 10946
7 3484 5909
7 3485 10946
7 3486 1581
7 3487 5942
7 3488 1582
7 3489 5725
7 3490 5942
7 3491 5728
7 3492 1582
7 3493 10945
7 3494 1581
7 3495 5729
7 3496 10923
7 3497 5694
7 3498 5907
7 3499 10921
7 3500 5907
7 3501 5691
7 3502 10921
7 3503 5691
7 3504 1581
7 3505 5942
7 3506 1581
7 3507 10946
7 3508 5909
7 3509 10946
7 3510 1582
7 3511 5948
7 3512 1581
7 3513 1917
7 3514 5949
7 3515 1919
7 3516 1582
7 3517 10945
7 3518 1582
7 3519 1918
7 3520 10940
7 3521 1918
7 3522 5907
7 3523 10938
7 3524 5947
7 3525 1917
7 3526 10938
7 3527 1917
7 3528 1582
7 3529 5948
7 3530 1582
7 3531 5731
7 3532 5950
7 3533 5730
7 3534 1581
7 3535 5936
7 3536 1582
7 3537 1918
7 3538 5938
7 3539 1919
7 3540 1581
7 3541 5726
7 3542 1581
7 3543 1918
7 3544 5725
7 3545 1897
7 3546 5945
7 3547 5729
7 3548 5941
7 3549 1917
7 3550 5727
7 3551 1898
7 3552 1581
7 3553 10947
7 3554 1582
7 3555 5729
7 3556 10923
7 3557 5694
7 3558 1582
7 3559 10947
7 3560 1581
7 3561 1918
7 3562 10940
7 3563 1918
7 3564 1581
7 3565 5729
7 3566 1581
7 3567 1918
7 3568 5729
7 3569 1898
7 3570 10880
7 3571 5692
7 3572 10880
7 3573 1894
7 3574 5692
7 3575 1894
7 3576 5834
7 3577 10880
7 3578 5834
7 3579 5689
7 3580 10880
7 3581 5689
7 3582 5834
7 3583 10880
7 3584 5874
7 3585 1893
7 3586 10880
7 3587 1912
7 3588 5874
7 3589 5689
7 3590 5834
7 3591 1912
7 3592 5689
7 3593 1893
7 3594 10880
7 3595 5689
7 3596 10880
7 3597 1893
7 3598 5689
7 3599 1893
7 3600 1579
7 3601 1581
7 3602 1580
7 3603 5942
7 3604 1581
7 3605 5943
7 3606 1580
7 3607 1581
7 3608 1581
7 3609 10923
7 3610 1583
7 3611 10947
7 3612 1581
7 3613 5946
7 3614 1580
7 3615 10923
7 3616 5909
7 3617 10946
7 3618 1581
7 3619 5911
7 3620 1581
7 3621 10923
7 3622 5907
7 3623 10923
7 3624 1580
7 3625 1581
7 3626 1580
7 3627 5944
7 3628 1581
7 3629 5944
7 3630 1582
7 3631 1582
7 3632 1581
7 3633 5724
7 3634 1583
7 3635 5728
7 3636 1582
7 3637 5951
7 3638 1582
7 3639 5732
7 3640 5946
7 3641 5732
7 3642 1583
7 3643 5948
7 3644 1584
7 3645 5729
7 3646 5948
7 3647 5731
7 3648 1582
7 3649 1582
7 3650 1582
7 3651 10941
7 3652 1584
7 3653 10943
7 3654 1580
7 3655 1581
7 3656 1582
7 3657 5732
7 3658 1583
7 3659 5732
7 3660 1581
7 3661 10921
7 3662 1581
7 3663 5728
7 3664 10902
7 3665 5693
7 3666 1583
7 3667 10941
7 3668 1583
7 3669 5728
7 3670 10923
7 3671 5694
7 3672 1581
7 3673 5949
7 3674 1582
7 3675 10938
7 3676 5914
7 3677 10942
7 3678 1582
7 3679 5947
7 3680 1581
7 3681 5728
7 3682 5946
7 3683 5728
7 3684 1581
7 3685 10920
7 3686 1580
7 3687 5728
7 3688 10900
7 3689 5693
7 3690 5907
7 3691 10921
7 3692 5907
7 3693 5691
7 3694 10921
7 3695 5691
7 3696 1580
7 3697 5907
7 3698 1581
7 3699 10919
7 3700 5909
7 3701 10900
7 3702 1581
7 3703 5909
7 3704 1582
7 3705 5688
7 3706 5909
7 3707 5724
7 3708 1582
7 3709 10920
7 3710 1581
7 3711 5724
7 3712 10897
7 3713 5690
7 3714 5905
7 3715 10917
7 3716 5905
7 3717 5689
7 3718 10898
7 3719 5690
7 3720 1580
7 3721 1581
7 3722 1580
7 3723 5944
7 3724 1581
7 3725 5944
7 3726 1580
7 3727 1581
7 3728 1581
7 3729 10923
7 3730 1583
7 3731 10947
7 3732 1581
7 3733 5946
7 3734 1580
7 3735 10923
7 3736 5909
7 3737 10946
7 3738 1581
7 3739 5911
7 3740 1581
7 3741 10923
7 3742 5907
7 3743 10923
7 3744 1581
7 3745 1582
7 3746 1581
7 3747 5950
7 3748 1581
7 3749 5949
7 3750 1581
7 3751 1581
7 3752 1579
7 3753 1916
7 3754 1582
7 3755 1918
7 3756 1583
7 3757 5951
7 3758 1581
7 3759 1917
7 3760 5947
7 3761 1919
7 3762 1582
7 3763 5954
7 3764 1583
7 3765 1918
7 3766 5951
7 3767 1918
7 3768 1582
7 3769 1582
7 3770 1583
7 3771 10941
7 3772 1584
7 3773 10945
7 3774 1582
7 3775 1582
7 3776 1581
7 3777 1917
7 3778 1582
7 3779 1918
7 3780 1582
7 3781 10920
7 3782 1582
7 3783 1918
7 3784 10919
7 3785 1917
7 3786 1584
7 3787 10945
7 3788 1584
7 3789 1919
7 3790 10940
7 3791 1918
7 3792 1583
7 3793 5950
7 3794 1582
7 3795 10938
7 3796 5914
7 3797 10942
7 3798 1584
7 3799 5953
7 3800 1582
7 3801 1918
7 3802 5953
7 3803 1920
7 3804 1583
7 3805 10921
7 3806 1581
7 3807 1917
7 3808 10917
7 3809 1917
7 3810 5910
7 3811 10938
7 3812 5950
7 3813 1917
7 3814 10938
7 3815 1917
7 3816 1582
7 3817 5912
7 3818 1582
7 3819 10919
7 3820 5912
7 3821 10917
7 3822 1583
7 3823 5953
7 3824 1583
7 3825 1915
7 3826 5950
7 3827 1918
7 3828 1584
7 3829 10939
7 3830 1583
7 3831 1918
7 3832 10915
7 3833 1916
7 3834 5910
7 3835 10934
7 3836 5948
7 3837 1916
7 3838 10915
7 3839 1916
7 3840 1581
7 3841 1582
7 3842 1581
7 3843 5950
7 3844 1581
7 3845 5949
7 3846 1582
7 3847 1582
7 3848 1583
7 3849 5732
7 3850 1584
7 3851 5733
7 3852 1583
7 3853 5952
7 3854 1582
7 3855 5732
7 3856 5948
7 3857 5732
7 3858 1583
7 3859 5953
7 3860 1584
7 3861 5731
7 3862 5948
7 3863 5731
7 3864 1580
7 3865 1581
7 3866 1580
7 3867 5942
7 3868 1581
7 3869 5939
7 3870 1582
7 3871 1582
7 3872 1581
7 3873 1917
7 3874 1582
7 3875 1918
7 3876 1582
7 3877 5949
7 3878 1581
7 3879 1917
7 3880 5946
7 3881 1919
7 3882 1582
7 3883 5944
7 3884 1583
7 3885 1918
7 3886 5947
7 3887 1918
7 3888 1581
7 3889 1581
7 3890 1582
7 3891 5731
7 3892 1583
7 3893 5730
7 3894 1581
7 3895 1581
7 3896 1582
7 3897 1918
7 3898 1582
7 3899 1918
7 3900 1579
7 3901 5724
7 3902 1579
7 3903 1916
7 3904 5724
7 3905 1896
7 3906 1582
7 3907 5730
7 3908 1582
7 3909 1919
7 3910 5728
7 3911 1898
7 3912 1582
7 3913 5948
7 3914 1583
7 3915 5733
7 3916 5949
7 3917 5732
7 3918 1583
7 3919 5948
7 3920 1582
7 3921 1918
7 3922 5948
7 3923 1920
7 3924 1581
7 3925 5732
7 3926 1581
7 3927 1918
7 3928 5732
7 3929 1897
7 3930 5944
7 3931 5732
7 3932 5945
7 3933 1918
7 3934 5732
7 3935 1899
7 3936 1582
7 3937 5952
7 3938 1584
7 3939 5731
7 3940 5952
7 3941 5731
7 3942 1582
7 3943 5950
7 3944 1584
7 3945 1917
7 3946 5943
7 3947 1919
7 3948 1583
7 3949 5726
7 3950 1583
7 3951 1920
7 3952 5727
7 3953 1897
7 3954 5946
7 3955 5732
7 3956 5945
7 3957 1918
7 3958 5731
7 3959 1898
7 3960 1581
7 3961 1581
7 3962 1583
7 3963 10946
7 3964 1583
7 3965 10941
7 3966 1582
7 3967 1582
7 3968 1584
7 3969 5732
7 3970 1584
7 3971 5733
7 3972 1582
7 3973 10940
7 3974 1583
7 3975 5729
7 3976 10921
7 3977 5694
7 3978 1583
7 3979 10944
7 3980 1583
7 3981 5728
7 3982 10923
7 3983 5694
7 3984 1582
7 3985 1582
7 3986 1582
7 3987 10946
7 3988 1583
7 3989 10925
7 3990 1581
7 3991 1581
7 3992 1582
7 3993 1917
7 3994 1582
7 3995 1918
7 3996 1583
7 3997 10940
7 3998 1582
7 3999 1918
7 4000 10938
7 4001 1918
7 4002 1584
7 4003 10925
7 4004 1584
7 4005 1919
7 4006 10937
7 4007 1917
7 4008 1581
7 4009 1581
7 4010 1583
7 4011 5731
7 4012 1583
7 4013 5731
7 4014 1580
7 4015 1580
7 4016 1581
7 4017 1917
7 4018 1581
7 4019 1917
7 4020 1581
7 4021 5731
7 4022 1581
7 4023 1918
7 4024 5731
7 4025 1897
7 4026 1582
7 4027 5731
7 4028 1582
7 4029 1918
7 4030 5731
7 4031 1897
7 4032 1579
7 4033 10901
7 4034 1580
7 4035 5727
7 4036 10883
7 4037 5692
7 4038 1580
7 4039 10901
7 4040 1579
7 4041 1916
7 4042 10900
7 4043 1916
7 4044 1579
7 4045 5727
7 4046 1579
7 4047 1916
7 4048 5727
7 4049 1896
7 4050 10880
7 4051 5692
7 4052 10880
7 4053 1894
7 4054 5692
7 4055 1894
7 4056 1582
7 4057 10944
7 4058 1582
7 4059 5728
7 4060 10923
7 4061 5694
7 4062 1582
7 4063 10944
7 4064 1582
7 4065 1919
7 4066 10921
7 4067 1917
7 4068 1582
7 4069 5728
7 4070 1582
7 4071 1919
7 4072 5727
7 4073 1898
7 4074 10880
7 4075 5692
7 4076 10880
7 4077 1894
7 4078 5692
7 4079 1894
7 4080 1579
7 4081 5912
7 4082 1580
7 4083 10923
7 4084 5877
7 4085 10923
7 4086 1580
7 4087 5914
7 4088 1581
7 4089 5727
7 4090 5914
7 4091 5727
7 4092 1581
7 4093 10918
7 4094 1580
7 4095 5728
7 4096 10898
7 4097 5693
7 4098 5875
7 4099 10902
7 4100 5875
7 4101 5690
7 4102 10902
7 4103 5690
7 4104 1580
7 4105 5914
7 4106 1580
7 4107 10923
7 4108 5877
7 4109 10923
7 4110 1581
7 4111 5916
7 4112 1579
7 4113 1916
7 4114 5917
7 4115 1918
7 4116 1581
7 4117 10918
7 4118 1581
7 4119 1917
7 4120 10915
7 4121 1917
7 4122 5878
7 4123 10919
7 4124 5918
7 4125 1916
7 4126 10919
7 4127 1916
7 4128 1581
7 4129 5916
7 4130 1581
7 4131 5730
7 4132 5916
7 4133 5729
7 4134 1580
7 4135 5905
7 4136 1581
7 4137 1917
7 4138 5906
7 4139 1918
7 4140 1579
7 4141 5727
7 4142 1579
7 4143 1916
7 4144 5727
7 4145 1896
7 4146 5914
7 4147 5729
7 4148 5910
7 4149 1917
7 4150 5727
7 4151 1898
7 4152 1579
7 4153 10900
7 4154 1580
7 4155 5727
7 4156 10879
7 4157 5692
7 4158 1580
7 4159 10900
7 4160 1579
7 4161 1916
7 4162 10896
7 4163 1916
7 4164 1579
7 4165 5725
7 4166 1578
7 4167 1915
7 4168 5725
7 4169 1895
7 4170 10857
7 4171 5691
7 4172 10857
7 4173 1893
7 4174 5691
7 4175 1893
7 4176 5834
7 4177 10880
7 4178 5834
7 4179 5689
7 4180 10880
7 4181 5689
7 4182 5834
7 4183 10880
7 4184 5874
7 4185 1893
7 4186 10880
7 4187 1912
7 4188 5874
7 4189 5689
7 4190 5834
7 4191 1912
7 4192 5689
7 4193 1893
7 4194 10880
7 4195 5689
7 4196 10880
7 4197 1893
7 4198 5689
7 4199 1893
7 4200 1578
7 4201 5870
7 4202 1579
7 4203 10900
7 4204 5872
7 4205 10879
7 4206 1579
7 4207 5872
7 4208 1581
7 4209 5687
7 4210 5873
7 4211 5723
7 4212 1581
7 4213 10898
7 4214 1579
7 4215 5723
7 4216 10877
7 4217 5689
7 4218 5873
7 4219 10896
7 4220 5873
7 4221 5688
7 4222 10877
7 4223 5689
7 4224 1579
7 4225 5872
7 4226 1579
7 4227 10900
7 4228 5872
7 4229 10879
7 4230 1580
7 4231 5913
7 4232 1580
7 4233 1892
7 4234 5911
7 4235 1916
7 4236 1581
7 4237 10917
7 4238 1581
7 4239 1913
7 4240 10895
7 4241 1913
7 4242 5874
7 4243 10896
7 4244 5913
7 4245 1915
7 4246 10893
7 4247 1914
7 4248 1580
7 4249 5913
7 4250 1581
7 4251 5726
7 4252 5914
7 4253 5726
7 4254 1579
7 4255 5871
7 4256 1581
7 4257 1913
7 4258 5873
7 4259 1914
7 4260 1580
7 4261 5689
7 4262 1580
7 4263 1915
7 4264 5687
7 4265 1892
7 4266 5910
7 4267 5725
7 4268 5907
7 4269 1914
7 4270 5723
7 4271 1896
7 4272 1580
7 4273 10918
7 4274 1581
7 4275 5724
7 4276 10897
7 4277 5690
7 4278 1581
7 4279 10902
7 4280 1580
7 4281 1916
7 4282 10896
7 4283 1915
7 4284 1580
7 4285 5723
7 4286 1579
7 4287 1916
7 4288 5723
7 4289 1896
7 4290 10857
7 4291 5688
7 4292 10857
7 4293 1892
7 4294 5688
7 4295 1892
7 4296 5832
7 4297 10879
7 4298 5834
7 4299 5687
7 4300 10876
7 4301 5689
7 4302 5834
7 4303 10879
7 4304 5872
7 4305 1892
7 4306 10876
7 4307 1912
7 4308 5872
7 4309 5687
7 4310 5832
7 4311 1912
7 4312 5687
7 4313 1892
7 4314 10857
7 4315 5688
7 4316 10857
7 4317 1892
7 4318 5688
7 4319 1892
7 4320 1578
7 4321 1579
7 4322 1579
7 4323 5906
7 4324 1580
7 4325 5871
7 4326 1579
7 4327 1579
7 4328 1581
7 4329 10900
7 4330 1581
7 4331 10901
7 4332 1581
7 4333 5907
7 4334 1579
7 4335 10901
7 4336 5873
7 4337 10900
7 4338 1580
7 4339 5907
7 4340 1581
7 4341 10900
7 4342 5873
7 4343 10879
7 4344 1579
7 4345 1579
7 4346 1579
7 4347 5908
7 4348 1580
7 4349 5872
7 4350 1581
7 4351 1581
7 4352 1581
7 4353 5687
7 4354 1583
7 4355 5724
7 4356 1582
7 4357 5944
7 4358 1582
7 4359 5726
7 4360 5910
7 4361 5728
7 4362 1583
7 4363 5909
7 4364 1584
7 4365 5726
7 4366 5911
7 4367 5728
7 4368 1581
7 4369 1581
7 4370 1582
7 4371 10918
7 4372 1583
7 4373 10900
7 4374 1579
7 4375 1579
7 4376 1582
7 4377 5727
7 4378 1582
7 4379 5727
7 4380 1581
7 4381 10921
7 4382 1581
7 4383 5726
7 4384 10879
7 4385 5689
7 4386 1582
7 4387 10919
7 4388 1583
7 4389 5725
7 4390 10883
7 4391 5692
7 4392 1581
7 4393 5943
7 4394 1582
7 4395 10940
7 4396 5909
7 4397 10938
7 4398 1582
7 4399 5908
7 4400 1581
7 4401 5725
7 4402 5908
7 4403 5724
7 4404 1581
7 4405 10920
7 4406 1579
7 4407 5726
7 4408 10883
7 4409 5692
7 4410 5873
7 4411 10898
7 4412 5873
7 4413 5688
7 4414 10879
7 4415 5689
7 4416 1580
7 4417 5907
7 4418 1581
7 4419 10917
7 4420 5909
7 4421 10896
7 4422 1581
7 4423 5908
7 4424 1582
7 4425 5688
7 4426 5907
7 4427 5724
7 4428 1582
7 4429 10915
7 4430 1581
7 4431 5724
7 4432 10877
7 4433 5689
7 4434 5873
7 4435 10897
7 4436 5873
7 4437 5688
7 4438 10877
7 4439 5689
7 4440 1579
7 4441 1579
7 4442 1579
7 4443 5908
7 4444 1580
7 4445 5872
7 4446 1579
7 4447 1579
7 4448 1581
7 4449 10900
7 4450 1581
7 4451 10901
7 4452 1581
7 4453 5907
7 4454 1579
7 4455 10901
7 4456 5873
7 4457 10900
7 4458 1580
7 4459 5907
7 4460 1581
7 4461 10900
7 4462 5873
7 4463 10879
7 4464 1580
7 4465 1580
7 4466 1580
7 4467 5918
7 4468 1580
7 4469 5913
7 4470 1580
7 4471 1580
7 4472 1580
7 4473 1892
7 4474 1582
7 4475 1916
7 4476 1583
7 4477 5951
7 4478 1581
7 4479 1916
7 4480 5916
7 4481 1917
7 4482 1582
7 4483 5950
7 4484 1583
7 4485 1917
7 4486 5917
7 4487 1916
7 4488 1581
7 4489 1581
7 4490 1583
7 4491 10918
7 4492 1583
7 4493 10919
7 4494 1581
7 4495 1581
7 4496 1581
7 4497 1914
7 4498 1582
7 4499 1914
7 4500 1582
7 4501 10920
7 4502 1582
7 4503 1916
7 4504 10895
7 4505 1913
7 4506 1583
7 4507 10938
7 4508 1584
7 4509 1916
7 4510 10900
7 4511 1916
7 4512 1583
7 4513 5944
7 4514 1582
7 4515 10940
7 4516 5912
7 4517 10938
7 4518 1584
7 4519 5950
7 4520 1582
7 4521 1918
7 4522 5948
7 4523 1918
7 4524 1583
7 4525 10921
7 4526 1581
7 4527 1916
7 4528 10900
7 4529 1916
7 4530 5876
7 4531 10915
7 4532 5916
7 4533 1915
7 4534 10896
7 4535 1915
7 4536 1582
7 4537 5911
7 4538 1582
7 4539 10917
7 4540 5909
7 4541 10896
7 4542 1583
7 4543 5952
7 4544 1583
7 4545 1915
7 4546 5948
7 4547 1918
7 4548 1584
7 4549 10936
7 4550 1583
7 4551 1918
7 4552 10896
7 4553 1915
7 4554 5878
7 4555 10912
7 4556 5914
7 4557 1915
7 4558 10893
7 4559 1914
7 4560 1580
7 4561 1580
7 4562 1580
7 4563 5918
7 4564 1580
7 4565 5913
7 4566 1581
7 4567 1581
7 4568 1583
7 4569 5729
7 4570 1584
7 4571 5731
7 4572 1583
7 4573 5951
7 4574 1582
7 4575 5731
7 4576 5916
7 4577 5730
7 4578 1583
7 4579 5951
7 4580 1584
7 4581 5730
7 4582 5916
7 4583 5729
7 4584 1579
7 4585 1579
7 4586 1579
7 4587 5908
7 4588 1580
7 4589 5871
7 4590 1581
7 4591 1581
7 4592 1581
7 4593 1913
7 4594 1582
7 4595 1916
7 4596 1582
7 4597 5946
7 4598 1581
7 4599 1914
7 4600 5913
7 4601 1917
7 4602 1582
7 4603 5909
7 4604 1583
7 4605 1917
7 4606 5913
7 4607 1916
7 4608 1580
7 4609 1580
7 4610 1582
7 4611 5728
7 4612 1583
7 4613 5728
7 4614 1580
7 4615 1580
7 4616 1582
7 4617 1916
7 4618 1582
7 4619 1917
7 4620 1580
7 4621 5689
7 4622 1580
7 4623 1915
7 4624 5687
7 4625 1892
7 4626 1582
7 4627 5727
7 4628 1582
7 4629 1919
7 4630 5724
7 4631 1896
7 4632 1582
7 4633 5947
7 4634 1583
7 4635 5730
7 4636 5950
7 4637 5731
7 4638 1583
7 4639 5946
7 4640 1582
7 4641 1916
7 4642 5945
7 4643 1917
7 4644 1581
7 4645 5728
7 4646 1581
7 4647 1918
7 4648 5726
7 4649 1896
7 4650 5912
7 4651 5729
7 4652 5913
7 4653 1915
7 4654 5728
7 4655 1897
7 4656 1582
7 4657 5950
7 4658 1584
7 4659 5730
7 4660 5951
7 4661 5730
7 4662 1582
7 4663 5948
7 4664 1584
7 4665 1917
7 4666 5909
7 4667 1918
7 4668 1583
7 4669 5726
7 4670 1583
7 4671 1920
7 4672 5726
7 4673 1897
7 4674 5915
7 4675 5730
7 4676 5914
7 4677 1917
7 4678 5728
7 4679 1896
7 4680 1580
7 4681 1580
7 4682 1583
7 4683 10923
7 4684 1583
7 4685 10918
7 4686 1581
7 4687 1581
7 4688 1584
7 4689 5728
7 4690 1584
7 4691 5731
7 4692 1582
7 4693 10938
7 4694 1583
7 4695 5727
7 4696 10898
7 4697 5693
7 4698 1582
7 4699 10940
7 4700 1583
7 4701 5726
7 4702 10902
7 4703 5693
7 4704 1581
7 4705 1581
7 4706 1582
7 4707 10923
7 4708 1583
7 4709 10902
7 4710 1580
7 4711 1580
7 4712 1582
7 4713 1916
7 4714 1582
7 4715 1917
7 4716 1583
7 4717 10938
7 4718 1582
7 4719 1918
7 4720 10915
7 4721 1917
7 4722 1584
7 4723 10921
7 4724 1584
7 4725 1918
7 4726 10916
7 4727 1916
7 4728 1580
7 4729 1580
7 4730 1583
7 4731 5730
7 4732 1583
7 4733 5729
7 4734 1579
7 4735 1579
7 4736 1581
7 4737 1916
7 4738 1581
7 4739 1916
7 4740 1581
7 4741 5726
7 4742 1581
7 4743 1918
7 4744 5727
7 4745 1896
7 4746 1582
7 4747 5728
7 4748 1582
7 4749 1918
7 4750 5727
7 4751 1896
7 4752 1580
7 4753 10923
7 4754 1581
7 4755 5727
7 4756 10900
7 4757 5690
7 4758 1581
7 4759 10923
7 4760 1580
7 4761 1917
7 4762 10917
7 4763 1916
7 4764 1580
7 4765 5727
7 4766 1580
7 4767 1917
7 4768 5726
7 4769 1897
7 4770 10857
7 4771 5688
7 4772 10857
7 4773 1892
7 4774 5688
7 4775 1892
7 4776 1581
7 4777 10943
7 4778 1582
7 4779 5726
7 4780 10921
7 4781 5694
7 4782 1582
7 4783 10943
7 4784 1582
7 4785 1918
7 4786 10919
7 4787 1917
7 4788 1582
7 4789 5726
7 4790 1582
7 4791 1919
7 4792 5725
7 4793 1897
7 4794 10880
7 4795 5692
7 4796 10880
7 4797 1894
7 4798 5692
7 4799 1894
7 4800 1580
7 4801 5940
7 4802 1581
7 4803 10946
7 4804 5909
7 4805 10946
7 4806 1581
7 4807 5942
7 4808 1582
7 4809 5725
7 4810 5942
7 4811 5728
7 4812 1582
7 4813 10941
7 4814 1581
7 4815 5729
7 4816 10921
7 4817 5694
7 4818 5905
7 4819 10919
7 4820 5907
7 4821 5689
7 4822 10917
7 4823 5691
7 4824 1581
7 4825 5940
7 4826 1581
7 4827 10946
7 4828 5906
7 4829 10946
7 4830 1582
7 4831 5945
7 4832 1580
7 4833 1917
7 4834 5946
7 4835 1919
7 4836 1582
7 4837 10941
7 4838 1582
7 4839 1918
7 4840 10938
7 4841 1918
7 4842 5907
7 4843 10936
7 4844 5945
7 4845 1916
7 4846 10934
7 4847 1917
7 4848 1582
7 4849 5945
7 4850 1582
7 4851 5730
7 4852 5946
7 4853 5728
7 4854 1581
7 4855 5903
7 4856 1582
7 4857 1917
7 4858 5904
7 4859 1918
7 4860 1580
7 4861 5725
7 4862 1580
7 4863 1917
7 4864 5725
7 4865 1897
7 4866 5944
7 4867 5728
7 4868 5940
7 4869 1917
7 4870 5724
7 4871 1897
7 4872 1580
7 4873 10923
7 4874 1581
7 4875 5728
7 4876 10902
7 4877 5693
7 4878 1581
7 4879 10923
7 4880 1580
7 4881 1917
7 4882 10919
7 4883 1917
7 4884 1580
7 4885 5726
7 4886 1579
7 4887 1916
7 4888 5726
7 4889 1896
7 4890 10880
7 4891 5692
7 4892 10880
7 4893 1894
7 4894 5692
7 4895 1894
7 4896 5832
7 4897 10879
7 4898 5834
7 4899 5687
7 4900 10876
7 4901 5689
7 4902 5834
7 4903 10879
7 4904 5872
7 4905 1892
7 4906 10876
7 4907 1912
7 4908 5872
7 4909 5687
7 4910 5832
7 4911 1912
7 4912 5687
7 4913 1892
7 4914 10857
7 4915 5688
7 4916 10857
7 4917 1892
7 4918 5688
7 4919 1892
7 4920 1578
7 4921 5870
7 4922 1579
7 4923 10900
7 4924 5872
7 4925 10879
7 4926 1579
7 4927 5872
7 4928 1581
7 4929 5687
7 4930 5873
7 4931 5723
7 4932 1581
7 4933 10898
7 4934 1579
7 4935 5723
7 4936 10877
7 4937 5689
7 4938 5873
7 4939 10896
7 4940 5873
7 4941 5688
7 4942 10877
7 4943 5689
7 4944 1579
7 4945 5872
7 4946 1579
7 4947 10900
7 4948 5872
7 4949 10879
7 4950 1580
7 4951 5913
7 4952 1580
7 4953 1892
7 4954 5911
7 4955 1916
7 4956 1581
7 4957 10917
7 4958 1581
7 4959 1913
7 4960 10895
7 4961 1913
7 4962 5874
7 4963 10896
7 4964 5913
7 4965 1915
7 4966 10893
7 4967 1914
7 4968 1580
7 4969 5913
7 4970 1581
7 4971 5726
7 4972 5914
7 4973 5726
7 4974 1579
7 4975 5871
7 4976 1581
7 4977 1913
7 4978 5873
7 4979 1914
7 4980 1580
7 4981 5689
7 4982 1580
7 4983 1915
7 4984 5687
7 4985 1892
7 4986 5910
7 4987 5725
7 4988 5907
7 4989 1914
7 4990 5723
7 4991 1896
7 4992 1580
7 4993 10918
7 4994 1581
7 4995 5724
7 4996 10897
7 4997 5690
7 4998 1581
7 4999 10902
7 5000 1580
7 5001 1916
7 5002 10896
7 5003 1915
7 5004 1580
7 5005 5723
7 5006 1579
7 5007 1916
7 5008 5723
7 5009 1896
7 5010 10857
7 5011 5688
7 5012 10857
7 5013 1892
7 5014 5688
7 5015 1892
7 5016 5832
7 5017 10879
7 5018 5834
7 5019 5687
7 5020 10876
7 5021 5689
7 5022 5834
7 5023 10879
7 5024 5872
7 5025 1892
7 5026 10876
7 5027 1912
7 5028 5872
7 5029 5687
7 5030 5832
7 5031 1912
7 5032 5687
7 5033 1892
7 5034 10857
7 5035 5688
7 5036 10857
7 5037 1892
7 5038 5688
7 5039 1892
