3 0 5040
3 1 5040
3 2 5013
3 3 4743
3 4 4956
3 5 4743
4 0 5013
4 1 4956
4 2 5013
4 3 4743
4 4 4956
4 5 4743
4 6 3531
4 7 3864
4 8 3576
4 9 2279
4 10 3942
4 11 2300
4 12 3576
4 13 2944
4 14 3531
4 15 2300
4 16 2939
4 17 2279
4 18 3864
4 19 2944
4 20 3942
4 21 2278
4 22 2939
4 23 2279
5 0 3531
5 1 3864
5 2 3520
5 3 2944
5 4 3942
5 5 2939
5 6 3531
5 7 3864
5 8 3576
5 9 2279
5 10 3942
5 11 2300
5 12 3576
5 13 2944
5 14 3531
5 15 2300
5 16 2939
5 17 2279
5 18 3864
5 19 2944
5 20 3942
5 21 2278
5 22 2939
5 23 2279
5 24 874
5 25 1608
5 26 873
5 27 1081
5 28 1616
5 29 1081
5 30 877
5 31 1608
5 32 894
5 33 458
5 34 1624
5 35 459
5 36 892
5 37 1099
5 38 893
5 39 459
5 40 1099
5 41 460
5 42 1632
5 43 1100
5 44 1632
5 45 460
5 46 1117
5 47 459
5 48 877
5 49 1608
5 50 893
5 51 461
5 52 1624
5 53 460
5 54 874
5 55 1608
5 56 894
5 57 459
5 58 1624
5 59 459
5 60 895
5 61 460
5 62 895
5 63 460
5 64 458
5 65 458
5 66 1616
5 67 461
5 68 1624
5 69 460
5 70 459
5 71 459
5 72 896
5 73 1102
5 74 894
5 75 462
5 76 1100
5 77 461
5 78 896
5 79 1101
5 80 894
5 81 460
5 82 1118
5 83 460
5 84 892
5 85 461
5 86 874
5 87 459
5 88 459
5 89 459
5 90 1081
5 91 459
5 92 1100
5 93 458
5 94 458
5 95 458
5 96 1608
5 97 1082
5 98 1616
5 99 460
5 100 1099
5 101 459
5 102 1616
5 103 1082
5 104 1616
5 105 458
5 106 1099
5 107 460
5 108 1616
5 109 460
5 110 1616
5 111 460
5 112 458
5 113 458
5 114 1081
5 115 459
5 116 1100
5 117 458
5 118 458
5 119 458
6 0 874
6 1 1608
6 2 873
6 3 1081
6 4 1616
6 5 1081
6 6 874
6 7 1608
6 8 892
6 9 459
6 10 1624
6 11 460
6 12 892
6 13 1098
6 14 873
6 15 460
6 16 1099
6 17 459
6 18 1616
6 19 1100
6 20 1624
6 21 459
6 22 1098
6 23 458
6 24 874
6 25 1608
6 26 873
6 27 1081
6 28 1616
6 29 1081
6 30 877
6 31 1608
6 32 894
6 33 458
6 34 1624
6 35 459
6 36 892
6 37 1099
6 38 893
6 39 459
6 40 1099
6 41 460
6 42 1632
6 43 1100
6 44 1632
6 45 460
6 46 1117
6 47 459
6 48 877
6 49 1608
6 50 893
6 51 461
6 52 1624
6 53 460
6 54 874
6 55 1608
6 56 894
6 57 459
6 58 1624
6 59 459
6 60 895
6 61 460
6 62 895
6 63 460
6 64 458
6 65 458
6 66 1616
6 67 461
6 68 1624
6 69 460
6 70 459
6 71 459
6 72 896
6 73 1102
6 74 894
6 75 462
6 76 1100
6 77 461
6 78 896
6 79 1101
6 80 894
6 81 460
6 82 1118
6 83 460
6 84 892
6 85 461
6 86 874
6 87 459
6 88 459
6 89 459
6 90 1081
6 91 459
6 92 1100
6 93 458
6 94 458
6 95 458
6 96 1608
6 97 1082
6 98 1616
6 99 460
6 100 1099
6 101 459
6 102 1616
6 103 1082
6 104 1616
6 105 458
6 106 1099
6 107 460
6 108 1616
6 109 460
6 110 1616
6 111 460
6 112 458
6 113 458
6 114 1081
6 115 459
6 116 1100
6 117 458
6 118 458
6 119 458
6 120 66
6 121 254
6 122 66
6 123 247
6 124 254
6 125 247
6 126 66
6 127 254
6 128 67
6 129 37
6 130 254
6 131 37
6 132 67
6 133 248
6 134 66
6 135 37
6 136 248
6 137 37
6 138 254
6 139 248
6 140 254
6 141 37
6 142 248
6 143 37
6 144 66
6 145 254
6 146 66
6 147 247
6 148 254
6 149 247
6 150 66
6 151 254
6 152 67
6 153 37
6 154 254
6 155 37
6 156 67
6 157 249
6 158 67
6 159 37
6 160 249
6 161 37
6 162 254
6 163 248
6 164 254
6 165 37
6 166 249
6 167 37
6 168 66
6 169 254
6 170 67
6 171 37
6 172 254
6 173 37
6 174 66
6 175 254
6 176 67
6 177 37
6 178 254
6 179 37
6 180 67
6 181 37
6 182 67
6 183 37
6 184 37
6 185 37
6 186 254
6 187 37
6 188 254
6 189 37
6 190 37
6 191 37
6 192 67
6 193 250
6 194 67
6 195 37
6 196 250
6 197 37
6 198 67
6 199 250
6 200 67
6 201 37
6 202 250
6 203 37
6 204 67
6 205 37
6 206 67
6 207 37
6 208 37
6 209 37
6 210 250
6 211 37
6 212 250
6 213 37
6 214 37
6 215 37
6 216 254
6 217 249
6 218 254
6 219 37
6 220 249
6 221 37
6 222 254
6 223 249
6 224 254
6 225 37
6 226 250
6 227 37
6 228 254
6 229 37
6 230 254
6 231 37
6 232 37
6 233 37
6 234 250
6 235 37
6 236 250
6 237 37
6 238 37
6 239 37
6 240 66
6 241 254
6 242 66
6 243 247
6 244 254
6 245 247
6 246 66
6 247 254
6 248 67
6 249 37
6 250 254
6 251 37
6 252 67
6 253 249
6 254 67
6 255 37
6 256 250
6 257 37
6 258 254
6 259 249
6 260 254
6 261 37
6 262 250
6 263 37
6 264 66
6 265 254
6 266 66
6 267 247
6 268 254
6 269 247
6 270 66
6 271 254
6 272 67
6 273 37
6 274 254
6 275 37
6 276 67
6 277 249
6 278 67
6 279 37
6 280 249
6 281 37
6 282 254
6 283 248
6 284 254
6 285 37
6 286 249
6 287 37
6 288 66
6 289 254
6 290 67
6 291 37
6 292 254
6 293 37
6 294 66
6 295 254
6 296 67
6 297 37
6 298 254
6 299 37
6 300 67
6 301 37
6 302 67
6 303 37
6 304 37
6 305 37
6 306 254
6 307 37
6 308 254
6 309 37
6 310 37
6 311 37
6 312 67
6 313 249
6 314 67
6 315 37
6 316 249
6 317 37
6 318 67
6 319 249
6 320 67
6 321 37
6 322 250
6 323 37
6 324 67
6 325 37
6 326 67
6 327 37
6 328 37
6 329 37
6 330 248
6 331 37
6 332 249
6 333 37
6 334 37
6 335 37
6 336 254
6 337 248
6 338 254
6 339 37
6 340 250
6 341 37
6 342 254
6 343 248
6 344 254
6 345 37
6 346 250
6 347 37
6 348 254
6 349 37
6 350 254
6 351 37
6 352 37
6 353 37
6 354 249
6 355 37
6 356 249
6 357 37
6 358 37
6 359 37
6 360 66
6 361 254
6 362 67
6 363 37
6 364 254
6 365 37
6 366 66
6 367 254
6 368 67
6 369 37
6 370 254
6 371 37
6 372 67
6 373 37
6 374 67
6 375 37
6 376 37
6 377 37
6 378 254
6 379 37
6 380 254
6 381 37
6 382 37
6 383 37
6 384 66
6 385 254
6 386 67
6 387 37
6 388 254
6 389 37
6 390 66
6 391 254
6 392 67
6 393 37
6 394 254
6 395 37
6 396 67
6 397 37
6 398 67
6 399 37
6 400 37
6 401 37
6 402 254
6 403 37
6 404 254
6 405 37
6 406 37
6 407 37
6 408 66
6 409 254
6 410 67
6 411 37
6 412 254
6 413 37
6 414 66
6 415 254
6 416 67
6 417 37
6 418 254
6 419 37
6 420 67
6 421 37
6 422 67
6 423 37
6 424 37
6 425 37
6 426 254
6 427 37
6 428 254
6 429 37
6 430 37
6 431 37
6 432 67
6 433 37
6 434 67
6 435 37
6 436 37
6 437 37
6 438 67
6 439 37
6 440 67
6 441 37
6 442 37
6 443 37
6 444 67
6 445 37
6 446 67
6 447 37
6 448 37
6 449 37
6 450 37
6 451 37
6 452 37
6 453 37
6 454 37
6 455 37
6 456 254
6 457 37
6 458 254
6 459 37
6 460 37
6 461 37
6 462 254
6 463 37
6 464 254
6 465 37
6 466 37
6 467 37
6 468 254
6 469 37
6 470 254
6 471 37
6 472 37
6 473 37
6 474 37
6 475 37
6 476 37
6 477 37
6 478 37
6 479 37
6 480 67
6 481 248
6 482 67
6 483 37
6 484 249
6 485 37
6 486 67
6 487 248
6 488 67
6 489 37
6 490 250
6 491 37
6 492 67
6 493 37
6 494 67
6 495 37
6 496 37
6 497 37
6 498 248
6 499 37
6 500 249
6 501 37
6 502 37
6 503 37
6 504 67
6 505 248
6 506 67
6 507 37
6 508 249
6 509 37
6 510 67
6 511 248
6 512 67
6 513 37
6 514 249
6 515 37
6 516 67
6 517 37
6 518 67
6 519 37
6 520 37
6 521 37
6 522 250
6 523 37
6 524 250
6 525 37
6 526 37
6 527 37
6 528 67
6 529 248
6 530 67
6 531 37
6 532 250
6 533 37
6 534 67
6 535 248
6 536 67
6 537 37
6 538 249
6 539 37
6 540 67
6 541 37
6 542 67
6 543 37
6 544 37
6 545 37
6 546 249
6 547 37
6 548 249
6 549 37
6 550 37
6 551 37
6 552 67
6 553 37
6 554 67
6 555 37
6 556 37
6 557 37
6 558 67
6 559 37
6 560 67
6 561 37
6 562 37
6 563 37
6 564 67
6 565 37
6 566 66
6 567 37
6 568 37
6 569 37
6 570 37
6 571 37
6 572 37
6 573 37
6 574 37
6 575 37
6 576 247
6 577 37
6 578 248
6 579 37
6 580 37
6 581 37
6 582 248
6 583 37
6 584 248
6 585 37
6 586 37
6 587 37
6 588 248
6 589 37
6 590 248
6 591 37
6 592 37
6 593 37
6 594 37
6 595 37
6 596 37
6 597 37
6 598 37
6 599 37
6 600 254
6 601 247
6 602 254
6 603 37
6 604 248
6 605 37
6 606 254
6 607 247
6 608 254
6 609 37
6 610 249
6 611 37
6 612 254
6 613 37
6 614 254
6 615 37
6 616 37
6 617 37
6 618 248
6 619 37
6 620 249
6 621 37
6 622 37
6 623 37
6 624 254
6 625 247
6 626 254
6 627 37
6 628 248
6 629 37
6 630 254
6 631 247
6 632 254
6 633 37
6 634 249
6 635 37
6 636 254
6 637 37
6 638 254
6 639 37
6 640 37
6 641 37
6 642 250
6 643 37
6 644 250
6 645 37
6 646 37
6 647 37
6 648 254
6 649 247
6 650 254
6 651 37
6 652 249
6 653 37
6 654 254
6 655 247
6 656 254
6 657 37
6 658 249
6 659 37
6 660 254
6 661 37
6 662 254
6 663 37
6 664 37
6 665 37
6 666 248
6 667 37
6 668 249
6 669 37
6 670 37
6 671 37
6 672 254
6 673 37
6 674 254
6 675 37
6 676 37
6 677 37
6 678 254
6 679 37
6 680 254
6 681 37
6 682 37
6 683 37
6 684 254
6 685 37
6 686 254
6 687 37
6 688 37
6 689 37
6 690 37
6 691 37
6 692 37
6 693 37
6 694 37
6 695 37
6 696 247
6 697 37
6 698 248
6 699 37
6 700 37
6 701 37
6 702 248
6 703 37
6 704 248
6 705 37
6 706 37
6 707 37
6 708 248
6 709 37
6 710 248
6 711 37
6 712 37
6 713 37
6 714 37
6 715 37
6 716 37
6 717 37
6 718 37
6 719 37
7 0 66
7 1 254
7 2 66
7 3 247
7 4 254
7 5 247
7 6 66
7 7 254
7 8 67
7 9 37
7 10 254
7 11 37
7 12 67
7 13 248
7 14 66
7 15 37
7 16 248
7 17 37
7 18 254
7 19 248
7 20 254
7 21 37
7 22 248
7 23 37
7 24 66
7 25 254
7 26 66
7 27 247
7 28 254
7 29 247
7 30 66
7 31 254
7 32 67
7 33 37
7 34 254
7 35 37
7 36 67
7 37 249
7 38 67
7 39 37
7 40 249
7 41 37
7 42 254
7 43 249
7 44 254
7 45 37
7 46 250
7 47 37
7 48 66
7 49 254
7 50 67
7 51 37
7 52 254
7 53 37
7 54 66
7 55 254
7 56 67
7 57 37
7 58 254
7 59 37
7 60 67
7 61 37
7 62 67
7 63 37
7 64 37
7 65 37
7 66 254
7 67 37
7 68 254
7 69 37
7 70 37
7 71 37
7 72 67
7 73 249
7 74 67
7 75 37
7 76 249
7 77 37
7 78 67
7 79 249
7 80 67
7 81 37
7 82 250
7 83 37
7 84 67
7 85 37
7 86 66
7 87 37
7 88 37
7 89 37
7 90 248
7 91 37
7 92 249
7 93 37
7 94 37
7 95 37
7 96 254
7 97 248
7 98 254
7 99 37
7 100 249
7 101 37
7 102 254
7 103 248
7 104 254
7 105 37
7 106 249
7 107 37
7 108 254
7 109 37
7 110 254
7 111 37
7 112 37
7 113 37
7 114 248
7 115 37
7 116 249
7 117 37
7 118 37
7 119 37
7 120 66
7 121 254
7 122 66
7 123 247
7 124 254
7 125 247
7 126 66
7 127 254
7 128 67
7 129 37
7 130 254
7 131 37
7 132 67
7 133 248
7 134 66
7 135 37
7 136 248
7 137 37
7 138 254
7 139 248
7 140 254
7 141 37
7 142 248
7 143 37
7 144 66
7 145 254
7 146 66
7 147 247
7 148 254
7 149 247
7 150 66
7 151 254
7 152 67
7 153 37
7 154 254
7 155 37
7 156 67
7 157 249
7 158 67
7 159 37
7 160 249
7 161 37
7 162 254
7 163 248
7 164 254
7 165 37
7 166 249
7 167 37
7 168 66
7 169 254
7 170 67
7 171 37
7 172 254
7 173 37
7 174 66
7 175 254
7 176 67
7 177 37
7 178 254
7 179 37
7 180 67
7 181 37
7 182 67
7 183 37
7 184 37
7 185 37
7 186 254
7 187 37
7 188 254
7 189 37
7 190 37
7 191 37
7 192 67
7 193 250
7 194 67
7 195 37
7 196 250
7 197 37
7 198 67
7 199 250
7 200 67
7 201 37
7 202 250
7 203 37
7 204 67
7 205 37
7 206 67
7 207 37
7 208 37
7 209 37
7 210 250
7 211 37
7 212 250
7 213 37
7 214 37
7 215 37
7 216 254
7 217 249
7 218 254
7 219 37
7 220 249
7 221 37
7 222 254
7 223 249
7 224 254
7 225 37
7 226 250
7 227 37
7 228 254
7 229 37
7 230 254
7 231 37
7 232 37
7 233 37
7 234 250
7 235 37
7 236 250
7 237 37
7 238 37
7 239 37
7 240 66
7 241 254
7 242 66
7 243 247
7 244 254
7 245 247
7 246 66
7 247 254
7 248 67
7 249 37
7 250 254
7 251 37
7 252 67
7 253 249
7 254 67
7 255 37
7 256 250
7 257 37
7 258 254
7 259 249
7 260 254
7 261 37
7 262 250
7 263 37
7 264 66
7 265 254
7 266 66
7 267 247
7 268 254
7 269 247
7 270 66
7 271 254
7 272 67
7 273 37
7 274 254
7 275 37
7 276 67
7 277 249
7 278 67
7 279 37
7 280 249
7 281 37
7 282 254
7 283 248
7 284 254
7 285 37
7 286 249
7 287 37
7 288 66
7 289 254
7 290 67
7 291 37
7 292 254
7 293 37
7 294 66
7 295 254
7 296 67
7 297 37
7 298 254
7 299 37
7 300 67
7 301 37
7 302 67
7 303 37
7 304 37
7 305 37
7 306 254
7 307 37
7 308 254
7 309 37
7 310 37
7 311 37
7 312 67
7 313 249
7 314 67
7 315 37
7 316 249
7 317 37
7 318 67
7 319 249
7 320 67
7 321 37
7 322 250
7 323 37
7 324 67
7 325 37
7 326 67
7 327 37
7 328 37
7 329 37
7 330 248
7 331 37
7 332 249
7 333 37
7 334 37
7 335 37
7 336 254
7 337 248
7 338 254
7 339 37
7 340 250
7 341 37
7 342 254
7 343 248
7 344 254
7 345 37
7 346 250
7 347 37
7 348 254
7 349 37
7 350 254
7 351 37
7 352 37
7 353 37
7 354 249
7 355 37
7 356 249
7 357 37
7 358 37
7 359 37
7 360 66
7 361 254
7 362 67
7 363 37
7 364 254
7 365 37
7 366 66
7 367 254
7 368 67
7 369 37
7 370 254
7 371 37
7 372 67
7 373 37
7 374 67
7 375 37
7 376 37
7 377 37
7 378 254
7 379 37
7 380 254
7 381 37
7 382 37
7 383 37
7 384 66
7 385 254
7 386 67
7 387 37
7 388 254
7 389 37
7 390 66
7 391 254
7 392 67
7 393 37
7 394 254
7 395 37
7 396 67
7 397 37
7 398 67
7 399 37
7 400 37
7 401 37
7 402 254
7 403 37
7 404 254
7 405 37
7 406 37
7 407 37
7 408 66
7 409 254
7 410 67
7 411 37
7 412 254
7 413 37
7 414 66
7 415 254
7 416 67
7 417 37
7 418 254
7 419 37
7 420 67
7 421 37
7 422 67
7 423 37
7 424 37
7 425 37
7 426 254
7 427 37
7 428 254
7 429 37
7 430 37
7 431 37
7 432 67
7 433 37
7 434 67
7 435 37
7 436 37
7 437 37
7 438 67
7 439 37
7 440 67
7 441 37
7 442 37
7 443 37
7 444 67
7 445 37
7 446 67
7 447 37
7 448 37
7 449 37
7 450 37
7 451 37
7 452 37
7 453 37
7 454 37
7 455 37
7 456 254
7 457 37
7 458 254
7 459 37
7 460 37
7 461 37
7 462 254
7 463 37
7 464 254
7 465 37
7 466 37
7 467 37
7 468 254
7 469 37
7 470 254
7 471 37
7 472 37
7 473 37
7 474 37
7 475 37
7 476 37
7 477 37
7 478 37
7 479 37
7 480 67
7 481 248
7 482 67
7 483 37
7 484 249
7 485 37
7 486 67
7 487 248
7 488 67
7 489 37
7 490 250
7 491 37
7 492 67
7 493 37
7 494 67
7 495 37
7 496 37
7 497 37
7 498 248
7 499 37
7 500 249
7 501 37
7 502 37
7 503 37
7 504 67
7 505 248
7 506 67
7 507 37
7 508 249
7 509 37
7 510 67
7 511 248
7 512 67
7 513 37
7 514 249
7 515 37
7 516 67
7 517 37
7 518 67
7 519 37
7 520 37
7 521 37
7 522 250
7 523 37
7 524 250
7 525 37
7 526 37
7 527 37
7 528 67
7 529 248
7 530 67
7 531 37
7 532 250
7 533 37
7 534 67
7 535 248
7 536 67
7 537 37
7 538 249
7 539 37
7 540 67
7 541 37
7 542 67
7 543 37
7 544 37
7 545 37
7 546 249
7 547 37
7 548 249
7 549 37
7 550 37
7 551 37
7 552 67
7 553 37
7 554 67
7 555 37
7 556 37
7 557 37
7 558 67
7 559 37
7 560 67
7 561 37
7 562 37
7 563 37
7 564 67
7 565 37
7 566 66
7 567 37
7 568 37
7 569 37
7 570 37
7 571 37
7 572 37
7 573 37
7 574 37
7 575 37
7 576 247
7 577 37
7 578 248
7 579 37
7 580 37
7 581 37
7 582 248
7 583 37
7 584 248
7 585 37
7 586 37
7 587 37
7 588 248
7 589 37
7 590 248
7 591 37
7 592 37
7 593 37
7 594 37
7 595 37
7 596 37
7 597 37
7 598 37
7 599 37
7 600 254
7 601 247
7 602 254
7 603 37
7 604 248
7 605 37
7 606 254
7 607 247
7 608 254
7 609 37
7 610 249
7 611 37
7 612 254
7 613 37
7 614 254
7 615 37
7 616 37
7 617 37
7 618 248
7 619 37
7 620 249
7 621 37
7 622 37
7 623 37
7 624 254
7 625 247
7 626 254
7 627 37
7 628 248
7 629 37
7 630 254
7 631 247
7 632 254
7 633 37
7 634 249
7 635 37
7 636 254
7 637 37
7 638 254
7 639 37
7 640 37
7 641 37
7 642 250
7 643 37
7 644 250
7 645 37
7 646 37
7 647 37
7 648 254
7 649 247
7 650 254
7 651 37
7 652 249
7 653 37
7 654 254
7 655 247
7 656 254
7 657 37
7 658 249
7 659 37
7 660 254
7 661 37
7 662 254
7 663 37
7 664 37
7 665 37
7 666 248
7 667 37
7 668 249
7 669 37
7 670 37
7 671 37
7 672 254
7 673 37
7 674 254
7 675 37
7 676 37
7 677 37
7 678 254
7 679 37
7 680 254
7 681 37
7 682 37
7 683 37
7 684 254
7 685 37
7 686 254
7 687 37
7 688 37
7 689 37
7 690 37
7 691 37
7 692 37
7 693 37
7 694 37
7 695 37
7 696 247
7 697 37
7 698 248
7 699 37
7 700 37
7 701 37
7 702 248
7 703 37
7 704 248
7 705 37
7 706 37
7 707 37
7 708 248
7 709 37
7 710 248
7 711 37
7 712 37
7 713 37
7 714 37
7 715 37
7 716 37
7 717 37
7 718 37
7 719 37
7 720 1
7 721 12
7 722 1
7 723 27
7 724 12
7 725 27
7 726 1
7 727 12
7 728 1
7 729 1
7 730 12
7 731 1
7 732 1
7 733 27
7 734 1
7 735 1
7 736 27
7 737 1
7 738 12
7 739 27
7 740 12
7 741 1
7 742 27
7 743 1
7 744 1
7 745 12
7 746 1
7 747 27
7 748 12
7 749 27
7 750 1
7 751 12
7 752 1
7 753 1
7 754 12
7 755 1
7 756 1
7 757 27
7 758 1
7 759 1
7 760 27
7 761 1
7 762 12
7 763 27
7 764 12
7 765 1
7 766 27
7 767 1
7 768 1
7 769 12
7 770 1
7 771 1
7 772 12
7 773 1
7 774 1
7 775 12
7 776 1
7 777 1
7 778 12
7 779 1
7 780 1
7 781 1
7 782 1
7 783 1
7 784 1
7 785 1
7 786 12
7 787 1
7 788 12
7 789 1
7 790 1
7 791 1
7 792 1
7 793 27
7 794 1
7 795 1
7 796 27
7 797 1
7 798 1
7 799 27
7 800 1
7 801 1
7 802 27
7 803 1
7 804 1
7 805 1
7 806 1
7 807 1
7 808 1
7 809 1
7 810 27
7 811 1
7 812 27
7 813 1
7 814 1
7 815 1
7 816 12
7 817 27
7 818 12
7 819 1
7 820 27
7 821 1
7 822 12
7 823 27
7 824 12
7 825 1
7 826 27
7 827 1
7 828 12
7 829 1
7 830 12
7 831 1
7 832 1
7 833 1
7 834 27
7 835 1
7 836 27
7 837 1
7 838 1
7 839 1
7 840 1
7 841 12
7 842 1
7 843 27
7 844 12
7 845 27
7 846 1
7 847 12
7 848 1
7 849 1
7 850 12
7 851 1
7 852 1
7 853 27
7 854 1
7 855 1
7 856 27
7 857 1
7 858 12
7 859 27
7 860 12
7 861 1
7 862 27
7 863 1
7 864 1
7 865 12
7 866 1
7 867 27
7 868 12
7 869 27
7 870 1
7 871 12
7 872 1
7 873 1
7 874 12
7 875 1
7 876 1
7 877 27
7 878 1
7 879 1
7 880 27
7 881 1
7 882 12
7 883 27
7 884 12
7 885 1
7 886 27
7 887 1
7 888 1
7 889 12
7 890 1
7 891 1
7 892 12
7 893 1
7 894 1
7 895 12
7 896 1
7 897 1
7 898 12
7 899 1
7 900 1
7 901 1
7 902 1
7 903 1
7 904 1
7 905 1
7 906 12
7 907 1
7 908 12
7 909 1
7 910 1
7 911 1
7 912 1
7 913 27
7 914 1
7 915 1
7 916 27
7 917 1
7 918 1
7 919 27
7 920 1
7 921 1
7 922 27
7 923 1
7 924 1
7 925 1
7 926 1
7 927 1
7 928 1
7 929 1
7 930 27
7 931 1
7 932 27
7 933 1
7 934 1
7 935 1
7 936 12
7 937 27
7 938 12
7 939 1
7 940 27
7 941 1
7 942 12
7 943 27
7 944 12
7 945 1
7 946 27
7 947 1
7 948 12
7 949 1
7 950 12
7 951 1
7 952 1
7 953 1
7 954 27
7 955 1
7 956 27
7 957 1
7 958 1
7 959 1
7 960 1
7 961 12
7 962 1
7 963 27
7 964 12
7 965 27
7 966 1
7 967 12
7 968 1
7 969 1
7 970 12
7 971 1
7 972 1
7 973 27
7 974 1
7 975 1
7 976 27
7 977 1
7 978 12
7 979 27
7 980 12
7 981 1
7 982 27
7 983 1
7 984 1
7 985 12
7 986 1
7 987 27
7 988 12
7 989 27
7 990 1
7 991 12
7 992 1
7 993 1
7 994 12
7 995 1
7 996 1
7 997 27
7 998 1
7 999 1
7 1000 27
7 1001 1
7 1002 12
7 1003 27
7 1004 12
7 1005 1
7 1006 27
7 1007 1
7 1008 1
7 1009 12
7 1010 1
7 1011 1
7 1012 12
7 1013 1
7 1014 1
7 1015 12
7 1016 1
7 1017 1
7 1018 12
7 1019 1
7 1020 1
7 1021 1
7 1022 1
7 1023 1
7 1024 1
7 1025 1
7 1026 12
7 1027 1
7 1028 12
7 1029 1
7 1030 1
7 1031 1
7 1032 1
7 1033 27
7 1034 1
7 1035 1
7 1036 27
7 1037 1
7 1038 1
7 1039 27
7 1040 1
7 1041 1
7 1042 27
7 1043 1
7 1044 1
7 1045 1
7 1046 1
7 1047 1
7 1048 1
7 1049 1
7 1050 27
7 1051 1
7 1052 27
7 1053 1
7 1054 1
7 1055 1
7 1056 12
7 1057 27
7 1058 12
7 1059 1
7 1060 27
7 1061 1
7 1062 12
7 1063 27
7 1064 12
7 1065 1
7 1066 27
7 1067 1
7 1068 12
7 1069 1
7 1070 12
7 1071 1
7 1072 1
7 1073 1
7 1074 27
7 1075 1
7 1076 27
7 1077 1
7 1078 1
7 1079 1
7 1080 1
7 1081 12
7 1082 1
7 1083 1
7 1084 12
7 1085 1
7 1086 1
7 1087 12
7 1088 1
7 1089 1
7 1090 12
7 1091 1
7 1092 1
7 1093 1
7 1094 1
7 1095 1
7 1096 1
7 1097 1
7 1098 12
7 1099 1
7 1100 12
7 1101 1
7 1102 1
7 1103 1
7 1104 1
7 1105 12
7 1106 1
7 1107 1
7 1108 12
7 1109 1
7 1110 1
7 1111 12
7 1112 1
7 1113 1
7 1114 12
7 1115 1
7 1116 1
7 1117 1
7 1118 1
7 1119 1
7 1120 1
7 1121 1
7 1122 12
7 1123 1
7 1124 12
7 1125 1
7 1126 1
7 1127 1
7 1128 1
7 1129 12
7 1130 1
7 1131 1
7 1132 12
7 1133 1
7 1134 1
7 1135 12
7 1136 1
7 1137 1
7 1138 12
7 1139 1
7 1140 1
7 1141 1
7 1142 1
7 1143 1
7 1144 1
7 1145 1
7 1146 12
7 1147 1
7 1148 12
7 1149 1
7 1150 1
7 1151 1
7 1152 1
7 1153 1
7 1154 1
7 1155 1
7 1156 1
7 1157 1
7 1158 1
7 1159 1
7 1160 1
7 1161 1
7 1162 1
7 1163 1
7 1164 1
7 1165 1
7 1166 1
7 1167 1
7 1168 1
7 1169 1
7 1170 1
7 1171 1
7 1172 1
7 1173 1
7 1174 1
7 1175 1
7 1176 12
7 1177 1
7 1178 12
7 1179 1
7 1180 1
7 1181 1
7 1182 12
7 1183 1
7 1184 12
7 1185 1
7 1186 1
7 1187 1
7 1188 12
7 1189 1
7 1190 12
7 1191 1
7 1192 1
7 1193 1
7 1194 1
7 1195 1
7 1196 1
7 1197 1
7 1198 1
7 1199 1
7 1200 1
7 1201 27
7 1202 1
7 1203 1
7 1204 27
7 1205 1
7 1206 1
7 1207 27
7 1208 1
7 1209 1
7 1210 27
7 1211 1
7 1212 1
7 1213 1
7 1214 1
7 1215 1
7 1216 1
7 1217 1
7 1218 27
7 1219 1
7 1220 27
7 1221 1
7 1222 1
7 1223 1
7 1224 1
7 1225 27
7 1226 1
7 1227 1
7 1228 27
7 1229 1
7 1230 1
7 1231 27
7 1232 1
7 1233 1
7 1234 27
7 1235 1
7 1236 1
7 1237 1
7 1238 1
7 1239 1
7 1240 1
7 1241 1
7 1242 27
7 1243 1
7 1244 27
7 1245 1
7 1246 1
7 1247 1
7 1248 1
7 1249 27
7 1250 1
7 1251 1
7 1252 27
7 1253 1
7 1254 1
7 1255 27
7 1256 1
7 1257 1
7 1258 27
7 1259 1
7 1260 1
7 1261 1
7 1262 1
7 1263 1
7 1264 1
7 1265 1
7 1266 27
7 1267 1
7 1268 27
7 1269 1
7 1270 1
7 1271 1
7 1272 1
7 1273 1
7 1274 1
7 1275 1
7 1276 1
7 1277 1
7 1278 1
7 1279 1
7 1280 1
7 1281 1
7 1282 1
7 1283 1
7 1284 1
7 1285 1
7 1286 1
7 1287 1
7 1288 1
7 1289 1
7 1290 1
7 1291 1
7 1292 1
7 1293 1
7 1294 1
7 1295 1
7 1296 27
7 1297 1
7 1298 27
7 1299 1
7 1300 1
7 1301 1
7 1302 27
7 1303 1
7 1304 27
7 1305 1
7 1306 1
7 1307 1
7 1308 27
7 1309 1
7 1310 27
7 1311 1
7 1312 1
7 1313 1
7 1314 1
7 1315 1
7 1316 1
7 1317 1
7 1318 1
7 1319 1
7 1320 12
7 1321 27
7 1322 12
7 1323 1
7 1324 27
7 1325 1
7 1326 12
7 1327 27
7 1328 12
7 1329 1
7 1330 27
7 1331 1
7 1332 12
7 1333 1
7 1334 12
7 1335 1
7 1336 1
7 1337 1
7 1338 27
7 1339 1
7 1340 27
7 1341 1
7 1342 1
7 1343 1
7 1344 12
7 1345 27
7 1346 12
7 1347 1
7 1348 27
7 1349 1
7 1350 12
7 1351 27
7 1352 12
7 1353 1
7 1354 27
7 1355 1
7 1356 12
7 1357 1
7 1358 12
7 1359 1
7 1360 1
7 1361 1
7 1362 27
7 1363 1
7 1364 27
7 1365 1
7 1366 1
7 1367 1
7 1368 12
7 1369 27
7 1370 12
7 1371 1
7 1372 27
7 1373 1
7 1374 12
7 1375 27
7 1376 12
7 1377 1
7 1378 27
7 1379 1
7 1380 12
7 1381 1
7 1382 12
7 1383 1
7 1384 1
7 1385 1
7 1386 27
7 1387 1
7 1388 27
7 1389 1
7 1390 1
7 1391 1
7 1392 12
7 1393 1
7 1394 12
7 1395 1
7 1396 1
7 1397 1
7 1398 12
7 1399 1
7 1400 12
7 1401 1
7 1402 1
7 1403 1
7 1404 12
7 1405 1
7 1406 12
7 1407 1
7 1408 1
7 1409 1
7 1410 1
7 1411 1
7 1412 1
7 1413 1
7 1414 1
7 1415 1
7 1416 27
7 1417 1
7 1418 27
7 1419 1
7 1420 1
7 1421 1
7 1422 27
7 1423 1
7 1424 27
7 1425 1
7 1426 1
7 1427 1
7 1428 27
7 1429 1
7 1430 27
7 1431 1
7 1432 1
7 1433 1
7 1434 1
7 1435 1
7 1436 1
7 1437 1
7 1438 1
7 1439 1
7 1440 1
7 1441 12
7 1442 1
7 1443 27
7 1444 12
7 1445 27
7 1446 1
7 1447 12
7 1448 1
7 1449 1
7 1450 12
7 1451 1
7 1452 1
7 1453 27
7 1454 1
7 1455 1
7 1456 27
7 1457 1
7 1458 12
7 1459 27
7 1460 12
7 1461 1
7 1462 27
7 1463 1
7 1464 1
7 1465 12
7 1466 1
7 1467 27
7 1468 12
7 1469 27
7 1470 1
7 1471 12
7 1472 1
7 1473 1
7 1474 12
7 1475 1
7 1476 1
7 1477 27
7 1478 1
7 1479 1
7 1480 27
7 1481 1
7 1482 12
7 1483 27
7 1484 12
7 1485 1
7 1486 27
7 1487 1
7 1488 1
7 1489 12
7 1490 1
7 1491 1
7 1492 12
7 1493 1
7 1494 1
7 1495 12
7 1496 1
7 1497 1
7 1498 12
7 1499 1
7 1500 1
7 1501 1
7 1502 1
7 1503 1
7 1504 1
7 1505 1
7 1506 12
7 1507 1
7 1508 12
7 1509 1
7 1510 1
7 1511 1
7 1512 1
7 1513 27
7 1514 1
7 1515 1
7 1516 27
7 1517 1
7 1518 1
7 1519 27
7 1520 1
7 1521 1
7 1522 27
7 1523 1
7 1524 1
7 1525 1
7 1526 1
7 1527 1
7 1528 1
7 1529 1
7 1530 27
7 1531 1
7 1532 27
7 1533 1
7 1534 1
7 1535 1
7 1536 12
7 1537 27
7 1538 12
7 1539 1
7 1540 27
7 1541 1
7 1542 12
7 1543 27
7 1544 12
7 1545 1
7 1546 27
7 1547 1
7 1548 12
7 1549 1
7 1550 12
7 1551 1
7 1552 1
7 1553 1
7 1554 27
7 1555 1
7 1556 27
7 1557 1
7 1558 1
7 1559 1
7 1560 1
7 1561 12
7 1562 1
7 1563 27
7 1564 12
7 1565 27
7 1566 1
7 1567 12
7 1568 1
7 1569 1
7 1570 12
7 1571 1
7 1572 1
7 1573 27
7 1574 1
7 1575 1
7 1576 27
7 1577 1
7 1578 12
7 1579 27
7 1580 12
7 1581 1
7 1582 27
7 1583 1
7 1584 1
7 1585 12
7 1586 1
7 1587 27
7 1588 12
7 1589 27
7 1590 1
7 1591 12
7 1592 1
7 1593 1
7 1594 12
7 1595 1
7 1596 1
7 1597 27
7 1598 1
7 1599 1
7 1600 27
7 1601 1
7 1602 12
7 1603 27
7 1604 12
7 1605 1
7 1606 27
7 1607 1
7 1608 1
7 1609 12
7 1610 1
7 1611 1
7 1612 12
7 1613 1
7 1614 1
7 1615 12
7 1616 1
7 1617 1
7 1618 12
7 1619 1
7 1620 1
7 1621 1
7 1622 1
7 1623 1
7 1624 1
7 1625 1
7 1626 12
7 1627 1
7 1628 12
7 1629 1
7 1630 1
7 1631 1
7 1632 1
7 1633 27
7 1634 1
7 1635 1
7 1636 27
7 1637 1
7 1638 1
7 1639 27
7 1640 1
7 1641 1
7 1642 27
7 1643 1
7 1644 1
7 1645 1
7 1646 1
7 1647 1
7 1648 1
7 1649 1
7 1650 27
7 1651 1
7 1652 27
7 1653 1
7 1654 1
7 1655 1
7 1656 12
7 1657 27
7 1658 12
7 1659 1
7 1660 27
7 1661 1
7 1662 12
7 1663 27
7 1664 12
7 1665 1
7 1666 27
7 1667 1
7 1668 12
7 1669 1
7 1670 12
7 1671 1
7 1672 1
7 1673 1
7 1674 27
7 1675 1
7 1676 27
7 1677 1
7 1678 1
7 1679 1
7 1680 1
7 1681 12
7 1682 1
7 1683 27
7 1684 12
7 1685 27
7 1686 1
7 1687 12
7 1688 1
7 1689 1
7 1690 12
7 1691 1
7 1692 1
7 1693 27
7 1694 1
7 1695 1
7 1696 27
7 1697 1
7 1698 12
7 1699 27
7 1700 12
7 1701 1
7 1702 27
7 1703 1
7 1704 1
7 1705 12
7 1706 1
7 1707 27
7 1708 12
7 1709 27
7 1710 1
7 1711 12
7 1712 1
7 1713 1
7 1714 12
7 1715 1
7 1716 1
7 1717 27
7 1718 1
7 1719 1
7 1720 27
7 1721 1
7 1722 12
7 1723 27
7 1724 12
7 1725 1
7 1726 27
7 1727 1
7 1728 1
7 1729 12
7 1730 1
7 1731 1
7 1732 12
7 1733 1
7 1734 1
7 1735 12
7 1736 1
7 1737 1
7 1738 12
7 1739 1
7 1740 1
7 1741 1
7 1742 1
7 1743 1
7 1744 1
7 1745 1
7 1746 12
7 1747 1
7 1748 12
7 1749 1
7 1750 1
7 1751 1
7 1752 1
7 1753 27
7 1754 1
7 1755 1
7 1756 27
7 1757 1
7 1758 1
7 1759 27
7 1760 1
7 1761 1
7 1762 27
7 1763 1
7 1764 1
7 1765 1
7 1766 1
7 1767 1
7 1768 1
7 1769 1
7 1770 27
7 1771 1
7 1772 27
7 1773 1
7 1774 1
7 1775 1
7 1776 12
7 1777 27
7 1778 12
7 1779 1
7 1780 27
7 1781 1
7 1782 12
7 1783 27
7 1784 12
7 1785 1
7 1786 27
7 1787 1
7 1788 12
7 1789 1
7 1790 12
7 1791 1
7 1792 1
7 1793 1
7 1794 27
7 1795 1
7 1796 27
7 1797 1
7 1798 1
7 1799 1
7 1800 1
7 1801 12
7 1802 1
7 1803 1
7 1804 12
7 1805 1
7 1806 1
7 1807 12
7 1808 1
7 1809 1
7 1810 12
7 1811 1
7 1812 1
7 1813 1
7 1814 1
7 1815 1
7 1816 1
7 1817 1
7 1818 12
7 1819 1
7 1820 12
7 1821 1
7 1822 1
7 1823 1
7 1824 1
7 1825 12
7 1826 1
7 1827 1
7 1828 12
7 1829 1
7 1830 1
7 1831 12
7 1832 1
7 1833 1
7 1834 12
7 1835 1
7 1836 1
7 1837 1
7 1838 1
7 1839 1
7 1840 1
7 1841 1
7 1842 12
7 1843 1
7 1844 12
7 1845 1
7 1846 1
7 1847 1
7 1848 1
7 1849 12
7 1850 1
7 1851 1
7 1852 12
7 1853 1
7 1854 1
7 1855 12
7 1856 1
7 1857 1
7 1858 12
7 1859 1
7 1860 1
7 1861 1
7 1862 1
7 1863 1
7 1864 1
7 1865 1
7 1866 12
7 1867 1
7 1868 12
7 1869 1
7 1870 1
7 1871 1
7 1872 1
7 1873 1
7 1874 1
7 1875 1
7 1876 1
7 1877 1
7 1878 1
7 1879 1
7 1880 1
7 1881 1
7 1882 1
7 1883 1
7 1884 1
7 1885 1
7 1886 1
7 1887 1
7 1888 1
7 1889 1
7 1890 1
7 1891 1
7 1892 1
7 1893 1
7 1894 1
7 1895 1
7 1896 12
7 1897 1
7 1898 12
7 1899 1
7 1900 1
7 1901 1
7 1902 12
7 1903 1
7 1904 12
7 1905 1
7 1906 1
7 1907 1
7 1908 12
7 1909 1
7 1910 12
7 1911 1
7 1912 1
7 1913 1
7 1914 1
7 1915 1
7 1916 1
7 1917 1
7 1918 1
7 1919 1
7 1920 1
7 1921 27
7 1922 1
7 1923 1
7 1924 27
7 1925 1
7 1926 1
7 1927 27
7 1928 1
7 1929 1
7 1930 27
7 1931 1
7 1932 1
7 1933 1
7 1934 1
7 1935 1
7 1936 1
7 1937 1
7 1938 27
7 1939 1
7 1940 27
7 1941 1
7 1942 1
7 1943 1
7 1944 1
7 1945 27
7 1946 1
7 1947 1
7 1948 27
7 1949 1
7 1950 1
7 1951 27
7 1952 1
7 1953 1
7 1954 27
7 1955 1
7 1956 1
7 1957 1
7 1958 1
7 1959 1
7 1960 1
7 1961 1
7 1962 27
7 1963 1
7 1964 27
7 1965 1
7 1966 1
7 1967 1
7 1968 1
7 1969 27
7 1970 1
7 1971 1
7 1972 27
7 1973 1
7 1974 1
7 1975 27
7 1976 1
7 1977 1
7 1978 27
7 1979 1
7 1980 1
7 1981 1
7 1982 1
7 1983 1
7 1984 1
7 1985 1
7 1986 27
7 1987 1
7 1988 27
7 1989 1
7 1990 1
7 1991 1
7 1992 1
7 1993 1
7 1994 1
7 1995 1
7 1996 1
7 1997 1
7 1998 1
7 1999 1
7 2000 1
7 2001 1
7 2002 1
7 2003 1
7 2004 1
7 2005 1
7 2006 1
7 2007 1
7 2008 1
7 2009 1
7 2010 1
7 2011 1
7 2012 1
7 2013 1
7 2014 1
7 2015 1
7 2016 27
7 2017 1
7 2018 27
7 2019 1
7 2020 1
7 2021 1
7 2022 27
7 2023 1
7 2024 27
7 2025 1
7 2026 1
7 2027 1
7 2028 27
7 2029 1
7 2030 27
7 2031 1
7 2032 1
7 2033 1
7 2034 1
7 2035 1
7 2036 1
7 2037 1
7 2038 1
7 2039 1
7 2040 12
7 2041 27
7 2042 12
7 2043 1
7 2044 27
7 2045 1
7 2046 12
7 2047 27
7 2048 12
7 2049 1
7 2050 27
7 2051 1
7 2052 12
7 2053 1
7 2054 12
7 2055 1
7 2056 1
7 2057 1
7 2058 27
7 2059 1
7 2060 27
7 2061 1
7 2062 1
7 2063 1
7 2064 12
7 2065 27
7 2066 12
7 2067 1
7 2068 27
7 2069 1
7 2070 12
7 2071 27
7 2072 12
7 2073 1
7 2074 27
7 2075 1
7 2076 12
7 2077 1
7 2078 12
7 2079 1
7 2080 1
7 2081 1
7 2082 27
7 2083 1
7 2084 27
7 2085 1
7 2086 1
7 2087 1
7 2088 12
7 2089 27
7 2090 12
7 2091 1
7 2092 27
7 2093 1
7 2094 12
7 2095 27
7 2096 12
7 2097 1
7 2098 27
7 2099 1
7 2100 12
7 2101 1
7 2102 12
7 2103 1
7 2104 1
7 2105 1
7 2106 27
7 2107 1
7 2108 27
7 2109 1
7 2110 1
7 2111 1
7 2112 12
7 2113 1
7 2114 12
7 2115 1
7 2116 1
7 2117 1
7 2118 12
7 2119 1
7 2120 12
7 2121 1
7 2122 1
7 2123 1
7 2124 12
7 2125 1
7 2126 12
7 2127 1
7 2128 1
7 2129 1
7 2130 1
7 2131 1
7 2132 1
7 2133 1
7 2134 1
7 2135 1
7 2136 27
7 2137 1
7 2138 27
7 2139 1
7 2140 1
7 2141 1
7 2142 27
7 2143 1
7 2144 27
7 2145 1
7 2146 1
7 2147 1
7 2148 27
7 2149 1
7 2150 27
7 2151 1
7 2152 1
7 2153 1
7 2154 1
7 2155 1
7 2156 1
7 2157 1
7 2158 1
7 2159 1
7 2160 1
7 2161 12
7 2162 1
7 2163 27
7 2164 12
7 2165 27
7 2166 1
7 2167 12
7 2168 1
7 2169 1
7 2170 12
7 2171 1
7 2172 1
7 2173 27
7 2174 1
7 2175 1
7 2176 27
7 2177 1
7 2178 12
7 2179 27
7 2180 12
7 2181 1
7 2182 27
7 2183 1
7 2184 1
7 2185 12
7 2186 1
7 2187 27
7 2188 12
7 2189 27
7 2190 1
7 2191 12
7 2192 1
7 2193 1
7 2194 12
7 2195 1
7 2196 1
7 2197 27
7 2198 1
7 2199 1
7 2200 27
7 2201 1
7 2202 12
7 2203 27
7 2204 12
7 2205 1
7 2206 27
7 2207 1
7 2208 1
7 2209 12
7 2210 1
7 2211 1
7 2212 12
7 2213 1
7 2214 1
7 2215 12
7 2216 1
7 2217 1
7 2218 12
7 2219 1
7 2220 1
7 2221 1
7 2222 1
7 2223 1
7 2224 1
7 2225 1
7 2226 12
7 2227 1
7 2228 12
7 2229 1
7 2230 1
7 2231 1
7 2232 1
7 2233 27
7 2234 1
7 2235 1
7 2236 27
7 2237 1
7 2238 1
7 2239 27
7 2240 1
7 2241 1
7 2242 27
7 2243 1
7 2244 1
7 2245 1
7 2246 1
7 2247 1
7 2248 1
7 2249 1
7 2250 27
7 2251 1
7 2252 27
7 2253 1
7 2254 1
7 2255 1
7 2256 12
7 2257 27
7 2258 12
7 2259 1
7 2260 27
7 2261 1
7 2262 12
7 2263 27
7 2264 12
7 2265 1
7 2266 27
7 2267 1
7 2268 12
7 2269 1
7 2270 12
7 2271 1
7 2272 1
7 2273 1
7 2274 27
7 2275 1
7 2276 27
7 2277 1
7 2278 1
7 2279 1
7 2280 1
7 2281 12
7 2282 1
7 2283 27
7 2284 12
7 2285 27
7 2286 1
7 2287 12
7 2288 1
7 2289 1
7 2290 12
7 2291 1
7 2292 1
7 2293 27
7 2294 1
7 2295 1
7 2296 27
7 2297 1
7 2298 12
7 2299 27
7 2300 12
7 2301 1
7 2302 27
7 2303 1
7 2304 1
7 2305 12
7 2306 1
7 2307 27
7 2308 12
7 2309 27
7 2310 1
7 2311 12
7 2312 1
7 2313 1
7 2314 12
7 2315 1
7 2316 1
7 2317 27
7 2318 1
7 2319 1
7 2320 27
7 2321 1
7 2322 12
7 2323 27
7 2324 12
7 2325 1
7 2326 27
7 2327 1
7 2328 1
7 2329 12
7 2330 1
7 2331 1
7 2332 12
7 2333 1
7 2334 1
7 2335 12
7 2336 1
7 2337 1
7 2338 12
7 2339 1
7 2340 1
7 2341 1
7 2342 1
7 2343 1
7 2344 1
7 2345 1
7 2346 12
7 2347 1
7 2348 12
7 2349 1
7 2350 1
7 2351 1
7 2352 1
7 2353 27
7 2354 1
7 2355 1
7 2356 27
7 2357 1
7 2358 1
7 2359 27
7 2360 1
7 2361 1
7 2362 27
7 2363 1
7 2364 1
7 2365 1
7 2366 1
7 2367 1
7 2368 1
7 2369 1
7 2370 27
7 2371 1
7 2372 27
7 2373 1
7 2374 1
7 2375 1
7 2376 12
7 2377 27
7 2378 12
7 2379 1
7 2380 27
7 2381 1
7 2382 12
7 2383 27
7 2384 12
7 2385 1
7 2386 27
7 2387 1
7 2388 12
7 2389 1
7 2390 12
7 2391 1
7 2392 1
7 2393 1
7 2394 27
7 2395 1
7 2396 27
7 2397 1
7 2398 1
7 2399 1
7 2400 1
7 2401 12
7 2402 1
7 2403 27
7 2404 12
7 2405 27
7 2406 1
7 2407 12
7 2408 1
7 2409 1
7 2410 12
7 2411 1
7 2412 1
7 2413 27
7 2414 1
7 2415 1
7 2416 27
7 2417 1
7 2418 12
7 2419 27
7 2420 12
7 2421 1
7 2422 27
7 2423 1
7 2424 1
7 2425 12
7 2426 1
7 2427 27
7 2428 12
7 2429 27
7 2430 1
7 2431 12
7 2432 1
7 2433 1
7 2434 12
7 2435 1
7 2436 1
7 2437 27
7 2438 1
7 2439 1
7 2440 27
7 2441 1
7 2442 12
7 2443 27
7 2444 12
7 2445 1
7 2446 27
7 2447 1
7 2448 1
7 2449 12
7 2450 1
7 2451 1
7 2452 12
7 2453 1
7 2454 1
7 2455 12
7 2456 1
7 2457 1
7 2458 12
7 2459 1
7 2460 1
7 2461 1
7 2462 1
7 2463 1
7 2464 1
7 2465 1
7 2466 12
7 2467 1
7 2468 12
7 2469 1
7 2470 1
7 2471 1
7 2472 1
7 2473 27
7 2474 1
7 2475 1
7 2476 27
7 2477 1
7 2478 1
7 2479 27
7 2480 1
7 2481 1
7 2482 27
7 2483 1
7 2484 1
7 2485 1
7 2486 1
7 2487 1
7 2488 1
7 2489 1
7 2490 27
7 2491 1
7 2492 27
7 2493 1
7 2494 1
7 2495 1
7 2496 12
7 2497 27
7 2498 12
7 2499 1
7 2500 27
7 2501 1
7 2502 12
7 2503 27
7 2504 12
7 2505 1
7 2506 27
7 2507 1
7 2508 12
7 2509 1
7 2510 12
7 2511 1
7 2512 1
7 2513 1
7 2514 27
7 2515 1
7 2516 27
7 2517 1
7 2518 1
7 2519 1
7 2520 1
7 2521 12
7 2522 1
7 2523 1
7 2524 12
7 2525 1
7 2526 1
7 2527 12
7 2528 1
7 2529 1
7 2530 12
7 2531 1
7 2532 1
7 2533 1
7 2534 1
7 2535 1
7 2536 1
7 2537 1
7 2538 12
7 2539 1
7 2540 12
7 2541 1
7 2542 1
7 2543 1
7 2544 1
7 2545 12
7 2546 1
7 2547 1
7 2548 12
7 2549 1
7 2550 1
7 2551 12
7 2552 1
7 2553 1
7 2554 12
7 2555 1
7 2556 1
7 2557 1
7 2558 1
7 2559 1
7 2560 1
7 2561 1
7 2562 12
7 2563 1
7 2564 12
7 2565 1
7 2566 1
7 2567 1
7 2568 1
7 2569 12
7 2570 1
7 2571 1
7 2572 12
7 2573 1
7 2574 1
7 2575 12
7 2576 1
7 2577 1
7 2578 12
7 2579 1
7 2580 1
7 2581 1
7 2582 1
7 2583 1
7 2584 1
7 2585 1
7 2586 12
7 2587 1
7 2588 12
7 2589 1
7 2590 1
7 2591 1
7 2592 1
7 2593 1
7 2594 1
7 2595 1
7 2596 1
7 2597 1
7 2598 1
7 2599 1
7 2600 1
7 2601 1
7 2602 1
7 2603 1
7 2604 1
7 2605 1
7 2606 1
7 2607 1
7 2608 1
7 2609 1
7 2610 1
7 2611 1
7 2612 1
7 2613 1
7 2614 1
7 2615 1
7 2616 12
7 2617 1
7 2618 12
7 2619 1
7 2620 1
7 2621 1
7 2622 12
7 2623 1
7 2624 12
7 2625 1
7 2626 1
7 2627 1
7 2628 12
7 2629 1
7 2630 12
7 2631 1
7 2632 1
7 2633 1
7 2634 1
7 2635 1
7 2636 1
7 2637 1
7 2638 1
7 2639 1
7 2640 1
7 2641 27
7 2642 1
7 2643 1
7 2644 27
7 2645 1
7 2646 1
7 2647 27
7 2648 1
7 2649 1
7 2650 27
7 2651 1
7 2652 1
7 2653 1
7 2654 1
7 2655 1
7 2656 1
7 2657 1
7 2658 27
7 2659 1
7 2660 27
7 2661 1
7 2662 1
7 2663 1
7 2664 1
7 2665 27
7 2666 1
7 2667 1
7 2668 27
7 2669 1
7 2670 1
7 2671 27
7 2672 1
7 2673 1
7 2674 27
7 2675 1
7 2676 1
7 2677 1
7 2678 1
7 2679 1
7 2680 1
7 2681 1
7 2682 27
7 2683 1
7 2684 27
7 2685 1
7 2686 1
7 2687 1
7 2688 1
7 2689 27
7 2690 1
7 2691 1
7 2692 27
7 2693 1
7 2694 1
7 2695 27
7 2696 1
7 2697 1
7 2698 27
7 2699 1
7 2700 1
7 2701 1
7 2702 1
7 2703 1
7 2704 1
7 2705 1
7 2706 27
7 2707 1
7 2708 27
7 2709 1
7 2710 1
7 2711 1
7 2712 1
7 2713 1
7 2714 1
7 2715 1
7 2716 1
7 2717 1
7 2718 1
7 2719 1
7 2720 1
7 2721 1
7 2722 1
7 2723 1
7 2724 1
7 2725 1
7 2726 1
7 2727 1
7 2728 1
7 2729 1
7 2730 1
7 2731 1
7 2732 1
7 2733 1
7 2734 1
7 2735 1
7 2736 27
7 2737 1
7 2738 27
7 2739 1
7 2740 1
7 2741 1
7 2742 27
7 2743 1
7 2744 27
7 2745 1
7 2746 1
7 2747 1
7 2748 27
7 2749 1
7 2750 27
7 2751 1
7 2752 1
7 2753 1
7 2754 1
7 2755 1
7 2756 1
7 2757 1
7 2758 1
7 2759 1
7 2760 12
7 2761 27
7 2762 12
7 2763 1
7 2764 27
7 2765 1
7 2766 12
7 2767 27
7 2768 12
7 2769 1
7 2770 27
7 2771 1
7 2772 12
7 2773 1
7 2774 12
7 2775 1
7 2776 1
7 2777 1
7 2778 27
7 2779 1
7 2780 27
7 2781 1
7 2782 1
7 2783 1
7 2784 12
7 2785 27
7 2786 12
7 2787 1
7 2788 27
7 2789 1
7 2790 12
7 2791 27
7 2792 12
7 2793 1
7 2794 27
7 2795 1
7 2796 12
7 2797 1
7 2798 12
7 2799 1
7 2800 1
7 2801 1
7 2802 27
7 2803 1
7 2804 27
7 2805 1
7 2806 1
7 2807 1
7 2808 12
7 2809 27
7 2810 12
7 2811 1
7 2812 27
7 2813 1
7 2814 12
7 2815 27
7 2816 12
7 2817 1
7 2818 27
7 2819 1
7 2820 12
7 2821 1
7 2822 12
7 2823 1
7 2824 1
7 2825 1
7 2826 27
7 2827 1
7 2828 27
7 2829 1
7 2830 1
7 2831 1
7 2832 12
7 2833 1
7 2834 12
7 2835 1
7 2836 1
7 2837 1
7 2838 12
7 2839 1
7 2840 12
7 2841 1
7 2842 1
7 2843 1
7 2844 12
7 2845 1
7 2846 12
7 2847 1
7 2848 1
7 2849 1
7 2850 1
7 2851 1
7 2852 1
7 2853 1
7 2854 1
7 2855 1
7 2856 27
7 2857 1
7 2858 27
7 2859 1
7 2860 1
7 2861 1
7 2862 27
7 2863 1
7 2864 27
7 2865 1
7 2866 1
7 2867 1
7 2868 27
7 2869 1
7 2870 27
7 2871 1
7 2872 1
7 2873 1
7 2874 1
7 2875 1
7 2876 1
7 2877 1
7 2878 1
7 2879 1
7 2880 1
7 2881 12
7 2882 1
7 2883 1
7 2884 12
7 2885 1
7 2886 1
7 2887 12
7 2888 1
7 2889 1
7 2890 12
7 2891 1
7 2892 1
7 2893 1
7 2894 1
7 2895 1
7 2896 1
7 2897 1
7 2898 12
7 2899 1
7 2900 12
7 2901 1
7 2902 1
7 2903 1
7 2904 1
7 2905 12
7 2906 1
7 2907 1
7 2908 12
7 2909 1
7 2910 1
7 2911 12
7 2912 1
7 2913 1
7 2914 12
7 2915 1
7 2916 1
7 2917 1
7 2918 1
7 2919 1
7 2920 1
7 2921 1
7 2922 12
7 2923 1
7 2924 12
7 2925 1
7 2926 1
7 2927 1
7 2928 1
7 2929 12
7 2930 1
7 2931 1
7 2932 12
7 2933 1
7 2934 1
7 2935 12
7 2936 1
7 2937 1
7 2938 12
7 2939 1
7 2940 1
7 2941 1
7 2942 1
7 2943 1
7 2944 1
7 2945 1
7 2946 12
7 2947 1
7 2948 12
7 2949 1
7 2950 1
7 2951 1
7 2952 1
7 2953 1
7 2954 1
7 2955 1
7 2956 1
7 2957 1
7 2958 1
7 2959 1
7 2960 1
7 2961 1
7 2962 1
7 2963 1
7 2964 1
7 2965 1
7 2966 1
7 2967 1
7 2968 1
7 2969 1
7 2970 1
7 2971 1
7 2972 1
7 2973 1
7 2974 1
7 2975 1
7 2976 12
7 2977 1
7 2978 12
7 2979 1
7 2980 1
7 2981 1
7 2982 12
7 2983 1
7 2984 12
7 2985 1
7 2986 1
7 2987 1
7 2988 12
7 2989 1
7 2990 12
7 2991 1
7 2992 1
7 2993 1
7 2994 1
7 2995 1
7 2996 1
7 2997 1
7 2998 1
7 2999 1
7 3000 1
7 3001 12
7 3002 1
7 3003 1
7 3004 12
7 3005 1
7 3006 1
7 3007 12
7 3008 1
7 3009 1
7 3010 12
7 3011 1
7 3012 1
7 3013 1
7 3014 1
7 3015 1
7 3016 1
7 3017 1
7 3018 12
7 3019 1
7 3020 12
7 3021 1
7 3022 1
7 3023 1
7 3024 1
7 3025 12
7 3026 1
7 3027 1
7 3028 12
7 3029 1
7 3030 1
7 3031 12
7 3032 1
7 3033 1
7 3034 12
7 3035 1
7 3036 1
7 3037 1
7 3038 1
7 3039 1
7 3040 1
7 3041 1
7 3042 12
7 3043 1
7 3044 12
7 3045 1
7 3046 1
7 3047 1
7 3048 1
7 3049 12
7 3050 1
7 3051 1
7 3052 12
7 3053 1
7 3054 1
7 3055 12
7 3056 1
7 3057 1
7 3058 12
7 3059 1
7 3060 1
7 3061 1
7 3062 1
7 3063 1
7 3064 1
7 3065 1
7 3066 12
7 3067 1
7 3068 12
7 3069 1
7 3070 1
7 3071 1
7 3072 1
7 3073 1
7 3074 1
7 3075 1
7 3076 1
7 3077 1
7 3078 1
7 3079 1
7 3080 1
7 3081 1
7 3082 1
7 3083 1
7 3084 1
7 3085 1
7 3086 1
7 3087 1
7 3088 1
7 3089 1
7 3090 1
7 3091 1
7 3092 1
7 3093 1
7 3094 1
7 3095 1
7 3096 12
7 3097 1
7 3098 12
7 3099 1
7 3100 1
7 3101 1
7 3102 12
7 3103 1
7 3104 12
7 3105 1
7 3106 1
7 3107 1
7 3108 12
7 3109 1
7 3110 12
7 3111 1
7 3112 1
7 3113 1
7 3114 1
7 3115 1
7 3116 1
7 3117 1
7 3118 1
7 3119 1
7 3120 1
7 3121 12
7 3122 1
7 3123 1
7 3124 12
7 3125 1
7 3126 1
7 3127 12
7 3128 1
7 3129 1
7 3130 12
7 3131 1
7 3132 1
7 3133 1
7 3134 1
7 3135 1
7 3136 1
7 3137 1
7 3138 12
7 3139 1
7 3140 12
7 3141 1
7 3142 1
7 3143 1
7 3144 1
7 3145 12
7 3146 1
7 3147 1
7 3148 12
7 3149 1
7 3150 1
7 3151 12
7 3152 1
7 3153 1
7 3154 12
7 3155 1
7 3156 1
7 3157 1
7 3158 1
7 3159 1
7 3160 1
7 3161 1
7 3162 12
7 3163 1
7 3164 12
7 3165 1
7 3166 1
7 3167 1
7 3168 1
7 3169 12
7 3170 1
7 3171 1
7 3172 12
7 3173 1
7 3174 1
7 3175 12
7 3176 1
7 3177 1
7 3178 12
7 3179 1
7 3180 1
7 3181 1
7 3182 1
7 3183 1
7 3184 1
7 3185 1
7 3186 12
7 3187 1
7 3188 12
7 3189 1
7 3190 1
7 3191 1
7 3192 1
7 3193 1
7 3194 1
7 3195 1
7 3196 1
7 3197 1
7 3198 1
7 3199 1
7 3200 1
7 3201 1
7 3202 1
7 3203 1
7 3204 1
7 3205 1
7 3206 1
7 3207 1
7 3208 1
7 3209 1
7 3210 1
7 3211 1
7 3212 1
7 3213 1
7 3214 1
7 3215 1
7 3216 12
7 3217 1
7 3218 12
7 3219 1
7 3220 1
7 3221 1
7 3222 12
7 3223 1
7 3224 12
7 3225 1
7 3226 1
7 3227 1
7 3228 12
7 3229 1
7 3230 12
7 3231 1
7 3232 1
7 3233 1
7 3234 1
7 3235 1
7 3236 1
7 3237 1
7 3238 1
7 3239 1
7 3240 1
7 3241 12
7 3242 1
7 3243 1
7 3244 12
7 3245 1
7 3246 1
7 3247 12
7 3248 1
7 3249 1
7 3250 12
7 3251 1
7 3252 1
7 3253 1
7 3254 1
7 3255 1
7 3256 1
7 3257 1
7 3258 12
7 3259 1
7 3260 12
7 3261 1
7 3262 1
7 3263 1
7 3264 1
7 3265 12
7 3266 1
7 3267 1
7 3268 12
7 3269 1
7 3270 1
7 3271 12
7 3272 1
7 3273 1
7 3274 12
7 3275 1
7 3276 1
7 3277 1
7 3278 1
7 3279 1
7 3280 1
7 3281 1
7 3282 12
7 3283 1
7 3284 12
7 3285 1
7 3286 1
7 3287 1
7 3288 1
7 3289 12
7 3290 1
7 3291 1
7 3292 12
7 3293 1
7 3294 1
7 3295 12
7 3296 1
7 3297 1
7 3298 12
7 3299 1
7 3300 1
7 3301 1
7 3302 1
7 3303 1
7 3304 1
7 3305 1
7 3306 12
7 3307 1
7 3308 12
7 3309 1
7 3310 1
7 3311 1
7 3312 1
7 3313 1
7 3314 1
7 3315 1
7 3316 1
7 3317 1
7 3318 1
7 3319 1
7 3320 1
7 3321 1
7 3322 1
7 3323 1
7 3324 1
7 3325 1
7 3326 1
7 3327 1
7 3328 1
7 3329 1
7 3330 1
7 3331 1
7 3332 1
7 3333 1
7 3334 1
7 3335 1
7 3336 12
7 3337 1
7 3338 12
7 3339 1
7 3340 1
7 3341 1
7 3342 12
7 3343 1
7 3344 12
7 3345 1
7 3346 1
7 3347 1
7 3348 12
7 3349 1
7 3350 12
7 3351 1
7 3352 1
7 3353 1
7 3354 1
7 3355 1
7 3356 1
7 3357 1
7 3358 1
7 3359 1
7 3360 1
7 3361 1
7 3362 1
7 3363 1
7 3364 1
7 3365 1
7 3366 1
7 3367 1
7 3368 1
7 3369 1
7 3370 1
7 3371 1
7 3372 1
7 3373 1
7 3374 1
7 3375 1
7 3376 1
7 3377 1
7 3378 1
7 3379 1
7 3380 1
7 3381 1
7 3382 1
7 3383 1
7 3384 1
7 3385 1
7 3386 1
7 3387 1
7 3388 1
7 3389 1
7 3390 1
7 3391 1
7 3392 1
7 3393 1
7 3394 1
7 3395 1
7 3396 1
7 3397 1
7 3398 1
7 3399 1
7 3400 1
7 3401 1
7 3402 1
7 3403 1
7 3404 1
7 3405 1
7 3406 1
7 3407 1
7 3408 1
7 3409 1
7 3410 1
7 3411 1
7 3412 1
7 3413 1
7 3414 1
7 3415 1
7 3416 1
7 3417 1
7 3418 1
7 3419 1
7 3420 1
7 3421 1
7 3422 1
7 3423 1
7 3424 1
7 3425 1
7 3426 1
7 3427 1
7 3428 1
7 3429 1
7 3430 1
7 3431 1
7 3432 1
7 3433 1
7 3434 1
7 3435 1
7 3436 1
7 3437 1
7 3438 1
7 3439 1
7 3440 1
7 3441 1
7 3442 1
7 3443 1
7 3444 1
7 3445 1
7 3446 1
7 3447 1
7 3448 1
7 3449 1
7 3450 1
7 3451 1
7 3452 1
7 3453 1
7 3454 1
7 3455 1
7 3456 1
7 3457 1
7 3458 1
7 3459 1
7 3460 1
7 3461 1
7 3462 1
7 3463 1
7 3464 1
7 3465 1
7 3466 1
7 3467 1
7 3468 1
7 3469 1
7 3470 1
7 3471 1
7 3472 1
7 3473 1
7 3474 1
7 3475 1
7 3476 1
7 3477 1
7 3478 1
7 3479 1
7 3480 12
7 3481 1
7 3482 12
7 3483 1
7 3484 1
7 3485 1
7 3486 12
7 3487 1
7 3488 12
7 3489 1
7 3490 1
7 3491 1
7 3492 12
7 3493 1
7 3494 12
7 3495 1
7 3496 1
7 3497 1
7 3498 1
7 3499 1
7 3500 1
7 3501 1
7 3502 1
7 3503 1
7 3504 12
7 3505 1
7 3506 12
7 3507 1
7 3508 1
7 3509 1
7 3510 12
7 3511 1
7 3512 12
7 3513 1
7 3514 1
7 3515 1
7 3516 12
7 3517 1
7 3518 12
7 3519 1
7 3520 1
7 3521 1
7 3522 1
7 3523 1
7 3524 1
7 3525 1
7 3526 1
7 3527 1
7 3528 12
7 3529 1
7 3530 12
7 3531 1
7 3532 1
7 3533 1
7 3534 12
7 3535 1
7 3536 12
7 3537 1
7 3538 1
7 3539 1
7 3540 12
7 3541 1
7 3542 12
7 3543 1
7 3544 1
7 3545 1
7 3546 1
7 3547 1
7 3548 1
7 3549 1
7 3550 1
7 3551 1
7 3552 12
7 3553 1
7 3554 12
7 3555 1
7 3556 1
7 3557 1
7 3558 12
7 3559 1
7 3560 12
7 3561 1
7 3562 1
7 3563 1
7 3564 12
7 3565 1
7 3566 12
7 3567 1
7 3568 1
7 3569 1
7 3570 1
7 3571 1
7 3572 1
7 3573 1
7 3574 1
7 3575 1
7 3576 1
7 3577 1
7 3578 1
7 3579 1
7 3580 1
7 3581 1
7 3582 1
7 3583 1
7 3584 1
7 3585 1
7 3586 1
7 3587 1
7 3588 1
7 3589 1
7 3590 1
7 3591 1
7 3592 1
7 3593 1
7 3594 1
7 3595 1
7 3596 1
7 3597 1
7 3598 1
7 3599 1
7 3600 1
7 3601 27
7 3602 1
7 3603 1
7 3604 27
7 3605 1
7 3606 1
7 3607 27
7 3608 1
7 3609 1
7 3610 27
7 3611 1
7 3612 1
7 3613 1
7 3614 1
7 3615 1
7 3616 1
7 3617 1
7 3618 27
7 3619 1
7 3620 27
7 3621 1
7 3622 1
7 3623 1
7 3624 1
7 3625 27
7 3626 1
7 3627 1
7 3628 27
7 3629 1
7 3630 1
7 3631 27
7 3632 1
7 3633 1
7 3634 27
7 3635 1
7 3636 1
7 3637 1
7 3638 1
7 3639 1
7 3640 1
7 3641 1
7 3642 27
7 3643 1
7 3644 27
7 3645 1
7 3646 1
7 3647 1
7 3648 1
7 3649 27
7 3650 1
7 3651 1
7 3652 27
7 3653 1
7 3654 1
7 3655 27
7 3656 1
7 3657 1
7 3658 27
7 3659 1
7 3660 1
7 3661 1
7 3662 1
7 3663 1
7 3664 1
7 3665 1
7 3666 27
7 3667 1
7 3668 27
7 3669 1
7 3670 1
7 3671 1
7 3672 1
7 3673 1
7 3674 1
7 3675 1
7 3676 1
7 3677 1
7 3678 1
7 3679 1
7 3680 1
7 3681 1
7 3682 1
7 3683 1
7 3684 1
7 3685 1
7 3686 1
7 3687 1
7 3688 1
7 3689 1
7 3690 1
7 3691 1
7 3692 1
7 3693 1
7 3694 1
7 3695 1
7 3696 27
7 3697 1
7 3698 27
7 3699 1
7 3700 1
7 3701 1
7 3702 27
7 3703 1
7 3704 27
7 3705 1
7 3706 1
7 3707 1
7 3708 27
7 3709 1
7 3710 27
7 3711 1
7 3712 1
7 3713 1
7 3714 1
7 3715 1
7 3716 1
7 3717 1
7 3718 1
7 3719 1
7 3720 1
7 3721 27
7 3722 1
7 3723 1
7 3724 27
7 3725 1
7 3726 1
7 3727 27
7 3728 1
7 3729 1
7 3730 27
7 3731 1
7 3732 1
7 3733 1
7 3734 1
7 3735 1
7 3736 1
7 3737 1
7 3738 27
7 3739 1
7 3740 27
7 3741 1
7 3742 1
7 3743 1
7 3744 1
7 3745 27
7 3746 1
7 3747 1
7 3748 27
7 3749 1
7 3750 1
7 3751 27
7 3752 1
7 3753 1
7 3754 27
7 3755 1
7 3756 1
7 3757 1
7 3758 1
7 3759 1
7 3760 1
7 3761 1
7 3762 27
7 3763 1
7 3764 27
7 3765 1
7 3766 1
7 3767 1
7 3768 1
7 3769 27
7 3770 1
7 3771 1
7 3772 27
7 3773 1
7 3774 1
7 3775 27
7 3776 1
7 3777 1
7 3778 27
7 3779 1
7 3780 1
7 3781 1
7 3782 1
7 3783 1
7 3784 1
7 3785 1
7 3786 27
7 3787 1
7 3788 27
7 3789 1
7 3790 1
7 3791 1
7 3792 1
7 3793 1
7 3794 1
7 3795 1
7 3796 1
7 3797 1
7 3798 1
7 3799 1
7 3800 1
7 3801 1
7 3802 1
7 3803 1
7 3804 1
7 3805 1
7 3806 1
7 3807 1
7 3808 1
7 3809 1
7 3810 1
7 3811 1
7 3812 1
7 3813 1
7 3814 1
7 3815 1
7 3816 27
7 3817 1
7 3818 27
7 3819 1
7 3820 1
7 3821 1
7 3822 27
7 3823 1
7 3824 27
7 3825 1
7 3826 1
7 3827 1
7 3828 27
7 3829 1
7 3830 27
7 3831 1
7 3832 1
7 3833 1
7 3834 1
7 3835 1
7 3836 1
7 3837 1
7 3838 1
7 3839 1
7 3840 1
7 3841 27
7 3842 1
7 3843 1
7 3844 27
7 3845 1
7 3846 1
7 3847 27
7 3848 1
7 3849 1
7 3850 27
7 3851 1
7 3852 1
7 3853 1
7 3854 1
7 3855 1
7 3856 1
7 3857 1
7 3858 27
7 3859 1
7 3860 27
7 3861 1
7 3862 1
7 3863 1
7 3864 1
7 3865 27
7 3866 1
7 3867 1
7 3868 27
7 3869 1
7 3870 1
7 3871 27
7 3872 1
7 3873 1
7 3874 27
7 3875 1
7 3876 1
7 3877 1
7 3878 1
7 3879 1
7 3880 1
7 3881 1
7 3882 27
7 3883 1
7 3884 27
7 3885 1
7 3886 1
7 3887 1
7 3888 1
7 3889 27
7 3890 1
7 3891 1
7 3892 27
7 3893 1
7 3894 1
7 3895 27
7 3896 1
7 3897 1
7 3898 27
7 3899 1
7 3900 1
7 3901 1
7 3902 1
7 3903 1
7 3904 1
7 3905 1
7 3906 27
7 3907 1
7 3908 27
7 3909 1
7 3910 1
7 3911 1
7 3912 1
7 3913 1
7 3914 1
7 3915 1
7 3916 1
7 3917 1
7 3918 1
7 3919 1
7 3920 1
7 3921 1
7 3922 1
7 3923 1
7 3924 1
7 3925 1
7 3926 1
7 3927 1
7 3928 1
7 3929 1
7 3930 1
7 3931 1
7 3932 1
7 3933 1
7 3934 1
7 3935 1
7 3936 27
7 3937 1
7 3938 27
7 3939 1
7 3940 1
7 3941 1
7 3942 27
7 3943 1
7 3944 27
7 3945 1
7 3946 1
7 3947 1
7 3948 27
7 3949 1
7 3950 27
7 3951 1
7 3952 1
7 3953 1
7 3954 1
7 3955 1
7 3956 1
7 3957 1
7 3958 1
7 3959 1
7 3960 1
7 3961 27
7 3962 1
7 3963 1
7 3964 27
7 3965 1
7 3966 1
7 3967 27
7 3968 1
7 3969 1
7 3970 27
7 3971 1
7 3972 1
7 3973 1
7 3974 1
7 3975 1
7 3976 1
7 3977 1
7 3978 27
7 3979 1
7 3980 27
7 3981 1
7 3982 1
7 3983 1
7 3984 1
7 3985 27
7 3986 1
7 3987 1
7 3988 27
7 3989 1
7 3990 1
7 3991 27
7 3992 1
7 3993 1
7 3994 27
7 3995 1
7 3996 1
7 3997 1
7 3998 1
7 3999 1
7 4000 1
7 4001 1
7 4002 27
7 4003 1
7 4004 27
7 4005 1
7 4006 1
7 4007 1
7 4008 1
7 4009 27
7 4010 1
7 4011 1
7 4012 27
7 4013 1
7 4014 1
7 4015 27
7 4016 1
7 4017 1
7 4018 27
7 4019 1
7 4020 1
7 4021 1
7 4022 1
7 4023 1
7 4024 1
7 4025 1
7 4026 27
7 4027 1
7 4028 27
7 4029 1
7 4030 1
7 4031 1
7 4032 1
7 4033 1
7 4034 1
7 4035 1
7 4036 1
7 4037 1
7 4038 1
7 4039 1
7 4040 1
7 4041 1
7 4042 1
7 4043 1
7 4044 1
7 4045 1
7 4046 1
7 4047 1
7 4048 1
7 4049 1
7 4050 1
7 4051 1
7 4052 1
7 4053 1
7 4054 1
7 4055 1
7 4056 27
7 4057 1
7 4058 27
7 4059 1
7 4060 1
7 4061 1
7 4062 27
7 4063 1
7 4064 27
7 4065 1
7 4066 1
7 4067 1
7 4068 27
7 4069 1
7 4070 27
7 4071 1
7 4072 1
7 4073 1
7 4074 1
7 4075 1
7 4076 1
7 4077 1
7 4078 1
7 4079 1
7 4080 1
7 4081 1
7 4082 1
7 4083 1
7 4084 1
7 4085 1
7 4086 1
7 4087 1
7 4088 1
7 4089 1
7 4090 1
7 4091 1
7 4092 1
7 4093 1
7 4094 1
7 4095 1
7 4096 1
7 4097 1
7 4098 1
7 4099 1
7 4100 1
7 4101 1
7 4102 1
7 4103 1
7 4104 1
7 4105 1
7 4106 1
7 4107 1
7 4108 1
7 4109 1
7 4110 1
7 4111 1
7 4112 1
7 4113 1
7 4114 1
7 4115 1
7 4116 1
7 4117 1
7 4118 1
7 4119 1
7 4120 1
7 4121 1
7 4122 1
7 4123 1
7 4124 1
7 4125 1
7 4126 1
7 4127 1
7 4128 1
7 4129 1
7 4130 1
7 4131 1
7 4132 1
7 4133 1
7 4134 1
7 4135 1
7 4136 1
7 4137 1
7 4138 1
7 4139 1
7 4140 1
7 4141 1
7 4142 1
7 4143 1
7 4144 1
7 4145 1
7 4146 1
7 4147 1
7 4148 1
7 4149 1
7 4150 1
7 4151 1
7 4152 1
7 4153 1
7 4154 1
7 4155 1
7 4156 1
7 4157 1
7 4158 1
7 4159 1
7 4160 1
7 4161 1
7 4162 1
7 4163 1
7 4164 1
7 4165 1
7 4166 1
7 4167 1
7 4168 1
7 4169 1
7 4170 1
7 4171 1
7 4172 1
7 4173 1
7 4174 1
7 4175 1
7 4176 1
7 4177 1
7 4178 1
7 4179 1
7 4180 1
7 4181 1
7 4182 1
7 4183 1
7 4184 1
7 4185 1
7 4186 1
7 4187 1
7 4188 1
7 4189 1
7 4190 1
7 4191 1
7 4192 1
7 4193 1
7 4194 1
7 4195 1
7 4196 1
7 4197 1
7 4198 1
7 4199 1
7 4200 27
7 4201 1
7 4202 27
7 4203 1
7 4204 1
7 4205 1
7 4206 27
7 4207 1
7 4208 27
7 4209 1
7 4210 1
7 4211 1
7 4212 27
7 4213 1
7 4214 27
7 4215 1
7 4216 1
7 4217 1
7 4218 1
7 4219 1
7 4220 1
7 4221 1
7 4222 1
7 4223 1
7 4224 27
7 4225 1
7 4226 27
7 4227 1
7 4228 1
7 4229 1
7 4230 27
7 4231 1
7 4232 27
7 4233 1
7 4234 1
7 4235 1
7 4236 27
7 4237 1
7 4238 27
7 4239 1
7 4240 1
7 4241 1
7 4242 1
7 4243 1
7 4244 1
7 4245 1
7 4246 1
7 4247 1
7 4248 27
7 4249 1
7 4250 27
7 4251 1
7 4252 1
7 4253 1
7 4254 27
7 4255 1
7 4256 27
7 4257 1
7 4258 1
7 4259 1
7 4260 27
7 4261 1
7 4262 27
7 4263 1
7 4264 1
7 4265 1
7 4266 1
7 4267 1
7 4268 1
7 4269 1
7 4270 1
7 4271 1
7 4272 27
7 4273 1
7 4274 27
7 4275 1
7 4276 1
7 4277 1
7 4278 27
7 4279 1
7 4280 27
7 4281 1
7 4282 1
7 4283 1
7 4284 27
7 4285 1
7 4286 27
7 4287 1
7 4288 1
7 4289 1
7 4290 1
7 4291 1
7 4292 1
7 4293 1
7 4294 1
7 4295 1
7 4296 1
7 4297 1
7 4298 1
7 4299 1
7 4300 1
7 4301 1
7 4302 1
7 4303 1
7 4304 1
7 4305 1
7 4306 1
7 4307 1
7 4308 1
7 4309 1
7 4310 1
7 4311 1
7 4312 1
7 4313 1
7 4314 1
7 4315 1
7 4316 1
7 4317 1
7 4318 1
7 4319 1
7 4320 12
7 4321 27
7 4322 12
7 4323 1
7 4324 27
7 4325 1
7 4326 12
7 4327 27
7 4328 12
7 4329 1
7 4330 27
7 4331 1
7 4332 12
7 4333 1
7 4334 12
7 4335 1
7 4336 1
7 4337 1
7 4338 27
7 4339 1
7 4340 27
7 4341 1
7 4342 1
7 4343 1
7 4344 12
7 4345 27
7 4346 12
7 4347 1
7 4348 27
7 4349 1
7 4350 12
7 4351 27
7 4352 12
7 4353 1
7 4354 27
7 4355 1
7 4356 12
7 4357 1
7 4358 12
7 4359 1
7 4360 1
7 4361 1
7 4362 27
7 4363 1
7 4364 27
7 4365 1
7 4366 1
7 4367 1
7 4368 12
7 4369 27
7 4370 12
7 4371 1
7 4372 27
7 4373 1
7 4374 12
7 4375 27
7 4376 12
7 4377 1
7 4378 27
7 4379 1
7 4380 12
7 4381 1
7 4382 12
7 4383 1
7 4384 1
7 4385 1
7 4386 27
7 4387 1
7 4388 27
7 4389 1
7 4390 1
7 4391 1
7 4392 12
7 4393 1
7 4394 12
7 4395 1
7 4396 1
7 4397 1
7 4398 12
7 4399 1
7 4400 12
7 4401 1
7 4402 1
7 4403 1
7 4404 12
7 4405 1
7 4406 12
7 4407 1
7 4408 1
7 4409 1
7 4410 1
7 4411 1
7 4412 1
7 4413 1
7 4414 1
7 4415 1
7 4416 27
7 4417 1
7 4418 27
7 4419 1
7 4420 1
7 4421 1
7 4422 27
7 4423 1
7 4424 27
7 4425 1
7 4426 1
7 4427 1
7 4428 27
7 4429 1
7 4430 27
7 4431 1
7 4432 1
7 4433 1
7 4434 1
7 4435 1
7 4436 1
7 4437 1
7 4438 1
7 4439 1
7 4440 12
7 4441 27
7 4442 12
7 4443 1
7 4444 27
7 4445 1
7 4446 12
7 4447 27
7 4448 12
7 4449 1
7 4450 27
7 4451 1
7 4452 12
7 4453 1
7 4454 12
7 4455 1
7 4456 1
7 4457 1
7 4458 27
7 4459 1
7 4460 27
7 4461 1
7 4462 1
7 4463 1
7 4464 12
7 4465 27
7 4466 12
7 4467 1
7 4468 27
7 4469 1
7 4470 12
7 4471 27
7 4472 12
7 4473 1
7 4474 27
7 4475 1
7 4476 12
7 4477 1
7 4478 12
7 4479 1
7 4480 1
7 4481 1
7 4482 27
7 4483 1
7 4484 27
7 4485 1
7 4486 1
7 4487 1
7 4488 12
7 4489 27
7 4490 12
7 4491 1
7 4492 27
7 4493 1
7 4494 12
7 4495 27
7 4496 12
7 4497 1
7 4498 27
7 4499 1
7 4500 12
7 4501 1
7 4502 12
7 4503 1
7 4504 1
7 4505 1
7 4506 27
7 4507 1
7 4508 27
7 4509 1
7 4510 1
7 4511 1
7 4512 12
7 4513 1
7 4514 12
7 4515 1
7 4516 1
7 4517 1
7 4518 12
7 4519 1
7 4520 12
7 4521 1
7 4522 1
7 4523 1
7 4524 12
7 4525 1
7 4526 12
7 4527 1
7 4528 1
7 4529 1
7 4530 1
7 4531 1
7 4532 1
7 4533 1
7 4534 1
7 4535 1
7 4536 27
7 4537 1
7 4538 27
7 4539 1
7 4540 1
7 4541 1
7 4542 27
7 4543 1
7 4544 27
7 4545 1
7 4546 1
7 4547 1
7 4548 27
7 4549 1
7 4550 27
7 4551 1
7 4552 1
7 4553 1
7 4554 1
7 4555 1
7 4556 1
7 4557 1
7 4558 1
7 4559 1
7 4560 12
7 4561 27
7 4562 12
7 4563 1
7 4564 27
7 4565 1
7 4566 12
7 4567 27
7 4568 12
7 4569 1
7 4570 27
7 4571 1
7 4572 12
7 4573 1
7 4574 12
7 4575 1
7 4576 1
7 4577 1
7 4578 27
7 4579 1
7 4580 27
7 4581 1
7 4582 1
7 4583 1
7 4584 12
7 4585 27
7 4586 12
7 4587 1
7 4588 27
7 4589 1
7 4590 12
7 4591 27
7 4592 12
7 4593 1
7 4594 27
7 4595 1
7 4596 12
7 4597 1
7 4598 12
7 4599 1
7 4600 1
7 4601 1
7 4602 27
7 4603 1
7 4604 27
7 4605 1
7 4606 1
7 4607 1
7 4608 12
7 4609 27
7 4610 12
7 4611 1
7 4612 27
7 4613 1
7 4614 12
7 4615 27
7 4616 12
7 4617 1
7 4618 27
7 4619 1
7 4620 12
7 4621 1
7 4622 12
7 4623 1
7 4624 1
7 4625 1
7 4626 27
7 4627 1
7 4628 27
7 4629 1
7 4630 1
7 4631 1
7 4632 12
7 4633 1
7 4634 12
7 4635 1
7 4636 1
7 4637 1
7 4638 12
7 4639 1
7 4640 12
7 4641 1
7 4642 1
7 4643 1
7 4644 12
7 4645 1
7 4646 12
7 4647 1
7 4648 1
7 4649 1
7 4650 1
7 4651 1
7 4652 1
7 4653 1
7 4654 1
7 4655 1
7 4656 27
7 4657 1
7 4658 27
7 4659 1
7 4660 1
7 4661 1
7 4662 27
7 4663 1
7 4664 27
7 4665 1
7 4666 1
7 4667 1
7 4668 27
7 4669 1
7 4670 27
7 4671 1
7 4672 1
7 4673 1
7 4674 1
7 4675 1
7 4676 1
7 4677 1
7 4678 1
7 4679 1
7 4680 12
7 4681 27
7 4682 12
7 4683 1
7 4684 27
7 4685 1
7 4686 12
7 4687 27
7 4688 12
7 4689 1
7 4690 27
7 4691 1
7 4692 12
7 4693 1
7 4694 12
7 4695 1
7 4696 1
7 4697 1
7 4698 27
7 4699 1
7 4700 27
7 4701 1
7 4702 1
7 4703 1
7 4704 12
7 4705 27
7 4706 12
7 4707 1
7 4708 27
7 4709 1
7 4710 12
7 4711 27
7 4712 12
7 4713 1
7 4714 27
7 4715 1
7 4716 12
7 4717 1
7 4718 12
7 4719 1
7 4720 1
7 4721 1
7 4722 27
7 4723 1
7 4724 27
7 4725 1
7 4726 1
7 4727 1
7 4728 12
7 4729 27
7 4730 12
7 4731 1
7 4732 27
7 4733 1
7 4734 12
7 4735 27
7 4736 12
7 4737 1
7 4738 27
7 4739 1
7 4740 12
7 4741 1
7 4742 12
7 4743 1
7 4744 1
7 4745 1
7 4746 27
7 4747 1
7 4748 27
7 4749 1
7 4750 1
7 4751 1
7 4752 12
7 4753 1
7 4754 12
7 4755 1
7 4756 1
7 4757 1
7 4758 12
7 4759 1
7 4760 12
7 4761 1
7 4762 1
7 4763 1
7 4764 12
7 4765 1
7 4766 12
7 4767 1
7 4768 1
7 4769 1
7 4770 1
7 4771 1
7 4772 1
7 4773 1
7 4774 1
7 4775 1
7 4776 27
7 4777 1
7 4778 27
7 4779 1
7 4780 1
7 4781 1
7 4782 27
7 4783 1
7 4784 27
7 4785 1
7 4786 1
7 4787 1
7 4788 27
7 4789 1
7 4790 27
7 4791 1
7 4792 1
7 4793 1
7 4794 1
7 4795 1
7 4796 1
7 4797 1
7 4798 1
7 4799 1
7 4800 12
7 4801 1
7 4802 12
7 4803 1
7 4804 1
7 4805 1
7 4806 12
7 4807 1
7 4808 12
7 4809 1
7 4810 1
7 4811 1
7 4812 12
7 4813 1
7 4814 12
7 4815 1
7 4816 1
7 4817 1
7 4818 1
7 4819 1
7 4820 1
7 4821 1
7 4822 1
7 4823 1
7 4824 12
7 4825 1
7 4826 12
7 4827 1
7 4828 1
7 4829 1
7 4830 12
7 4831 1
7 4832 12
7 4833 1
7 4834 1
7 4835 1
7 4836 12
7 4837 1
7 4838 12
7 4839 1
7 4840 1
7 4841 1
7 4842 1
7 4843 1
7 4844 1
7 4845 1
7 4846 1
7 4847 1
7 4848 12
7 4849 1
7 4850 12
7 4851 1
7 4852 1
7 4853 1
7 4854 12
7 4855 1
7 4856 12
7 4857 1
7 4858 1
7 4859 1
7 4860 12
7 4861 1
7 4862 12
7 4863 1
7 4864 1
7 4865 1
7 4866 1
7 4867 1
7 4868 1
7 4869 1
7 4870 1
7 4871 1
7 4872 12
7 4873 1
7 4874 12
7 4875 1
7 4876 1
7 4877 1
7 4878 12
7 4879 1
7 4880 12
7 4881 1
7 4882 1
7 4883 1
7 4884 12
7 4885 1
7 4886 12
7 4887 1
7 4888 1
7 4889 1
7 4890 1
7 4891 1
7 4892 1
7 4893 1
7 4894 1
7 4895 1
7 4896 1
7 4897 1
7 4898 1
7 4899 1
7 4900 1
7 4901 1
7 4902 1
7 4903 1
7 4904 1
7 4905 1
7 4906 1
7 4907 1
7 4908 1
7 4909 1
7 4910 1
7 4911 1
7 4912 1
7 4913 1
7 4914 1
7 4915 1
7 4916 1
7 4917 1
7 4918 1
7 4919 1
7 4920 27
7 4921 1
7 4922 27
7 4923 1
7 4924 1
7 4925 1
7 4926 27
7 4927 1
7 4928 27
7 4929 1
7 4930 1
7 4931 1
7 4932 27
7 4933 1
7 4934 27
7 4935 1
7 4936 1
7 4937 1
7 4938 1
7 4939 1
7 4940 1
7 4941 1
7 4942 1
7 4943 1
7 4944 27
7 4945 1
7 4946 27
7 4947 1
7 4948 1
7 4949 1
7 4950 27
7 4951 1
7 4952 27
7 4953 1
7 4954 1
7 4955 1
7 4956 27
7 4957 1
7 4958 27
7 4959 1
7 4960 1
7 4961 1
7 4962 1
7 4963 1
7 4964 1
7 4965 1
7 4966 1
7 4967 1
7 4968 27
7 4969 1
7 4970 27
7 4971 1
7 4972 1
7 4973 1
7 4974 27
7 4975 1
7 4976 27
7 4977 1
7 4978 1
7 4979 1
7 4980 27
7 4981 1
7 4982 27
7 4983 1
7 4984 1
7 4985 1
7 4986 1
7 4987 1
7 4988 1
7 4989 1
7 4990 1
7 4991 1
7 4992 27
7 4993 1
7 4994 27
7 4995 1
7 4996 1
7 4997 1
7 4998 27
7 4999 1
7 5000 27
7 5001 1
7 5002 1
7 5003 1
7 5004 27
7 5005 1
7 5006 27
7 5007 1
7 5008 1
7 5009 1
7 5010 1
7 5011 1
7 5012 1
7 5013 1
7 5014 1
7 5015 1
7 5016 1
7 5017 1
7 5018 1
7 5019 1
7 5020 1
7 5021 1
7 5022 1
7 5023 1
7 5024 1
7 5025 1
7 5026 1
7 5027 1
7 5028 1
7 5029 1
7 5030 1
7 5031 1
7 5032 1
7 5033 1
7 5034 1
7 5035 1
7 5036 1
7 5037 1
7 5038 1
7 5039 1
