3 0 5039
3 1 5040
3 2 4611
3 3 5039
3 4 4611
3 5 5039
4 0 4611
4 1 4611
4 2 4611
4 3 5039
4 4 4611
4 5 5039
4 6 2279
4 7 2279
4 8 2300
4 9 4611
4 10 2300
4 11 4611
4 12 2300
4 13 2300
4 14 2279
4 15 4611
4 16 2279
4 17 4611
4 18 2279
4 19 2300
4 20 2300
4 21 4611
4 22 2279
4 23 4611
5 0 2279
5 1 2279
5 2 2278
5 3 2300
5 4 2300
5 5 2279
5 6 2279
5 7 2279
5 8 2300
5 9 4611
5 10 2300
5 11 4611
5 12 2300
5 13 2300
5 14 2279
5 15 4611
5 16 2279
5 17 4611
5 18 2279
5 19 2300
5 20 2300
5 21 4611
5 22 2279
5 23 4611
5 24 458
5 25 458
5 26 458
5 27 459
5 28 459
5 29 458
5 30 459
5 31 459
5 32 459
5 33 2279
5 34 461
5 35 2279
5 36 460
5 37 461
5 38 460
5 39 2278
5 40 460
5 41 2300
5 42 461
5 43 460
5 44 462
5 45 2300
5 46 461
5 47 2279
5 48 459
5 49 459
5 50 460
5 51 461
5 52 461
5 53 460
5 54 458
5 55 458
5 56 460
5 57 2279
5 58 460
5 59 2279
5 60 459
5 61 460
5 62 459
5 63 2300
5 64 458
5 65 2279
5 66 460
5 67 461
5 68 461
5 69 2300
5 70 459
5 71 2300
5 72 459
5 73 461
5 74 460
5 75 462
5 76 460
5 77 461
5 78 460
5 79 460
5 80 459
5 81 2300
5 82 461
5 83 2300
5 84 459
5 85 461
5 86 458
5 87 2279
5 88 459
5 89 2300
5 90 458
5 91 459
5 92 459
5 93 2279
5 94 458
5 95 2279
5 96 458
5 97 459
5 98 459
5 99 460
5 100 460
5 101 459
5 102 459
5 103 459
5 104 460
5 105 2279
5 106 460
5 107 2300
5 108 460
5 109 460
5 110 459
5 111 2300
5 112 458
5 113 2278
5 114 458
5 115 459
5 116 459
5 117 2279
5 118 458
5 119 2279
6 0 458
6 1 458
6 2 458
6 3 459
6 4 459
6 5 458
6 6 458
6 7 458
6 8 460
6 9 459
6 10 460
6 11 460
6 12 460
6 13 460
6 14 458
6 15 460
6 16 459
6 17 459
6 18 459
6 19 460
6 20 460
6 21 459
6 22 459
6 23 458
6 24 458
6 25 458
6 26 458
6 27 459
6 28 459
6 29 458
6 30 459
6 31 459
6 32 459
6 33 2279
6 34 461
6 35 2279
6 36 460
6 37 461
6 38 460
6 39 2278
6 40 460
6 41 2300
6 42 461
6 43 460
6 44 462
6 45 2300
6 46 461
6 47 2279
6 48 459
6 49 459
6 50 460
6 51 461
6 52 461
6 53 460
6 54 458
6 55 458
6 56 460
6 57 2279
6 58 460
6 59 2279
6 60 459
6 61 460
6 62 459
6 63 2300
6 64 458
6 65 2279
6 66 460
6 67 461
6 68 461
6 69 2300
6 70 459
6 71 2300
6 72 459
6 73 461
6 74 460
6 75 462
6 76 460
6 77 461
6 78 460
6 79 460
6 80 459
6 81 2300
6 82 461
6 83 2300
6 84 459
6 85 461
6 86 458
6 87 2279
6 88 459
6 89 2300
6 90 458
6 91 459
6 92 459
6 93 2279
6 94 458
6 95 2279
6 96 458
6 97 459
6 98 459
6 99 460
6 100 460
6 101 459
6 102 459
6 103 459
6 104 460
6 105 2279
6 106 460
6 107 2300
6 108 460
6 109 460
6 110 459
6 111 2300
6 112 458
6 113 2278
6 114 458
6 115 459
6 116 459
6 117 2279
6 118 458
6 119 2279
6 120 37
6 121 37
6 122 37
6 123 37
6 124 37
6 125 37
6 126 37
6 127 37
6 128 37
6 129 37
6 130 37
6 131 37
6 132 37
6 133 37
6 134 37
6 135 37
6 136 37
6 137 37
6 138 37
6 139 37
6 140 37
6 141 37
6 142 37
6 143 37
6 144 37
6 145 37
6 146 37
6 147 37
6 148 37
6 149 37
6 150 37
6 151 37
6 152 37
6 153 458
6 154 37
6 155 458
6 156 37
6 157 37
6 158 37
6 159 458
6 160 37
6 161 459
6 162 37
6 163 37
6 164 37
6 165 459
6 166 37
6 167 458
6 168 37
6 169 37
6 170 37
6 171 37
6 172 37
6 173 37
6 174 37
6 175 37
6 176 37
6 177 458
6 178 37
6 179 458
6 180 37
6 181 37
6 182 37
6 183 460
6 184 37
6 185 459
6 186 37
6 187 37
6 188 37
6 189 460
6 190 37
6 191 460
6 192 37
6 193 37
6 194 37
6 195 37
6 196 37
6 197 37
6 198 37
6 199 37
6 200 37
6 201 460
6 202 37
6 203 460
6 204 37
6 205 37
6 206 37
6 207 458
6 208 37
6 209 460
6 210 37
6 211 37
6 212 37
6 213 459
6 214 37
6 215 459
6 216 37
6 217 37
6 218 37
6 219 37
6 220 37
6 221 37
6 222 37
6 223 37
6 224 37
6 225 459
6 226 37
6 227 460
6 228 37
6 229 37
6 230 37
6 231 460
6 232 37
6 233 459
6 234 37
6 235 37
6 236 37
6 237 459
6 238 37
6 239 458
6 240 37
6 241 37
6 242 37
6 243 37
6 244 37
6 245 37
6 246 37
6 247 37
6 248 37
6 249 37
6 250 37
6 251 37
6 252 37
6 253 37
6 254 37
6 255 37
6 256 37
6 257 37
6 258 37
6 259 37
6 260 37
6 261 37
6 262 37
6 263 37
6 264 37
6 265 37
6 266 37
6 267 37
6 268 37
6 269 37
6 270 37
6 271 37
6 272 37
6 273 458
6 274 37
6 275 458
6 276 37
6 277 37
6 278 37
6 279 458
6 280 37
6 281 459
6 282 37
6 283 37
6 284 37
6 285 459
6 286 37
6 287 458
6 288 37
6 289 37
6 290 37
6 291 37
6 292 37
6 293 37
6 294 37
6 295 37
6 296 37
6 297 459
6 298 37
6 299 459
6 300 37
6 301 37
6 302 37
6 303 459
6 304 37
6 305 458
6 306 37
6 307 37
6 308 37
6 309 461
6 310 37
6 311 459
6 312 37
6 313 37
6 314 37
6 315 37
6 316 37
6 317 37
6 318 37
6 319 37
6 320 37
6 321 460
6 322 37
6 323 461
6 324 37
6 325 37
6 326 37
6 327 460
6 328 37
6 329 459
6 330 37
6 331 37
6 332 37
6 333 460
6 334 37
6 335 460
6 336 37
6 337 37
6 338 37
6 339 37
6 340 37
6 341 37
6 342 37
6 343 37
6 344 37
6 345 461
6 346 37
6 347 460
6 348 37
6 349 37
6 350 37
6 351 462
6 352 37
6 353 460
6 354 37
6 355 37
6 356 37
6 357 461
6 358 37
6 359 459
6 360 37
6 361 37
6 362 37
6 363 37
6 364 37
6 365 37
6 366 37
6 367 37
6 368 37
6 369 37
6 370 37
6 371 37
6 372 37
6 373 37
6 374 37
6 375 37
6 376 37
6 377 37
6 378 37
6 379 37
6 380 37
6 381 37
6 382 37
6 383 37
6 384 37
6 385 37
6 386 37
6 387 37
6 388 37
6 389 37
6 390 37
6 391 37
6 392 37
6 393 459
6 394 37
6 395 459
6 396 37
6 397 37
6 398 37
6 399 460
6 400 37
6 401 461
6 402 37
6 403 37
6 404 37
6 405 461
6 406 37
6 407 460
6 408 37
6 409 37
6 410 37
6 411 37
6 412 37
6 413 37
6 414 37
6 415 37
6 416 37
6 417 458
6 418 37
6 419 458
6 420 37
6 421 37
6 422 37
6 423 460
6 424 37
6 425 459
6 426 37
6 427 37
6 428 37
6 429 460
6 430 37
6 431 459
6 432 37
6 433 37
6 434 37
6 435 37
6 436 37
6 437 37
6 438 37
6 439 37
6 440 37
6 441 459
6 442 37
6 443 460
6 444 37
6 445 37
6 446 37
6 447 459
6 448 37
6 449 460
6 450 37
6 451 37
6 452 37
6 453 458
6 454 37
6 455 458
6 456 37
6 457 37
6 458 37
6 459 37
6 460 37
6 461 37
6 462 37
6 463 37
6 464 37
6 465 460
6 466 37
6 467 461
6 468 37
6 469 37
6 470 37
6 471 461
6 472 37
6 473 460
6 474 37
6 475 37
6 476 37
6 477 459
6 478 37
6 479 459
6 480 37
6 481 37
6 482 37
6 483 37
6 484 37
6 485 37
6 486 37
6 487 37
6 488 37
6 489 37
6 490 37
6 491 37
6 492 37
6 493 37
6 494 37
6 495 37
6 496 37
6 497 37
6 498 37
6 499 37
6 500 37
6 501 37
6 502 37
6 503 37
6 504 37
6 505 37
6 506 37
6 507 37
6 508 37
6 509 37
6 510 37
6 511 37
6 512 37
6 513 459
6 514 37
6 515 461
6 516 37
6 517 37
6 518 37
6 519 460
6 520 37
6 521 462
6 522 37
6 523 37
6 524 37
6 525 460
6 526 37
6 527 461
6 528 37
6 529 37
6 530 37
6 531 37
6 532 37
6 533 37
6 534 37
6 535 37
6 536 37
6 537 460
6 538 37
6 539 460
6 540 37
6 541 37
6 542 37
6 543 459
6 544 37
6 545 460
6 546 37
6 547 37
6 548 37
6 549 461
6 550 37
6 551 460
6 552 37
6 553 37
6 554 37
6 555 37
6 556 37
6 557 37
6 558 37
6 559 37
6 560 37
6 561 459
6 562 37
6 563 461
6 564 37
6 565 37
6 566 37
6 567 458
6 568 37
6 569 459
6 570 37
6 571 37
6 572 37
6 573 459
6 574 37
6 575 459
6 576 37
6 577 37
6 578 37
6 579 37
6 580 37
6 581 37
6 582 37
6 583 37
6 584 37
6 585 458
6 586 37
6 587 459
6 588 37
6 589 37
6 590 37
6 591 459
6 592 37
6 593 458
6 594 37
6 595 37
6 596 37
6 597 458
6 598 37
6 599 458
6 600 37
6 601 37
6 602 37
6 603 37
6 604 37
6 605 37
6 606 37
6 607 37
6 608 37
6 609 37
6 610 37
6 611 37
6 612 37
6 613 37
6 614 37
6 615 37
6 616 37
6 617 37
6 618 37
6 619 37
6 620 37
6 621 37
6 622 37
6 623 37
6 624 37
6 625 37
6 626 37
6 627 37
6 628 37
6 629 37
6 630 37
6 631 37
6 632 37
6 633 458
6 634 37
6 635 459
6 636 37
6 637 37
6 638 37
6 639 459
6 640 37
6 641 460
6 642 37
6 643 37
6 644 37
6 645 460
6 646 37
6 647 459
6 648 37
6 649 37
6 650 37
6 651 37
6 652 37
6 653 37
6 654 37
6 655 37
6 656 37
6 657 459
6 658 37
6 659 459
6 660 37
6 661 37
6 662 37
6 663 460
6 664 37
6 665 458
6 666 37
6 667 37
6 668 37
6 669 460
6 670 37
6 671 460
6 672 37
6 673 37
6 674 37
6 675 37
6 676 37
6 677 37
6 678 37
6 679 37
6 680 37
6 681 460
6 682 37
6 683 460
6 684 37
6 685 37
6 686 37
6 687 459
6 688 37
6 689 460
6 690 37
6 691 37
6 692 37
6 693 458
6 694 37
6 695 458
6 696 37
6 697 37
6 698 37
6 699 37
6 700 37
6 701 37
6 702 37
6 703 37
6 704 37
6 705 458
6 706 37
6 707 459
6 708 37
6 709 37
6 710 37
6 711 459
6 712 37
6 713 458
6 714 37
6 715 37
6 716 37
6 717 458
6 718 37
6 719 458
7 0 37
7 1 37
7 2 37
7 3 37
7 4 37
7 5 37
7 6 37
7 7 37
7 8 37
7 9 37
7 10 37
7 11 37
7 12 37
7 13 37
7 14 37
7 15 37
7 16 37
7 17 37
7 18 37
7 19 37
7 20 37
7 21 37
7 22 37
7 23 37
7 24 37
7 25 37
7 26 37
7 27 37
7 28 37
7 29 37
7 30 37
7 31 37
7 32 37
7 33 37
7 34 37
7 35 37
7 36 37
7 37 37
7 38 37
7 39 37
7 40 37
7 41 37
7 42 37
7 43 37
7 44 37
7 45 37
7 46 37
7 47 37
7 48 37
7 49 37
7 50 37
7 51 37
7 52 37
7 53 37
7 54 37
7 55 37
7 56 37
7 57 37
7 58 37
7 59 37
7 60 37
7 61 37
7 62 37
7 63 37
7 64 37
7 65 37
7 66 37
7 67 37
7 68 37
7 69 37
7 70 37
7 71 37
7 72 37
7 73 37
7 74 37
7 75 37
7 76 37
7 77 37
7 78 37
7 79 37
7 80 37
7 81 37
7 82 37
7 83 37
7 84 37
7 85 37
7 86 37
7 87 37
7 88 37
7 89 37
7 90 37
7 91 37
7 92 37
7 93 37
7 94 37
7 95 37
7 96 37
7 97 37
7 98 37
7 99 37
7 100 37
7 101 37
7 102 37
7 103 37
7 104 37
7 105 37
7 106 37
7 107 37
7 108 37
7 109 37
7 110 37
7 111 37
7 112 37
7 113 37
7 114 37
7 115 37
7 116 37
7 117 37
7 118 37
7 119 37
7 120 37
7 121 37
7 122 37
7 123 37
7 124 37
7 125 37
7 126 37
7 127 37
7 128 37
7 129 37
7 130 37
7 131 37
7 132 37
7 133 37
7 134 37
7 135 37
7 136 37
7 137 37
7 138 37
7 139 37
7 140 37
7 141 37
7 142 37
7 143 37
7 144 37
7 145 37
7 146 37
7 147 37
7 148 37
7 149 37
7 150 37
7 151 37
7 152 37
7 153 458
7 154 37
7 155 458
7 156 37
7 157 37
7 158 37
7 159 458
7 160 37
7 161 459
7 162 37
7 163 37
7 164 37
7 165 459
7 166 37
7 167 458
7 168 37
7 169 37
7 170 37
7 171 37
7 172 37
7 173 37
7 174 37
7 175 37
7 176 37
7 177 458
7 178 37
7 179 458
7 180 37
7 181 37
7 182 37
7 183 460
7 184 37
7 185 459
7 186 37
7 187 37
7 188 37
7 189 460
7 190 37
7 191 460
7 192 37
7 193 37
7 194 37
7 195 37
7 196 37
7 197 37
7 198 37
7 199 37
7 200 37
7 201 460
7 202 37
7 203 460
7 204 37
7 205 37
7 206 37
7 207 458
7 208 37
7 209 460
7 210 37
7 211 37
7 212 37
7 213 459
7 214 37
7 215 459
7 216 37
7 217 37
7 218 37
7 219 37
7 220 37
7 221 37
7 222 37
7 223 37
7 224 37
7 225 459
7 226 37
7 227 460
7 228 37
7 229 37
7 230 37
7 231 460
7 232 37
7 233 459
7 234 37
7 235 37
7 236 37
7 237 459
7 238 37
7 239 458
7 240 37
7 241 37
7 242 37
7 243 37
7 244 37
7 245 37
7 246 37
7 247 37
7 248 37
7 249 37
7 250 37
7 251 37
7 252 37
7 253 37
7 254 37
7 255 37
7 256 37
7 257 37
7 258 37
7 259 37
7 260 37
7 261 37
7 262 37
7 263 37
7 264 37
7 265 37
7 266 37
7 267 37
7 268 37
7 269 37
7 270 37
7 271 37
7 272 37
7 273 458
7 274 37
7 275 458
7 276 37
7 277 37
7 278 37
7 279 458
7 280 37
7 281 459
7 282 37
7 283 37
7 284 37
7 285 459
7 286 37
7 287 458
7 288 37
7 289 37
7 290 37
7 291 37
7 292 37
7 293 37
7 294 37
7 295 37
7 296 37
7 297 459
7 298 37
7 299 459
7 300 37
7 301 37
7 302 37
7 303 459
7 304 37
7 305 458
7 306 37
7 307 37
7 308 37
7 309 461
7 310 37
7 311 459
7 312 37
7 313 37
7 314 37
7 315 37
7 316 37
7 317 37
7 318 37
7 319 37
7 320 37
7 321 460
7 322 37
7 323 461
7 324 37
7 325 37
7 326 37
7 327 460
7 328 37
7 329 459
7 330 37
7 331 37
7 332 37
7 333 460
7 334 37
7 335 460
7 336 37
7 337 37
7 338 37
7 339 37
7 340 37
7 341 37
7 342 37
7 343 37
7 344 37
7 345 461
7 346 37
7 347 460
7 348 37
7 349 37
7 350 37
7 351 462
7 352 37
7 353 460
7 354 37
7 355 37
7 356 37
7 357 461
7 358 37
7 359 459
7 360 37
7 361 37
7 362 37
7 363 37
7 364 37
7 365 37
7 366 37
7 367 37
7 368 37
7 369 37
7 370 37
7 371 37
7 372 37
7 373 37
7 374 37
7 375 37
7 376 37
7 377 37
7 378 37
7 379 37
7 380 37
7 381 37
7 382 37
7 383 37
7 384 37
7 385 37
7 386 37
7 387 37
7 388 37
7 389 37
7 390 37
7 391 37
7 392 37
7 393 459
7 394 37
7 395 459
7 396 37
7 397 37
7 398 37
7 399 460
7 400 37
7 401 461
7 402 37
7 403 37
7 404 37
7 405 461
7 406 37
7 407 460
7 408 37
7 409 37
7 410 37
7 411 37
7 412 37
7 413 37
7 414 37
7 415 37
7 416 37
7 417 458
7 418 37
7 419 458
7 420 37
7 421 37
7 422 37
7 423 460
7 424 37
7 425 459
7 426 37
7 427 37
7 428 37
7 429 460
7 430 37
7 431 459
7 432 37
7 433 37
7 434 37
7 435 37
7 436 37
7 437 37
7 438 37
7 439 37
7 440 37
7 441 459
7 442 37
7 443 460
7 444 37
7 445 37
7 446 37
7 447 459
7 448 37
7 449 460
7 450 37
7 451 37
7 452 37
7 453 458
7 454 37
7 455 458
7 456 37
7 457 37
7 458 37
7 459 37
7 460 37
7 461 37
7 462 37
7 463 37
7 464 37
7 465 460
7 466 37
7 467 461
7 468 37
7 469 37
7 470 37
7 471 461
7 472 37
7 473 460
7 474 37
7 475 37
7 476 37
7 477 459
7 478 37
7 479 459
7 480 37
7 481 37
7 482 37
7 483 37
7 484 37
7 485 37
7 486 37
7 487 37
7 488 37
7 489 37
7 490 37
7 491 37
7 492 37
7 493 37
7 494 37
7 495 37
7 496 37
7 497 37
7 498 37
7 499 37
7 500 37
7 501 37
7 502 37
7 503 37
7 504 37
7 505 37
7 506 37
7 507 37
7 508 37
7 509 37
7 510 37
7 511 37
7 512 37
7 513 459
7 514 37
7 515 461
7 516 37
7 517 37
7 518 37
7 519 460
7 520 37
7 521 462
7 522 37
7 523 37
7 524 37
7 525 460
7 526 37
7 527 461
7 528 37
7 529 37
7 530 37
7 531 37
7 532 37
7 533 37
7 534 37
7 535 37
7 536 37
7 537 460
7 538 37
7 539 460
7 540 37
7 541 37
7 542 37
7 543 459
7 544 37
7 545 460
7 546 37
7 547 37
7 548 37
7 549 461
7 550 37
7 551 460
7 552 37
7 553 37
7 554 37
7 555 37
7 556 37
7 557 37
7 558 37
7 559 37
7 560 37
7 561 459
7 562 37
7 563 461
7 564 37
7 565 37
7 566 37
7 567 458
7 568 37
7 569 459
7 570 37
7 571 37
7 572 37
7 573 459
7 574 37
7 575 459
7 576 37
7 577 37
7 578 37
7 579 37
7 580 37
7 581 37
7 582 37
7 583 37
7 584 37
7 585 458
7 586 37
7 587 459
7 588 37
7 589 37
7 590 37
7 591 459
7 592 37
7 593 458
7 594 37
7 595 37
7 596 37
7 597 458
7 598 37
7 599 458
7 600 37
7 601 37
7 602 37
7 603 37
7 604 37
7 605 37
7 606 37
7 607 37
7 608 37
7 609 37
7 610 37
7 611 37
7 612 37
7 613 37
7 614 37
7 615 37
7 616 37
7 617 37
7 618 37
7 619 37
7 620 37
7 621 37
7 622 37
7 623 37
7 624 37
7 625 37
7 626 37
7 627 37
7 628 37
7 629 37
7 630 37
7 631 37
7 632 37
7 633 458
7 634 37
7 635 459
7 636 37
7 637 37
7 638 37
7 639 459
7 640 37
7 641 460
7 642 37
7 643 37
7 644 37
7 645 460
7 646 37
7 647 459
7 648 37
7 649 37
7 650 37
7 651 37
7 652 37
7 653 37
7 654 37
7 655 37
7 656 37
7 657 459
7 658 37
7 659 459
7 660 37
7 661 37
7 662 37
7 663 460
7 664 37
7 665 458
7 666 37
7 667 37
7 668 37
7 669 460
7 670 37
7 671 460
7 672 37
7 673 37
7 674 37
7 675 37
7 676 37
7 677 37
7 678 37
7 679 37
7 680 37
7 681 460
7 682 37
7 683 460
7 684 37
7 685 37
7 686 37
7 687 459
7 688 37
7 689 460
7 690 37
7 691 37
7 692 37
7 693 458
7 694 37
7 695 458
7 696 37
7 697 37
7 698 37
7 699 37
7 700 37
7 701 37
7 702 37
7 703 37
7 704 37
7 705 458
7 706 37
7 707 459
7 708 37
7 709 37
7 710 37
7 711 459
7 712 37
7 713 458
7 714 37
7 715 37
7 716 37
7 717 458
7 718 37
7 719 458
7 720 1
7 721 1
7 722 1
7 723 1
7 724 1
7 725 1
7 726 1
7 727 1
7 728 1
7 729 1
7 730 1
7 731 1
7 732 1
7 733 1
7 734 1
7 735 1
7 736 1
7 737 1
7 738 1
7 739 1
7 740 1
7 741 1
7 742 1
7 743 1
7 744 1
7 745 1
7 746 1
7 747 1
7 748 1
7 749 1
7 750 1
7 751 1
7 752 1
7 753 1
7 754 1
7 755 1
7 756 1
7 757 1
7 758 1
7 759 1
7 760 1
7 761 1
7 762 1
7 763 1
7 764 1
7 765 1
7 766 1
7 767 1
7 768 1
7 769 1
7 770 1
7 771 1
7 772 1
7 773 1
7 774 1
7 775 1
7 776 1
7 777 1
7 778 1
7 779 1
7 780 1
7 781 1
7 782 1
7 783 1
7 784 1
7 785 1
7 786 1
7 787 1
7 788 1
7 789 1
7 790 1
7 791 1
7 792 1
7 793 1
7 794 1
7 795 1
7 796 1
7 797 1
7 798 1
7 799 1
7 800 1
7 801 1
7 802 1
7 803 1
7 804 1
7 805 1
7 806 1
7 807 1
7 808 1
7 809 1
7 810 1
7 811 1
7 812 1
7 813 1
7 814 1
7 815 1
7 816 1
7 817 1
7 818 1
7 819 1
7 820 1
7 821 1
7 822 1
7 823 1
7 824 1
7 825 1
7 826 1
7 827 1
7 828 1
7 829 1
7 830 1
7 831 1
7 832 1
7 833 1
7 834 1
7 835 1
7 836 1
7 837 1
7 838 1
7 839 1
7 840 1
7 841 1
7 842 1
7 843 1
7 844 1
7 845 1
7 846 1
7 847 1
7 848 1
7 849 1
7 850 1
7 851 1
7 852 1
7 853 1
7 854 1
7 855 1
7 856 1
7 857 1
7 858 1
7 859 1
7 860 1
7 861 1
7 862 1
7 863 1
7 864 1
7 865 1
7 866 1
7 867 1
7 868 1
7 869 1
7 870 1
7 871 1
7 872 1
7 873 37
7 874 1
7 875 37
7 876 1
7 877 1
7 878 1
7 879 37
7 880 1
7 881 37
7 882 1
7 883 1
7 884 1
7 885 37
7 886 1
7 887 37
7 888 1
7 889 1
7 890 1
7 891 1
7 892 1
7 893 1
7 894 1
7 895 1
7 896 1
7 897 37
7 898 1
7 899 37
7 900 1
7 901 1
7 902 1
7 903 37
7 904 1
7 905 37
7 906 1
7 907 1
7 908 1
7 909 37
7 910 1
7 911 37
7 912 1
7 913 1
7 914 1
7 915 1
7 916 1
7 917 1
7 918 1
7 919 1
7 920 1
7 921 37
7 922 1
7 923 37
7 924 1
7 925 1
7 926 1
7 927 37
7 928 1
7 929 37
7 930 1
7 931 1
7 932 1
7 933 37
7 934 1
7 935 37
7 936 1
7 937 1
7 938 1
7 939 1
7 940 1
7 941 1
7 942 1
7 943 1
7 944 1
7 945 37
7 946 1
7 947 37
7 948 1
7 949 1
7 950 1
7 951 37
7 952 1
7 953 37
7 954 1
7 955 1
7 956 1
7 957 37
7 958 1
7 959 37
7 960 1
7 961 1
7 962 1
7 963 1
7 964 1
7 965 1
7 966 1
7 967 1
7 968 1
7 969 1
7 970 1
7 971 1
7 972 1
7 973 1
7 974 1
7 975 1
7 976 1
7 977 1
7 978 1
7 979 1
7 980 1
7 981 1
7 982 1
7 983 1
7 984 1
7 985 1
7 986 1
7 987 1
7 988 1
7 989 1
7 990 1
7 991 1
7 992 1
7 993 37
7 994 1
7 995 37
7 996 1
7 997 1
7 998 1
7 999 37
7 1000 1
7 1001 37
7 1002 1
7 1003 1
7 1004 1
7 1005 37
7 1006 1
7 1007 37
7 1008 1
7 1009 1
7 1010 1
7 1011 1
7 1012 1
7 1013 1
7 1014 1
7 1015 1
7 1016 1
7 1017 37
7 1018 1
7 1019 37
7 1020 1
7 1021 1
7 1022 1
7 1023 37
7 1024 1
7 1025 37
7 1026 1
7 1027 1
7 1028 1
7 1029 37
7 1030 1
7 1031 37
7 1032 1
7 1033 1
7 1034 1
7 1035 1
7 1036 1
7 1037 1
7 1038 1
7 1039 1
7 1040 1
7 1041 37
7 1042 1
7 1043 37
7 1044 1
7 1045 1
7 1046 1
7 1047 37
7 1048 1
7 1049 37
7 1050 1
7 1051 1
7 1052 1
7 1053 37
7 1054 1
7 1055 37
7 1056 1
7 1057 1
7 1058 1
7 1059 1
7 1060 1
7 1061 1
7 1062 1
7 1063 1
7 1064 1
7 1065 37
7 1066 1
7 1067 37
7 1068 1
7 1069 1
7 1070 1
7 1071 37
7 1072 1
7 1073 37
7 1074 1
7 1075 1
7 1076 1
7 1077 37
7 1078 1
7 1079 37
7 1080 1
7 1081 1
7 1082 1
7 1083 1
7 1084 1
7 1085 1
7 1086 1
7 1087 1
7 1088 1
7 1089 1
7 1090 1
7 1091 1
7 1092 1
7 1093 1
7 1094 1
7 1095 1
7 1096 1
7 1097 1
7 1098 1
7 1099 1
7 1100 1
7 1101 1
7 1102 1
7 1103 1
7 1104 1
7 1105 1
7 1106 1
7 1107 1
7 1108 1
7 1109 1
7 1110 1
7 1111 1
7 1112 1
7 1113 37
7 1114 1
7 1115 37
7 1116 1
7 1117 1
7 1118 1
7 1119 37
7 1120 1
7 1121 37
7 1122 1
7 1123 1
7 1124 1
7 1125 37
7 1126 1
7 1127 37
7 1128 1
7 1129 1
7 1130 1
7 1131 1
7 1132 1
7 1133 1
7 1134 1
7 1135 1
7 1136 1
7 1137 37
7 1138 1
7 1139 37
7 1140 1
7 1141 1
7 1142 1
7 1143 37
7 1144 1
7 1145 37
7 1146 1
7 1147 1
7 1148 1
7 1149 37
7 1150 1
7 1151 37
7 1152 1
7 1153 1
7 1154 1
7 1155 1
7 1156 1
7 1157 1
7 1158 1
7 1159 1
7 1160 1
7 1161 37
7 1162 1
7 1163 37
7 1164 1
7 1165 1
7 1166 1
7 1167 37
7 1168 1
7 1169 37
7 1170 1
7 1171 1
7 1172 1
7 1173 37
7 1174 1
7 1175 37
7 1176 1
7 1177 1
7 1178 1
7 1179 1
7 1180 1
7 1181 1
7 1182 1
7 1183 1
7 1184 1
7 1185 37
7 1186 1
7 1187 37
7 1188 1
7 1189 1
7 1190 1
7 1191 37
7 1192 1
7 1193 37
7 1194 1
7 1195 1
7 1196 1
7 1197 37
7 1198 1
7 1199 37
7 1200 1
7 1201 1
7 1202 1
7 1203 1
7 1204 1
7 1205 1
7 1206 1
7 1207 1
7 1208 1
7 1209 1
7 1210 1
7 1211 1
7 1212 1
7 1213 1
7 1214 1
7 1215 1
7 1216 1
7 1217 1
7 1218 1
7 1219 1
7 1220 1
7 1221 1
7 1222 1
7 1223 1
7 1224 1
7 1225 1
7 1226 1
7 1227 1
7 1228 1
7 1229 1
7 1230 1
7 1231 1
7 1232 1
7 1233 37
7 1234 1
7 1235 37
7 1236 1
7 1237 1
7 1238 1
7 1239 37
7 1240 1
7 1241 37
7 1242 1
7 1243 1
7 1244 1
7 1245 37
7 1246 1
7 1247 37
7 1248 1
7 1249 1
7 1250 1
7 1251 1
7 1252 1
7 1253 1
7 1254 1
7 1255 1
7 1256 1
7 1257 37
7 1258 1
7 1259 37
7 1260 1
7 1261 1
7 1262 1
7 1263 37
7 1264 1
7 1265 37
7 1266 1
7 1267 1
7 1268 1
7 1269 37
7 1270 1
7 1271 37
7 1272 1
7 1273 1
7 1274 1
7 1275 1
7 1276 1
7 1277 1
7 1278 1
7 1279 1
7 1280 1
7 1281 37
7 1282 1
7 1283 37
7 1284 1
7 1285 1
7 1286 1
7 1287 37
7 1288 1
7 1289 37
7 1290 1
7 1291 1
7 1292 1
7 1293 37
7 1294 1
7 1295 37
7 1296 1
7 1297 1
7 1298 1
7 1299 1
7 1300 1
7 1301 1
7 1302 1
7 1303 1
7 1304 1
7 1305 37
7 1306 1
7 1307 37
7 1308 1
7 1309 1
7 1310 1
7 1311 37
7 1312 1
7 1313 37
7 1314 1
7 1315 1
7 1316 1
7 1317 37
7 1318 1
7 1319 37
7 1320 1
7 1321 1
7 1322 1
7 1323 1
7 1324 1
7 1325 1
7 1326 1
7 1327 1
7 1328 1
7 1329 1
7 1330 1
7 1331 1
7 1332 1
7 1333 1
7 1334 1
7 1335 1
7 1336 1
7 1337 1
7 1338 1
7 1339 1
7 1340 1
7 1341 1
7 1342 1
7 1343 1
7 1344 1
7 1345 1
7 1346 1
7 1347 1
7 1348 1
7 1349 1
7 1350 1
7 1351 1
7 1352 1
7 1353 37
7 1354 1
7 1355 37
7 1356 1
7 1357 1
7 1358 1
7 1359 37
7 1360 1
7 1361 37
7 1362 1
7 1363 1
7 1364 1
7 1365 37
7 1366 1
7 1367 37
7 1368 1
7 1369 1
7 1370 1
7 1371 1
7 1372 1
7 1373 1
7 1374 1
7 1375 1
7 1376 1
7 1377 37
7 1378 1
7 1379 37
7 1380 1
7 1381 1
7 1382 1
7 1383 37
7 1384 1
7 1385 37
7 1386 1
7 1387 1
7 1388 1
7 1389 37
7 1390 1
7 1391 37
7 1392 1
7 1393 1
7 1394 1
7 1395 1
7 1396 1
7 1397 1
7 1398 1
7 1399 1
7 1400 1
7 1401 37
7 1402 1
7 1403 37
7 1404 1
7 1405 1
7 1406 1
7 1407 37
7 1408 1
7 1409 37
7 1410 1
7 1411 1
7 1412 1
7 1413 37
7 1414 1
7 1415 37
7 1416 1
7 1417 1
7 1418 1
7 1419 1
7 1420 1
7 1421 1
7 1422 1
7 1423 1
7 1424 1
7 1425 37
7 1426 1
7 1427 37
7 1428 1
7 1429 1
7 1430 1
7 1431 37
7 1432 1
7 1433 37
7 1434 1
7 1435 1
7 1436 1
7 1437 37
7 1438 1
7 1439 37
7 1440 1
7 1441 1
7 1442 1
7 1443 1
7 1444 1
7 1445 1
7 1446 1
7 1447 1
7 1448 1
7 1449 1
7 1450 1
7 1451 1
7 1452 1
7 1453 1
7 1454 1
7 1455 1
7 1456 1
7 1457 1
7 1458 1
7 1459 1
7 1460 1
7 1461 1
7 1462 1
7 1463 1
7 1464 1
7 1465 1
7 1466 1
7 1467 1
7 1468 1
7 1469 1
7 1470 1
7 1471 1
7 1472 1
7 1473 1
7 1474 1
7 1475 1
7 1476 1
7 1477 1
7 1478 1
7 1479 1
7 1480 1
7 1481 1
7 1482 1
7 1483 1
7 1484 1
7 1485 1
7 1486 1
7 1487 1
7 1488 1
7 1489 1
7 1490 1
7 1491 1
7 1492 1
7 1493 1
7 1494 1
7 1495 1
7 1496 1
7 1497 1
7 1498 1
7 1499 1
7 1500 1
7 1501 1
7 1502 1
7 1503 1
7 1504 1
7 1505 1
7 1506 1
7 1507 1
7 1508 1
7 1509 1
7 1510 1
7 1511 1
7 1512 1
7 1513 1
7 1514 1
7 1515 1
7 1516 1
7 1517 1
7 1518 1
7 1519 1
7 1520 1
7 1521 1
7 1522 1
7 1523 1
7 1524 1
7 1525 1
7 1526 1
7 1527 1
7 1528 1
7 1529 1
7 1530 1
7 1531 1
7 1532 1
7 1533 1
7 1534 1
7 1535 1
7 1536 1
7 1537 1
7 1538 1
7 1539 1
7 1540 1
7 1541 1
7 1542 1
7 1543 1
7 1544 1
7 1545 1
7 1546 1
7 1547 1
7 1548 1
7 1549 1
7 1550 1
7 1551 1
7 1552 1
7 1553 1
7 1554 1
7 1555 1
7 1556 1
7 1557 1
7 1558 1
7 1559 1
7 1560 1
7 1561 1
7 1562 1
7 1563 1
7 1564 1
7 1565 1
7 1566 1
7 1567 1
7 1568 1
7 1569 1
7 1570 1
7 1571 1
7 1572 1
7 1573 1
7 1574 1
7 1575 1
7 1576 1
7 1577 1
7 1578 1
7 1579 1
7 1580 1
7 1581 1
7 1582 1
7 1583 1
7 1584 1
7 1585 1
7 1586 1
7 1587 1
7 1588 1
7 1589 1
7 1590 1
7 1591 1
7 1592 1
7 1593 37
7 1594 1
7 1595 37
7 1596 1
7 1597 1
7 1598 1
7 1599 37
7 1600 1
7 1601 37
7 1602 1
7 1603 1
7 1604 1
7 1605 37
7 1606 1
7 1607 37
7 1608 1
7 1609 1
7 1610 1
7 1611 1
7 1612 1
7 1613 1
7 1614 1
7 1615 1
7 1616 1
7 1617 37
7 1618 1
7 1619 37
7 1620 1
7 1621 1
7 1622 1
7 1623 37
7 1624 1
7 1625 37
7 1626 1
7 1627 1
7 1628 1
7 1629 37
7 1630 1
7 1631 37
7 1632 1
7 1633 1
7 1634 1
7 1635 1
7 1636 1
7 1637 1
7 1638 1
7 1639 1
7 1640 1
7 1641 37
7 1642 1
7 1643 37
7 1644 1
7 1645 1
7 1646 1
7 1647 37
7 1648 1
7 1649 37
7 1650 1
7 1651 1
7 1652 1
7 1653 37
7 1654 1
7 1655 37
7 1656 1
7 1657 1
7 1658 1
7 1659 1
7 1660 1
7 1661 1
7 1662 1
7 1663 1
7 1664 1
7 1665 37
7 1666 1
7 1667 37
7 1668 1
7 1669 1
7 1670 1
7 1671 37
7 1672 1
7 1673 37
7 1674 1
7 1675 1
7 1676 1
7 1677 37
7 1678 1
7 1679 37
7 1680 1
7 1681 1
7 1682 1
7 1683 1
7 1684 1
7 1685 1
7 1686 1
7 1687 1
7 1688 1
7 1689 1
7 1690 1
7 1691 1
7 1692 1
7 1693 1
7 1694 1
7 1695 1
7 1696 1
7 1697 1
7 1698 1
7 1699 1
7 1700 1
7 1701 1
7 1702 1
7 1703 1
7 1704 1
7 1705 1
7 1706 1
7 1707 1
7 1708 1
7 1709 1
7 1710 1
7 1711 1
7 1712 1
7 1713 37
7 1714 1
7 1715 37
7 1716 1
7 1717 1
7 1718 1
7 1719 37
7 1720 1
7 1721 37
7 1722 1
7 1723 1
7 1724 1
7 1725 37
7 1726 1
7 1727 37
7 1728 1
7 1729 1
7 1730 1
7 1731 1
7 1732 1
7 1733 1
7 1734 1
7 1735 1
7 1736 1
7 1737 37
7 1738 1
7 1739 37
7 1740 1
7 1741 1
7 1742 1
7 1743 37
7 1744 1
7 1745 37
7 1746 1
7 1747 1
7 1748 1
7 1749 37
7 1750 1
7 1751 37
7 1752 1
7 1753 1
7 1754 1
7 1755 1
7 1756 1
7 1757 1
7 1758 1
7 1759 1
7 1760 1
7 1761 37
7 1762 1
7 1763 37
7 1764 1
7 1765 1
7 1766 1
7 1767 37
7 1768 1
7 1769 37
7 1770 1
7 1771 1
7 1772 1
7 1773 37
7 1774 1
7 1775 37
7 1776 1
7 1777 1
7 1778 1
7 1779 1
7 1780 1
7 1781 1
7 1782 1
7 1783 1
7 1784 1
7 1785 37
7 1786 1
7 1787 37
7 1788 1
7 1789 1
7 1790 1
7 1791 37
7 1792 1
7 1793 37
7 1794 1
7 1795 1
7 1796 1
7 1797 37
7 1798 1
7 1799 37
7 1800 1
7 1801 1
7 1802 1
7 1803 1
7 1804 1
7 1805 1
7 1806 1
7 1807 1
7 1808 1
7 1809 1
7 1810 1
7 1811 1
7 1812 1
7 1813 1
7 1814 1
7 1815 1
7 1816 1
7 1817 1
7 1818 1
7 1819 1
7 1820 1
7 1821 1
7 1822 1
7 1823 1
7 1824 1
7 1825 1
7 1826 1
7 1827 1
7 1828 1
7 1829 1
7 1830 1
7 1831 1
7 1832 1
7 1833 37
7 1834 1
7 1835 37
7 1836 1
7 1837 1
7 1838 1
7 1839 37
7 1840 1
7 1841 37
7 1842 1
7 1843 1
7 1844 1
7 1845 37
7 1846 1
7 1847 37
7 1848 1
7 1849 1
7 1850 1
7 1851 1
7 1852 1
7 1853 1
7 1854 1
7 1855 1
7 1856 1
7 1857 37
7 1858 1
7 1859 37
7 1860 1
7 1861 1
7 1862 1
7 1863 37
7 1864 1
7 1865 37
7 1866 1
7 1867 1
7 1868 1
7 1869 37
7 1870 1
7 1871 37
7 1872 1
7 1873 1
7 1874 1
7 1875 1
7 1876 1
7 1877 1
7 1878 1
7 1879 1
7 1880 1
7 1881 37
7 1882 1
7 1883 37
7 1884 1
7 1885 1
7 1886 1
7 1887 37
7 1888 1
7 1889 37
7 1890 1
7 1891 1
7 1892 1
7 1893 37
7 1894 1
7 1895 37
7 1896 1
7 1897 1
7 1898 1
7 1899 1
7 1900 1
7 1901 1
7 1902 1
7 1903 1
7 1904 1
7 1905 37
7 1906 1
7 1907 37
7 1908 1
7 1909 1
7 1910 1
7 1911 37
7 1912 1
7 1913 37
7 1914 1
7 1915 1
7 1916 1
7 1917 37
7 1918 1
7 1919 37
7 1920 1
7 1921 1
7 1922 1
7 1923 1
7 1924 1
7 1925 1
7 1926 1
7 1927 1
7 1928 1
7 1929 1
7 1930 1
7 1931 1
7 1932 1
7 1933 1
7 1934 1
7 1935 1
7 1936 1
7 1937 1
7 1938 1
7 1939 1
7 1940 1
7 1941 1
7 1942 1
7 1943 1
7 1944 1
7 1945 1
7 1946 1
7 1947 1
7 1948 1
7 1949 1
7 1950 1
7 1951 1
7 1952 1
7 1953 37
7 1954 1
7 1955 37
7 1956 1
7 1957 1
7 1958 1
7 1959 37
7 1960 1
7 1961 37
7 1962 1
7 1963 1
7 1964 1
7 1965 37
7 1966 1
7 1967 37
7 1968 1
7 1969 1
7 1970 1
7 1971 1
7 1972 1
7 1973 1
7 1974 1
7 1975 1
7 1976 1
7 1977 37
7 1978 1
7 1979 37
7 1980 1
7 1981 1
7 1982 1
7 1983 37
7 1984 1
7 1985 37
7 1986 1
7 1987 1
7 1988 1
7 1989 37
7 1990 1
7 1991 37
7 1992 1
7 1993 1
7 1994 1
7 1995 1
7 1996 1
7 1997 1
7 1998 1
7 1999 1
7 2000 1
7 2001 37
7 2002 1
7 2003 37
7 2004 1
7 2005 1
7 2006 1
7 2007 37
7 2008 1
7 2009 37
7 2010 1
7 2011 1
7 2012 1
7 2013 37
7 2014 1
7 2015 37
7 2016 1
7 2017 1
7 2018 1
7 2019 1
7 2020 1
7 2021 1
7 2022 1
7 2023 1
7 2024 1
7 2025 37
7 2026 1
7 2027 37
7 2028 1
7 2029 1
7 2030 1
7 2031 37
7 2032 1
7 2033 37
7 2034 1
7 2035 1
7 2036 1
7 2037 37
7 2038 1
7 2039 37
7 2040 1
7 2041 1
7 2042 1
7 2043 1
7 2044 1
7 2045 1
7 2046 1
7 2047 1
7 2048 1
7 2049 1
7 2050 1
7 2051 1
7 2052 1
7 2053 1
7 2054 1
7 2055 1
7 2056 1
7 2057 1
7 2058 1
7 2059 1
7 2060 1
7 2061 1
7 2062 1
7 2063 1
7 2064 1
7 2065 1
7 2066 1
7 2067 1
7 2068 1
7 2069 1
7 2070 1
7 2071 1
7 2072 1
7 2073 37
7 2074 1
7 2075 37
7 2076 1
7 2077 1
7 2078 1
7 2079 37
7 2080 1
7 2081 37
7 2082 1
7 2083 1
7 2084 1
7 2085 37
7 2086 1
7 2087 37
7 2088 1
7 2089 1
7 2090 1
7 2091 1
7 2092 1
7 2093 1
7 2094 1
7 2095 1
7 2096 1
7 2097 37
7 2098 1
7 2099 37
7 2100 1
7 2101 1
7 2102 1
7 2103 37
7 2104 1
7 2105 37
7 2106 1
7 2107 1
7 2108 1
7 2109 37
7 2110 1
7 2111 37
7 2112 1
7 2113 1
7 2114 1
7 2115 1
7 2116 1
7 2117 1
7 2118 1
7 2119 1
7 2120 1
7 2121 37
7 2122 1
7 2123 37
7 2124 1
7 2125 1
7 2126 1
7 2127 37
7 2128 1
7 2129 37
7 2130 1
7 2131 1
7 2132 1
7 2133 37
7 2134 1
7 2135 37
7 2136 1
7 2137 1
7 2138 1
7 2139 1
7 2140 1
7 2141 1
7 2142 1
7 2143 1
7 2144 1
7 2145 37
7 2146 1
7 2147 37
7 2148 1
7 2149 1
7 2150 1
7 2151 37
7 2152 1
7 2153 37
7 2154 1
7 2155 1
7 2156 1
7 2157 37
7 2158 1
7 2159 37
7 2160 1
7 2161 1
7 2162 1
7 2163 1
7 2164 1
7 2165 1
7 2166 1
7 2167 1
7 2168 1
7 2169 1
7 2170 1
7 2171 1
7 2172 1
7 2173 1
7 2174 1
7 2175 1
7 2176 1
7 2177 1
7 2178 1
7 2179 1
7 2180 1
7 2181 1
7 2182 1
7 2183 1
7 2184 1
7 2185 1
7 2186 1
7 2187 1
7 2188 1
7 2189 1
7 2190 1
7 2191 1
7 2192 1
7 2193 1
7 2194 1
7 2195 1
7 2196 1
7 2197 1
7 2198 1
7 2199 1
7 2200 1
7 2201 1
7 2202 1
7 2203 1
7 2204 1
7 2205 1
7 2206 1
7 2207 1
7 2208 1
7 2209 1
7 2210 1
7 2211 1
7 2212 1
7 2213 1
7 2214 1
7 2215 1
7 2216 1
7 2217 1
7 2218 1
7 2219 1
7 2220 1
7 2221 1
7 2222 1
7 2223 1
7 2224 1
7 2225 1
7 2226 1
7 2227 1
7 2228 1
7 2229 1
7 2230 1
7 2231 1
7 2232 1
7 2233 1
7 2234 1
7 2235 1
7 2236 1
7 2237 1
7 2238 1
7 2239 1
7 2240 1
7 2241 1
7 2242 1
7 2243 1
7 2244 1
7 2245 1
7 2246 1
7 2247 1
7 2248 1
7 2249 1
7 2250 1
7 2251 1
7 2252 1
7 2253 1
7 2254 1
7 2255 1
7 2256 1
7 2257 1
7 2258 1
7 2259 1
7 2260 1
7 2261 1
7 2262 1
7 2263 1
7 2264 1
7 2265 1
7 2266 1
7 2267 1
7 2268 1
7 2269 1
7 2270 1
7 2271 1
7 2272 1
7 2273 1
7 2274 1
7 2275 1
7 2276 1
7 2277 1
7 2278 1
7 2279 1
7 2280 1
7 2281 1
7 2282 1
7 2283 1
7 2284 1
7 2285 1
7 2286 1
7 2287 1
7 2288 1
7 2289 1
7 2290 1
7 2291 1
7 2292 1
7 2293 1
7 2294 1
7 2295 1
7 2296 1
7 2297 1
7 2298 1
7 2299 1
7 2300 1
7 2301 1
7 2302 1
7 2303 1
7 2304 1
7 2305 1
7 2306 1
7 2307 1
7 2308 1
7 2309 1
7 2310 1
7 2311 1
7 2312 1
7 2313 37
7 2314 1
7 2315 37
7 2316 1
7 2317 1
7 2318 1
7 2319 37
7 2320 1
7 2321 37
7 2322 1
7 2323 1
7 2324 1
7 2325 37
7 2326 1
7 2327 37
7 2328 1
7 2329 1
7 2330 1
7 2331 1
7 2332 1
7 2333 1
7 2334 1
7 2335 1
7 2336 1
7 2337 37
7 2338 1
7 2339 37
7 2340 1
7 2341 1
7 2342 1
7 2343 37
7 2344 1
7 2345 37
7 2346 1
7 2347 1
7 2348 1
7 2349 37
7 2350 1
7 2351 37
7 2352 1
7 2353 1
7 2354 1
7 2355 1
7 2356 1
7 2357 1
7 2358 1
7 2359 1
7 2360 1
7 2361 37
7 2362 1
7 2363 37
7 2364 1
7 2365 1
7 2366 1
7 2367 37
7 2368 1
7 2369 37
7 2370 1
7 2371 1
7 2372 1
7 2373 37
7 2374 1
7 2375 37
7 2376 1
7 2377 1
7 2378 1
7 2379 1
7 2380 1
7 2381 1
7 2382 1
7 2383 1
7 2384 1
7 2385 37
7 2386 1
7 2387 37
7 2388 1
7 2389 1
7 2390 1
7 2391 37
7 2392 1
7 2393 37
7 2394 1
7 2395 1
7 2396 1
7 2397 37
7 2398 1
7 2399 37
7 2400 1
7 2401 1
7 2402 1
7 2403 1
7 2404 1
7 2405 1
7 2406 1
7 2407 1
7 2408 1
7 2409 1
7 2410 1
7 2411 1
7 2412 1
7 2413 1
7 2414 1
7 2415 1
7 2416 1
7 2417 1
7 2418 1
7 2419 1
7 2420 1
7 2421 1
7 2422 1
7 2423 1
7 2424 1
7 2425 1
7 2426 1
7 2427 1
7 2428 1
7 2429 1
7 2430 1
7 2431 1
7 2432 1
7 2433 37
7 2434 1
7 2435 37
7 2436 1
7 2437 1
7 2438 1
7 2439 37
7 2440 1
7 2441 37
7 2442 1
7 2443 1
7 2444 1
7 2445 37
7 2446 1
7 2447 37
7 2448 1
7 2449 1
7 2450 1
7 2451 1
7 2452 1
7 2453 1
7 2454 1
7 2455 1
7 2456 1
7 2457 37
7 2458 1
7 2459 37
7 2460 1
7 2461 1
7 2462 1
7 2463 37
7 2464 1
7 2465 37
7 2466 1
7 2467 1
7 2468 1
7 2469 37
7 2470 1
7 2471 37
7 2472 1
7 2473 1
7 2474 1
7 2475 1
7 2476 1
7 2477 1
7 2478 1
7 2479 1
7 2480 1
7 2481 37
7 2482 1
7 2483 37
7 2484 1
7 2485 1
7 2486 1
7 2487 37
7 2488 1
7 2489 37
7 2490 1
7 2491 1
7 2492 1
7 2493 37
7 2494 1
7 2495 37
7 2496 1
7 2497 1
7 2498 1
7 2499 1
7 2500 1
7 2501 1
7 2502 1
7 2503 1
7 2504 1
7 2505 37
7 2506 1
7 2507 37
7 2508 1
7 2509 1
7 2510 1
7 2511 37
7 2512 1
7 2513 37
7 2514 1
7 2515 1
7 2516 1
7 2517 37
7 2518 1
7 2519 37
7 2520 1
7 2521 1
7 2522 1
7 2523 1
7 2524 1
7 2525 1
7 2526 1
7 2527 1
7 2528 1
7 2529 1
7 2530 1
7 2531 1
7 2532 1
7 2533 1
7 2534 1
7 2535 1
7 2536 1
7 2537 1
7 2538 1
7 2539 1
7 2540 1
7 2541 1
7 2542 1
7 2543 1
7 2544 1
7 2545 1
7 2546 1
7 2547 1
7 2548 1
7 2549 1
7 2550 1
7 2551 1
7 2552 1
7 2553 37
7 2554 1
7 2555 37
7 2556 1
7 2557 1
7 2558 1
7 2559 37
7 2560 1
7 2561 37
7 2562 1
7 2563 1
7 2564 1
7 2565 37
7 2566 1
7 2567 37
7 2568 1
7 2569 1
7 2570 1
7 2571 1
7 2572 1
7 2573 1
7 2574 1
7 2575 1
7 2576 1
7 2577 37
7 2578 1
7 2579 37
7 2580 1
7 2581 1
7 2582 1
7 2583 37
7 2584 1
7 2585 37
7 2586 1
7 2587 1
7 2588 1
7 2589 37
7 2590 1
7 2591 37
7 2592 1
7 2593 1
7 2594 1
7 2595 1
7 2596 1
7 2597 1
7 2598 1
7 2599 1
7 2600 1
7 2601 37
7 2602 1
7 2603 37
7 2604 1
7 2605 1
7 2606 1
7 2607 37
7 2608 1
7 2609 37
7 2610 1
7 2611 1
7 2612 1
7 2613 37
7 2614 1
7 2615 37
7 2616 1
7 2617 1
7 2618 1
7 2619 1
7 2620 1
7 2621 1
7 2622 1
7 2623 1
7 2624 1
7 2625 37
7 2626 1
7 2627 37
7 2628 1
7 2629 1
7 2630 1
7 2631 37
7 2632 1
7 2633 37
7 2634 1
7 2635 1
7 2636 1
7 2637 37
7 2638 1
7 2639 37
7 2640 1
7 2641 1
7 2642 1
7 2643 1
7 2644 1
7 2645 1
7 2646 1
7 2647 1
7 2648 1
7 2649 1
7 2650 1
7 2651 1
7 2652 1
7 2653 1
7 2654 1
7 2655 1
7 2656 1
7 2657 1
7 2658 1
7 2659 1
7 2660 1
7 2661 1
7 2662 1
7 2663 1
7 2664 1
7 2665 1
7 2666 1
7 2667 1
7 2668 1
7 2669 1
7 2670 1
7 2671 1
7 2672 1
7 2673 37
7 2674 1
7 2675 37
7 2676 1
7 2677 1
7 2678 1
7 2679 37
7 2680 1
7 2681 37
7 2682 1
7 2683 1
7 2684 1
7 2685 37
7 2686 1
7 2687 37
7 2688 1
7 2689 1
7 2690 1
7 2691 1
7 2692 1
7 2693 1
7 2694 1
7 2695 1
7 2696 1
7 2697 37
7 2698 1
7 2699 37
7 2700 1
7 2701 1
7 2702 1
7 2703 37
7 2704 1
7 2705 37
7 2706 1
7 2707 1
7 2708 1
7 2709 37
7 2710 1
7 2711 37
7 2712 1
7 2713 1
7 2714 1
7 2715 1
7 2716 1
7 2717 1
7 2718 1
7 2719 1
7 2720 1
7 2721 37
7 2722 1
7 2723 37
7 2724 1
7 2725 1
7 2726 1
7 2727 37
7 2728 1
7 2729 37
7 2730 1
7 2731 1
7 2732 1
7 2733 37
7 2734 1
7 2735 37
7 2736 1
7 2737 1
7 2738 1
7 2739 1
7 2740 1
7 2741 1
7 2742 1
7 2743 1
7 2744 1
7 2745 37
7 2746 1
7 2747 37
7 2748 1
7 2749 1
7 2750 1
7 2751 37
7 2752 1
7 2753 37
7 2754 1
7 2755 1
7 2756 1
7 2757 37
7 2758 1
7 2759 37
7 2760 1
7 2761 1
7 2762 1
7 2763 1
7 2764 1
7 2765 1
7 2766 1
7 2767 1
7 2768 1
7 2769 1
7 2770 1
7 2771 1
7 2772 1
7 2773 1
7 2774 1
7 2775 1
7 2776 1
7 2777 1
7 2778 1
7 2779 1
7 2780 1
7 2781 1
7 2782 1
7 2783 1
7 2784 1
7 2785 1
7 2786 1
7 2787 1
7 2788 1
7 2789 1
7 2790 1
7 2791 1
7 2792 1
7 2793 37
7 2794 1
7 2795 37
7 2796 1
7 2797 1
7 2798 1
7 2799 37
7 2800 1
7 2801 37
7 2802 1
7 2803 1
7 2804 1
7 2805 37
7 2806 1
7 2807 37
7 2808 1
7 2809 1
7 2810 1
7 2811 1
7 2812 1
7 2813 1
7 2814 1
7 2815 1
7 2816 1
7 2817 37
7 2818 1
7 2819 37
7 2820 1
7 2821 1
7 2822 1
7 2823 37
7 2824 1
7 2825 37
7 2826 1
7 2827 1
7 2828 1
7 2829 37
7 2830 1
7 2831 37
7 2832 1
7 2833 1
7 2834 1
7 2835 1
7 2836 1
7 2837 1
7 2838 1
7 2839 1
7 2840 1
7 2841 37
7 2842 1
7 2843 37
7 2844 1
7 2845 1
7 2846 1
7 2847 37
7 2848 1
7 2849 37
7 2850 1
7 2851 1
7 2852 1
7 2853 37
7 2854 1
7 2855 37
7 2856 1
7 2857 1
7 2858 1
7 2859 1
7 2860 1
7 2861 1
7 2862 1
7 2863 1
7 2864 1
7 2865 37
7 2866 1
7 2867 37
7 2868 1
7 2869 1
7 2870 1
7 2871 37
7 2872 1
7 2873 37
7 2874 1
7 2875 1
7 2876 1
7 2877 37
7 2878 1
7 2879 37
7 2880 1
7 2881 1
7 2882 1
7 2883 1
7 2884 1
7 2885 1
7 2886 1
7 2887 1
7 2888 1
7 2889 1
7 2890 1
7 2891 1
7 2892 1
7 2893 1
7 2894 1
7 2895 1
7 2896 1
7 2897 1
7 2898 1
7 2899 1
7 2900 1
7 2901 1
7 2902 1
7 2903 1
7 2904 1
7 2905 1
7 2906 1
7 2907 1
7 2908 1
7 2909 1
7 2910 1
7 2911 1
7 2912 1
7 2913 1
7 2914 1
7 2915 1
7 2916 1
7 2917 1
7 2918 1
7 2919 1
7 2920 1
7 2921 1
7 2922 1
7 2923 1
7 2924 1
7 2925 1
7 2926 1
7 2927 1
7 2928 1
7 2929 1
7 2930 1
7 2931 1
7 2932 1
7 2933 1
7 2934 1
7 2935 1
7 2936 1
7 2937 1
7 2938 1
7 2939 1
7 2940 1
7 2941 1
7 2942 1
7 2943 1
7 2944 1
7 2945 1
7 2946 1
7 2947 1
7 2948 1
7 2949 1
7 2950 1
7 2951 1
7 2952 1
7 2953 1
7 2954 1
7 2955 1
7 2956 1
7 2957 1
7 2958 1
7 2959 1
7 2960 1
7 2961 1
7 2962 1
7 2963 1
7 2964 1
7 2965 1
7 2966 1
7 2967 1
7 2968 1
7 2969 1
7 2970 1
7 2971 1
7 2972 1
7 2973 1
7 2974 1
7 2975 1
7 2976 1
7 2977 1
7 2978 1
7 2979 1
7 2980 1
7 2981 1
7 2982 1
7 2983 1
7 2984 1
7 2985 1
7 2986 1
7 2987 1
7 2988 1
7 2989 1
7 2990 1
7 2991 1
7 2992 1
7 2993 1
7 2994 1
7 2995 1
7 2996 1
7 2997 1
7 2998 1
7 2999 1
7 3000 1
7 3001 1
7 3002 1
7 3003 1
7 3004 1
7 3005 1
7 3006 1
7 3007 1
7 3008 1
7 3009 1
7 3010 1
7 3011 1
7 3012 1
7 3013 1
7 3014 1
7 3015 1
7 3016 1
7 3017 1
7 3018 1
7 3019 1
7 3020 1
7 3021 1
7 3022 1
7 3023 1
7 3024 1
7 3025 1
7 3026 1
7 3027 1
7 3028 1
7 3029 1
7 3030 1
7 3031 1
7 3032 1
7 3033 37
7 3034 1
7 3035 37
7 3036 1
7 3037 1
7 3038 1
7 3039 37
7 3040 1
7 3041 37
7 3042 1
7 3043 1
7 3044 1
7 3045 37
7 3046 1
7 3047 37
7 3048 1
7 3049 1
7 3050 1
7 3051 1
7 3052 1
7 3053 1
7 3054 1
7 3055 1
7 3056 1
7 3057 37
7 3058 1
7 3059 37
7 3060 1
7 3061 1
7 3062 1
7 3063 37
7 3064 1
7 3065 37
7 3066 1
7 3067 1
7 3068 1
7 3069 37
7 3070 1
7 3071 37
7 3072 1
7 3073 1
7 3074 1
7 3075 1
7 3076 1
7 3077 1
7 3078 1
7 3079 1
7 3080 1
7 3081 37
7 3082 1
7 3083 37
7 3084 1
7 3085 1
7 3086 1
7 3087 37
7 3088 1
7 3089 37
7 3090 1
7 3091 1
7 3092 1
7 3093 37
7 3094 1
7 3095 37
7 3096 1
7 3097 1
7 3098 1
7 3099 1
7 3100 1
7 3101 1
7 3102 1
7 3103 1
7 3104 1
7 3105 37
7 3106 1
7 3107 37
7 3108 1
7 3109 1
7 3110 1
7 3111 37
7 3112 1
7 3113 37
7 3114 1
7 3115 1
7 3116 1
7 3117 37
7 3118 1
7 3119 37
7 3120 1
7 3121 1
7 3122 1
7 3123 1
7 3124 1
7 3125 1
7 3126 1
7 3127 1
7 3128 1
7 3129 1
7 3130 1
7 3131 1
7 3132 1
7 3133 1
7 3134 1
7 3135 1
7 3136 1
7 3137 1
7 3138 1
7 3139 1
7 3140 1
7 3141 1
7 3142 1
7 3143 1
7 3144 1
7 3145 1
7 3146 1
7 3147 1
7 3148 1
7 3149 1
7 3150 1
7 3151 1
7 3152 1
7 3153 37
7 3154 1
7 3155 37
7 3156 1
7 3157 1
7 3158 1
7 3159 37
7 3160 1
7 3161 37
7 3162 1
7 3163 1
7 3164 1
7 3165 37
7 3166 1
7 3167 37
7 3168 1
7 3169 1
7 3170 1
7 3171 1
7 3172 1
7 3173 1
7 3174 1
7 3175 1
7 3176 1
7 3177 37
7 3178 1
7 3179 37
7 3180 1
7 3181 1
7 3182 1
7 3183 37
7 3184 1
7 3185 37
7 3186 1
7 3187 1
7 3188 1
7 3189 37
7 3190 1
7 3191 37
7 3192 1
7 3193 1
7 3194 1
7 3195 1
7 3196 1
7 3197 1
7 3198 1
7 3199 1
7 3200 1
7 3201 37
7 3202 1
7 3203 37
7 3204 1
7 3205 1
7 3206 1
7 3207 37
7 3208 1
7 3209 37
7 3210 1
7 3211 1
7 3212 1
7 3213 37
7 3214 1
7 3215 37
7 3216 1
7 3217 1
7 3218 1
7 3219 1
7 3220 1
7 3221 1
7 3222 1
7 3223 1
7 3224 1
7 3225 37
7 3226 1
7 3227 37
7 3228 1
7 3229 1
7 3230 1
7 3231 37
7 3232 1
7 3233 37
7 3234 1
7 3235 1
7 3236 1
7 3237 37
7 3238 1
7 3239 37
7 3240 1
7 3241 1
7 3242 1
7 3243 1
7 3244 1
7 3245 1
7 3246 1
7 3247 1
7 3248 1
7 3249 1
7 3250 1
7 3251 1
7 3252 1
7 3253 1
7 3254 1
7 3255 1
7 3256 1
7 3257 1
7 3258 1
7 3259 1
7 3260 1
7 3261 1
7 3262 1
7 3263 1
7 3264 1
7 3265 1
7 3266 1
7 3267 1
7 3268 1
7 3269 1
7 3270 1
7 3271 1
7 3272 1
7 3273 37
7 3274 1
7 3275 37
7 3276 1
7 3277 1
7 3278 1
7 3279 37
7 3280 1
7 3281 37
7 3282 1
7 3283 1
7 3284 1
7 3285 37
7 3286 1
7 3287 37
7 3288 1
7 3289 1
7 3290 1
7 3291 1
7 3292 1
7 3293 1
7 3294 1
7 3295 1
7 3296 1
7 3297 37
7 3298 1
7 3299 37
7 3300 1
7 3301 1
7 3302 1
7 3303 37
7 3304 1
7 3305 37
7 3306 1
7 3307 1
7 3308 1
7 3309 37
7 3310 1
7 3311 37
7 3312 1
7 3313 1
7 3314 1
7 3315 1
7 3316 1
7 3317 1
7 3318 1
7 3319 1
7 3320 1
7 3321 37
7 3322 1
7 3323 37
7 3324 1
7 3325 1
7 3326 1
7 3327 37
7 3328 1
7 3329 37
7 3330 1
7 3331 1
7 3332 1
7 3333 37
7 3334 1
7 3335 37
7 3336 1
7 3337 1
7 3338 1
7 3339 1
7 3340 1
7 3341 1
7 3342 1
7 3343 1
7 3344 1
7 3345 37
7 3346 1
7 3347 37
7 3348 1
7 3349 1
7 3350 1
7 3351 37
7 3352 1
7 3353 37
7 3354 1
7 3355 1
7 3356 1
7 3357 37
7 3358 1
7 3359 37
7 3360 1
7 3361 1
7 3362 1
7 3363 1
7 3364 1
7 3365 1
7 3366 1
7 3367 1
7 3368 1
7 3369 1
7 3370 1
7 3371 1
7 3372 1
7 3373 1
7 3374 1
7 3375 1
7 3376 1
7 3377 1
7 3378 1
7 3379 1
7 3380 1
7 3381 1
7 3382 1
7 3383 1
7 3384 1
7 3385 1
7 3386 1
7 3387 1
7 3388 1
7 3389 1
7 3390 1
7 3391 1
7 3392 1
7 3393 37
7 3394 1
7 3395 37
7 3396 1
7 3397 1
7 3398 1
7 3399 37
7 3400 1
7 3401 37
7 3402 1
7 3403 1
7 3404 1
7 3405 37
7 3406 1
7 3407 37
7 3408 1
7 3409 1
7 3410 1
7 3411 1
7 3412 1
7 3413 1
7 3414 1
7 3415 1
7 3416 1
7 3417 37
7 3418 1
7 3419 37
7 3420 1
7 3421 1
7 3422 1
7 3423 37
7 3424 1
7 3425 37
7 3426 1
7 3427 1
7 3428 1
7 3429 37
7 3430 1
7 3431 37
7 3432 1
7 3433 1
7 3434 1
7 3435 1
7 3436 1
7 3437 1
7 3438 1
7 3439 1
7 3440 1
7 3441 37
7 3442 1
7 3443 37
7 3444 1
7 3445 1
7 3446 1
7 3447 37
7 3448 1
7 3449 37
7 3450 1
7 3451 1
7 3452 1
7 3453 37
7 3454 1
7 3455 37
7 3456 1
7 3457 1
7 3458 1
7 3459 1
7 3460 1
7 3461 1
7 3462 1
7 3463 1
7 3464 1
7 3465 37
7 3466 1
7 3467 37
7 3468 1
7 3469 1
7 3470 1
7 3471 37
7 3472 1
7 3473 37
7 3474 1
7 3475 1
7 3476 1
7 3477 37
7 3478 1
7 3479 37
7 3480 1
7 3481 1
7 3482 1
7 3483 1
7 3484 1
7 3485 1
7 3486 1
7 3487 1
7 3488 1
7 3489 1
7 3490 1
7 3491 1
7 3492 1
7 3493 1
7 3494 1
7 3495 1
7 3496 1
7 3497 1
7 3498 1
7 3499 1
7 3500 1
7 3501 1
7 3502 1
7 3503 1
7 3504 1
7 3505 1
7 3506 1
7 3507 1
7 3508 1
7 3509 1
7 3510 1
7 3511 1
7 3512 1
7 3513 37
7 3514 1
7 3515 37
7 3516 1
7 3517 1
7 3518 1
7 3519 37
7 3520 1
7 3521 37
7 3522 1
7 3523 1
7 3524 1
7 3525 37
7 3526 1
7 3527 37
7 3528 1
7 3529 1
7 3530 1
7 3531 1
7 3532 1
7 3533 1
7 3534 1
7 3535 1
7 3536 1
7 3537 37
7 3538 1
7 3539 37
7 3540 1
7 3541 1
7 3542 1
7 3543 37
7 3544 1
7 3545 37
7 3546 1
7 3547 1
7 3548 1
7 3549 37
7 3550 1
7 3551 37
7 3552 1
7 3553 1
7 3554 1
7 3555 1
7 3556 1
7 3557 1
7 3558 1
7 3559 1
7 3560 1
7 3561 37
7 3562 1
7 3563 37
7 3564 1
7 3565 1
7 3566 1
7 3567 37
7 3568 1
7 3569 37
7 3570 1
7 3571 1
7 3572 1
7 3573 37
7 3574 1
7 3575 37
7 3576 1
7 3577 1
7 3578 1
7 3579 1
7 3580 1
7 3581 1
7 3582 1
7 3583 1
7 3584 1
7 3585 37
7 3586 1
7 3587 37
7 3588 1
7 3589 1
7 3590 1
7 3591 37
7 3592 1
7 3593 37
7 3594 1
7 3595 1
7 3596 1
7 3597 37
7 3598 1
7 3599 37
7 3600 1
7 3601 1
7 3602 1
7 3603 1
7 3604 1
7 3605 1
7 3606 1
7 3607 1
7 3608 1
7 3609 1
7 3610 1
7 3611 1
7 3612 1
7 3613 1
7 3614 1
7 3615 1
7 3616 1
7 3617 1
7 3618 1
7 3619 1
7 3620 1
7 3621 1
7 3622 1
7 3623 1
7 3624 1
7 3625 1
7 3626 1
7 3627 1
7 3628 1
7 3629 1
7 3630 1
7 3631 1
7 3632 1
7 3633 1
7 3634 1
7 3635 1
7 3636 1
7 3637 1
7 3638 1
7 3639 1
7 3640 1
7 3641 1
7 3642 1
7 3643 1
7 3644 1
7 3645 1
7 3646 1
7 3647 1
7 3648 1
7 3649 1
7 3650 1
7 3651 1
7 3652 1
7 3653 1
7 3654 1
7 3655 1
7 3656 1
7 3657 1
7 3658 1
7 3659 1
7 3660 1
7 3661 1
7 3662 1
7 3663 1
7 3664 1
7 3665 1
7 3666 1
7 3667 1
7 3668 1
7 3669 1
7 3670 1
7 3671 1
7 3672 1
7 3673 1
7 3674 1
7 3675 1
7 3676 1
7 3677 1
7 3678 1
7 3679 1
7 3680 1
7 3681 1
7 3682 1
7 3683 1
7 3684 1
7 3685 1
7 3686 1
7 3687 1
7 3688 1
7 3689 1
7 3690 1
7 3691 1
7 3692 1
7 3693 1
7 3694 1
7 3695 1
7 3696 1
7 3697 1
7 3698 1
7 3699 1
7 3700 1
7 3701 1
7 3702 1
7 3703 1
7 3704 1
7 3705 1
7 3706 1
7 3707 1
7 3708 1
7 3709 1
7 3710 1
7 3711 1
7 3712 1
7 3713 1
7 3714 1
7 3715 1
7 3716 1
7 3717 1
7 3718 1
7 3719 1
7 3720 1
7 3721 1
7 3722 1
7 3723 1
7 3724 1
7 3725 1
7 3726 1
7 3727 1
7 3728 1
7 3729 1
7 3730 1
7 3731 1
7 3732 1
7 3733 1
7 3734 1
7 3735 1
7 3736 1
7 3737 1
7 3738 1
7 3739 1
7 3740 1
7 3741 1
7 3742 1
7 3743 1
7 3744 1
7 3745 1
7 3746 1
7 3747 1
7 3748 1
7 3749 1
7 3750 1
7 3751 1
7 3752 1
7 3753 37
7 3754 1
7 3755 37
7 3756 1
7 3757 1
7 3758 1
7 3759 37
7 3760 1
7 3761 37
7 3762 1
7 3763 1
7 3764 1
7 3765 37
7 3766 1
7 3767 37
7 3768 1
7 3769 1
7 3770 1
7 3771 1
7 3772 1
7 3773 1
7 3774 1
7 3775 1
7 3776 1
7 3777 37
7 3778 1
7 3779 37
7 3780 1
7 3781 1
7 3782 1
7 3783 37
7 3784 1
7 3785 37
7 3786 1
7 3787 1
7 3788 1
7 3789 37
7 3790 1
7 3791 37
7 3792 1
7 3793 1
7 3794 1
7 3795 1
7 3796 1
7 3797 1
7 3798 1
7 3799 1
7 3800 1
7 3801 37
7 3802 1
7 3803 37
7 3804 1
7 3805 1
7 3806 1
7 3807 37
7 3808 1
7 3809 37
7 3810 1
7 3811 1
7 3812 1
7 3813 37
7 3814 1
7 3815 37
7 3816 1
7 3817 1
7 3818 1
7 3819 1
7 3820 1
7 3821 1
7 3822 1
7 3823 1
7 3824 1
7 3825 37
7 3826 1
7 3827 37
7 3828 1
7 3829 1
7 3830 1
7 3831 37
7 3832 1
7 3833 37
7 3834 1
7 3835 1
7 3836 1
7 3837 37
7 3838 1
7 3839 37
7 3840 1
7 3841 1
7 3842 1
7 3843 1
7 3844 1
7 3845 1
7 3846 1
7 3847 1
7 3848 1
7 3849 1
7 3850 1
7 3851 1
7 3852 1
7 3853 1
7 3854 1
7 3855 1
7 3856 1
7 3857 1
7 3858 1
7 3859 1
7 3860 1
7 3861 1
7 3862 1
7 3863 1
7 3864 1
7 3865 1
7 3866 1
7 3867 1
7 3868 1
7 3869 1
7 3870 1
7 3871 1
7 3872 1
7 3873 37
7 3874 1
7 3875 37
7 3876 1
7 3877 1
7 3878 1
7 3879 37
7 3880 1
7 3881 37
7 3882 1
7 3883 1
7 3884 1
7 3885 37
7 3886 1
7 3887 37
7 3888 1
7 3889 1
7 3890 1
7 3891 1
7 3892 1
7 3893 1
7 3894 1
7 3895 1
7 3896 1
7 3897 37
7 3898 1
7 3899 37
7 3900 1
7 3901 1
7 3902 1
7 3903 37
7 3904 1
7 3905 37
7 3906 1
7 3907 1
7 3908 1
7 3909 37
7 3910 1
7 3911 37
7 3912 1
7 3913 1
7 3914 1
7 3915 1
7 3916 1
7 3917 1
7 3918 1
7 3919 1
7 3920 1
7 3921 37
7 3922 1
7 3923 37
7 3924 1
7 3925 1
7 3926 1
7 3927 37
7 3928 1
7 3929 37
7 3930 1
7 3931 1
7 3932 1
7 3933 37
7 3934 1
7 3935 37
7 3936 1
7 3937 1
7 3938 1
7 3939 1
7 3940 1
7 3941 1
7 3942 1
7 3943 1
7 3944 1
7 3945 37
7 3946 1
7 3947 37
7 3948 1
7 3949 1
7 3950 1
7 3951 37
7 3952 1
7 3953 37
7 3954 1
7 3955 1
7 3956 1
7 3957 37
7 3958 1
7 3959 37
7 3960 1
7 3961 1
7 3962 1
7 3963 1
7 3964 1
7 3965 1
7 3966 1
7 3967 1
7 3968 1
7 3969 1
7 3970 1
7 3971 1
7 3972 1
7 3973 1
7 3974 1
7 3975 1
7 3976 1
7 3977 1
7 3978 1
7 3979 1
7 3980 1
7 3981 1
7 3982 1
7 3983 1
7 3984 1
7 3985 1
7 3986 1
7 3987 1
7 3988 1
7 3989 1
7 3990 1
7 3991 1
7 3992 1
7 3993 37
7 3994 1
7 3995 37
7 3996 1
7 3997 1
7 3998 1
7 3999 37
7 4000 1
7 4001 37
7 4002 1
7 4003 1
7 4004 1
7 4005 37
7 4006 1
7 4007 37
7 4008 1
7 4009 1
7 4010 1
7 4011 1
7 4012 1
7 4013 1
7 4014 1
7 4015 1
7 4016 1
7 4017 37
7 4018 1
7 4019 37
7 4020 1
7 4021 1
7 4022 1
7 4023 37
7 4024 1
7 4025 37
7 4026 1
7 4027 1
7 4028 1
7 4029 37
7 4030 1
7 4031 37
7 4032 1
7 4033 1
7 4034 1
7 4035 1
7 4036 1
7 4037 1
7 4038 1
7 4039 1
7 4040 1
7 4041 37
7 4042 1
7 4043 37
7 4044 1
7 4045 1
7 4046 1
7 4047 37
7 4048 1
7 4049 37
7 4050 1
7 4051 1
7 4052 1
7 4053 37
7 4054 1
7 4055 37
7 4056 1
7 4057 1
7 4058 1
7 4059 1
7 4060 1
7 4061 1
7 4062 1
7 4063 1
7 4064 1
7 4065 37
7 4066 1
7 4067 37
7 4068 1
7 4069 1
7 4070 1
7 4071 37
7 4072 1
7 4073 37
7 4074 1
7 4075 1
7 4076 1
7 4077 37
7 4078 1
7 4079 37
7 4080 1
7 4081 1
7 4082 1
7 4083 1
7 4084 1
7 4085 1
7 4086 1
7 4087 1
7 4088 1
7 4089 1
7 4090 1
7 4091 1
7 4092 1
7 4093 1
7 4094 1
7 4095 1
7 4096 1
7 4097 1
7 4098 1
7 4099 1
7 4100 1
7 4101 1
7 4102 1
7 4103 1
7 4104 1
7 4105 1
7 4106 1
7 4107 1
7 4108 1
7 4109 1
7 4110 1
7 4111 1
7 4112 1
7 4113 37
7 4114 1
7 4115 37
7 4116 1
7 4117 1
7 4118 1
7 4119 37
7 4120 1
7 4121 37
7 4122 1
7 4123 1
7 4124 1
7 4125 37
7 4126 1
7 4127 37
7 4128 1
7 4129 1
7 4130 1
7 4131 1
7 4132 1
7 4133 1
7 4134 1
7 4135 1
7 4136 1
7 4137 37
7 4138 1
7 4139 37
7 4140 1
7 4141 1
7 4142 1
7 4143 37
7 4144 1
7 4145 37
7 4146 1
7 4147 1
7 4148 1
7 4149 37
7 4150 1
7 4151 37
7 4152 1
7 4153 1
7 4154 1
7 4155 1
7 4156 1
7 4157 1
7 4158 1
7 4159 1
7 4160 1
7 4161 37
7 4162 1
7 4163 37
7 4164 1
7 4165 1
7 4166 1
7 4167 37
7 4168 1
7 4169 37
7 4170 1
7 4171 1
7 4172 1
7 4173 37
7 4174 1
7 4175 37
7 4176 1
7 4177 1
7 4178 1
7 4179 1
7 4180 1
7 4181 1
7 4182 1
7 4183 1
7 4184 1
7 4185 37
7 4186 1
7 4187 37
7 4188 1
7 4189 1
7 4190 1
7 4191 37
7 4192 1
7 4193 37
7 4194 1
7 4195 1
7 4196 1
7 4197 37
7 4198 1
7 4199 37
7 4200 1
7 4201 1
7 4202 1
7 4203 1
7 4204 1
7 4205 1
7 4206 1
7 4207 1
7 4208 1
7 4209 1
7 4210 1
7 4211 1
7 4212 1
7 4213 1
7 4214 1
7 4215 1
7 4216 1
7 4217 1
7 4218 1
7 4219 1
7 4220 1
7 4221 1
7 4222 1
7 4223 1
7 4224 1
7 4225 1
7 4226 1
7 4227 1
7 4228 1
7 4229 1
7 4230 1
7 4231 1
7 4232 1
7 4233 37
7 4234 1
7 4235 37
7 4236 1
7 4237 1
7 4238 1
7 4239 37
7 4240 1
7 4241 37
7 4242 1
7 4243 1
7 4244 1
7 4245 37
7 4246 1
7 4247 37
7 4248 1
7 4249 1
7 4250 1
7 4251 1
7 4252 1
7 4253 1
7 4254 1
7 4255 1
7 4256 1
7 4257 37
7 4258 1
7 4259 37
7 4260 1
7 4261 1
7 4262 1
7 4263 37
7 4264 1
7 4265 37
7 4266 1
7 4267 1
7 4268 1
7 4269 37
7 4270 1
7 4271 37
7 4272 1
7 4273 1
7 4274 1
7 4275 1
7 4276 1
7 4277 1
7 4278 1
7 4279 1
7 4280 1
7 4281 37
7 4282 1
7 4283 37
7 4284 1
7 4285 1
7 4286 1
7 4287 37
7 4288 1
7 4289 37
7 4290 1
7 4291 1
7 4292 1
7 4293 37
7 4294 1
7 4295 37
7 4296 1
7 4297 1
7 4298 1
7 4299 1
7 4300 1
7 4301 1
7 4302 1
7 4303 1
7 4304 1
7 4305 37
7 4306 1
7 4307 37
7 4308 1
7 4309 1
7 4310 1
7 4311 37
7 4312 1
7 4313 37
7 4314 1
7 4315 1
7 4316 1
7 4317 37
7 4318 1
7 4319 37
7 4320 1
7 4321 1
7 4322 1
7 4323 1
7 4324 1
7 4325 1
7 4326 1
7 4327 1
7 4328 1
7 4329 1
7 4330 1
7 4331 1
7 4332 1
7 4333 1
7 4334 1
7 4335 1
7 4336 1
7 4337 1
7 4338 1
7 4339 1
7 4340 1
7 4341 1
7 4342 1
7 4343 1
7 4344 1
7 4345 1
7 4346 1
7 4347 1
7 4348 1
7 4349 1
7 4350 1
7 4351 1
7 4352 1
7 4353 1
7 4354 1
7 4355 1
7 4356 1
7 4357 1
7 4358 1
7 4359 1
7 4360 1
7 4361 1
7 4362 1
7 4363 1
7 4364 1
7 4365 1
7 4366 1
7 4367 1
7 4368 1
7 4369 1
7 4370 1
7 4371 1
7 4372 1
7 4373 1
7 4374 1
7 4375 1
7 4376 1
7 4377 1
7 4378 1
7 4379 1
7 4380 1
7 4381 1
7 4382 1
7 4383 1
7 4384 1
7 4385 1
7 4386 1
7 4387 1
7 4388 1
7 4389 1
7 4390 1
7 4391 1
7 4392 1
7 4393 1
7 4394 1
7 4395 1
7 4396 1
7 4397 1
7 4398 1
7 4399 1
7 4400 1
7 4401 1
7 4402 1
7 4403 1
7 4404 1
7 4405 1
7 4406 1
7 4407 1
7 4408 1
7 4409 1
7 4410 1
7 4411 1
7 4412 1
7 4413 1
7 4414 1
7 4415 1
7 4416 1
7 4417 1
7 4418 1
7 4419 1
7 4420 1
7 4421 1
7 4422 1
7 4423 1
7 4424 1
7 4425 1
7 4426 1
7 4427 1
7 4428 1
7 4429 1
7 4430 1
7 4431 1
7 4432 1
7 4433 1
7 4434 1
7 4435 1
7 4436 1
7 4437 1
7 4438 1
7 4439 1
7 4440 1
7 4441 1
7 4442 1
7 4443 1
7 4444 1
7 4445 1
7 4446 1
7 4447 1
7 4448 1
7 4449 1
7 4450 1
7 4451 1
7 4452 1
7 4453 1
7 4454 1
7 4455 1
7 4456 1
7 4457 1
7 4458 1
7 4459 1
7 4460 1
7 4461 1
7 4462 1
7 4463 1
7 4464 1
7 4465 1
7 4466 1
7 4467 1
7 4468 1
7 4469 1
7 4470 1
7 4471 1
7 4472 1
7 4473 37
7 4474 1
7 4475 37
7 4476 1
7 4477 1
7 4478 1
7 4479 37
7 4480 1
7 4481 37
7 4482 1
7 4483 1
7 4484 1
7 4485 37
7 4486 1
7 4487 37
7 4488 1
7 4489 1
7 4490 1
7 4491 1
7 4492 1
7 4493 1
7 4494 1
7 4495 1
7 4496 1
7 4497 37
7 4498 1
7 4499 37
7 4500 1
7 4501 1
7 4502 1
7 4503 37
7 4504 1
7 4505 37
7 4506 1
7 4507 1
7 4508 1
7 4509 37
7 4510 1
7 4511 37
7 4512 1
7 4513 1
7 4514 1
7 4515 1
7 4516 1
7 4517 1
7 4518 1
7 4519 1
7 4520 1
7 4521 37
7 4522 1
7 4523 37
7 4524 1
7 4525 1
7 4526 1
7 4527 37
7 4528 1
7 4529 37
7 4530 1
7 4531 1
7 4532 1
7 4533 37
7 4534 1
7 4535 37
7 4536 1
7 4537 1
7 4538 1
7 4539 1
7 4540 1
7 4541 1
7 4542 1
7 4543 1
7 4544 1
7 4545 37
7 4546 1
7 4547 37
7 4548 1
7 4549 1
7 4550 1
7 4551 37
7 4552 1
7 4553 37
7 4554 1
7 4555 1
7 4556 1
7 4557 37
7 4558 1
7 4559 37
7 4560 1
7 4561 1
7 4562 1
7 4563 1
7 4564 1
7 4565 1
7 4566 1
7 4567 1
7 4568 1
7 4569 1
7 4570 1
7 4571 1
7 4572 1
7 4573 1
7 4574 1
7 4575 1
7 4576 1
7 4577 1
7 4578 1
7 4579 1
7 4580 1
7 4581 1
7 4582 1
7 4583 1
7 4584 1
7 4585 1
7 4586 1
7 4587 1
7 4588 1
7 4589 1
7 4590 1
7 4591 1
7 4592 1
7 4593 37
7 4594 1
7 4595 37
7 4596 1
7 4597 1
7 4598 1
7 4599 37
7 4600 1
7 4601 37
7 4602 1
7 4603 1
7 4604 1
7 4605 37
7 4606 1
7 4607 37
7 4608 1
7 4609 1
7 4610 1
7 4611 1
7 4612 1
7 4613 1
7 4614 1
7 4615 1
7 4616 1
7 4617 37
7 4618 1
7 4619 37
7 4620 1
7 4621 1
7 4622 1
7 4623 37
7 4624 1
7 4625 37
7 4626 1
7 4627 1
7 4628 1
7 4629 37
7 4630 1
7 4631 37
7 4632 1
7 4633 1
7 4634 1
7 4635 1
7 4636 1
7 4637 1
7 4638 1
7 4639 1
7 4640 1
7 4641 37
7 4642 1
7 4643 37
7 4644 1
7 4645 1
7 4646 1
7 4647 37
7 4648 1
7 4649 37
7 4650 1
7 4651 1
7 4652 1
7 4653 37
7 4654 1
7 4655 37
7 4656 1
7 4657 1
7 4658 1
7 4659 1
7 4660 1
7 4661 1
7 4662 1
7 4663 1
7 4664 1
7 4665 37
7 4666 1
7 4667 37
7 4668 1
7 4669 1
7 4670 1
7 4671 37
7 4672 1
7 4673 37
7 4674 1
7 4675 1
7 4676 1
7 4677 37
7 4678 1
7 4679 37
7 4680 1
7 4681 1
7 4682 1
7 4683 1
7 4684 1
7 4685 1
7 4686 1
7 4687 1
7 4688 1
7 4689 1
7 4690 1
7 4691 1
7 4692 1
7 4693 1
7 4694 1
7 4695 1
7 4696 1
7 4697 1
7 4698 1
7 4699 1
7 4700 1
7 4701 1
7 4702 1
7 4703 1
7 4704 1
7 4705 1
7 4706 1
7 4707 1
7 4708 1
7 4709 1
7 4710 1
7 4711 1
7 4712 1
7 4713 37
7 4714 1
7 4715 37
7 4716 1
7 4717 1
7 4718 1
7 4719 37
7 4720 1
7 4721 37
7 4722 1
7 4723 1
7 4724 1
7 4725 37
7 4726 1
7 4727 37
7 4728 1
7 4729 1
7 4730 1
7 4731 1
7 4732 1
7 4733 1
7 4734 1
7 4735 1
7 4736 1
7 4737 37
7 4738 1
7 4739 37
7 4740 1
7 4741 1
7 4742 1
7 4743 37
7 4744 1
7 4745 37
7 4746 1
7 4747 1
7 4748 1
7 4749 37
7 4750 1
7 4751 37
7 4752 1
7 4753 1
7 4754 1
7 4755 1
7 4756 1
7 4757 1
7 4758 1
7 4759 1
7 4760 1
7 4761 37
7 4762 1
7 4763 37
7 4764 1
7 4765 1
7 4766 1
7 4767 37
7 4768 1
7 4769 37
7 4770 1
7 4771 1
7 4772 1
7 4773 37
7 4774 1
7 4775 37
7 4776 1
7 4777 1
7 4778 1
7 4779 1
7 4780 1
7 4781 1
7 4782 1
7 4783 1
7 4784 1
7 4785 37
7 4786 1
7 4787 37
7 4788 1
7 4789 1
7 4790 1
7 4791 37
7 4792 1
7 4793 37
7 4794 1
7 4795 1
7 4796 1
7 4797 37
7 4798 1
7 4799 37
7 4800 1
7 4801 1
7 4802 1
7 4803 1
7 4804 1
7 4805 1
7 4806 1
7 4807 1
7 4808 1
7 4809 1
7 4810 1
7 4811 1
7 4812 1
7 4813 1
7 4814 1
7 4815 1
7 4816 1
7 4817 1
7 4818 1
7 4819 1
7 4820 1
7 4821 1
7 4822 1
7 4823 1
7 4824 1
7 4825 1
7 4826 1
7 4827 1
7 4828 1
7 4829 1
7 4830 1
7 4831 1
7 4832 1
7 4833 37
7 4834 1
7 4835 37
7 4836 1
7 4837 1
7 4838 1
7 4839 37
7 4840 1
7 4841 37
7 4842 1
7 4843 1
7 4844 1
7 4845 37
7 4846 1
7 4847 37
7 4848 1
7 4849 1
7 4850 1
7 4851 1
7 4852 1
7 4853 1
7 4854 1
7 4855 1
7 4856 1
7 4857 37
7 4858 1
7 4859 37
7 4860 1
7 4861 1
7 4862 1
7 4863 37
7 4864 1
7 4865 37
7 4866 1
7 4867 1
7 4868 1
7 4869 37
7 4870 1
7 4871 37
7 4872 1
7 4873 1
7 4874 1
7 4875 1
7 4876 1
7 4877 1
7 4878 1
7 4879 1
7 4880 1
7 4881 37
7 4882 1
7 4883 37
7 4884 1
7 4885 1
7 4886 1
7 4887 37
7 4888 1
7 4889 37
7 4890 1
7 4891 1
7 4892 1
7 4893 37
7 4894 1
7 4895 37
7 4896 1
7 4897 1
7 4898 1
7 4899 1
7 4900 1
7 4901 1
7 4902 1
7 4903 1
7 4904 1
7 4905 37
7 4906 1
7 4907 37
7 4908 1
7 4909 1
7 4910 1
7 4911 37
7 4912 1
7 4913 37
7 4914 1
7 4915 1
7 4916 1
7 4917 37
7 4918 1
7 4919 37
7 4920 1
7 4921 1
7 4922 1
7 4923 1
7 4924 1
7 4925 1
7 4926 1
7 4927 1
7 4928 1
7 4929 1
7 4930 1
7 4931 1
7 4932 1
7 4933 1
7 4934 1
7 4935 1
7 4936 1
7 4937 1
7 4938 1
7 4939 1
7 4940 1
7 4941 1
7 4942 1
7 4943 1
7 4944 1
7 4945 1
7 4946 1
7 4947 1
7 4948 1
7 4949 1
7 4950 1
7 4951 1
7 4952 1
7 4953 37
7 4954 1
7 4955 37
7 4956 1
7 4957 1
7 4958 1
7 4959 37
7 4960 1
7 4961 37
7 4962 1
7 4963 1
7 4964 1
7 4965 37
7 4966 1
7 4967 37
7 4968 1
7 4969 1
7 4970 1
7 4971 1
7 4972 1
7 4973 1
7 4974 1
7 4975 1
7 4976 1
7 4977 37
7 4978 1
7 4979 37
7 4980 1
7 4981 1
7 4982 1
7 4983 37
7 4984 1
7 4985 37
7 4986 1
7 4987 1
7 4988 1
7 4989 37
7 4990 1
7 4991 37
7 4992 1
7 4993 1
7 4994 1
7 4995 1
7 4996 1
7 4997 1
7 4998 1
7 4999 1
7 5000 1
7 5001 37
7 5002 1
7 5003 37
7 5004 1
7 5005 1
7 5006 1
7 5007 37
7 5008 1
7 5009 37
7 5010 1
7 5011 1
7 5012 1
7 5013 37
7 5014 1
7 5015 37
7 5016 1
7 5017 1
7 5018 1
7 5019 1
7 5020 1
7 5021 1
7 5022 1
7 5023 1
7 5024 1
7 5025 37
7 5026 1
7 5027 37
7 5028 1
7 5029 1
7 5030 1
7 5031 37
7 5032 1
7 5033 37
7 5034 1
7 5035 1
7 5036 1
7 5037 37
7 5038 1
7 5039 37
