3 0 5040
3 1 5040
3 2 5040
3 3 5012
3 4 4995
3 5 4923
4 0 4191
4 1 4700
4 2 4173
4 3 4533
4 4 4745
4 5 4527
4 6 4494
4 7 4662
4 8 4618
4 9 3968
4 10 4730
4 11 4090
4 12 3711
4 13 3894
4 14 3677
4 15 3161
4 16 3894
4 17 3113
4 18 3819
4 19 3515
4 20 3852
4 21 2503
4 22 3515
4 23 2504
5 0 978
5 1 2093
5 2 978
5 3 2556
5 4 2093
5 5 2556
5 6 975
5 7 2089
5 8 1003
5 9 1319
5 10 2124
5 11 1367
5 12 1005
5 13 2609
5 14 963
5 15 1363
5 16 2628
5 17 1323
5 18 2134
5 19 2620
5 20 2125
5 21 1325
5 22 2628
5 23 1307
5 24 2058
5 25 3120
5 26 2058
5 27 2724
5 28 3120
5 29 2724
5 30 2080
5 31 3154
5 32 2154
5 33 1608
5 34 3154
5 35 1616
5 36 2148
5 37 2798
5 38 2154
5 39 1616
5 40 2810
5 41 1616
5 42 3128
5 43 2804
5 44 3160
5 45 1616
5 46 2856
5 47 1616
5 48 1550
5 49 1994
5 50 1613
5 51 1378
5 52 2031
5 53 1380
5 54 1550
5 55 1989
5 56 1633
5 57 1082
5 58 2025
5 59 1082
5 60 1619
5 61 1359
5 62 1614
5 63 1099
5 64 1342
5 65 1081
5 66 2030
5 67 1397
5 68 2066
5 69 1099
5 70 1386
5 71 1100
5 72 577
5 73 1512
5 74 578
5 75 779
5 76 1515
5 77 762
5 78 576
5 79 1514
5 80 576
5 81 460
5 82 1528
5 83 460
5 84 579
5 85 779
5 86 562
5 87 459
5 88 780
5 89 459
5 90 1501
5 91 760
5 92 1516
5 93 458
5 94 760
5 95 458
5 96 1232
5 97 1502
5 98 1231
5 99 761
5 100 1515
5 101 761
5 102 1232
5 103 1502
5 104 1244
5 105 458
5 106 1515
5 107 460
5 108 1244
5 109 761
5 110 1232
5 111 460
5 112 760
5 113 458
5 114 1501
5 115 760
5 116 1516
5 117 458
5 118 760
5 119 458
6 0 66
6 1 138
6 2 66
6 3 573
6 4 138
6 5 573
6 6 66
6 7 138
6 8 66
6 9 362
6 10 138
6 11 363
6 12 66
6 13 573
6 14 66
6 15 363
6 16 573
6 17 362
6 18 138
6 19 573
6 20 138
6 21 362
6 22 573
6 23 362
6 24 66
6 25 138
6 26 66
6 27 573
6 28 138
6 29 573
6 30 67
6 31 140
6 32 67
6 33 67
6 34 140
6 35 67
6 36 67
6 37 586
6 38 67
6 39 67
6 40 590
6 41 67
6 42 139
6 43 586
6 44 140
6 45 67
6 46 590
6 47 67
6 48 67
6 49 140
6 50 67
6 51 370
6 52 140
6 53 370
6 54 66
6 55 137
6 56 67
6 57 67
6 58 138
6 59 67
6 60 67
6 61 370
6 62 67
6 63 67
6 64 369
6 65 67
6 66 140
6 67 371
6 68 140
6 69 67
6 70 370
6 71 67
6 72 67
6 73 586
6 74 67
6 75 371
6 76 586
6 77 370
6 78 67
6 79 586
6 80 67
6 81 67
6 82 588
6 83 67
6 84 67
6 85 370
6 86 66
6 87 67
6 88 370
6 89 67
6 90 589
6 91 370
6 92 589
6 93 67
6 94 370
6 95 67
6 96 139
6 97 586
6 98 139
6 99 370
6 100 586
6 101 370
6 102 139
6 103 586
6 104 140
6 105 67
6 106 588
6 107 67
6 108 140
6 109 370
6 110 137
6 111 67
6 112 370
6 113 67
6 114 589
6 115 370
6 116 589
6 117 67
6 118 369
6 119 66
6 120 254
6 121 740
6 122 254
6 123 1132
6 124 740
6 125 1132
6 126 254
6 127 740
6 128 254
6 129 474
6 130 740
6 131 486
6 132 254
6 133 1132
6 134 254
6 135 486
6 136 1132
6 137 474
6 138 740
6 139 1132
6 140 740
6 141 474
6 142 1132
6 143 474
6 144 254
6 145 740
6 146 254
6 147 1132
6 148 740
6 149 1132
6 150 254
6 151 748
6 152 254
6 153 254
6 154 748
6 155 254
6 156 254
6 157 1132
6 158 254
6 159 254
6 160 1132
6 161 254
6 162 740
6 163 1132
6 164 748
6 165 254
6 166 1132
6 167 254
6 168 254
6 169 748
6 170 254
6 171 492
6 172 750
6 173 494
6 174 254
6 175 748
6 176 254
6 177 254
6 178 748
6 179 254
6 180 254
6 181 482
6 182 254
6 183 254
6 184 482
6 185 254
6 186 750
6 187 494
6 188 750
6 189 254
6 190 494
6 191 254
6 192 254
6 193 1132
6 194 254
6 195 494
6 196 1132
6 197 482
6 198 254
6 199 1132
6 200 254
6 201 254
6 202 1132
6 203 254
6 204 254
6 205 494
6 206 254
6 207 254
6 208 494
6 209 254
6 210 1132
6 211 482
6 212 1132
6 213 254
6 214 490
6 215 254
6 216 740
6 217 1132
6 218 740
6 219 482
6 220 1132
6 221 482
6 222 740
6 223 1132
6 224 748
6 225 254
6 226 1132
6 227 254
6 228 748
6 229 490
6 230 748
6 231 254
6 232 490
6 233 254
6 234 1132
6 235 482
6 236 1132
6 237 254
6 238 490
6 239 254
6 240 351
6 241 681
6 242 351
6 243 615
6 244 681
6 245 615
6 246 354
6 247 688
6 248 369
6 249 248
6 250 689
6 251 248
6 252 367
6 253 629
6 254 369
6 255 248
6 256 644
6 257 248
6 258 682
6 259 631
6 260 689
6 261 248
6 262 644
6 263 248
6 264 351
6 265 681
6 266 351
6 267 615
6 268 681
6 269 615
6 270 354
6 271 689
6 272 368
6 273 247
6 274 689
6 275 247
6 276 367
6 277 629
6 278 368
6 279 247
6 280 630
6 281 247
6 282 681
6 283 618
6 284 689
6 285 247
6 286 630
6 287 247
6 288 354
6 289 688
6 290 369
6 291 249
6 292 688
6 293 249
6 294 354
6 295 688
6 296 369
6 297 248
6 298 688
6 299 248
6 300 368
6 301 248
6 302 368
6 303 248
6 304 247
6 305 247
6 306 688
6 307 250
6 308 688
6 309 250
6 310 248
6 311 248
6 312 367
6 313 639
6 314 369
6 315 250
6 316 631
6 317 250
6 318 368
6 319 642
6 320 369
6 321 249
6 322 644
6 323 249
6 324 369
6 325 249
6 326 368
6 327 249
6 328 248
6 329 248
6 330 631
6 331 249
6 332 646
6 333 248
6 334 248
6 335 248
6 336 682
6 337 631
6 338 689
6 339 249
6 340 644
6 341 249
6 342 682
6 343 631
6 344 690
6 345 249
6 346 644
6 347 249
6 348 690
6 349 250
6 350 689
6 351 250
6 352 248
6 353 248
6 354 641
6 355 249
6 356 646
6 357 249
6 358 248
6 359 248
6 360 37
6 361 110
6 362 37
6 363 170
6 364 110
6 365 170
6 366 37
6 367 110
6 368 37
6 369 37
6 370 110
6 371 37
6 372 37
6 373 170
6 374 37
6 375 37
6 376 171
6 377 37
6 378 110
6 379 171
6 380 110
6 381 37
6 382 171
6 383 37
6 384 37
6 385 110
6 386 37
6 387 170
6 388 110
6 389 170
6 390 37
6 391 110
6 392 37
6 393 37
6 394 110
6 395 37
6 396 37
6 397 171
6 398 37
6 399 37
6 400 171
6 401 37
6 402 110
6 403 171
6 404 110
6 405 37
6 406 171
6 407 37
6 408 37
6 409 110
6 410 37
6 411 37
6 412 110
6 413 37
6 414 37
6 415 109
6 416 37
6 417 37
6 418 109
6 419 37
6 420 37
6 421 37
6 422 37
6 423 37
6 424 37
6 425 37
6 426 110
6 427 37
6 428 110
6 429 37
6 430 37
6 431 37
6 432 37
6 433 170
6 434 37
6 435 37
6 436 170
6 437 37
6 438 37
6 439 170
6 440 37
6 441 37
6 442 171
6 443 37
6 444 37
6 445 37
6 446 37
6 447 37
6 448 37
6 449 37
6 450 169
6 451 37
6 452 170
6 453 37
6 454 37
6 455 37
6 456 110
6 457 170
6 458 110
6 459 37
6 460 171
6 461 37
6 462 110
6 463 170
6 464 110
6 465 37
6 466 171
6 467 37
6 468 110
6 469 37
6 470 110
6 471 37
6 472 37
6 473 37
6 474 170
6 475 37
6 476 170
6 477 37
6 478 37
6 479 37
6 480 37
6 481 290
6 482 37
6 483 170
6 484 290
6 485 169
6 486 37
6 487 290
6 488 37
6 489 37
6 490 290
6 491 37
6 492 37
6 493 171
6 494 37
6 495 37
6 496 171
6 497 37
6 498 290
6 499 170
6 500 290
6 501 37
6 502 170
6 503 37
6 504 37
6 505 290
6 506 37
6 507 170
6 508 290
6 509 169
6 510 37
6 511 290
6 512 37
6 513 37
6 514 290
6 515 37
6 516 37
6 517 171
6 518 37
6 519 37
6 520 171
6 521 37
6 522 290
6 523 170
6 524 290
6 525 37
6 526 171
6 527 37
6 528 37
6 529 290
6 530 37
6 531 37
6 532 290
6 533 37
6 534 37
6 535 290
6 536 37
6 537 37
6 538 290
6 539 37
6 540 37
6 541 37
6 542 37
6 543 37
6 544 37
6 545 37
6 546 290
6 547 37
6 548 290
6 549 37
6 550 37
6 551 37
6 552 37
6 553 170
6 554 37
6 555 37
6 556 171
6 557 37
6 558 37
6 559 170
6 560 37
6 561 37
6 562 171
6 563 37
6 564 37
6 565 37
6 566 37
6 567 37
6 568 37
6 569 37
6 570 170
6 571 37
6 572 170
6 573 37
6 574 37
6 575 37
6 576 290
6 577 169
6 578 290
6 579 37
6 580 170
6 581 37
6 582 290
6 583 169
6 584 290
6 585 37
6 586 170
6 587 37
6 588 290
6 589 37
6 590 290
6 591 37
6 592 37
6 593 37
6 594 169
6 595 37
6 596 170
6 597 37
6 598 37
6 599 37
6 600 109
6 601 290
6 602 109
6 603 169
6 604 290
6 605 169
6 606 109
6 607 290
6 608 110
6 609 37
6 610 290
6 611 37
6 612 110
6 613 170
6 614 109
6 615 37
6 616 170
6 617 37
6 618 290
6 619 170
6 620 290
6 621 37
6 622 170
6 623 37
6 624 109
6 625 290
6 626 109
6 627 169
6 628 290
6 629 169
6 630 109
6 631 290
6 632 110
6 633 37
6 634 290
6 635 37
6 636 110
6 637 170
6 638 110
6 639 37
6 640 170
6 641 37
6 642 290
6 643 170
6 644 290
6 645 37
6 646 171
6 647 37
6 648 109
6 649 290
6 650 110
6 651 37
6 652 290
6 653 37
6 654 109
6 655 290
6 656 110
6 657 37
6 658 290
6 659 37
6 660 110
6 661 37
6 662 110
6 663 37
6 664 37
6 665 37
6 666 290
6 667 37
6 668 290
6 669 37
6 670 37
6 671 37
6 672 110
6 673 170
6 674 110
6 675 37
6 676 170
6 677 37
6 678 110
6 679 170
6 680 110
6 681 37
6 682 171
6 683 37
6 684 110
6 685 37
6 686 109
6 687 37
6 688 37
6 689 37
6 690 169
6 691 37
6 692 170
6 693 37
6 694 37
6 695 37
6 696 290
6 697 169
6 698 290
6 699 37
6 700 170
6 701 37
6 702 290
6 703 169
6 704 290
6 705 37
6 706 170
6 707 37
6 708 290
6 709 37
6 710 290
6 711 37
6 712 37
6 713 37
6 714 169
6 715 37
6 716 170
6 717 37
6 718 37
6 719 37
7 0 1
7 1 1
7 2 1
7 3 17
7 4 1
7 5 17
7 6 1
7 7 1
7 8 1
7 9 51
7 10 1
7 11 51
7 12 1
7 13 17
7 14 1
7 15 51
7 16 17
7 17 51
7 18 1
7 19 17
7 20 1
7 21 51
7 22 17
7 23 51
7 24 1
7 25 1
7 26 1
7 27 17
7 28 1
7 29 17
7 30 1
7 31 1
7 32 1
7 33 1
7 34 1
7 35 1
7 36 1
7 37 17
7 38 1
7 39 1
7 40 17
7 41 1
7 42 1
7 43 17
7 44 1
7 45 1
7 46 17
7 47 1
7 48 1
7 49 1
7 50 1
7 51 51
7 52 1
7 53 51
7 54 1
7 55 1
7 56 1
7 57 1
7 58 1
7 59 1
7 60 1
7 61 51
7 62 1
7 63 1
7 64 51
7 65 1
7 66 1
7 67 51
7 68 1
7 69 1
7 70 51
7 71 1
7 72 1
7 73 17
7 74 1
7 75 51
7 76 17
7 77 51
7 78 1
7 79 17
7 80 1
7 81 1
7 82 17
7 83 1
7 84 1
7 85 51
7 86 1
7 87 1
7 88 51
7 89 1
7 90 17
7 91 51
7 92 17
7 93 1
7 94 51
7 95 1
7 96 1
7 97 17
7 98 1
7 99 51
7 100 17
7 101 51
7 102 1
7 103 17
7 104 1
7 105 1
7 106 17
7 107 1
7 108 1
7 109 51
7 110 1
7 111 1
7 112 51
7 113 1
7 114 17
7 115 51
7 116 17
7 117 1
7 118 51
7 119 1
7 120 1
7 121 1
7 122 1
7 123 17
7 124 1
7 125 17
7 126 1
7 127 1
7 128 1
7 129 51
7 130 1
7 131 51
7 132 1
7 133 17
7 134 1
7 135 51
7 136 17
7 137 51
7 138 1
7 139 17
7 140 1
7 141 51
7 142 17
7 143 51
7 144 1
7 145 1
7 146 1
7 147 17
7 148 1
7 149 17
7 150 1
7 151 1
7 152 1
7 153 1
7 154 1
7 155 1
7 156 1
7 157 17
7 158 1
7 159 1
7 160 17
7 161 1
7 162 1
7 163 17
7 164 1
7 165 1
7 166 17
7 167 1
7 168 1
7 169 1
7 170 1
7 171 52
7 172 1
7 173 52
7 174 1
7 175 1
7 176 1
7 177 1
7 178 1
7 179 1
7 180 1
7 181 52
7 182 1
7 183 1
7 184 52
7 185 1
7 186 1
7 187 52
7 188 1
7 189 1
7 190 52
7 191 1
7 192 1
7 193 17
7 194 1
7 195 52
7 196 17
7 197 52
7 198 1
7 199 17
7 200 1
7 201 1
7 202 17
7 203 1
7 204 1
7 205 52
7 206 1
7 207 1
7 208 52
7 209 1
7 210 17
7 211 52
7 212 17
7 213 1
7 214 52
7 215 1
7 216 1
7 217 17
7 218 1
7 219 52
7 220 17
7 221 52
7 222 1
7 223 17
7 224 1
7 225 1
7 226 17
7 227 1
7 228 1
7 229 52
7 230 1
7 231 1
7 232 52
7 233 1
7 234 17
7 235 52
7 236 17
7 237 1
7 238 52
7 239 1
7 240 1
7 241 1
7 242 1
7 243 17
7 244 1
7 245 17
7 246 1
7 247 1
7 248 1
7 249 1
7 250 1
7 251 1
7 252 1
7 253 17
7 254 1
7 255 1
7 256 17
7 257 1
7 258 1
7 259 17
7 260 1
7 261 1
7 262 17
7 263 1
7 264 1
7 265 1
7 266 1
7 267 17
7 268 1
7 269 17
7 270 1
7 271 1
7 272 1
7 273 1
7 274 1
7 275 1
7 276 1
7 277 17
7 278 1
7 279 1
7 280 17
7 281 1
7 282 1
7 283 17
7 284 1
7 285 1
7 286 17
7 287 1
7 288 1
7 289 1
7 290 1
7 291 1
7 292 1
7 293 1
7 294 1
7 295 1
7 296 1
7 297 1
7 298 1
7 299 1
7 300 1
7 301 1
7 302 1
7 303 1
7 304 1
7 305 1
7 306 1
7 307 1
7 308 1
7 309 1
7 310 1
7 311 1
7 312 1
7 313 17
7 314 1
7 315 1
7 316 17
7 317 1
7 318 1
7 319 17
7 320 1
7 321 1
7 322 17
7 323 1
7 324 1
7 325 1
7 326 1
7 327 1
7 328 1
7 329 1
7 330 17
7 331 1
7 332 17
7 333 1
7 334 1
7 335 1
7 336 1
7 337 17
7 338 1
7 339 1
7 340 17
7 341 1
7 342 1
7 343 17
7 344 1
7 345 1
7 346 17
7 347 1
7 348 1
7 349 1
7 350 1
7 351 1
7 352 1
7 353 1
7 354 17
7 355 1
7 356 17
7 357 1
7 358 1
7 359 1
7 360 1
7 361 1
7 362 1
7 363 52
7 364 1
7 365 52
7 366 1
7 367 1
7 368 1
7 369 1
7 370 1
7 371 1
7 372 1
7 373 52
7 374 1
7 375 1
7 376 52
7 377 1
7 378 1
7 379 52
7 380 1
7 381 1
7 382 52
7 383 1
7 384 1
7 385 1
7 386 1
7 387 52
7 388 1
7 389 52
7 390 1
7 391 1
7 392 1
7 393 1
7 394 1
7 395 1
7 396 1
7 397 52
7 398 1
7 399 1
7 400 52
7 401 1
7 402 1
7 403 52
7 404 1
7 405 1
7 406 52
7 407 1
7 408 1
7 409 1
7 410 1
7 411 1
7 412 1
7 413 1
7 414 1
7 415 1
7 416 1
7 417 1
7 418 1
7 419 1
7 420 1
7 421 1
7 422 1
7 423 1
7 424 1
7 425 1
7 426 1
7 427 1
7 428 1
7 429 1
7 430 1
7 431 1
7 432 1
7 433 52
7 434 1
7 435 1
7 436 52
7 437 1
7 438 1
7 439 52
7 440 1
7 441 1
7 442 52
7 443 1
7 444 1
7 445 1
7 446 1
7 447 1
7 448 1
7 449 1
7 450 52
7 451 1
7 452 52
7 453 1
7 454 1
7 455 1
7 456 1
7 457 52
7 458 1
7 459 1
7 460 52
7 461 1
7 462 1
7 463 52
7 464 1
7 465 1
7 466 52
7 467 1
7 468 1
7 469 1
7 470 1
7 471 1
7 472 1
7 473 1
7 474 52
7 475 1
7 476 52
7 477 1
7 478 1
7 479 1
7 480 1
7 481 17
7 482 1
7 483 52
7 484 17
7 485 52
7 486 1
7 487 17
7 488 1
7 489 1
7 490 17
7 491 1
7 492 1
7 493 52
7 494 1
7 495 1
7 496 52
7 497 1
7 498 17
7 499 52
7 500 17
7 501 1
7 502 52
7 503 1
7 504 1
7 505 17
7 506 1
7 507 52
7 508 17
7 509 52
7 510 1
7 511 17
7 512 1
7 513 1
7 514 17
7 515 1
7 516 1
7 517 52
7 518 1
7 519 1
7 520 52
7 521 1
7 522 17
7 523 52
7 524 17
7 525 1
7 526 52
7 527 1
7 528 1
7 529 17
7 530 1
7 531 1
7 532 17
7 533 1
7 534 1
7 535 17
7 536 1
7 537 1
7 538 17
7 539 1
7 540 1
7 541 1
7 542 1
7 543 1
7 544 1
7 545 1
7 546 17
7 547 1
7 548 17
7 549 1
7 550 1
7 551 1
7 552 1
7 553 52
7 554 1
7 555 1
7 556 52
7 557 1
7 558 1
7 559 52
7 560 1
7 561 1
7 562 52
7 563 1
7 564 1
7 565 1
7 566 1
7 567 1
7 568 1
7 569 1
7 570 52
7 571 1
7 572 52
7 573 1
7 574 1
7 575 1
7 576 17
7 577 52
7 578 17
7 579 1
7 580 52
7 581 1
7 582 17
7 583 52
7 584 17
7 585 1
7 586 52
7 587 1
7 588 17
7 589 1
7 590 17
7 591 1
7 592 1
7 593 1
7 594 52
7 595 1
7 596 52
7 597 1
7 598 1
7 599 1
7 600 1
7 601 17
7 602 1
7 603 52
7 604 17
7 605 52
7 606 1
7 607 17
7 608 1
7 609 1
7 610 17
7 611 1
7 612 1
7 613 52
7 614 1
7 615 1
7 616 52
7 617 1
7 618 17
7 619 52
7 620 17
7 621 1
7 622 52
7 623 1
7 624 1
7 625 17
7 626 1
7 627 52
7 628 17
7 629 52
7 630 1
7 631 17
7 632 1
7 633 1
7 634 17
7 635 1
7 636 1
7 637 52
7 638 1
7 639 1
7 640 52
7 641 1
7 642 17
7 643 52
7 644 17
7 645 1
7 646 52
7 647 1
7 648 1
7 649 17
7 650 1
7 651 1
7 652 17
7 653 1
7 654 1
7 655 17
7 656 1
7 657 1
7 658 17
7 659 1
7 660 1
7 661 1
7 662 1
7 663 1
7 664 1
7 665 1
7 666 17
7 667 1
7 668 17
7 669 1
7 670 1
7 671 1
7 672 1
7 673 52
7 674 1
7 675 1
7 676 52
7 677 1
7 678 1
7 679 52
7 680 1
7 681 1
7 682 52
7 683 1
7 684 1
7 685 1
7 686 1
7 687 1
7 688 1
7 689 1
7 690 52
7 691 1
7 692 52
7 693 1
7 694 1
7 695 1
7 696 17
7 697 52
7 698 17
7 699 1
7 700 52
7 701 1
7 702 17
7 703 52
7 704 17
7 705 1
7 706 52
7 707 1
7 708 17
7 709 1
7 710 17
7 711 1
7 712 1
7 713 1
7 714 52
7 715 1
7 716 52
7 717 1
7 718 1
7 719 1
7 720 12
7 721 12
7 722 12
7 723 162
7 724 12
7 725 162
7 726 12
7 727 12
7 728 12
7 729 116
7 730 12
7 731 116
7 732 12
7 733 162
7 734 12
7 735 116
7 736 162
7 737 116
7 738 12
7 739 162
7 740 12
7 741 116
7 742 162
7 743 116
7 744 12
7 745 12
7 746 12
7 747 162
7 748 12
7 749 162
7 750 12
7 751 12
7 752 12
7 753 12
7 754 12
7 755 12
7 756 12
7 757 162
7 758 12
7 759 12
7 760 162
7 761 12
7 762 12
7 763 162
7 764 12
7 765 12
7 766 162
7 767 12
7 768 12
7 769 12
7 770 12
7 771 116
7 772 12
7 773 116
7 774 12
7 775 12
7 776 12
7 777 12
7 778 12
7 779 12
7 780 12
7 781 116
7 782 12
7 783 12
7 784 116
7 785 12
7 786 12
7 787 116
7 788 12
7 789 12
7 790 116
7 791 12
7 792 12
7 793 162
7 794 12
7 795 116
7 796 162
7 797 116
7 798 12
7 799 162
7 800 12
7 801 12
7 802 162
7 803 12
7 804 12
7 805 116
7 806 12
7 807 12
7 808 116
7 809 12
7 810 162
7 811 116
7 812 162
7 813 12
7 814 116
7 815 12
7 816 12
7 817 162
7 818 12
7 819 116
7 820 162
7 821 116
7 822 12
7 823 162
7 824 12
7 825 12
7 826 162
7 827 12
7 828 12
7 829 116
7 830 12
7 831 12
7 832 116
7 833 12
7 834 162
7 835 116
7 836 162
7 837 12
7 838 116
7 839 12
7 840 12
7 841 12
7 842 12
7 843 162
7 844 12
7 845 162
7 846 12
7 847 12
7 848 12
7 849 116
7 850 12
7 851 116
7 852 12
7 853 162
7 854 12
7 855 116
7 856 162
7 857 116
7 858 12
7 859 162
7 860 12
7 861 116
7 862 162
7 863 116
7 864 12
7 865 12
7 866 12
7 867 162
7 868 12
7 869 162
7 870 12
7 871 12
7 872 12
7 873 12
7 874 12
7 875 12
7 876 12
7 877 162
7 878 12
7 879 12
7 880 162
7 881 12
7 882 12
7 883 162
7 884 12
7 885 12
7 886 162
7 887 12
7 888 12
7 889 12
7 890 12
7 891 116
7 892 12
7 893 116
7 894 12
7 895 12
7 896 12
7 897 12
7 898 12
7 899 12
7 900 12
7 901 116
7 902 12
7 903 12
7 904 116
7 905 12
7 906 12
7 907 116
7 908 12
7 909 12
7 910 116
7 911 12
7 912 12
7 913 162
7 914 12
7 915 116
7 916 162
7 917 116
7 918 12
7 919 162
7 920 12
7 921 12
7 922 162
7 923 12
7 924 12
7 925 116
7 926 12
7 927 12
7 928 116
7 929 12
7 930 162
7 931 116
7 932 162
7 933 12
7 934 116
7 935 12
7 936 12
7 937 162
7 938 12
7 939 116
7 940 162
7 941 116
7 942 12
7 943 162
7 944 12
7 945 12
7 946 162
7 947 12
7 948 12
7 949 116
7 950 12
7 951 12
7 952 116
7 953 12
7 954 162
7 955 116
7 956 162
7 957 12
7 958 116
7 959 12
7 960 12
7 961 12
7 962 12
7 963 162
7 964 12
7 965 162
7 966 12
7 967 12
7 968 12
7 969 12
7 970 12
7 971 12
7 972 12
7 973 162
7 974 12
7 975 12
7 976 162
7 977 12
7 978 12
7 979 162
7 980 12
7 981 12
7 982 162
7 983 12
7 984 12
7 985 12
7 986 12
7 987 162
7 988 12
7 989 162
7 990 12
7 991 12
7 992 12
7 993 12
7 994 12
7 995 12
7 996 12
7 997 162
7 998 12
7 999 12
7 1000 162
7 1001 12
7 1002 12
7 1003 162
7 1004 12
7 1005 12
7 1006 162
7 1007 12
7 1008 12
7 1009 12
7 1010 12
7 1011 12
7 1012 12
7 1013 12
7 1014 12
7 1015 12
7 1016 12
7 1017 12
7 1018 12
7 1019 12
7 1020 12
7 1021 12
7 1022 12
7 1023 12
7 1024 12
7 1025 12
7 1026 12
7 1027 12
7 1028 12
7 1029 12
7 1030 12
7 1031 12
7 1032 12
7 1033 162
7 1034 12
7 1035 12
7 1036 162
7 1037 12
7 1038 12
7 1039 162
7 1040 12
7 1041 12
7 1042 162
7 1043 12
7 1044 12
7 1045 12
7 1046 12
7 1047 12
7 1048 12
7 1049 12
7 1050 162
7 1051 12
7 1052 162
7 1053 12
7 1054 12
7 1055 12
7 1056 12
7 1057 162
7 1058 12
7 1059 12
7 1060 162
7 1061 12
7 1062 12
7 1063 162
7 1064 12
7 1065 12
7 1066 162
7 1067 12
7 1068 12
7 1069 12
7 1070 12
7 1071 12
7 1072 12
7 1073 12
7 1074 162
7 1075 12
7 1076 162
7 1077 12
7 1078 12
7 1079 12
7 1080 12
7 1081 12
7 1082 12
7 1083 116
7 1084 12
7 1085 116
7 1086 12
7 1087 12
7 1088 12
7 1089 12
7 1090 12
7 1091 12
7 1092 12
7 1093 116
7 1094 12
7 1095 12
7 1096 116
7 1097 12
7 1098 12
7 1099 116
7 1100 12
7 1101 12
7 1102 116
7 1103 12
7 1104 12
7 1105 12
7 1106 12
7 1107 116
7 1108 12
7 1109 116
7 1110 12
7 1111 12
7 1112 12
7 1113 12
7 1114 12
7 1115 12
7 1116 12
7 1117 116
7 1118 12
7 1119 12
7 1120 116
7 1121 12
7 1122 12
7 1123 116
7 1124 12
7 1125 12
7 1126 116
7 1127 12
7 1128 12
7 1129 12
7 1130 12
7 1131 12
7 1132 12
7 1133 12
7 1134 12
7 1135 12
7 1136 12
7 1137 12
7 1138 12
7 1139 12
7 1140 12
7 1141 12
7 1142 12
7 1143 12
7 1144 12
7 1145 12
7 1146 12
7 1147 12
7 1148 12
7 1149 12
7 1150 12
7 1151 12
7 1152 12
7 1153 116
7 1154 12
7 1155 12
7 1156 116
7 1157 12
7 1158 12
7 1159 116
7 1160 12
7 1161 12
7 1162 116
7 1163 12
7 1164 12
7 1165 12
7 1166 12
7 1167 12
7 1168 12
7 1169 12
7 1170 116
7 1171 12
7 1172 116
7 1173 12
7 1174 12
7 1175 12
7 1176 12
7 1177 116
7 1178 12
7 1179 12
7 1180 116
7 1181 12
7 1182 12
7 1183 116
7 1184 12
7 1185 12
7 1186 116
7 1187 12
7 1188 12
7 1189 12
7 1190 12
7 1191 12
7 1192 12
7 1193 12
7 1194 116
7 1195 12
7 1196 116
7 1197 12
7 1198 12
7 1199 12
7 1200 12
7 1201 162
7 1202 12
7 1203 116
7 1204 162
7 1205 116
7 1206 12
7 1207 162
7 1208 12
7 1209 12
7 1210 162
7 1211 12
7 1212 12
7 1213 116
7 1214 12
7 1215 12
7 1216 116
7 1217 12
7 1218 162
7 1219 116
7 1220 162
7 1221 12
7 1222 116
7 1223 12
7 1224 12
7 1225 162
7 1226 12
7 1227 116
7 1228 162
7 1229 116
7 1230 12
7 1231 162
7 1232 12
7 1233 12
7 1234 162
7 1235 12
7 1236 12
7 1237 116
7 1238 12
7 1239 12
7 1240 116
7 1241 12
7 1242 162
7 1243 116
7 1244 162
7 1245 12
7 1246 116
7 1247 12
7 1248 12
7 1249 162
7 1250 12
7 1251 12
7 1252 162
7 1253 12
7 1254 12
7 1255 162
7 1256 12
7 1257 12
7 1258 162
7 1259 12
7 1260 12
7 1261 12
7 1262 12
7 1263 12
7 1264 12
7 1265 12
7 1266 162
7 1267 12
7 1268 162
7 1269 12
7 1270 12
7 1271 12
7 1272 12
7 1273 116
7 1274 12
7 1275 12
7 1276 116
7 1277 12
7 1278 12
7 1279 116
7 1280 12
7 1281 12
7 1282 116
7 1283 12
7 1284 12
7 1285 12
7 1286 12
7 1287 12
7 1288 12
7 1289 12
7 1290 116
7 1291 12
7 1292 116
7 1293 12
7 1294 12
7 1295 12
7 1296 162
7 1297 116
7 1298 162
7 1299 12
7 1300 116
7 1301 12
7 1302 162
7 1303 116
7 1304 162
7 1305 12
7 1306 116
7 1307 12
7 1308 162
7 1309 12
7 1310 162
7 1311 12
7 1312 12
7 1313 12
7 1314 116
7 1315 12
7 1316 116
7 1317 12
7 1318 12
7 1319 12
7 1320 12
7 1321 162
7 1322 12
7 1323 116
7 1324 162
7 1325 116
7 1326 12
7 1327 162
7 1328 12
7 1329 12
7 1330 162
7 1331 12
7 1332 12
7 1333 116
7 1334 12
7 1335 12
7 1336 116
7 1337 12
7 1338 162
7 1339 116
7 1340 162
7 1341 12
7 1342 116
7 1343 12
7 1344 12
7 1345 162
7 1346 12
7 1347 116
7 1348 162
7 1349 116
7 1350 12
7 1351 162
7 1352 12
7 1353 12
7 1354 162
7 1355 12
7 1356 12
7 1357 116
7 1358 12
7 1359 12
7 1360 116
7 1361 12
7 1362 162
7 1363 116
7 1364 162
7 1365 12
7 1366 116
7 1367 12
7 1368 12
7 1369 162
7 1370 12
7 1371 12
7 1372 162
7 1373 12
7 1374 12
7 1375 162
7 1376 12
7 1377 12
7 1378 162
7 1379 12
7 1380 12
7 1381 12
7 1382 12
7 1383 12
7 1384 12
7 1385 12
7 1386 162
7 1387 12
7 1388 162
7 1389 12
7 1390 12
7 1391 12
7 1392 12
7 1393 116
7 1394 12
7 1395 12
7 1396 116
7 1397 12
7 1398 12
7 1399 116
7 1400 12
7 1401 12
7 1402 116
7 1403 12
7 1404 12
7 1405 12
7 1406 12
7 1407 12
7 1408 12
7 1409 12
7 1410 116
7 1411 12
7 1412 116
7 1413 12
7 1414 12
7 1415 12
7 1416 162
7 1417 116
7 1418 162
7 1419 12
7 1420 116
7 1421 12
7 1422 162
7 1423 116
7 1424 162
7 1425 12
7 1426 116
7 1427 12
7 1428 162
7 1429 12
7 1430 162
7 1431 12
7 1432 12
7 1433 12
7 1434 116
7 1435 12
7 1436 116
7 1437 12
7 1438 12
7 1439 12
7 1440 27
7 1441 99
7 1442 27
7 1443 162
7 1444 99
7 1445 162
7 1446 27
7 1447 99
7 1448 27
7 1449 65
7 1450 99
7 1451 66
7 1452 27
7 1453 162
7 1454 27
7 1455 66
7 1456 162
7 1457 65
7 1458 99
7 1459 162
7 1460 99
7 1461 65
7 1462 162
7 1463 65
7 1464 27
7 1465 99
7 1466 27
7 1467 162
7 1468 99
7 1469 162
7 1470 27
7 1471 100
7 1472 27
7 1473 27
7 1474 100
7 1475 27
7 1476 27
7 1477 162
7 1478 27
7 1479 27
7 1480 162
7 1481 27
7 1482 99
7 1483 162
7 1484 100
7 1485 27
7 1486 162
7 1487 27
7 1488 27
7 1489 100
7 1490 27
7 1491 67
7 1492 100
7 1493 67
7 1494 27
7 1495 100
7 1496 27
7 1497 27
7 1498 100
7 1499 27
7 1500 27
7 1501 67
7 1502 27
7 1503 27
7 1504 67
7 1505 27
7 1506 100
7 1507 67
7 1508 100
7 1509 27
7 1510 67
7 1511 27
7 1512 27
7 1513 162
7 1514 27
7 1515 67
7 1516 162
7 1517 66
7 1518 27
7 1519 162
7 1520 27
7 1521 27
7 1522 162
7 1523 27
7 1524 27
7 1525 67
7 1526 27
7 1527 27
7 1528 67
7 1529 27
7 1530 162
7 1531 66
7 1532 162
7 1533 27
7 1534 67
7 1535 27
7 1536 99
7 1537 162
7 1538 99
7 1539 66
7 1540 162
7 1541 66
7 1542 99
7 1543 162
7 1544 100
7 1545 27
7 1546 162
7 1547 27
7 1548 100
7 1549 67
7 1550 100
7 1551 27
7 1552 67
7 1553 27
7 1554 162
7 1555 66
7 1556 162
7 1557 27
7 1558 67
7 1559 27
7 1560 27
7 1561 99
7 1562 27
7 1563 162
7 1564 99
7 1565 162
7 1566 27
7 1567 99
7 1568 27
7 1569 65
7 1570 99
7 1571 66
7 1572 27
7 1573 162
7 1574 27
7 1575 66
7 1576 162
7 1577 65
7 1578 99
7 1579 162
7 1580 99
7 1581 65
7 1582 162
7 1583 65
7 1584 27
7 1585 99
7 1586 27
7 1587 162
7 1588 99
7 1589 162
7 1590 27
7 1591 100
7 1592 27
7 1593 27
7 1594 100
7 1595 27
7 1596 27
7 1597 162
7 1598 27
7 1599 27
7 1600 162
7 1601 27
7 1602 99
7 1603 162
7 1604 100
7 1605 27
7 1606 162
7 1607 27
7 1608 27
7 1609 100
7 1610 27
7 1611 66
7 1612 100
7 1613 66
7 1614 27
7 1615 100
7 1616 27
7 1617 27
7 1618 100
7 1619 27
7 1620 27
7 1621 66
7 1622 27
7 1623 27
7 1624 66
7 1625 27
7 1626 100
7 1627 66
7 1628 100
7 1629 27
7 1630 66
7 1631 27
7 1632 27
7 1633 162
7 1634 27
7 1635 66
7 1636 162
7 1637 65
7 1638 27
7 1639 162
7 1640 27
7 1641 27
7 1642 162
7 1643 27
7 1644 27
7 1645 66
7 1646 27
7 1647 27
7 1648 66
7 1649 27
7 1650 162
7 1651 65
7 1652 162
7 1653 27
7 1654 66
7 1655 27
7 1656 99
7 1657 162
7 1658 99
7 1659 65
7 1660 162
7 1661 65
7 1662 99
7 1663 162
7 1664 100
7 1665 27
7 1666 162
7 1667 27
7 1668 100
7 1669 66
7 1670 100
7 1671 27
7 1672 66
7 1673 27
7 1674 162
7 1675 65
7 1676 162
7 1677 27
7 1678 66
7 1679 27
7 1680 27
7 1681 99
7 1682 27
7 1683 162
7 1684 99
7 1685 162
7 1686 27
7 1687 100
7 1688 27
7 1689 27
7 1690 100
7 1691 27
7 1692 27
7 1693 162
7 1694 27
7 1695 27
7 1696 162
7 1697 27
7 1698 99
7 1699 162
7 1700 100
7 1701 27
7 1702 162
7 1703 27
7 1704 27
7 1705 99
7 1706 27
7 1707 162
7 1708 99
7 1709 162
7 1710 27
7 1711 100
7 1712 27
7 1713 27
7 1714 100
7 1715 27
7 1716 27
7 1717 162
7 1718 27
7 1719 27
7 1720 162
7 1721 27
7 1722 99
7 1723 162
7 1724 100
7 1725 27
7 1726 162
7 1727 27
7 1728 27
7 1729 100
7 1730 27
7 1731 27
7 1732 100
7 1733 27
7 1734 27
7 1735 100
7 1736 27
7 1737 27
7 1738 100
7 1739 27
7 1740 27
7 1741 27
7 1742 27
7 1743 27
7 1744 27
7 1745 27
7 1746 100
7 1747 27
7 1748 100
7 1749 27
7 1750 27
7 1751 27
7 1752 27
7 1753 162
7 1754 27
7 1755 27
7 1756 162
7 1757 27
7 1758 27
7 1759 162
7 1760 27
7 1761 27
7 1762 162
7 1763 27
7 1764 27
7 1765 27
7 1766 27
7 1767 27
7 1768 27
7 1769 27
7 1770 162
7 1771 27
7 1772 162
7 1773 27
7 1774 27
7 1775 27
7 1776 99
7 1777 162
7 1778 100
7 1779 27
7 1780 162
7 1781 27
7 1782 99
7 1783 162
7 1784 100
7 1785 27
7 1786 162
7 1787 27
7 1788 100
7 1789 27
7 1790 100
7 1791 27
7 1792 27
7 1793 27
7 1794 162
7 1795 27
7 1796 162
7 1797 27
7 1798 27
7 1799 27
7 1800 27
7 1801 100
7 1802 27
7 1803 67
7 1804 100
7 1805 67
7 1806 27
7 1807 100
7 1808 27
7 1809 27
7 1810 100
7 1811 27
7 1812 27
7 1813 66
7 1814 27
7 1815 27
7 1816 67
7 1817 27
7 1818 100
7 1819 67
7 1820 100
7 1821 27
7 1822 67
7 1823 27
7 1824 27
7 1825 100
7 1826 27
7 1827 67
7 1828 100
7 1829 67
7 1830 27
7 1831 100
7 1832 27
7 1833 27
7 1834 100
7 1835 27
7 1836 27
7 1837 67
7 1838 27
7 1839 27
7 1840 67
7 1841 27
7 1842 100
7 1843 67
7 1844 100
7 1845 27
7 1846 67
7 1847 27
7 1848 27
7 1849 100
7 1850 27
7 1851 27
7 1852 100
7 1853 27
7 1854 27
7 1855 100
7 1856 27
7 1857 27
7 1858 100
7 1859 27
7 1860 27
7 1861 27
7 1862 27
7 1863 27
7 1864 27
7 1865 27
7 1866 100
7 1867 27
7 1868 100
7 1869 27
7 1870 27
7 1871 27
7 1872 27
7 1873 67
7 1874 27
7 1875 27
7 1876 66
7 1877 27
7 1878 27
7 1879 67
7 1880 27
7 1881 27
7 1882 67
7 1883 27
7 1884 27
7 1885 27
7 1886 27
7 1887 27
7 1888 27
7 1889 27
7 1890 66
7 1891 27
7 1892 67
7 1893 27
7 1894 27
7 1895 27
7 1896 100
7 1897 67
7 1898 100
7 1899 27
7 1900 67
7 1901 27
7 1902 100
7 1903 67
7 1904 100
7 1905 27
7 1906 67
7 1907 27
7 1908 100
7 1909 27
7 1910 100
7 1911 27
7 1912 27
7 1913 27
7 1914 67
7 1915 27
7 1916 67
7 1917 27
7 1918 27
7 1919 27
7 1920 27
7 1921 162
7 1922 27
7 1923 67
7 1924 162
7 1925 66
7 1926 27
7 1927 162
7 1928 27
7 1929 27
7 1930 162
7 1931 27
7 1932 27
7 1933 67
7 1934 27
7 1935 27
7 1936 67
7 1937 27
7 1938 162
7 1939 66
7 1940 162
7 1941 27
7 1942 67
7 1943 27
7 1944 27
7 1945 162
7 1946 27
7 1947 67
7 1948 162
7 1949 66
7 1950 27
7 1951 162
7 1952 27
7 1953 27
7 1954 162
7 1955 27
7 1956 27
7 1957 67
7 1958 27
7 1959 27
7 1960 67
7 1961 27
7 1962 162
7 1963 66
7 1964 162
7 1965 27
7 1966 67
7 1967 27
7 1968 27
7 1969 162
7 1970 27
7 1971 27
7 1972 162
7 1973 27
7 1974 27
7 1975 162
7 1976 27
7 1977 27
7 1978 162
7 1979 27
7 1980 27
7 1981 27
7 1982 27
7 1983 27
7 1984 27
7 1985 27
7 1986 162
7 1987 27
7 1988 162
7 1989 27
7 1990 27
7 1991 27
7 1992 27
7 1993 67
7 1994 27
7 1995 27
7 1996 67
7 1997 27
7 1998 27
7 1999 67
7 2000 27
7 2001 27
7 2002 67
7 2003 27
7 2004 27
7 2005 27
7 2006 27
7 2007 27
7 2008 27
7 2009 27
7 2010 67
7 2011 27
7 2012 67
7 2013 27
7 2014 27
7 2015 27
7 2016 162
7 2017 66
7 2018 162
7 2019 27
7 2020 67
7 2021 27
7 2022 162
7 2023 66
7 2024 162
7 2025 27
7 2026 67
7 2027 27
7 2028 162
7 2029 27
7 2030 162
7 2031 27
7 2032 27
7 2033 27
7 2034 67
7 2035 27
7 2036 67
7 2037 27
7 2038 27
7 2039 27
7 2040 99
7 2041 162
7 2042 99
7 2043 66
7 2044 162
7 2045 66
7 2046 99
7 2047 162
7 2048 100
7 2049 27
7 2050 162
7 2051 27
7 2052 100
7 2053 67
7 2054 100
7 2055 27
7 2056 67
7 2057 27
7 2058 162
7 2059 66
7 2060 162
7 2061 27
7 2062 67
7 2063 27
7 2064 99
7 2065 162
7 2066 99
7 2067 66
7 2068 162
7 2069 66
7 2070 99
7 2071 162
7 2072 100
7 2073 27
7 2074 162
7 2075 27
7 2076 100
7 2077 67
7 2078 100
7 2079 27
7 2080 67
7 2081 27
7 2082 162
7 2083 66
7 2084 162
7 2085 27
7 2086 67
7 2087 27
7 2088 99
7 2089 162
7 2090 100
7 2091 27
7 2092 162
7 2093 27
7 2094 99
7 2095 162
7 2096 100
7 2097 27
7 2098 162
7 2099 27
7 2100 100
7 2101 27
7 2102 100
7 2103 27
7 2104 27
7 2105 27
7 2106 162
7 2107 27
7 2108 162
7 2109 27
7 2110 27
7 2111 27
7 2112 100
7 2113 67
7 2114 100
7 2115 27
7 2116 67
7 2117 27
7 2118 100
7 2119 67
7 2120 100
7 2121 27
7 2122 67
7 2123 27
7 2124 100
7 2125 27
7 2126 100
7 2127 27
7 2128 27
7 2129 27
7 2130 67
7 2131 27
7 2132 67
7 2133 27
7 2134 27
7 2135 27
7 2136 162
7 2137 66
7 2138 162
7 2139 27
7 2140 67
7 2141 27
7 2142 162
7 2143 66
7 2144 162
7 2145 27
7 2146 67
7 2147 27
7 2148 162
7 2149 27
7 2150 162
7 2151 27
7 2152 27
7 2153 27
7 2154 67
7 2155 27
7 2156 67
7 2157 27
7 2158 27
7 2159 27
7 2160 1
7 2161 1
7 2162 1
7 2163 17
7 2164 1
7 2165 17
7 2166 1
7 2167 1
7 2168 1
7 2169 1
7 2170 1
7 2171 1
7 2172 1
7 2173 17
7 2174 1
7 2175 1
7 2176 17
7 2177 1
7 2178 1
7 2179 17
7 2180 1
7 2181 1
7 2182 17
7 2183 1
7 2184 1
7 2185 1
7 2186 1
7 2187 17
7 2188 1
7 2189 17
7 2190 1
7 2191 1
7 2192 1
7 2193 1
7 2194 1
7 2195 1
7 2196 1
7 2197 17
7 2198 1
7 2199 1
7 2200 17
7 2201 1
7 2202 1
7 2203 17
7 2204 1
7 2205 1
7 2206 17
7 2207 1
7 2208 1
7 2209 1
7 2210 1
7 2211 1
7 2212 1
7 2213 1
7 2214 1
7 2215 1
7 2216 1
7 2217 1
7 2218 1
7 2219 1
7 2220 1
7 2221 1
7 2222 1
7 2223 1
7 2224 1
7 2225 1
7 2226 1
7 2227 1
7 2228 1
7 2229 1
7 2230 1
7 2231 1
7 2232 1
7 2233 17
7 2234 1
7 2235 1
7 2236 17
7 2237 1
7 2238 1
7 2239 17
7 2240 1
7 2241 1
7 2242 17
7 2243 1
7 2244 1
7 2245 1
7 2246 1
7 2247 1
7 2248 1
7 2249 1
7 2250 17
7 2251 1
7 2252 17
7 2253 1
7 2254 1
7 2255 1
7 2256 1
7 2257 17
7 2258 1
7 2259 1
7 2260 17
7 2261 1
7 2262 1
7 2263 17
7 2264 1
7 2265 1
7 2266 17
7 2267 1
7 2268 1
7 2269 1
7 2270 1
7 2271 1
7 2272 1
7 2273 1
7 2274 17
7 2275 1
7 2276 17
7 2277 1
7 2278 1
7 2279 1
7 2280 1
7 2281 1
7 2282 1
7 2283 17
7 2284 1
7 2285 17
7 2286 1
7 2287 1
7 2288 1
7 2289 1
7 2290 1
7 2291 1
7 2292 1
7 2293 17
7 2294 1
7 2295 1
7 2296 17
7 2297 1
7 2298 1
7 2299 17
7 2300 1
7 2301 1
7 2302 17
7 2303 1
7 2304 1
7 2305 1
7 2306 1
7 2307 17
7 2308 1
7 2309 17
7 2310 1
7 2311 1
7 2312 1
7 2313 1
7 2314 1
7 2315 1
7 2316 1
7 2317 17
7 2318 1
7 2319 1
7 2320 17
7 2321 1
7 2322 1
7 2323 17
7 2324 1
7 2325 1
7 2326 17
7 2327 1
7 2328 1
7 2329 1
7 2330 1
7 2331 1
7 2332 1
7 2333 1
7 2334 1
7 2335 1
7 2336 1
7 2337 1
7 2338 1
7 2339 1
7 2340 1
7 2341 1
7 2342 1
7 2343 1
7 2344 1
7 2345 1
7 2346 1
7 2347 1
7 2348 1
7 2349 1
7 2350 1
7 2351 1
7 2352 1
7 2353 17
7 2354 1
7 2355 1
7 2356 17
7 2357 1
7 2358 1
7 2359 17
7 2360 1
7 2361 1
7 2362 17
7 2363 1
7 2364 1
7 2365 1
7 2366 1
7 2367 1
7 2368 1
7 2369 1
7 2370 17
7 2371 1
7 2372 17
7 2373 1
7 2374 1
7 2375 1
7 2376 1
7 2377 17
7 2378 1
7 2379 1
7 2380 17
7 2381 1
7 2382 1
7 2383 17
7 2384 1
7 2385 1
7 2386 17
7 2387 1
7 2388 1
7 2389 1
7 2390 1
7 2391 1
7 2392 1
7 2393 1
7 2394 17
7 2395 1
7 2396 17
7 2397 1
7 2398 1
7 2399 1
7 2400 1
7 2401 1
7 2402 1
7 2403 17
7 2404 1
7 2405 17
7 2406 1
7 2407 1
7 2408 1
7 2409 1
7 2410 1
7 2411 1
7 2412 1
7 2413 17
7 2414 1
7 2415 1
7 2416 17
7 2417 1
7 2418 1
7 2419 17
7 2420 1
7 2421 1
7 2422 17
7 2423 1
7 2424 1
7 2425 1
7 2426 1
7 2427 17
7 2428 1
7 2429 17
7 2430 1
7 2431 1
7 2432 1
7 2433 1
7 2434 1
7 2435 1
7 2436 1
7 2437 17
7 2438 1
7 2439 1
7 2440 17
7 2441 1
7 2442 1
7 2443 17
7 2444 1
7 2445 1
7 2446 17
7 2447 1
7 2448 1
7 2449 1
7 2450 1
7 2451 1
7 2452 1
7 2453 1
7 2454 1
7 2455 1
7 2456 1
7 2457 1
7 2458 1
7 2459 1
7 2460 1
7 2461 1
7 2462 1
7 2463 1
7 2464 1
7 2465 1
7 2466 1
7 2467 1
7 2468 1
7 2469 1
7 2470 1
7 2471 1
7 2472 1
7 2473 17
7 2474 1
7 2475 1
7 2476 17
7 2477 1
7 2478 1
7 2479 17
7 2480 1
7 2481 1
7 2482 17
7 2483 1
7 2484 1
7 2485 1
7 2486 1
7 2487 1
7 2488 1
7 2489 1
7 2490 17
7 2491 1
7 2492 17
7 2493 1
7 2494 1
7 2495 1
7 2496 1
7 2497 17
7 2498 1
7 2499 1
7 2500 17
7 2501 1
7 2502 1
7 2503 17
7 2504 1
7 2505 1
7 2506 17
7 2507 1
7 2508 1
7 2509 1
7 2510 1
7 2511 1
7 2512 1
7 2513 1
7 2514 17
7 2515 1
7 2516 17
7 2517 1
7 2518 1
7 2519 1
7 2520 1
7 2521 1
7 2522 1
7 2523 1
7 2524 1
7 2525 1
7 2526 1
7 2527 1
7 2528 1
7 2529 1
7 2530 1
7 2531 1
7 2532 1
7 2533 1
7 2534 1
7 2535 1
7 2536 1
7 2537 1
7 2538 1
7 2539 1
7 2540 1
7 2541 1
7 2542 1
7 2543 1
7 2544 1
7 2545 1
7 2546 1
7 2547 1
7 2548 1
7 2549 1
7 2550 1
7 2551 1
7 2552 1
7 2553 1
7 2554 1
7 2555 1
7 2556 1
7 2557 1
7 2558 1
7 2559 1
7 2560 1
7 2561 1
7 2562 1
7 2563 1
7 2564 1
7 2565 1
7 2566 1
7 2567 1
7 2568 1
7 2569 1
7 2570 1
7 2571 1
7 2572 1
7 2573 1
7 2574 1
7 2575 1
7 2576 1
7 2577 1
7 2578 1
7 2579 1
7 2580 1
7 2581 1
7 2582 1
7 2583 1
7 2584 1
7 2585 1
7 2586 1
7 2587 1
7 2588 1
7 2589 1
7 2590 1
7 2591 1
7 2592 1
7 2593 1
7 2594 1
7 2595 1
7 2596 1
7 2597 1
7 2598 1
7 2599 1
7 2600 1
7 2601 1
7 2602 1
7 2603 1
7 2604 1
7 2605 1
7 2606 1
7 2607 1
7 2608 1
7 2609 1
7 2610 1
7 2611 1
7 2612 1
7 2613 1
7 2614 1
7 2615 1
7 2616 1
7 2617 1
7 2618 1
7 2619 1
7 2620 1
7 2621 1
7 2622 1
7 2623 1
7 2624 1
7 2625 1
7 2626 1
7 2627 1
7 2628 1
7 2629 1
7 2630 1
7 2631 1
7 2632 1
7 2633 1
7 2634 1
7 2635 1
7 2636 1
7 2637 1
7 2638 1
7 2639 1
7 2640 1
7 2641 17
7 2642 1
7 2643 1
7 2644 17
7 2645 1
7 2646 1
7 2647 17
7 2648 1
7 2649 1
7 2650 17
7 2651 1
7 2652 1
7 2653 1
7 2654 1
7 2655 1
7 2656 1
7 2657 1
7 2658 17
7 2659 1
7 2660 17
7 2661 1
7 2662 1
7 2663 1
7 2664 1
7 2665 17
7 2666 1
7 2667 1
7 2668 17
7 2669 1
7 2670 1
7 2671 17
7 2672 1
7 2673 1
7 2674 17
7 2675 1
7 2676 1
7 2677 1
7 2678 1
7 2679 1
7 2680 1
7 2681 1
7 2682 17
7 2683 1
7 2684 17
7 2685 1
7 2686 1
7 2687 1
7 2688 1
7 2689 17
7 2690 1
7 2691 1
7 2692 17
7 2693 1
7 2694 1
7 2695 17
7 2696 1
7 2697 1
7 2698 17
7 2699 1
7 2700 1
7 2701 1
7 2702 1
7 2703 1
7 2704 1
7 2705 1
7 2706 17
7 2707 1
7 2708 17
7 2709 1
7 2710 1
7 2711 1
7 2712 1
7 2713 1
7 2714 1
7 2715 1
7 2716 1
7 2717 1
7 2718 1
7 2719 1
7 2720 1
7 2721 1
7 2722 1
7 2723 1
7 2724 1
7 2725 1
7 2726 1
7 2727 1
7 2728 1
7 2729 1
7 2730 1
7 2731 1
7 2732 1
7 2733 1
7 2734 1
7 2735 1
7 2736 17
7 2737 1
7 2738 17
7 2739 1
7 2740 1
7 2741 1
7 2742 17
7 2743 1
7 2744 17
7 2745 1
7 2746 1
7 2747 1
7 2748 17
7 2749 1
7 2750 17
7 2751 1
7 2752 1
7 2753 1
7 2754 1
7 2755 1
7 2756 1
7 2757 1
7 2758 1
7 2759 1
7 2760 1
7 2761 17
7 2762 1
7 2763 1
7 2764 17
7 2765 1
7 2766 1
7 2767 17
7 2768 1
7 2769 1
7 2770 17
7 2771 1
7 2772 1
7 2773 1
7 2774 1
7 2775 1
7 2776 1
7 2777 1
7 2778 17
7 2779 1
7 2780 17
7 2781 1
7 2782 1
7 2783 1
7 2784 1
7 2785 17
7 2786 1
7 2787 1
7 2788 17
7 2789 1
7 2790 1
7 2791 17
7 2792 1
7 2793 1
7 2794 17
7 2795 1
7 2796 1
7 2797 1
7 2798 1
7 2799 1
7 2800 1
7 2801 1
7 2802 17
7 2803 1
7 2804 17
7 2805 1
7 2806 1
7 2807 1
7 2808 1
7 2809 17
7 2810 1
7 2811 1
7 2812 17
7 2813 1
7 2814 1
7 2815 17
7 2816 1
7 2817 1
7 2818 17
7 2819 1
7 2820 1
7 2821 1
7 2822 1
7 2823 1
7 2824 1
7 2825 1
7 2826 17
7 2827 1
7 2828 17
7 2829 1
7 2830 1
7 2831 1
7 2832 1
7 2833 1
7 2834 1
7 2835 1
7 2836 1
7 2837 1
7 2838 1
7 2839 1
7 2840 1
7 2841 1
7 2842 1
7 2843 1
7 2844 1
7 2845 1
7 2846 1
7 2847 1
7 2848 1
7 2849 1
7 2850 1
7 2851 1
7 2852 1
7 2853 1
7 2854 1
7 2855 1
7 2856 17
7 2857 1
7 2858 17
7 2859 1
7 2860 1
7 2861 1
7 2862 17
7 2863 1
7 2864 17
7 2865 1
7 2866 1
7 2867 1
7 2868 17
7 2869 1
7 2870 17
7 2871 1
7 2872 1
7 2873 1
7 2874 1
7 2875 1
7 2876 1
7 2877 1
7 2878 1
7 2879 1
7 2880 1
7 2881 1
7 2882 1
7 2883 22
7 2884 1
7 2885 22
7 2886 1
7 2887 1
7 2888 1
7 2889 1
7 2890 1
7 2891 1
7 2892 1
7 2893 22
7 2894 1
7 2895 1
7 2896 22
7 2897 1
7 2898 1
7 2899 22
7 2900 1
7 2901 1
7 2902 22
7 2903 1
7 2904 1
7 2905 1
7 2906 1
7 2907 22
7 2908 1
7 2909 22
7 2910 1
7 2911 1
7 2912 1
7 2913 1
7 2914 1
7 2915 1
7 2916 1
7 2917 22
7 2918 1
7 2919 1
7 2920 22
7 2921 1
7 2922 1
7 2923 22
7 2924 1
7 2925 1
7 2926 22
7 2927 1
7 2928 1
7 2929 1
7 2930 1
7 2931 1
7 2932 1
7 2933 1
7 2934 1
7 2935 1
7 2936 1
7 2937 1
7 2938 1
7 2939 1
7 2940 1
7 2941 1
7 2942 1
7 2943 1
7 2944 1
7 2945 1
7 2946 1
7 2947 1
7 2948 1
7 2949 1
7 2950 1
7 2951 1
7 2952 1
7 2953 22
7 2954 1
7 2955 1
7 2956 22
7 2957 1
7 2958 1
7 2959 22
7 2960 1
7 2961 1
7 2962 22
7 2963 1
7 2964 1
7 2965 1
7 2966 1
7 2967 1
7 2968 1
7 2969 1
7 2970 22
7 2971 1
7 2972 22
7 2973 1
7 2974 1
7 2975 1
7 2976 1
7 2977 22
7 2978 1
7 2979 1
7 2980 22
7 2981 1
7 2982 1
7 2983 22
7 2984 1
7 2985 1
7 2986 22
7 2987 1
7 2988 1
7 2989 1
7 2990 1
7 2991 1
7 2992 1
7 2993 1
7 2994 22
7 2995 1
7 2996 22
7 2997 1
7 2998 1
7 2999 1
7 3000 1
7 3001 1
7 3002 1
7 3003 22
7 3004 1
7 3005 22
7 3006 1
7 3007 1
7 3008 1
7 3009 1
7 3010 1
7 3011 1
7 3012 1
7 3013 22
7 3014 1
7 3015 1
7 3016 22
7 3017 1
7 3018 1
7 3019 22
7 3020 1
7 3021 1
7 3022 22
7 3023 1
7 3024 1
7 3025 1
7 3026 1
7 3027 22
7 3028 1
7 3029 22
7 3030 1
7 3031 1
7 3032 1
7 3033 1
7 3034 1
7 3035 1
7 3036 1
7 3037 22
7 3038 1
7 3039 1
7 3040 22
7 3041 1
7 3042 1
7 3043 22
7 3044 1
7 3045 1
7 3046 22
7 3047 1
7 3048 1
7 3049 1
7 3050 1
7 3051 1
7 3052 1
7 3053 1
7 3054 1
7 3055 1
7 3056 1
7 3057 1
7 3058 1
7 3059 1
7 3060 1
7 3061 1
7 3062 1
7 3063 1
7 3064 1
7 3065 1
7 3066 1
7 3067 1
7 3068 1
7 3069 1
7 3070 1
7 3071 1
7 3072 1
7 3073 22
7 3074 1
7 3075 1
7 3076 22
7 3077 1
7 3078 1
7 3079 22
7 3080 1
7 3081 1
7 3082 22
7 3083 1
7 3084 1
7 3085 1
7 3086 1
7 3087 1
7 3088 1
7 3089 1
7 3090 22
7 3091 1
7 3092 22
7 3093 1
7 3094 1
7 3095 1
7 3096 1
7 3097 22
7 3098 1
7 3099 1
7 3100 22
7 3101 1
7 3102 1
7 3103 22
7 3104 1
7 3105 1
7 3106 22
7 3107 1
7 3108 1
7 3109 1
7 3110 1
7 3111 1
7 3112 1
7 3113 1
7 3114 22
7 3115 1
7 3116 22
7 3117 1
7 3118 1
7 3119 1
7 3120 1
7 3121 1
7 3122 1
7 3123 22
7 3124 1
7 3125 22
7 3126 1
7 3127 1
7 3128 1
7 3129 1
7 3130 1
7 3131 1
7 3132 1
7 3133 22
7 3134 1
7 3135 1
7 3136 22
7 3137 1
7 3138 1
7 3139 22
7 3140 1
7 3141 1
7 3142 22
7 3143 1
7 3144 1
7 3145 1
7 3146 1
7 3147 22
7 3148 1
7 3149 22
7 3150 1
7 3151 1
7 3152 1
7 3153 1
7 3154 1
7 3155 1
7 3156 1
7 3157 22
7 3158 1
7 3159 1
7 3160 22
7 3161 1
7 3162 1
7 3163 22
7 3164 1
7 3165 1
7 3166 22
7 3167 1
7 3168 1
7 3169 1
7 3170 1
7 3171 1
7 3172 1
7 3173 1
7 3174 1
7 3175 1
7 3176 1
7 3177 1
7 3178 1
7 3179 1
7 3180 1
7 3181 1
7 3182 1
7 3183 1
7 3184 1
7 3185 1
7 3186 1
7 3187 1
7 3188 1
7 3189 1
7 3190 1
7 3191 1
7 3192 1
7 3193 22
7 3194 1
7 3195 1
7 3196 22
7 3197 1
7 3198 1
7 3199 22
7 3200 1
7 3201 1
7 3202 22
7 3203 1
7 3204 1
7 3205 1
7 3206 1
7 3207 1
7 3208 1
7 3209 1
7 3210 22
7 3211 1
7 3212 22
7 3213 1
7 3214 1
7 3215 1
7 3216 1
7 3217 22
7 3218 1
7 3219 1
7 3220 22
7 3221 1
7 3222 1
7 3223 22
7 3224 1
7 3225 1
7 3226 22
7 3227 1
7 3228 1
7 3229 1
7 3230 1
7 3231 1
7 3232 1
7 3233 1
7 3234 22
7 3235 1
7 3236 22
7 3237 1
7 3238 1
7 3239 1
7 3240 1
7 3241 1
7 3242 1
7 3243 1
7 3244 1
7 3245 1
7 3246 1
7 3247 1
7 3248 1
7 3249 1
7 3250 1
7 3251 1
7 3252 1
7 3253 1
7 3254 1
7 3255 1
7 3256 1
7 3257 1
7 3258 1
7 3259 1
7 3260 1
7 3261 1
7 3262 1
7 3263 1
7 3264 1
7 3265 1
7 3266 1
7 3267 1
7 3268 1
7 3269 1
7 3270 1
7 3271 1
7 3272 1
7 3273 1
7 3274 1
7 3275 1
7 3276 1
7 3277 1
7 3278 1
7 3279 1
7 3280 1
7 3281 1
7 3282 1
7 3283 1
7 3284 1
7 3285 1
7 3286 1
7 3287 1
7 3288 1
7 3289 1
7 3290 1
7 3291 1
7 3292 1
7 3293 1
7 3294 1
7 3295 1
7 3296 1
7 3297 1
7 3298 1
7 3299 1
7 3300 1
7 3301 1
7 3302 1
7 3303 1
7 3304 1
7 3305 1
7 3306 1
7 3307 1
7 3308 1
7 3309 1
7 3310 1
7 3311 1
7 3312 1
7 3313 1
7 3314 1
7 3315 1
7 3316 1
7 3317 1
7 3318 1
7 3319 1
7 3320 1
7 3321 1
7 3322 1
7 3323 1
7 3324 1
7 3325 1
7 3326 1
7 3327 1
7 3328 1
7 3329 1
7 3330 1
7 3331 1
7 3332 1
7 3333 1
7 3334 1
7 3335 1
7 3336 1
7 3337 1
7 3338 1
7 3339 1
7 3340 1
7 3341 1
7 3342 1
7 3343 1
7 3344 1
7 3345 1
7 3346 1
7 3347 1
7 3348 1
7 3349 1
7 3350 1
7 3351 1
7 3352 1
7 3353 1
7 3354 1
7 3355 1
7 3356 1
7 3357 1
7 3358 1
7 3359 1
7 3360 1
7 3361 22
7 3362 1
7 3363 1
7 3364 22
7 3365 1
7 3366 1
7 3367 22
7 3368 1
7 3369 1
7 3370 22
7 3371 1
7 3372 1
7 3373 1
7 3374 1
7 3375 1
7 3376 1
7 3377 1
7 3378 22
7 3379 1
7 3380 22
7 3381 1
7 3382 1
7 3383 1
7 3384 1
7 3385 22
7 3386 1
7 3387 1
7 3388 22
7 3389 1
7 3390 1
7 3391 22
7 3392 1
7 3393 1
7 3394 22
7 3395 1
7 3396 1
7 3397 1
7 3398 1
7 3399 1
7 3400 1
7 3401 1
7 3402 22
7 3403 1
7 3404 22
7 3405 1
7 3406 1
7 3407 1
7 3408 1
7 3409 22
7 3410 1
7 3411 1
7 3412 22
7 3413 1
7 3414 1
7 3415 22
7 3416 1
7 3417 1
7 3418 22
7 3419 1
7 3420 1
7 3421 1
7 3422 1
7 3423 1
7 3424 1
7 3425 1
7 3426 22
7 3427 1
7 3428 22
7 3429 1
7 3430 1
7 3431 1
7 3432 1
7 3433 1
7 3434 1
7 3435 1
7 3436 1
7 3437 1
7 3438 1
7 3439 1
7 3440 1
7 3441 1
7 3442 1
7 3443 1
7 3444 1
7 3445 1
7 3446 1
7 3447 1
7 3448 1
7 3449 1
7 3450 1
7 3451 1
7 3452 1
7 3453 1
7 3454 1
7 3455 1
7 3456 22
7 3457 1
7 3458 22
7 3459 1
7 3460 1
7 3461 1
7 3462 22
7 3463 1
7 3464 22
7 3465 1
7 3466 1
7 3467 1
7 3468 22
7 3469 1
7 3470 22
7 3471 1
7 3472 1
7 3473 1
7 3474 1
7 3475 1
7 3476 1
7 3477 1
7 3478 1
7 3479 1
7 3480 1
7 3481 22
7 3482 1
7 3483 1
7 3484 22
7 3485 1
7 3486 1
7 3487 22
7 3488 1
7 3489 1
7 3490 22
7 3491 1
7 3492 1
7 3493 1
7 3494 1
7 3495 1
7 3496 1
7 3497 1
7 3498 22
7 3499 1
7 3500 22
7 3501 1
7 3502 1
7 3503 1
7 3504 1
7 3505 22
7 3506 1
7 3507 1
7 3508 22
7 3509 1
7 3510 1
7 3511 22
7 3512 1
7 3513 1
7 3514 22
7 3515 1
7 3516 1
7 3517 1
7 3518 1
7 3519 1
7 3520 1
7 3521 1
7 3522 22
7 3523 1
7 3524 22
7 3525 1
7 3526 1
7 3527 1
7 3528 1
7 3529 22
7 3530 1
7 3531 1
7 3532 22
7 3533 1
7 3534 1
7 3535 22
7 3536 1
7 3537 1
7 3538 22
7 3539 1
7 3540 1
7 3541 1
7 3542 1
7 3543 1
7 3544 1
7 3545 1
7 3546 22
7 3547 1
7 3548 22
7 3549 1
7 3550 1
7 3551 1
7 3552 1
7 3553 1
7 3554 1
7 3555 1
7 3556 1
7 3557 1
7 3558 1
7 3559 1
7 3560 1
7 3561 1
7 3562 1
7 3563 1
7 3564 1
7 3565 1
7 3566 1
7 3567 1
7 3568 1
7 3569 1
7 3570 1
7 3571 1
7 3572 1
7 3573 1
7 3574 1
7 3575 1
7 3576 22
7 3577 1
7 3578 22
7 3579 1
7 3580 1
7 3581 1
7 3582 22
7 3583 1
7 3584 22
7 3585 1
7 3586 1
7 3587 1
7 3588 22
7 3589 1
7 3590 22
7 3591 1
7 3592 1
7 3593 1
7 3594 1
7 3595 1
7 3596 1
7 3597 1
7 3598 1
7 3599 1
7 3600 1
7 3601 17
7 3602 1
7 3603 22
7 3604 17
7 3605 22
7 3606 1
7 3607 17
7 3608 1
7 3609 1
7 3610 17
7 3611 1
7 3612 1
7 3613 22
7 3614 1
7 3615 1
7 3616 22
7 3617 1
7 3618 17
7 3619 22
7 3620 17
7 3621 1
7 3622 22
7 3623 1
7 3624 1
7 3625 17
7 3626 1
7 3627 22
7 3628 17
7 3629 22
7 3630 1
7 3631 17
7 3632 1
7 3633 1
7 3634 17
7 3635 1
7 3636 1
7 3637 22
7 3638 1
7 3639 1
7 3640 22
7 3641 1
7 3642 17
7 3643 22
7 3644 17
7 3645 1
7 3646 22
7 3647 1
7 3648 1
7 3649 17
7 3650 1
7 3651 1
7 3652 17
7 3653 1
7 3654 1
7 3655 17
7 3656 1
7 3657 1
7 3658 17
7 3659 1
7 3660 1
7 3661 1
7 3662 1
7 3663 1
7 3664 1
7 3665 1
7 3666 17
7 3667 1
7 3668 17
7 3669 1
7 3670 1
7 3671 1
7 3672 1
7 3673 22
7 3674 1
7 3675 1
7 3676 22
7 3677 1
7 3678 1
7 3679 22
7 3680 1
7 3681 1
7 3682 22
7 3683 1
7 3684 1
7 3685 1
7 3686 1
7 3687 1
7 3688 1
7 3689 1
7 3690 22
7 3691 1
7 3692 22
7 3693 1
7 3694 1
7 3695 1
7 3696 17
7 3697 22
7 3698 17
7 3699 1
7 3700 22
7 3701 1
7 3702 17
7 3703 22
7 3704 17
7 3705 1
7 3706 22
7 3707 1
7 3708 17
7 3709 1
7 3710 17
7 3711 1
7 3712 1
7 3713 1
7 3714 22
7 3715 1
7 3716 22
7 3717 1
7 3718 1
7 3719 1
7 3720 1
7 3721 17
7 3722 1
7 3723 22
7 3724 17
7 3725 22
7 3726 1
7 3727 17
7 3728 1
7 3729 1
7 3730 17
7 3731 1
7 3732 1
7 3733 22
7 3734 1
7 3735 1
7 3736 22
7 3737 1
7 3738 17
7 3739 22
7 3740 17
7 3741 1
7 3742 22
7 3743 1
7 3744 1
7 3745 17
7 3746 1
7 3747 22
7 3748 17
7 3749 22
7 3750 1
7 3751 17
7 3752 1
7 3753 1
7 3754 17
7 3755 1
7 3756 1
7 3757 22
7 3758 1
7 3759 1
7 3760 22
7 3761 1
7 3762 17
7 3763 22
7 3764 17
7 3765 1
7 3766 22
7 3767 1
7 3768 1
7 3769 17
7 3770 1
7 3771 1
7 3772 17
7 3773 1
7 3774 1
7 3775 17
7 3776 1
7 3777 1
7 3778 17
7 3779 1
7 3780 1
7 3781 1
7 3782 1
7 3783 1
7 3784 1
7 3785 1
7 3786 17
7 3787 1
7 3788 17
7 3789 1
7 3790 1
7 3791 1
7 3792 1
7 3793 22
7 3794 1
7 3795 1
7 3796 22
7 3797 1
7 3798 1
7 3799 22
7 3800 1
7 3801 1
7 3802 22
7 3803 1
7 3804 1
7 3805 1
7 3806 1
7 3807 1
7 3808 1
7 3809 1
7 3810 22
7 3811 1
7 3812 22
7 3813 1
7 3814 1
7 3815 1
7 3816 17
7 3817 22
7 3818 17
7 3819 1
7 3820 22
7 3821 1
7 3822 17
7 3823 22
7 3824 17
7 3825 1
7 3826 22
7 3827 1
7 3828 17
7 3829 1
7 3830 17
7 3831 1
7 3832 1
7 3833 1
7 3834 22
7 3835 1
7 3836 22
7 3837 1
7 3838 1
7 3839 1
7 3840 1
7 3841 17
7 3842 1
7 3843 22
7 3844 17
7 3845 22
7 3846 1
7 3847 17
7 3848 1
7 3849 1
7 3850 17
7 3851 1
7 3852 1
7 3853 22
7 3854 1
7 3855 1
7 3856 22
7 3857 1
7 3858 17
7 3859 22
7 3860 17
7 3861 1
7 3862 22
7 3863 1
7 3864 1
7 3865 17
7 3866 1
7 3867 22
7 3868 17
7 3869 22
7 3870 1
7 3871 17
7 3872 1
7 3873 1
7 3874 17
7 3875 1
7 3876 1
7 3877 22
7 3878 1
7 3879 1
7 3880 22
7 3881 1
7 3882 17
7 3883 22
7 3884 17
7 3885 1
7 3886 22
7 3887 1
7 3888 1
7 3889 17
7 3890 1
7 3891 1
7 3892 17
7 3893 1
7 3894 1
7 3895 17
7 3896 1
7 3897 1
7 3898 17
7 3899 1
7 3900 1
7 3901 1
7 3902 1
7 3903 1
7 3904 1
7 3905 1
7 3906 17
7 3907 1
7 3908 17
7 3909 1
7 3910 1
7 3911 1
7 3912 1
7 3913 22
7 3914 1
7 3915 1
7 3916 22
7 3917 1
7 3918 1
7 3919 22
7 3920 1
7 3921 1
7 3922 22
7 3923 1
7 3924 1
7 3925 1
7 3926 1
7 3927 1
7 3928 1
7 3929 1
7 3930 22
7 3931 1
7 3932 22
7 3933 1
7 3934 1
7 3935 1
7 3936 17
7 3937 22
7 3938 17
7 3939 1
7 3940 22
7 3941 1
7 3942 17
7 3943 22
7 3944 17
7 3945 1
7 3946 22
7 3947 1
7 3948 17
7 3949 1
7 3950 17
7 3951 1
7 3952 1
7 3953 1
7 3954 22
7 3955 1
7 3956 22
7 3957 1
7 3958 1
7 3959 1
7 3960 1
7 3961 17
7 3962 1
7 3963 1
7 3964 17
7 3965 1
7 3966 1
7 3967 17
7 3968 1
7 3969 1
7 3970 17
7 3971 1
7 3972 1
7 3973 1
7 3974 1
7 3975 1
7 3976 1
7 3977 1
7 3978 17
7 3979 1
7 3980 17
7 3981 1
7 3982 1
7 3983 1
7 3984 1
7 3985 17
7 3986 1
7 3987 1
7 3988 17
7 3989 1
7 3990 1
7 3991 17
7 3992 1
7 3993 1
7 3994 17
7 3995 1
7 3996 1
7 3997 1
7 3998 1
7 3999 1
7 4000 1
7 4001 1
7 4002 17
7 4003 1
7 4004 17
7 4005 1
7 4006 1
7 4007 1
7 4008 1
7 4009 17
7 4010 1
7 4011 1
7 4012 17
7 4013 1
7 4014 1
7 4015 17
7 4016 1
7 4017 1
7 4018 17
7 4019 1
7 4020 1
7 4021 1
7 4022 1
7 4023 1
7 4024 1
7 4025 1
7 4026 17
7 4027 1
7 4028 17
7 4029 1
7 4030 1
7 4031 1
7 4032 1
7 4033 1
7 4034 1
7 4035 1
7 4036 1
7 4037 1
7 4038 1
7 4039 1
7 4040 1
7 4041 1
7 4042 1
7 4043 1
7 4044 1
7 4045 1
7 4046 1
7 4047 1
7 4048 1
7 4049 1
7 4050 1
7 4051 1
7 4052 1
7 4053 1
7 4054 1
7 4055 1
7 4056 17
7 4057 1
7 4058 17
7 4059 1
7 4060 1
7 4061 1
7 4062 17
7 4063 1
7 4064 17
7 4065 1
7 4066 1
7 4067 1
7 4068 17
7 4069 1
7 4070 17
7 4071 1
7 4072 1
7 4073 1
7 4074 1
7 4075 1
7 4076 1
7 4077 1
7 4078 1
7 4079 1
7 4080 1
7 4081 22
7 4082 1
7 4083 1
7 4084 22
7 4085 1
7 4086 1
7 4087 22
7 4088 1
7 4089 1
7 4090 22
7 4091 1
7 4092 1
7 4093 1
7 4094 1
7 4095 1
7 4096 1
7 4097 1
7 4098 22
7 4099 1
7 4100 22
7 4101 1
7 4102 1
7 4103 1
7 4104 1
7 4105 22
7 4106 1
7 4107 1
7 4108 22
7 4109 1
7 4110 1
7 4111 22
7 4112 1
7 4113 1
7 4114 22
7 4115 1
7 4116 1
7 4117 1
7 4118 1
7 4119 1
7 4120 1
7 4121 1
7 4122 22
7 4123 1
7 4124 22
7 4125 1
7 4126 1
7 4127 1
7 4128 1
7 4129 22
7 4130 1
7 4131 1
7 4132 22
7 4133 1
7 4134 1
7 4135 22
7 4136 1
7 4137 1
7 4138 22
7 4139 1
7 4140 1
7 4141 1
7 4142 1
7 4143 1
7 4144 1
7 4145 1
7 4146 22
7 4147 1
7 4148 22
7 4149 1
7 4150 1
7 4151 1
7 4152 1
7 4153 1
7 4154 1
7 4155 1
7 4156 1
7 4157 1
7 4158 1
7 4159 1
7 4160 1
7 4161 1
7 4162 1
7 4163 1
7 4164 1
7 4165 1
7 4166 1
7 4167 1
7 4168 1
7 4169 1
7 4170 1
7 4171 1
7 4172 1
7 4173 1
7 4174 1
7 4175 1
7 4176 22
7 4177 1
7 4178 22
7 4179 1
7 4180 1
7 4181 1
7 4182 22
7 4183 1
7 4184 22
7 4185 1
7 4186 1
7 4187 1
7 4188 22
7 4189 1
7 4190 22
7 4191 1
7 4192 1
7 4193 1
7 4194 1
7 4195 1
7 4196 1
7 4197 1
7 4198 1
7 4199 1
7 4200 17
7 4201 22
7 4202 17
7 4203 1
7 4204 22
7 4205 1
7 4206 17
7 4207 22
7 4208 17
7 4209 1
7 4210 22
7 4211 1
7 4212 17
7 4213 1
7 4214 17
7 4215 1
7 4216 1
7 4217 1
7 4218 22
7 4219 1
7 4220 22
7 4221 1
7 4222 1
7 4223 1
7 4224 17
7 4225 22
7 4226 17
7 4227 1
7 4228 22
7 4229 1
7 4230 17
7 4231 22
7 4232 17
7 4233 1
7 4234 22
7 4235 1
7 4236 17
7 4237 1
7 4238 17
7 4239 1
7 4240 1
7 4241 1
7 4242 22
7 4243 1
7 4244 22
7 4245 1
7 4246 1
7 4247 1
7 4248 17
7 4249 22
7 4250 17
7 4251 1
7 4252 22
7 4253 1
7 4254 17
7 4255 22
7 4256 17
7 4257 1
7 4258 22
7 4259 1
7 4260 17
7 4261 1
7 4262 17
7 4263 1
7 4264 1
7 4265 1
7 4266 22
7 4267 1
7 4268 22
7 4269 1
7 4270 1
7 4271 1
7 4272 17
7 4273 1
7 4274 17
7 4275 1
7 4276 1
7 4277 1
7 4278 17
7 4279 1
7 4280 17
7 4281 1
7 4282 1
7 4283 1
7 4284 17
7 4285 1
7 4286 17
7 4287 1
7 4288 1
7 4289 1
7 4290 1
7 4291 1
7 4292 1
7 4293 1
7 4294 1
7 4295 1
7 4296 22
7 4297 1
7 4298 22
7 4299 1
7 4300 1
7 4301 1
7 4302 22
7 4303 1
7 4304 22
7 4305 1
7 4306 1
7 4307 1
7 4308 22
7 4309 1
7 4310 22
7 4311 1
7 4312 1
7 4313 1
7 4314 1
7 4315 1
7 4316 1
7 4317 1
7 4318 1
7 4319 1
7 4320 1
7 4321 17
7 4322 1
7 4323 22
7 4324 17
7 4325 22
7 4326 1
7 4327 17
7 4328 1
7 4329 1
7 4330 17
7 4331 1
7 4332 1
7 4333 22
7 4334 1
7 4335 1
7 4336 22
7 4337 1
7 4338 17
7 4339 22
7 4340 17
7 4341 1
7 4342 22
7 4343 1
7 4344 1
7 4345 17
7 4346 1
7 4347 22
7 4348 17
7 4349 22
7 4350 1
7 4351 17
7 4352 1
7 4353 1
7 4354 17
7 4355 1
7 4356 1
7 4357 22
7 4358 1
7 4359 1
7 4360 22
7 4361 1
7 4362 17
7 4363 22
7 4364 17
7 4365 1
7 4366 22
7 4367 1
7 4368 1
7 4369 17
7 4370 1
7 4371 1
7 4372 17
7 4373 1
7 4374 1
7 4375 17
7 4376 1
7 4377 1
7 4378 17
7 4379 1
7 4380 1
7 4381 1
7 4382 1
7 4383 1
7 4384 1
7 4385 1
7 4386 17
7 4387 1
7 4388 17
7 4389 1
7 4390 1
7 4391 1
7 4392 1
7 4393 22
7 4394 1
7 4395 1
7 4396 22
7 4397 1
7 4398 1
7 4399 22
7 4400 1
7 4401 1
7 4402 22
7 4403 1
7 4404 1
7 4405 1
7 4406 1
7 4407 1
7 4408 1
7 4409 1
7 4410 22
7 4411 1
7 4412 22
7 4413 1
7 4414 1
7 4415 1
7 4416 17
7 4417 22
7 4418 17
7 4419 1
7 4420 22
7 4421 1
7 4422 17
7 4423 22
7 4424 17
7 4425 1
7 4426 22
7 4427 1
7 4428 17
7 4429 1
7 4430 17
7 4431 1
7 4432 1
7 4433 1
7 4434 22
7 4435 1
7 4436 22
7 4437 1
7 4438 1
7 4439 1
7 4440 1
7 4441 17
7 4442 1
7 4443 22
7 4444 17
7 4445 22
7 4446 1
7 4447 17
7 4448 1
7 4449 1
7 4450 17
7 4451 1
7 4452 1
7 4453 22
7 4454 1
7 4455 1
7 4456 22
7 4457 1
7 4458 17
7 4459 22
7 4460 17
7 4461 1
7 4462 22
7 4463 1
7 4464 1
7 4465 17
7 4466 1
7 4467 22
7 4468 17
7 4469 22
7 4470 1
7 4471 17
7 4472 1
7 4473 1
7 4474 17
7 4475 1
7 4476 1
7 4477 22
7 4478 1
7 4479 1
7 4480 22
7 4481 1
7 4482 17
7 4483 22
7 4484 17
7 4485 1
7 4486 22
7 4487 1
7 4488 1
7 4489 17
7 4490 1
7 4491 1
7 4492 17
7 4493 1
7 4494 1
7 4495 17
7 4496 1
7 4497 1
7 4498 17
7 4499 1
7 4500 1
7 4501 1
7 4502 1
7 4503 1
7 4504 1
7 4505 1
7 4506 17
7 4507 1
7 4508 17
7 4509 1
7 4510 1
7 4511 1
7 4512 1
7 4513 22
7 4514 1
7 4515 1
7 4516 22
7 4517 1
7 4518 1
7 4519 22
7 4520 1
7 4521 1
7 4522 22
7 4523 1
7 4524 1
7 4525 1
7 4526 1
7 4527 1
7 4528 1
7 4529 1
7 4530 22
7 4531 1
7 4532 22
7 4533 1
7 4534 1
7 4535 1
7 4536 17
7 4537 22
7 4538 17
7 4539 1
7 4540 22
7 4541 1
7 4542 17
7 4543 22
7 4544 17
7 4545 1
7 4546 22
7 4547 1
7 4548 17
7 4549 1
7 4550 17
7 4551 1
7 4552 1
7 4553 1
7 4554 22
7 4555 1
7 4556 22
7 4557 1
7 4558 1
7 4559 1
7 4560 1
7 4561 17
7 4562 1
7 4563 22
7 4564 17
7 4565 22
7 4566 1
7 4567 17
7 4568 1
7 4569 1
7 4570 17
7 4571 1
7 4572 1
7 4573 22
7 4574 1
7 4575 1
7 4576 22
7 4577 1
7 4578 17
7 4579 22
7 4580 17
7 4581 1
7 4582 22
7 4583 1
7 4584 1
7 4585 17
7 4586 1
7 4587 22
7 4588 17
7 4589 22
7 4590 1
7 4591 17
7 4592 1
7 4593 1
7 4594 17
7 4595 1
7 4596 1
7 4597 22
7 4598 1
7 4599 1
7 4600 22
7 4601 1
7 4602 17
7 4603 22
7 4604 17
7 4605 1
7 4606 22
7 4607 1
7 4608 1
7 4609 17
7 4610 1
7 4611 1
7 4612 17
7 4613 1
7 4614 1
7 4615 17
7 4616 1
7 4617 1
7 4618 17
7 4619 1
7 4620 1
7 4621 1
7 4622 1
7 4623 1
7 4624 1
7 4625 1
7 4626 17
7 4627 1
7 4628 17
7 4629 1
7 4630 1
7 4631 1
7 4632 1
7 4633 22
7 4634 1
7 4635 1
7 4636 22
7 4637 1
7 4638 1
7 4639 22
7 4640 1
7 4641 1
7 4642 22
7 4643 1
7 4644 1
7 4645 1
7 4646 1
7 4647 1
7 4648 1
7 4649 1
7 4650 22
7 4651 1
7 4652 22
7 4653 1
7 4654 1
7 4655 1
7 4656 17
7 4657 22
7 4658 17
7 4659 1
7 4660 22
7 4661 1
7 4662 17
7 4663 22
7 4664 17
7 4665 1
7 4666 22
7 4667 1
7 4668 17
7 4669 1
7 4670 17
7 4671 1
7 4672 1
7 4673 1
7 4674 22
7 4675 1
7 4676 22
7 4677 1
7 4678 1
7 4679 1
7 4680 1
7 4681 17
7 4682 1
7 4683 1
7 4684 17
7 4685 1
7 4686 1
7 4687 17
7 4688 1
7 4689 1
7 4690 17
7 4691 1
7 4692 1
7 4693 1
7 4694 1
7 4695 1
7 4696 1
7 4697 1
7 4698 17
7 4699 1
7 4700 17
7 4701 1
7 4702 1
7 4703 1
7 4704 1
7 4705 17
7 4706 1
7 4707 1
7 4708 17
7 4709 1
7 4710 1
7 4711 17
7 4712 1
7 4713 1
7 4714 17
7 4715 1
7 4716 1
7 4717 1
7 4718 1
7 4719 1
7 4720 1
7 4721 1
7 4722 17
7 4723 1
7 4724 17
7 4725 1
7 4726 1
7 4727 1
7 4728 1
7 4729 17
7 4730 1
7 4731 1
7 4732 17
7 4733 1
7 4734 1
7 4735 17
7 4736 1
7 4737 1
7 4738 17
7 4739 1
7 4740 1
7 4741 1
7 4742 1
7 4743 1
7 4744 1
7 4745 1
7 4746 17
7 4747 1
7 4748 17
7 4749 1
7 4750 1
7 4751 1
7 4752 1
7 4753 1
7 4754 1
7 4755 1
7 4756 1
7 4757 1
7 4758 1
7 4759 1
7 4760 1
7 4761 1
7 4762 1
7 4763 1
7 4764 1
7 4765 1
7 4766 1
7 4767 1
7 4768 1
7 4769 1
7 4770 1
7 4771 1
7 4772 1
7 4773 1
7 4774 1
7 4775 1
7 4776 17
7 4777 1
7 4778 17
7 4779 1
7 4780 1
7 4781 1
7 4782 17
7 4783 1
7 4784 17
7 4785 1
7 4786 1
7 4787 1
7 4788 17
7 4789 1
7 4790 17
7 4791 1
7 4792 1
7 4793 1
7 4794 1
7 4795 1
7 4796 1
7 4797 1
7 4798 1
7 4799 1
7 4800 1
7 4801 22
7 4802 1
7 4803 1
7 4804 22
7 4805 1
7 4806 1
7 4807 22
7 4808 1
7 4809 1
7 4810 22
7 4811 1
7 4812 1
7 4813 1
7 4814 1
7 4815 1
7 4816 1
7 4817 1
7 4818 22
7 4819 1
7 4820 22
7 4821 1
7 4822 1
7 4823 1
7 4824 1
7 4825 22
7 4826 1
7 4827 1
7 4828 22
7 4829 1
7 4830 1
7 4831 22
7 4832 1
7 4833 1
7 4834 22
7 4835 1
7 4836 1
7 4837 1
7 4838 1
7 4839 1
7 4840 1
7 4841 1
7 4842 22
7 4843 1
7 4844 22
7 4845 1
7 4846 1
7 4847 1
7 4848 1
7 4849 22
7 4850 1
7 4851 1
7 4852 22
7 4853 1
7 4854 1
7 4855 22
7 4856 1
7 4857 1
7 4858 22
7 4859 1
7 4860 1
7 4861 1
7 4862 1
7 4863 1
7 4864 1
7 4865 1
7 4866 22
7 4867 1
7 4868 22
7 4869 1
7 4870 1
7 4871 1
7 4872 1
7 4873 1
7 4874 1
7 4875 1
7 4876 1
7 4877 1
7 4878 1
7 4879 1
7 4880 1
7 4881 1
7 4882 1
7 4883 1
7 4884 1
7 4885 1
7 4886 1
7 4887 1
7 4888 1
7 4889 1
7 4890 1
7 4891 1
7 4892 1
7 4893 1
7 4894 1
7 4895 1
7 4896 22
7 4897 1
7 4898 22
7 4899 1
7 4900 1
7 4901 1
7 4902 22
7 4903 1
7 4904 22
7 4905 1
7 4906 1
7 4907 1
7 4908 22
7 4909 1
7 4910 22
7 4911 1
7 4912 1
7 4913 1
7 4914 1
7 4915 1
7 4916 1
7 4917 1
7 4918 1
7 4919 1
7 4920 17
7 4921 22
7 4922 17
7 4923 1
7 4924 22
7 4925 1
7 4926 17
7 4927 22
7 4928 17
7 4929 1
7 4930 22
7 4931 1
7 4932 17
7 4933 1
7 4934 17
7 4935 1
7 4936 1
7 4937 1
7 4938 22
7 4939 1
7 4940 22
7 4941 1
7 4942 1
7 4943 1
7 4944 17
7 4945 22
7 4946 17
7 4947 1
7 4948 22
7 4949 1
7 4950 17
7 4951 22
7 4952 17
7 4953 1
7 4954 22
7 4955 1
7 4956 17
7 4957 1
7 4958 17
7 4959 1
7 4960 1
7 4961 1
7 4962 22
7 4963 1
7 4964 22
7 4965 1
7 4966 1
7 4967 1
7 4968 17
7 4969 22
7 4970 17
7 4971 1
7 4972 22
7 4973 1
7 4974 17
7 4975 22
7 4976 17
7 4977 1
7 4978 22
7 4979 1
7 4980 17
7 4981 1
7 4982 17
7 4983 1
7 4984 1
7 4985 1
7 4986 22
7 4987 1
7 4988 22
7 4989 1
7 4990 1
7 4991 1
7 4992 17
7 4993 1
7 4994 17
7 4995 1
7 4996 1
7 4997 1
7 4998 17
7 4999 1
7 5000 17
7 5001 1
7 5002 1
7 5003 1
7 5004 17
7 5005 1
7 5006 17
7 5007 1
7 5008 1
7 5009 1
7 5010 1
7 5011 1
7 5012 1
7 5013 1
7 5014 1
7 5015 1
7 5016 22
7 5017 1
7 5018 22
7 5019 1
7 5020 1
7 5021 1
7 5022 22
7 5023 1
7 5024 22
7 5025 1
7 5026 1
7 5027 1
7 5028 22
7 5029 1
7 5030 22
7 5031 1
7 5032 1
7 5033 1
7 5034 1
7 5035 1
7 5036 1
7 5037 1
7 5038 1
7 5039 1
