25000 14352 320230816 60 300
25000 14352 320230817 61 310
25000 14352 320330816 60 302
25000 14352 320330817 62 308
25000 14352 320430816 63 301
25000 14352 320430817 62 304
25000 14352 320530816 62 315
25000 14352 320530817 62 313
25000 14352 320730816 61 317
25000 14352 320730817 60 302
25000 14352 320630816 61 306
25000 14352 320630817 61 307
25000 14352 320830816 60 301
25000 14352 320830817 62 311
25000 14352 321130816 61 305
25000 14352 321130817 61 306
25000 14352 320930816 62 304
25000 14352 320930817 61 311
25000 14352 321030816 60 307
25000 14352 321030817 61 313
25000 14352 321230816 61 311
25000 14352 321230817 63 307
25000 14352 321330816 61 301
25000 14352 321330817 62 314
