400 45231 280100000 7 36
400 45231 280100001 7 33
400 45231 280100002 7 34
400 45231 280100003 7 35
400 45231 280100004 8 36
400 45231 280100005 7 39
400 45231 280100006 7 35
400 45231 280100007 6 34
400 45231 280100008 7 37
400 45231 280100009 6 35
400 45231 280100010 7 35
400 45231 280100011 7 34
400 45231 280100012 7 36
400 45231 280100013 7 35
400 45231 280100014 7 38
400 45231 280100015 6 39
400 45231 280100016 6 33
400 45231 280100017 7 35
400 45231 280100018 7 35
400 45231 280100019 6 32
400 45231 280100020 6 37
400 45231 280100021 7 33
400 45231 280100022 6 35
400 45231 280100023 7 33
400 45231 280200000 7 38
400 45231 280200001 7 38
400 45231 280200002 7 37
400 45231 280200003 6 33
400 45231 280200004 7 39
400 45231 280200005 7 34
400 45231 280200006 7 37
400 45231 280200007 7 35
400 45231 280200008 7 33
400 45231 280200009 7 35
400 45231 280200010 6 35
400 45231 280200011 7 35
400 45231 280200012 7 37
400 45231 280200013 6 34
400 45231 280200014 7 39
400 45231 280200015 7 35
400 45231 280200016 7 37
400 45231 280200017 6 33
400 45231 280200018 6 33
400 45231 280200019 7 35
400 45231 280200020 8 38
400 45231 280200021 7 36
400 45231 280200022 6 34
400 45231 280200023 7 34
400 45231 280300000 7 35
400 45231 280300001 7 37
400 45231 280300002 7 40
400 45231 280300003 7 37
400 45231 280300004 7 37
400 45231 280300005 6 35
400 45231 280300006 7 35
400 45231 280300007 7 36
400 45231 280300008 7 34
400 45231 280300009 7 36
400 45231 280300010 7 34
400 45231 280300011 6 33
400 45231 280300012 7 38
400 45231 280300013 7 37
400 45231 280300014 8 34
400 45231 280300015 7 37
400 45231 280300016 7 36
400 45231 280300017 7 37
400 45231 280300018 6 36
400 45231 280300019 6 34
400 45231 280300020 7 36
400 45231 280300021 6 37
400 45231 280300022 7 36
400 45231 280300023 6 35
400 45231 280400000 7 39
400 45231 280400001 6 35
400 45231 280400002 7 34
400 45231 280400003 6 35
400 45231 280400004 8 34
400 45231 280400005 7 32
400 45231 280400006 8 32
400 45231 280400007 7 36
400 45231 280400008 7 35
400 45231 280400009 7 35
400 45231 280400010 7 34
400 45231 280400011 7 35
400 45231 280400012 6 35
400 45231 280400013 6 40
400 45231 280400014 7 37
400 45231 280400015 7 34
400 45231 280400016 7 35
400 45231 280400017 7 33
400 45231 280400018 7 41
400 45231 280400019 7 36
400 45231 280400020 6 35
400 45231 280400021 6 40
400 45231 280400022 6 35
400 45231 280400023 7 35
