25000 25413 320330816 60 302
25000 25413 320330817 61 308
25000 25413 320230816 63 300
25000 25413 320230817 60 310
25000 25413 320430816 62 301
25000 25413 320430817 61 304
25000 25413 320630816 60 306
25000 25413 320630817 61 307
25000 25413 320730816 61 317
25000 25413 320730817 61 302
25000 25413 320530816 63 315
25000 25413 320530817 63 313
25000 25413 320830816 60 301
25000 25413 320830817 62 311
25000 25413 321130816 61 305
25000 25413 321130817 62 306
25000 25413 321030816 61 307
25000 25413 321030817 62 313
25000 25413 320930816 63 304
25000 25413 320930817 61 311
25000 25413 321230816 62 311
25000 25413 321230817 63 307
25000 25413 321330816 62 301
25000 25413 321330817 62 314
