1000 25314 700100000 12 59
1000 25314 700100001 11 58
1000 25314 700100002 11 55
1000 25314 700100003 11 59
1000 25314 700100004 12 58
1000 25314 700100005 13 56
1000 25314 700100006 12 60
1000 25314 700100007 11 59
1000 25314 700100008 13 59
1000 25314 700100009 11 55
1000 25314 700100010 12 62
1000 25314 700100011 11 59
1000 25314 700100012 12 59
1000 25314 700100013 12 61
1000 25314 700100014 11 54
1000 25314 700100015 11 54
1000 25314 700100016 11 56
1000 25314 700100017 11 59
1000 25314 700100018 11 58
1000 25314 700100019 11 56
1000 25314 700100020 11 56
1000 25314 700100021 11 61
1000 25314 700100022 11 56
1000 25314 700100023 12 60
1000 25314 700300000 12 63
1000 25314 700300001 11 58
1000 25314 700300002 11 57
1000 25314 700300003 12 54
1000 25314 700300004 11 60
1000 25314 700300005 11 55
1000 25314 700300006 11 59
1000 25314 700300007 12 60
1000 25314 700300008 12 65
1000 25314 700300009 12 57
1000 25314 700300010 11 57
1000 25314 700300011 11 60
1000 25314 700300012 11 60
1000 25314 700300013 11 57
1000 25314 700300014 11 57
1000 25314 700300015 11 56
1000 25314 700300016 11 54
1000 25314 700300017 11 65
1000 25314 700300018 12 62
1000 25314 700300019 12 58
1000 25314 700300020 12 59
1000 25314 700300021 12 58
1000 25314 700300022 11 56
1000 25314 700300023 12 62
1000 25314 700200000 11 59
1000 25314 700200001 12 60
1000 25314 700200002 11 63
1000 25314 700200003 11 58
1000 25314 700200004 11 57
1000 25314 700200005 11 63
1000 25314 700200006 11 58
1000 25314 700200007 11 58
1000 25314 700200008 12 59
1000 25314 700200009 11 61
1000 25314 700200010 11 58
1000 25314 700200011 11 57
1000 25314 700200012 12 56
1000 25314 700200013 11 57
1000 25314 700200014 12 53
1000 25314 700200015 11 55
1000 25314 700200016 11 52
1000 25314 700200017 11 61
1000 25314 700200018 11 61
1000 25314 700200019 12 57
1000 25314 700200020 12 62
1000 25314 700200021 12 67
1000 25314 700200022 11 61
1000 25314 700200023 11 54
1000 25314 700400000 11 59
1000 25314 700400001 12 56
1000 25314 700400002 11 60
1000 25314 700400003 11 53
1000 25314 700400004 11 58
1000 25314 700400005 12 58
1000 25314 700400006 12 59
1000 25314 700400007 11 56
1000 25314 700400008 11 56
1000 25314 700400009 11 55
1000 25314 700400010 12 61
1000 25314 700400011 11 61
1000 25314 700400012 11 62
1000 25314 700400013 12 62
1000 25314 700400014 11 59
1000 25314 700400015 11 58
1000 25314 700400016 12 58
1000 25314 700400017 11 54
1000 25314 700400018 11 54
1000 25314 700400019 11 61
1000 25314 700400020 12 55
1000 25314 700400021 10 52
1000 25314 700400022 12 52
1000 25314 700400023 11 57
