25000 2341 320230816 76 300
25000 2341 320230817 78 310
25000 2341 320330816 75 302
25000 2341 320330817 78 308
25000 2341 320430816 76 301
25000 2341 320430817 78 304
25000 2341 320530816 79 315
25000 2341 320530817 78 313
25000 2341 320630816 76 306
25000 2341 320630817 77 307
25000 2341 320730816 79 317
25000 2341 320730817 77 302
25000 2341 320830816 74 301
25000 2341 320830817 78 311
25000 2341 321130816 76 305
25000 2341 321130817 77 306
25000 2341 320930816 78 304
25000 2341 320930817 79 311
25000 2341 321030816 76 307
25000 2341 321030817 82 313
25000 2341 321230816 76 311
25000 2341 321230817 76 307
25000 2341 321330816 76 301
25000 2341 321330817 78 314
