6400 45231 185132704 31 154
6400 45231 185132705 30 150
6400 45231 185132706 30 151
6400 45231 185132707 30 155
6400 45231 185132708 31 149
6400 45231 185132709 30 155
6400 45231 185132710 30 151
6400 45231 185132711 29 155
6400 45231 185132712 31 150
6400 45231 185132713 30 152
6400 45231 185132714 29 153
6400 45231 185132715 32 154
6400 45231 185132716 30 159
6400 45231 185132717 31 148
6400 45231 185132718 30 149
6400 45231 185132719 31 151
6400 45231 185232704 31 158
6400 45231 185232705 30 154
6400 45231 185232706 31 150
6400 45231 185232707 31 154
6400 45231 185232708 30 149
6400 45231 185232709 29 144
6400 45231 185232710 31 153
6400 45231 185232711 30 151
6400 45231 185232712 30 154
6400 45231 185232713 30 147
6400 45231 185232714 31 159
6400 45231 185232715 31 155
6400 45231 185232716 29 153
6400 45231 185232717 30 149
6400 45231 185232718 31 148
6400 45231 185232719 31 153
6400 45231 185332704 30 159
6400 45231 185332705 30 155
6400 45231 185332706 30 157
6400 45231 185332707 31 156
6400 45231 185332708 29 151
6400 45231 185332709 30 151
6400 45231 185332710 29 150
6400 45231 185332711 30 148
6400 45231 185332712 30 150
6400 45231 185332713 29 150
6400 45231 185332714 31 147
6400 45231 185332715 31 150
6400 45231 185332716 32 150
6400 45231 185332717 29 152
6400 45231 185332718 31 157
6400 45231 185332719 33 154
6400 45231 185432704 31 153
6400 45231 185432705 29 152
6400 45231 185432706 31 157
6400 45231 185432707 30 150
6400 45231 185432708 29 157
6400 45231 185432709 30 149
6400 45231 185432710 31 154
6400 45231 185432711 31 154
6400 45231 185432712 31 151
6400 45231 185432713 31 148
6400 45231 185432714 31 151
6400 45231 185432715 31 155
6400 45231 185432716 30 152
6400 45231 185432717 32 152
6400 45231 185432718 30 155
6400 45231 185432719 31 154
6400 45231 185532704 31 151
6400 45231 185532705 31 151
6400 45231 185532706 30 153
6400 45231 185532707 31 153
6400 45231 185532708 30 155
6400 45231 185532709 30 155
6400 45231 185532710 30 151
6400 45231 185532711 30 154
6400 45231 185532712 31 155
6400 45231 185532713 31 152
6400 45231 185532714 30 151
6400 45231 185532715 30 154
6400 45231 185532716 30 155
6400 45231 185532717 31 156
6400 45231 185532718 30 152
6400 45231 185532719 30 155
6400 45231 185632704 31 148
6400 45231 185632705 31 150
6400 45231 185632706 30 153
6400 45231 185632707 30 155
6400 45231 185632708 31 159
6400 45231 185632709 31 157
6400 45231 185632710 31 154
6400 45231 185632711 31 151
6400 45231 185632712 31 154
6400 45231 185632713 30 148
6400 45231 185632714 29 152
6400 45231 185632715 31 146
6400 45231 185632716 30 149
6400 45231 185632717 29 149
6400 45231 185632718 31 152
6400 45231 185632719 31 152
