400 231 280100000 11 36
400 231 280100001 12 33
400 231 280100002 12 34
400 231 280100003 11 35
400 231 280100004 12 36
400 231 280100005 13 39
400 231 280100006 11 35
400 231 280100007 11 34
400 231 280100008 12 37
400 231 280100009 11 35
400 231 280100010 10 35
400 231 280100011 11 34
400 231 280100012 11 36
400 231 280100013 12 35
400 231 280100014 11 38
400 231 280100015 12 39
400 231 280100016 11 33
400 231 280100017 11 35
400 231 280100018 13 35
400 231 280100019 10 32
400 231 280100020 12 37
400 231 280100021 11 33
400 231 280100022 11 35
400 231 280100023 12 33
400 231 280200000 13 38
400 231 280200001 13 38
400 231 280200002 13 37
400 231 280200003 11 33
400 231 280200004 12 39
400 231 280200005 12 34
400 231 280200006 12 37
400 231 280200007 11 35
400 231 280200008 11 33
400 231 280200009 12 35
400 231 280200010 11 35
400 231 280200011 12 35
400 231 280200012 11 37
400 231 280200013 10 34
400 231 280200014 12 39
400 231 280200015 12 35
400 231 280200016 12 37
400 231 280200017 11 33
400 231 280200018 10 33
400 231 280200019 11 35
400 231 280200020 13 38
400 231 280200021 11 36
400 231 280200022 11 34
400 231 280200023 11 34
400 231 280300000 11 35
400 231 280300001 12 37
400 231 280300002 13 40
400 231 280300003 11 37
400 231 280300004 13 37
400 231 280300005 12 35
400 231 280300006 12 35
400 231 280300007 11 36
400 231 280300008 11 34
400 231 280300009 12 36
400 231 280300010 13 34
400 231 280300011 11 33
400 231 280300012 10 38
400 231 280300013 13 37
400 231 280300014 11 34
400 231 280300015 12 37
400 231 280300016 10 36
400 231 280300017 11 37
400 231 280300018 12 36
400 231 280300019 11 34
400 231 280300020 12 36
400 231 280300021 11 37
400 231 280300022 11 36
400 231 280300023 13 35
400 231 280400000 12 39
400 231 280400001 12 35
400 231 280400002 12 34
400 231 280400003 13 35
400 231 280400004 12 34
400 231 280400005 10 32
400 231 280400006 11 32
400 231 280400007 11 36
400 231 280400008 14 35
400 231 280400009 12 35
400 231 280400010 12 34
400 231 280400011 12 35
400 231 280400012 12 35
400 231 280400013 10 40
400 231 280400014 12 37
400 231 280400015 13 34
400 231 280400016 11 35
400 231 280400017 12 33
400 231 280400018 13 41
400 231 280400019 12 36
400 231 280400020 12 35
400 231 280400021 12 40
400 231 280400022 11 35
400 231 280400023 10 35
