6400 52341 185132704 30 154
6400 52341 185132705 30 150
6400 52341 185132706 32 151
6400 52341 185132707 31 155
6400 52341 185132708 31 149
6400 52341 185132709 30 155
6400 52341 185132710 30 151
6400 52341 185132711 31 155
6400 52341 185132712 30 150
6400 52341 185132713 29 152
6400 52341 185132714 30 153
6400 52341 185132715 31 154
6400 52341 185132716 31 159
6400 52341 185132717 29 148
6400 52341 185132718 30 149
6400 52341 185132719 30 151
6400 52341 185432704 32 153
6400 52341 185432705 30 152
6400 52341 185432706 30 157
6400 52341 185432707 31 150
6400 52341 185432708 30 157
6400 52341 185432709 30 149
6400 52341 185432710 30 154
6400 52341 185432711 31 154
6400 52341 185432712 31 151
6400 52341 185432713 30 148
6400 52341 185432714 31 151
6400 52341 185432715 31 155
6400 52341 185432716 31 152
6400 52341 185432717 33 152
6400 52341 185432718 32 155
6400 52341 185432719 31 154
6400 52341 185232704 30 158
6400 52341 185232705 31 154
6400 52341 185232706 31 150
6400 52341 185232707 31 154
6400 52341 185232708 31 149
6400 52341 185232709 29 144
6400 52341 185232710 31 153
6400 52341 185232711 31 151
6400 52341 185232712 30 154
6400 52341 185232713 30 147
6400 52341 185232714 32 159
6400 52341 185232715 30 155
6400 52341 185232716 30 153
6400 52341 185232717 30 149
6400 52341 185232718 31 148
6400 52341 185232719 31 153
6400 52341 185332704 32 159
6400 52341 185332705 31 155
6400 52341 185332706 29 157
6400 52341 185332707 30 156
6400 52341 185332708 30 151
6400 52341 185332709 30 151
6400 52341 185332710 30 150
6400 52341 185332711 31 148
6400 52341 185332712 30 150
6400 52341 185332713 31 150
6400 52341 185332714 30 147
6400 52341 185332715 30 150
6400 52341 185332716 31 150
6400 52341 185332717 30 152
6400 52341 185332718 31 157
6400 52341 185332719 32 154
6400 52341 185532704 31 151
6400 52341 185532705 30 151
6400 52341 185532706 31 153
6400 52341 185532707 30 153
6400 52341 185532708 30 155
6400 52341 185532709 30 155
6400 52341 185532710 31 151
6400 52341 185532711 31 154
6400 52341 185532712 31 155
6400 52341 185532713 31 152
6400 52341 185532714 31 151
6400 52341 185532715 30 154
6400 52341 185532716 31 155
6400 52341 185532717 31 156
6400 52341 185532718 30 152
6400 52341 185532719 30 155
6400 52341 185632704 30 148
6400 52341 185632705 32 150
6400 52341 185632706 30 153
6400 52341 185632707 30 155
6400 52341 185632708 31 159
6400 52341 185632709 31 157
6400 52341 185632710 31 154
6400 52341 185632711 30 151
6400 52341 185632712 31 154
6400 52341 185632713 30 148
6400 52341 185632714 30 152
6400 52341 185632715 30 146
6400 52341 185632716 29 149
6400 52341 185632717 30 149
6400 52341 185632718 30 152
6400 52341 185632719 30 152
