25000 13452 320230816 60 300
25000 13452 320230817 62 310
25000 13452 320330816 60 302
25000 13452 320330817 62 308
25000 13452 320430816 61 301
25000 13452 320430817 61 304
25000 13452 320630816 61 306
25000 13452 320630817 62 307
25000 13452 320730816 63 317
25000 13452 320730817 60 302
25000 13452 320530816 62 315
25000 13452 320530817 62 313
25000 13452 320830816 61 301
25000 13452 320830817 62 311
25000 13452 320930816 63 304
25000 13452 320930817 63 311
25000 13452 321130816 61 305
25000 13452 321130817 61 306
25000 13452 321030816 61 307
25000 13452 321030817 62 313
25000 13452 321230816 62 311
25000 13452 321230817 62 307
25000 13452 321330816 62 301
25000 13452 321330817 62 314
