1000 231 700100000 18 59
1000 231 700100001 18 58
1000 231 700100002 21 55
1000 231 700100003 19 59
1000 231 700100004 19 58
1000 231 700100005 20 56
1000 231 700100006 19 60
1000 231 700100007 20 59
1000 231 700100008 20 59
1000 231 700100009 20 55
1000 231 700100010 20 62
1000 231 700100011 18 59
1000 231 700100012 19 59
1000 231 700100013 18 61
1000 231 700100014 18 54
1000 231 700100015 20 54
1000 231 700100016 18 56
1000 231 700100017 20 59
1000 231 700100018 19 58
1000 231 700100019 19 56
1000 231 700100020 18 56
1000 231 700100021 18 61
1000 231 700100022 19 56
1000 231 700100023 18 60
1000 231 700200000 20 59
1000 231 700200001 19 60
1000 231 700200002 19 63
1000 231 700200003 20 58
1000 231 700200004 18 57
1000 231 700200005 20 63
1000 231 700200006 21 58
1000 231 700200007 20 58
1000 231 700200008 20 59
1000 231 700200009 20 61
1000 231 700200010 19 58
1000 231 700200011 20 57
1000 231 700200012 18 56
1000 231 700200013 19 57
1000 231 700200014 19 53
1000 231 700200015 19 55
1000 231 700200016 19 52
1000 231 700200017 19 61
1000 231 700200018 18 61
1000 231 700200019 19 57
1000 231 700200020 20 62
1000 231 700200021 20 67
1000 231 700200022 20 61
1000 231 700200023 19 54
1000 231 700300000 21 63
1000 231 700300001 19 58
1000 231 700300002 19 57
1000 231 700300003 19 54
1000 231 700300004 19 60
1000 231 700300005 18 55
1000 231 700300006 19 59
1000 231 700300007 21 60
1000 231 700300008 21 65
1000 231 700300009 18 57
1000 231 700300010 18 57
1000 231 700300011 19 60
1000 231 700300012 18 60
1000 231 700300013 19 57
1000 231 700300014 19 57
1000 231 700300015 19 56
1000 231 700300016 18 54
1000 231 700300017 20 65
1000 231 700300018 20 62
1000 231 700300019 18 58
1000 231 700300020 19 59
1000 231 700300021 19 58
1000 231 700300022 17 56
1000 231 700300023 20 62
1000 231 700400000 20 59
1000 231 700400001 19 56
1000 231 700400002 20 60
1000 231 700400003 18 53
1000 231 700400004 19 58
1000 231 700400005 19 58
1000 231 700400006 19 59
1000 231 700400007 19 56
1000 231 700400008 20 56
1000 231 700400009 18 55
1000 231 700400010 22 61
1000 231 700400011 19 61
1000 231 700400012 19 62
1000 231 700400013 20 62
1000 231 700400014 18 59
1000 231 700400015 18 58
1000 231 700400016 19 58
1000 231 700400017 18 54
1000 231 700400018 19 54
1000 231 700400019 19 61
1000 231 700400020 19 55
1000 231 700400021 19 52
1000 231 700400022 18 52
1000 231 700400023 18 57
