400 13452 280100000 6 36
400 13452 280100001 7 33
400 13452 280100002 6 34
400 13452 280100003 6 35
400 13452 280100004 7 36
400 13452 280100005 6 39
400 13452 280100006 6 35
400 13452 280100007 7 34
400 13452 280100008 8 37
400 13452 280100009 7 35
400 13452 280100010 7 35
400 13452 280100011 7 34
400 13452 280100012 7 36
400 13452 280100013 6 35
400 13452 280100014 7 38
400 13452 280100015 7 39
400 13452 280100016 7 33
400 13452 280100017 6 35
400 13452 280100018 6 35
400 13452 280100019 6 32
400 13452 280100020 7 37
400 13452 280100021 7 33
400 13452 280100022 6 35
400 13452 280100023 7 33
400 13452 280200000 6 38
400 13452 280200001 8 38
400 13452 280200002 7 37
400 13452 280200003 6 33
400 13452 280200004 7 39
400 13452 280200005 6 34
400 13452 280200006 7 37
400 13452 280200007 6 35
400 13452 280200008 6 33
400 13452 280200009 6 35
400 13452 280200010 6 35
400 13452 280200011 7 35
400 13452 280200012 7 37
400 13452 280200013 6 34
400 13452 280200014 7 39
400 13452 280200015 7 35
400 13452 280200016 7 37
400 13452 280200017 7 33
400 13452 280200018 6 33
400 13452 280200019 7 35
400 13452 280200020 8 38
400 13452 280200021 7 36
400 13452 280200022 7 34
400 13452 280200023 7 34
400 13452 280300000 7 35
400 13452 280300001 7 37
400 13452 280300002 7 40
400 13452 280300003 7 37
400 13452 280300004 8 37
400 13452 280300005 7 35
400 13452 280300006 7 35
400 13452 280300007 7 36
400 13452 280300008 6 34
400 13452 280300009 7 36
400 13452 280300010 7 34
400 13452 280300011 7 33
400 13452 280300012 7 38
400 13452 280300013 7 37
400 13452 280300014 6 34
400 13452 280300015 6 37
400 13452 280300016 7 36
400 13452 280300017 6 37
400 13452 280300018 7 36
400 13452 280300019 7 34
400 13452 280300020 7 36
400 13452 280300021 7 37
400 13452 280300022 6 36
400 13452 280300023 7 35
400 13452 280400000 7 39
400 13452 280400001 7 35
400 13452 280400002 6 34
400 13452 280400003 7 35
400 13452 280400004 7 34
400 13452 280400005 6 32
400 13452 280400006 6 32
400 13452 280400007 6 36
400 13452 280400008 7 35
400 13452 280400009 7 35
400 13452 280400010 7 34
400 13452 280400011 6 35
400 13452 280400012 7 35
400 13452 280400013 6 40
400 13452 280400014 7 37
400 13452 280400015 7 34
400 13452 280400016 7 35
400 13452 280400017 6 33
400 13452 280400018 8 41
400 13452 280400019 7 36
400 13452 280400020 6 35
400 13452 280400021 7 40
400 13452 280400022 6 35
400 13452 280400023 7 35
