10000 321 -1589834592 66 195
10000 321 -1589834591 64 201
10000 321 -1589834590 64 198
10000 321 -1589834589 63 192
10000 321 -1589834588 64 188
10000 321 -1589834587 64 195
10000 321 -1589834586 63 196
10000 321 -1589834585 64 190
10000 321 -1589734592 64 192
10000 321 -1589734591 63 188
10000 321 -1589734590 64 189
10000 321 -1589734589 65 185
10000 321 -1589734588 63 194
10000 321 -1589734587 64 188
10000 321 -1589734586 64 197
10000 321 -1589734585 62 191
10000 321 -1589634592 63 195
10000 321 -1589634591 61 192
10000 321 -1589634590 65 189
10000 321 -1589634589 63 193
10000 321 -1589634588 64 192
10000 321 -1589634587 65 203
10000 321 -1589634586 65 186
10000 321 -1589634585 62 195
10000 321 -1589534592 62 194
10000 321 -1589534591 64 189
10000 321 -1589534590 62 193
10000 321 -1589534589 64 186
10000 321 -1589534588 63 190
10000 321 -1589534587 65 188
10000 321 -1589534586 64 185
10000 321 -1589534585 64 187
10000 321 -1589434592 64 195
10000 321 -1589434591 66 194
10000 321 -1589434590 63 199
10000 321 -1589434589 64 188
10000 321 -1589434588 62 193
10000 321 -1589434587 64 187
10000 321 -1589434586 63 187
10000 321 -1589434585 64 195
10000 321 -1589334592 65 197
10000 321 -1589334591 65 190
10000 321 -1589334590 63 195
10000 321 -1589334589 64 189
10000 321 -1589334588 63 192
10000 321 -1589334587 64 197
10000 321 -1589334586 63 192
10000 321 -1589334585 64 188
