400 15342 280100000 7 36
400 15342 280100001 7 33
400 15342 280100002 7 34
400 15342 280100003 6 35
400 15342 280100004 7 36
400 15342 280100005 7 39
400 15342 280100006 6 35
400 15342 280100007 7 34
400 15342 280100008 7 37
400 15342 280100009 6 35
400 15342 280100010 7 35
400 15342 280100011 7 34
400 15342 280100012 7 36
400 15342 280100013 7 35
400 15342 280100014 6 38
400 15342 280100015 7 39
400 15342 280100016 7 33
400 15342 280100017 6 35
400 15342 280100018 6 35
400 15342 280100019 6 32
400 15342 280100020 6 37
400 15342 280100021 7 33
400 15342 280100022 7 35
400 15342 280100023 6 33
400 15342 280200000 6 38
400 15342 280200001 8 38
400 15342 280200002 7 37
400 15342 280200003 6 33
400 15342 280200004 7 39
400 15342 280200005 6 34
400 15342 280200006 7 37
400 15342 280200007 7 35
400 15342 280200008 7 33
400 15342 280200009 7 35
400 15342 280200010 7 35
400 15342 280200011 7 35
400 15342 280200012 6 37
400 15342 280200013 6 34
400 15342 280200014 6 39
400 15342 280200015 7 35
400 15342 280200016 7 37
400 15342 280200017 6 33
400 15342 280200018 6 33
400 15342 280200019 7 35
400 15342 280200020 7 38
400 15342 280200021 7 36
400 15342 280200022 6 34
400 15342 280200023 7 34
400 15342 280400000 7 39
400 15342 280400001 6 35
400 15342 280400002 6 34
400 15342 280400003 7 35
400 15342 280400004 7 34
400 15342 280400005 6 32
400 15342 280400006 7 32
400 15342 280400007 7 36
400 15342 280400008 7 35
400 15342 280400009 6 35
400 15342 280400010 7 34
400 15342 280400011 6 35
400 15342 280400012 6 35
400 15342 280400013 7 40
400 15342 280400014 7 37
400 15342 280400015 8 34
400 15342 280400016 7 35
400 15342 280400017 7 33
400 15342 280400018 7 41
400 15342 280400019 7 36
400 15342 280400020 6 35
400 15342 280400021 8 40
400 15342 280400022 6 35
400 15342 280400023 7 35
400 15342 280300000 7 35
400 15342 280300001 7 37
400 15342 280300002 6 40
400 15342 280300003 7 37
400 15342 280300004 7 37
400 15342 280300005 7 35
400 15342 280300006 7 35
400 15342 280300007 6 36
400 15342 280300008 6 34
400 15342 280300009 7 36
400 15342 280300010 7 34
400 15342 280300011 6 33
400 15342 280300012 7 38
400 15342 280300013 8 37
400 15342 280300014 7 34
400 15342 280300015 7 37
400 15342 280300016 7 36
400 15342 280300017 7 37
400 15342 280300018 7 36
400 15342 280300019 7 34
400 15342 280300020 7 36
400 15342 280300021 6 37
400 15342 280300022 7 36
400 15342 280300023 7 35
