10000 13542 -1589834592 39 195
10000 13542 -1589834591 39 201
10000 13542 -1589834590 39 198
10000 13542 -1589834589 38 192
10000 13542 -1589834588 38 188
10000 13542 -1589834587 37 195
10000 13542 -1589834586 39 196
10000 13542 -1589834585 37 190
10000 13542 -1589734592 39 192
10000 13542 -1589734591 38 188
10000 13542 -1589734590 38 189
10000 13542 -1589734589 37 185
10000 13542 -1589734588 38 194
10000 13542 -1589734587 37 188
10000 13542 -1589734586 39 197
10000 13542 -1589734585 37 191
10000 13542 -1589634592 39 195
10000 13542 -1589634591 37 192
10000 13542 -1589634590 38 189
10000 13542 -1589634589 38 193
10000 13542 -1589634588 39 192
10000 13542 -1589634587 39 203
10000 13542 -1589634586 39 186
10000 13542 -1589634585 38 195
10000 13542 -1589534592 39 194
10000 13542 -1589534591 39 189
10000 13542 -1589534590 39 193
10000 13542 -1589534589 37 186
10000 13542 -1589534588 37 190
10000 13542 -1589534587 38 188
10000 13542 -1589534586 37 185
10000 13542 -1589534585 38 187
10000 13542 -1589434592 38 195
10000 13542 -1589434591 39 194
10000 13542 -1589434590 39 199
10000 13542 -1589434589 39 188
10000 13542 -1589434588 38 193
10000 13542 -1589434587 38 187
10000 13542 -1589434586 38 187
10000 13542 -1589434585 40 195
10000 13542 -1589334592 38 197
10000 13542 -1589334591 39 190
10000 13542 -1589334590 38 195
10000 13542 -1589334589 38 189
10000 13542 -1589334588 38 192
10000 13542 -1589334587 39 197
10000 13542 -1589334586 38 192
10000 13542 -1589334585 39 188
