25000 25143 320230816 61 300
25000 25143 320230817 62 310
25000 25143 320330816 61 302
25000 25143 320330817 61 308
25000 25143 320430816 62 301
25000 25143 320430817 62 304
25000 25143 320830816 60 301
25000 25143 320830817 62 311
25000 25143 320530816 63 315
25000 25143 320530817 62 313
25000 25143 320730816 62 317
25000 25143 320730817 63 302
25000 25143 320630816 61 306
25000 25143 320630817 60 307
25000 25143 321030816 62 307
25000 25143 321030817 62 313
25000 25143 321130816 61 305
25000 25143 321130817 61 306
25000 25143 320930816 62 304
25000 25143 320930817 61 311
25000 25143 321230816 61 311
25000 25143 321230817 62 307
25000 25143 321330816 62 301
25000 25143 321330817 62 314
