1000 21 700100000 27 59
1000 21 700100001 28 58
1000 21 700100002 28 55
1000 21 700100003 28 59
1000 21 700100004 27 58
1000 21 700100005 29 56
1000 21 700100006 30 60
1000 21 700100007 30 59
1000 21 700100008 29 59
1000 21 700100009 27 55
1000 21 700100010 29 62
1000 21 700100011 29 59
1000 21 700100012 29 59
1000 21 700100013 29 61
1000 21 700100014 27 54
1000 21 700100015 30 54
1000 21 700100016 30 56
1000 21 700100017 30 59
1000 21 700100018 30 58
1000 21 700100019 30 56
1000 21 700100020 28 56
1000 21 700100021 27 61
1000 21 700100022 29 56
1000 21 700100023 28 60
1000 21 700200000 30 59
1000 21 700200001 30 60
1000 21 700200002 30 63
1000 21 700200003 30 58
1000 21 700200004 29 57
1000 21 700200005 27 63
1000 21 700200006 28 58
1000 21 700200007 28 58
1000 21 700200008 29 59
1000 21 700200009 29 61
1000 21 700200010 28 58
1000 21 700200011 28 57
1000 21 700200012 29 56
1000 21 700200013 29 57
1000 21 700200014 29 53
1000 21 700200015 31 55
1000 21 700200016 27 52
1000 21 700200017 28 61
1000 21 700200018 28 61
1000 21 700200019 29 57
1000 21 700200020 28 62
1000 21 700200021 31 67
1000 21 700200022 29 61
1000 21 700200023 30 54
1000 21 700300000 29 63
1000 21 700300001 27 58
1000 21 700300002 27 57
1000 21 700300003 27 54
1000 21 700300004 31 60
1000 21 700300005 26 55
1000 21 700300006 30 59
1000 21 700300007 28 60
1000 21 700300008 29 65
1000 21 700300009 28 57
1000 21 700300010 28 57
1000 21 700300011 27 60
1000 21 700300012 28 60
1000 21 700300013 29 57
1000 21 700300014 27 57
1000 21 700300015 27 56
1000 21 700300016 29 54
1000 21 700300017 27 65
1000 21 700300018 27 62
1000 21 700300019 30 58
1000 21 700300020 28 59
1000 21 700300021 29 58
1000 21 700300022 28 56
1000 21 700300023 30 62
1000 21 700400000 29 59
1000 21 700400001 27 56
1000 21 700400002 32 60
1000 21 700400003 27 53
1000 21 700400004 28 58
1000 21 700400005 28 58
1000 21 700400006 29 59
1000 21 700400007 28 56
1000 21 700400008 30 56
1000 21 700400009 30 55
1000 21 700400010 31 61
1000 21 700400011 27 61
1000 21 700400012 29 62
1000 21 700400013 28 62
1000 21 700400014 32 59
1000 21 700400015 30 58
1000 21 700400016 28 58
1000 21 700400017 28 54
1000 21 700400018 27 54
1000 21 700400019 29 61
1000 21 700400020 27 55
1000 21 700400021 28 52
1000 21 700400022 27 52
1000 21 700400023 28 57
