25000 13425 320230816 60 300
25000 13425 320230817 61 310
25000 13425 320330816 60 302
25000 13425 320330817 61 308
25000 13425 320430816 61 301
25000 13425 320430817 61 304
25000 13425 320630816 62 306
25000 13425 320630817 61 307
25000 13425 320530816 63 315
25000 13425 320530817 62 313
25000 13425 320730816 61 317
25000 13425 320730817 62 302
25000 13425 320830816 62 301
25000 13425 320830817 63 311
25000 13425 320930816 62 304
25000 13425 320930817 60 311
25000 13425 321030816 59 307
25000 13425 321030817 61 313
25000 13425 321130816 61 305
25000 13425 321130817 62 306
25000 13425 321230816 62 311
25000 13425 321230817 61 307
25000 13425 321330816 61 301
25000 13425 321330817 62 314
