400 13542 280100000 7 36
400 13542 280100001 6 33
400 13542 280100002 7 34
400 13542 280100003 7 35
400 13542 280100004 7 36
400 13542 280100005 6 39
400 13542 280100006 7 35
400 13542 280100007 7 34
400 13542 280100008 7 37
400 13542 280100009 6 35
400 13542 280100010 7 35
400 13542 280100011 7 34
400 13542 280100012 7 36
400 13542 280100013 7 35
400 13542 280100014 7 38
400 13542 280100015 7 39
400 13542 280100016 7 33
400 13542 280100017 6 35
400 13542 280100018 7 35
400 13542 280100019 6 32
400 13542 280100020 7 37
400 13542 280100021 7 33
400 13542 280100022 6 35
400 13542 280100023 7 33
400 13542 280200000 6 38
400 13542 280200001 8 38
400 13542 280200002 8 37
400 13542 280200003 7 33
400 13542 280200004 7 39
400 13542 280200005 6 34
400 13542 280200006 7 37
400 13542 280200007 7 35
400 13542 280200008 7 33
400 13542 280200009 7 35
400 13542 280200010 7 35
400 13542 280200011 6 35
400 13542 280200012 6 37
400 13542 280200013 6 34
400 13542 280200014 6 39
400 13542 280200015 7 35
400 13542 280200016 7 37
400 13542 280200017 7 33
400 13542 280200018 6 33
400 13542 280200019 6 35
400 13542 280200020 7 38
400 13542 280200021 7 36
400 13542 280200022 7 34
400 13542 280200023 7 34
400 13542 280300000 7 35
400 13542 280300001 7 37
400 13542 280300002 7 40
400 13542 280300003 7 37
400 13542 280300004 7 37
400 13542 280300005 7 35
400 13542 280300006 7 35
400 13542 280300007 7 36
400 13542 280300008 6 34
400 13542 280300009 6 36
400 13542 280300010 7 34
400 13542 280300011 7 33
400 13542 280300012 6 38
400 13542 280300013 7 37
400 13542 280300014 7 34
400 13542 280300015 6 37
400 13542 280300016 7 36
400 13542 280300017 7 37
400 13542 280300018 7 36
400 13542 280300019 7 34
400 13542 280300020 7 36
400 13542 280300021 7 37
400 13542 280300022 6 36
400 13542 280300023 7 35
400 13542 280400000 7 39
400 13542 280400001 6 35
400 13542 280400002 7 34
400 13542 280400003 7 35
400 13542 280400004 7 34
400 13542 280400005 7 32
400 13542 280400006 7 32
400 13542 280400007 7 36
400 13542 280400008 7 35
400 13542 280400009 6 35
400 13542 280400010 7 34
400 13542 280400011 6 35
400 13542 280400012 6 35
400 13542 280400013 7 40
400 13542 280400014 7 37
400 13542 280400015 8 34
400 13542 280400016 7 35
400 13542 280400017 7 33
400 13542 280400018 8 41
400 13542 280400019 7 36
400 13542 280400020 6 35
400 13542 280400021 7 40
400 13542 280400022 6 35
400 13542 280400023 6 35
