2500 13425 1750200000 19 93
2500 13425 1750200001 19 97
2500 13425 1750200002 19 95
2500 13425 1750200003 20 94
2500 13425 1750200004 19 96
2500 13425 1750200005 19 99
2500 13425 1750200006 19 94
2500 13425 1750200007 18 95
2500 13425 1750200008 18 94
2500 13425 1750200009 20 101
2500 13425 1750200010 19 94
2500 13425 1750200011 20 94
2500 13425 1750200012 19 100
2500 13425 1750200013 19 93
2500 13425 1750200014 18 97
2500 13425 1750200015 18 89
2500 13425 1750200016 18 96
2500 13425 1750200017 18 93
2500 13425 1750200018 18 89
2500 13425 1750200019 19 95
2500 13425 1750200020 20 97
2500 13425 1750200021 17 89
2500 13425 1750200022 20 99
2500 13425 1750200023 20 95
2500 13425 1750100000 19 97
2500 13425 1750100001 19 92
2500 13425 1750100002 19 101
2500 13425 1750100003 18 94
2500 13425 1750100004 19 94
2500 13425 1750100005 18 92
2500 13425 1750100006 18 95
2500 13425 1750100007 20 98
2500 13425 1750100008 19 98
2500 13425 1750100009 18 91
2500 13425 1750100010 18 96
2500 13425 1750100011 19 95
2500 13425 1750100012 19 96
2500 13425 1750100013 19 94
2500 13425 1750100014 18 94
2500 13425 1750100015 19 90
2500 13425 1750100016 19 96
2500 13425 1750100017 18 94
2500 13425 1750100018 17 90
2500 13425 1750100019 18 89
2500 13425 1750100020 19 95
2500 13425 1750100021 18 96
2500 13425 1750100022 18 94
2500 13425 1750100023 19 93
2500 13425 1750400000 20 98
2500 13425 1750400001 19 95
2500 13425 1750400002 19 97
2500 13425 1750400003 18 93
2500 13425 1750400004 19 91
2500 13425 1750400005 19 97
2500 13425 1750400006 18 93
2500 13425 1750400007 18 95
2500 13425 1750400008 18 94
2500 13425 1750400009 18 91
2500 13425 1750400010 18 98
2500 13425 1750400011 19 99
2500 13425 1750400012 19 93
2500 13425 1750400013 18 94
2500 13425 1750400014 19 95
2500 13425 1750400015 17 91
2500 13425 1750400016 18 93
2500 13425 1750400017 18 90
2500 13425 1750400018 18 94
2500 13425 1750400019 18 93
2500 13425 1750400020 18 90
2500 13425 1750400021 19 96
2500 13425 1750400022 18 95
2500 13425 1750400023 19 96
2500 13425 1750300000 18 95
2500 13425 1750300001 19 97
2500 13425 1750300002 19 98
2500 13425 1750300003 17 91
2500 13425 1750300004 19 98
2500 13425 1750300005 18 94
2500 13425 1750300006 18 94
2500 13425 1750300007 19 95
2500 13425 1750300008 19 94
2500 13425 1750300009 19 93
2500 13425 1750300010 18 88
2500 13425 1750300011 19 92
2500 13425 1750300012 19 94
2500 13425 1750300013 18 94
2500 13425 1750300014 17 89
2500 13425 1750300015 18 93
2500 13425 1750300016 18 91
2500 13425 1750300017 18 91
2500 13425 1750300018 19 94
2500 13425 1750300019 19 93
2500 13425 1750300020 18 95
2500 13425 1750300021 19 93
2500 13425 1750300022 18 97
2500 13425 1750300023 18 90
