6400 54321 185132704 31 154
6400 54321 185132705 29 150
6400 54321 185132706 30 151
6400 54321 185132707 30 155
6400 54321 185132708 30 149
6400 54321 185132709 29 155
6400 54321 185132710 29 151
6400 54321 185132711 30 155
6400 54321 185132712 31 150
6400 54321 185132713 30 152
6400 54321 185132714 30 153
6400 54321 185132715 32 154
6400 54321 185132716 31 159
6400 54321 185132717 30 148
6400 54321 185132718 29 149
6400 54321 185132719 30 151
6400 54321 185232704 31 158
6400 54321 185232705 30 154
6400 54321 185232706 31 150
6400 54321 185232707 32 154
6400 54321 185232708 29 149
6400 54321 185232709 30 144
6400 54321 185232710 32 153
6400 54321 185232711 31 151
6400 54321 185232712 30 154
6400 54321 185232713 30 147
6400 54321 185232714 30 159
6400 54321 185232715 30 155
6400 54321 185232716 30 153
6400 54321 185232717 31 149
6400 54321 185232718 29 148
6400 54321 185232719 30 153
6400 54321 185332704 30 159
6400 54321 185332705 30 155
6400 54321 185332706 29 157
6400 54321 185332707 31 156
6400 54321 185332708 30 151
6400 54321 185332709 30 151
6400 54321 185332710 30 150
6400 54321 185332711 30 148
6400 54321 185332712 30 150
6400 54321 185332713 31 150
6400 54321 185332714 31 147
6400 54321 185332715 31 150
6400 54321 185332716 31 150
6400 54321 185332717 30 152
6400 54321 185332718 31 157
6400 54321 185332719 29 154
6400 54321 185532704 29 151
6400 54321 185532705 31 151
6400 54321 185532706 30 153
6400 54321 185532707 31 153
6400 54321 185532708 30 155
6400 54321 185532709 31 155
6400 54321 185532710 29 151
6400 54321 185532711 29 154
6400 54321 185532712 30 155
6400 54321 185532713 31 152
6400 54321 185532714 30 151
6400 54321 185532715 30 154
6400 54321 185532716 30 155
6400 54321 185532717 30 156
6400 54321 185532718 31 152
6400 54321 185532719 31 155
6400 54321 185432704 30 153
6400 54321 185432705 29 152
6400 54321 185432706 32 157
6400 54321 185432707 30 150
6400 54321 185432708 29 157
6400 54321 185432709 30 149
6400 54321 185432710 30 154
6400 54321 185432711 31 154
6400 54321 185432712 31 151
6400 54321 185432713 31 148
6400 54321 185432714 30 151
6400 54321 185432715 31 155
6400 54321 185432716 31 152
6400 54321 185432717 31 152
6400 54321 185432718 30 155
6400 54321 185432719 30 154
6400 54321 185632704 30 148
6400 54321 185632705 30 150
6400 54321 185632706 30 153
6400 54321 185632707 30 155
6400 54321 185632708 30 159
6400 54321 185632709 30 157
6400 54321 185632710 30 154
6400 54321 185632711 32 151
6400 54321 185632712 30 154
6400 54321 185632713 29 148
6400 54321 185632714 30 152
6400 54321 185632715 30 146
6400 54321 185632716 29 149
6400 54321 185632717 28 149
6400 54321 185632718 29 152
6400 54321 185632719 30 152
