1000 2431 700100000 14 59
1000 2431 700100001 14 58
1000 2431 700100002 15 55
1000 2431 700100003 13 59
1000 2431 700100004 14 58
1000 2431 700100005 15 56
1000 2431 700100006 16 60
1000 2431 700100007 14 59
1000 2431 700100008 14 59
1000 2431 700100009 14 55
1000 2431 700100010 15 62
1000 2431 700100011 15 59
1000 2431 700100012 15 59
1000 2431 700100013 15 61
1000 2431 700100014 14 54
1000 2431 700100015 15 54
1000 2431 700100016 14 56
1000 2431 700100017 15 59
1000 2431 700100018 14 58
1000 2431 700100019 15 56
1000 2431 700100020 14 56
1000 2431 700100021 13 61
1000 2431 700100022 14 56
1000 2431 700100023 13 60
1000 2431 700200000 14 59
1000 2431 700200001 15 60
1000 2431 700200002 14 63
1000 2431 700200003 14 58
1000 2431 700200004 15 57
1000 2431 700200005 14 63
1000 2431 700200006 14 58
1000 2431 700200007 14 58
1000 2431 700200008 16 59
1000 2431 700200009 14 61
1000 2431 700200010 14 58
1000 2431 700200011 14 57
1000 2431 700200012 14 56
1000 2431 700200013 14 57
1000 2431 700200014 14 53
1000 2431 700200015 15 55
1000 2431 700200016 13 52
1000 2431 700200017 14 61
1000 2431 700200018 14 61
1000 2431 700200019 15 57
1000 2431 700200020 13 62
1000 2431 700200021 15 67
1000 2431 700200022 14 61
1000 2431 700200023 14 54
1000 2431 700300000 14 63
1000 2431 700300001 13 58
1000 2431 700300002 14 57
1000 2431 700300003 14 54
1000 2431 700300004 14 60
1000 2431 700300005 13 55
1000 2431 700300006 14 59
1000 2431 700300007 14 60
1000 2431 700300008 14 65
1000 2431 700300009 15 57
1000 2431 700300010 14 57
1000 2431 700300011 14 60
1000 2431 700300012 14 60
1000 2431 700300013 13 57
1000 2431 700300014 14 57
1000 2431 700300015 14 56
1000 2431 700300016 14 54
1000 2431 700300017 13 65
1000 2431 700300018 14 62
1000 2431 700300019 15 58
1000 2431 700300020 15 59
1000 2431 700300021 14 58
1000 2431 700300022 14 56
1000 2431 700300023 15 62
1000 2431 700400000 15 59
1000 2431 700400001 15 56
1000 2431 700400002 15 60
1000 2431 700400003 14 53
1000 2431 700400004 14 58
1000 2431 700400005 15 58
1000 2431 700400006 15 59
1000 2431 700400007 15 56
1000 2431 700400008 14 56
1000 2431 700400009 14 55
1000 2431 700400010 15 61
1000 2431 700400011 14 61
1000 2431 700400012 14 62
1000 2431 700400013 14 62
1000 2431 700400014 14 59
1000 2431 700400015 14 58
1000 2431 700400016 14 58
1000 2431 700400017 14 54
1000 2431 700400018 14 54
1000 2431 700400019 14 61
1000 2431 700400020 15 55
1000 2431 700400021 13 52
1000 2431 700400022 14 52
1000 2431 700400023 14 57
