400 4321 280100000 9 36
400 4321 280100001 9 33
400 4321 280100002 9 34
400 4321 280100003 9 35
400 4321 280100004 8 36
400 4321 280100005 8 39
400 4321 280100006 9 35
400 4321 280100007 8 34
400 4321 280100008 8 37
400 4321 280100009 7 35
400 4321 280100010 9 35
400 4321 280100011 8 34
400 4321 280100012 9 36
400 4321 280100013 9 35
400 4321 280100014 8 38
400 4321 280100015 9 39
400 4321 280100016 9 33
400 4321 280100017 9 35
400 4321 280100018 9 35
400 4321 280100019 8 32
400 4321 280100020 8 37
400 4321 280100021 8 33
400 4321 280100022 9 35
400 4321 280100023 9 33
400 4321 280200000 7 38
400 4321 280200001 9 38
400 4321 280200002 9 37
400 4321 280200003 9 33
400 4321 280200004 8 39
400 4321 280200005 9 34
400 4321 280200006 9 37
400 4321 280200007 8 35
400 4321 280200008 8 33
400 4321 280200009 8 35
400 4321 280200010 9 35
400 4321 280200011 8 35
400 4321 280200012 8 37
400 4321 280200013 8 34
400 4321 280200014 7 39
400 4321 280200015 9 35
400 4321 280200016 10 37
400 4321 280200017 8 33
400 4321 280200018 7 33
400 4321 280200019 9 35
400 4321 280200020 8 38
400 4321 280200021 9 36
400 4321 280200022 8 34
400 4321 280200023 9 34
400 4321 280300000 9 35
400 4321 280300001 8 37
400 4321 280300002 8 40
400 4321 280300003 8 37
400 4321 280300004 9 37
400 4321 280300005 9 35
400 4321 280300006 9 35
400 4321 280300007 8 36
400 4321 280300008 8 34
400 4321 280300009 8 36
400 4321 280300010 9 34
400 4321 280300011 8 33
400 4321 280300012 8 38
400 4321 280300013 9 37
400 4321 280300014 8 34
400 4321 280300015 9 37
400 4321 280300016 9 36
400 4321 280300017 9 37
400 4321 280300018 8 36
400 4321 280300019 8 34
400 4321 280300020 8 36
400 4321 280300021 9 37
400 4321 280300022 9 36
400 4321 280300023 9 35
400 4321 280400000 9 39
400 4321 280400001 7 35
400 4321 280400002 9 34
400 4321 280400003 9 35
400 4321 280400004 10 34
400 4321 280400005 9 32
400 4321 280400006 8 32
400 4321 280400007 9 36
400 4321 280400008 8 35
400 4321 280400009 9 35
400 4321 280400010 9 34
400 4321 280400011 8 35
400 4321 280400012 9 35
400 4321 280400013 8 40
400 4321 280400014 8 37
400 4321 280400015 9 34
400 4321 280400016 8 35
400 4321 280400017 9 33
400 4321 280400018 9 41
400 4321 280400019 10 36
400 4321 280400020 8 35
400 4321 280400021 9 40
400 4321 280400022 7 35
400 4321 280400023 9 35
