1000 2341 700100000 14 59
1000 2341 700100001 14 58
1000 2341 700100002 15 55
1000 2341 700100003 14 59
1000 2341 700100004 14 58
1000 2341 700100005 15 56
1000 2341 700100006 14 60
1000 2341 700100007 15 59
1000 2341 700100008 14 59
1000 2341 700100009 14 55
1000 2341 700100010 15 62
1000 2341 700100011 15 59
1000 2341 700100012 15 59
1000 2341 700100013 14 61
1000 2341 700100014 14 54
1000 2341 700100015 14 54
1000 2341 700100016 14 56
1000 2341 700100017 14 59
1000 2341 700100018 15 58
1000 2341 700100019 14 56
1000 2341 700100020 14 56
1000 2341 700100021 13 61
1000 2341 700100022 14 56
1000 2341 700100023 15 60
1000 2341 700200000 14 59
1000 2341 700200001 13 60
1000 2341 700200002 14 63
1000 2341 700200003 16 58
1000 2341 700200004 15 57
1000 2341 700200005 15 63
1000 2341 700200006 14 58
1000 2341 700200007 14 58
1000 2341 700200008 14 59
1000 2341 700200009 14 61
1000 2341 700200010 15 58
1000 2341 700200011 14 57
1000 2341 700200012 14 56
1000 2341 700200013 14 57
1000 2341 700200014 14 53
1000 2341 700200015 14 55
1000 2341 700200016 13 52
1000 2341 700200017 15 61
1000 2341 700200018 14 61
1000 2341 700200019 14 57
1000 2341 700200020 15 62
1000 2341 700200021 15 67
1000 2341 700200022 14 61
1000 2341 700200023 13 54
1000 2341 700400000 15 59
1000 2341 700400001 14 56
1000 2341 700400002 14 60
1000 2341 700400003 14 53
1000 2341 700400004 14 58
1000 2341 700400005 14 58
1000 2341 700400006 15 59
1000 2341 700400007 14 56
1000 2341 700400008 14 56
1000 2341 700400009 14 55
1000 2341 700400010 16 61
1000 2341 700400011 14 61
1000 2341 700400012 14 62
1000 2341 700400013 14 62
1000 2341 700400014 14 59
1000 2341 700400015 14 58
1000 2341 700400016 14 58
1000 2341 700400017 14 54
1000 2341 700400018 13 54
1000 2341 700400019 16 61
1000 2341 700400020 14 55
1000 2341 700400021 13 52
1000 2341 700400022 14 52
1000 2341 700400023 14 57
1000 2341 700300000 15 63
1000 2341 700300001 13 58
1000 2341 700300002 14 57
1000 2341 700300003 14 54
1000 2341 700300004 15 60
1000 2341 700300005 14 55
1000 2341 700300006 15 59
1000 2341 700300007 13 60
1000 2341 700300008 14 65
1000 2341 700300009 15 57
1000 2341 700300010 14 57
1000 2341 700300011 15 60
1000 2341 700300012 14 60
1000 2341 700300013 13 57
1000 2341 700300014 14 57
1000 2341 700300015 13 56
1000 2341 700300016 14 54
1000 2341 700300017 15 65
1000 2341 700300018 15 62
1000 2341 700300019 14 58
1000 2341 700300020 15 59
1000 2341 700300021 14 58
1000 2341 700300022 15 56
1000 2341 700300023 15 62
