1000 35241 700100000 11 59
1000 35241 700100001 12 58
1000 35241 700100002 12 55
1000 35241 700100003 11 59
1000 35241 700100004 12 58
1000 35241 700100005 12 56
1000 35241 700100006 12 60
1000 35241 700100007 12 59
1000 35241 700100008 11 59
1000 35241 700100009 11 55
1000 35241 700100010 12 62
1000 35241 700100011 12 59
1000 35241 700100012 11 59
1000 35241 700100013 12 61
1000 35241 700100014 11 54
1000 35241 700100015 11 54
1000 35241 700100016 11 56
1000 35241 700100017 11 59
1000 35241 700100018 12 58
1000 35241 700100019 12 56
1000 35241 700100020 11 56
1000 35241 700100021 11 61
1000 35241 700100022 11 56
1000 35241 700100023 11 60
1000 35241 700200000 12 59
1000 35241 700200001 12 60
1000 35241 700200002 11 63
1000 35241 700200003 12 58
1000 35241 700200004 11 57
1000 35241 700200005 12 63
1000 35241 700200006 11 58
1000 35241 700200007 12 58
1000 35241 700200008 12 59
1000 35241 700200009 11 61
1000 35241 700200010 12 58
1000 35241 700200011 11 57
1000 35241 700200012 11 56
1000 35241 700200013 12 57
1000 35241 700200014 11 53
1000 35241 700200015 11 55
1000 35241 700200016 11 52
1000 35241 700200017 12 61
1000 35241 700200018 11 61
1000 35241 700200019 12 57
1000 35241 700200020 12 62
1000 35241 700200021 11 67
1000 35241 700200022 12 61
1000 35241 700200023 11 54
1000 35241 700300000 12 63
1000 35241 700300001 10 58
1000 35241 700300002 11 57
1000 35241 700300003 12 54
1000 35241 700300004 11 60
1000 35241 700300005 11 55
1000 35241 700300006 11 59
1000 35241 700300007 11 60
1000 35241 700300008 12 65
1000 35241 700300009 11 57
1000 35241 700300010 11 57
1000 35241 700300011 11 60
1000 35241 700300012 11 60
1000 35241 700300013 11 57
1000 35241 700300014 11 57
1000 35241 700300015 12 56
1000 35241 700300016 11 54
1000 35241 700300017 11 65
1000 35241 700300018 11 62
1000 35241 700300019 11 58
1000 35241 700300020 12 59
1000 35241 700300021 11 58
1000 35241 700300022 10 56
1000 35241 700300023 12 62
1000 35241 700400000 12 59
1000 35241 700400001 11 56
1000 35241 700400002 12 60
1000 35241 700400003 11 53
1000 35241 700400004 12 58
1000 35241 700400005 12 58
1000 35241 700400006 11 59
1000 35241 700400007 11 56
1000 35241 700400008 11 56
1000 35241 700400009 11 55
1000 35241 700400010 11 61
1000 35241 700400011 12 61
1000 35241 700400012 12 62
1000 35241 700400013 11 62
1000 35241 700400014 12 59
1000 35241 700400015 11 58
1000 35241 700400016 11 58
1000 35241 700400017 10 54
1000 35241 700400018 11 54
1000 35241 700400019 12 61
1000 35241 700400020 11 55
1000 35241 700400021 11 52
1000 35241 700400022 11 52
1000 35241 700400023 11 57
