1000 24531 700100000 10 59
1000 24531 700100001 12 58
1000 24531 700100002 12 55
1000 24531 700100003 12 59
1000 24531 700100004 12 58
1000 24531 700100005 12 56
1000 24531 700100006 12 60
1000 24531 700100007 11 59
1000 24531 700100008 12 59
1000 24531 700100009 11 55
1000 24531 700100010 12 62
1000 24531 700100011 12 59
1000 24531 700100012 12 59
1000 24531 700100013 12 61
1000 24531 700100014 11 54
1000 24531 700100015 11 54
1000 24531 700100016 11 56
1000 24531 700100017 11 59
1000 24531 700100018 11 58
1000 24531 700100019 11 56
1000 24531 700100020 11 56
1000 24531 700100021 11 61
1000 24531 700100022 12 56
1000 24531 700100023 11 60
1000 24531 700200000 11 59
1000 24531 700200001 11 60
1000 24531 700200002 11 63
1000 24531 700200003 12 58
1000 24531 700200004 11 57
1000 24531 700200005 12 63
1000 24531 700200006 12 58
1000 24531 700200007 11 58
1000 24531 700200008 12 59
1000 24531 700200009 13 61
1000 24531 700200010 11 58
1000 24531 700200011 11 57
1000 24531 700200012 11 56
1000 24531 700200013 12 57
1000 24531 700200014 11 53
1000 24531 700200015 11 55
1000 24531 700200016 11 52
1000 24531 700200017 11 61
1000 24531 700200018 11 61
1000 24531 700200019 12 57
1000 24531 700200020 12 62
1000 24531 700200021 12 67
1000 24531 700200022 12 61
1000 24531 700200023 11 54
1000 24531 700300000 12 63
1000 24531 700300001 11 58
1000 24531 700300002 11 57
1000 24531 700300003 11 54
1000 24531 700300004 11 60
1000 24531 700300005 11 55
1000 24531 700300006 11 59
1000 24531 700300007 11 60
1000 24531 700300008 12 65
1000 24531 700300009 11 57
1000 24531 700300010 11 57
1000 24531 700300011 11 60
1000 24531 700300012 11 60
1000 24531 700300013 10 57
1000 24531 700300014 11 57
1000 24531 700300015 11 56
1000 24531 700300016 11 54
1000 24531 700300017 11 65
1000 24531 700300018 11 62
1000 24531 700300019 11 58
1000 24531 700300020 12 59
1000 24531 700300021 11 58
1000 24531 700300022 11 56
1000 24531 700300023 12 62
1000 24531 700400000 11 59
1000 24531 700400001 11 56
1000 24531 700400002 11 60
1000 24531 700400003 11 53
1000 24531 700400004 12 58
1000 24531 700400005 11 58
1000 24531 700400006 12 59
1000 24531 700400007 11 56
1000 24531 700400008 11 56
1000 24531 700400009 10 55
1000 24531 700400010 13 61
1000 24531 700400011 12 61
1000 24531 700400012 11 62
1000 24531 700400013 12 62
1000 24531 700400014 11 59
1000 24531 700400015 12 58
1000 24531 700400016 11 58
1000 24531 700400017 12 54
1000 24531 700400018 12 54
1000 24531 700400019 12 61
1000 24531 700400020 11 55
1000 24531 700400021 11 52
1000 24531 700400022 11 52
1000 24531 700400023 11 57
