25000 14523 320230816 60 300
25000 14523 320230817 61 310
25000 14523 320430816 63 301
25000 14523 320430817 60 304
25000 14523 320330816 61 302
25000 14523 320330817 62 308
25000 14523 320530816 62 315
25000 14523 320530817 62 313
25000 14523 320730816 61 317
25000 14523 320730817 61 302
25000 14523 320830816 60 301
25000 14523 320830817 62 311
25000 14523 320630816 62 306
25000 14523 320630817 61 307
25000 14523 320930816 63 304
25000 14523 320930817 60 311
25000 14523 321130816 61 305
25000 14523 321130817 63 306
25000 14523 321030816 60 307
25000 14523 321030817 62 313
25000 14523 321230816 61 311
25000 14523 321230817 61 307
25000 14523 321330816 60 301
25000 14523 321330817 63 314
