6400 15432 185132704 31 154
6400 15432 185132705 30 150
6400 15432 185132706 30 151
6400 15432 185132707 30 155
6400 15432 185132708 29 149
6400 15432 185132709 31 155
6400 15432 185132710 30 151
6400 15432 185132711 30 155
6400 15432 185132712 32 150
6400 15432 185132713 29 152
6400 15432 185132714 30 153
6400 15432 185132715 30 154
6400 15432 185132716 30 159
6400 15432 185132717 30 148
6400 15432 185132718 29 149
6400 15432 185132719 31 151
6400 15432 185232704 30 158
6400 15432 185232705 30 154
6400 15432 185232706 31 150
6400 15432 185232707 30 154
6400 15432 185232708 31 149
6400 15432 185232709 29 144
6400 15432 185232710 32 153
6400 15432 185232711 31 151
6400 15432 185232712 31 154
6400 15432 185232713 29 147
6400 15432 185232714 30 159
6400 15432 185232715 30 155
6400 15432 185232716 30 153
6400 15432 185232717 30 149
6400 15432 185232718 29 148
6400 15432 185232719 29 153
6400 15432 185332704 31 159
6400 15432 185332705 29 155
6400 15432 185332706 29 157
6400 15432 185332707 31 156
6400 15432 185332708 29 151
6400 15432 185332709 29 151
6400 15432 185332710 32 150
6400 15432 185332711 30 148
6400 15432 185332712 30 150
6400 15432 185332713 30 150
6400 15432 185332714 30 147
6400 15432 185332715 30 150
6400 15432 185332716 31 150
6400 15432 185332717 29 152
6400 15432 185332718 32 157
6400 15432 185332719 30 154
6400 15432 185432704 31 153
6400 15432 185432705 29 152
6400 15432 185432706 31 157
6400 15432 185432707 29 150
6400 15432 185432708 30 157
6400 15432 185432709 29 149
6400 15432 185432710 30 154
6400 15432 185432711 30 154
6400 15432 185432712 31 151
6400 15432 185432713 29 148
6400 15432 185432714 31 151
6400 15432 185432715 31 155
6400 15432 185432716 30 152
6400 15432 185432717 31 152
6400 15432 185432718 30 155
6400 15432 185432719 30 154
6400 15432 185532704 31 151
6400 15432 185532705 30 151
6400 15432 185532706 30 153
6400 15432 185532707 31 153
6400 15432 185532708 30 155
6400 15432 185532709 29 155
6400 15432 185532710 30 151
6400 15432 185532711 32 154
6400 15432 185532712 30 155
6400 15432 185532713 30 152
6400 15432 185532714 30 151
6400 15432 185532715 30 154
6400 15432 185532716 31 155
6400 15432 185532717 30 156
6400 15432 185532718 30 152
6400 15432 185532719 29 155
6400 15432 185632704 31 148
6400 15432 185632705 30 150
6400 15432 185632706 30 153
6400 15432 185632707 31 155
6400 15432 185632708 31 159
6400 15432 185632709 30 157
6400 15432 185632710 29 154
6400 15432 185632711 31 151
6400 15432 185632712 31 154
6400 15432 185632713 30 148
6400 15432 185632714 30 152
6400 15432 185632715 30 146
6400 15432 185632716 30 149
6400 15432 185632717 29 149
6400 15432 185632718 30 152
6400 15432 185632719 32 152
