2500 3421 1750200000 22 93
2500 3421 1750200001 23 97
2500 3421 1750200002 23 95
2500 3421 1750200003 24 94
2500 3421 1750200004 24 96
2500 3421 1750200005 24 99
2500 3421 1750200006 23 94
2500 3421 1750200007 24 95
2500 3421 1750200008 22 94
2500 3421 1750200009 25 101
2500 3421 1750200010 24 94
2500 3421 1750200011 23 94
2500 3421 1750200012 23 100
2500 3421 1750200013 24 93
2500 3421 1750200014 24 97
2500 3421 1750200015 23 89
2500 3421 1750200016 24 96
2500 3421 1750200017 23 93
2500 3421 1750200018 23 89
2500 3421 1750200019 23 95
2500 3421 1750200020 23 97
2500 3421 1750200021 24 89
2500 3421 1750200022 23 99
2500 3421 1750200023 23 95
2500 3421 1750100000 23 97
2500 3421 1750100001 22 92
2500 3421 1750100002 24 101
2500 3421 1750100003 23 94
2500 3421 1750100004 24 94
2500 3421 1750100005 23 92
2500 3421 1750100006 23 95
2500 3421 1750100007 23 98
2500 3421 1750100008 24 98
2500 3421 1750100009 24 91
2500 3421 1750100010 22 96
2500 3421 1750100011 24 95
2500 3421 1750100012 25 96
2500 3421 1750100013 23 94
2500 3421 1750100014 25 94
2500 3421 1750100015 23 90
2500 3421 1750100016 25 96
2500 3421 1750100017 24 94
2500 3421 1750100018 22 90
2500 3421 1750100019 22 89
2500 3421 1750100020 24 95
2500 3421 1750100021 24 96
2500 3421 1750100022 23 94
2500 3421 1750100023 22 93
2500 3421 1750400000 23 98
2500 3421 1750400001 23 95
2500 3421 1750400002 25 97
2500 3421 1750400003 22 93
2500 3421 1750400004 22 91
2500 3421 1750400005 24 97
2500 3421 1750400006 23 93
2500 3421 1750400007 24 95
2500 3421 1750400008 23 94
2500 3421 1750400009 22 91
2500 3421 1750400010 23 98
2500 3421 1750400011 23 99
2500 3421 1750400012 24 93
2500 3421 1750400013 25 94
2500 3421 1750400014 24 95
2500 3421 1750400015 22 91
2500 3421 1750400016 24 93
2500 3421 1750400017 24 90
2500 3421 1750400018 22 94
2500 3421 1750400019 24 93
2500 3421 1750400020 23 90
2500 3421 1750400021 24 96
2500 3421 1750400022 24 95
2500 3421 1750400023 24 96
2500 3421 1750300000 24 95
2500 3421 1750300001 23 97
2500 3421 1750300002 24 98
2500 3421 1750300003 22 91
2500 3421 1750300004 24 98
2500 3421 1750300005 23 94
2500 3421 1750300006 24 94
2500 3421 1750300007 23 95
2500 3421 1750300008 23 94
2500 3421 1750300009 25 93
2500 3421 1750300010 24 88
2500 3421 1750300011 25 92
2500 3421 1750300012 24 94
2500 3421 1750300013 24 94
2500 3421 1750300014 21 89
2500 3421 1750300015 23 93
2500 3421 1750300016 25 91
2500 3421 1750300017 23 91
2500 3421 1750300018 25 94
2500 3421 1750300019 23 93
2500 3421 1750300020 23 95
2500 3421 1750300021 23 93
2500 3421 1750300022 23 97
2500 3421 1750300023 23 90
