400 14532 280100000 7 36
400 14532 280100001 7 33
400 14532 280100002 7 34
400 14532 280100003 6 35
400 14532 280100004 8 36
400 14532 280100005 6 39
400 14532 280100006 7 35
400 14532 280100007 6 34
400 14532 280100008 8 37
400 14532 280100009 7 35
400 14532 280100010 7 35
400 14532 280100011 6 34
400 14532 280100012 6 36
400 14532 280100013 7 35
400 14532 280100014 7 38
400 14532 280100015 7 39
400 14532 280100016 7 33
400 14532 280100017 6 35
400 14532 280100018 6 35
400 14532 280100019 7 32
400 14532 280100020 7 37
400 14532 280100021 7 33
400 14532 280100022 7 35
400 14532 280100023 7 33
400 14532 280200000 6 38
400 14532 280200001 8 38
400 14532 280200002 7 37
400 14532 280200003 7 33
400 14532 280200004 7 39
400 14532 280200005 6 34
400 14532 280200006 6 37
400 14532 280200007 7 35
400 14532 280200008 7 33
400 14532 280200009 7 35
400 14532 280200010 8 35
400 14532 280200011 7 35
400 14532 280200012 7 37
400 14532 280200013 6 34
400 14532 280200014 6 39
400 14532 280200015 7 35
400 14532 280200016 7 37
400 14532 280200017 7 33
400 14532 280200018 6 33
400 14532 280200019 7 35
400 14532 280200020 8 38
400 14532 280200021 7 36
400 14532 280200022 6 34
400 14532 280200023 7 34
400 14532 280300000 7 35
400 14532 280300001 7 37
400 14532 280300002 7 40
400 14532 280300003 6 37
400 14532 280300004 8 37
400 14532 280300005 7 35
400 14532 280300006 8 35
400 14532 280300007 7 36
400 14532 280300008 7 34
400 14532 280300009 8 36
400 14532 280300010 7 34
400 14532 280300011 6 33
400 14532 280300012 7 38
400 14532 280300013 7 37
400 14532 280300014 6 34
400 14532 280300015 6 37
400 14532 280300016 7 36
400 14532 280300017 7 37
400 14532 280300018 7 36
400 14532 280300019 7 34
400 14532 280300020 7 36
400 14532 280300021 7 37
400 14532 280300022 7 36
400 14532 280300023 7 35
400 14532 280400000 7 39
400 14532 280400001 6 35
400 14532 280400002 7 34
400 14532 280400003 7 35
400 14532 280400004 7 34
400 14532 280400005 7 32
400 14532 280400006 7 32
400 14532 280400007 7 36
400 14532 280400008 7 35
400 14532 280400009 7 35
400 14532 280400010 7 34
400 14532 280400011 6 35
400 14532 280400012 6 35
400 14532 280400013 7 40
400 14532 280400014 6 37
400 14532 280400015 7 34
400 14532 280400016 7 35
400 14532 280400017 7 33
400 14532 280400018 8 41
400 14532 280400019 7 36
400 14532 280400020 7 35
400 14532 280400021 7 40
400 14532 280400022 6 35
400 14532 280400023 7 35
