1000 1342 700100000 13 59
1000 1342 700100001 14 58
1000 1342 700100002 14 55
1000 1342 700100003 15 59
1000 1342 700100004 14 58
1000 1342 700100005 15 56
1000 1342 700100006 15 60
1000 1342 700100007 14 59
1000 1342 700100008 14 59
1000 1342 700100009 14 55
1000 1342 700100010 15 62
1000 1342 700100011 13 59
1000 1342 700100012 13 59
1000 1342 700100013 15 61
1000 1342 700100014 13 54
1000 1342 700100015 14 54
1000 1342 700100016 14 56
1000 1342 700100017 14 59
1000 1342 700100018 14 58
1000 1342 700100019 14 56
1000 1342 700100020 14 56
1000 1342 700100021 14 61
1000 1342 700100022 14 56
1000 1342 700100023 14 60
1000 1342 700200000 14 59
1000 1342 700200001 15 60
1000 1342 700200002 15 63
1000 1342 700200003 15 58
1000 1342 700200004 15 57
1000 1342 700200005 15 63
1000 1342 700200006 15 58
1000 1342 700200007 14 58
1000 1342 700200008 14 59
1000 1342 700200009 15 61
1000 1342 700200010 15 58
1000 1342 700200011 14 57
1000 1342 700200012 15 56
1000 1342 700200013 14 57
1000 1342 700200014 13 53
1000 1342 700200015 14 55
1000 1342 700200016 13 52
1000 1342 700200017 15 61
1000 1342 700200018 14 61
1000 1342 700200019 14 57
1000 1342 700200020 15 62
1000 1342 700200021 15 67
1000 1342 700200022 14 61
1000 1342 700200023 13 54
1000 1342 700300000 15 63
1000 1342 700300001 15 58
1000 1342 700300002 14 57
1000 1342 700300003 13 54
1000 1342 700300004 15 60
1000 1342 700300005 14 55
1000 1342 700300006 14 59
1000 1342 700300007 15 60
1000 1342 700300008 15 65
1000 1342 700300009 15 57
1000 1342 700300010 14 57
1000 1342 700300011 14 60
1000 1342 700300012 14 60
1000 1342 700300013 14 57
1000 1342 700300014 13 57
1000 1342 700300015 14 56
1000 1342 700300016 14 54
1000 1342 700300017 13 65
1000 1342 700300018 15 62
1000 1342 700300019 15 58
1000 1342 700300020 14 59
1000 1342 700300021 14 58
1000 1342 700300022 13 56
1000 1342 700300023 15 62
1000 1342 700400000 15 59
1000 1342 700400001 14 56
1000 1342 700400002 15 60
1000 1342 700400003 13 53
1000 1342 700400004 14 58
1000 1342 700400005 14 58
1000 1342 700400006 14 59
1000 1342 700400007 14 56
1000 1342 700400008 14 56
1000 1342 700400009 13 55
1000 1342 700400010 15 61
1000 1342 700400011 14 61
1000 1342 700400012 14 62
1000 1342 700400013 15 62
1000 1342 700400014 14 59
1000 1342 700400015 14 58
1000 1342 700400016 15 58
1000 1342 700400017 14 54
1000 1342 700400018 14 54
1000 1342 700400019 14 61
1000 1342 700400020 14 55
1000 1342 700400021 14 52
1000 1342 700400022 13 52
1000 1342 700400023 14 57
