1000 14352 700100000 11 59
1000 14352 700100001 12 58
1000 14352 700100002 11 55
1000 14352 700100003 11 59
1000 14352 700100004 11 58
1000 14352 700100005 12 56
1000 14352 700100006 11 60
1000 14352 700100007 12 59
1000 14352 700100008 12 59
1000 14352 700100009 11 55
1000 14352 700100010 12 62
1000 14352 700100011 12 59
1000 14352 700100012 12 59
1000 14352 700100013 12 61
1000 14352 700100014 10 54
1000 14352 700100015 11 54
1000 14352 700100016 11 56
1000 14352 700100017 11 59
1000 14352 700100018 11 58
1000 14352 700100019 11 56
1000 14352 700100020 11 56
1000 14352 700100021 11 61
1000 14352 700100022 11 56
1000 14352 700100023 11 60
1000 14352 700200000 11 59
1000 14352 700200001 12 60
1000 14352 700200002 12 63
1000 14352 700200003 11 58
1000 14352 700200004 11 57
1000 14352 700200005 11 63
1000 14352 700200006 12 58
1000 14352 700200007 11 58
1000 14352 700200008 12 59
1000 14352 700200009 11 61
1000 14352 700200010 12 58
1000 14352 700200011 12 57
1000 14352 700200012 10 56
1000 14352 700200013 11 57
1000 14352 700200014 11 53
1000 14352 700200015 11 55
1000 14352 700200016 11 52
1000 14352 700200017 12 61
1000 14352 700200018 11 61
1000 14352 700200019 12 57
1000 14352 700200020 12 62
1000 14352 700200021 12 67
1000 14352 700200022 12 61
1000 14352 700200023 11 54
1000 14352 700300000 11 63
1000 14352 700300001 11 58
1000 14352 700300002 11 57
1000 14352 700300003 11 54
1000 14352 700300004 11 60
1000 14352 700300005 11 55
1000 14352 700300006 11 59
1000 14352 700300007 11 60
1000 14352 700300008 12 65
1000 14352 700300009 12 57
1000 14352 700300010 11 57
1000 14352 700300011 11 60
1000 14352 700300012 11 60
1000 14352 700300013 10 57
1000 14352 700300014 11 57
1000 14352 700300015 11 56
1000 14352 700300016 11 54
1000 14352 700300017 11 65
1000 14352 700300018 12 62
1000 14352 700300019 12 58
1000 14352 700300020 11 59
1000 14352 700300021 12 58
1000 14352 700300022 11 56
1000 14352 700300023 13 62
1000 14352 700400000 11 59
1000 14352 700400001 11 56
1000 14352 700400002 12 60
1000 14352 700400003 11 53
1000 14352 700400004 11 58
1000 14352 700400005 12 58
1000 14352 700400006 12 59
1000 14352 700400007 11 56
1000 14352 700400008 12 56
1000 14352 700400009 11 55
1000 14352 700400010 11 61
1000 14352 700400011 11 61
1000 14352 700400012 12 62
1000 14352 700400013 12 62
1000 14352 700400014 10 59
1000 14352 700400015 11 58
1000 14352 700400016 11 58
1000 14352 700400017 11 54
1000 14352 700400018 11 54
1000 14352 700400019 11 61
1000 14352 700400020 11 55
1000 14352 700400021 11 52
1000 14352 700400022 11 52
1000 14352 700400023 11 57
