1000 12435 700200000 11 59
1000 12435 700200001 12 60
1000 12435 700200002 12 63
1000 12435 700200003 11 58
1000 12435 700200004 11 57
1000 12435 700200005 12 63
1000 12435 700200006 11 58
1000 12435 700200007 11 58
1000 12435 700200008 11 59
1000 12435 700200009 11 61
1000 12435 700200010 10 58
1000 12435 700200011 12 57
1000 12435 700200012 11 56
1000 12435 700200013 11 57
1000 12435 700200014 11 53
1000 12435 700200015 11 55
1000 12435 700200016 11 52
1000 12435 700200017 12 61
1000 12435 700200018 11 61
1000 12435 700200019 11 57
1000 12435 700200020 11 62
1000 12435 700200021 12 67
1000 12435 700200022 12 61
1000 12435 700200023 11 54
1000 12435 700100000 11 59
1000 12435 700100001 11 58
1000 12435 700100002 11 55
1000 12435 700100003 11 59
1000 12435 700100004 11 58
1000 12435 700100005 11 56
1000 12435 700100006 11 60
1000 12435 700100007 13 59
1000 12435 700100008 11 59
1000 12435 700100009 11 55
1000 12435 700100010 12 62
1000 12435 700100011 12 59
1000 12435 700100012 11 59
1000 12435 700100013 13 61
1000 12435 700100014 11 54
1000 12435 700100015 10 54
1000 12435 700100016 11 56
1000 12435 700100017 11 59
1000 12435 700100018 11 58
1000 12435 700100019 11 56
1000 12435 700100020 11 56
1000 12435 700100021 12 61
1000 12435 700100022 11 56
1000 12435 700100023 12 60
1000 12435 700300000 11 63
1000 12435 700300001 11 58
1000 12435 700300002 11 57
1000 12435 700300003 11 54
1000 12435 700300004 12 60
1000 12435 700300005 10 55
1000 12435 700300006 11 59
1000 12435 700300007 12 60
1000 12435 700300008 12 65
1000 12435 700300009 12 57
1000 12435 700300010 11 57
1000 12435 700300011 11 60
1000 12435 700300012 13 60
1000 12435 700300013 10 57
1000 12435 700300014 11 57
1000 12435 700300015 11 56
1000 12435 700300016 11 54
1000 12435 700300017 11 65
1000 12435 700300018 12 62
1000 12435 700300019 11 58
1000 12435 700300020 11 59
1000 12435 700300021 11 58
1000 12435 700300022 10 56
1000 12435 700300023 12 62
1000 12435 700400000 11 59
1000 12435 700400001 10 56
1000 12435 700400002 11 60
1000 12435 700400003 11 53
1000 12435 700400004 11 58
1000 12435 700400005 12 58
1000 12435 700400006 12 59
1000 12435 700400007 10 56
1000 12435 700400008 12 56
1000 12435 700400009 11 55
1000 12435 700400010 12 61
1000 12435 700400011 11 61
1000 12435 700400012 12 62
1000 12435 700400013 12 62
1000 12435 700400014 12 59
1000 12435 700400015 11 58
1000 12435 700400016 10 58
1000 12435 700400017 10 54
1000 12435 700400018 11 54
1000 12435 700400019 12 61
1000 12435 700400020 11 55
1000 12435 700400021 11 52
1000 12435 700400022 10 52
1000 12435 700400023 11 57
