25000 35241 320330816 60 302
25000 35241 320330817 61 308
25000 35241 320230816 61 300
25000 35241 320230817 61 310
25000 35241 320430816 62 301
25000 35241 320430817 60 304
25000 35241 320730816 61 317
25000 35241 320730817 63 302
25000 35241 320530816 63 315
25000 35241 320530817 61 313
25000 35241 320830816 62 301
25000 35241 320830817 61 311
25000 35241 320930816 64 304
25000 35241 320930817 60 311
25000 35241 320630816 61 306
25000 35241 320630817 62 307
25000 35241 321030816 62 307
25000 35241 321030817 62 313
25000 35241 321130816 61 305
25000 35241 321130817 63 306
25000 35241 321230816 63 311
25000 35241 321230817 61 307
25000 35241 321330816 61 301
25000 35241 321330817 62 314
