1000 13524 700100000 12 59
1000 13524 700100001 12 58
1000 13524 700100002 11 55
1000 13524 700100003 11 59
1000 13524 700100004 11 58
1000 13524 700100005 12 56
1000 13524 700100006 11 60
1000 13524 700100007 12 59
1000 13524 700100008 12 59
1000 13524 700100009 11 55
1000 13524 700100010 12 62
1000 13524 700100011 12 59
1000 13524 700100012 11 59
1000 13524 700100013 12 61
1000 13524 700100014 11 54
1000 13524 700100015 11 54
1000 13524 700100016 11 56
1000 13524 700100017 11 59
1000 13524 700100018 12 58
1000 13524 700100019 11 56
1000 13524 700100020 11 56
1000 13524 700100021 11 61
1000 13524 700100022 11 56
1000 13524 700100023 11 60
1000 13524 700200000 12 59
1000 13524 700200001 11 60
1000 13524 700200002 11 63
1000 13524 700200003 11 58
1000 13524 700200004 11 57
1000 13524 700200005 11 63
1000 13524 700200006 11 58
1000 13524 700200007 11 58
1000 13524 700200008 12 59
1000 13524 700200009 11 61
1000 13524 700200010 11 58
1000 13524 700200011 11 57
1000 13524 700200012 11 56
1000 13524 700200013 11 57
1000 13524 700200014 11 53
1000 13524 700200015 12 55
1000 13524 700200016 11 52
1000 13524 700200017 12 61
1000 13524 700200018 11 61
1000 13524 700200019 12 57
1000 13524 700200020 12 62
1000 13524 700200021 12 67
1000 13524 700200022 11 61
1000 13524 700200023 11 54
1000 13524 700400000 12 59
1000 13524 700400001 11 56
1000 13524 700400002 11 60
1000 13524 700400003 10 53
1000 13524 700400004 12 58
1000 13524 700400005 11 58
1000 13524 700400006 10 59
1000 13524 700400007 11 56
1000 13524 700400008 13 56
1000 13524 700400009 11 55
1000 13524 700400010 11 61
1000 13524 700400011 11 61
1000 13524 700400012 12 62
1000 13524 700400013 11 62
1000 13524 700400014 12 59
1000 13524 700400015 11 58
1000 13524 700400016 11 58
1000 13524 700400017 10 54
1000 13524 700400018 11 54
1000 13524 700400019 11 61
1000 13524 700400020 11 55
1000 13524 700400021 11 52
1000 13524 700400022 11 52
1000 13524 700400023 10 57
1000 13524 700300000 12 63
1000 13524 700300001 11 58
1000 13524 700300002 12 57
1000 13524 700300003 11 54
1000 13524 700300004 12 60
1000 13524 700300005 11 55
1000 13524 700300006 11 59
1000 13524 700300007 13 60
1000 13524 700300008 12 65
1000 13524 700300009 12 57
1000 13524 700300010 11 57
1000 13524 700300011 11 60
1000 13524 700300012 12 60
1000 13524 700300013 10 57
1000 13524 700300014 11 57
1000 13524 700300015 11 56
1000 13524 700300016 11 54
1000 13524 700300017 10 65
1000 13524 700300018 12 62
1000 13524 700300019 12 58
1000 13524 700300020 11 59
1000 13524 700300021 12 58
1000 13524 700300022 11 56
1000 13524 700300023 12 62
