1000 25341 700200000 12 59
1000 25341 700200001 11 60
1000 25341 700200002 11 63
1000 25341 700200003 12 58
1000 25341 700200004 11 57
1000 25341 700200005 12 63
1000 25341 700200006 12 58
1000 25341 700200007 11 58
1000 25341 700200008 12 59
1000 25341 700200009 11 61
1000 25341 700200010 11 58
1000 25341 700200011 11 57
1000 25341 700200012 11 56
1000 25341 700200013 12 57
1000 25341 700200014 11 53
1000 25341 700200015 11 55
1000 25341 700200016 11 52
1000 25341 700200017 12 61
1000 25341 700200018 11 61
1000 25341 700200019 12 57
1000 25341 700200020 11 62
1000 25341 700200021 12 67
1000 25341 700200022 11 61
1000 25341 700200023 11 54
1000 25341 700100000 10 59
1000 25341 700100001 12 58
1000 25341 700100002 12 55
1000 25341 700100003 11 59
1000 25341 700100004 11 58
1000 25341 700100005 12 56
1000 25341 700100006 12 60
1000 25341 700100007 12 59
1000 25341 700100008 12 59
1000 25341 700100009 11 55
1000 25341 700100010 12 62
1000 25341 700100011 11 59
1000 25341 700100012 11 59
1000 25341 700100013 13 61
1000 25341 700100014 11 54
1000 25341 700100015 11 54
1000 25341 700100016 11 56
1000 25341 700100017 11 59
1000 25341 700100018 11 58
1000 25341 700100019 12 56
1000 25341 700100020 11 56
1000 25341 700100021 11 61
1000 25341 700100022 11 56
1000 25341 700100023 11 60
1000 25341 700400000 12 59
1000 25341 700400001 11 56
1000 25341 700400002 11 60
1000 25341 700400003 10 53
1000 25341 700400004 11 58
1000 25341 700400005 11 58
1000 25341 700400006 11 59
1000 25341 700400007 12 56
1000 25341 700400008 11 56
1000 25341 700400009 11 55
1000 25341 700400010 12 61
1000 25341 700400011 11 61
1000 25341 700400012 11 62
1000 25341 700400013 11 62
1000 25341 700400014 12 59
1000 25341 700400015 12 58
1000 25341 700400016 11 58
1000 25341 700400017 11 54
1000 25341 700400018 11 54
1000 25341 700400019 11 61
1000 25341 700400020 11 55
1000 25341 700400021 11 52
1000 25341 700400022 11 52
1000 25341 700400023 10 57
1000 25341 700300000 11 63
1000 25341 700300001 11 58
1000 25341 700300002 11 57
1000 25341 700300003 12 54
1000 25341 700300004 11 60
1000 25341 700300005 11 55
1000 25341 700300006 11 59
1000 25341 700300007 11 60
1000 25341 700300008 12 65
1000 25341 700300009 12 57
1000 25341 700300010 12 57
1000 25341 700300011 11 60
1000 25341 700300012 11 60
1000 25341 700300013 10 57
1000 25341 700300014 11 57
1000 25341 700300015 12 56
1000 25341 700300016 11 54
1000 25341 700300017 11 65
1000 25341 700300018 11 62
1000 25341 700300019 12 58
1000 25341 700300020 11 59
1000 25341 700300021 12 58
1000 25341 700300022 11 56
1000 25341 700300023 12 62
