400 2341 280100000 8 36
400 2341 280100001 8 33
400 2341 280100002 9 34
400 2341 280100003 8 35
400 2341 280100004 9 36
400 2341 280100005 8 39
400 2341 280100006 9 35
400 2341 280100007 8 34
400 2341 280100008 9 37
400 2341 280100009 8 35
400 2341 280100010 9 35
400 2341 280100011 9 34
400 2341 280100012 9 36
400 2341 280100013 9 35
400 2341 280100014 9 38
400 2341 280100015 9 39
400 2341 280100016 8 33
400 2341 280100017 8 35
400 2341 280100018 9 35
400 2341 280100019 7 32
400 2341 280100020 8 37
400 2341 280100021 8 33
400 2341 280100022 8 35
400 2341 280100023 8 33
400 2341 280200000 8 38
400 2341 280200001 9 38
400 2341 280200002 9 37
400 2341 280200003 9 33
400 2341 280200004 9 39
400 2341 280200005 8 34
400 2341 280200006 9 37
400 2341 280200007 8 35
400 2341 280200008 8 33
400 2341 280200009 9 35
400 2341 280200010 8 35
400 2341 280200011 9 35
400 2341 280200012 9 37
400 2341 280200013 8 34
400 2341 280200014 9 39
400 2341 280200015 9 35
400 2341 280200016 9 37
400 2341 280200017 8 33
400 2341 280200018 8 33
400 2341 280200019 9 35
400 2341 280200020 9 38
400 2341 280200021 9 36
400 2341 280200022 9 34
400 2341 280200023 9 34
400 2341 280300000 10 35
400 2341 280300001 8 37
400 2341 280300002 10 40
400 2341 280300003 8 37
400 2341 280300004 10 37
400 2341 280300005 9 35
400 2341 280300006 9 35
400 2341 280300007 9 36
400 2341 280300008 8 34
400 2341 280300009 8 36
400 2341 280300010 8 34
400 2341 280300011 8 33
400 2341 280300012 9 38
400 2341 280300013 9 37
400 2341 280300014 9 34
400 2341 280300015 8 37
400 2341 280300016 9 36
400 2341 280300017 8 37
400 2341 280300018 8 36
400 2341 280300019 8 34
400 2341 280300020 9 36
400 2341 280300021 9 37
400 2341 280300022 9 36
400 2341 280300023 9 35
400 2341 280400000 9 39
400 2341 280400001 9 35
400 2341 280400002 8 34
400 2341 280400003 8 35
400 2341 280400004 9 34
400 2341 280400005 8 32
400 2341 280400006 8 32
400 2341 280400007 9 36
400 2341 280400008 10 35
400 2341 280400009 8 35
400 2341 280400010 9 34
400 2341 280400011 8 35
400 2341 280400012 9 35
400 2341 280400013 8 40
400 2341 280400014 8 37
400 2341 280400015 9 34
400 2341 280400016 8 35
400 2341 280400017 9 33
400 2341 280400018 10 41
400 2341 280400019 9 36
400 2341 280400020 8 35
400 2341 280400021 9 40
400 2341 280400022 8 35
400 2341 280400023 8 35
