25000 24513 320230816 60 300
25000 24513 320230817 62 310
25000 24513 320330816 60 302
25000 24513 320330817 62 308
25000 24513 320430816 61 301
25000 24513 320430817 61 304
25000 24513 320730816 61 317
25000 24513 320730817 62 302
25000 24513 320630816 63 306
25000 24513 320630817 63 307
25000 24513 320830816 60 301
25000 24513 320830817 62 311
25000 24513 320530816 63 315
25000 24513 320530817 63 313
25000 24513 320930816 62 304
25000 24513 320930817 61 311
25000 24513 321030816 61 307
25000 24513 321030817 62 313
25000 24513 321130816 62 305
25000 24513 321130817 63 306
25000 24513 321230816 62 311
25000 24513 321230817 64 307
25000 24513 321330816 62 301
25000 24513 321330817 64 314
