10000 1342 -1589734592 49 192
10000 1342 -1589734591 48 188
10000 1342 -1589734590 47 189
10000 1342 -1589734589 48 185
10000 1342 -1589734588 48 194
10000 1342 -1589734587 47 188
10000 1342 -1589734586 49 197
10000 1342 -1589734585 47 191
10000 1342 -1589834592 50 195
10000 1342 -1589834591 49 201
10000 1342 -1589834590 48 198
10000 1342 -1589834589 48 192
10000 1342 -1589834588 48 188
10000 1342 -1589834587 48 195
10000 1342 -1589834586 48 196
10000 1342 -1589834585 47 190
10000 1342 -1589534592 49 194
10000 1342 -1589534591 48 189
10000 1342 -1589534590 47 193
10000 1342 -1589534589 46 186
10000 1342 -1589534588 46 190
10000 1342 -1589534587 48 188
10000 1342 -1589534586 48 185
10000 1342 -1589534585 47 187
10000 1342 -1589634592 48 195
10000 1342 -1589634591 47 192
10000 1342 -1589634590 48 189
10000 1342 -1589634589 47 193
10000 1342 -1589634588 47 192
10000 1342 -1589634587 47 203
10000 1342 -1589634586 48 186
10000 1342 -1589634585 48 195
10000 1342 -1589334592 48 197
10000 1342 -1589334591 48 190
10000 1342 -1589334590 47 195
10000 1342 -1589334589 48 189
10000 1342 -1589334588 47 192
10000 1342 -1589334587 48 197
10000 1342 -1589334586 46 192
10000 1342 -1589334585 48 188
10000 1342 -1589434592 47 195
10000 1342 -1589434591 48 194
10000 1342 -1589434590 48 199
10000 1342 -1589434589 50 188
10000 1342 -1589434588 48 193
10000 1342 -1589434587 47 187
10000 1342 -1589434586 47 187
10000 1342 -1589434585 48 195
