400 12543 280200000 6 38
400 12543 280200001 7 38
400 12543 280200002 7 37
400 12543 280200003 6 33
400 12543 280200004 7 39
400 12543 280200005 7 34
400 12543 280200006 6 37
400 12543 280200007 7 35
400 12543 280200008 7 33
400 12543 280200009 7 35
400 12543 280200010 6 35
400 12543 280200011 6 35
400 12543 280200012 6 37
400 12543 280200013 6 34
400 12543 280200014 7 39
400 12543 280200015 7 35
400 12543 280200016 7 37
400 12543 280200017 6 33
400 12543 280200018 6 33
400 12543 280200019 7 35
400 12543 280200020 7 38
400 12543 280200021 7 36
400 12543 280200022 7 34
400 12543 280200023 6 34
400 12543 280100000 7 36
400 12543 280100001 7 33
400 12543 280100002 7 34
400 12543 280100003 6 35
400 12543 280100004 7 36
400 12543 280100005 6 39
400 12543 280100006 6 35
400 12543 280100007 7 34
400 12543 280100008 8 37
400 12543 280100009 6 35
400 12543 280100010 7 35
400 12543 280100011 6 34
400 12543 280100012 7 36
400 12543 280100013 7 35
400 12543 280100014 8 38
400 12543 280100015 7 39
400 12543 280100016 7 33
400 12543 280100017 7 35
400 12543 280100018 7 35
400 12543 280100019 6 32
400 12543 280100020 7 37
400 12543 280100021 7 33
400 12543 280100022 6 35
400 12543 280100023 7 33
400 12543 280300000 7 35
400 12543 280300001 6 37
400 12543 280300002 6 40
400 12543 280300003 6 37
400 12543 280300004 7 37
400 12543 280300005 7 35
400 12543 280300006 7 35
400 12543 280300007 7 36
400 12543 280300008 7 34
400 12543 280300009 6 36
400 12543 280300010 7 34
400 12543 280300011 7 33
400 12543 280300012 7 38
400 12543 280300013 7 37
400 12543 280300014 7 34
400 12543 280300015 6 37
400 12543 280300016 7 36
400 12543 280300017 7 37
400 12543 280300018 7 36
400 12543 280300019 7 34
400 12543 280300020 7 36
400 12543 280300021 6 37
400 12543 280300022 6 36
400 12543 280300023 7 35
400 12543 280400000 7 39
400 12543 280400001 6 35
400 12543 280400002 7 34
400 12543 280400003 7 35
400 12543 280400004 7 34
400 12543 280400005 7 32
400 12543 280400006 6 32
400 12543 280400007 7 36
400 12543 280400008 7 35
400 12543 280400009 6 35
400 12543 280400010 7 34
400 12543 280400011 6 35
400 12543 280400012 7 35
400 12543 280400013 6 40
400 12543 280400014 6 37
400 12543 280400015 6 34
400 12543 280400016 7 35
400 12543 280400017 7 33
400 12543 280400018 8 41
400 12543 280400019 7 36
400 12543 280400020 7 35
400 12543 280400021 8 40
400 12543 280400022 6 35
400 12543 280400023 7 35
