1000 12 700100000 29 59
1000 12 700100001 29 58
1000 12 700100002 27 55
1000 12 700100003 29 59
1000 12 700100004 29 58
1000 12 700100005 28 56
1000 12 700100006 30 60
1000 12 700100007 29 59
1000 12 700100008 29 59
1000 12 700100009 27 55
1000 12 700100010 31 62
1000 12 700100011 29 59
1000 12 700100012 29 59
1000 12 700100013 30 61
1000 12 700100014 27 54
1000 12 700100015 27 54
1000 12 700100016 28 56
1000 12 700100017 29 59
1000 12 700100018 29 58
1000 12 700100019 28 56
1000 12 700100020 28 56
1000 12 700100021 30 61
1000 12 700100022 28 56
1000 12 700100023 30 60
1000 12 700200000 29 59
1000 12 700200001 30 60
1000 12 700200002 31 63
1000 12 700200003 29 58
1000 12 700200004 28 57
1000 12 700200005 31 63
1000 12 700200006 29 58
1000 12 700200007 29 58
1000 12 700200008 29 59
1000 12 700200009 30 61
1000 12 700200010 29 58
1000 12 700200011 28 57
1000 12 700200012 28 56
1000 12 700200013 28 57
1000 12 700200014 26 53
1000 12 700200015 27 55
1000 12 700200016 26 52
1000 12 700200017 30 61
1000 12 700200018 30 61
1000 12 700200019 28 57
1000 12 700200020 31 62
1000 12 700200021 33 67
1000 12 700200022 30 61
1000 12 700200023 27 54
1000 12 700300000 31 63
1000 12 700300001 29 58
1000 12 700300002 28 57
1000 12 700300003 27 54
1000 12 700300004 30 60
1000 12 700300005 27 55
1000 12 700300006 29 59
1000 12 700300007 30 60
1000 12 700300008 32 65
1000 12 700300009 28 57
1000 12 700300010 28 57
1000 12 700300011 30 60
1000 12 700300012 30 60
1000 12 700300013 28 57
1000 12 700300014 28 57
1000 12 700300015 28 56
1000 12 700300016 27 54
1000 12 700300017 32 65
1000 12 700300018 31 62
1000 12 700300019 29 58
1000 12 700300020 29 59
1000 12 700300021 29 58
1000 12 700300022 28 56
1000 12 700300023 31 62
1000 12 700400000 29 59
1000 12 700400001 28 56
1000 12 700400002 30 60
1000 12 700400003 26 53
1000 12 700400004 29 58
1000 12 700400005 29 58
1000 12 700400006 29 59
1000 12 700400007 28 56
1000 12 700400008 28 56
1000 12 700400009 27 55
1000 12 700400010 30 61
1000 12 700400011 30 61
1000 12 700400012 31 62
1000 12 700400013 31 62
1000 12 700400014 29 59
1000 12 700400015 29 58
1000 12 700400016 29 58
1000 12 700400017 27 54
1000 12 700400018 27 54
1000 12 700400019 30 61
1000 12 700400020 27 55
1000 12 700400021 26 52
1000 12 700400022 26 52
1000 12 700400023 28 57
