400 24153 280400000 6 39
400 24153 280400001 6 35
400 24153 280400002 7 34
400 24153 280400003 7 35
400 24153 280400004 7 34
400 24153 280400005 6 32
400 24153 280400006 7 32
400 24153 280400007 7 36
400 24153 280400008 7 35
400 24153 280400009 7 35
400 24153 280400010 6 34
400 24153 280400011 6 35
400 24153 280400012 7 35
400 24153 280400013 6 40
400 24153 280400014 7 37
400 24153 280400015 7 34
400 24153 280400016 7 35
400 24153 280400017 7 33
400 24153 280400018 8 41
400 24153 280400019 7 36
400 24153 280400020 7 35
400 24153 280400021 7 40
400 24153 280400022 6 35
400 24153 280400023 6 35
400 24153 280300000 7 35
400 24153 280300001 7 37
400 24153 280300002 6 40
400 24153 280300003 7 37
400 24153 280300004 8 37
400 24153 280300005 7 35
400 24153 280300006 7 35
400 24153 280300007 7 36
400 24153 280300008 7 34
400 24153 280300009 7 36
400 24153 280300010 7 34
400 24153 280300011 7 33
400 24153 280300012 6 38
400 24153 280300013 7 37
400 24153 280300014 6 34
400 24153 280300015 7 37
400 24153 280300016 7 36
400 24153 280300017 7 37
400 24153 280300018 7 36
400 24153 280300019 8 34
400 24153 280300020 7 36
400 24153 280300021 7 37
400 24153 280300022 6 36
400 24153 280300023 7 35
400 24153 280200000 6 38
400 24153 280200001 9 38
400 24153 280200002 8 37
400 24153 280200003 7 33
400 24153 280200004 8 39
400 24153 280200005 6 34
400 24153 280200006 7 37
400 24153 280200007 7 35
400 24153 280200008 6 33
400 24153 280200009 7 35
400 24153 280200010 6 35
400 24153 280200011 7 35
400 24153 280200012 7 37
400 24153 280200013 6 34
400 24153 280200014 7 39
400 24153 280200015 7 35
400 24153 280200016 7 37
400 24153 280200017 7 33
400 24153 280200018 7 33
400 24153 280200019 7 35
400 24153 280200020 7 38
400 24153 280200021 7 36
400 24153 280200022 7 34
400 24153 280200023 7 34
400 24153 280100000 7 36
400 24153 280100001 7 33
400 24153 280100002 7 34
400 24153 280100003 7 35
400 24153 280100004 7 36
400 24153 280100005 6 39
400 24153 280100006 6 35
400 24153 280100007 7 34
400 24153 280100008 7 37
400 24153 280100009 6 35
400 24153 280100010 7 35
400 24153 280100011 7 34
400 24153 280100012 7 36
400 24153 280100013 7 35
400 24153 280100014 6 38
400 24153 280100015 7 39
400 24153 280100016 7 33
400 24153 280100017 7 35
400 24153 280100018 7 35
400 24153 280100019 6 32
400 24153 280100020 7 37
400 24153 280100021 7 33
400 24153 280100022 7 35
400 24153 280100023 6 33
