400 45312 280100000 7 36
400 45312 280100001 7 33
400 45312 280100002 7 34
400 45312 280100003 7 35
400 45312 280100004 7 36
400 45312 280100005 7 39
400 45312 280100006 7 35
400 45312 280100007 6 34
400 45312 280100008 7 37
400 45312 280100009 6 35
400 45312 280100010 7 35
400 45312 280100011 7 34
400 45312 280100012 7 36
400 45312 280100013 7 35
400 45312 280100014 7 38
400 45312 280100015 7 39
400 45312 280100016 7 33
400 45312 280100017 7 35
400 45312 280100018 6 35
400 45312 280100019 7 32
400 45312 280100020 6 37
400 45312 280100021 6 33
400 45312 280100022 6 35
400 45312 280100023 7 33
400 45312 280200000 6 38
400 45312 280200001 7 38
400 45312 280200002 7 37
400 45312 280200003 7 33
400 45312 280200004 7 39
400 45312 280200005 6 34
400 45312 280200006 8 37
400 45312 280200007 7 35
400 45312 280200008 7 33
400 45312 280200009 7 35
400 45312 280200010 7 35
400 45312 280200011 7 35
400 45312 280200012 6 37
400 45312 280200013 6 34
400 45312 280200014 7 39
400 45312 280200015 7 35
400 45312 280200016 7 37
400 45312 280200017 6 33
400 45312 280200018 6 33
400 45312 280200019 7 35
400 45312 280200020 7 38
400 45312 280200021 7 36
400 45312 280200022 6 34
400 45312 280200023 7 34
400 45312 280400000 7 39
400 45312 280400001 6 35
400 45312 280400002 8 34
400 45312 280400003 7 35
400 45312 280400004 7 34
400 45312 280400005 7 32
400 45312 280400006 7 32
400 45312 280400007 7 36
400 45312 280400008 8 35
400 45312 280400009 7 35
400 45312 280400010 7 34
400 45312 280400011 7 35
400 45312 280400012 6 35
400 45312 280400013 6 40
400 45312 280400014 6 37
400 45312 280400015 7 34
400 45312 280400016 8 35
400 45312 280400017 6 33
400 45312 280400018 7 41
400 45312 280400019 7 36
400 45312 280400020 7 35
400 45312 280400021 6 40
400 45312 280400022 6 35
400 45312 280400023 7 35
400 45312 280300000 7 35
400 45312 280300001 7 37
400 45312 280300002 7 40
400 45312 280300003 7 37
400 45312 280300004 7 37
400 45312 280300005 6 35
400 45312 280300006 8 35
400 45312 280300007 7 36
400 45312 280300008 7 34
400 45312 280300009 7 36
400 45312 280300010 7 34
400 45312 280300011 6 33
400 45312 280300012 6 38
400 45312 280300013 8 37
400 45312 280300014 7 34
400 45312 280300015 7 37
400 45312 280300016 7 36
400 45312 280300017 7 37
400 45312 280300018 7 36
400 45312 280300019 7 34
400 45312 280300020 6 36
400 45312 280300021 7 37
400 45312 280300022 7 36
400 45312 280300023 7 35
