2500 25143 1750100000 18 97
2500 25143 1750100001 18 92
2500 25143 1750100002 19 101
2500 25143 1750100003 19 94
2500 25143 1750100004 19 94
2500 25143 1750100005 18 92
2500 25143 1750100006 20 95
2500 25143 1750100007 19 98
2500 25143 1750100008 18 98
2500 25143 1750100009 19 91
2500 25143 1750100010 19 96
2500 25143 1750100011 19 95
2500 25143 1750100012 19 96
2500 25143 1750100013 18 94
2500 25143 1750100014 19 94
2500 25143 1750100015 19 90
2500 25143 1750100016 20 96
2500 25143 1750100017 18 94
2500 25143 1750100018 19 90
2500 25143 1750100019 18 89
2500 25143 1750100020 18 95
2500 25143 1750100021 18 96
2500 25143 1750100022 18 94
2500 25143 1750100023 18 93
2500 25143 1750200000 18 93
2500 25143 1750200001 18 97
2500 25143 1750200002 18 95
2500 25143 1750200003 19 94
2500 25143 1750200004 19 96
2500 25143 1750200005 19 99
2500 25143 1750200006 19 94
2500 25143 1750200007 18 95
2500 25143 1750200008 17 94
2500 25143 1750200009 19 101
2500 25143 1750200010 19 94
2500 25143 1750200011 19 94
2500 25143 1750200012 18 100
2500 25143 1750200013 19 93
2500 25143 1750200014 20 97
2500 25143 1750200015 19 89
2500 25143 1750200016 18 96
2500 25143 1750200017 19 93
2500 25143 1750200018 19 89
2500 25143 1750200019 18 95
2500 25143 1750200020 19 97
2500 25143 1750200021 19 89
2500 25143 1750200022 19 99
2500 25143 1750200023 20 95
2500 25143 1750300000 19 95
2500 25143 1750300001 19 97
2500 25143 1750300002 18 98
2500 25143 1750300003 18 91
2500 25143 1750300004 19 98
2500 25143 1750300005 19 94
2500 25143 1750300006 19 94
2500 25143 1750300007 18 95
2500 25143 1750300008 19 94
2500 25143 1750300009 18 93
2500 25143 1750300010 19 88
2500 25143 1750300011 19 92
2500 25143 1750300012 19 94
2500 25143 1750300013 19 94
2500 25143 1750300014 18 89
2500 25143 1750300015 19 93
2500 25143 1750300016 19 91
2500 25143 1750300017 18 91
2500 25143 1750300018 19 94
2500 25143 1750300019 18 93
2500 25143 1750300020 19 95
2500 25143 1750300021 19 93
2500 25143 1750300022 19 97
2500 25143 1750300023 18 90
2500 25143 1750400000 18 98
2500 25143 1750400001 18 95
2500 25143 1750400002 19 97
2500 25143 1750400003 19 93
2500 25143 1750400004 20 91
2500 25143 1750400005 18 97
2500 25143 1750400006 19 93
2500 25143 1750400007 18 95
2500 25143 1750400008 18 94
2500 25143 1750400009 18 91
2500 25143 1750400010 19 98
2500 25143 1750400011 18 99
2500 25143 1750400012 18 93
2500 25143 1750400013 19 94
2500 25143 1750400014 18 95
2500 25143 1750400015 18 91
2500 25143 1750400016 18 93
2500 25143 1750400017 18 90
2500 25143 1750400018 19 94
2500 25143 1750400019 18 93
2500 25143 1750400020 18 90
2500 25143 1750400021 18 96
2500 25143 1750400022 19 95
2500 25143 1750400023 20 96
