1000 123 700100000 19 59
1000 123 700100001 19 58
1000 123 700100002 18 55
1000 123 700100003 19 59
1000 123 700100004 19 58
1000 123 700100005 18 56
1000 123 700100006 20 60
1000 123 700100007 19 59
1000 123 700100008 19 59
1000 123 700100009 18 55
1000 123 700100010 20 62
1000 123 700100011 19 59
1000 123 700100012 19 59
1000 123 700100013 20 61
1000 123 700100014 18 54
1000 123 700100015 18 54
1000 123 700100016 18 56
1000 123 700100017 19 59
1000 123 700100018 19 58
1000 123 700100019 18 56
1000 123 700100020 18 56
1000 123 700100021 20 61
1000 123 700100022 18 56
1000 123 700100023 20 60
1000 123 700200000 19 59
1000 123 700200001 20 60
1000 123 700200002 21 63
1000 123 700200003 19 58
1000 123 700200004 19 57
1000 123 700200005 21 63
1000 123 700200006 19 58
1000 123 700200007 19 58
1000 123 700200008 19 59
1000 123 700200009 20 61
1000 123 700200010 19 58
1000 123 700200011 19 57
1000 123 700200012 18 56
1000 123 700200013 19 57
1000 123 700200014 17 53
1000 123 700200015 18 55
1000 123 700200016 17 52
1000 123 700200017 20 61
1000 123 700200018 20 61
1000 123 700200019 19 57
1000 123 700200020 20 62
1000 123 700200021 22 67
1000 123 700200022 20 61
1000 123 700200023 18 54
1000 123 700300000 21 63
1000 123 700300001 19 58
1000 123 700300002 19 57
1000 123 700300003 18 54
1000 123 700300004 20 60
1000 123 700300005 18 55
1000 123 700300006 19 59
1000 123 700300007 20 60
1000 123 700300008 21 65
1000 123 700300009 19 57
1000 123 700300010 19 57
1000 123 700300011 20 60
1000 123 700300012 20 60
1000 123 700300013 19 57
1000 123 700300014 19 57
1000 123 700300015 18 56
1000 123 700300016 18 54
1000 123 700300017 21 65
1000 123 700300018 20 62
1000 123 700300019 19 58
1000 123 700300020 19 59
1000 123 700300021 19 58
1000 123 700300022 18 56
1000 123 700300023 20 62
1000 123 700400000 19 59
1000 123 700400001 18 56
1000 123 700400002 20 60
1000 123 700400003 17 53
1000 123 700400004 19 58
1000 123 700400005 19 58
1000 123 700400006 19 59
1000 123 700400007 18 56
1000 123 700400008 18 56
1000 123 700400009 18 55
1000 123 700400010 20 61
1000 123 700400011 20 61
1000 123 700400012 20 62
1000 123 700400013 20 62
1000 123 700400014 19 59
1000 123 700400015 19 58
1000 123 700400016 19 58
1000 123 700400017 18 54
1000 123 700400018 18 54
1000 123 700400019 20 61
1000 123 700400020 18 55
1000 123 700400021 17 52
1000 123 700400022 17 52
1000 123 700400023 19 57
