10000 21543 -1589834592 38 195
10000 21543 -1589834591 38 201
10000 21543 -1589834590 39 198
10000 21543 -1589834589 38 192
10000 21543 -1589834588 38 188
10000 21543 -1589834587 37 195
10000 21543 -1589834586 38 196
10000 21543 -1589834585 37 190
10000 21543 -1589734592 39 192
10000 21543 -1589734591 37 188
10000 21543 -1589734590 38 189
10000 21543 -1589734589 38 185
10000 21543 -1589734588 38 194
10000 21543 -1589734587 38 188
10000 21543 -1589734586 38 197
10000 21543 -1589734585 39 191
10000 21543 -1589634592 39 195
10000 21543 -1589634591 37 192
10000 21543 -1589634590 38 189
10000 21543 -1589634589 38 193
10000 21543 -1589634588 39 192
10000 21543 -1589634587 38 203
10000 21543 -1589634586 37 186
10000 21543 -1589634585 38 195
10000 21543 -1589534592 37 194
10000 21543 -1589534591 40 189
10000 21543 -1589534590 38 193
10000 21543 -1589534589 38 186
10000 21543 -1589534588 37 190
10000 21543 -1589534587 37 188
10000 21543 -1589534586 38 185
10000 21543 -1589534585 38 187
10000 21543 -1589334592 37 197
10000 21543 -1589334591 37 190
10000 21543 -1589334590 38 195
10000 21543 -1589334589 39 189
10000 21543 -1589334588 37 192
10000 21543 -1589334587 38 197
10000 21543 -1589334586 37 192
10000 21543 -1589334585 38 188
10000 21543 -1589434592 38 195
10000 21543 -1589434591 38 194
10000 21543 -1589434590 37 199
10000 21543 -1589434589 39 188
10000 21543 -1589434588 37 193
10000 21543 -1589434587 38 187
10000 21543 -1589434586 37 187
10000 21543 -1589434585 38 195
