10000 132 -1589734592 64 192
10000 132 -1589734591 64 188
10000 132 -1589734590 62 189
10000 132 -1589734589 64 185
10000 132 -1589734588 65 194
10000 132 -1589734587 62 188
10000 132 -1589734586 65 197
10000 132 -1589734585 63 191
10000 132 -1589834592 63 195
10000 132 -1589834591 65 201
10000 132 -1589834590 63 198
10000 132 -1589834589 64 192
10000 132 -1589834588 65 188
10000 132 -1589834587 64 195
10000 132 -1589834586 66 196
10000 132 -1589834585 63 190
10000 132 -1589634592 64 195
10000 132 -1589634591 61 192
10000 132 -1589634590 62 189
10000 132 -1589634589 65 193
10000 132 -1589634588 62 192
10000 132 -1589634587 65 203
10000 132 -1589634586 64 186
10000 132 -1589634585 63 195
10000 132 -1589534592 64 194
10000 132 -1589534591 64 189
10000 132 -1589534590 65 193
10000 132 -1589534589 62 186
10000 132 -1589534588 63 190
10000 132 -1589534587 64 188
10000 132 -1589534586 62 185
10000 132 -1589534585 64 187
10000 132 -1589334592 64 197
10000 132 -1589334591 62 190
10000 132 -1589334590 63 195
10000 132 -1589334589 63 189
10000 132 -1589334588 63 192
10000 132 -1589334587 65 197
10000 132 -1589334586 64 192
10000 132 -1589334585 64 188
10000 132 -1589434592 64 195
10000 132 -1589434591 64 194
10000 132 -1589434590 64 199
10000 132 -1589434589 63 188
10000 132 -1589434588 63 193
10000 132 -1589434587 64 187
10000 132 -1589434586 63 187
10000 132 -1589434585 62 195
