10000 2341 -1589734592 49 192
10000 2341 -1589734591 47 188
10000 2341 -1589734590 47 189
10000 2341 -1589734589 46 185
10000 2341 -1589734588 49 194
10000 2341 -1589734587 47 188
10000 2341 -1589734586 49 197
10000 2341 -1589734585 47 191
10000 2341 -1589834592 50 195
10000 2341 -1589834591 50 201
10000 2341 -1589834590 48 198
10000 2341 -1589834589 48 192
10000 2341 -1589834588 49 188
10000 2341 -1589834587 49 195
10000 2341 -1589834586 49 196
10000 2341 -1589834585 48 190
10000 2341 -1589634592 48 195
10000 2341 -1589634591 49 192
10000 2341 -1589634590 48 189
10000 2341 -1589634589 46 193
10000 2341 -1589634588 48 192
10000 2341 -1589634587 49 203
10000 2341 -1589634586 48 186
10000 2341 -1589634585 48 195
10000 2341 -1589534592 47 194
10000 2341 -1589534591 48 189
10000 2341 -1589534590 48 193
10000 2341 -1589534589 47 186
10000 2341 -1589534588 47 190
10000 2341 -1589534587 49 188
10000 2341 -1589534586 46 185
10000 2341 -1589534585 47 187
10000 2341 -1589434592 48 195
10000 2341 -1589434591 48 194
10000 2341 -1589434590 48 199
10000 2341 -1589434589 49 188
10000 2341 -1589434588 49 193
10000 2341 -1589434587 49 187
10000 2341 -1589434586 47 187
10000 2341 -1589434585 50 195
10000 2341 -1589334592 49 197
10000 2341 -1589334591 49 190
10000 2341 -1589334590 48 195
10000 2341 -1589334589 48 189
10000 2341 -1589334588 49 192
10000 2341 -1589334587 50 197
10000 2341 -1589334586 46 192
10000 2341 -1589334585 48 188
