6400 25431 185132704 31 154
6400 25431 185132705 30 150
6400 25431 185132706 31 151
6400 25431 185132707 31 155
6400 25431 185132708 30 149
6400 25431 185132709 31 155
6400 25431 185132710 31 151
6400 25431 185132711 32 155
6400 25431 185132712 30 150
6400 25431 185132713 30 152
6400 25431 185132714 31 153
6400 25431 185132715 31 154
6400 25431 185132716 31 159
6400 25431 185132717 30 148
6400 25431 185132718 30 149
6400 25431 185132719 30 151
6400 25431 185232704 31 158
6400 25431 185232705 31 154
6400 25431 185232706 31 150
6400 25431 185232707 31 154
6400 25431 185232708 31 149
6400 25431 185232709 30 144
6400 25431 185232710 31 153
6400 25431 185232711 32 151
6400 25431 185232712 31 154
6400 25431 185232713 29 147
6400 25431 185232714 31 159
6400 25431 185232715 32 155
6400 25431 185232716 31 153
6400 25431 185232717 30 149
6400 25431 185232718 29 148
6400 25431 185232719 30 153
6400 25431 185332704 32 159
6400 25431 185332705 30 155
6400 25431 185332706 30 157
6400 25431 185332707 31 156
6400 25431 185332708 29 151
6400 25431 185332709 29 151
6400 25431 185332710 32 150
6400 25431 185332711 30 148
6400 25431 185332712 32 150
6400 25431 185332713 30 150
6400 25431 185332714 30 147
6400 25431 185332715 32 150
6400 25431 185332716 32 150
6400 25431 185332717 29 152
6400 25431 185332718 30 157
6400 25431 185332719 32 154
6400 25431 185432704 31 153
6400 25431 185432705 30 152
6400 25431 185432706 32 157
6400 25431 185432707 30 150
6400 25431 185432708 31 157
6400 25431 185432709 31 149
6400 25431 185432710 31 154
6400 25431 185432711 32 154
6400 25431 185432712 30 151
6400 25431 185432713 30 148
6400 25431 185432714 31 151
6400 25431 185432715 31 155
6400 25431 185432716 31 152
6400 25431 185432717 31 152
6400 25431 185432718 31 155
6400 25431 185432719 31 154
6400 25431 185632704 31 148
6400 25431 185632705 30 150
6400 25431 185632706 30 153
6400 25431 185632707 31 155
6400 25431 185632708 31 159
6400 25431 185632709 31 157
6400 25431 185632710 32 154
6400 25431 185632711 31 151
6400 25431 185632712 31 154
6400 25431 185632713 30 148
6400 25431 185632714 30 152
6400 25431 185632715 30 146
6400 25431 185632716 32 149
6400 25431 185632717 30 149
6400 25431 185632718 30 152
6400 25431 185632719 30 152
6400 25431 185532704 31 151
6400 25431 185532705 31 151
6400 25431 185532706 31 153
6400 25431 185532707 31 153
6400 25431 185532708 32 155
6400 25431 185532709 31 155
6400 25431 185532710 30 151
6400 25431 185532711 30 154
6400 25431 185532712 31 155
6400 25431 185532713 29 152
6400 25431 185532714 30 151
6400 25431 185532715 31 154
6400 25431 185532716 32 155
6400 25431 185532717 30 156
6400 25431 185532718 31 152
6400 25431 185532719 29 155
