400 32541 280100000 7 36
400 32541 280100001 7 33
400 32541 280100002 7 34
400 32541 280100003 7 35
400 32541 280100004 7 36
400 32541 280100005 6 39
400 32541 280100006 7 35
400 32541 280100007 6 34
400 32541 280100008 7 37
400 32541 280100009 6 35
400 32541 280100010 7 35
400 32541 280100011 7 34
400 32541 280100012 7 36
400 32541 280100013 7 35
400 32541 280100014 7 38
400 32541 280100015 6 39
400 32541 280100016 7 33
400 32541 280100017 7 35
400 32541 280100018 7 35
400 32541 280100019 7 32
400 32541 280100020 6 37
400 32541 280100021 6 33
400 32541 280100022 6 35
400 32541 280100023 7 33
400 32541 280200000 6 38
400 32541 280200001 7 38
400 32541 280200002 7 37
400 32541 280200003 6 33
400 32541 280200004 7 39
400 32541 280200005 7 34
400 32541 280200006 7 37
400 32541 280200007 7 35
400 32541 280200008 7 33
400 32541 280200009 7 35
400 32541 280200010 7 35
400 32541 280200011 7 35
400 32541 280200012 6 37
400 32541 280200013 7 34
400 32541 280200014 7 39
400 32541 280200015 7 35
400 32541 280200016 7 37
400 32541 280200017 6 33
400 32541 280200018 6 33
400 32541 280200019 7 35
400 32541 280200020 7 38
400 32541 280200021 7 36
400 32541 280200022 6 34
400 32541 280200023 7 34
400 32541 280300000 7 35
400 32541 280300001 7 37
400 32541 280300002 7 40
400 32541 280300003 7 37
400 32541 280300004 7 37
400 32541 280300005 6 35
400 32541 280300006 7 35
400 32541 280300007 7 36
400 32541 280300008 7 34
400 32541 280300009 7 36
400 32541 280300010 7 34
400 32541 280300011 6 33
400 32541 280300012 6 38
400 32541 280300013 8 37
400 32541 280300014 8 34
400 32541 280300015 6 37
400 32541 280300016 7 36
400 32541 280300017 7 37
400 32541 280300018 7 36
400 32541 280300019 7 34
400 32541 280300020 7 36
400 32541 280300021 7 37
400 32541 280300022 7 36
400 32541 280300023 7 35
400 32541 280400000 6 39
400 32541 280400001 6 35
400 32541 280400002 8 34
400 32541 280400003 7 35
400 32541 280400004 8 34
400 32541 280400005 7 32
400 32541 280400006 6 32
400 32541 280400007 7 36
400 32541 280400008 7 35
400 32541 280400009 7 35
400 32541 280400010 7 34
400 32541 280400011 6 35
400 32541 280400012 7 35
400 32541 280400013 6 40
400 32541 280400014 8 37
400 32541 280400015 6 34
400 32541 280400016 7 35
400 32541 280400017 7 33
400 32541 280400018 8 41
400 32541 280400019 7 36
400 32541 280400020 6 35
400 32541 280400021 7 40
400 32541 280400022 6 35
400 32541 280400023 7 35
