2500 12345 1750400000 19 98
2500 12345 1750400001 19 95
2500 12345 1750400002 19 97
2500 12345 1750400003 18 93
2500 12345 1750400004 18 91
2500 12345 1750400005 19 97
2500 12345 1750400006 18 93
2500 12345 1750400007 19 95
2500 12345 1750400008 18 94
2500 12345 1750400009 18 91
2500 12345 1750400010 19 98
2500 12345 1750400011 19 99
2500 12345 1750400012 18 93
2500 12345 1750400013 18 94
2500 12345 1750400014 19 95
2500 12345 1750400015 18 91
2500 12345 1750400016 18 93
2500 12345 1750400017 18 90
2500 12345 1750400018 18 94
2500 12345 1750400019 18 93
2500 12345 1750400020 18 90
2500 12345 1750400021 19 96
2500 12345 1750400022 19 95
2500 12345 1750400023 19 96
2500 12345 1750300000 19 95
2500 12345 1750300001 19 97
2500 12345 1750300002 19 98
2500 12345 1750300003 18 91
2500 12345 1750300004 19 98
2500 12345 1750300005 18 94
2500 12345 1750300006 18 94
2500 12345 1750300007 19 95
2500 12345 1750300008 18 94
2500 12345 1750300009 18 93
2500 12345 1750300010 17 88
2500 12345 1750300011 18 92
2500 12345 1750300012 18 94
2500 12345 1750300013 18 94
2500 12345 1750300014 17 89
2500 12345 1750300015 18 93
2500 12345 1750300016 18 91
2500 12345 1750300017 18 91
2500 12345 1750300018 18 94
2500 12345 1750300019 18 93
2500 12345 1750300020 19 95
2500 12345 1750300021 18 93
2500 12345 1750300022 19 97
2500 12345 1750300023 18 90
2500 12345 1750200000 18 93
2500 12345 1750200001 19 97
2500 12345 1750200002 19 95
2500 12345 1750200003 18 94
2500 12345 1750200004 19 96
2500 12345 1750200005 19 99
2500 12345 1750200006 18 94
2500 12345 1750200007 19 95
2500 12345 1750200008 18 94
2500 12345 1750200009 20 101
2500 12345 1750200010 18 94
2500 12345 1750200011 18 94
2500 12345 1750200012 20 100
2500 12345 1750200013 18 93
2500 12345 1750200014 19 97
2500 12345 1750200015 17 89
2500 12345 1750200016 19 96
2500 12345 1750200017 18 93
2500 12345 1750200018 17 89
2500 12345 1750200019 19 95
2500 12345 1750200020 19 97
2500 12345 1750200021 17 89
2500 12345 1750200022 19 99
2500 12345 1750200023 19 95
2500 12345 1750100000 19 97
2500 12345 1750100001 18 92
2500 12345 1750100002 20 101
2500 12345 1750100003 18 94
2500 12345 1750100004 18 94
2500 12345 1750100005 18 92
2500 12345 1750100006 19 95
2500 12345 1750100007 19 98
2500 12345 1750100008 19 98
2500 12345 1750100009 18 91
2500 12345 1750100010 19 96
2500 12345 1750100011 19 95
2500 12345 1750100012 19 96
2500 12345 1750100013 18 94
2500 12345 1750100014 18 94
2500 12345 1750100015 18 90
2500 12345 1750100016 19 96
2500 12345 1750100017 18 94
2500 12345 1750100018 18 90
2500 12345 1750100019 17 89
2500 12345 1750100020 19 95
2500 12345 1750100021 19 96
2500 12345 1750100022 18 94
2500 12345 1750100023 18 93
