2500 13452 1750200000 18 93
2500 13452 1750200001 18 97
2500 13452 1750200002 18 95
2500 13452 1750200003 18 94
2500 13452 1750200004 19 96
2500 13452 1750200005 20 99
2500 13452 1750200006 19 94
2500 13452 1750200007 19 95
2500 13452 1750200008 19 94
2500 13452 1750200009 19 101
2500 13452 1750200010 19 94
2500 13452 1750200011 19 94
2500 13452 1750200012 19 100
2500 13452 1750200013 19 93
2500 13452 1750200014 19 97
2500 13452 1750200015 18 89
2500 13452 1750200016 19 96
2500 13452 1750200017 18 93
2500 13452 1750200018 18 89
2500 13452 1750200019 19 95
2500 13452 1750200020 19 97
2500 13452 1750200021 19 89
2500 13452 1750200022 18 99
2500 13452 1750200023 19 95
2500 13452 1750100000 19 97
2500 13452 1750100001 19 92
2500 13452 1750100002 20 101
2500 13452 1750100003 18 94
2500 13452 1750100004 19 94
2500 13452 1750100005 19 92
2500 13452 1750100006 18 95
2500 13452 1750100007 19 98
2500 13452 1750100008 19 98
2500 13452 1750100009 19 91
2500 13452 1750100010 18 96
2500 13452 1750100011 18 95
2500 13452 1750100012 19 96
2500 13452 1750100013 19 94
2500 13452 1750100014 19 94
2500 13452 1750100015 19 90
2500 13452 1750100016 20 96
2500 13452 1750100017 18 94
2500 13452 1750100018 17 90
2500 13452 1750100019 18 89
2500 13452 1750100020 18 95
2500 13452 1750100021 18 96
2500 13452 1750100022 18 94
2500 13452 1750100023 19 93
2500 13452 1750300000 19 95
2500 13452 1750300001 19 97
2500 13452 1750300002 18 98
2500 13452 1750300003 19 91
2500 13452 1750300004 19 98
2500 13452 1750300005 19 94
2500 13452 1750300006 18 94
2500 13452 1750300007 20 95
2500 13452 1750300008 19 94
2500 13452 1750300009 19 93
2500 13452 1750300010 18 88
2500 13452 1750300011 19 92
2500 13452 1750300012 19 94
2500 13452 1750300013 19 94
2500 13452 1750300014 17 89
2500 13452 1750300015 18 93
2500 13452 1750300016 18 91
2500 13452 1750300017 19 91
2500 13452 1750300018 19 94
2500 13452 1750300019 18 93
2500 13452 1750300020 19 95
2500 13452 1750300021 18 93
2500 13452 1750300022 19 97
2500 13452 1750300023 18 90
2500 13452 1750400000 19 98
2500 13452 1750400001 19 95
2500 13452 1750400002 19 97
2500 13452 1750400003 18 93
2500 13452 1750400004 18 91
2500 13452 1750400005 19 97
2500 13452 1750400006 18 93
2500 13452 1750400007 18 95
2500 13452 1750400008 19 94
2500 13452 1750400009 18 91
2500 13452 1750400010 19 98
2500 13452 1750400011 19 99
2500 13452 1750400012 20 93
2500 13452 1750400013 19 94
2500 13452 1750400014 20 95
2500 13452 1750400015 17 91
2500 13452 1750400016 18 93
2500 13452 1750400017 18 90
2500 13452 1750400018 18 94
2500 13452 1750400019 19 93
2500 13452 1750400020 19 90
2500 13452 1750400021 18 96
2500 13452 1750400022 19 95
2500 13452 1750400023 19 96
