6400 12 185332704 79 159
6400 12 185332705 77 155
6400 12 185332706 78 157
6400 12 185332707 78 156
6400 12 185332708 75 151
6400 12 185332709 75 151
6400 12 185332710 75 150
6400 12 185332711 74 148
6400 12 185332712 75 150
6400 12 185332713 75 150
6400 12 185332714 73 147
6400 12 185332715 75 150
6400 12 185332716 75 150
6400 12 185332717 76 152
6400 12 185332718 78 157
6400 12 185332719 77 154
6400 12 185132704 77 154
6400 12 185132705 75 150
6400 12 185132706 75 151
6400 12 185132707 77 155
6400 12 185132708 74 149
6400 12 185132709 77 155
6400 12 185132710 75 151
6400 12 185132711 77 155
6400 12 185132712 75 150
6400 12 185132713 76 152
6400 12 185132714 76 153
6400 12 185132715 77 154
6400 12 185132716 79 159
6400 12 185132717 74 148
6400 12 185132718 74 149
6400 12 185132719 75 151
6400 12 185232704 79 158
6400 12 185232705 77 154
6400 12 185232706 75 150
6400 12 185232707 77 154
6400 12 185232708 74 149
6400 12 185232709 72 144
6400 12 185232710 76 153
6400 12 185232711 75 151
6400 12 185232712 77 154
6400 12 185232713 73 147
6400 12 185232714 79 159
6400 12 185232715 77 155
6400 12 185232716 76 153
6400 12 185232717 74 149
6400 12 185232718 74 148
6400 12 185232719 76 153
6400 12 185532704 75 151
6400 12 185532705 75 151
6400 12 185532706 76 153
6400 12 185532707 76 153
6400 12 185532708 77 155
6400 12 185532709 77 155
6400 12 185532710 75 151
6400 12 185532711 77 154
6400 12 185532712 77 155
6400 12 185532713 76 152
6400 12 185532714 75 151
6400 12 185532715 77 154
6400 12 185532716 77 155
6400 12 185532717 78 156
6400 12 185532718 76 152
6400 12 185532719 77 155
6400 12 185432704 76 153
6400 12 185432705 76 152
6400 12 185432706 78 157
6400 12 185432707 75 150
6400 12 185432708 78 157
6400 12 185432709 74 149
6400 12 185432710 77 154
6400 12 185432711 77 154
6400 12 185432712 75 151
6400 12 185432713 74 148
6400 12 185432714 75 151
6400 12 185432715 77 155
6400 12 185432716 76 152
6400 12 185432717 76 152
6400 12 185432718 77 155
6400 12 185432719 77 154
6400 12 185632704 74 148
6400 12 185632705 75 150
6400 12 185632706 76 153
6400 12 185632707 77 155
6400 12 185632708 79 159
6400 12 185632709 78 157
6400 12 185632710 77 154
6400 12 185632711 75 151
6400 12 185632712 77 154
6400 12 185632713 74 148
6400 12 185632714 76 152
6400 12 185632715 73 146
6400 12 185632716 74 149
6400 12 185632717 74 149
6400 12 185632718 76 152
6400 12 185632719 76 152
