6400 2431 185132704 39 154
6400 2431 185132705 37 150
6400 2431 185132706 39 151
6400 2431 185132707 38 155
6400 2431 185132708 38 149
6400 2431 185132709 38 155
6400 2431 185132710 40 151
6400 2431 185132711 38 155
6400 2431 185132712 40 150
6400 2431 185132713 40 152
6400 2431 185132714 38 153
6400 2431 185132715 39 154
6400 2431 185132716 40 159
6400 2431 185132717 40 148
6400 2431 185132718 38 149
6400 2431 185132719 39 151
6400 2431 185232704 38 158
6400 2431 185232705 38 154
6400 2431 185232706 40 150
6400 2431 185232707 39 154
6400 2431 185232708 38 149
6400 2431 185232709 38 144
6400 2431 185232710 39 153
6400 2431 185232711 39 151
6400 2431 185232712 38 154
6400 2431 185232713 37 147
6400 2431 185232714 38 159
6400 2431 185232715 38 155
6400 2431 185232716 39 153
6400 2431 185232717 37 149
6400 2431 185232718 36 148
6400 2431 185232719 39 153
6400 2431 185332704 41 159
6400 2431 185332705 37 155
6400 2431 185332706 37 157
6400 2431 185332707 39 156
6400 2431 185332708 37 151
6400 2431 185332709 38 151
6400 2431 185332710 38 150
6400 2431 185332711 38 148
6400 2431 185332712 38 150
6400 2431 185332713 39 150
6400 2431 185332714 38 147
6400 2431 185332715 38 150
6400 2431 185332716 38 150
6400 2431 185332717 37 152
6400 2431 185332718 39 157
6400 2431 185332719 38 154
6400 2431 185432704 39 153
6400 2431 185432705 38 152
6400 2431 185432706 39 157
6400 2431 185432707 38 150
6400 2431 185432708 38 157
6400 2431 185432709 39 149
6400 2431 185432710 38 154
6400 2431 185432711 39 154
6400 2431 185432712 38 151
6400 2431 185432713 38 148
6400 2431 185432714 38 151
6400 2431 185432715 38 155
6400 2431 185432716 38 152
6400 2431 185432717 38 152
6400 2431 185432718 38 155
6400 2431 185432719 39 154
6400 2431 185532704 39 151
6400 2431 185532705 38 151
6400 2431 185532706 39 153
6400 2431 185532707 38 153
6400 2431 185532708 37 155
6400 2431 185532709 38 155
6400 2431 185532710 37 151
6400 2431 185532711 39 154
6400 2431 185532712 38 155
6400 2431 185532713 39 152
6400 2431 185532714 38 151
6400 2431 185532715 38 154
6400 2431 185532716 39 155
6400 2431 185532717 39 156
6400 2431 185532718 39 152
6400 2431 185532719 37 155
6400 2431 185632704 37 148
6400 2431 185632705 37 150
6400 2431 185632706 38 153
6400 2431 185632707 38 155
6400 2431 185632708 38 159
6400 2431 185632709 37 157
6400 2431 185632710 37 154
6400 2431 185632711 39 151
6400 2431 185632712 38 154
6400 2431 185632713 37 148
6400 2431 185632714 38 152
6400 2431 185632715 38 146
6400 2431 185632716 39 149
6400 2431 185632717 38 149
6400 2431 185632718 40 152
6400 2431 185632719 39 152
