1000 15432 700100000 11 59
1000 15432 700100001 12 58
1000 15432 700100002 12 55
1000 15432 700100003 11 59
1000 15432 700100004 11 58
1000 15432 700100005 12 56
1000 15432 700100006 11 60
1000 15432 700100007 11 59
1000 15432 700100008 11 59
1000 15432 700100009 11 55
1000 15432 700100010 12 62
1000 15432 700100011 12 59
1000 15432 700100012 11 59
1000 15432 700100013 12 61
1000 15432 700100014 10 54
1000 15432 700100015 10 54
1000 15432 700100016 11 56
1000 15432 700100017 11 59
1000 15432 700100018 11 58
1000 15432 700100019 11 56
1000 15432 700100020 11 56
1000 15432 700100021 11 61
1000 15432 700100022 11 56
1000 15432 700100023 11 60
1000 15432 700300000 11 63
1000 15432 700300001 11 58
1000 15432 700300002 11 57
1000 15432 700300003 11 54
1000 15432 700300004 10 60
1000 15432 700300005 11 55
1000 15432 700300006 11 59
1000 15432 700300007 12 60
1000 15432 700300008 11 65
1000 15432 700300009 11 57
1000 15432 700300010 10 57
1000 15432 700300011 11 60
1000 15432 700300012 11 60
1000 15432 700300013 11 57
1000 15432 700300014 11 57
1000 15432 700300015 11 56
1000 15432 700300016 11 54
1000 15432 700300017 11 65
1000 15432 700300018 11 62
1000 15432 700300019 11 58
1000 15432 700300020 10 59
1000 15432 700300021 11 58
1000 15432 700300022 10 56
1000 15432 700300023 12 62
1000 15432 700400000 11 59
1000 15432 700400001 11 56
1000 15432 700400002 12 60
1000 15432 700400003 10 53
1000 15432 700400004 12 58
1000 15432 700400005 12 58
1000 15432 700400006 12 59
1000 15432 700400007 11 56
1000 15432 700400008 12 56
1000 15432 700400009 11 55
1000 15432 700400010 12 61
1000 15432 700400011 11 61
1000 15432 700400012 10 62
1000 15432 700400013 11 62
1000 15432 700400014 11 59
1000 15432 700400015 11 58
1000 15432 700400016 11 58
1000 15432 700400017 12 54
1000 15432 700400018 11 54
1000 15432 700400019 11 61
1000 15432 700400020 12 55
1000 15432 700400021 11 52
1000 15432 700400022 11 52
1000 15432 700400023 10 57
1000 15432 700200000 11 59
1000 15432 700200001 12 60
1000 15432 700200002 11 63
1000 15432 700200003 12 58
1000 15432 700200004 11 57
1000 15432 700200005 11 63
1000 15432 700200006 12 58
1000 15432 700200007 12 58
1000 15432 700200008 12 59
1000 15432 700200009 13 61
1000 15432 700200010 11 58
1000 15432 700200011 11 57
1000 15432 700200012 11 56
1000 15432 700200013 11 57
1000 15432 700200014 11 53
1000 15432 700200015 11 55
1000 15432 700200016 11 52
1000 15432 700200017 11 61
1000 15432 700200018 11 61
1000 15432 700200019 11 57
1000 15432 700200020 10 62
1000 15432 700200021 11 67
1000 15432 700200022 11 61
1000 15432 700200023 12 54
