25000 4321 320230816 77 300
25000 4321 320230817 76 310
25000 4321 320330816 74 302
25000 4321 320330817 76 308
25000 4321 320430816 78 301
25000 4321 320430817 77 304
25000 4321 320530816 77 315
25000 4321 320530817 75 313
25000 4321 320830816 74 301
25000 4321 320830817 75 311
25000 4321 320630816 75 306
25000 4321 320630817 75 307
25000 4321 320730816 75 317
25000 4321 320730817 76 302
25000 4321 320930816 77 304
25000 4321 320930817 77 311
25000 4321 321130816 75 305
25000 4321 321130817 76 306
25000 4321 321030816 77 307
25000 4321 321030817 76 313
25000 4321 321230816 77 311
25000 4321 321230817 75 307
25000 4321 321330816 77 301
25000 4321 321330817 77 314
