400 2413 280100000 8 36
400 2413 280100001 9 33
400 2413 280100002 8 34
400 2413 280100003 8 35
400 2413 280100004 8 36
400 2413 280100005 9 39
400 2413 280100006 8 35
400 2413 280100007 9 34
400 2413 280100008 9 37
400 2413 280100009 8 35
400 2413 280100010 9 35
400 2413 280100011 9 34
400 2413 280100012 9 36
400 2413 280100013 8 35
400 2413 280100014 8 38
400 2413 280100015 9 39
400 2413 280100016 9 33
400 2413 280100017 8 35
400 2413 280100018 9 35
400 2413 280100019 8 32
400 2413 280100020 8 37
400 2413 280100021 8 33
400 2413 280100022 8 35
400 2413 280100023 8 33
400 2413 280200000 7 38
400 2413 280200001 10 38
400 2413 280200002 10 37
400 2413 280200003 9 33
400 2413 280200004 9 39
400 2413 280200005 9 34
400 2413 280200006 8 37
400 2413 280200007 8 35
400 2413 280200008 9 33
400 2413 280200009 9 35
400 2413 280200010 9 35
400 2413 280200011 8 35
400 2413 280200012 9 37
400 2413 280200013 7 34
400 2413 280200014 8 39
400 2413 280200015 9 35
400 2413 280200016 9 37
400 2413 280200017 8 33
400 2413 280200018 8 33
400 2413 280200019 9 35
400 2413 280200020 9 38
400 2413 280200021 9 36
400 2413 280200022 8 34
400 2413 280200023 9 34
400 2413 280300000 9 35
400 2413 280300001 8 37
400 2413 280300002 8 40
400 2413 280300003 9 37
400 2413 280300004 9 37
400 2413 280300005 9 35
400 2413 280300006 9 35
400 2413 280300007 9 36
400 2413 280300008 8 34
400 2413 280300009 9 36
400 2413 280300010 8 34
400 2413 280300011 8 33
400 2413 280300012 7 38
400 2413 280300013 9 37
400 2413 280300014 8 34
400 2413 280300015 9 37
400 2413 280300016 8 36
400 2413 280300017 8 37
400 2413 280300018 8 36
400 2413 280300019 8 34
400 2413 280300020 9 36
400 2413 280300021 8 37
400 2413 280300022 9 36
400 2413 280300023 9 35
400 2413 280400000 9 39
400 2413 280400001 8 35
400 2413 280400002 9 34
400 2413 280400003 9 35
400 2413 280400004 9 34
400 2413 280400005 9 32
400 2413 280400006 8 32
400 2413 280400007 9 36
400 2413 280400008 8 35
400 2413 280400009 9 35
400 2413 280400010 9 34
400 2413 280400011 8 35
400 2413 280400012 9 35
400 2413 280400013 9 40
400 2413 280400014 9 37
400 2413 280400015 9 34
400 2413 280400016 9 35
400 2413 280400017 8 33
400 2413 280400018 9 41
400 2413 280400019 8 36
400 2413 280400020 7 35
400 2413 280400021 9 40
400 2413 280400022 8 35
400 2413 280400023 8 35
