25000 21453 320330816 61 302
25000 21453 320330817 62 308
25000 21453 320230816 60 300
25000 21453 320230817 60 310
25000 21453 320430816 63 301
25000 21453 320430817 61 304
25000 21453 320530816 62 315
25000 21453 320530817 61 313
25000 21453 320630816 61 306
25000 21453 320630817 62 307
25000 21453 320830816 62 301
25000 21453 320830817 61 311
25000 21453 320730816 61 317
25000 21453 320730817 62 302
25000 21453 320930816 62 304
25000 21453 320930817 60 311
25000 21453 321030816 62 307
25000 21453 321030817 61 313
25000 21453 321130816 61 305
25000 21453 321130817 62 306
25000 21453 321230816 61 311
25000 21453 321230817 62 307
25000 21453 321330816 61 301
25000 21453 321330817 62 314
