1000 3412 700200000 14 59
1000 3412 700200001 13 60
1000 3412 700200002 14 63
1000 3412 700200003 15 58
1000 3412 700200004 15 57
1000 3412 700200005 15 63
1000 3412 700200006 15 58
1000 3412 700200007 14 58
1000 3412 700200008 14 59
1000 3412 700200009 14 61
1000 3412 700200010 14 58
1000 3412 700200011 14 57
1000 3412 700200012 15 56
1000 3412 700200013 14 57
1000 3412 700200014 13 53
1000 3412 700200015 14 55
1000 3412 700200016 13 52
1000 3412 700200017 13 61
1000 3412 700200018 14 61
1000 3412 700200019 15 57
1000 3412 700200020 14 62
1000 3412 700200021 14 67
1000 3412 700200022 14 61
1000 3412 700200023 14 54
1000 3412 700100000 14 59
1000 3412 700100001 14 58
1000 3412 700100002 15 55
1000 3412 700100003 15 59
1000 3412 700100004 14 58
1000 3412 700100005 15 56
1000 3412 700100006 15 60
1000 3412 700100007 14 59
1000 3412 700100008 14 59
1000 3412 700100009 13 55
1000 3412 700100010 14 62
1000 3412 700100011 15 59
1000 3412 700100012 14 59
1000 3412 700100013 14 61
1000 3412 700100014 13 54
1000 3412 700100015 14 54
1000 3412 700100016 14 56
1000 3412 700100017 15 59
1000 3412 700100018 14 58
1000 3412 700100019 13 56
1000 3412 700100020 14 56
1000 3412 700100021 14 61
1000 3412 700100022 15 56
1000 3412 700100023 15 60
1000 3412 700400000 15 59
1000 3412 700400001 15 56
1000 3412 700400002 16 60
1000 3412 700400003 14 53
1000 3412 700400004 13 58
1000 3412 700400005 14 58
1000 3412 700400006 14 59
1000 3412 700400007 14 56
1000 3412 700400008 15 56
1000 3412 700400009 14 55
1000 3412 700400010 15 61
1000 3412 700400011 15 61
1000 3412 700400012 13 62
1000 3412 700400013 15 62
1000 3412 700400014 15 59
1000 3412 700400015 14 58
1000 3412 700400016 15 58
1000 3412 700400017 14 54
1000 3412 700400018 13 54
1000 3412 700400019 15 61
1000 3412 700400020 15 55
1000 3412 700400021 13 52
1000 3412 700400022 13 52
1000 3412 700400023 13 57
1000 3412 700300000 14 63
1000 3412 700300001 14 58
1000 3412 700300002 15 57
1000 3412 700300003 15 54
1000 3412 700300004 15 60
1000 3412 700300005 13 55
1000 3412 700300006 15 59
1000 3412 700300007 14 60
1000 3412 700300008 15 65
1000 3412 700300009 14 57
1000 3412 700300010 14 57
1000 3412 700300011 15 60
1000 3412 700300012 14 60
1000 3412 700300013 13 57
1000 3412 700300014 15 57
1000 3412 700300015 13 56
1000 3412 700300016 15 54
1000 3412 700300017 15 65
1000 3412 700300018 15 62
1000 3412 700300019 15 58
1000 3412 700300020 15 59
1000 3412 700300021 14 58
1000 3412 700300022 14 56
1000 3412 700300023 16 62
