400 12345 280100000 7 36
400 12345 280100001 6 33
400 12345 280100002 6 34
400 12345 280100003 7 35
400 12345 280100004 7 36
400 12345 280100005 7 39
400 12345 280100006 7 35
400 12345 280100007 6 34
400 12345 280100008 7 37
400 12345 280100009 7 35
400 12345 280100010 7 35
400 12345 280100011 6 34
400 12345 280100012 7 36
400 12345 280100013 7 35
400 12345 280100014 7 38
400 12345 280100015 7 39
400 12345 280100016 6 33
400 12345 280100017 7 35
400 12345 280100018 7 35
400 12345 280100019 6 32
400 12345 280100020 7 37
400 12345 280100021 6 33
400 12345 280100022 7 35
400 12345 280100023 6 33
400 12345 280200000 7 38
400 12345 280200001 7 38
400 12345 280200002 7 37
400 12345 280200003 6 33
400 12345 280200004 7 39
400 12345 280200005 6 34
400 12345 280200006 7 37
400 12345 280200007 7 35
400 12345 280200008 6 33
400 12345 280200009 7 35
400 12345 280200010 7 35
400 12345 280200011 7 35
400 12345 280200012 7 37
400 12345 280200013 6 34
400 12345 280200014 7 39
400 12345 280200015 7 35
400 12345 280200016 7 37
400 12345 280200017 6 33
400 12345 280200018 6 33
400 12345 280200019 7 35
400 12345 280200020 7 38
400 12345 280200021 7 36
400 12345 280200022 6 34
400 12345 280200023 6 34
400 12345 280300000 7 35
400 12345 280300001 7 37
400 12345 280300002 8 40
400 12345 280300003 7 37
400 12345 280300004 7 37
400 12345 280300005 7 35
400 12345 280300006 7 35
400 12345 280300007 7 36
400 12345 280300008 6 34
400 12345 280300009 7 36
400 12345 280300010 6 34
400 12345 280300011 6 33
400 12345 280300012 7 38
400 12345 280300013 7 37
400 12345 280300014 6 34
400 12345 280300015 7 37
400 12345 280300016 7 36
400 12345 280300017 7 37
400 12345 280300018 7 36
400 12345 280300019 6 34
400 12345 280300020 7 36
400 12345 280300021 7 37
400 12345 280300022 7 36
400 12345 280300023 7 35
400 12345 280400000 7 39
400 12345 280400001 7 35
400 12345 280400002 6 34
400 12345 280400003 7 35
400 12345 280400004 6 34
400 12345 280400005 6 32
400 12345 280400006 6 32
400 12345 280400007 7 36
400 12345 280400008 7 35
400 12345 280400009 7 35
400 12345 280400010 6 34
400 12345 280400011 7 35
400 12345 280400012 7 35
400 12345 280400013 8 40
400 12345 280400014 7 37
400 12345 280400015 6 34
400 12345 280400016 7 35
400 12345 280400017 6 33
400 12345 280400018 8 41
400 12345 280400019 7 36
400 12345 280400020 7 35
400 12345 280400021 8 40
400 12345 280400022 7 35
400 12345 280400023 7 35
