10000 2413 -1589734592 49 192
10000 2413 -1589734591 47 188
10000 2413 -1589734590 48 189
10000 2413 -1589734589 48 185
10000 2413 -1589734588 47 194
10000 2413 -1589734587 46 188
10000 2413 -1589734586 49 197
10000 2413 -1589734585 47 191
10000 2413 -1589834592 48 195
10000 2413 -1589834591 48 201
10000 2413 -1589834590 48 198
10000 2413 -1589834589 48 192
10000 2413 -1589834588 49 188
10000 2413 -1589834587 47 195
10000 2413 -1589834586 49 196
10000 2413 -1589834585 48 190
10000 2413 -1589634592 48 195
10000 2413 -1589634591 48 192
10000 2413 -1589634590 47 189
10000 2413 -1589634589 47 193
10000 2413 -1589634588 46 192
10000 2413 -1589634587 50 203
10000 2413 -1589634586 48 186
10000 2413 -1589634585 48 195
10000 2413 -1589534592 47 194
10000 2413 -1589534591 47 189
10000 2413 -1589534590 48 193
10000 2413 -1589534589 47 186
10000 2413 -1589534588 46 190
10000 2413 -1589534587 47 188
10000 2413 -1589534586 48 185
10000 2413 -1589534585 48 187
10000 2413 -1589334592 48 197
10000 2413 -1589334591 49 190
10000 2413 -1589334590 47 195
10000 2413 -1589334589 49 189
10000 2413 -1589334588 48 192
10000 2413 -1589334587 50 197
10000 2413 -1589334586 48 192
10000 2413 -1589334585 47 188
10000 2413 -1589434592 48 195
10000 2413 -1589434591 47 194
10000 2413 -1589434590 49 199
10000 2413 -1589434589 49 188
10000 2413 -1589434588 47 193
10000 2413 -1589434587 48 187
10000 2413 -1589434586 48 187
10000 2413 -1589434585 48 195
