400 52341 280100000 7 36
400 52341 280100001 7 33
400 52341 280100002 7 34
400 52341 280100003 7 35
400 52341 280100004 7 36
400 52341 280100005 7 39
400 52341 280100006 6 35
400 52341 280100007 6 34
400 52341 280100008 6 37
400 52341 280100009 7 35
400 52341 280100010 7 35
400 52341 280100011 7 34
400 52341 280100012 7 36
400 52341 280100013 7 35
400 52341 280100014 7 38
400 52341 280100015 6 39
400 52341 280100016 8 33
400 52341 280100017 7 35
400 52341 280100018 6 35
400 52341 280100019 6 32
400 52341 280100020 6 37
400 52341 280100021 6 33
400 52341 280100022 6 35
400 52341 280100023 7 33
400 52341 280300000 7 35
400 52341 280300001 7 37
400 52341 280300002 7 40
400 52341 280300003 7 37
400 52341 280300004 8 37
400 52341 280300005 6 35
400 52341 280300006 7 35
400 52341 280300007 7 36
400 52341 280300008 7 34
400 52341 280300009 6 36
400 52341 280300010 7 34
400 52341 280300011 7 33
400 52341 280300012 7 38
400 52341 280300013 8 37
400 52341 280300014 7 34
400 52341 280300015 6 37
400 52341 280300016 7 36
400 52341 280300017 6 37
400 52341 280300018 7 36
400 52341 280300019 7 34
400 52341 280300020 8 36
400 52341 280300021 7 37
400 52341 280300022 7 36
400 52341 280300023 6 35
400 52341 280200000 7 38
400 52341 280200001 8 38
400 52341 280200002 7 37
400 52341 280200003 6 33
400 52341 280200004 7 39
400 52341 280200005 6 34
400 52341 280200006 7 37
400 52341 280200007 7 35
400 52341 280200008 7 33
400 52341 280200009 7 35
400 52341 280200010 6 35
400 52341 280200011 7 35
400 52341 280200012 6 37
400 52341 280200013 6 34
400 52341 280200014 7 39
400 52341 280200015 7 35
400 52341 280200016 7 37
400 52341 280200017 6 33
400 52341 280200018 6 33
400 52341 280200019 7 35
400 52341 280200020 7 38
400 52341 280200021 7 36
400 52341 280200022 7 34
400 52341 280200023 7 34
400 52341 280400000 7 39
400 52341 280400001 7 35
400 52341 280400002 7 34
400 52341 280400003 7 35
400 52341 280400004 6 34
400 52341 280400005 7 32
400 52341 280400006 7 32
400 52341 280400007 7 36
400 52341 280400008 7 35
400 52341 280400009 6 35
400 52341 280400010 8 34
400 52341 280400011 7 35
400 52341 280400012 7 35
400 52341 280400013 7 40
400 52341 280400014 7 37
400 52341 280400015 7 34
400 52341 280400016 7 35
400 52341 280400017 7 33
400 52341 280400018 7 41
400 52341 280400019 7 36
400 52341 280400020 6 35
400 52341 280400021 6 40
400 52341 280400022 6 35
400 52341 280400023 7 35
