25000 2143 320230816 74 300
25000 2143 320230817 77 310
25000 2143 320330816 76 302
25000 2143 320330817 77 308
25000 2143 320430816 79 301
25000 2143 320430817 77 304
25000 2143 320530816 77 315
25000 2143 320530817 76 313
25000 2143 320630816 76 306
25000 2143 320630817 77 307
25000 2143 320730816 76 317
25000 2143 320730817 77 302
25000 2143 320830816 76 301
25000 2143 320830817 77 311
25000 2143 321030816 76 307
25000 2143 321030817 78 313
25000 2143 320930816 78 304
25000 2143 320930817 78 311
25000 2143 321130816 76 305
25000 2143 321130817 74 306
25000 2143 321230816 76 311
25000 2143 321230817 76 307
25000 2143 321330816 77 301
25000 2143 321330817 75 314
