6400 1 185132704 0 154
6400 1 185132705 0 150
6400 1 185132706 0 151
6400 1 185132707 0 155
6400 1 185132708 0 149
6400 1 185132709 0 155
6400 1 185132710 0 151
6400 1 185132711 0 155
6400 1 185132712 0 150
6400 1 185132713 0 152
6400 1 185132714 0 153
6400 1 185132715 0 154
6400 1 185132716 0 159
6400 1 185132717 0 148
6400 1 185132718 0 149
6400 1 185132719 0 151
6400 1 185232704 0 158
6400 1 185232705 0 154
6400 1 185232706 0 150
6400 1 185232707 0 154
6400 1 185232708 0 149
6400 1 185232709 0 144
6400 1 185232710 0 153
6400 1 185232711 0 151
6400 1 185232712 0 154
6400 1 185232713 0 147
6400 1 185232714 0 159
6400 1 185232715 0 155
6400 1 185232716 0 153
6400 1 185232717 0 149
6400 1 185232718 0 148
6400 1 185232719 0 153
6400 1 185332704 0 159
6400 1 185332705 0 155
6400 1 185332706 0 157
6400 1 185332707 0 156
6400 1 185332708 0 151
6400 1 185332709 0 151
6400 1 185332710 0 150
6400 1 185332711 0 148
6400 1 185332712 0 150
6400 1 185332713 0 150
6400 1 185332714 0 147
6400 1 185332715 0 150
6400 1 185332716 0 150
6400 1 185332717 0 152
6400 1 185332718 0 157
6400 1 185332719 0 154
6400 1 185432704 0 153
6400 1 185432705 0 152
6400 1 185432706 0 157
6400 1 185432707 0 150
6400 1 185432708 0 157
6400 1 185432709 0 149
6400 1 185432710 0 154
6400 1 185432711 0 154
6400 1 185432712 0 151
6400 1 185432713 0 148
6400 1 185432714 0 151
6400 1 185432715 0 155
6400 1 185432716 0 152
6400 1 185432717 0 152
6400 1 185432718 0 155
6400 1 185432719 0 154
6400 1 185532704 0 151
6400 1 185532705 0 151
6400 1 185532706 0 153
6400 1 185532707 0 153
6400 1 185532708 0 155
6400 1 185532709 0 155
6400 1 185532710 0 151
6400 1 185532711 0 154
6400 1 185532712 0 155
6400 1 185532713 0 152
6400 1 185532714 0 151
6400 1 185532715 0 154
6400 1 185532716 0 155
6400 1 185532717 0 156
6400 1 185532718 0 152
6400 1 185532719 0 155
6400 1 185632704 0 148
6400 1 185632705 0 150
6400 1 185632706 0 153
6400 1 185632707 0 155
6400 1 185632708 0 159
6400 1 185632709 0 157
6400 1 185632710 0 154
6400 1 185632711 0 151
6400 1 185632712 0 154
6400 1 185632713 0 148
6400 1 185632714 0 152
6400 1 185632715 0 146
6400 1 185632716 0 149
6400 1 185632717 0 149
6400 1 185632718 0 152
6400 1 185632719 0 152
