6400 1243 185232704 39 158
6400 1243 185232705 37 154
6400 1243 185232706 38 150
6400 1243 185232707 38 154
6400 1243 185232708 38 149
6400 1243 185232709 36 144
6400 1243 185232710 38 153
6400 1243 185232711 39 151
6400 1243 185232712 38 154
6400 1243 185232713 38 147
6400 1243 185232714 37 159
6400 1243 185232715 39 155
6400 1243 185232716 38 153
6400 1243 185232717 38 149
6400 1243 185232718 37 148
6400 1243 185232719 37 153
6400 1243 185132704 37 154
6400 1243 185132705 37 150
6400 1243 185132706 38 151
6400 1243 185132707 39 155
6400 1243 185132708 37 149
6400 1243 185132709 38 155
6400 1243 185132710 38 151
6400 1243 185132711 37 155
6400 1243 185132712 39 150
6400 1243 185132713 38 152
6400 1243 185132714 39 153
6400 1243 185132715 40 154
6400 1243 185132716 40 159
6400 1243 185132717 37 148
6400 1243 185132718 37 149
6400 1243 185132719 38 151
6400 1243 185332704 38 159
6400 1243 185332705 36 155
6400 1243 185332706 38 157
6400 1243 185332707 39 156
6400 1243 185332708 37 151
6400 1243 185332709 36 151
6400 1243 185332710 38 150
6400 1243 185332711 38 148
6400 1243 185332712 37 150
6400 1243 185332713 39 150
6400 1243 185332714 38 147
6400 1243 185332715 37 150
6400 1243 185332716 37 150
6400 1243 185332717 39 152
6400 1243 185332718 38 157
6400 1243 185332719 38 154
6400 1243 185432704 40 153
6400 1243 185432705 36 152
6400 1243 185432706 38 157
6400 1243 185432707 38 150
6400 1243 185432708 37 157
6400 1243 185432709 36 149
6400 1243 185432710 38 154
6400 1243 185432711 38 154
6400 1243 185432712 37 151
6400 1243 185432713 37 148
6400 1243 185432714 37 151
6400 1243 185432715 39 155
6400 1243 185432716 37 152
6400 1243 185432717 38 152
6400 1243 185432718 38 155
6400 1243 185432719 37 154
6400 1243 185532704 38 151
6400 1243 185532705 37 151
6400 1243 185532706 40 153
6400 1243 185532707 37 153
6400 1243 185532708 39 155
6400 1243 185532709 38 155
6400 1243 185532710 37 151
6400 1243 185532711 39 154
6400 1243 185532712 39 155
6400 1243 185532713 39 152
6400 1243 185532714 39 151
6400 1243 185532715 38 154
6400 1243 185532716 38 155
6400 1243 185532717 39 156
6400 1243 185532718 36 152
6400 1243 185532719 39 155
6400 1243 185632704 37 148
6400 1243 185632705 37 150
6400 1243 185632706 37 153
6400 1243 185632707 38 155
6400 1243 185632708 38 159
6400 1243 185632709 38 157
6400 1243 185632710 37 154
6400 1243 185632711 39 151
6400 1243 185632712 39 154
6400 1243 185632713 37 148
6400 1243 185632714 37 152
6400 1243 185632715 39 146
6400 1243 185632716 38 149
6400 1243 185632717 37 149
6400 1243 185632718 38 152
6400 1243 185632719 37 152
