1000 21543 700400000 12 59
1000 21543 700400001 11 56
1000 21543 700400002 11 60
1000 21543 700400003 11 53
1000 21543 700400004 11 58
1000 21543 700400005 11 58
1000 21543 700400006 12 59
1000 21543 700400007 11 56
1000 21543 700400008 12 56
1000 21543 700400009 12 55
1000 21543 700400010 11 61
1000 21543 700400011 10 61
1000 21543 700400012 11 62
1000 21543 700400013 11 62
1000 21543 700400014 12 59
1000 21543 700400015 11 58
1000 21543 700400016 11 58
1000 21543 700400017 11 54
1000 21543 700400018 10 54
1000 21543 700400019 11 61
1000 21543 700400020 11 55
1000 21543 700400021 10 52
1000 21543 700400022 11 52
1000 21543 700400023 12 57
1000 21543 700100000 11 59
1000 21543 700100001 11 58
1000 21543 700100002 12 55
1000 21543 700100003 12 59
1000 21543 700100004 11 58
1000 21543 700100005 12 56
1000 21543 700100006 11 60
1000 21543 700100007 11 59
1000 21543 700100008 12 59
1000 21543 700100009 12 55
1000 21543 700100010 11 62
1000 21543 700100011 11 59
1000 21543 700100012 11 59
1000 21543 700100013 11 61
1000 21543 700100014 11 54
1000 21543 700100015 11 54
1000 21543 700100016 12 56
1000 21543 700100017 11 59
1000 21543 700100018 11 58
1000 21543 700100019 12 56
1000 21543 700100020 11 56
1000 21543 700100021 10 61
1000 21543 700100022 12 56
1000 21543 700100023 11 60
1000 21543 700200000 11 59
1000 21543 700200001 12 60
1000 21543 700200002 11 63
1000 21543 700200003 11 58
1000 21543 700200004 10 57
1000 21543 700200005 12 63
1000 21543 700200006 12 58
1000 21543 700200007 11 58
1000 21543 700200008 11 59
1000 21543 700200009 11 61
1000 21543 700200010 12 58
1000 21543 700200011 11 57
1000 21543 700200012 10 56
1000 21543 700200013 11 57
1000 21543 700200014 11 53
1000 21543 700200015 11 55
1000 21543 700200016 11 52
1000 21543 700200017 11 61
1000 21543 700200018 10 61
1000 21543 700200019 12 57
1000 21543 700200020 11 62
1000 21543 700200021 12 67
1000 21543 700200022 11 61
1000 21543 700200023 12 54
1000 21543 700300000 11 63
1000 21543 700300001 11 58
1000 21543 700300002 11 57
1000 21543 700300003 11 54
1000 21543 700300004 11 60
1000 21543 700300005 10 55
1000 21543 700300006 11 59
1000 21543 700300007 12 60
1000 21543 700300008 10 65
1000 21543 700300009 12 57
1000 21543 700300010 10 57
1000 21543 700300011 11 60
1000 21543 700300012 11 60
1000 21543 700300013 10 57
1000 21543 700300014 11 57
1000 21543 700300015 11 56
1000 21543 700300016 12 54
1000 21543 700300017 11 65
1000 21543 700300018 11 62
1000 21543 700300019 11 58
1000 21543 700300020 11 59
1000 21543 700300021 11 58
1000 21543 700300022 11 56
1000 21543 700300023 13 62
