1000 45231 700300000 11 63
1000 45231 700300001 10 58
1000 45231 700300002 12 57
1000 45231 700300003 12 54
1000 45231 700300004 12 60
1000 45231 700300005 11 55
1000 45231 700300006 12 59
1000 45231 700300007 11 60
1000 45231 700300008 12 65
1000 45231 700300009 11 57
1000 45231 700300010 12 57
1000 45231 700300011 11 60
1000 45231 700300012 11 60
1000 45231 700300013 10 57
1000 45231 700300014 10 57
1000 45231 700300015 11 56
1000 45231 700300016 12 54
1000 45231 700300017 12 65
1000 45231 700300018 11 62
1000 45231 700300019 11 58
1000 45231 700300020 11 59
1000 45231 700300021 11 58
1000 45231 700300022 10 56
1000 45231 700300023 11 62
1000 45231 700100000 11 59
1000 45231 700100001 11 58
1000 45231 700100002 12 55
1000 45231 700100003 11 59
1000 45231 700100004 12 58
1000 45231 700100005 11 56
1000 45231 700100006 11 60
1000 45231 700100007 12 59
1000 45231 700100008 12 59
1000 45231 700100009 11 55
1000 45231 700100010 12 62
1000 45231 700100011 12 59
1000 45231 700100012 11 59
1000 45231 700100013 11 61
1000 45231 700100014 11 54
1000 45231 700100015 11 54
1000 45231 700100016 11 56
1000 45231 700100017 11 59
1000 45231 700100018 12 58
1000 45231 700100019 11 56
1000 45231 700100020 11 56
1000 45231 700100021 11 61
1000 45231 700100022 11 56
1000 45231 700100023 12 60
1000 45231 700200000 11 59
1000 45231 700200001 11 60
1000 45231 700200002 11 63
1000 45231 700200003 12 58
1000 45231 700200004 11 57
1000 45231 700200005 12 63
1000 45231 700200006 12 58
1000 45231 700200007 12 58
1000 45231 700200008 12 59
1000 45231 700200009 12 61
1000 45231 700200010 11 58
1000 45231 700200011 11 57
1000 45231 700200012 11 56
1000 45231 700200013 11 57
1000 45231 700200014 11 53
1000 45231 700200015 12 55
1000 45231 700200016 11 52
1000 45231 700200017 12 61
1000 45231 700200018 11 61
1000 45231 700200019 12 57
1000 45231 700200020 12 62
1000 45231 700200021 11 67
1000 45231 700200022 11 61
1000 45231 700200023 11 54
1000 45231 700400000 12 59
1000 45231 700400001 11 56
1000 45231 700400002 11 60
1000 45231 700400003 10 53
1000 45231 700400004 12 58
1000 45231 700400005 12 58
1000 45231 700400006 10 59
1000 45231 700400007 12 56
1000 45231 700400008 12 56
1000 45231 700400009 11 55
1000 45231 700400010 12 61
1000 45231 700400011 11 61
1000 45231 700400012 11 62
1000 45231 700400013 12 62
1000 45231 700400014 11 59
1000 45231 700400015 11 58
1000 45231 700400016 12 58
1000 45231 700400017 12 54
1000 45231 700400018 11 54
1000 45231 700400019 12 61
1000 45231 700400020 11 55
1000 45231 700400021 11 52
1000 45231 700400022 11 52
1000 45231 700400023 10 57
