25000 21354 320230816 61 300
25000 21354 320230817 60 310
25000 21354 320330816 60 302
25000 21354 320330817 61 308
25000 21354 320430816 63 301
25000 21354 320430817 61 304
25000 21354 320530816 61 315
25000 21354 320530817 60 313
25000 21354 320630816 60 306
25000 21354 320630817 62 307
25000 21354 320730816 62 317
25000 21354 320730817 61 302
25000 21354 320830816 60 301
25000 21354 320830817 62 311
25000 21354 320930816 62 304
25000 21354 320930817 61 311
25000 21354 321130816 60 305
25000 21354 321130817 63 306
25000 21354 321030816 61 307
25000 21354 321030817 61 313
25000 21354 321230816 60 311
25000 21354 321230817 61 307
25000 21354 321330816 60 301
25000 21354 321330817 62 314
