2500 4231 1750200000 23 93
2500 4231 1750200001 23 97
2500 4231 1750200002 22 95
2500 4231 1750200003 24 94
2500 4231 1750200004 25 96
2500 4231 1750200005 23 99
2500 4231 1750200006 23 94
2500 4231 1750200007 24 95
2500 4231 1750200008 23 94
2500 4231 1750200009 24 101
2500 4231 1750200010 23 94
2500 4231 1750200011 23 94
2500 4231 1750200012 23 100
2500 4231 1750200013 24 93
2500 4231 1750200014 23 97
2500 4231 1750200015 24 89
2500 4231 1750200016 24 96
2500 4231 1750200017 23 93
2500 4231 1750200018 22 89
2500 4231 1750200019 23 95
2500 4231 1750200020 23 97
2500 4231 1750200021 24 89
2500 4231 1750200022 22 99
2500 4231 1750200023 23 95
2500 4231 1750300000 24 95
2500 4231 1750300001 23 97
2500 4231 1750300002 24 98
2500 4231 1750300003 22 91
2500 4231 1750300004 24 98
2500 4231 1750300005 22 94
2500 4231 1750300006 23 94
2500 4231 1750300007 25 95
2500 4231 1750300008 24 94
2500 4231 1750300009 24 93
2500 4231 1750300010 23 88
2500 4231 1750300011 24 92
2500 4231 1750300012 24 94
2500 4231 1750300013 23 94
2500 4231 1750300014 21 89
2500 4231 1750300015 23 93
2500 4231 1750300016 23 91
2500 4231 1750300017 22 91
2500 4231 1750300018 24 94
2500 4231 1750300019 23 93
2500 4231 1750300020 22 95
2500 4231 1750300021 22 93
2500 4231 1750300022 23 97
2500 4231 1750300023 22 90
2500 4231 1750100000 24 97
2500 4231 1750100001 23 92
2500 4231 1750100002 23 101
2500 4231 1750100003 22 94
2500 4231 1750100004 23 94
2500 4231 1750100005 22 92
2500 4231 1750100006 22 95
2500 4231 1750100007 24 98
2500 4231 1750100008 23 98
2500 4231 1750100009 25 91
2500 4231 1750100010 23 96
2500 4231 1750100011 25 95
2500 4231 1750100012 24 96
2500 4231 1750100013 23 94
2500 4231 1750100014 24 94
2500 4231 1750100015 23 90
2500 4231 1750100016 24 96
2500 4231 1750100017 23 94
2500 4231 1750100018 23 90
2500 4231 1750100019 22 89
2500 4231 1750100020 23 95
2500 4231 1750100021 23 96
2500 4231 1750100022 23 94
2500 4231 1750100023 22 93
2500 4231 1750400000 23 98
2500 4231 1750400001 23 95
2500 4231 1750400002 23 97
2500 4231 1750400003 23 93
2500 4231 1750400004 23 91
2500 4231 1750400005 23 97
2500 4231 1750400006 23 93
2500 4231 1750400007 24 95
2500 4231 1750400008 23 94
2500 4231 1750400009 24 91
2500 4231 1750400010 24 98
2500 4231 1750400011 24 99
2500 4231 1750400012 23 93
2500 4231 1750400013 22 94
2500 4231 1750400014 24 95
2500 4231 1750400015 23 91
2500 4231 1750400016 23 93
2500 4231 1750400017 22 90
2500 4231 1750400018 23 94
2500 4231 1750400019 24 93
2500 4231 1750400020 23 90
2500 4231 1750400021 22 96
2500 4231 1750400022 23 95
2500 4231 1750400023 24 96
