25000 13254 320330816 61 302
25000 13254 320330817 61 308
25000 13254 320230816 60 300
25000 13254 320230817 61 310
25000 13254 320430816 63 301
25000 13254 320430817 61 304
25000 13254 320530816 62 315
25000 13254 320530817 61 313
25000 13254 320630816 60 306
25000 13254 320630817 63 307
25000 13254 320730816 63 317
25000 13254 320730817 61 302
25000 13254 320830816 61 301
25000 13254 320830817 62 311
25000 13254 320930816 62 304
25000 13254 320930817 61 311
25000 13254 321030816 61 307
25000 13254 321030817 61 313
25000 13254 321130816 60 305
25000 13254 321130817 63 306
25000 13254 321230816 61 311
25000 13254 321230817 60 307
25000 13254 321330816 61 301
25000 13254 321330817 62 314
