10000 3421 -1589834592 50 195
10000 3421 -1589834591 49 201
10000 3421 -1589834590 49 198
10000 3421 -1589834589 50 192
10000 3421 -1589834588 49 188
10000 3421 -1589834587 48 195
10000 3421 -1589834586 48 196
10000 3421 -1589834585 48 190
10000 3421 -1589734592 49 192
10000 3421 -1589734591 47 188
10000 3421 -1589734590 48 189
10000 3421 -1589734589 48 185
10000 3421 -1589734588 47 194
10000 3421 -1589734587 48 188
10000 3421 -1589734586 49 197
10000 3421 -1589734585 48 191
10000 3421 -1589634592 46 195
10000 3421 -1589634591 48 192
10000 3421 -1589634590 46 189
10000 3421 -1589634589 47 193
10000 3421 -1589634588 48 192
10000 3421 -1589634587 50 203
10000 3421 -1589634586 47 186
10000 3421 -1589634585 49 195
10000 3421 -1589534592 47 194
10000 3421 -1589534591 49 189
10000 3421 -1589534590 47 193
10000 3421 -1589534589 49 186
10000 3421 -1589534588 48 190
10000 3421 -1589534587 49 188
10000 3421 -1589534586 47 185
10000 3421 -1589534585 49 187
10000 3421 -1589434592 49 195
10000 3421 -1589434591 48 194
10000 3421 -1589434590 48 199
10000 3421 -1589434589 48 188
10000 3421 -1589434588 47 193
10000 3421 -1589434587 46 187
10000 3421 -1589434586 48 187
10000 3421 -1589434585 50 195
10000 3421 -1589334592 49 197
10000 3421 -1589334591 48 190
10000 3421 -1589334590 47 195
10000 3421 -1589334589 48 189
10000 3421 -1589334588 47 192
10000 3421 -1589334587 50 197
10000 3421 -1589334586 47 192
10000 3421 -1589334585 48 188
