1000 21354 700100000 10 59
1000 21354 700100001 11 58
1000 21354 700100002 11 55
1000 21354 700100003 12 59
1000 21354 700100004 11 58
1000 21354 700100005 12 56
1000 21354 700100006 12 60
1000 21354 700100007 12 59
1000 21354 700100008 12 59
1000 21354 700100009 11 55
1000 21354 700100010 12 62
1000 21354 700100011 11 59
1000 21354 700100012 12 59
1000 21354 700100013 12 61
1000 21354 700100014 11 54
1000 21354 700100015 11 54
1000 21354 700100016 11 56
1000 21354 700100017 11 59
1000 21354 700100018 11 58
1000 21354 700100019 11 56
1000 21354 700100020 10 56
1000 21354 700100021 10 61
1000 21354 700100022 11 56
1000 21354 700100023 12 60
1000 21354 700200000 11 59
1000 21354 700200001 12 60
1000 21354 700200002 12 63
1000 21354 700200003 11 58
1000 21354 700200004 11 57
1000 21354 700200005 12 63
1000 21354 700200006 11 58
1000 21354 700200007 11 58
1000 21354 700200008 11 59
1000 21354 700200009 12 61
1000 21354 700200010 10 58
1000 21354 700200011 11 57
1000 21354 700200012 11 56
1000 21354 700200013 11 57
1000 21354 700200014 11 53
1000 21354 700200015 11 55
1000 21354 700200016 11 52
1000 21354 700200017 12 61
1000 21354 700200018 11 61
1000 21354 700200019 12 57
1000 21354 700200020 12 62
1000 21354 700200021 12 67
1000 21354 700200022 11 61
1000 21354 700200023 11 54
1000 21354 700300000 11 63
1000 21354 700300001 11 58
1000 21354 700300002 11 57
1000 21354 700300003 10 54
1000 21354 700300004 12 60
1000 21354 700300005 10 55
1000 21354 700300006 12 59
1000 21354 700300007 12 60
1000 21354 700300008 12 65
1000 21354 700300009 12 57
1000 21354 700300010 10 57
1000 21354 700300011 10 60
1000 21354 700300012 12 60
1000 21354 700300013 11 57
1000 21354 700300014 11 57
1000 21354 700300015 11 56
1000 21354 700300016 11 54
1000 21354 700300017 11 65
1000 21354 700300018 11 62
1000 21354 700300019 12 58
1000 21354 700300020 11 59
1000 21354 700300021 12 58
1000 21354 700300022 11 56
1000 21354 700300023 12 62
1000 21354 700400000 12 59
1000 21354 700400001 11 56
1000 21354 700400002 12 60
1000 21354 700400003 10 53
1000 21354 700400004 11 58
1000 21354 700400005 11 58
1000 21354 700400006 11 59
1000 21354 700400007 11 56
1000 21354 700400008 11 56
1000 21354 700400009 12 55
1000 21354 700400010 12 61
1000 21354 700400011 11 61
1000 21354 700400012 11 62
1000 21354 700400013 12 62
1000 21354 700400014 12 59
1000 21354 700400015 11 58
1000 21354 700400016 11 58
1000 21354 700400017 11 54
1000 21354 700400018 11 54
1000 21354 700400019 11 61
1000 21354 700400020 11 55
1000 21354 700400021 11 52
1000 21354 700400022 12 52
1000 21354 700400023 11 57
