1000 35142 700200000 12 59
1000 35142 700200001 11 60
1000 35142 700200002 11 63
1000 35142 700200003 11 58
1000 35142 700200004 11 57
1000 35142 700200005 12 63
1000 35142 700200006 11 58
1000 35142 700200007 12 58
1000 35142 700200008 12 59
1000 35142 700200009 11 61
1000 35142 700200010 11 58
1000 35142 700200011 11 57
1000 35142 700200012 12 56
1000 35142 700200013 11 57
1000 35142 700200014 11 53
1000 35142 700200015 12 55
1000 35142 700200016 11 52
1000 35142 700200017 11 61
1000 35142 700200018 11 61
1000 35142 700200019 12 57
1000 35142 700200020 11 62
1000 35142 700200021 12 67
1000 35142 700200022 11 61
1000 35142 700200023 11 54
1000 35142 700100000 10 59
1000 35142 700100001 11 58
1000 35142 700100002 11 55
1000 35142 700100003 11 59
1000 35142 700100004 11 58
1000 35142 700100005 12 56
1000 35142 700100006 12 60
1000 35142 700100007 11 59
1000 35142 700100008 11 59
1000 35142 700100009 12 55
1000 35142 700100010 11 62
1000 35142 700100011 11 59
1000 35142 700100012 11 59
1000 35142 700100013 11 61
1000 35142 700100014 11 54
1000 35142 700100015 11 54
1000 35142 700100016 11 56
1000 35142 700100017 12 59
1000 35142 700100018 12 58
1000 35142 700100019 12 56
1000 35142 700100020 11 56
1000 35142 700100021 12 61
1000 35142 700100022 11 56
1000 35142 700100023 12 60
1000 35142 700400000 11 59
1000 35142 700400001 11 56
1000 35142 700400002 11 60
1000 35142 700400003 11 53
1000 35142 700400004 12 58
1000 35142 700400005 12 58
1000 35142 700400006 12 59
1000 35142 700400007 11 56
1000 35142 700400008 11 56
1000 35142 700400009 11 55
1000 35142 700400010 12 61
1000 35142 700400011 11 61
1000 35142 700400012 11 62
1000 35142 700400013 11 62
1000 35142 700400014 12 59
1000 35142 700400015 11 58
1000 35142 700400016 11 58
1000 35142 700400017 11 54
1000 35142 700400018 11 54
1000 35142 700400019 11 61
1000 35142 700400020 11 55
1000 35142 700400021 10 52
1000 35142 700400022 10 52
1000 35142 700400023 11 57
1000 35142 700300000 11 63
1000 35142 700300001 11 58
1000 35142 700300002 11 57
1000 35142 700300003 12 54
1000 35142 700300004 11 60
1000 35142 700300005 11 55
1000 35142 700300006 11 59
1000 35142 700300007 12 60
1000 35142 700300008 11 65
1000 35142 700300009 11 57
1000 35142 700300010 12 57
1000 35142 700300011 11 60
1000 35142 700300012 11 60
1000 35142 700300013 11 57
1000 35142 700300014 11 57
1000 35142 700300015 11 56
1000 35142 700300016 11 54
1000 35142 700300017 10 65
1000 35142 700300018 11 62
1000 35142 700300019 11 58
1000 35142 700300020 11 59
1000 35142 700300021 11 58
1000 35142 700300022 11 56
1000 35142 700300023 11 62
