25000 34512 320230816 60 300
25000 34512 320230817 62 310
25000 34512 320330816 60 302
25000 34512 320330817 62 308
25000 34512 320430816 62 301
25000 34512 320430817 60 304
25000 34512 320530816 63 315
25000 34512 320530817 62 313
25000 34512 320630816 61 306
25000 34512 320630817 62 307
25000 34512 320730816 61 317
25000 34512 320730817 60 302
25000 34512 320830816 60 301
25000 34512 320830817 62 311
25000 34512 320930816 62 304
25000 34512 320930817 62 311
25000 34512 321030816 62 307
25000 34512 321030817 62 313
25000 34512 321130816 61 305
25000 34512 321130817 63 306
25000 34512 321230816 62 311
25000 34512 321230817 62 307
25000 34512 321330816 61 301
25000 34512 321330817 63 314
