2500 4321 1750100000 25 97
2500 4321 1750100001 23 92
2500 4321 1750100002 24 101
2500 4321 1750100003 24 94
2500 4321 1750100004 24 94
2500 4321 1750100005 23 92
2500 4321 1750100006 23 95
2500 4321 1750100007 23 98
2500 4321 1750100008 23 98
2500 4321 1750100009 24 91
2500 4321 1750100010 22 96
2500 4321 1750100011 24 95
2500 4321 1750100012 24 96
2500 4321 1750100013 23 94
2500 4321 1750100014 23 94
2500 4321 1750100015 24 90
2500 4321 1750100016 24 96
2500 4321 1750100017 23 94
2500 4321 1750100018 23 90
2500 4321 1750100019 23 89
2500 4321 1750100020 22 95
2500 4321 1750100021 23 96
2500 4321 1750100022 23 94
2500 4321 1750100023 23 93
2500 4321 1750200000 24 93
2500 4321 1750200001 23 97
2500 4321 1750200002 23 95
2500 4321 1750200003 22 94
2500 4321 1750200004 22 96
2500 4321 1750200005 23 99
2500 4321 1750200006 22 94
2500 4321 1750200007 24 95
2500 4321 1750200008 22 94
2500 4321 1750200009 24 101
2500 4321 1750200010 24 94
2500 4321 1750200011 22 94
2500 4321 1750200012 22 100
2500 4321 1750200013 23 93
2500 4321 1750200014 23 97
2500 4321 1750200015 22 89
2500 4321 1750200016 24 96
2500 4321 1750200017 23 93
2500 4321 1750200018 23 89
2500 4321 1750200019 22 95
2500 4321 1750200020 23 97
2500 4321 1750200021 23 89
2500 4321 1750200022 22 99
2500 4321 1750200023 22 95
2500 4321 1750300000 24 95
2500 4321 1750300001 23 97
2500 4321 1750300002 24 98
2500 4321 1750300003 22 91
2500 4321 1750300004 22 98
2500 4321 1750300005 23 94
2500 4321 1750300006 23 94
2500 4321 1750300007 22 95
2500 4321 1750300008 23 94
2500 4321 1750300009 26 93
2500 4321 1750300010 24 88
2500 4321 1750300011 25 92
2500 4321 1750300012 23 94
2500 4321 1750300013 22 94
2500 4321 1750300014 22 89
2500 4321 1750300015 23 93
2500 4321 1750300016 24 91
2500 4321 1750300017 22 91
2500 4321 1750300018 24 94
2500 4321 1750300019 22 93
2500 4321 1750300020 24 95
2500 4321 1750300021 23 93
2500 4321 1750300022 23 97
2500 4321 1750300023 22 90
2500 4321 1750400000 23 98
2500 4321 1750400001 23 95
2500 4321 1750400002 24 97
2500 4321 1750400003 22 93
2500 4321 1750400004 24 91
2500 4321 1750400005 23 97
2500 4321 1750400006 25 93
2500 4321 1750400007 23 95
2500 4321 1750400008 23 94
2500 4321 1750400009 22 91
2500 4321 1750400010 23 98
2500 4321 1750400011 23 99
2500 4321 1750400012 23 93
2500 4321 1750400013 23 94
2500 4321 1750400014 24 95
2500 4321 1750400015 22 91
2500 4321 1750400016 24 93
2500 4321 1750400017 24 90
2500 4321 1750400018 22 94
2500 4321 1750400019 23 93
2500 4321 1750400020 22 90
2500 4321 1750400021 22 96
2500 4321 1750400022 24 95
2500 4321 1750400023 23 96
