6400 1324 185132704 37 154
6400 1324 185132705 37 150
6400 1324 185132706 38 151
6400 1324 185132707 38 155
6400 1324 185132708 38 149
6400 1324 185132709 38 155
6400 1324 185132710 38 151
6400 1324 185132711 37 155
6400 1324 185132712 39 150
6400 1324 185132713 37 152
6400 1324 185132714 39 153
6400 1324 185132715 40 154
6400 1324 185132716 40 159
6400 1324 185132717 37 148
6400 1324 185132718 38 149
6400 1324 185132719 38 151
6400 1324 185232704 40 158
6400 1324 185232705 37 154
6400 1324 185232706 39 150
6400 1324 185232707 38 154
6400 1324 185232708 38 149
6400 1324 185232709 36 144
6400 1324 185232710 38 153
6400 1324 185232711 39 151
6400 1324 185232712 38 154
6400 1324 185232713 39 147
6400 1324 185232714 38 159
6400 1324 185232715 38 155
6400 1324 185232716 38 153
6400 1324 185232717 38 149
6400 1324 185232718 36 148
6400 1324 185232719 36 153
6400 1324 185432704 40 153
6400 1324 185432705 36 152
6400 1324 185432706 37 157
6400 1324 185432707 38 150
6400 1324 185432708 37 157
6400 1324 185432709 36 149
6400 1324 185432710 38 154
6400 1324 185432711 38 154
6400 1324 185432712 37 151
6400 1324 185432713 37 148
6400 1324 185432714 36 151
6400 1324 185432715 39 155
6400 1324 185432716 37 152
6400 1324 185432717 38 152
6400 1324 185432718 38 155
6400 1324 185432719 38 154
6400 1324 185332704 38 159
6400 1324 185332705 36 155
6400 1324 185332706 38 157
6400 1324 185332707 40 156
6400 1324 185332708 37 151
6400 1324 185332709 36 151
6400 1324 185332710 38 150
6400 1324 185332711 37 148
6400 1324 185332712 37 150
6400 1324 185332713 39 150
6400 1324 185332714 38 147
6400 1324 185332715 37 150
6400 1324 185332716 37 150
6400 1324 185332717 39 152
6400 1324 185332718 38 157
6400 1324 185332719 37 154
6400 1324 185532704 38 151
6400 1324 185532705 37 151
6400 1324 185532706 39 153
6400 1324 185532707 37 153
6400 1324 185532708 39 155
6400 1324 185532709 37 155
6400 1324 185532710 38 151
6400 1324 185532711 38 154
6400 1324 185532712 39 155
6400 1324 185532713 39 152
6400 1324 185532714 38 151
6400 1324 185532715 37 154
6400 1324 185532716 38 155
6400 1324 185532717 39 156
6400 1324 185532718 36 152
6400 1324 185532719 39 155
6400 1324 185632704 37 148
6400 1324 185632705 38 150
6400 1324 185632706 38 153
6400 1324 185632707 38 155
6400 1324 185632708 39 159
6400 1324 185632709 38 157
6400 1324 185632710 36 154
6400 1324 185632711 38 151
6400 1324 185632712 39 154
6400 1324 185632713 38 148
6400 1324 185632714 37 152
6400 1324 185632715 39 146
6400 1324 185632716 38 149
6400 1324 185632717 37 149
6400 1324 185632718 37 152
6400 1324 185632719 38 152
