6400 25341 185132704 32 154
6400 25341 185132705 31 150
6400 25341 185132706 30 151
6400 25341 185132707 31 155
6400 25341 185132708 31 149
6400 25341 185132709 30 155
6400 25341 185132710 30 151
6400 25341 185132711 30 155
6400 25341 185132712 30 150
6400 25341 185132713 32 152
6400 25341 185132714 29 153
6400 25341 185132715 32 154
6400 25341 185132716 31 159
6400 25341 185132717 30 148
6400 25341 185132718 29 149
6400 25341 185132719 29 151
6400 25341 185232704 30 158
6400 25341 185232705 31 154
6400 25341 185232706 30 150
6400 25341 185232707 30 154
6400 25341 185232708 31 149
6400 25341 185232709 30 144
6400 25341 185232710 31 153
6400 25341 185232711 30 151
6400 25341 185232712 31 154
6400 25341 185232713 30 147
6400 25341 185232714 30 159
6400 25341 185232715 31 155
6400 25341 185232716 30 153
6400 25341 185232717 31 149
6400 25341 185232718 30 148
6400 25341 185232719 30 153
6400 25341 185432704 31 153
6400 25341 185432705 30 152
6400 25341 185432706 30 157
6400 25341 185432707 31 150
6400 25341 185432708 30 157
6400 25341 185432709 29 149
6400 25341 185432710 30 154
6400 25341 185432711 31 154
6400 25341 185432712 30 151
6400 25341 185432713 30 148
6400 25341 185432714 30 151
6400 25341 185432715 31 155
6400 25341 185432716 30 152
6400 25341 185432717 29 152
6400 25341 185432718 32 155
6400 25341 185432719 31 154
6400 25341 185332704 33 159
6400 25341 185332705 30 155
6400 25341 185332706 30 157
6400 25341 185332707 31 156
6400 25341 185332708 31 151
6400 25341 185332709 31 151
6400 25341 185332710 31 150
6400 25341 185332711 30 148
6400 25341 185332712 31 150
6400 25341 185332713 30 150
6400 25341 185332714 30 147
6400 25341 185332715 32 150
6400 25341 185332716 31 150
6400 25341 185332717 31 152
6400 25341 185332718 30 157
6400 25341 185332719 31 154
6400 25341 185532704 31 151
6400 25341 185532705 30 151
6400 25341 185532706 30 153
6400 25341 185532707 31 153
6400 25341 185532708 32 155
6400 25341 185532709 31 155
6400 25341 185532710 30 151
6400 25341 185532711 30 154
6400 25341 185532712 30 155
6400 25341 185532713 32 152
6400 25341 185532714 31 151
6400 25341 185532715 30 154
6400 25341 185532716 31 155
6400 25341 185532717 31 156
6400 25341 185532718 32 152
6400 25341 185532719 30 155
6400 25341 185632704 30 148
6400 25341 185632705 30 150
6400 25341 185632706 30 153
6400 25341 185632707 31 155
6400 25341 185632708 30 159
6400 25341 185632709 31 157
6400 25341 185632710 30 154
6400 25341 185632711 30 151
6400 25341 185632712 32 154
6400 25341 185632713 31 148
6400 25341 185632714 31 152
6400 25341 185632715 30 146
6400 25341 185632716 30 149
6400 25341 185632717 30 149
6400 25341 185632718 31 152
6400 25341 185632719 30 152
