25000 3421 320230816 78 300
25000 3421 320230817 77 310
25000 3421 320330816 75 302
25000 3421 320330817 75 308
25000 3421 320430816 78 301
25000 3421 320430817 77 304
25000 3421 320530816 76 315
25000 3421 320530817 78 313
25000 3421 320730816 77 317
25000 3421 320730817 77 302
25000 3421 320630816 75 306
25000 3421 320630817 76 307
25000 3421 320830816 74 301
25000 3421 320830817 79 311
25000 3421 320930816 77 304
25000 3421 320930817 76 311
25000 3421 321030816 76 307
25000 3421 321030817 78 313
25000 3421 321130816 76 305
25000 3421 321130817 77 306
25000 3421 321230816 79 311
25000 3421 321230817 75 307
25000 3421 321330816 77 301
25000 3421 321330817 78 314
