1000 13425 700100000 10 59
1000 13425 700100001 11 58
1000 13425 700100002 11 55
1000 13425 700100003 11 59
1000 13425 700100004 11 58
1000 13425 700100005 11 56
1000 13425 700100006 11 60
1000 13425 700100007 11 59
1000 13425 700100008 12 59
1000 13425 700100009 11 55
1000 13425 700100010 12 62
1000 13425 700100011 11 59
1000 13425 700100012 12 59
1000 13425 700100013 12 61
1000 13425 700100014 10 54
1000 13425 700100015 11 54
1000 13425 700100016 11 56
1000 13425 700100017 11 59
1000 13425 700100018 11 58
1000 13425 700100019 11 56
1000 13425 700100020 11 56
1000 13425 700100021 11 61
1000 13425 700100022 11 56
1000 13425 700100023 11 60
1000 13425 700300000 13 63
1000 13425 700300001 11 58
1000 13425 700300002 11 57
1000 13425 700300003 10 54
1000 13425 700300004 12 60
1000 13425 700300005 11 55
1000 13425 700300006 11 59
1000 13425 700300007 12 60
1000 13425 700300008 12 65
1000 13425 700300009 11 57
1000 13425 700300010 11 57
1000 13425 700300011 11 60
1000 13425 700300012 11 60
1000 13425 700300013 11 57
1000 13425 700300014 11 57
1000 13425 700300015 11 56
1000 13425 700300016 11 54
1000 13425 700300017 11 65
1000 13425 700300018 12 62
1000 13425 700300019 12 58
1000 13425 700300020 11 59
1000 13425 700300021 12 58
1000 13425 700300022 11 56
1000 13425 700300023 12 62
1000 13425 700400000 12 59
1000 13425 700400001 11 56
1000 13425 700400002 11 60
1000 13425 700400003 10 53
1000 13425 700400004 11 58
1000 13425 700400005 11 58
1000 13425 700400006 11 59
1000 13425 700400007 11 56
1000 13425 700400008 11 56
1000 13425 700400009 11 55
1000 13425 700400010 12 61
1000 13425 700400011 12 61
1000 13425 700400012 12 62
1000 13425 700400013 11 62
1000 13425 700400014 11 59
1000 13425 700400015 11 58
1000 13425 700400016 12 58
1000 13425 700400017 10 54
1000 13425 700400018 11 54
1000 13425 700400019 11 61
1000 13425 700400020 11 55
1000 13425 700400021 10 52
1000 13425 700400022 10 52
1000 13425 700400023 11 57
1000 13425 700200000 11 59
1000 13425 700200001 11 60
1000 13425 700200002 12 63
1000 13425 700200003 11 58
1000 13425 700200004 11 57
1000 13425 700200005 12 63
1000 13425 700200006 11 58
1000 13425 700200007 11 58
1000 13425 700200008 12 59
1000 13425 700200009 12 61
1000 13425 700200010 11 58
1000 13425 700200011 11 57
1000 13425 700200012 11 56
1000 13425 700200013 11 57
1000 13425 700200014 11 53
1000 13425 700200015 12 55
1000 13425 700200016 11 52
1000 13425 700200017 12 61
1000 13425 700200018 12 61
1000 13425 700200019 11 57
1000 13425 700200020 12 62
1000 13425 700200021 12 67
1000 13425 700200022 12 61
1000 13425 700200023 10 54
