25000 21 320230816 149 300
25000 21 320230817 154 310
25000 21 320430816 158 301
25000 21 320430817 155 304
25000 21 320730816 153 317
25000 21 320730817 155 302
25000 21 320930816 156 304
25000 21 320930817 156 311
25000 21 320530816 154 315
25000 21 320530817 153 313
25000 21 320830816 153 301
25000 21 320830817 154 311
25000 21 320630816 153 306
25000 21 320630817 154 307
25000 21 321030816 153 307
25000 21 321030817 156 313
25000 21 320330816 152 302
25000 21 320330817 155 308
25000 21 321130816 152 305
25000 21 321130817 149 306
25000 21 321230816 153 311
25000 21 321230817 153 307
25000 21 321330816 155 301
25000 21 321330817 151 314
