6400 14352 185232704 31 158
6400 14352 185232705 31 154
6400 14352 185232706 31 150
6400 14352 185232707 30 154
6400 14352 185232708 31 149
6400 14352 185232709 29 144
6400 14352 185232710 30 153
6400 14352 185232711 31 151
6400 14352 185232712 30 154
6400 14352 185232713 30 147
6400 14352 185232714 30 159
6400 14352 185232715 31 155
6400 14352 185232716 31 153
6400 14352 185232717 31 149
6400 14352 185232718 29 148
6400 14352 185232719 30 153
6400 14352 185132704 31 154
6400 14352 185132705 31 150
6400 14352 185132706 31 151
6400 14352 185132707 30 155
6400 14352 185132708 31 149
6400 14352 185132709 30 155
6400 14352 185132710 30 151
6400 14352 185132711 31 155
6400 14352 185132712 31 150
6400 14352 185132713 31 152
6400 14352 185132714 30 153
6400 14352 185132715 32 154
6400 14352 185132716 31 159
6400 14352 185132717 32 148
6400 14352 185132718 30 149
6400 14352 185132719 31 151
6400 14352 185332704 31 159
6400 14352 185332705 29 155
6400 14352 185332706 30 157
6400 14352 185332707 31 156
6400 14352 185332708 31 151
6400 14352 185332709 30 151
6400 14352 185332710 31 150
6400 14352 185332711 31 148
6400 14352 185332712 31 150
6400 14352 185332713 31 150
6400 14352 185332714 30 147
6400 14352 185332715 30 150
6400 14352 185332716 30 150
6400 14352 185332717 30 152
6400 14352 185332718 30 157
6400 14352 185332719 30 154
6400 14352 185432704 32 153
6400 14352 185432705 29 152
6400 14352 185432706 30 157
6400 14352 185432707 29 150
6400 14352 185432708 29 157
6400 14352 185432709 30 149
6400 14352 185432710 30 154
6400 14352 185432711 31 154
6400 14352 185432712 30 151
6400 14352 185432713 31 148
6400 14352 185432714 31 151
6400 14352 185432715 30 155
6400 14352 185432716 29 152
6400 14352 185432717 29 152
6400 14352 185432718 30 155
6400 14352 185432719 30 154
6400 14352 185532704 31 151
6400 14352 185532705 30 151
6400 14352 185532706 32 153
6400 14352 185532707 30 153
6400 14352 185532708 32 155
6400 14352 185532709 31 155
6400 14352 185532710 31 151
6400 14352 185532711 31 154
6400 14352 185532712 31 155
6400 14352 185532713 30 152
6400 14352 185532714 31 151
6400 14352 185532715 31 154
6400 14352 185532716 30 155
6400 14352 185532717 31 156
6400 14352 185532718 30 152
6400 14352 185532719 30 155
6400 14352 185632704 31 148
6400 14352 185632705 31 150
6400 14352 185632706 30 153
6400 14352 185632707 30 155
6400 14352 185632708 31 159
6400 14352 185632709 31 157
6400 14352 185632710 30 154
6400 14352 185632711 30 151
6400 14352 185632712 31 154
6400 14352 185632713 29 148
6400 14352 185632714 31 152
6400 14352 185632715 29 146
6400 14352 185632716 30 149
6400 14352 185632717 31 149
6400 14352 185632718 29 152
6400 14352 185632719 31 152
