1000 35412 700100000 11 59
1000 35412 700100001 12 58
1000 35412 700100002 11 55
1000 35412 700100003 11 59
1000 35412 700100004 11 58
1000 35412 700100005 13 56
1000 35412 700100006 12 60
1000 35412 700100007 11 59
1000 35412 700100008 12 59
1000 35412 700100009 12 55
1000 35412 700100010 12 62
1000 35412 700100011 11 59
1000 35412 700100012 12 59
1000 35412 700100013 12 61
1000 35412 700100014 10 54
1000 35412 700100015 12 54
1000 35412 700100016 11 56
1000 35412 700100017 12 59
1000 35412 700100018 12 58
1000 35412 700100019 12 56
1000 35412 700100020 11 56
1000 35412 700100021 11 61
1000 35412 700100022 12 56
1000 35412 700100023 10 60
1000 35412 700200000 11 59
1000 35412 700200001 11 60
1000 35412 700200002 11 63
1000 35412 700200003 12 58
1000 35412 700200004 12 57
1000 35412 700200005 12 63
1000 35412 700200006 12 58
1000 35412 700200007 12 58
1000 35412 700200008 12 59
1000 35412 700200009 12 61
1000 35412 700200010 11 58
1000 35412 700200011 11 57
1000 35412 700200012 12 56
1000 35412 700200013 11 57
1000 35412 700200014 11 53
1000 35412 700200015 11 55
1000 35412 700200016 10 52
1000 35412 700200017 12 61
1000 35412 700200018 11 61
1000 35412 700200019 11 57
1000 35412 700200020 11 62
1000 35412 700200021 11 67
1000 35412 700200022 11 61
1000 35412 700200023 11 54
1000 35412 700400000 11 59
1000 35412 700400001 11 56
1000 35412 700400002 11 60
1000 35412 700400003 11 53
1000 35412 700400004 11 58
1000 35412 700400005 11 58
1000 35412 700400006 11 59
1000 35412 700400007 12 56
1000 35412 700400008 11 56
1000 35412 700400009 11 55
1000 35412 700400010 12 61
1000 35412 700400011 12 61
1000 35412 700400012 11 62
1000 35412 700400013 11 62
1000 35412 700400014 12 59
1000 35412 700400015 12 58
1000 35412 700400016 11 58
1000 35412 700400017 11 54
1000 35412 700400018 12 54
1000 35412 700400019 12 61
1000 35412 700400020 11 55
1000 35412 700400021 12 52
1000 35412 700400022 11 52
1000 35412 700400023 10 57
1000 35412 700300000 11 63
1000 35412 700300001 10 58
1000 35412 700300002 11 57
1000 35412 700300003 11 54
1000 35412 700300004 12 60
1000 35412 700300005 11 55
1000 35412 700300006 12 59
1000 35412 700300007 12 60
1000 35412 700300008 13 65
1000 35412 700300009 11 57
1000 35412 700300010 11 57
1000 35412 700300011 11 60
1000 35412 700300012 11 60
1000 35412 700300013 11 57
1000 35412 700300014 11 57
1000 35412 700300015 11 56
1000 35412 700300016 11 54
1000 35412 700300017 12 65
1000 35412 700300018 11 62
1000 35412 700300019 12 58
1000 35412 700300020 12 59
1000 35412 700300021 12 58
1000 35412 700300022 11 56
1000 35412 700300023 12 62
