2500 3412 1750100000 24 97
2500 3412 1750100001 23 92
2500 3412 1750100002 24 101
2500 3412 1750100003 23 94
2500 3412 1750100004 24 94
2500 3412 1750100005 24 92
2500 3412 1750100006 23 95
2500 3412 1750100007 23 98
2500 3412 1750100008 25 98
2500 3412 1750100009 23 91
2500 3412 1750100010 24 96
2500 3412 1750100011 22 95
2500 3412 1750100012 24 96
2500 3412 1750100013 24 94
2500 3412 1750100014 23 94
2500 3412 1750100015 23 90
2500 3412 1750100016 23 96
2500 3412 1750100017 24 94
2500 3412 1750100018 23 90
2500 3412 1750100019 23 89
2500 3412 1750100020 25 95
2500 3412 1750100021 24 96
2500 3412 1750100022 23 94
2500 3412 1750100023 22 93
2500 3412 1750200000 22 93
2500 3412 1750200001 23 97
2500 3412 1750200002 23 95
2500 3412 1750200003 23 94
2500 3412 1750200004 25 96
2500 3412 1750200005 24 99
2500 3412 1750200006 24 94
2500 3412 1750200007 23 95
2500 3412 1750200008 23 94
2500 3412 1750200009 25 101
2500 3412 1750200010 23 94
2500 3412 1750200011 22 94
2500 3412 1750200012 23 100
2500 3412 1750200013 24 93
2500 3412 1750200014 23 97
2500 3412 1750200015 23 89
2500 3412 1750200016 23 96
2500 3412 1750200017 24 93
2500 3412 1750200018 23 89
2500 3412 1750200019 24 95
2500 3412 1750200020 24 97
2500 3412 1750200021 23 89
2500 3412 1750200022 24 99
2500 3412 1750200023 25 95
2500 3412 1750300000 24 95
2500 3412 1750300001 22 97
2500 3412 1750300002 25 98
2500 3412 1750300003 22 91
2500 3412 1750300004 25 98
2500 3412 1750300005 23 94
2500 3412 1750300006 22 94
2500 3412 1750300007 23 95
2500 3412 1750300008 24 94
2500 3412 1750300009 24 93
2500 3412 1750300010 24 88
2500 3412 1750300011 23 92
2500 3412 1750300012 23 94
2500 3412 1750300013 23 94
2500 3412 1750300014 22 89
2500 3412 1750300015 23 93
2500 3412 1750300016 24 91
2500 3412 1750300017 23 91
2500 3412 1750300018 24 94
2500 3412 1750300019 24 93
2500 3412 1750300020 22 95
2500 3412 1750300021 22 93
2500 3412 1750300022 23 97
2500 3412 1750300023 23 90
2500 3412 1750400000 25 98
2500 3412 1750400001 24 95
2500 3412 1750400002 22 97
2500 3412 1750400003 22 93
2500 3412 1750400004 23 91
2500 3412 1750400005 24 97
2500 3412 1750400006 23 93
2500 3412 1750400007 23 95
2500 3412 1750400008 23 94
2500 3412 1750400009 22 91
2500 3412 1750400010 24 98
2500 3412 1750400011 24 99
2500 3412 1750400012 23 93
2500 3412 1750400013 24 94
2500 3412 1750400014 24 95
2500 3412 1750400015 24 91
2500 3412 1750400016 22 93
2500 3412 1750400017 22 90
2500 3412 1750400018 23 94
2500 3412 1750400019 24 93
2500 3412 1750400020 23 90
2500 3412 1750400021 23 96
2500 3412 1750400022 23 95
2500 3412 1750400023 24 96
