2500 1342 1750400000 24 98
2500 1342 1750400001 22 95
2500 1342 1750400002 24 97
2500 1342 1750400003 23 93
2500 1342 1750400004 23 91
2500 1342 1750400005 23 97
2500 1342 1750400006 23 93
2500 1342 1750400007 22 95
2500 1342 1750400008 24 94
2500 1342 1750400009 21 91
2500 1342 1750400010 24 98
2500 1342 1750400011 24 99
2500 1342 1750400012 26 93
2500 1342 1750400013 23 94
2500 1342 1750400014 23 95
2500 1342 1750400015 22 91
2500 1342 1750400016 23 93
2500 1342 1750400017 23 90
2500 1342 1750400018 23 94
2500 1342 1750400019 23 93
2500 1342 1750400020 24 90
2500 1342 1750400021 25 96
2500 1342 1750400022 23 95
2500 1342 1750400023 23 96
2500 1342 1750100000 25 97
2500 1342 1750100001 23 92
2500 1342 1750100002 25 101
2500 1342 1750100003 25 94
2500 1342 1750100004 25 94
2500 1342 1750100005 23 92
2500 1342 1750100006 23 95
2500 1342 1750100007 23 98
2500 1342 1750100008 24 98
2500 1342 1750100009 23 91
2500 1342 1750100010 23 96
2500 1342 1750100011 22 95
2500 1342 1750100012 24 96
2500 1342 1750100013 23 94
2500 1342 1750100014 23 94
2500 1342 1750100015 23 90
2500 1342 1750100016 24 96
2500 1342 1750100017 24 94
2500 1342 1750100018 21 90
2500 1342 1750100019 23 89
2500 1342 1750100020 23 95
2500 1342 1750100021 24 96
2500 1342 1750100022 23 94
2500 1342 1750100023 24 93
2500 1342 1750200000 23 93
2500 1342 1750200001 23 97
2500 1342 1750200002 23 95
2500 1342 1750200003 22 94
2500 1342 1750200004 24 96
2500 1342 1750200005 24 99
2500 1342 1750200006 23 94
2500 1342 1750200007 23 95
2500 1342 1750200008 23 94
2500 1342 1750200009 24 101
2500 1342 1750200010 24 94
2500 1342 1750200011 24 94
2500 1342 1750200012 23 100
2500 1342 1750200013 22 93
2500 1342 1750200014 23 97
2500 1342 1750200015 23 89
2500 1342 1750200016 23 96
2500 1342 1750200017 24 93
2500 1342 1750200018 22 89
2500 1342 1750200019 23 95
2500 1342 1750200020 24 97
2500 1342 1750200021 23 89
2500 1342 1750200022 25 99
2500 1342 1750200023 24 95
2500 1342 1750300000 24 95
2500 1342 1750300001 23 97
2500 1342 1750300002 24 98
2500 1342 1750300003 22 91
2500 1342 1750300004 24 98
2500 1342 1750300005 22 94
2500 1342 1750300006 23 94
2500 1342 1750300007 25 95
2500 1342 1750300008 24 94
2500 1342 1750300009 24 93
2500 1342 1750300010 22 88
2500 1342 1750300011 24 92
2500 1342 1750300012 23 94
2500 1342 1750300013 23 94
2500 1342 1750300014 22 89
2500 1342 1750300015 23 93
2500 1342 1750300016 24 91
2500 1342 1750300017 23 91
2500 1342 1750300018 24 94
2500 1342 1750300019 23 93
2500 1342 1750300020 23 95
2500 1342 1750300021 23 93
2500 1342 1750300022 23 97
2500 1342 1750300023 23 90
