25000 2413 320230816 77 300
25000 2413 320230817 77 310
25000 2413 320330816 75 302
25000 2413 320330817 75 308
25000 2413 320430816 77 301
25000 2413 320430817 78 304
25000 2413 320730816 77 317
25000 2413 320730817 78 302
25000 2413 320530816 77 315
25000 2413 320530817 78 313
25000 2413 320630816 77 306
25000 2413 320630817 78 307
25000 2413 320830816 76 301
25000 2413 320830817 78 311
25000 2413 320930816 77 304
25000 2413 320930817 75 311
25000 2413 321030816 77 307
25000 2413 321030817 78 313
25000 2413 321130816 76 305
25000 2413 321130817 80 306
25000 2413 321230816 76 311
25000 2413 321230817 77 307
25000 2413 321330816 78 301
25000 2413 321330817 79 314
