25000 25431 320230816 60 300
25000 25431 320230817 61 310
25000 25431 320330816 61 302
25000 25431 320330817 61 308
25000 25431 320430816 62 301
25000 25431 320430817 61 304
25000 25431 320630816 61 306
25000 25431 320630817 61 307
25000 25431 320530816 63 315
25000 25431 320530817 61 313
25000 25431 320730816 62 317
25000 25431 320730817 60 302
25000 25431 320830816 60 301
25000 25431 320830817 61 311
25000 25431 320930816 62 304
25000 25431 320930817 61 311
25000 25431 321130816 60 305
25000 25431 321130817 62 306
25000 25431 321030816 61 307
25000 25431 321030817 62 313
25000 25431 321230816 64 311
25000 25431 321230817 62 307
25000 25431 321330816 62 301
25000 25431 321330817 64 314
