10000 53421 -1589834592 38 195
10000 53421 -1589834591 38 201
10000 53421 -1589834590 39 198
10000 53421 -1589834589 38 192
10000 53421 -1589834588 38 188
10000 53421 -1589834587 37 195
10000 53421 -1589834586 38 196
10000 53421 -1589834585 38 190
10000 53421 -1589734592 38 192
10000 53421 -1589734591 37 188
10000 53421 -1589734590 38 189
10000 53421 -1589734589 39 185
10000 53421 -1589734588 38 194
10000 53421 -1589734587 38 188
10000 53421 -1589734586 39 197
10000 53421 -1589734585 39 191
10000 53421 -1589634592 37 195
10000 53421 -1589634591 37 192
10000 53421 -1589634590 38 189
10000 53421 -1589634589 38 193
10000 53421 -1589634588 39 192
10000 53421 -1589634587 38 203
10000 53421 -1589634586 38 186
10000 53421 -1589634585 38 195
10000 53421 -1589534592 37 194
10000 53421 -1589534591 38 189
10000 53421 -1589534590 38 193
10000 53421 -1589534589 39 186
10000 53421 -1589534588 38 190
10000 53421 -1589534587 38 188
10000 53421 -1589534586 37 185
10000 53421 -1589534585 38 187
10000 53421 -1589434592 39 195
10000 53421 -1589434591 39 194
10000 53421 -1589434590 38 199
10000 53421 -1589434589 39 188
10000 53421 -1589434588 38 193
10000 53421 -1589434587 37 187
10000 53421 -1589434586 38 187
10000 53421 -1589434585 40 195
10000 53421 -1589334592 38 197
10000 53421 -1589334591 38 190
10000 53421 -1589334590 38 195
10000 53421 -1589334589 38 189
10000 53421 -1589334588 37 192
10000 53421 -1589334587 39 197
10000 53421 -1589334586 38 192
10000 53421 -1589334585 39 188
