1000 32541 700100000 11 59
1000 32541 700100001 11 58
1000 32541 700100002 12 55
1000 32541 700100003 12 59
1000 32541 700100004 11 58
1000 32541 700100005 13 56
1000 32541 700100006 13 60
1000 32541 700100007 12 59
1000 32541 700100008 11 59
1000 32541 700100009 11 55
1000 32541 700100010 12 62
1000 32541 700100011 12 59
1000 32541 700100012 12 59
1000 32541 700100013 13 61
1000 32541 700100014 11 54
1000 32541 700100015 12 54
1000 32541 700100016 12 56
1000 32541 700100017 11 59
1000 32541 700100018 11 58
1000 32541 700100019 12 56
1000 32541 700100020 12 56
1000 32541 700100021 10 61
1000 32541 700100022 12 56
1000 32541 700100023 11 60
1000 32541 700200000 12 59
1000 32541 700200001 11 60
1000 32541 700200002 11 63
1000 32541 700200003 12 58
1000 32541 700200004 12 57
1000 32541 700200005 12 63
1000 32541 700200006 11 58
1000 32541 700200007 11 58
1000 32541 700200008 12 59
1000 32541 700200009 11 61
1000 32541 700200010 11 58
1000 32541 700200011 12 57
1000 32541 700200012 11 56
1000 32541 700200013 11 57
1000 32541 700200014 11 53
1000 32541 700200015 11 55
1000 32541 700200016 11 52
1000 32541 700200017 12 61
1000 32541 700200018 11 61
1000 32541 700200019 11 57
1000 32541 700200020 11 62
1000 32541 700200021 11 67
1000 32541 700200022 11 61
1000 32541 700200023 11 54
1000 32541 700300000 11 63
1000 32541 700300001 11 58
1000 32541 700300002 12 57
1000 32541 700300003 12 54
1000 32541 700300004 12 60
1000 32541 700300005 11 55
1000 32541 700300006 11 59
1000 32541 700300007 11 60
1000 32541 700300008 11 65
1000 32541 700300009 11 57
1000 32541 700300010 11 57
1000 32541 700300011 11 60
1000 32541 700300012 11 60
1000 32541 700300013 11 57
1000 32541 700300014 11 57
1000 32541 700300015 11 56
1000 32541 700300016 11 54
1000 32541 700300017 11 65
1000 32541 700300018 11 62
1000 32541 700300019 11 58
1000 32541 700300020 12 59
1000 32541 700300021 12 58
1000 32541 700300022 11 56
1000 32541 700300023 12 62
1000 32541 700400000 12 59
1000 32541 700400001 11 56
1000 32541 700400002 12 60
1000 32541 700400003 11 53
1000 32541 700400004 12 58
1000 32541 700400005 11 58
1000 32541 700400006 12 59
1000 32541 700400007 12 56
1000 32541 700400008 12 56
1000 32541 700400009 11 55
1000 32541 700400010 12 61
1000 32541 700400011 11 61
1000 32541 700400012 11 62
1000 32541 700400013 11 62
1000 32541 700400014 12 59
1000 32541 700400015 12 58
1000 32541 700400016 11 58
1000 32541 700400017 12 54
1000 32541 700400018 11 54
1000 32541 700400019 12 61
1000 32541 700400020 10 55
1000 32541 700400021 11 52
1000 32541 700400022 11 52
1000 32541 700400023 11 57
