25000 12543 320330816 60 302
25000 12543 320330817 60 308
25000 12543 320230816 59 300
25000 12543 320230817 60 310
25000 12543 320430816 60 301
25000 12543 320430817 60 304
25000 12543 320530816 62 315
25000 12543 320530817 60 313
25000 12543 320630816 61 306
25000 12543 320630817 61 307
25000 12543 320730816 61 317
25000 12543 320730817 60 302
25000 12543 320830816 59 301
25000 12543 320830817 60 311
25000 12543 321130816 61 305
25000 12543 321130817 61 306
25000 12543 320930816 62 304
25000 12543 320930817 61 311
25000 12543 321030816 60 307
25000 12543 321030817 61 313
25000 12543 321230816 60 311
25000 12543 321230817 61 307
25000 12543 321330816 61 301
25000 12543 321330817 61 314
