25000 12435 320230816 61 300
25000 12435 320230817 61 310
25000 12435 320330816 62 302
25000 12435 320330817 61 308
25000 12435 320430816 61 301
25000 12435 320430817 60 304
25000 12435 320730816 63 317
25000 12435 320730817 61 302
25000 12435 320530816 61 315
25000 12435 320530817 61 313
25000 12435 320630816 61 306
25000 12435 320630817 61 307
25000 12435 320830816 60 301
25000 12435 320830817 61 311
25000 12435 320930816 62 304
25000 12435 320930817 62 311
25000 12435 321130816 60 305
25000 12435 321130817 62 306
25000 12435 321030816 61 307
25000 12435 321030817 61 313
25000 12435 321230816 62 311
25000 12435 321230817 61 307
25000 12435 321330816 61 301
25000 12435 321330817 61 314
