1000 14325 700200000 11 59
1000 14325 700200001 12 60
1000 14325 700200002 12 63
1000 14325 700200003 11 58
1000 14325 700200004 11 57
1000 14325 700200005 12 63
1000 14325 700200006 11 58
1000 14325 700200007 12 58
1000 14325 700200008 12 59
1000 14325 700200009 11 61
1000 14325 700200010 12 58
1000 14325 700200011 11 57
1000 14325 700200012 11 56
1000 14325 700200013 11 57
1000 14325 700200014 12 53
1000 14325 700200015 12 55
1000 14325 700200016 11 52
1000 14325 700200017 11 61
1000 14325 700200018 11 61
1000 14325 700200019 11 57
1000 14325 700200020 11 62
1000 14325 700200021 13 67
1000 14325 700200022 11 61
1000 14325 700200023 11 54
1000 14325 700100000 11 59
1000 14325 700100001 11 58
1000 14325 700100002 11 55
1000 14325 700100003 11 59
1000 14325 700100004 11 58
1000 14325 700100005 12 56
1000 14325 700100006 12 60
1000 14325 700100007 12 59
1000 14325 700100008 12 59
1000 14325 700100009 10 55
1000 14325 700100010 12 62
1000 14325 700100011 12 59
1000 14325 700100012 11 59
1000 14325 700100013 12 61
1000 14325 700100014 10 54
1000 14325 700100015 11 54
1000 14325 700100016 11 56
1000 14325 700100017 11 59
1000 14325 700100018 11 58
1000 14325 700100019 11 56
1000 14325 700100020 11 56
1000 14325 700100021 11 61
1000 14325 700100022 11 56
1000 14325 700100023 12 60
1000 14325 700400000 11 59
1000 14325 700400001 11 56
1000 14325 700400002 12 60
1000 14325 700400003 11 53
1000 14325 700400004 12 58
1000 14325 700400005 11 58
1000 14325 700400006 11 59
1000 14325 700400007 11 56
1000 14325 700400008 11 56
1000 14325 700400009 11 55
1000 14325 700400010 12 61
1000 14325 700400011 11 61
1000 14325 700400012 11 62
1000 14325 700400013 11 62
1000 14325 700400014 11 59
1000 14325 700400015 11 58
1000 14325 700400016 11 58
1000 14325 700400017 11 54
1000 14325 700400018 11 54
1000 14325 700400019 11 61
1000 14325 700400020 11 55
1000 14325 700400021 11 52
1000 14325 700400022 11 52
1000 14325 700400023 11 57
1000 14325 700300000 12 63
1000 14325 700300001 11 58
1000 14325 700300002 12 57
1000 14325 700300003 11 54
1000 14325 700300004 11 60
1000 14325 700300005 11 55
1000 14325 700300006 11 59
1000 14325 700300007 11 60
1000 14325 700300008 12 65
1000 14325 700300009 11 57
1000 14325 700300010 11 57
1000 14325 700300011 11 60
1000 14325 700300012 12 60
1000 14325 700300013 10 57
1000 14325 700300014 11 57
1000 14325 700300015 12 56
1000 14325 700300016 11 54
1000 14325 700300017 12 65
1000 14325 700300018 12 62
1000 14325 700300019 11 58
1000 14325 700300020 11 59
1000 14325 700300021 11 58
1000 14325 700300022 11 56
1000 14325 700300023 12 62
