6400 24513 185132704 30 154
6400 24513 185132705 31 150
6400 24513 185132706 30 151
6400 24513 185132707 30 155
6400 24513 185132708 31 149
6400 24513 185132709 30 155
6400 24513 185132710 30 151
6400 24513 185132711 31 155
6400 24513 185132712 31 150
6400 24513 185132713 31 152
6400 24513 185132714 30 153
6400 24513 185132715 33 154
6400 24513 185132716 32 159
6400 24513 185132717 30 148
6400 24513 185132718 31 149
6400 24513 185132719 31 151
6400 24513 185332704 32 159
6400 24513 185332705 30 155
6400 24513 185332706 31 157
6400 24513 185332707 32 156
6400 24513 185332708 30 151
6400 24513 185332709 30 151
6400 24513 185332710 30 150
6400 24513 185332711 30 148
6400 24513 185332712 32 150
6400 24513 185332713 30 150
6400 24513 185332714 30 147
6400 24513 185332715 30 150
6400 24513 185332716 30 150
6400 24513 185332717 31 152
6400 24513 185332718 32 157
6400 24513 185332719 31 154
6400 24513 185432704 32 153
6400 24513 185432705 30 152
6400 24513 185432706 31 157
6400 24513 185432707 31 150
6400 24513 185432708 30 157
6400 24513 185432709 29 149
6400 24513 185432710 30 154
6400 24513 185432711 31 154
6400 24513 185432712 30 151
6400 24513 185432713 30 148
6400 24513 185432714 32 151
6400 24513 185432715 31 155
6400 24513 185432716 30 152
6400 24513 185432717 30 152
6400 24513 185432718 31 155
6400 24513 185432719 31 154
6400 24513 185232704 30 158
6400 24513 185232705 30 154
6400 24513 185232706 30 150
6400 24513 185232707 30 154
6400 24513 185232708 30 149
6400 24513 185232709 30 144
6400 24513 185232710 32 153
6400 24513 185232711 30 151
6400 24513 185232712 31 154
6400 24513 185232713 30 147
6400 24513 185232714 31 159
6400 24513 185232715 31 155
6400 24513 185232716 30 153
6400 24513 185232717 31 149
6400 24513 185232718 30 148
6400 24513 185232719 31 153
6400 24513 185532704 31 151
6400 24513 185532705 31 151
6400 24513 185532706 30 153
6400 24513 185532707 31 153
6400 24513 185532708 31 155
6400 24513 185532709 29 155
6400 24513 185532710 31 151
6400 24513 185532711 31 154
6400 24513 185532712 31 155
6400 24513 185532713 31 152
6400 24513 185532714 30 151
6400 24513 185532715 31 154
6400 24513 185532716 30 155
6400 24513 185532717 31 156
6400 24513 185532718 31 152
6400 24513 185532719 31 155
6400 24513 185632704 31 148
6400 24513 185632705 31 150
6400 24513 185632706 30 153
6400 24513 185632707 31 155
6400 24513 185632708 31 159
6400 24513 185632709 31 157
6400 24513 185632710 30 154
6400 24513 185632711 31 151
6400 24513 185632712 32 154
6400 24513 185632713 29 148
6400 24513 185632714 30 152
6400 24513 185632715 29 146
6400 24513 185632716 31 149
6400 24513 185632717 31 149
6400 24513 185632718 30 152
6400 24513 185632719 31 152
