1000 1 700100000 0 59
1000 1 700100001 0 58
1000 1 700100002 0 55
1000 1 700100003 0 59
1000 1 700100004 0 58
1000 1 700100005 0 56
1000 1 700100006 0 60
1000 1 700100007 0 59
1000 1 700100008 0 59
1000 1 700100009 0 55
1000 1 700100010 0 62
1000 1 700100011 0 59
1000 1 700100012 0 59
1000 1 700100013 0 61
1000 1 700100014 0 54
1000 1 700100015 0 54
1000 1 700100016 0 56
1000 1 700100017 0 59
1000 1 700100018 0 58
1000 1 700100019 0 56
1000 1 700100020 0 56
1000 1 700100021 0 61
1000 1 700100022 0 56
1000 1 700100023 0 60
1000 1 700200000 0 59
1000 1 700200001 0 60
1000 1 700200002 0 63
1000 1 700200003 0 58
1000 1 700200004 0 57
1000 1 700200005 0 63
1000 1 700200006 0 58
1000 1 700200007 0 58
1000 1 700200008 0 59
1000 1 700200009 0 61
1000 1 700200010 0 58
1000 1 700200011 0 57
1000 1 700200012 0 56
1000 1 700200013 0 57
1000 1 700200014 0 53
1000 1 700200015 0 55
1000 1 700200016 0 52
1000 1 700200017 0 61
1000 1 700200018 0 61
1000 1 700200019 0 57
1000 1 700200020 0 62
1000 1 700200021 0 67
1000 1 700200022 0 61
1000 1 700200023 0 54
1000 1 700300000 0 63
1000 1 700300001 0 58
1000 1 700300002 0 57
1000 1 700300003 0 54
1000 1 700300004 0 60
1000 1 700300005 0 55
1000 1 700300006 0 59
1000 1 700300007 0 60
1000 1 700300008 0 65
1000 1 700300009 0 57
1000 1 700300010 0 57
1000 1 700300011 0 60
1000 1 700300012 0 60
1000 1 700300013 0 57
1000 1 700300014 0 57
1000 1 700300015 0 56
1000 1 700300016 0 54
1000 1 700300017 0 65
1000 1 700300018 0 62
1000 1 700300019 0 58
1000 1 700300020 0 59
1000 1 700300021 0 58
1000 1 700300022 0 56
1000 1 700300023 0 62
1000 1 700400000 0 59
1000 1 700400001 0 56
1000 1 700400002 0 60
1000 1 700400003 0 53
1000 1 700400004 0 58
1000 1 700400005 0 58
1000 1 700400006 0 59
1000 1 700400007 0 56
1000 1 700400008 0 56
1000 1 700400009 0 55
1000 1 700400010 0 61
1000 1 700400011 0 61
1000 1 700400012 0 62
1000 1 700400013 0 62
1000 1 700400014 0 59
1000 1 700400015 0 58
1000 1 700400016 0 58
1000 1 700400017 0 54
1000 1 700400018 0 54
1000 1 700400019 0 61
1000 1 700400020 0 55
1000 1 700400021 0 52
1000 1 700400022 0 52
1000 1 700400023 0 57
