1000 25413 700100000 10 59
1000 25413 700100001 11 58
1000 25413 700100002 11 55
1000 25413 700100003 11 59
1000 25413 700100004 11 58
1000 25413 700100005 12 56
1000 25413 700100006 13 60
1000 25413 700100007 12 59
1000 25413 700100008 12 59
1000 25413 700100009 12 55
1000 25413 700100010 12 62
1000 25413 700100011 11 59
1000 25413 700100012 11 59
1000 25413 700100013 13 61
1000 25413 700100014 11 54
1000 25413 700100015 11 54
1000 25413 700100016 12 56
1000 25413 700100017 11 59
1000 25413 700100018 11 58
1000 25413 700100019 11 56
1000 25413 700100020 11 56
1000 25413 700100021 11 61
1000 25413 700100022 12 56
1000 25413 700100023 11 60
1000 25413 700200000 11 59
1000 25413 700200001 11 60
1000 25413 700200002 11 63
1000 25413 700200003 12 58
1000 25413 700200004 11 57
1000 25413 700200005 12 63
1000 25413 700200006 11 58
1000 25413 700200007 11 58
1000 25413 700200008 12 59
1000 25413 700200009 12 61
1000 25413 700200010 12 58
1000 25413 700200011 11 57
1000 25413 700200012 12 56
1000 25413 700200013 11 57
1000 25413 700200014 12 53
1000 25413 700200015 12 55
1000 25413 700200016 11 52
1000 25413 700200017 12 61
1000 25413 700200018 11 61
1000 25413 700200019 11 57
1000 25413 700200020 12 62
1000 25413 700200021 11 67
1000 25413 700200022 11 61
1000 25413 700200023 11 54
1000 25413 700300000 12 63
1000 25413 700300001 11 58
1000 25413 700300002 11 57
1000 25413 700300003 11 54
1000 25413 700300004 12 60
1000 25413 700300005 11 55
1000 25413 700300006 11 59
1000 25413 700300007 12 60
1000 25413 700300008 12 65
1000 25413 700300009 11 57
1000 25413 700300010 11 57
1000 25413 700300011 11 60
1000 25413 700300012 12 60
1000 25413 700300013 11 57
1000 25413 700300014 11 57
1000 25413 700300015 11 56
1000 25413 700300016 11 54
1000 25413 700300017 11 65
1000 25413 700300018 11 62
1000 25413 700300019 12 58
1000 25413 700300020 11 59
1000 25413 700300021 12 58
1000 25413 700300022 11 56
1000 25413 700300023 12 62
1000 25413 700400000 12 59
1000 25413 700400001 11 56
1000 25413 700400002 12 60
1000 25413 700400003 11 53
1000 25413 700400004 11 58
1000 25413 700400005 11 58
1000 25413 700400006 11 59
1000 25413 700400007 11 56
1000 25413 700400008 12 56
1000 25413 700400009 11 55
1000 25413 700400010 12 61
1000 25413 700400011 11 61
1000 25413 700400012 11 62
1000 25413 700400013 11 62
1000 25413 700400014 11 59
1000 25413 700400015 12 58
1000 25413 700400016 11 58
1000 25413 700400017 12 54
1000 25413 700400018 12 54
1000 25413 700400019 12 61
1000 25413 700400020 11 55
1000 25413 700400021 11 52
1000 25413 700400022 12 52
1000 25413 700400023 11 57
