6400 12543 185132704 30 154
6400 12543 185132705 29 150
6400 12543 185132706 29 151
6400 12543 185132707 31 155
6400 12543 185132708 29 149
6400 12543 185132709 30 155
6400 12543 185132710 30 151
6400 12543 185132711 30 155
6400 12543 185132712 31 150
6400 12543 185132713 29 152
6400 12543 185132714 29 153
6400 12543 185132715 31 154
6400 12543 185132716 31 159
6400 12543 185132717 31 148
6400 12543 185132718 31 149
6400 12543 185132719 30 151
6400 12543 185232704 30 158
6400 12543 185232705 30 154
6400 12543 185232706 32 150
6400 12543 185232707 31 154
6400 12543 185232708 32 149
6400 12543 185232709 29 144
6400 12543 185232710 31 153
6400 12543 185232711 30 151
6400 12543 185232712 29 154
6400 12543 185232713 29 147
6400 12543 185232714 30 159
6400 12543 185232715 31 155
6400 12543 185232716 30 153
6400 12543 185232717 30 149
6400 12543 185232718 29 148
6400 12543 185232719 29 153
6400 12543 185432704 31 153
6400 12543 185432705 30 152
6400 12543 185432706 31 157
6400 12543 185432707 30 150
6400 12543 185432708 30 157
6400 12543 185432709 30 149
6400 12543 185432710 29 154
6400 12543 185432711 32 154
6400 12543 185432712 30 151
6400 12543 185432713 29 148
6400 12543 185432714 31 151
6400 12543 185432715 31 155
6400 12543 185432716 29 152
6400 12543 185432717 29 152
6400 12543 185432718 30 155
6400 12543 185432719 30 154
6400 12543 185332704 31 159
6400 12543 185332705 30 155
6400 12543 185332706 29 157
6400 12543 185332707 29 156
6400 12543 185332708 30 151
6400 12543 185332709 30 151
6400 12543 185332710 30 150
6400 12543 185332711 30 148
6400 12543 185332712 30 150
6400 12543 185332713 30 150
6400 12543 185332714 30 147
6400 12543 185332715 29 150
6400 12543 185332716 31 150
6400 12543 185332717 31 152
6400 12543 185332718 30 157
6400 12543 185332719 29 154
6400 12543 185532704 30 151
6400 12543 185532705 31 151
6400 12543 185532706 29 153
6400 12543 185532707 31 153
6400 12543 185532708 31 155
6400 12543 185532709 30 155
6400 12543 185532710 29 151
6400 12543 185532711 30 154
6400 12543 185532712 30 155
6400 12543 185532713 30 152
6400 12543 185532714 30 151
6400 12543 185532715 30 154
6400 12543 185532716 31 155
6400 12543 185532717 31 156
6400 12543 185532718 30 152
6400 12543 185532719 30 155
6400 12543 185632704 30 148
6400 12543 185632705 30 150
6400 12543 185632706 31 153
6400 12543 185632707 29 155
6400 12543 185632708 31 159
6400 12543 185632709 30 157
6400 12543 185632710 30 154
6400 12543 185632711 30 151
6400 12543 185632712 31 154
6400 12543 185632713 29 148
6400 12543 185632714 29 152
6400 12543 185632715 29 146
6400 12543 185632716 31 149
6400 12543 185632717 28 149
6400 12543 185632718 29 152
6400 12543 185632719 29 152
