6400 2413 185132704 39 154
6400 2413 185132705 37 150
6400 2413 185132706 39 151
6400 2413 185132707 38 155
6400 2413 185132708 39 149
6400 2413 185132709 40 155
6400 2413 185132710 39 151
6400 2413 185132711 38 155
6400 2413 185132712 38 150
6400 2413 185132713 39 152
6400 2413 185132714 38 153
6400 2413 185132715 40 154
6400 2413 185132716 40 159
6400 2413 185132717 38 148
6400 2413 185132718 39 149
6400 2413 185132719 38 151
6400 2413 185232704 38 158
6400 2413 185232705 39 154
6400 2413 185232706 38 150
6400 2413 185232707 39 154
6400 2413 185232708 38 149
6400 2413 185232709 37 144
6400 2413 185232710 41 153
6400 2413 185232711 39 151
6400 2413 185232712 38 154
6400 2413 185232713 38 147
6400 2413 185232714 38 159
6400 2413 185232715 39 155
6400 2413 185232716 41 153
6400 2413 185232717 39 149
6400 2413 185232718 38 148
6400 2413 185232719 39 153
6400 2413 185332704 39 159
6400 2413 185332705 37 155
6400 2413 185332706 37 157
6400 2413 185332707 38 156
6400 2413 185332708 37 151
6400 2413 185332709 37 151
6400 2413 185332710 39 150
6400 2413 185332711 39 148
6400 2413 185332712 38 150
6400 2413 185332713 38 150
6400 2413 185332714 38 147
6400 2413 185332715 39 150
6400 2413 185332716 39 150
6400 2413 185332717 39 152
6400 2413 185332718 40 157
6400 2413 185332719 39 154
6400 2413 185432704 40 153
6400 2413 185432705 37 152
6400 2413 185432706 38 157
6400 2413 185432707 38 150
6400 2413 185432708 39 157
6400 2413 185432709 37 149
6400 2413 185432710 37 154
6400 2413 185432711 38 154
6400 2413 185432712 38 151
6400 2413 185432713 37 148
6400 2413 185432714 38 151
6400 2413 185432715 40 155
6400 2413 185432716 37 152
6400 2413 185432717 39 152
6400 2413 185432718 38 155
6400 2413 185432719 39 154
6400 2413 185632704 41 148
6400 2413 185632705 37 150
6400 2413 185632706 39 153
6400 2413 185632707 39 155
6400 2413 185632708 39 159
6400 2413 185632709 41 157
6400 2413 185632710 38 154
6400 2413 185632711 40 151
6400 2413 185632712 40 154
6400 2413 185632713 38 148
6400 2413 185632714 38 152
6400 2413 185632715 38 146
6400 2413 185632716 38 149
6400 2413 185632717 39 149
6400 2413 185632718 37 152
6400 2413 185632719 37 152
6400 2413 185532704 39 151
6400 2413 185532705 37 151
6400 2413 185532706 38 153
6400 2413 185532707 38 153
6400 2413 185532708 39 155
6400 2413 185532709 37 155
6400 2413 185532710 38 151
6400 2413 185532711 39 154
6400 2413 185532712 40 155
6400 2413 185532713 40 152
6400 2413 185532714 37 151
6400 2413 185532715 38 154
6400 2413 185532716 39 155
6400 2413 185532717 39 156
6400 2413 185532718 39 152
6400 2413 185532719 38 155
