1000 1432 700100000 14 59
1000 1432 700100001 15 58
1000 1432 700100002 13 55
1000 1432 700100003 13 59
1000 1432 700100004 13 58
1000 1432 700100005 15 56
1000 1432 700100006 14 60
1000 1432 700100007 14 59
1000 1432 700100008 14 59
1000 1432 700100009 14 55
1000 1432 700100010 15 62
1000 1432 700100011 14 59
1000 1432 700100012 15 59
1000 1432 700100013 15 61
1000 1432 700100014 14 54
1000 1432 700100015 13 54
1000 1432 700100016 14 56
1000 1432 700100017 14 59
1000 1432 700100018 14 58
1000 1432 700100019 14 56
1000 1432 700100020 14 56
1000 1432 700100021 14 61
1000 1432 700100022 13 56
1000 1432 700100023 14 60
1000 1432 700200000 13 59
1000 1432 700200001 14 60
1000 1432 700200002 15 63
1000 1432 700200003 14 58
1000 1432 700200004 15 57
1000 1432 700200005 14 63
1000 1432 700200006 14 58
1000 1432 700200007 14 58
1000 1432 700200008 15 59
1000 1432 700200009 15 61
1000 1432 700200010 14 58
1000 1432 700200011 13 57
1000 1432 700200012 15 56
1000 1432 700200013 14 57
1000 1432 700200014 14 53
1000 1432 700200015 15 55
1000 1432 700200016 14 52
1000 1432 700200017 13 61
1000 1432 700200018 14 61
1000 1432 700200019 13 57
1000 1432 700200020 14 62
1000 1432 700200021 13 67
1000 1432 700200022 14 61
1000 1432 700200023 14 54
1000 1432 700300000 15 63
1000 1432 700300001 14 58
1000 1432 700300002 13 57
1000 1432 700300003 13 54
1000 1432 700300004 14 60
1000 1432 700300005 13 55
1000 1432 700300006 14 59
1000 1432 700300007 15 60
1000 1432 700300008 14 65
1000 1432 700300009 14 57
1000 1432 700300010 14 57
1000 1432 700300011 14 60
1000 1432 700300012 15 60
1000 1432 700300013 13 57
1000 1432 700300014 14 57
1000 1432 700300015 16 56
1000 1432 700300016 14 54
1000 1432 700300017 13 65
1000 1432 700300018 14 62
1000 1432 700300019 14 58
1000 1432 700300020 14 59
1000 1432 700300021 13 58
1000 1432 700300022 14 56
1000 1432 700300023 15 62
1000 1432 700400000 15 59
1000 1432 700400001 14 56
1000 1432 700400002 15 60
1000 1432 700400003 13 53
1000 1432 700400004 14 58
1000 1432 700400005 14 58
1000 1432 700400006 15 59
1000 1432 700400007 14 56
1000 1432 700400008 15 56
1000 1432 700400009 14 55
1000 1432 700400010 15 61
1000 1432 700400011 13 61
1000 1432 700400012 14 62
1000 1432 700400013 15 62
1000 1432 700400014 15 59
1000 1432 700400015 15 58
1000 1432 700400016 14 58
1000 1432 700400017 15 54
1000 1432 700400018 14 54
1000 1432 700400019 14 61
1000 1432 700400020 13 55
1000 1432 700400021 14 52
1000 1432 700400022 14 52
1000 1432 700400023 14 57
