25000 45231 320230816 61 300
25000 45231 320230817 60 310
25000 45231 320330816 61 302
25000 45231 320330817 60 308
25000 45231 320430816 62 301
25000 45231 320430817 60 304
25000 45231 320530816 63 315
25000 45231 320530817 61 313
25000 45231 320630816 61 306
25000 45231 320630817 60 307
25000 45231 320830816 59 301
25000 45231 320830817 62 311
25000 45231 320730816 61 317
25000 45231 320730817 62 302
25000 45231 320930816 62 304
25000 45231 320930817 62 311
25000 45231 321030816 61 307
25000 45231 321030817 62 313
25000 45231 321130816 60 305
25000 45231 321130817 60 306
25000 45231 321230816 61 311
25000 45231 321230817 62 307
25000 45231 321330816 61 301
25000 45231 321330817 63 314
