25000 2431 320230816 77 300
25000 2431 320230817 77 310
25000 2431 320330816 77 302
25000 2431 320330817 77 308
25000 2431 320430816 78 301
25000 2431 320430817 78 304
25000 2431 320630816 76 306
25000 2431 320630817 78 307
25000 2431 320730816 78 317
25000 2431 320730817 76 302
25000 2431 320530816 79 315
25000 2431 320530817 76 313
25000 2431 320830816 77 301
25000 2431 320830817 79 311
25000 2431 321030816 76 307
25000 2431 321030817 76 313
25000 2431 320930816 79 304
25000 2431 320930817 78 311
25000 2431 321130816 76 305
25000 2431 321130817 77 306
25000 2431 321230816 79 311
25000 2431 321230817 76 307
25000 2431 321330816 78 301
25000 2431 321330817 79 314
