400 1 280200000 0 38
400 1 280200001 0 38
400 1 280200002 0 37
400 1 280200003 0 33
400 1 280200004 0 39
400 1 280200005 0 34
400 1 280200006 0 37
400 1 280200007 0 35
400 1 280200008 0 33
400 1 280200009 0 35
400 1 280200010 0 35
400 1 280200011 0 35
400 1 280200012 0 37
400 1 280200013 0 34
400 1 280200014 0 39
400 1 280200015 0 35
400 1 280200016 0 37
400 1 280200017 0 33
400 1 280200018 0 33
400 1 280200019 0 35
400 1 280200020 0 38
400 1 280200021 0 36
400 1 280200022 0 34
400 1 280200023 0 34
400 1 280100000 0 36
400 1 280100001 0 33
400 1 280100002 0 34
400 1 280100003 0 35
400 1 280100004 0 36
400 1 280100005 0 39
400 1 280100006 0 35
400 1 280100007 0 34
400 1 280100008 0 37
400 1 280100009 0 35
400 1 280100010 0 35
400 1 280100011 0 34
400 1 280100012 0 36
400 1 280100013 0 35
400 1 280100014 0 38
400 1 280100015 0 39
400 1 280100016 0 33
400 1 280100017 0 35
400 1 280100018 0 35
400 1 280100019 0 32
400 1 280100020 0 37
400 1 280100021 0 33
400 1 280100022 0 35
400 1 280100023 0 33
400 1 280300000 0 35
400 1 280300001 0 37
400 1 280300002 0 40
400 1 280300003 0 37
400 1 280300004 0 37
400 1 280300005 0 35
400 1 280300006 0 35
400 1 280300007 0 36
400 1 280300008 0 34
400 1 280300009 0 36
400 1 280300010 0 34
400 1 280300011 0 33
400 1 280300012 0 38
400 1 280300013 0 37
400 1 280300014 0 34
400 1 280300015 0 37
400 1 280300016 0 36
400 1 280300017 0 37
400 1 280300018 0 36
400 1 280300019 0 34
400 1 280300020 0 36
400 1 280300021 0 37
400 1 280300022 0 36
400 1 280300023 0 35
400 1 280400000 0 39
400 1 280400001 0 35
400 1 280400002 0 34
400 1 280400003 0 35
400 1 280400004 0 34
400 1 280400005 0 32
400 1 280400006 0 32
400 1 280400007 0 36
400 1 280400008 0 35
400 1 280400009 0 35
400 1 280400010 0 34
400 1 280400011 0 35
400 1 280400012 0 35
400 1 280400013 0 40
400 1 280400014 0 37
400 1 280400015 0 34
400 1 280400016 0 35
400 1 280400017 0 33
400 1 280400018 0 41
400 1 280400019 0 36
400 1 280400020 0 35
400 1 280400021 0 40
400 1 280400022 0 35
400 1 280400023 0 35
