400 13254 280100000 6 36
400 13254 280100001 7 33
400 13254 280100002 7 34
400 13254 280100003 6 35
400 13254 280100004 7 36
400 13254 280100005 7 39
400 13254 280100006 7 35
400 13254 280100007 6 34
400 13254 280100008 7 37
400 13254 280100009 6 35
400 13254 280100010 7 35
400 13254 280100011 7 34
400 13254 280100012 7 36
400 13254 280100013 7 35
400 13254 280100014 8 38
400 13254 280100015 7 39
400 13254 280100016 7 33
400 13254 280100017 6 35
400 13254 280100018 8 35
400 13254 280100019 7 32
400 13254 280100020 7 37
400 13254 280100021 6 33
400 13254 280100022 7 35
400 13254 280100023 7 33
400 13254 280200000 6 38
400 13254 280200001 7 38
400 13254 280200002 7 37
400 13254 280200003 6 33
400 13254 280200004 7 39
400 13254 280200005 7 34
400 13254 280200006 6 37
400 13254 280200007 6 35
400 13254 280200008 7 33
400 13254 280200009 6 35
400 13254 280200010 7 35
400 13254 280200011 7 35
400 13254 280200012 7 37
400 13254 280200013 6 34
400 13254 280200014 7 39
400 13254 280200015 7 35
400 13254 280200016 7 37
400 13254 280200017 7 33
400 13254 280200018 6 33
400 13254 280200019 7 35
400 13254 280200020 6 38
400 13254 280200021 7 36
400 13254 280200022 6 34
400 13254 280200023 7 34
400 13254 280300000 7 35
400 13254 280300001 7 37
400 13254 280300002 7 40
400 13254 280300003 7 37
400 13254 280300004 7 37
400 13254 280300005 7 35
400 13254 280300006 7 35
400 13254 280300007 7 36
400 13254 280300008 6 34
400 13254 280300009 6 36
400 13254 280300010 6 34
400 13254 280300011 7 33
400 13254 280300012 6 38
400 13254 280300013 8 37
400 13254 280300014 7 34
400 13254 280300015 7 37
400 13254 280300016 7 36
400 13254 280300017 7 37
400 13254 280300018 6 36
400 13254 280300019 7 34
400 13254 280300020 7 36
400 13254 280300021 7 37
400 13254 280300022 6 36
400 13254 280300023 7 35
400 13254 280400000 7 39
400 13254 280400001 7 35
400 13254 280400002 7 34
400 13254 280400003 7 35
400 13254 280400004 8 34
400 13254 280400005 7 32
400 13254 280400006 7 32
400 13254 280400007 7 36
400 13254 280400008 7 35
400 13254 280400009 6 35
400 13254 280400010 7 34
400 13254 280400011 6 35
400 13254 280400012 7 35
400 13254 280400013 6 40
400 13254 280400014 6 37
400 13254 280400015 7 34
400 13254 280400016 7 35
400 13254 280400017 6 33
400 13254 280400018 8 41
400 13254 280400019 7 36
400 13254 280400020 7 35
400 13254 280400021 7 40
400 13254 280400022 6 35
400 13254 280400023 7 35
