2500 1 1750100000 0 97
2500 1 1750100001 0 92
2500 1 1750100002 0 101
2500 1 1750100003 0 94
2500 1 1750100004 0 94
2500 1 1750100005 0 92
2500 1 1750100006 0 95
2500 1 1750100007 0 98
2500 1 1750100008 0 98
2500 1 1750100009 0 91
2500 1 1750100010 0 96
2500 1 1750100011 0 95
2500 1 1750100012 0 96
2500 1 1750100013 0 94
2500 1 1750100014 0 94
2500 1 1750100015 0 90
2500 1 1750100016 0 96
2500 1 1750100017 0 94
2500 1 1750100018 0 90
2500 1 1750100019 0 89
2500 1 1750100020 0 95
2500 1 1750100021 0 96
2500 1 1750100022 0 94
2500 1 1750100023 0 93
2500 1 1750200000 0 93
2500 1 1750200001 0 97
2500 1 1750200002 0 95
2500 1 1750200003 0 94
2500 1 1750200004 0 96
2500 1 1750200005 0 99
2500 1 1750200006 0 94
2500 1 1750200007 0 95
2500 1 1750200008 0 94
2500 1 1750200009 0 101
2500 1 1750200010 0 94
2500 1 1750200011 0 94
2500 1 1750200012 0 100
2500 1 1750200013 0 93
2500 1 1750200014 0 97
2500 1 1750200015 0 89
2500 1 1750200016 0 96
2500 1 1750200017 0 93
2500 1 1750200018 0 89
2500 1 1750200019 0 95
2500 1 1750200020 0 97
2500 1 1750200021 0 89
2500 1 1750200022 0 99
2500 1 1750200023 0 95
2500 1 1750400000 0 98
2500 1 1750400001 0 95
2500 1 1750400002 0 97
2500 1 1750400003 0 93
2500 1 1750400004 0 91
2500 1 1750400005 0 97
2500 1 1750400006 0 93
2500 1 1750400007 0 95
2500 1 1750400008 0 94
2500 1 1750400009 0 91
2500 1 1750400010 0 98
2500 1 1750400011 0 99
2500 1 1750400012 0 93
2500 1 1750400013 0 94
2500 1 1750400014 0 95
2500 1 1750400015 0 91
2500 1 1750400016 0 93
2500 1 1750400017 0 90
2500 1 1750400018 0 94
2500 1 1750400019 0 93
2500 1 1750400020 0 90
2500 1 1750400021 0 96
2500 1 1750400022 0 95
2500 1 1750400023 0 96
2500 1 1750300000 0 95
2500 1 1750300001 0 97
2500 1 1750300002 0 98
2500 1 1750300003 0 91
2500 1 1750300004 0 98
2500 1 1750300005 0 94
2500 1 1750300006 0 94
2500 1 1750300007 0 95
2500 1 1750300008 0 94
2500 1 1750300009 0 93
2500 1 1750300010 0 88
2500 1 1750300011 0 92
2500 1 1750300012 0 94
2500 1 1750300013 0 94
2500 1 1750300014 0 89
2500 1 1750300015 0 93
2500 1 1750300016 0 91
2500 1 1750300017 0 91
2500 1 1750300018 0 94
2500 1 1750300019 0 93
2500 1 1750300020 0 95
2500 1 1750300021 0 93
2500 1 1750300022 0 97
2500 1 1750300023 0 90
