400 12453 280100000 7 36
400 12453 280100001 6 33
400 12453 280100002 7 34
400 12453 280100003 6 35
400 12453 280100004 7 36
400 12453 280100005 8 39
400 12453 280100006 6 35
400 12453 280100007 6 34
400 12453 280100008 7 37
400 12453 280100009 7 35
400 12453 280100010 6 35
400 12453 280100011 7 34
400 12453 280100012 7 36
400 12453 280100013 7 35
400 12453 280100014 6 38
400 12453 280100015 7 39
400 12453 280100016 6 33
400 12453 280100017 6 35
400 12453 280100018 7 35
400 12453 280100019 6 32
400 12453 280100020 6 37
400 12453 280100021 7 33
400 12453 280100022 7 35
400 12453 280100023 6 33
400 12453 280300000 7 35
400 12453 280300001 7 37
400 12453 280300002 8 40
400 12453 280300003 7 37
400 12453 280300004 8 37
400 12453 280300005 7 35
400 12453 280300006 7 35
400 12453 280300007 7 36
400 12453 280300008 6 34
400 12453 280300009 7 36
400 12453 280300010 6 34
400 12453 280300011 6 33
400 12453 280300012 6 38
400 12453 280300013 8 37
400 12453 280300014 6 34
400 12453 280300015 7 37
400 12453 280300016 7 36
400 12453 280300017 7 37
400 12453 280300018 7 36
400 12453 280300019 7 34
400 12453 280300020 7 36
400 12453 280300021 7 37
400 12453 280300022 6 36
400 12453 280300023 7 35
400 12453 280200000 7 38
400 12453 280200001 8 38
400 12453 280200002 7 37
400 12453 280200003 7 33
400 12453 280200004 8 39
400 12453 280200005 7 34
400 12453 280200006 7 37
400 12453 280200007 7 35
400 12453 280200008 6 33
400 12453 280200009 7 35
400 12453 280200010 6 35
400 12453 280200011 6 35
400 12453 280200012 7 37
400 12453 280200013 6 34
400 12453 280200014 7 39
400 12453 280200015 7 35
400 12453 280200016 8 37
400 12453 280200017 7 33
400 12453 280200018 6 33
400 12453 280200019 7 35
400 12453 280200020 7 38
400 12453 280200021 7 36
400 12453 280200022 7 34
400 12453 280200023 6 34
400 12453 280400000 7 39
400 12453 280400001 6 35
400 12453 280400002 7 34
400 12453 280400003 7 35
400 12453 280400004 6 34
400 12453 280400005 7 32
400 12453 280400006 6 32
400 12453 280400007 6 36
400 12453 280400008 7 35
400 12453 280400009 6 35
400 12453 280400010 7 34
400 12453 280400011 7 35
400 12453 280400012 7 35
400 12453 280400013 7 40
400 12453 280400014 7 37
400 12453 280400015 7 34
400 12453 280400016 7 35
400 12453 280400017 7 33
400 12453 280400018 8 41
400 12453 280400019 7 36
400 12453 280400020 7 35
400 12453 280400021 8 40
400 12453 280400022 7 35
400 12453 280400023 7 35
