10000 24513 -1589834592 40 195
10000 24513 -1589834591 39 201
10000 24513 -1589834590 40 198
10000 24513 -1589834589 38 192
10000 24513 -1589834588 38 188
10000 24513 -1589834587 39 195
10000 24513 -1589834586 38 196
10000 24513 -1589834585 38 190
10000 24513 -1589634592 38 195
10000 24513 -1589634591 38 192
10000 24513 -1589634590 38 189
10000 24513 -1589634589 38 193
10000 24513 -1589634588 38 192
10000 24513 -1589634587 39 203
10000 24513 -1589634586 37 186
10000 24513 -1589634585 39 195
10000 24513 -1589734592 39 192
10000 24513 -1589734591 38 188
10000 24513 -1589734590 39 189
10000 24513 -1589734589 36 185
10000 24513 -1589734588 38 194
10000 24513 -1589734587 38 188
10000 24513 -1589734586 39 197
10000 24513 -1589734585 37 191
10000 24513 -1589534592 38 194
10000 24513 -1589534591 38 189
10000 24513 -1589534590 39 193
10000 24513 -1589534589 38 186
10000 24513 -1589534588 39 190
10000 24513 -1589534587 39 188
10000 24513 -1589534586 39 185
10000 24513 -1589534585 39 187
10000 24513 -1589434592 38 195
10000 24513 -1589434591 38 194
10000 24513 -1589434590 39 199
10000 24513 -1589434589 39 188
10000 24513 -1589434588 38 193
10000 24513 -1589434587 38 187
10000 24513 -1589434586 39 187
10000 24513 -1589434585 40 195
10000 24513 -1589334592 38 197
10000 24513 -1589334591 38 190
10000 24513 -1589334590 38 195
10000 24513 -1589334589 40 189
10000 24513 -1589334588 37 192
10000 24513 -1589334587 39 197
10000 24513 -1589334586 38 192
10000 24513 -1589334585 38 188
