1000 24513 700100000 11 59
1000 24513 700100001 11 58
1000 24513 700100002 11 55
1000 24513 700100003 11 59
1000 24513 700100004 10 58
1000 24513 700100005 11 56
1000 24513 700100006 11 60
1000 24513 700100007 11 59
1000 24513 700100008 12 59
1000 24513 700100009 11 55
1000 24513 700100010 12 62
1000 24513 700100011 11 59
1000 24513 700100012 12 59
1000 24513 700100013 12 61
1000 24513 700100014 11 54
1000 24513 700100015 11 54
1000 24513 700100016 11 56
1000 24513 700100017 11 59
1000 24513 700100018 11 58
1000 24513 700100019 11 56
1000 24513 700100020 12 56
1000 24513 700100021 12 61
1000 24513 700100022 11 56
1000 24513 700100023 11 60
1000 24513 700300000 13 63
1000 24513 700300001 11 58
1000 24513 700300002 11 57
1000 24513 700300003 12 54
1000 24513 700300004 12 60
1000 24513 700300005 11 55
1000 24513 700300006 11 59
1000 24513 700300007 11 60
1000 24513 700300008 13 65
1000 24513 700300009 11 57
1000 24513 700300010 11 57
1000 24513 700300011 11 60
1000 24513 700300012 12 60
1000 24513 700300013 11 57
1000 24513 700300014 12 57
1000 24513 700300015 11 56
1000 24513 700300016 11 54
1000 24513 700300017 11 65
1000 24513 700300018 12 62
1000 24513 700300019 13 58
1000 24513 700300020 12 59
1000 24513 700300021 12 58
1000 24513 700300022 11 56
1000 24513 700300023 12 62
1000 24513 700200000 11 59
1000 24513 700200001 10 60
1000 24513 700200002 11 63
1000 24513 700200003 12 58
1000 24513 700200004 12 57
1000 24513 700200005 12 63
1000 24513 700200006 12 58
1000 24513 700200007 12 58
1000 24513 700200008 12 59
1000 24513 700200009 12 61
1000 24513 700200010 12 58
1000 24513 700200011 11 57
1000 24513 700200012 11 56
1000 24513 700200013 12 57
1000 24513 700200014 11 53
1000 24513 700200015 11 55
1000 24513 700200016 11 52
1000 24513 700200017 12 61
1000 24513 700200018 11 61
1000 24513 700200019 12 57
1000 24513 700200020 12 62
1000 24513 700200021 12 67
1000 24513 700200022 12 61
1000 24513 700200023 11 54
1000 24513 700400000 12 59
1000 24513 700400001 11 56
1000 24513 700400002 11 60
1000 24513 700400003 11 53
1000 24513 700400004 11 58
1000 24513 700400005 12 58
1000 24513 700400006 11 59
1000 24513 700400007 11 56
1000 24513 700400008 11 56
1000 24513 700400009 10 55
1000 24513 700400010 12 61
1000 24513 700400011 11 61
1000 24513 700400012 11 62
1000 24513 700400013 12 62
1000 24513 700400014 11 59
1000 24513 700400015 11 58
1000 24513 700400016 11 58
1000 24513 700400017 12 54
1000 24513 700400018 11 54
1000 24513 700400019 11 61
1000 24513 700400020 11 55
1000 24513 700400021 11 52
1000 24513 700400022 11 52
1000 24513 700400023 10 57
