6400 13542 185132704 31 154
6400 13542 185132705 30 150
6400 13542 185132706 30 151
6400 13542 185132707 30 155
6400 13542 185132708 30 149
6400 13542 185132709 30 155
6400 13542 185132710 30 151
6400 13542 185132711 31 155
6400 13542 185132712 31 150
6400 13542 185132713 31 152
6400 13542 185132714 30 153
6400 13542 185132715 31 154
6400 13542 185132716 32 159
6400 13542 185132717 31 148
6400 13542 185132718 30 149
6400 13542 185132719 31 151
6400 13542 185232704 30 158
6400 13542 185232705 30 154
6400 13542 185232706 31 150
6400 13542 185232707 31 154
6400 13542 185232708 31 149
6400 13542 185232709 30 144
6400 13542 185232710 32 153
6400 13542 185232711 31 151
6400 13542 185232712 30 154
6400 13542 185232713 30 147
6400 13542 185232714 30 159
6400 13542 185232715 31 155
6400 13542 185232716 30 153
6400 13542 185232717 29 149
6400 13542 185232718 30 148
6400 13542 185232719 31 153
6400 13542 185332704 31 159
6400 13542 185332705 30 155
6400 13542 185332706 29 157
6400 13542 185332707 31 156
6400 13542 185332708 30 151
6400 13542 185332709 30 151
6400 13542 185332710 31 150
6400 13542 185332711 30 148
6400 13542 185332712 30 150
6400 13542 185332713 31 150
6400 13542 185332714 29 147
6400 13542 185332715 30 150
6400 13542 185332716 31 150
6400 13542 185332717 32 152
6400 13542 185332718 31 157
6400 13542 185332719 30 154
6400 13542 185432704 32 153
6400 13542 185432705 30 152
6400 13542 185432706 30 157
6400 13542 185432707 30 150
6400 13542 185432708 29 157
6400 13542 185432709 30 149
6400 13542 185432710 30 154
6400 13542 185432711 32 154
6400 13542 185432712 30 151
6400 13542 185432713 30 148
6400 13542 185432714 31 151
6400 13542 185432715 31 155
6400 13542 185432716 30 152
6400 13542 185432717 31 152
6400 13542 185432718 31 155
6400 13542 185432719 31 154
6400 13542 185532704 31 151
6400 13542 185532705 30 151
6400 13542 185532706 30 153
6400 13542 185532707 31 153
6400 13542 185532708 31 155
6400 13542 185532709 31 155
6400 13542 185532710 30 151
6400 13542 185532711 31 154
6400 13542 185532712 31 155
6400 13542 185532713 30 152
6400 13542 185532714 30 151
6400 13542 185532715 32 154
6400 13542 185532716 31 155
6400 13542 185532717 31 156
6400 13542 185532718 30 152
6400 13542 185532719 30 155
6400 13542 185632704 31 148
6400 13542 185632705 30 150
6400 13542 185632706 31 153
6400 13542 185632707 30 155
6400 13542 185632708 31 159
6400 13542 185632709 30 157
6400 13542 185632710 30 154
6400 13542 185632711 31 151
6400 13542 185632712 32 154
6400 13542 185632713 30 148
6400 13542 185632714 30 152
6400 13542 185632715 30 146
6400 13542 185632716 30 149
6400 13542 185632717 29 149
6400 13542 185632718 30 152
6400 13542 185632719 31 152
