6400 34512 185132704 30 154
6400 34512 185132705 30 150
6400 34512 185132706 29 151
6400 34512 185132707 31 155
6400 34512 185132708 31 149
6400 34512 185132709 29 155
6400 34512 185132710 30 151
6400 34512 185132711 32 155
6400 34512 185132712 31 150
6400 34512 185132713 31 152
6400 34512 185132714 31 153
6400 34512 185132715 31 154
6400 34512 185132716 31 159
6400 34512 185132717 30 148
6400 34512 185132718 30 149
6400 34512 185132719 31 151
6400 34512 185232704 31 158
6400 34512 185232705 32 154
6400 34512 185232706 30 150
6400 34512 185232707 30 154
6400 34512 185232708 30 149
6400 34512 185232709 29 144
6400 34512 185232710 31 153
6400 34512 185232711 30 151
6400 34512 185232712 30 154
6400 34512 185232713 30 147
6400 34512 185232714 30 159
6400 34512 185232715 31 155
6400 34512 185232716 30 153
6400 34512 185232717 29 149
6400 34512 185232718 31 148
6400 34512 185232719 30 153
6400 34512 185432704 32 153
6400 34512 185432705 30 152
6400 34512 185432706 31 157
6400 34512 185432707 31 150
6400 34512 185432708 30 157
6400 34512 185432709 31 149
6400 34512 185432710 30 154
6400 34512 185432711 31 154
6400 34512 185432712 30 151
6400 34512 185432713 30 148
6400 34512 185432714 30 151
6400 34512 185432715 30 155
6400 34512 185432716 32 152
6400 34512 185432717 30 152
6400 34512 185432718 32 155
6400 34512 185432719 30 154
6400 34512 185332704 30 159
6400 34512 185332705 29 155
6400 34512 185332706 31 157
6400 34512 185332707 31 156
6400 34512 185332708 30 151
6400 34512 185332709 30 151
6400 34512 185332710 31 150
6400 34512 185332711 31 148
6400 34512 185332712 30 150
6400 34512 185332713 30 150
6400 34512 185332714 31 147
6400 34512 185332715 30 150
6400 34512 185332716 30 150
6400 34512 185332717 30 152
6400 34512 185332718 31 157
6400 34512 185332719 30 154
6400 34512 185532704 30 151
6400 34512 185532705 30 151
6400 34512 185532706 30 153
6400 34512 185532707 31 153
6400 34512 185532708 31 155
6400 34512 185532709 31 155
6400 34512 185532710 31 151
6400 34512 185532711 31 154
6400 34512 185532712 32 155
6400 34512 185532713 31 152
6400 34512 185532714 29 151
6400 34512 185532715 31 154
6400 34512 185532716 31 155
6400 34512 185532717 32 156
6400 34512 185532718 31 152
6400 34512 185532719 29 155
6400 34512 185632704 30 148
6400 34512 185632705 31 150
6400 34512 185632706 30 153
6400 34512 185632707 31 155
6400 34512 185632708 31 159
6400 34512 185632709 31 157
6400 34512 185632710 29 154
6400 34512 185632711 31 151
6400 34512 185632712 31 154
6400 34512 185632713 30 148
6400 34512 185632714 30 152
6400 34512 185632715 31 146
6400 34512 185632716 30 149
6400 34512 185632717 29 149
6400 34512 185632718 31 152
6400 34512 185632719 31 152
