2500 1234 1750200000 23 93
2500 1234 1750200001 24 97
2500 1234 1750200002 23 95
2500 1234 1750200003 23 94
2500 1234 1750200004 24 96
2500 1234 1750200005 24 99
2500 1234 1750200006 23 94
2500 1234 1750200007 23 95
2500 1234 1750200008 23 94
2500 1234 1750200009 25 101
2500 1234 1750200010 23 94
2500 1234 1750200011 23 94
2500 1234 1750200012 25 100
2500 1234 1750200013 23 93
2500 1234 1750200014 24 97
2500 1234 1750200015 22 89
2500 1234 1750200016 24 96
2500 1234 1750200017 23 93
2500 1234 1750200018 22 89
2500 1234 1750200019 23 95
2500 1234 1750200020 24 97
2500 1234 1750200021 22 89
2500 1234 1750200022 24 99
2500 1234 1750200023 23 95
2500 1234 1750100000 24 97
2500 1234 1750100001 23 92
2500 1234 1750100002 25 101
2500 1234 1750100003 23 94
2500 1234 1750100004 23 94
2500 1234 1750100005 23 92
2500 1234 1750100006 23 95
2500 1234 1750100007 24 98
2500 1234 1750100008 24 98
2500 1234 1750100009 22 91
2500 1234 1750100010 24 96
2500 1234 1750100011 23 95
2500 1234 1750100012 24 96
2500 1234 1750100013 23 94
2500 1234 1750100014 23 94
2500 1234 1750100015 22 90
2500 1234 1750100016 24 96
2500 1234 1750100017 23 94
2500 1234 1750100018 22 90
2500 1234 1750100019 22 89
2500 1234 1750100020 23 95
2500 1234 1750100021 24 96
2500 1234 1750100022 23 94
2500 1234 1750100023 23 93
2500 1234 1750300000 23 95
2500 1234 1750300001 24 97
2500 1234 1750300002 24 98
2500 1234 1750300003 22 91
2500 1234 1750300004 24 98
2500 1234 1750300005 23 94
2500 1234 1750300006 23 94
2500 1234 1750300007 23 95
2500 1234 1750300008 23 94
2500 1234 1750300009 23 93
2500 1234 1750300010 22 88
2500 1234 1750300011 23 92
2500 1234 1750300012 23 94
2500 1234 1750300013 23 94
2500 1234 1750300014 22 89
2500 1234 1750300015 23 93
2500 1234 1750300016 22 91
2500 1234 1750300017 22 91
2500 1234 1750300018 23 94
2500 1234 1750300019 23 93
2500 1234 1750300020 23 95
2500 1234 1750300021 23 93
2500 1234 1750300022 24 97
2500 1234 1750300023 22 90
2500 1234 1750400000 24 98
2500 1234 1750400001 23 95
2500 1234 1750400002 24 97
2500 1234 1750400003 23 93
2500 1234 1750400004 22 91
2500 1234 1750400005 24 97
2500 1234 1750400006 23 93
2500 1234 1750400007 23 95
2500 1234 1750400008 23 94
2500 1234 1750400009 22 91
2500 1234 1750400010 24 98
2500 1234 1750400011 24 99
2500 1234 1750400012 23 93
2500 1234 1750400013 23 94
2500 1234 1750400014 23 95
2500 1234 1750400015 22 91
2500 1234 1750400016 23 93
2500 1234 1750400017 22 90
2500 1234 1750400018 23 94
2500 1234 1750400019 23 93
2500 1234 1750400020 22 90
2500 1234 1750400021 24 96
2500 1234 1750400022 23 95
2500 1234 1750400023 24 96
