400 1324 280100000 9 36
400 1324 280100001 8 33
400 1324 280100002 8 34
400 1324 280100003 9 35
400 1324 280100004 8 36
400 1324 280100005 9 39
400 1324 280100006 8 35
400 1324 280100007 8 34
400 1324 280100008 9 37
400 1324 280100009 9 35
400 1324 280100010 8 35
400 1324 280100011 8 34
400 1324 280100012 8 36
400 1324 280100013 8 35
400 1324 280100014 9 38
400 1324 280100015 8 39
400 1324 280100016 8 33
400 1324 280100017 8 35
400 1324 280100018 8 35
400 1324 280100019 8 32
400 1324 280100020 9 37
400 1324 280100021 8 33
400 1324 280100022 8 35
400 1324 280100023 7 33
400 1324 280200000 8 38
400 1324 280200001 9 38
400 1324 280200002 9 37
400 1324 280200003 8 33
400 1324 280200004 9 39
400 1324 280200005 8 34
400 1324 280200006 8 37
400 1324 280200007 8 35
400 1324 280200008 8 33
400 1324 280200009 9 35
400 1324 280200010 9 35
400 1324 280200011 9 35
400 1324 280200012 10 37
400 1324 280200013 8 34
400 1324 280200014 9 39
400 1324 280200015 9 35
400 1324 280200016 8 37
400 1324 280200017 8 33
400 1324 280200018 8 33
400 1324 280200019 9 35
400 1324 280200020 8 38
400 1324 280200021 9 36
400 1324 280200022 9 34
400 1324 280200023 8 34
400 1324 280300000 8 35
400 1324 280300001 9 37
400 1324 280300002 9 40
400 1324 280300003 9 37
400 1324 280300004 9 37
400 1324 280300005 9 35
400 1324 280300006 8 35
400 1324 280300007 8 36
400 1324 280300008 8 34
400 1324 280300009 8 36
400 1324 280300010 8 34
400 1324 280300011 8 33
400 1324 280300012 8 38
400 1324 280300013 10 37
400 1324 280300014 8 34
400 1324 280300015 9 37
400 1324 280300016 9 36
400 1324 280300017 9 37
400 1324 280300018 8 36
400 1324 280300019 9 34
400 1324 280300020 9 36
400 1324 280300021 10 37
400 1324 280300022 8 36
400 1324 280300023 8 35
400 1324 280400000 9 39
400 1324 280400001 9 35
400 1324 280400002 9 34
400 1324 280400003 8 35
400 1324 280400004 9 34
400 1324 280400005 8 32
400 1324 280400006 8 32
400 1324 280400007 9 36
400 1324 280400008 9 35
400 1324 280400009 8 35
400 1324 280400010 8 34
400 1324 280400011 9 35
400 1324 280400012 9 35
400 1324 280400013 8 40
400 1324 280400014 9 37
400 1324 280400015 9 34
400 1324 280400016 10 35
400 1324 280400017 8 33
400 1324 280400018 10 41
400 1324 280400019 9 36
400 1324 280400020 8 35
400 1324 280400021 10 40
400 1324 280400022 8 35
400 1324 280400023 9 35
