25000 12354 320230816 61 300
25000 12354 320230817 61 310
25000 12354 320330816 61 302
25000 12354 320330817 61 308
25000 12354 320430816 61 301
25000 12354 320430817 60 304
25000 12354 320530816 61 315
25000 12354 320530817 61 313
25000 12354 320630816 61 306
25000 12354 320630817 60 307
25000 12354 320730816 63 317
25000 12354 320730817 61 302
25000 12354 320830816 60 301
25000 12354 320830817 61 311
25000 12354 320930816 62 304
25000 12354 320930817 62 311
25000 12354 321030816 62 307
25000 12354 321030817 61 313
25000 12354 321130816 61 305
25000 12354 321130817 62 306
25000 12354 321230816 61 311
25000 12354 321230817 61 307
25000 12354 321330816 61 301
25000 12354 321330817 61 314
