400 2431 280100000 8 36
400 2431 280100001 9 33
400 2431 280100002 9 34
400 2431 280100003 9 35
400 2431 280100004 9 36
400 2431 280100005 8 39
400 2431 280100006 8 35
400 2431 280100007 8 34
400 2431 280100008 8 37
400 2431 280100009 8 35
400 2431 280100010 8 35
400 2431 280100011 9 34
400 2431 280100012 10 36
400 2431 280100013 10 35
400 2431 280100014 8 38
400 2431 280100015 9 39
400 2431 280100016 9 33
400 2431 280100017 8 35
400 2431 280100018 9 35
400 2431 280100019 9 32
400 2431 280100020 9 37
400 2431 280100021 8 33
400 2431 280100022 8 35
400 2431 280100023 9 33
400 2431 280200000 8 38
400 2431 280200001 9 38
400 2431 280200002 9 37
400 2431 280200003 8 33
400 2431 280200004 10 39
400 2431 280200005 9 34
400 2431 280200006 8 37
400 2431 280200007 9 35
400 2431 280200008 9 33
400 2431 280200009 9 35
400 2431 280200010 9 35
400 2431 280200011 9 35
400 2431 280200012 8 37
400 2431 280200013 7 34
400 2431 280200014 9 39
400 2431 280200015 9 35
400 2431 280200016 9 37
400 2431 280200017 8 33
400 2431 280200018 8 33
400 2431 280200019 9 35
400 2431 280200020 9 38
400 2431 280200021 9 36
400 2431 280200022 8 34
400 2431 280200023 9 34
400 2431 280300000 9 35
400 2431 280300001 9 37
400 2431 280300002 9 40
400 2431 280300003 9 37
400 2431 280300004 9 37
400 2431 280300005 8 35
400 2431 280300006 9 35
400 2431 280300007 8 36
400 2431 280300008 9 34
400 2431 280300009 8 36
400 2431 280300010 8 34
400 2431 280300011 9 33
400 2431 280300012 8 38
400 2431 280300013 10 37
400 2431 280300014 9 34
400 2431 280300015 9 37
400 2431 280300016 9 36
400 2431 280300017 9 37
400 2431 280300018 8 36
400 2431 280300019 9 34
400 2431 280300020 8 36
400 2431 280300021 9 37
400 2431 280300022 9 36
400 2431 280300023 10 35
400 2431 280400000 8 39
400 2431 280400001 8 35
400 2431 280400002 9 34
400 2431 280400003 9 35
400 2431 280400004 9 34
400 2431 280400005 8 32
400 2431 280400006 8 32
400 2431 280400007 9 36
400 2431 280400008 10 35
400 2431 280400009 8 35
400 2431 280400010 8 34
400 2431 280400011 8 35
400 2431 280400012 8 35
400 2431 280400013 8 40
400 2431 280400014 9 37
400 2431 280400015 9 34
400 2431 280400016 8 35
400 2431 280400017 8 33
400 2431 280400018 9 41
400 2431 280400019 8 36
400 2431 280400020 8 35
400 2431 280400021 10 40
400 2431 280400022 8 35
400 2431 280400023 8 35
