6400 35421 185132704 31 154
6400 35421 185132705 30 150
6400 35421 185132706 30 151
6400 35421 185132707 31 155
6400 35421 185132708 31 149
6400 35421 185132709 31 155
6400 35421 185132710 30 151
6400 35421 185132711 31 155
6400 35421 185132712 32 150
6400 35421 185132713 30 152
6400 35421 185132714 30 153
6400 35421 185132715 31 154
6400 35421 185132716 31 159
6400 35421 185132717 30 148
6400 35421 185132718 30 149
6400 35421 185132719 29 151
6400 35421 185232704 31 158
6400 35421 185232705 30 154
6400 35421 185232706 32 150
6400 35421 185232707 31 154
6400 35421 185232708 30 149
6400 35421 185232709 29 144
6400 35421 185232710 31 153
6400 35421 185232711 30 151
6400 35421 185232712 29 154
6400 35421 185232713 30 147
6400 35421 185232714 31 159
6400 35421 185232715 31 155
6400 35421 185232716 31 153
6400 35421 185232717 31 149
6400 35421 185232718 30 148
6400 35421 185232719 32 153
6400 35421 185332704 31 159
6400 35421 185332705 29 155
6400 35421 185332706 30 157
6400 35421 185332707 32 156
6400 35421 185332708 30 151
6400 35421 185332709 29 151
6400 35421 185332710 32 150
6400 35421 185332711 31 148
6400 35421 185332712 31 150
6400 35421 185332713 30 150
6400 35421 185332714 31 147
6400 35421 185332715 30 150
6400 35421 185332716 31 150
6400 35421 185332717 29 152
6400 35421 185332718 30 157
6400 35421 185332719 32 154
6400 35421 185432704 33 153
6400 35421 185432705 30 152
6400 35421 185432706 31 157
6400 35421 185432707 30 150
6400 35421 185432708 31 157
6400 35421 185432709 30 149
6400 35421 185432710 31 154
6400 35421 185432711 31 154
6400 35421 185432712 31 151
6400 35421 185432713 30 148
6400 35421 185432714 31 151
6400 35421 185432715 32 155
6400 35421 185432716 29 152
6400 35421 185432717 31 152
6400 35421 185432718 31 155
6400 35421 185432719 31 154
6400 35421 185632704 30 148
6400 35421 185632705 29 150
6400 35421 185632706 32 153
6400 35421 185632707 31 155
6400 35421 185632708 31 159
6400 35421 185632709 30 157
6400 35421 185632710 30 154
6400 35421 185632711 31 151
6400 35421 185632712 31 154
6400 35421 185632713 29 148
6400 35421 185632714 30 152
6400 35421 185632715 30 146
6400 35421 185632716 30 149
6400 35421 185632717 29 149
6400 35421 185632718 31 152
6400 35421 185632719 30 152
6400 35421 185532704 31 151
6400 35421 185532705 31 151
6400 35421 185532706 31 153
6400 35421 185532707 31 153
6400 35421 185532708 33 155
6400 35421 185532709 31 155
6400 35421 185532710 31 151
6400 35421 185532711 32 154
6400 35421 185532712 30 155
6400 35421 185532713 31 152
6400 35421 185532714 30 151
6400 35421 185532715 31 154
6400 35421 185532716 31 155
6400 35421 185532717 31 156
6400 35421 185532718 30 152
6400 35421 185532719 31 155
