1 1.000000e+00 0.000000
2 1.000000e+00 0.000000
3 1.000000e+00 0.000000
4 1.000000e+00 0.000000
5 1.000000e+00 0.000000
6 9.991111e-01 -0.000889
7 9.931164e-01 -0.006907
8 9.794611e-01 -0.020753
9 9.493517e-01 -0.051976
10 9.051752e-01 -0.099627
11 8.460371e-01 -0.167192
12 7.667916e-01 -0.265540
13 6.736756e-01 -0.395007
14 5.774683e-01 -0.549102
15 4.825839e-01 -0.728601
16 3.919385e-01 -0.936650
17 3.100618e-01 -1.170984
18 2.385179e-01 -1.433311
19 1.772063e-01 -1.730441
20 1.285336e-01 -2.051565
21 9.070800e-02 -2.400110
22 6.226692e-02 -2.776325
23 4.158528e-02 -3.180009
24 2.697152e-02 -3.612974
25 1.700500e-02 -4.074248
26 1.043322e-02 -4.562760
27 6.249887e-03 -5.075192
28 3.652910e-03 -5.612231
29 2.097946e-03 -6.166796
30 1.186738e-03 -6.736547
31 6.549008e-04 -7.331027
32 3.506994e-04 -7.955581
33 1.844891e-04 -8.597920
34 9.509872e-05 -9.260595
35 4.793881e-05 -9.945585
36 2.358856e-05 -10.654749
37 1.150867e-05 -11.372410
38 5.524968e-06 -12.106233
39 2.597207e-06 -12.861074
40 1.213502e-06 -13.622000
41 5.581319e-07 -14.398671
42 2.497153e-07 -15.202944
43 1.097082e-07 -16.025441
44 4.744217e-08 -16.863754
45 2.009861e-08 -17.722615
46 8.434134e-09 -18.590979
47 3.454286e-09 -19.483650
48 1.381187e-09 -20.400323
49 5.397340e-10 -21.339945
50 2.074018e-10 -22.296363
51 7.858765e-11 -23.266807
52 2.942705e-11 -24.249107
53 1.089356e-11 -25.242849
54 3.952748e-12 -26.256610
55 1.411395e-12 -27.286443
56 4.932824e-13 -28.337695
57 1.714546e-13 -29.394458
58 5.875965e-14 -30.465321
