1 1.000000e+00 0.000000
2 1.000000e+00 0.000000
3 1.000000e+00 0.000000
4 1.000000e+00 0.000000
5 1.000000e+00 0.000000
6 9.985556e-01 -0.001445
7 9.924691e-01 -0.007559
8 9.756799e-01 -0.024621
9 9.450363e-01 -0.056532
10 8.972174e-01 -0.108457
11 8.334878e-01 -0.182136
12 7.579646e-01 -0.277119
13 6.714789e-01 -0.398273
14 5.796142e-01 -0.545393
15 4.857167e-01 -0.722130
16 3.940174e-01 -0.931360
17 3.088169e-01 -1.175007
18 2.338774e-01 -1.452958
19 1.707879e-01 -1.767333
20 1.207414e-01 -2.114105
21 8.269825e-02 -2.492557
22 5.488908e-02 -2.902441
23 3.565563e-02 -3.333848
24 2.247295e-02 -3.795443
25 1.378161e-02 -4.284420
26 8.223382e-03 -4.800774
27 4.809562e-03 -5.337149
28 2.781072e-03 -5.884919
29 1.556633e-03 -6.465230
30 8.512016e-04 -7.068862
31 4.574705e-04 -7.689798
32 2.361596e-04 -8.351003
33 1.201933e-04 -9.026409
34 5.914925e-05 -9.735447
35 2.841643e-05 -10.468543
36 1.340992e-05 -11.219516
37 6.225345e-06 -11.986882
38 2.840723e-06 -12.771452
39 1.278811e-06 -13.569580
40 5.743780e-07 -14.369978
41 2.548370e-07 -15.182642
42 1.106033e-07 -16.017316
43 4.719075e-08 -16.869068
44 1.985229e-08 -17.734946
45 8.178555e-09 -18.621750
46 3.285883e-09 -19.533630
47 1.305964e-09 -20.456325
48 5.094891e-10 -21.397613
49 1.934741e-10 -22.365877
50 7.238254e-11 -23.349056
51 2.651567e-11 -24.353285
52 9.571136e-12 -25.372269
53 3.403231e-12 -26.406296
54 1.189030e-12 -27.457883
55 4.038811e-13 -28.537656
56 1.336750e-13 -29.643365
57 4.317625e-14 -30.773486
58 1.357124e-14 -31.930824
