1 1.000000e+00 0.000000
2 1.000000e+00 0.000000
3 1.000000e+00 0.000000
4 1.000000e+00 0.000000
5 1.000000e+00 0.000000
6 9.980000e-01 -0.002002
7 9.921070e-01 -0.007924
8 9.773081e-01 -0.022953
9 9.502331e-01 -0.051048
10 9.106400e-01 -0.093608
11 8.558360e-01 -0.155676
12 7.886054e-01 -0.237489
13 7.057411e-01 -0.348507
14 6.150702e-01 -0.486019
15 5.196660e-01 -0.654569
16 4.292225e-01 -0.845780
17 3.441859e-01 -1.066573
18 2.691661e-01 -1.312427
19 2.060490e-01 -1.579641
20 1.542552e-01 -1.869147
21 1.126895e-01 -2.183119
22 8.010859e-02 -2.524372
23 5.553267e-02 -2.890784
24 3.740125e-02 -3.286051
25 2.488031e-02 -3.693679
26 1.629916e-02 -4.116642
27 1.049303e-02 -4.557044
28 6.571138e-03 -5.025068
29 4.077127e-03 -5.502363
30 2.468474e-03 -6.004155
31 1.467229e-03 -6.524380
32 8.461020e-04 -7.074871
33 4.825174e-04 -7.636493
34 2.685541e-04 -8.222458
35 1.457609e-04 -8.833543
36 7.790921e-05 -9.459966
37 4.094515e-05 -10.103277
38 2.118301e-05 -10.762311
39 1.061613e-05 -11.453136
40 5.208272e-06 -12.165262
41 2.507931e-06 -12.896052
42 1.182549e-06 -13.647838
43 5.468878e-07 -14.419022
44 2.513861e-07 -15.196276
45 1.130530e-07 -15.995409
46 5.010049e-08 -16.809235
47 2.193336e-08 -17.635257
48 9.571778e-09 -18.464447
49 4.120943e-09 -19.307184
50 1.764093e-09 -20.155629
51 7.444474e-10 -21.018379
52 3.087357e-10 -21.898536
53 1.257661e-10 -22.796597
54 4.967606e-11 -23.725498
55 1.935861e-11 -24.667884
56 7.420340e-12 -25.626796
57 2.809749e-12 -26.597926
58 1.047003e-12 -27.585090
