1 1.000000e+00 0.000000
2 1.000000e+00 0.000000
3 1.000000e+00 0.000000
4 1.000000e+00 0.000000
5 1.000000e+00 0.000000
6 9.991111e-01 -0.000889
7 9.941631e-01 -0.005854
8 9.799135e-01 -0.020291
9 9.527662e-01 -0.048386
10 9.091295e-01 -0.095268
11 8.496229e-01 -0.162963
12 7.781129e-01 -0.250884
13 6.953936e-01 -0.363277
14 6.032374e-01 -0.505445
15 5.083012e-01 -0.676681
16 4.162563e-01 -0.876454
17 3.323031e-01 -1.101708
18 2.591718e-01 -1.350264
19 1.943880e-01 -1.637899
20 1.419810e-01 -1.952062
21 1.015277e-01 -2.287424
22 7.131857e-02 -2.640599
23 4.922842e-02 -3.011284
24 3.273553e-02 -3.419294
25 2.138896e-02 -3.844880
26 1.356005e-02 -4.300627
27 8.337590e-03 -4.786981
28 5.020023e-03 -5.294321
29 2.956967e-03 -5.823591
30 1.686391e-03 -6.385165
31 9.461198e-04 -6.963141
32 5.174881e-04 -7.566524
33 2.776141e-04 -8.189279
34 1.465911e-04 -8.827863
35 7.519147e-05 -9.495473
36 3.809283e-05 -10.175484
37 1.888718e-05 -10.877027
38 9.234175e-06 -11.592599
39 4.445979e-06 -12.323510
40 2.081089e-06 -13.082619
41 9.656928e-07 -13.850420
42 4.393443e-07 -14.637983
43 1.962813e-07 -15.443717
44 8.713106e-08 -16.255852
45 3.773872e-08 -17.092579
46 1.592574e-08 -17.955329
47 6.623075e-09 -18.832706
48 2.697155e-09 -19.731068
49 1.081064e-09 -20.645320
50 4.230275e-10 -21.583584
51 1.623928e-10 -22.541003
52 6.032059e-11 -23.531348
53 2.220329e-11 -24.530781
54 8.000859e-12 -25.551472
55 2.867896e-12 -26.577443
56 1.009670e-12 -27.621398
57 3.503496e-13 -28.679845
58 1.190585e-13 -29.759162
