1 1.000000e+00 0.000000
2 1.000000e+00 0.000000
3 1.000000e+00 0.000000
4 9.567500e-01 -0.044213
5 8.531021e-01 -0.158876
6 7.051837e-01 -0.349297
7 5.349658e-01 -0.625553
8 3.790232e-01 -0.970158
9 2.487796e-01 -1.391188
10 1.534058e-01 -1.874669
11 8.862207e-02 -2.423374
12 4.855012e-02 -3.025159
13 2.514523e-02 -3.683087
14 1.246724e-02 -4.384651
15 5.805026e-03 -5.149031
16 2.566910e-03 -5.965052
17 1.093000e-03 -6.818829
18 4.428878e-04 -7.722194
19 1.716773e-04 -8.669894
20 6.330314e-05 -9.667576
21 2.247362e-05 -10.703168
22 7.735011e-06 -11.769754
23 2.588202e-06 -12.864547
24 8.291233e-07 -14.002897
25 2.575257e-07 -15.172146
26 7.819207e-08 -16.364098
27 2.297399e-08 -17.588903
28 6.565364e-09 -18.841458
29 1.799513e-09 -20.135750
30 4.754914e-10 -21.466672
31 1.215213e-10 -22.830932
32 3.022589e-11 -24.222322
33 7.319245e-12 -25.640514
34 1.725691e-12 -27.085393
35 3.989306e-13 -28.549989
36 9.112978e-14 -30.026492
37 2.015035e-14 -31.535555
38 4.357956e-15 -33.066773
39 9.259352e-16 -34.615727
40 1.917612e-16 -36.190281
