1 1.000000e+00 0.000000
2 1.000000e+00 0.000000
3 1.000000e+00 0.000000
4 9.580000e-01 -0.042908
5 8.544721e-01 -0.157271
6 7.009045e-01 -0.355384
7 5.394628e-01 -0.617181
8 3.860306e-01 -0.951839
9 2.572823e-01 -1.357582
10 1.599867e-01 -1.832665
11 9.382492e-02 -2.366325
12 5.146557e-02 -2.966842
13 2.644143e-02 -3.632823
14 1.300918e-02 -4.342100
15 6.196418e-03 -5.083784
16 2.780772e-03 -5.885027
17 1.192242e-03 -6.731919
18 4.887310e-04 -7.623698
19 1.921656e-04 -8.557153
20 7.205890e-05 -9.538027
21 2.578565e-05 -10.565693
22 8.919881e-06 -11.627228
23 2.953515e-06 -12.732515
24 9.361001e-07 -13.881543
25 2.876323e-07 -15.061583
26 8.457866e-08 -16.285584
27 2.398797e-08 -17.545713
28 6.648666e-09 -18.828850
29 1.769386e-09 -20.152633
30 4.521960e-10 -21.516905
31 1.126795e-10 -22.906474
32 2.749848e-11 -24.316890
33 6.586859e-12 -25.745944
34 1.525310e-12 -27.208823
35 3.475092e-13 -28.687985
36 7.723070e-14 -30.191979
37 1.682029e-14 -31.716191
38 3.523113e-15 -33.279431
39 7.216359e-16 -34.865011
40 1.425231e-16 -36.487028
