1 1.000000e+00 0.000000
2 1.000000e+00 0.000000
3 1.000000e+00 0.000000
4 9.583333e-01 -0.042560
5 8.656944e-01 -0.144223
6 7.221334e-01 -0.325545
7 5.571775e-01 -0.584871
8 3.976855e-01 -0.922094
9 2.638569e-01 -1.332348
10 1.634770e-01 -1.811083
11 9.542101e-02 -2.349456
12 5.269625e-02 -2.943211
13 2.756284e-02 -3.591287
14 1.375123e-02 -4.286627
15 6.583479e-03 -5.023192
16 2.995895e-03 -5.810512
17 1.321542e-03 -6.628956
18 5.515235e-04 -7.502826
19 2.208803e-04 -8.417889
20 8.454931e-05 -9.378176
21 3.116380e-05 -10.376253
22 1.096021e-05 -11.421239
23 3.729332e-06 -12.499281
24 1.224516e-06 -13.612965
25 3.873062e-07 -14.764050
26 1.196925e-07 -15.938340
27 3.551321e-08 -17.153361
28 1.025402e-08 -18.395596
29 2.902240e-09 -19.657783
30 7.956653e-10 -20.951842
31 2.098503e-10 -22.284627
32 5.377414e-11 -23.646228
33 1.348156e-11 -25.029698
34 3.311705e-12 -26.433558
35 7.896997e-13 -27.867124
36 1.846727e-13 -29.320191
37 4.214531e-14 -30.797653
38 9.419848e-15 -32.295957
39 2.051272e-15 -33.820316
40 4.384082e-16 -35.363381
