1 1.000000e+00 0.000000
2 1.000000e+00 0.000000
3 1.000000e+00 0.000000
4 9.583333e-01 -0.042560
5 8.655667e-01 -0.144371
6 7.223154e-01 -0.325293
7 5.515394e-01 -0.595042
8 3.890421e-01 -0.944068
9 2.542894e-01 -1.369282
10 1.541503e-01 -1.869827
11 8.758070e-02 -2.435195
12 4.673890e-02 -3.063178
13 2.342458e-02 -3.753969
14 1.113560e-02 -4.497608
15 4.965735e-03 -5.305194
16 2.075987e-03 -6.177318
17 8.167993e-04 -7.110117
18 3.053317e-04 -8.094112
19 1.094748e-04 -9.119816
20 3.808811e-05 -10.175608
21 1.261744e-05 -11.280430
22 3.942759e-06 -12.443630
23 1.190942e-06 -13.640766
24 3.492933e-07 -14.867354
25 9.934833e-08 -16.124634
26 2.724819e-08 -17.418279
27 7.272912e-09 -18.739109
28 1.882559e-09 -20.090634
29 4.687138e-10 -21.481029
30 1.119705e-10 -22.912785
31 2.587844e-11 -24.377611
32 5.777900e-12 -25.876981
33 1.252112e-12 -27.406190
34 2.665157e-13 -28.953343
35 5.522712e-14 -30.527322
36 1.112162e-14 -32.129886
37 2.172823e-15 -33.762749
38 4.152952e-16 -35.417542
39 7.721651e-17 -37.099918
40 1.393050e-17 -38.812451
