1 1.000000e+00 0.000000
2 1.000000e+00 0.000000
3 1.000000e+00 0.000000
4 9.578333e-01 -0.043081
5 8.559837e-01 -0.155504
6 7.073279e-01 -0.346261
7 5.409711e-01 -0.614389
8 3.835936e-01 -0.958172
9 2.536974e-01 -1.371613
10 1.559309e-01 -1.858342
11 8.947126e-02 -2.413838
12 4.755895e-02 -3.045785
13 2.395020e-02 -3.731779
14 1.147899e-02 -4.467237
15 5.177789e-03 -5.263377
16 2.259350e-03 -6.092678
17 9.293458e-04 -6.981030
18 3.655943e-04 -7.913986
19 1.376174e-04 -8.891033
20 4.925785e-05 -9.918442
21 1.673125e-05 -10.998232
22 5.483541e-06 -12.113760
23 1.754971e-06 -13.253058
24 5.439680e-07 -14.424375
25 1.644742e-07 -15.620512
26 4.779240e-08 -16.856399
27 1.350165e-08 -18.120454
28 3.766638e-09 -19.397083
29 1.035306e-09 -20.688569
30 2.792220e-10 -21.999014
31 7.382570e-11 -23.329314
32 1.904472e-11 -24.684231
33 4.804465e-12 -26.061476
34 1.168003e-12 -27.475726
35 2.747254e-13 -28.923004
36 6.272134e-14 -30.400075
37 1.408687e-14 -31.893533
38 3.050550e-15 -33.423455
39 6.379560e-16 -34.988262
40 1.300792e-16 -36.578388
