3 0 720
3 1 720
3 2 700
3 3 630
3 4 692
3 5 630
4 0 700
4 1 692
4 2 700
4 3 630
4 4 692
4 5 630
4 6 348
4 7 468
4 8 356
4 9 207
4 10 474
4 11 208
4 12 356
4 13 329
4 14 348
4 15 208
4 16 329
4 17 207
4 18 468
4 19 329
4 20 474
4 21 207
4 22 329
4 23 207
5 0 348
5 1 468
5 2 347
5 3 329
5 4 474
5 5 329
5 6 348
5 7 468
5 8 356
5 9 207
5 10 474
5 11 208
5 12 356
5 13 329
5 14 348
5 15 208
5 16 329
5 17 207
5 18 468
5 19 329
5 20 474
5 21 207
5 22 329
5 23 207
5 24 45
5 25 132
5 26 45
5 27 106
5 28 132
5 29 106
5 30 45
5 31 132
5 32 46
5 33 26
5 34 132
5 35 26
5 36 46
5 37 107
5 38 46
5 39 26
5 40 107
5 41 26
5 42 132
5 43 107
5 44 132
5 45 26
5 46 108
5 47 26
5 48 45
5 49 132
5 50 46
5 51 26
5 52 132
5 53 26
5 54 45
5 55 132
5 56 46
5 57 26
5 58 132
5 59 26
5 60 46
5 61 26
5 62 46
5 63 26
5 64 26
5 65 26
5 66 132
5 67 26
5 68 132
5 69 26
5 70 26
5 71 26
5 72 46
5 73 107
5 74 46
5 75 26
5 76 107
5 77 26
5 78 46
5 79 107
5 80 46
5 81 26
5 82 108
5 83 26
5 84 46
5 85 26
5 86 45
5 87 26
5 88 26
5 89 26
5 90 106
5 91 26
5 92 107
5 93 26
5 94 26
5 95 26
5 96 132
5 97 106
5 98 132
5 99 26
5 100 107
5 101 26
5 102 132
5 103 106
5 104 132
5 105 26
5 106 107
5 107 26
5 108 132
5 109 26
5 110 132
5 111 26
5 112 26
5 113 26
5 114 106
5 115 26
5 116 107
5 117 26
5 118 26
5 119 26
6 0 45
6 1 132
6 2 45
6 3 106
6 4 132
6 5 106
6 6 45
6 7 132
6 8 46
6 9 26
6 10 132
6 11 26
6 12 46
6 13 107
6 14 45
6 15 26
6 16 107
6 17 26
6 18 132
6 19 107
6 20 132
6 21 26
6 22 107
6 23 26
6 24 45
6 25 132
6 26 45
6 27 106
6 28 132
6 29 106
6 30 45
6 31 132
6 32 46
6 33 26
6 34 132
6 35 26
6 36 46
6 37 107
6 38 46
6 39 26
6 40 107
6 41 26
6 42 132
6 43 107
6 44 132
6 45 26
6 46 108
6 47 26
6 48 45
6 49 132
6 50 46
6 51 26
6 52 132
6 53 26
6 54 45
6 55 132
6 56 46
6 57 26
6 58 132
6 59 26
6 60 46
6 61 26
6 62 46
6 63 26
6 64 26
6 65 26
6 66 132
6 67 26
6 68 132
6 69 26
6 70 26
6 71 26
6 72 46
6 73 107
6 74 46
6 75 26
6 76 107
6 77 26
6 78 46
6 79 107
6 80 46
6 81 26
6 82 108
6 83 26
6 84 46
6 85 26
6 86 45
6 87 26
6 88 26
6 89 26
6 90 106
6 91 26
6 92 107
6 93 26
6 94 26
6 95 26
6 96 132
6 97 106
6 98 132
6 99 26
6 100 107
6 101 26
6 102 132
6 103 106
6 104 132
6 105 26
6 106 107
6 107 26
6 108 132
6 109 26
6 110 132
6 111 26
6 112 26
6 113 26
6 114 106
6 115 26
6 116 107
6 117 26
6 118 26
6 119 26
6 120 1
6 121 10
6 122 1
6 123 18
6 124 10
6 125 18
6 126 1
6 127 10
6 128 1
6 129 1
6 130 10
6 131 1
6 132 1
6 133 18
6 134 1
6 135 1
6 136 18
6 137 1
6 138 10
6 139 18
6 140 10
6 141 1
6 142 18
6 143 1
6 144 1
6 145 10
6 146 1
6 147 18
6 148 10
6 149 18
6 150 1
6 151 10
6 152 1
6 153 1
6 154 10
6 155 1
6 156 1
6 157 18
6 158 1
6 159 1
6 160 18
6 161 1
6 162 10
6 163 18
6 164 10
6 165 1
6 166 18
6 167 1
6 168 1
6 169 10
6 170 1
6 171 1
6 172 10
6 173 1
6 174 1
6 175 10
6 176 1
6 177 1
6 178 10
6 179 1
6 180 1
6 181 1
6 182 1
6 183 1
6 184 1
6 185 1
6 186 10
6 187 1
6 188 10
6 189 1
6 190 1
6 191 1
6 192 1
6 193 18
6 194 1
6 195 1
6 196 18
6 197 1
6 198 1
6 199 18
6 200 1
6 201 1
6 202 18
6 203 1
6 204 1
6 205 1
6 206 1
6 207 1
6 208 1
6 209 1
6 210 18
6 211 1
6 212 18
6 213 1
6 214 1
6 215 1
6 216 10
6 217 18
6 218 10
6 219 1
6 220 18
6 221 1
6 222 10
6 223 18
6 224 10
6 225 1
6 226 18
6 227 1
6 228 10
6 229 1
6 230 10
6 231 1
6 232 1
6 233 1
6 234 18
6 235 1
6 236 18
6 237 1
6 238 1
6 239 1
6 240 1
6 241 10
6 242 1
6 243 18
6 244 10
6 245 18
6 246 1
6 247 10
6 248 1
6 249 1
6 250 10
6 251 1
6 252 1
6 253 18
6 254 1
6 255 1
6 256 18
6 257 1
6 258 10
6 259 18
6 260 10
6 261 1
6 262 18
6 263 1
6 264 1
6 265 10
6 266 1
6 267 18
6 268 10
6 269 18
6 270 1
6 271 10
6 272 1
6 273 1
6 274 10
6 275 1
6 276 1
6 277 18
6 278 1
6 279 1
6 280 18
6 281 1
6 282 10
6 283 18
6 284 10
6 285 1
6 286 18
6 287 1
6 288 1
6 289 10
6 290 1
6 291 1
6 292 10
6 293 1
6 294 1
6 295 10
6 296 1
6 297 1
6 298 10
6 299 1
6 300 1
6 301 1
6 302 1
6 303 1
6 304 1
6 305 1
6 306 10
6 307 1
6 308 10
6 309 1
6 310 1
6 311 1
6 312 1
6 313 18
6 314 1
6 315 1
6 316 18
6 317 1
6 318 1
6 319 18
6 320 1
6 321 1
6 322 18
6 323 1
6 324 1
6 325 1
6 326 1
6 327 1
6 328 1
6 329 1
6 330 18
6 331 1
6 332 18
6 333 1
6 334 1
6 335 1
6 336 10
6 337 18
6 338 10
6 339 1
6 340 18
6 341 1
6 342 10
6 343 18
6 344 10
6 345 1
6 346 18
6 347 1
6 348 10
6 349 1
6 350 10
6 351 1
6 352 1
6 353 1
6 354 18
6 355 1
6 356 18
6 357 1
6 358 1
6 359 1
6 360 1
6 361 10
6 362 1
6 363 1
6 364 10
6 365 1
6 366 1
6 367 10
6 368 1
6 369 1
6 370 10
6 371 1
6 372 1
6 373 1
6 374 1
6 375 1
6 376 1
6 377 1
6 378 10
6 379 1
6 380 10
6 381 1
6 382 1
6 383 1
6 384 1
6 385 10
6 386 1
6 387 1
6 388 10
6 389 1
6 390 1
6 391 10
6 392 1
6 393 1
6 394 10
6 395 1
6 396 1
6 397 1
6 398 1
6 399 1
6 400 1
6 401 1
6 402 10
6 403 1
6 404 10
6 405 1
6 406 1
6 407 1
6 408 1
6 409 10
6 410 1
6 411 1
6 412 10
6 413 1
6 414 1
6 415 10
6 416 1
6 417 1
6 418 10
6 419 1
6 420 1
6 421 1
6 422 1
6 423 1
6 424 1
6 425 1
6 426 10
6 427 1
6 428 10
6 429 1
6 430 1
6 431 1
6 432 1
6 433 1
6 434 1
6 435 1
6 436 1
6 437 1
6 438 1
6 439 1
6 440 1
6 441 1
6 442 1
6 443 1
6 444 1
6 445 1
6 446 1
6 447 1
6 448 1
6 449 1
6 450 1
6 451 1
6 452 1
6 453 1
6 454 1
6 455 1
6 456 10
6 457 1
6 458 10
6 459 1
6 460 1
6 461 1
6 462 10
6 463 1
6 464 10
6 465 1
6 466 1
6 467 1
6 468 10
6 469 1
6 470 10
6 471 1
6 472 1
6 473 1
6 474 1
6 475 1
6 476 1
6 477 1
6 478 1
6 479 1
6 480 1
6 481 18
6 482 1
6 483 1
6 484 18
6 485 1
6 486 1
6 487 18
6 488 1
6 489 1
6 490 18
6 491 1
6 492 1
6 493 1
6 494 1
6 495 1
6 496 1
6 497 1
6 498 18
6 499 1
6 500 18
6 501 1
6 502 1
6 503 1
6 504 1
6 505 18
6 506 1
6 507 1
6 508 18
6 509 1
6 510 1
6 511 18
6 512 1
6 513 1
6 514 18
6 515 1
6 516 1
6 517 1
6 518 1
6 519 1
6 520 1
6 521 1
6 522 18
6 523 1
6 524 18
6 525 1
6 526 1
6 527 1
6 528 1
6 529 18
6 530 1
6 531 1
6 532 18
6 533 1
6 534 1
6 535 18
6 536 1
6 537 1
6 538 18
6 539 1
6 540 1
6 541 1
6 542 1
6 543 1
6 544 1
6 545 1
6 546 18
6 547 1
6 548 18
6 549 1
6 550 1
6 551 1
6 552 1
6 553 1
6 554 1
6 555 1
6 556 1
6 557 1
6 558 1
6 559 1
6 560 1
6 561 1
6 562 1
6 563 1
6 564 1
6 565 1
6 566 1
6 567 1
6 568 1
6 569 1
6 570 1
6 571 1
6 572 1
6 573 1
6 574 1
6 575 1
6 576 18
6 577 1
6 578 18
6 579 1
6 580 1
6 581 1
6 582 18
6 583 1
6 584 18
6 585 1
6 586 1
6 587 1
6 588 18
6 589 1
6 590 18
6 591 1
6 592 1
6 593 1
6 594 1
6 595 1
6 596 1
6 597 1
6 598 1
6 599 1
6 600 10
6 601 18
6 602 10
6 603 1
6 604 18
6 605 1
6 606 10
6 607 18
6 608 10
6 609 1
6 610 18
6 611 1
6 612 10
6 613 1
6 614 10
6 615 1
6 616 1
6 617 1
6 618 18
6 619 1
6 620 18
6 621 1
6 622 1
6 623 1
6 624 10
6 625 18
6 626 10
6 627 1
6 628 18
6 629 1
6 630 10
6 631 18
6 632 10
6 633 1
6 634 18
6 635 1
6 636 10
6 637 1
6 638 10
6 639 1
6 640 1
6 641 1
6 642 18
6 643 1
6 644 18
6 645 1
6 646 1
6 647 1
6 648 10
6 649 18
6 650 10
6 651 1
6 652 18
6 653 1
6 654 10
6 655 18
6 656 10
6 657 1
6 658 18
6 659 1
6 660 10
6 661 1
6 662 10
6 663 1
6 664 1
6 665 1
6 666 18
6 667 1
6 668 18
6 669 1
6 670 1
6 671 1
6 672 10
6 673 1
6 674 10
6 675 1
6 676 1
6 677 1
6 678 10
6 679 1
6 680 10
6 681 1
6 682 1
6 683 1
6 684 10
6 685 1
6 686 10
6 687 1
6 688 1
6 689 1
6 690 1
6 691 1
6 692 1
6 693 1
6 694 1
6 695 1
6 696 18
6 697 1
6 698 18
6 699 1
6 700 1
6 701 1
6 702 18
6 703 1
6 704 18
6 705 1
6 706 1
6 707 1
6 708 18
6 709 1
6 710 18
6 711 1
6 712 1
6 713 1
6 714 1
6 715 1
6 716 1
6 717 1
6 718 1
6 719 1
7 0 1
7 1 10
7 2 1
7 3 18
7 4 10
7 5 18
7 6 1
7 7 10
7 8 1
7 9 1
7 10 10
7 11 1
7 12 1
7 13 18
7 14 1
7 15 1
7 16 18
7 17 1
7 18 10
7 19 18
7 20 10
7 21 1
7 22 18
7 23 1
7 24 1
7 25 10
7 26 1
7 27 18
7 28 10
7 29 18
7 30 1
7 31 10
7 32 1
7 33 1
7 34 10
7 35 1
7 36 1
7 37 18
7 38 1
7 39 1
7 40 18
7 41 1
7 42 10
7 43 18
7 44 10
7 45 1
7 46 18
7 47 1
7 48 1
7 49 10
7 50 1
7 51 1
7 52 10
7 53 1
7 54 1
7 55 10
7 56 1
7 57 1
7 58 10
7 59 1
7 60 1
7 61 1
7 62 1
7 63 1
7 64 1
7 65 1
7 66 10
7 67 1
7 68 10
7 69 1
7 70 1
7 71 1
7 72 1
7 73 18
7 74 1
7 75 1
7 76 18
7 77 1
7 78 1
7 79 18
7 80 1
7 81 1
7 82 18
7 83 1
7 84 1
7 85 1
7 86 1
7 87 1
7 88 1
7 89 1
7 90 18
7 91 1
7 92 18
7 93 1
7 94 1
7 95 1
7 96 10
7 97 18
7 98 10
7 99 1
7 100 18
7 101 1
7 102 10
7 103 18
7 104 10
7 105 1
7 106 18
7 107 1
7 108 10
7 109 1
7 110 10
7 111 1
7 112 1
7 113 1
7 114 18
7 115 1
7 116 18
7 117 1
7 118 1
7 119 1
7 120 1
7 121 10
7 122 1
7 123 18
7 124 10
7 125 18
7 126 1
7 127 10
7 128 1
7 129 1
7 130 10
7 131 1
7 132 1
7 133 18
7 134 1
7 135 1
7 136 18
7 137 1
7 138 10
7 139 18
7 140 10
7 141 1
7 142 18
7 143 1
7 144 1
7 145 10
7 146 1
7 147 18
7 148 10
7 149 18
7 150 1
7 151 10
7 152 1
7 153 1
7 154 10
7 155 1
7 156 1
7 157 18
7 158 1
7 159 1
7 160 18
7 161 1
7 162 10
7 163 18
7 164 10
7 165 1
7 166 18
7 167 1
7 168 1
7 169 10
7 170 1
7 171 1
7 172 10
7 173 1
7 174 1
7 175 10
7 176 1
7 177 1
7 178 10
7 179 1
7 180 1
7 181 1
7 182 1
7 183 1
7 184 1
7 185 1
7 186 10
7 187 1
7 188 10
7 189 1
7 190 1
7 191 1
7 192 1
7 193 18
7 194 1
7 195 1
7 196 18
7 197 1
7 198 1
7 199 18
7 200 1
7 201 1
7 202 18
7 203 1
7 204 1
7 205 1
7 206 1
7 207 1
7 208 1
7 209 1
7 210 18
7 211 1
7 212 18
7 213 1
7 214 1
7 215 1
7 216 10
7 217 18
7 218 10
7 219 1
7 220 18
7 221 1
7 222 10
7 223 18
7 224 10
7 225 1
7 226 18
7 227 1
7 228 10
7 229 1
7 230 10
7 231 1
7 232 1
7 233 1
7 234 18
7 235 1
7 236 18
7 237 1
7 238 1
7 239 1
7 240 1
7 241 10
7 242 1
7 243 18
7 244 10
7 245 18
7 246 1
7 247 10
7 248 1
7 249 1
7 250 10
7 251 1
7 252 1
7 253 18
7 254 1
7 255 1
7 256 18
7 257 1
7 258 10
7 259 18
7 260 10
7 261 1
7 262 18
7 263 1
7 264 1
7 265 10
7 266 1
7 267 18
7 268 10
7 269 18
7 270 1
7 271 10
7 272 1
7 273 1
7 274 10
7 275 1
7 276 1
7 277 18
7 278 1
7 279 1
7 280 18
7 281 1
7 282 10
7 283 18
7 284 10
7 285 1
7 286 18
7 287 1
7 288 1
7 289 10
7 290 1
7 291 1
7 292 10
7 293 1
7 294 1
7 295 10
7 296 1
7 297 1
7 298 10
7 299 1
7 300 1
7 301 1
7 302 1
7 303 1
7 304 1
7 305 1
7 306 10
7 307 1
7 308 10
7 309 1
7 310 1
7 311 1
7 312 1
7 313 18
7 314 1
7 315 1
7 316 18
7 317 1
7 318 1
7 319 18
7 320 1
7 321 1
7 322 18
7 323 1
7 324 1
7 325 1
7 326 1
7 327 1
7 328 1
7 329 1
7 330 18
7 331 1
7 332 18
7 333 1
7 334 1
7 335 1
7 336 10
7 337 18
7 338 10
7 339 1
7 340 18
7 341 1
7 342 10
7 343 18
7 344 10
7 345 1
7 346 18
7 347 1
7 348 10
7 349 1
7 350 10
7 351 1
7 352 1
7 353 1
7 354 18
7 355 1
7 356 18
7 357 1
7 358 1
7 359 1
7 360 1
7 361 10
7 362 1
7 363 1
7 364 10
7 365 1
7 366 1
7 367 10
7 368 1
7 369 1
7 370 10
7 371 1
7 372 1
7 373 1
7 374 1
7 375 1
7 376 1
7 377 1
7 378 10
7 379 1
7 380 10
7 381 1
7 382 1
7 383 1
7 384 1
7 385 10
7 386 1
7 387 1
7 388 10
7 389 1
7 390 1
7 391 10
7 392 1
7 393 1
7 394 10
7 395 1
7 396 1
7 397 1
7 398 1
7 399 1
7 400 1
7 401 1
7 402 10
7 403 1
7 404 10
7 405 1
7 406 1
7 407 1
7 408 1
7 409 10
7 410 1
7 411 1
7 412 10
7 413 1
7 414 1
7 415 10
7 416 1
7 417 1
7 418 10
7 419 1
7 420 1
7 421 1
7 422 1
7 423 1
7 424 1
7 425 1
7 426 10
7 427 1
7 428 10
7 429 1
7 430 1
7 431 1
7 432 1
7 433 1
7 434 1
7 435 1
7 436 1
7 437 1
7 438 1
7 439 1
7 440 1
7 441 1
7 442 1
7 443 1
7 444 1
7 445 1
7 446 1
7 447 1
7 448 1
7 449 1
7 450 1
7 451 1
7 452 1
7 453 1
7 454 1
7 455 1
7 456 10
7 457 1
7 458 10
7 459 1
7 460 1
7 461 1
7 462 10
7 463 1
7 464 10
7 465 1
7 466 1
7 467 1
7 468 10
7 469 1
7 470 10
7 471 1
7 472 1
7 473 1
7 474 1
7 475 1
7 476 1
7 477 1
7 478 1
7 479 1
7 480 1
7 481 18
7 482 1
7 483 1
7 484 18
7 485 1
7 486 1
7 487 18
7 488 1
7 489 1
7 490 18
7 491 1
7 492 1
7 493 1
7 494 1
7 495 1
7 496 1
7 497 1
7 498 18
7 499 1
7 500 18
7 501 1
7 502 1
7 503 1
7 504 1
7 505 18
7 506 1
7 507 1
7 508 18
7 509 1
7 510 1
7 511 18
7 512 1
7 513 1
7 514 18
7 515 1
7 516 1
7 517 1
7 518 1
7 519 1
7 520 1
7 521 1
7 522 18
7 523 1
7 524 18
7 525 1
7 526 1
7 527 1
7 528 1
7 529 18
7 530 1
7 531 1
7 532 18
7 533 1
7 534 1
7 535 18
7 536 1
7 537 1
7 538 18
7 539 1
7 540 1
7 541 1
7 542 1
7 543 1
7 544 1
7 545 1
7 546 18
7 547 1
7 548 18
7 549 1
7 550 1
7 551 1
7 552 1
7 553 1
7 554 1
7 555 1
7 556 1
7 557 1
7 558 1
7 559 1
7 560 1
7 561 1
7 562 1
7 563 1
7 564 1
7 565 1
7 566 1
7 567 1
7 568 1
7 569 1
7 570 1
7 571 1
7 572 1
7 573 1
7 574 1
7 575 1
7 576 18
7 577 1
7 578 18
7 579 1
7 580 1
7 581 1
7 582 18
7 583 1
7 584 18
7 585 1
7 586 1
7 587 1
7 588 18
7 589 1
7 590 18
7 591 1
7 592 1
7 593 1
7 594 1
7 595 1
7 596 1
7 597 1
7 598 1
7 599 1
7 600 10
7 601 18
7 602 10
7 603 1
7 604 18
7 605 1
7 606 10
7 607 18
7 608 10
7 609 1
7 610 18
7 611 1
7 612 10
7 613 1
7 614 10
7 615 1
7 616 1
7 617 1
7 618 18
7 619 1
7 620 18
7 621 1
7 622 1
7 623 1
7 624 10
7 625 18
7 626 10
7 627 1
7 628 18
7 629 1
7 630 10
7 631 18
7 632 10
7 633 1
7 634 18
7 635 1
7 636 10
7 637 1
7 638 10
7 639 1
7 640 1
7 641 1
7 642 18
7 643 1
7 644 18
7 645 1
7 646 1
7 647 1
7 648 10
7 649 18
7 650 10
7 651 1
7 652 18
7 653 1
7 654 10
7 655 18
7 656 10
7 657 1
7 658 18
7 659 1
7 660 10
7 661 1
7 662 10
7 663 1
7 664 1
7 665 1
7 666 18
7 667 1
7 668 18
7 669 1
7 670 1
7 671 1
7 672 10
7 673 1
7 674 10
7 675 1
7 676 1
7 677 1
7 678 10
7 679 1
7 680 10
7 681 1
7 682 1
7 683 1
7 684 10
7 685 1
7 686 10
7 687 1
7 688 1
7 689 1
7 690 1
7 691 1
7 692 1
7 693 1
7 694 1
7 695 1
7 696 18
7 697 1
7 698 18
7 699 1
7 700 1
7 701 1
7 702 18
7 703 1
7 704 18
7 705 1
7 706 1
7 707 1
7 708 18
7 709 1
7 710 18
7 711 1
7 712 1
7 713 1
7 714 1
7 715 1
7 716 1
7 717 1
7 718 1
7 719 1
7 720 0
7 721 0
7 722 0
7 723 1
7 724 0
7 725 1
7 726 0
7 727 0
7 728 0
7 729 0
7 730 0
7 731 0
7 732 0
7 733 1
7 734 0
7 735 0
7 736 1
7 737 0
7 738 0
7 739 1
7 740 0
7 741 0
7 742 1
7 743 0
7 744 0
7 745 0
7 746 0
7 747 1
7 748 0
7 749 1
7 750 0
7 751 0
7 752 0
7 753 0
7 754 0
7 755 0
7 756 0
7 757 1
7 758 0
7 759 0
7 760 1
7 761 0
7 762 0
7 763 1
7 764 0
7 765 0
7 766 1
7 767 0
7 768 0
7 769 0
7 770 0
7 771 0
7 772 0
7 773 0
7 774 0
7 775 0
7 776 0
7 777 0
7 778 0
7 779 0
7 780 0
7 781 0
7 782 0
7 783 0
7 784 0
7 785 0
7 786 0
7 787 0
7 788 0
7 789 0
7 790 0
7 791 0
7 792 0
7 793 1
7 794 0
7 795 0
7 796 1
7 797 0
7 798 0
7 799 1
7 800 0
7 801 0
7 802 1
7 803 0
7 804 0
7 805 0
7 806 0
7 807 0
7 808 0
7 809 0
7 810 1
7 811 0
7 812 1
7 813 0
7 814 0
7 815 0
7 816 0
7 817 1
7 818 0
7 819 0
7 820 1
7 821 0
7 822 0
7 823 1
7 824 0
7 825 0
7 826 1
7 827 0
7 828 0
7 829 0
7 830 0
7 831 0
7 832 0
7 833 0
7 834 1
7 835 0
7 836 1
7 837 0
7 838 0
7 839 0
7 840 0
7 841 0
7 842 0
7 843 1
7 844 0
7 845 1
7 846 0
7 847 0
7 848 0
7 849 0
7 850 0
7 851 0
7 852 0
7 853 1
7 854 0
7 855 0
7 856 1
7 857 0
7 858 0
7 859 1
7 860 0
7 861 0
7 862 1
7 863 0
7 864 0
7 865 0
7 866 0
7 867 1
7 868 0
7 869 1
7 870 0
7 871 0
7 872 0
7 873 0
7 874 0
7 875 0
7 876 0
7 877 1
7 878 0
7 879 0
7 880 1
7 881 0
7 882 0
7 883 1
7 884 0
7 885 0
7 886 1
7 887 0
7 888 0
7 889 0
7 890 0
7 891 0
7 892 0
7 893 0
7 894 0
7 895 0
7 896 0
7 897 0
7 898 0
7 899 0
7 900 0
7 901 0
7 902 0
7 903 0
7 904 0
7 905 0
7 906 0
7 907 0
7 908 0
7 909 0
7 910 0
7 911 0
7 912 0
7 913 1
7 914 0
7 915 0
7 916 1
7 917 0
7 918 0
7 919 1
7 920 0
7 921 0
7 922 1
7 923 0
7 924 0
7 925 0
7 926 0
7 927 0
7 928 0
7 929 0
7 930 1
7 931 0
7 932 1
7 933 0
7 934 0
7 935 0
7 936 0
7 937 1
7 938 0
7 939 0
7 940 1
7 941 0
7 942 0
7 943 1
7 944 0
7 945 0
7 946 1
7 947 0
7 948 0
7 949 0
7 950 0
7 951 0
7 952 0
7 953 0
7 954 1
7 955 0
7 956 1
7 957 0
7 958 0
7 959 0
7 960 0
7 961 0
7 962 0
7 963 1
7 964 0
7 965 1
7 966 0
7 967 0
7 968 0
7 969 0
7 970 0
7 971 0
7 972 0
7 973 1
7 974 0
7 975 0
7 976 1
7 977 0
7 978 0
7 979 1
7 980 0
7 981 0
7 982 1
7 983 0
7 984 0
7 985 0
7 986 0
7 987 1
7 988 0
7 989 1
7 990 0
7 991 0
7 992 0
7 993 0
7 994 0
7 995 0
7 996 0
7 997 1
7 998 0
7 999 0
7 1000 1
7 1001 0
7 1002 0
7 1003 1
7 1004 0
7 1005 0
7 1006 1
7 1007 0
7 1008 0
7 1009 0
7 1010 0
7 1011 0
7 1012 0
7 1013 0
7 1014 0
7 1015 0
7 1016 0
7 1017 0
7 1018 0
7 1019 0
7 1020 0
7 1021 0
7 1022 0
7 1023 0
7 1024 0
7 1025 0
7 1026 0
7 1027 0
7 1028 0
7 1029 0
7 1030 0
7 1031 0
7 1032 0
7 1033 1
7 1034 0
7 1035 0
7 1036 1
7 1037 0
7 1038 0
7 1039 1
7 1040 0
7 1041 0
7 1042 1
7 1043 0
7 1044 0
7 1045 0
7 1046 0
7 1047 0
7 1048 0
7 1049 0
7 1050 1
7 1051 0
7 1052 1
7 1053 0
7 1054 0
7 1055 0
7 1056 0
7 1057 1
7 1058 0
7 1059 0
7 1060 1
7 1061 0
7 1062 0
7 1063 1
7 1064 0
7 1065 0
7 1066 1
7 1067 0
7 1068 0
7 1069 0
7 1070 0
7 1071 0
7 1072 0
7 1073 0
7 1074 1
7 1075 0
7 1076 1
7 1077 0
7 1078 0
7 1079 0
7 1080 0
7 1081 0
7 1082 0
7 1083 0
7 1084 0
7 1085 0
7 1086 0
7 1087 0
7 1088 0
7 1089 0
7 1090 0
7 1091 0
7 1092 0
7 1093 0
7 1094 0
7 1095 0
7 1096 0
7 1097 0
7 1098 0
7 1099 0
7 1100 0
7 1101 0
7 1102 0
7 1103 0
7 1104 0
7 1105 0
7 1106 0
7 1107 0
7 1108 0
7 1109 0
7 1110 0
7 1111 0
7 1112 0
7 1113 0
7 1114 0
7 1115 0
7 1116 0
7 1117 0
7 1118 0
7 1119 0
7 1120 0
7 1121 0
7 1122 0
7 1123 0
7 1124 0
7 1125 0
7 1126 0
7 1127 0
7 1128 0
7 1129 0
7 1130 0
7 1131 0
7 1132 0
7 1133 0
7 1134 0
7 1135 0
7 1136 0
7 1137 0
7 1138 0
7 1139 0
7 1140 0
7 1141 0
7 1142 0
7 1143 0
7 1144 0
7 1145 0
7 1146 0
7 1147 0
7 1148 0
7 1149 0
7 1150 0
7 1151 0
7 1152 0
7 1153 0
7 1154 0
7 1155 0
7 1156 0
7 1157 0
7 1158 0
7 1159 0
7 1160 0
7 1161 0
7 1162 0
7 1163 0
7 1164 0
7 1165 0
7 1166 0
7 1167 0
7 1168 0
7 1169 0
7 1170 0
7 1171 0
7 1172 0
7 1173 0
7 1174 0
7 1175 0
7 1176 0
7 1177 0
7 1178 0
7 1179 0
7 1180 0
7 1181 0
7 1182 0
7 1183 0
7 1184 0
7 1185 0
7 1186 0
7 1187 0
7 1188 0
7 1189 0
7 1190 0
7 1191 0
7 1192 0
7 1193 0
7 1194 0
7 1195 0
7 1196 0
7 1197 0
7 1198 0
7 1199 0
7 1200 0
7 1201 1
7 1202 0
7 1203 0
7 1204 1
7 1205 0
7 1206 0
7 1207 1
7 1208 0
7 1209 0
7 1210 1
7 1211 0
7 1212 0
7 1213 0
7 1214 0
7 1215 0
7 1216 0
7 1217 0
7 1218 1
7 1219 0
7 1220 1
7 1221 0
7 1222 0
7 1223 0
7 1224 0
7 1225 1
7 1226 0
7 1227 0
7 1228 1
7 1229 0
7 1230 0
7 1231 1
7 1232 0
7 1233 0
7 1234 1
7 1235 0
7 1236 0
7 1237 0
7 1238 0
7 1239 0
7 1240 0
7 1241 0
7 1242 1
7 1243 0
7 1244 1
7 1245 0
7 1246 0
7 1247 0
7 1248 0
7 1249 1
7 1250 0
7 1251 0
7 1252 1
7 1253 0
7 1254 0
7 1255 1
7 1256 0
7 1257 0
7 1258 1
7 1259 0
7 1260 0
7 1261 0
7 1262 0
7 1263 0
7 1264 0
7 1265 0
7 1266 1
7 1267 0
7 1268 1
7 1269 0
7 1270 0
7 1271 0
7 1272 0
7 1273 0
7 1274 0
7 1275 0
7 1276 0
7 1277 0
7 1278 0
7 1279 0
7 1280 0
7 1281 0
7 1282 0
7 1283 0
7 1284 0
7 1285 0
7 1286 0
7 1287 0
7 1288 0
7 1289 0
7 1290 0
7 1291 0
7 1292 0
7 1293 0
7 1294 0
7 1295 0
7 1296 1
7 1297 0
7 1298 1
7 1299 0
7 1300 0
7 1301 0
7 1302 1
7 1303 0
7 1304 1
7 1305 0
7 1306 0
7 1307 0
7 1308 1
7 1309 0
7 1310 1
7 1311 0
7 1312 0
7 1313 0
7 1314 0
7 1315 0
7 1316 0
7 1317 0
7 1318 0
7 1319 0
7 1320 0
7 1321 1
7 1322 0
7 1323 0
7 1324 1
7 1325 0
7 1326 0
7 1327 1
7 1328 0
7 1329 0
7 1330 1
7 1331 0
7 1332 0
7 1333 0
7 1334 0
7 1335 0
7 1336 0
7 1337 0
7 1338 1
7 1339 0
7 1340 1
7 1341 0
7 1342 0
7 1343 0
7 1344 0
7 1345 1
7 1346 0
7 1347 0
7 1348 1
7 1349 0
7 1350 0
7 1351 1
7 1352 0
7 1353 0
7 1354 1
7 1355 0
7 1356 0
7 1357 0
7 1358 0
7 1359 0
7 1360 0
7 1361 0
7 1362 1
7 1363 0
7 1364 1
7 1365 0
7 1366 0
7 1367 0
7 1368 0
7 1369 1
7 1370 0
7 1371 0
7 1372 1
7 1373 0
7 1374 0
7 1375 1
7 1376 0
7 1377 0
7 1378 1
7 1379 0
7 1380 0
7 1381 0
7 1382 0
7 1383 0
7 1384 0
7 1385 0
7 1386 1
7 1387 0
7 1388 1
7 1389 0
7 1390 0
7 1391 0
7 1392 0
7 1393 0
7 1394 0
7 1395 0
7 1396 0
7 1397 0
7 1398 0
7 1399 0
7 1400 0
7 1401 0
7 1402 0
7 1403 0
7 1404 0
7 1405 0
7 1406 0
7 1407 0
7 1408 0
7 1409 0
7 1410 0
7 1411 0
7 1412 0
7 1413 0
7 1414 0
7 1415 0
7 1416 1
7 1417 0
7 1418 1
7 1419 0
7 1420 0
7 1421 0
7 1422 1
7 1423 0
7 1424 1
7 1425 0
7 1426 0
7 1427 0
7 1428 1
7 1429 0
7 1430 1
7 1431 0
7 1432 0
7 1433 0
7 1434 0
7 1435 0
7 1436 0
7 1437 0
7 1438 0
7 1439 0
7 1440 0
7 1441 0
7 1442 0
7 1443 1
7 1444 0
7 1445 1
7 1446 0
7 1447 0
7 1448 0
7 1449 0
7 1450 0
7 1451 0
7 1452 0
7 1453 1
7 1454 0
7 1455 0
7 1456 1
7 1457 0
7 1458 0
7 1459 1
7 1460 0
7 1461 0
7 1462 1
7 1463 0
7 1464 0
7 1465 0
7 1466 0
7 1467 1
7 1468 0
7 1469 1
7 1470 0
7 1471 0
7 1472 0
7 1473 0
7 1474 0
7 1475 0
7 1476 0
7 1477 1
7 1478 0
7 1479 0
7 1480 1
7 1481 0
7 1482 0
7 1483 1
7 1484 0
7 1485 0
7 1486 1
7 1487 0
7 1488 0
7 1489 0
7 1490 0
7 1491 0
7 1492 0
7 1493 0
7 1494 0
7 1495 0
7 1496 0
7 1497 0
7 1498 0
7 1499 0
7 1500 0
7 1501 0
7 1502 0
7 1503 0
7 1504 0
7 1505 0
7 1506 0
7 1507 0
7 1508 0
7 1509 0
7 1510 0
7 1511 0
7 1512 0
7 1513 1
7 1514 0
7 1515 0
7 1516 1
7 1517 0
7 1518 0
7 1519 1
7 1520 0
7 1521 0
7 1522 1
7 1523 0
7 1524 0
7 1525 0
7 1526 0
7 1527 0
7 1528 0
7 1529 0
7 1530 1
7 1531 0
7 1532 1
7 1533 0
7 1534 0
7 1535 0
7 1536 0
7 1537 1
7 1538 0
7 1539 0
7 1540 1
7 1541 0
7 1542 0
7 1543 1
7 1544 0
7 1545 0
7 1546 1
7 1547 0
7 1548 0
7 1549 0
7 1550 0
7 1551 0
7 1552 0
7 1553 0
7 1554 1
7 1555 0
7 1556 1
7 1557 0
7 1558 0
7 1559 0
7 1560 0
7 1561 0
7 1562 0
7 1563 1
7 1564 0
7 1565 1
7 1566 0
7 1567 0
7 1568 0
7 1569 0
7 1570 0
7 1571 0
7 1572 0
7 1573 1
7 1574 0
7 1575 0
7 1576 1
7 1577 0
7 1578 0
7 1579 1
7 1580 0
7 1581 0
7 1582 1
7 1583 0
7 1584 0
7 1585 0
7 1586 0
7 1587 1
7 1588 0
7 1589 1
7 1590 0
7 1591 0
7 1592 0
7 1593 0
7 1594 0
7 1595 0
7 1596 0
7 1597 1
7 1598 0
7 1599 0
7 1600 1
7 1601 0
7 1602 0
7 1603 1
7 1604 0
7 1605 0
7 1606 1
7 1607 0
7 1608 0
7 1609 0
7 1610 0
7 1611 0
7 1612 0
7 1613 0
7 1614 0
7 1615 0
7 1616 0
7 1617 0
7 1618 0
7 1619 0
7 1620 0
7 1621 0
7 1622 0
7 1623 0
7 1624 0
7 1625 0
7 1626 0
7 1627 0
7 1628 0
7 1629 0
7 1630 0
7 1631 0
7 1632 0
7 1633 1
7 1634 0
7 1635 0
7 1636 1
7 1637 0
7 1638 0
7 1639 1
7 1640 0
7 1641 0
7 1642 1
7 1643 0
7 1644 0
7 1645 0
7 1646 0
7 1647 0
7 1648 0
7 1649 0
7 1650 1
7 1651 0
7 1652 1
7 1653 0
7 1654 0
7 1655 0
7 1656 0
7 1657 1
7 1658 0
7 1659 0
7 1660 1
7 1661 0
7 1662 0
7 1663 1
7 1664 0
7 1665 0
7 1666 1
7 1667 0
7 1668 0
7 1669 0
7 1670 0
7 1671 0
7 1672 0
7 1673 0
7 1674 1
7 1675 0
7 1676 1
7 1677 0
7 1678 0
7 1679 0
7 1680 0
7 1681 0
7 1682 0
7 1683 1
7 1684 0
7 1685 1
7 1686 0
7 1687 0
7 1688 0
7 1689 0
7 1690 0
7 1691 0
7 1692 0
7 1693 1
7 1694 0
7 1695 0
7 1696 1
7 1697 0
7 1698 0
7 1699 1
7 1700 0
7 1701 0
7 1702 1
7 1703 0
7 1704 0
7 1705 0
7 1706 0
7 1707 1
7 1708 0
7 1709 1
7 1710 0
7 1711 0
7 1712 0
7 1713 0
7 1714 0
7 1715 0
7 1716 0
7 1717 1
7 1718 0
7 1719 0
7 1720 1
7 1721 0
7 1722 0
7 1723 1
7 1724 0
7 1725 0
7 1726 1
7 1727 0
7 1728 0
7 1729 0
7 1730 0
7 1731 0
7 1732 0
7 1733 0
7 1734 0
7 1735 0
7 1736 0
7 1737 0
7 1738 0
7 1739 0
7 1740 0
7 1741 0
7 1742 0
7 1743 0
7 1744 0
7 1745 0
7 1746 0
7 1747 0
7 1748 0
7 1749 0
7 1750 0
7 1751 0
7 1752 0
7 1753 1
7 1754 0
7 1755 0
7 1756 1
7 1757 0
7 1758 0
7 1759 1
7 1760 0
7 1761 0
7 1762 1
7 1763 0
7 1764 0
7 1765 0
7 1766 0
7 1767 0
7 1768 0
7 1769 0
7 1770 1
7 1771 0
7 1772 1
7 1773 0
7 1774 0
7 1775 0
7 1776 0
7 1777 1
7 1778 0
7 1779 0
7 1780 1
7 1781 0
7 1782 0
7 1783 1
7 1784 0
7 1785 0
7 1786 1
7 1787 0
7 1788 0
7 1789 0
7 1790 0
7 1791 0
7 1792 0
7 1793 0
7 1794 1
7 1795 0
7 1796 1
7 1797 0
7 1798 0
7 1799 0
7 1800 0
7 1801 0
7 1802 0
7 1803 0
7 1804 0
7 1805 0
7 1806 0
7 1807 0
7 1808 0
7 1809 0
7 1810 0
7 1811 0
7 1812 0
7 1813 0
7 1814 0
7 1815 0
7 1816 0
7 1817 0
7 1818 0
7 1819 0
7 1820 0
7 1821 0
7 1822 0
7 1823 0
7 1824 0
7 1825 0
7 1826 0
7 1827 0
7 1828 0
7 1829 0
7 1830 0
7 1831 0
7 1832 0
7 1833 0
7 1834 0
7 1835 0
7 1836 0
7 1837 0
7 1838 0
7 1839 0
7 1840 0
7 1841 0
7 1842 0
7 1843 0
7 1844 0
7 1845 0
7 1846 0
7 1847 0
7 1848 0
7 1849 0
7 1850 0
7 1851 0
7 1852 0
7 1853 0
7 1854 0
7 1855 0
7 1856 0
7 1857 0
7 1858 0
7 1859 0
7 1860 0
7 1861 0
7 1862 0
7 1863 0
7 1864 0
7 1865 0
7 1866 0
7 1867 0
7 1868 0
7 1869 0
7 1870 0
7 1871 0
7 1872 0
7 1873 0
7 1874 0
7 1875 0
7 1876 0
7 1877 0
7 1878 0
7 1879 0
7 1880 0
7 1881 0
7 1882 0
7 1883 0
7 1884 0
7 1885 0
7 1886 0
7 1887 0
7 1888 0
7 1889 0
7 1890 0
7 1891 0
7 1892 0
7 1893 0
7 1894 0
7 1895 0
7 1896 0
7 1897 0
7 1898 0
7 1899 0
7 1900 0
7 1901 0
7 1902 0
7 1903 0
7 1904 0
7 1905 0
7 1906 0
7 1907 0
7 1908 0
7 1909 0
7 1910 0
7 1911 0
7 1912 0
7 1913 0
7 1914 0
7 1915 0
7 1916 0
7 1917 0
7 1918 0
7 1919 0
7 1920 0
7 1921 1
7 1922 0
7 1923 0
7 1924 1
7 1925 0
7 1926 0
7 1927 1
7 1928 0
7 1929 0
7 1930 1
7 1931 0
7 1932 0
7 1933 0
7 1934 0
7 1935 0
7 1936 0
7 1937 0
7 1938 1
7 1939 0
7 1940 1
7 1941 0
7 1942 0
7 1943 0
7 1944 0
7 1945 1
7 1946 0
7 1947 0
7 1948 1
7 1949 0
7 1950 0
7 1951 1
7 1952 0
7 1953 0
7 1954 1
7 1955 0
7 1956 0
7 1957 0
7 1958 0
7 1959 0
7 1960 0
7 1961 0
7 1962 1
7 1963 0
7 1964 1
7 1965 0
7 1966 0
7 1967 0
7 1968 0
7 1969 1
7 1970 0
7 1971 0
7 1972 1
7 1973 0
7 1974 0
7 1975 1
7 1976 0
7 1977 0
7 1978 1
7 1979 0
7 1980 0
7 1981 0
7 1982 0
7 1983 0
7 1984 0
7 1985 0
7 1986 1
7 1987 0
7 1988 1
7 1989 0
7 1990 0
7 1991 0
7 1992 0
7 1993 0
7 1994 0
7 1995 0
7 1996 0
7 1997 0
7 1998 0
7 1999 0
7 2000 0
7 2001 0
7 2002 0
7 2003 0
7 2004 0
7 2005 0
7 2006 0
7 2007 0
7 2008 0
7 2009 0
7 2010 0
7 2011 0
7 2012 0
7 2013 0
7 2014 0
7 2015 0
7 2016 1
7 2017 0
7 2018 1
7 2019 0
7 2020 0
7 2021 0
7 2022 1
7 2023 0
7 2024 1
7 2025 0
7 2026 0
7 2027 0
7 2028 1
7 2029 0
7 2030 1
7 2031 0
7 2032 0
7 2033 0
7 2034 0
7 2035 0
7 2036 0
7 2037 0
7 2038 0
7 2039 0
7 2040 0
7 2041 1
7 2042 0
7 2043 0
7 2044 1
7 2045 0
7 2046 0
7 2047 1
7 2048 0
7 2049 0
7 2050 1
7 2051 0
7 2052 0
7 2053 0
7 2054 0
7 2055 0
7 2056 0
7 2057 0
7 2058 1
7 2059 0
7 2060 1
7 2061 0
7 2062 0
7 2063 0
7 2064 0
7 2065 1
7 2066 0
7 2067 0
7 2068 1
7 2069 0
7 2070 0
7 2071 1
7 2072 0
7 2073 0
7 2074 1
7 2075 0
7 2076 0
7 2077 0
7 2078 0
7 2079 0
7 2080 0
7 2081 0
7 2082 1
7 2083 0
7 2084 1
7 2085 0
7 2086 0
7 2087 0
7 2088 0
7 2089 1
7 2090 0
7 2091 0
7 2092 1
7 2093 0
7 2094 0
7 2095 1
7 2096 0
7 2097 0
7 2098 1
7 2099 0
7 2100 0
7 2101 0
7 2102 0
7 2103 0
7 2104 0
7 2105 0
7 2106 1
7 2107 0
7 2108 1
7 2109 0
7 2110 0
7 2111 0
7 2112 0
7 2113 0
7 2114 0
7 2115 0
7 2116 0
7 2117 0
7 2118 0
7 2119 0
7 2120 0
7 2121 0
7 2122 0
7 2123 0
7 2124 0
7 2125 0
7 2126 0
7 2127 0
7 2128 0
7 2129 0
7 2130 0
7 2131 0
7 2132 0
7 2133 0
7 2134 0
7 2135 0
7 2136 1
7 2137 0
7 2138 1
7 2139 0
7 2140 0
7 2141 0
7 2142 1
7 2143 0
7 2144 1
7 2145 0
7 2146 0
7 2147 0
7 2148 1
7 2149 0
7 2150 1
7 2151 0
7 2152 0
7 2153 0
7 2154 0
7 2155 0
7 2156 0
7 2157 0
7 2158 0
7 2159 0
7 2160 0
7 2161 0
7 2162 0
7 2163 1
7 2164 0
7 2165 1
7 2166 0
7 2167 0
7 2168 0
7 2169 0
7 2170 0
7 2171 0
7 2172 0
7 2173 1
7 2174 0
7 2175 0
7 2176 1
7 2177 0
7 2178 0
7 2179 1
7 2180 0
7 2181 0
7 2182 1
7 2183 0
7 2184 0
7 2185 0
7 2186 0
7 2187 1
7 2188 0
7 2189 1
7 2190 0
7 2191 0
7 2192 0
7 2193 0
7 2194 0
7 2195 0
7 2196 0
7 2197 1
7 2198 0
7 2199 0
7 2200 1
7 2201 0
7 2202 0
7 2203 1
7 2204 0
7 2205 0
7 2206 1
7 2207 0
7 2208 0
7 2209 0
7 2210 0
7 2211 0
7 2212 0
7 2213 0
7 2214 0
7 2215 0
7 2216 0
7 2217 0
7 2218 0
7 2219 0
7 2220 0
7 2221 0
7 2222 0
7 2223 0
7 2224 0
7 2225 0
7 2226 0
7 2227 0
7 2228 0
7 2229 0
7 2230 0
7 2231 0
7 2232 0
7 2233 1
7 2234 0
7 2235 0
7 2236 1
7 2237 0
7 2238 0
7 2239 1
7 2240 0
7 2241 0
7 2242 1
7 2243 0
7 2244 0
7 2245 0
7 2246 0
7 2247 0
7 2248 0
7 2249 0
7 2250 1
7 2251 0
7 2252 1
7 2253 0
7 2254 0
7 2255 0
7 2256 0
7 2257 1
7 2258 0
7 2259 0
7 2260 1
7 2261 0
7 2262 0
7 2263 1
7 2264 0
7 2265 0
7 2266 1
7 2267 0
7 2268 0
7 2269 0
7 2270 0
7 2271 0
7 2272 0
7 2273 0
7 2274 1
7 2275 0
7 2276 1
7 2277 0
7 2278 0
7 2279 0
7 2280 0
7 2281 0
7 2282 0
7 2283 1
7 2284 0
7 2285 1
7 2286 0
7 2287 0
7 2288 0
7 2289 0
7 2290 0
7 2291 0
7 2292 0
7 2293 1
7 2294 0
7 2295 0
7 2296 1
7 2297 0
7 2298 0
7 2299 1
7 2300 0
7 2301 0
7 2302 1
7 2303 0
7 2304 0
7 2305 0
7 2306 0
7 2307 1
7 2308 0
7 2309 1
7 2310 0
7 2311 0
7 2312 0
7 2313 0
7 2314 0
7 2315 0
7 2316 0
7 2317 1
7 2318 0
7 2319 0
7 2320 1
7 2321 0
7 2322 0
7 2323 1
7 2324 0
7 2325 0
7 2326 1
7 2327 0
7 2328 0
7 2329 0
7 2330 0
7 2331 0
7 2332 0
7 2333 0
7 2334 0
7 2335 0
7 2336 0
7 2337 0
7 2338 0
7 2339 0
7 2340 0
7 2341 0
7 2342 0
7 2343 0
7 2344 0
7 2345 0
7 2346 0
7 2347 0
7 2348 0
7 2349 0
7 2350 0
7 2351 0
7 2352 0
7 2353 1
7 2354 0
7 2355 0
7 2356 1
7 2357 0
7 2358 0
7 2359 1
7 2360 0
7 2361 0
7 2362 1
7 2363 0
7 2364 0
7 2365 0
7 2366 0
7 2367 0
7 2368 0
7 2369 0
7 2370 1
7 2371 0
7 2372 1
7 2373 0
7 2374 0
7 2375 0
7 2376 0
7 2377 1
7 2378 0
7 2379 0
7 2380 1
7 2381 0
7 2382 0
7 2383 1
7 2384 0
7 2385 0
7 2386 1
7 2387 0
7 2388 0
7 2389 0
7 2390 0
7 2391 0
7 2392 0
7 2393 0
7 2394 1
7 2395 0
7 2396 1
7 2397 0
7 2398 0
7 2399 0
7 2400 0
7 2401 0
7 2402 0
7 2403 1
7 2404 0
7 2405 1
7 2406 0
7 2407 0
7 2408 0
7 2409 0
7 2410 0
7 2411 0
7 2412 0
7 2413 1
7 2414 0
7 2415 0
7 2416 1
7 2417 0
7 2418 0
7 2419 1
7 2420 0
7 2421 0
7 2422 1
7 2423 0
7 2424 0
7 2425 0
7 2426 0
7 2427 1
7 2428 0
7 2429 1
7 2430 0
7 2431 0
7 2432 0
7 2433 0
7 2434 0
7 2435 0
7 2436 0
7 2437 1
7 2438 0
7 2439 0
7 2440 1
7 2441 0
7 2442 0
7 2443 1
7 2444 0
7 2445 0
7 2446 1
7 2447 0
7 2448 0
7 2449 0
7 2450 0
7 2451 0
7 2452 0
7 2453 0
7 2454 0
7 2455 0
7 2456 0
7 2457 0
7 2458 0
7 2459 0
7 2460 0
7 2461 0
7 2462 0
7 2463 0
7 2464 0
7 2465 0
7 2466 0
7 2467 0
7 2468 0
7 2469 0
7 2470 0
7 2471 0
7 2472 0
7 2473 1
7 2474 0
7 2475 0
7 2476 1
7 2477 0
7 2478 0
7 2479 1
7 2480 0
7 2481 0
7 2482 1
7 2483 0
7 2484 0
7 2485 0
7 2486 0
7 2487 0
7 2488 0
7 2489 0
7 2490 1
7 2491 0
7 2492 1
7 2493 0
7 2494 0
7 2495 0
7 2496 0
7 2497 1
7 2498 0
7 2499 0
7 2500 1
7 2501 0
7 2502 0
7 2503 1
7 2504 0
7 2505 0
7 2506 1
7 2507 0
7 2508 0
7 2509 0
7 2510 0
7 2511 0
7 2512 0
7 2513 0
7 2514 1
7 2515 0
7 2516 1
7 2517 0
7 2518 0
7 2519 0
7 2520 0
7 2521 0
7 2522 0
7 2523 0
7 2524 0
7 2525 0
7 2526 0
7 2527 0
7 2528 0
7 2529 0
7 2530 0
7 2531 0
7 2532 0
7 2533 0
7 2534 0
7 2535 0
7 2536 0
7 2537 0
7 2538 0
7 2539 0
7 2540 0
7 2541 0
7 2542 0
7 2543 0
7 2544 0
7 2545 0
7 2546 0
7 2547 0
7 2548 0
7 2549 0
7 2550 0
7 2551 0
7 2552 0
7 2553 0
7 2554 0
7 2555 0
7 2556 0
7 2557 0
7 2558 0
7 2559 0
7 2560 0
7 2561 0
7 2562 0
7 2563 0
7 2564 0
7 2565 0
7 2566 0
7 2567 0
7 2568 0
7 2569 0
7 2570 0
7 2571 0
7 2572 0
7 2573 0
7 2574 0
7 2575 0
7 2576 0
7 2577 0
7 2578 0
7 2579 0
7 2580 0
7 2581 0
7 2582 0
7 2583 0
7 2584 0
7 2585 0
7 2586 0
7 2587 0
7 2588 0
7 2589 0
7 2590 0
7 2591 0
7 2592 0
7 2593 0
7 2594 0
7 2595 0
7 2596 0
7 2597 0
7 2598 0
7 2599 0
7 2600 0
7 2601 0
7 2602 0
7 2603 0
7 2604 0
7 2605 0
7 2606 0
7 2607 0
7 2608 0
7 2609 0
7 2610 0
7 2611 0
7 2612 0
7 2613 0
7 2614 0
7 2615 0
7 2616 0
7 2617 0
7 2618 0
7 2619 0
7 2620 0
7 2621 0
7 2622 0
7 2623 0
7 2624 0
7 2625 0
7 2626 0
7 2627 0
7 2628 0
7 2629 0
7 2630 0
7 2631 0
7 2632 0
7 2633 0
7 2634 0
7 2635 0
7 2636 0
7 2637 0
7 2638 0
7 2639 0
7 2640 0
7 2641 1
7 2642 0
7 2643 0
7 2644 1
7 2645 0
7 2646 0
7 2647 1
7 2648 0
7 2649 0
7 2650 1
7 2651 0
7 2652 0
7 2653 0
7 2654 0
7 2655 0
7 2656 0
7 2657 0
7 2658 1
7 2659 0
7 2660 1
7 2661 0
7 2662 0
7 2663 0
7 2664 0
7 2665 1
7 2666 0
7 2667 0
7 2668 1
7 2669 0
7 2670 0
7 2671 1
7 2672 0
7 2673 0
7 2674 1
7 2675 0
7 2676 0
7 2677 0
7 2678 0
7 2679 0
7 2680 0
7 2681 0
7 2682 1
7 2683 0
7 2684 1
7 2685 0
7 2686 0
7 2687 0
7 2688 0
7 2689 1
7 2690 0
7 2691 0
7 2692 1
7 2693 0
7 2694 0
7 2695 1
7 2696 0
7 2697 0
7 2698 1
7 2699 0
7 2700 0
7 2701 0
7 2702 0
7 2703 0
7 2704 0
7 2705 0
7 2706 1
7 2707 0
7 2708 1
7 2709 0
7 2710 0
7 2711 0
7 2712 0
7 2713 0
7 2714 0
7 2715 0
7 2716 0
7 2717 0
7 2718 0
7 2719 0
7 2720 0
7 2721 0
7 2722 0
7 2723 0
7 2724 0
7 2725 0
7 2726 0
7 2727 0
7 2728 0
7 2729 0
7 2730 0
7 2731 0
7 2732 0
7 2733 0
7 2734 0
7 2735 0
7 2736 1
7 2737 0
7 2738 1
7 2739 0
7 2740 0
7 2741 0
7 2742 1
7 2743 0
7 2744 1
7 2745 0
7 2746 0
7 2747 0
7 2748 1
7 2749 0
7 2750 1
7 2751 0
7 2752 0
7 2753 0
7 2754 0
7 2755 0
7 2756 0
7 2757 0
7 2758 0
7 2759 0
7 2760 0
7 2761 1
7 2762 0
7 2763 0
7 2764 1
7 2765 0
7 2766 0
7 2767 1
7 2768 0
7 2769 0
7 2770 1
7 2771 0
7 2772 0
7 2773 0
7 2774 0
7 2775 0
7 2776 0
7 2777 0
7 2778 1
7 2779 0
7 2780 1
7 2781 0
7 2782 0
7 2783 0
7 2784 0
7 2785 1
7 2786 0
7 2787 0
7 2788 1
7 2789 0
7 2790 0
7 2791 1
7 2792 0
7 2793 0
7 2794 1
7 2795 0
7 2796 0
7 2797 0
7 2798 0
7 2799 0
7 2800 0
7 2801 0
7 2802 1
7 2803 0
7 2804 1
7 2805 0
7 2806 0
7 2807 0
7 2808 0
7 2809 1
7 2810 0
7 2811 0
7 2812 1
7 2813 0
7 2814 0
7 2815 1
7 2816 0
7 2817 0
7 2818 1
7 2819 0
7 2820 0
7 2821 0
7 2822 0
7 2823 0
7 2824 0
7 2825 0
7 2826 1
7 2827 0
7 2828 1
7 2829 0
7 2830 0
7 2831 0
7 2832 0
7 2833 0
7 2834 0
7 2835 0
7 2836 0
7 2837 0
7 2838 0
7 2839 0
7 2840 0
7 2841 0
7 2842 0
7 2843 0
7 2844 0
7 2845 0
7 2846 0
7 2847 0
7 2848 0
7 2849 0
7 2850 0
7 2851 0
7 2852 0
7 2853 0
7 2854 0
7 2855 0
7 2856 1
7 2857 0
7 2858 1
7 2859 0
7 2860 0
7 2861 0
7 2862 1
7 2863 0
7 2864 1
7 2865 0
7 2866 0
7 2867 0
7 2868 1
7 2869 0
7 2870 1
7 2871 0
7 2872 0
7 2873 0
7 2874 0
7 2875 0
7 2876 0
7 2877 0
7 2878 0
7 2879 0
7 2880 0
7 2881 0
7 2882 0
7 2883 0
7 2884 0
7 2885 0
7 2886 0
7 2887 0
7 2888 0
7 2889 0
7 2890 0
7 2891 0
7 2892 0
7 2893 0
7 2894 0
7 2895 0
7 2896 0
7 2897 0
7 2898 0
7 2899 0
7 2900 0
7 2901 0
7 2902 0
7 2903 0
7 2904 0
7 2905 0
7 2906 0
7 2907 0
7 2908 0
7 2909 0
7 2910 0
7 2911 0
7 2912 0
7 2913 0
7 2914 0
7 2915 0
7 2916 0
7 2917 0
7 2918 0
7 2919 0
7 2920 0
7 2921 0
7 2922 0
7 2923 0
7 2924 0
7 2925 0
7 2926 0
7 2927 0
7 2928 0
7 2929 0
7 2930 0
7 2931 0
7 2932 0
7 2933 0
7 2934 0
7 2935 0
7 2936 0
7 2937 0
7 2938 0
7 2939 0
7 2940 0
7 2941 0
7 2942 0
7 2943 0
7 2944 0
7 2945 0
7 2946 0
7 2947 0
7 2948 0
7 2949 0
7 2950 0
7 2951 0
7 2952 0
7 2953 0
7 2954 0
7 2955 0
7 2956 0
7 2957 0
7 2958 0
7 2959 0
7 2960 0
7 2961 0
7 2962 0
7 2963 0
7 2964 0
7 2965 0
7 2966 0
7 2967 0
7 2968 0
7 2969 0
7 2970 0
7 2971 0
7 2972 0
7 2973 0
7 2974 0
7 2975 0
7 2976 0
7 2977 0
7 2978 0
7 2979 0
7 2980 0
7 2981 0
7 2982 0
7 2983 0
7 2984 0
7 2985 0
7 2986 0
7 2987 0
7 2988 0
7 2989 0
7 2990 0
7 2991 0
7 2992 0
7 2993 0
7 2994 0
7 2995 0
7 2996 0
7 2997 0
7 2998 0
7 2999 0
7 3000 0
7 3001 0
7 3002 0
7 3003 0
7 3004 0
7 3005 0
7 3006 0
7 3007 0
7 3008 0
7 3009 0
7 3010 0
7 3011 0
7 3012 0
7 3013 0
7 3014 0
7 3015 0
7 3016 0
7 3017 0
7 3018 0
7 3019 0
7 3020 0
7 3021 0
7 3022 0
7 3023 0
7 3024 0
7 3025 0
7 3026 0
7 3027 0
7 3028 0
7 3029 0
7 3030 0
7 3031 0
7 3032 0
7 3033 0
7 3034 0
7 3035 0
7 3036 0
7 3037 0
7 3038 0
7 3039 0
7 3040 0
7 3041 0
7 3042 0
7 3043 0
7 3044 0
7 3045 0
7 3046 0
7 3047 0
7 3048 0
7 3049 0
7 3050 0
7 3051 0
7 3052 0
7 3053 0
7 3054 0
7 3055 0
7 3056 0
7 3057 0
7 3058 0
7 3059 0
7 3060 0
7 3061 0
7 3062 0
7 3063 0
7 3064 0
7 3065 0
7 3066 0
7 3067 0
7 3068 0
7 3069 0
7 3070 0
7 3071 0
7 3072 0
7 3073 0
7 3074 0
7 3075 0
7 3076 0
7 3077 0
7 3078 0
7 3079 0
7 3080 0
7 3081 0
7 3082 0
7 3083 0
7 3084 0
7 3085 0
7 3086 0
7 3087 0
7 3088 0
7 3089 0
7 3090 0
7 3091 0
7 3092 0
7 3093 0
7 3094 0
7 3095 0
7 3096 0
7 3097 0
7 3098 0
7 3099 0
7 3100 0
7 3101 0
7 3102 0
7 3103 0
7 3104 0
7 3105 0
7 3106 0
7 3107 0
7 3108 0
7 3109 0
7 3110 0
7 3111 0
7 3112 0
7 3113 0
7 3114 0
7 3115 0
7 3116 0
7 3117 0
7 3118 0
7 3119 0
7 3120 0
7 3121 0
7 3122 0
7 3123 0
7 3124 0
7 3125 0
7 3126 0
7 3127 0
7 3128 0
7 3129 0
7 3130 0
7 3131 0
7 3132 0
7 3133 0
7 3134 0
7 3135 0
7 3136 0
7 3137 0
7 3138 0
7 3139 0
7 3140 0
7 3141 0
7 3142 0
7 3143 0
7 3144 0
7 3145 0
7 3146 0
7 3147 0
7 3148 0
7 3149 0
7 3150 0
7 3151 0
7 3152 0
7 3153 0
7 3154 0
7 3155 0
7 3156 0
7 3157 0
7 3158 0
7 3159 0
7 3160 0
7 3161 0
7 3162 0
7 3163 0
7 3164 0
7 3165 0
7 3166 0
7 3167 0
7 3168 0
7 3169 0
7 3170 0
7 3171 0
7 3172 0
7 3173 0
7 3174 0
7 3175 0
7 3176 0
7 3177 0
7 3178 0
7 3179 0
7 3180 0
7 3181 0
7 3182 0
7 3183 0
7 3184 0
7 3185 0
7 3186 0
7 3187 0
7 3188 0
7 3189 0
7 3190 0
7 3191 0
7 3192 0
7 3193 0
7 3194 0
7 3195 0
7 3196 0
7 3197 0
7 3198 0
7 3199 0
7 3200 0
7 3201 0
7 3202 0
7 3203 0
7 3204 0
7 3205 0
7 3206 0
7 3207 0
7 3208 0
7 3209 0
7 3210 0
7 3211 0
7 3212 0
7 3213 0
7 3214 0
7 3215 0
7 3216 0
7 3217 0
7 3218 0
7 3219 0
7 3220 0
7 3221 0
7 3222 0
7 3223 0
7 3224 0
7 3225 0
7 3226 0
7 3227 0
7 3228 0
7 3229 0
7 3230 0
7 3231 0
7 3232 0
7 3233 0
7 3234 0
7 3235 0
7 3236 0
7 3237 0
7 3238 0
7 3239 0
7 3240 0
7 3241 0
7 3242 0
7 3243 0
7 3244 0
7 3245 0
7 3246 0
7 3247 0
7 3248 0
7 3249 0
7 3250 0
7 3251 0
7 3252 0
7 3253 0
7 3254 0
7 3255 0
7 3256 0
7 3257 0
7 3258 0
7 3259 0
7 3260 0
7 3261 0
7 3262 0
7 3263 0
7 3264 0
7 3265 0
7 3266 0
7 3267 0
7 3268 0
7 3269 0
7 3270 0
7 3271 0
7 3272 0
7 3273 0
7 3274 0
7 3275 0
7 3276 0
7 3277 0
7 3278 0
7 3279 0
7 3280 0
7 3281 0
7 3282 0
7 3283 0
7 3284 0
7 3285 0
7 3286 0
7 3287 0
7 3288 0
7 3289 0
7 3290 0
7 3291 0
7 3292 0
7 3293 0
7 3294 0
7 3295 0
7 3296 0
7 3297 0
7 3298 0
7 3299 0
7 3300 0
7 3301 0
7 3302 0
7 3303 0
7 3304 0
7 3305 0
7 3306 0
7 3307 0
7 3308 0
7 3309 0
7 3310 0
7 3311 0
7 3312 0
7 3313 0
7 3314 0
7 3315 0
7 3316 0
7 3317 0
7 3318 0
7 3319 0
7 3320 0
7 3321 0
7 3322 0
7 3323 0
7 3324 0
7 3325 0
7 3326 0
7 3327 0
7 3328 0
7 3329 0
7 3330 0
7 3331 0
7 3332 0
7 3333 0
7 3334 0
7 3335 0
7 3336 0
7 3337 0
7 3338 0
7 3339 0
7 3340 0
7 3341 0
7 3342 0
7 3343 0
7 3344 0
7 3345 0
7 3346 0
7 3347 0
7 3348 0
7 3349 0
7 3350 0
7 3351 0
7 3352 0
7 3353 0
7 3354 0
7 3355 0
7 3356 0
7 3357 0
7 3358 0
7 3359 0
7 3360 0
7 3361 0
7 3362 0
7 3363 0
7 3364 0
7 3365 0
7 3366 0
7 3367 0
7 3368 0
7 3369 0
7 3370 0
7 3371 0
7 3372 0
7 3373 0
7 3374 0
7 3375 0
7 3376 0
7 3377 0
7 3378 0
7 3379 0
7 3380 0
7 3381 0
7 3382 0
7 3383 0
7 3384 0
7 3385 0
7 3386 0
7 3387 0
7 3388 0
7 3389 0
7 3390 0
7 3391 0
7 3392 0
7 3393 0
7 3394 0
7 3395 0
7 3396 0
7 3397 0
7 3398 0
7 3399 0
7 3400 0
7 3401 0
7 3402 0
7 3403 0
7 3404 0
7 3405 0
7 3406 0
7 3407 0
7 3408 0
7 3409 0
7 3410 0
7 3411 0
7 3412 0
7 3413 0
7 3414 0
7 3415 0
7 3416 0
7 3417 0
7 3418 0
7 3419 0
7 3420 0
7 3421 0
7 3422 0
7 3423 0
7 3424 0
7 3425 0
7 3426 0
7 3427 0
7 3428 0
7 3429 0
7 3430 0
7 3431 0
7 3432 0
7 3433 0
7 3434 0
7 3435 0
7 3436 0
7 3437 0
7 3438 0
7 3439 0
7 3440 0
7 3441 0
7 3442 0
7 3443 0
7 3444 0
7 3445 0
7 3446 0
7 3447 0
7 3448 0
7 3449 0
7 3450 0
7 3451 0
7 3452 0
7 3453 0
7 3454 0
7 3455 0
7 3456 0
7 3457 0
7 3458 0
7 3459 0
7 3460 0
7 3461 0
7 3462 0
7 3463 0
7 3464 0
7 3465 0
7 3466 0
7 3467 0
7 3468 0
7 3469 0
7 3470 0
7 3471 0
7 3472 0
7 3473 0
7 3474 0
7 3475 0
7 3476 0
7 3477 0
7 3478 0
7 3479 0
7 3480 0
7 3481 0
7 3482 0
7 3483 0
7 3484 0
7 3485 0
7 3486 0
7 3487 0
7 3488 0
7 3489 0
7 3490 0
7 3491 0
7 3492 0
7 3493 0
7 3494 0
7 3495 0
7 3496 0
7 3497 0
7 3498 0
7 3499 0
7 3500 0
7 3501 0
7 3502 0
7 3503 0
7 3504 0
7 3505 0
7 3506 0
7 3507 0
7 3508 0
7 3509 0
7 3510 0
7 3511 0
7 3512 0
7 3513 0
7 3514 0
7 3515 0
7 3516 0
7 3517 0
7 3518 0
7 3519 0
7 3520 0
7 3521 0
7 3522 0
7 3523 0
7 3524 0
7 3525 0
7 3526 0
7 3527 0
7 3528 0
7 3529 0
7 3530 0
7 3531 0
7 3532 0
7 3533 0
7 3534 0
7 3535 0
7 3536 0
7 3537 0
7 3538 0
7 3539 0
7 3540 0
7 3541 0
7 3542 0
7 3543 0
7 3544 0
7 3545 0
7 3546 0
7 3547 0
7 3548 0
7 3549 0
7 3550 0
7 3551 0
7 3552 0
7 3553 0
7 3554 0
7 3555 0
7 3556 0
7 3557 0
7 3558 0
7 3559 0
7 3560 0
7 3561 0
7 3562 0
7 3563 0
7 3564 0
7 3565 0
7 3566 0
7 3567 0
7 3568 0
7 3569 0
7 3570 0
7 3571 0
7 3572 0
7 3573 0
7 3574 0
7 3575 0
7 3576 0
7 3577 0
7 3578 0
7 3579 0
7 3580 0
7 3581 0
7 3582 0
7 3583 0
7 3584 0
7 3585 0
7 3586 0
7 3587 0
7 3588 0
7 3589 0
7 3590 0
7 3591 0
7 3592 0
7 3593 0
7 3594 0
7 3595 0
7 3596 0
7 3597 0
7 3598 0
7 3599 0
7 3600 0
7 3601 1
7 3602 0
7 3603 0
7 3604 1
7 3605 0
7 3606 0
7 3607 1
7 3608 0
7 3609 0
7 3610 1
7 3611 0
7 3612 0
7 3613 0
7 3614 0
7 3615 0
7 3616 0
7 3617 0
7 3618 1
7 3619 0
7 3620 1
7 3621 0
7 3622 0
7 3623 0
7 3624 0
7 3625 1
7 3626 0
7 3627 0
7 3628 1
7 3629 0
7 3630 0
7 3631 1
7 3632 0
7 3633 0
7 3634 1
7 3635 0
7 3636 0
7 3637 0
7 3638 0
7 3639 0
7 3640 0
7 3641 0
7 3642 1
7 3643 0
7 3644 1
7 3645 0
7 3646 0
7 3647 0
7 3648 0
7 3649 1
7 3650 0
7 3651 0
7 3652 1
7 3653 0
7 3654 0
7 3655 1
7 3656 0
7 3657 0
7 3658 1
7 3659 0
7 3660 0
7 3661 0
7 3662 0
7 3663 0
7 3664 0
7 3665 0
7 3666 1
7 3667 0
7 3668 1
7 3669 0
7 3670 0
7 3671 0
7 3672 0
7 3673 0
7 3674 0
7 3675 0
7 3676 0
7 3677 0
7 3678 0
7 3679 0
7 3680 0
7 3681 0
7 3682 0
7 3683 0
7 3684 0
7 3685 0
7 3686 0
7 3687 0
7 3688 0
7 3689 0
7 3690 0
7 3691 0
7 3692 0
7 3693 0
7 3694 0
7 3695 0
7 3696 1
7 3697 0
7 3698 1
7 3699 0
7 3700 0
7 3701 0
7 3702 1
7 3703 0
7 3704 1
7 3705 0
7 3706 0
7 3707 0
7 3708 1
7 3709 0
7 3710 1
7 3711 0
7 3712 0
7 3713 0
7 3714 0
7 3715 0
7 3716 0
7 3717 0
7 3718 0
7 3719 0
7 3720 0
7 3721 1
7 3722 0
7 3723 0
7 3724 1
7 3725 0
7 3726 0
7 3727 1
7 3728 0
7 3729 0
7 3730 1
7 3731 0
7 3732 0
7 3733 0
7 3734 0
7 3735 0
7 3736 0
7 3737 0
7 3738 1
7 3739 0
7 3740 1
7 3741 0
7 3742 0
7 3743 0
7 3744 0
7 3745 1
7 3746 0
7 3747 0
7 3748 1
7 3749 0
7 3750 0
7 3751 1
7 3752 0
7 3753 0
7 3754 1
7 3755 0
7 3756 0
7 3757 0
7 3758 0
7 3759 0
7 3760 0
7 3761 0
7 3762 1
7 3763 0
7 3764 1
7 3765 0
7 3766 0
7 3767 0
7 3768 0
7 3769 1
7 3770 0
7 3771 0
7 3772 1
7 3773 0
7 3774 0
7 3775 1
7 3776 0
7 3777 0
7 3778 1
7 3779 0
7 3780 0
7 3781 0
7 3782 0
7 3783 0
7 3784 0
7 3785 0
7 3786 1
7 3787 0
7 3788 1
7 3789 0
7 3790 0
7 3791 0
7 3792 0
7 3793 0
7 3794 0
7 3795 0
7 3796 0
7 3797 0
7 3798 0
7 3799 0
7 3800 0
7 3801 0
7 3802 0
7 3803 0
7 3804 0
7 3805 0
7 3806 0
7 3807 0
7 3808 0
7 3809 0
7 3810 0
7 3811 0
7 3812 0
7 3813 0
7 3814 0
7 3815 0
7 3816 1
7 3817 0
7 3818 1
7 3819 0
7 3820 0
7 3821 0
7 3822 1
7 3823 0
7 3824 1
7 3825 0
7 3826 0
7 3827 0
7 3828 1
7 3829 0
7 3830 1
7 3831 0
7 3832 0
7 3833 0
7 3834 0
7 3835 0
7 3836 0
7 3837 0
7 3838 0
7 3839 0
7 3840 0
7 3841 1
7 3842 0
7 3843 0
7 3844 1
7 3845 0
7 3846 0
7 3847 1
7 3848 0
7 3849 0
7 3850 1
7 3851 0
7 3852 0
7 3853 0
7 3854 0
7 3855 0
7 3856 0
7 3857 0
7 3858 1
7 3859 0
7 3860 1
7 3861 0
7 3862 0
7 3863 0
7 3864 0
7 3865 1
7 3866 0
7 3867 0
7 3868 1
7 3869 0
7 3870 0
7 3871 1
7 3872 0
7 3873 0
7 3874 1
7 3875 0
7 3876 0
7 3877 0
7 3878 0
7 3879 0
7 3880 0
7 3881 0
7 3882 1
7 3883 0
7 3884 1
7 3885 0
7 3886 0
7 3887 0
7 3888 0
7 3889 1
7 3890 0
7 3891 0
7 3892 1
7 3893 0
7 3894 0
7 3895 1
7 3896 0
7 3897 0
7 3898 1
7 3899 0
7 3900 0
7 3901 0
7 3902 0
7 3903 0
7 3904 0
7 3905 0
7 3906 1
7 3907 0
7 3908 1
7 3909 0
7 3910 0
7 3911 0
7 3912 0
7 3913 0
7 3914 0
7 3915 0
7 3916 0
7 3917 0
7 3918 0
7 3919 0
7 3920 0
7 3921 0
7 3922 0
7 3923 0
7 3924 0
7 3925 0
7 3926 0
7 3927 0
7 3928 0
7 3929 0
7 3930 0
7 3931 0
7 3932 0
7 3933 0
7 3934 0
7 3935 0
7 3936 1
7 3937 0
7 3938 1
7 3939 0
7 3940 0
7 3941 0
7 3942 1
7 3943 0
7 3944 1
7 3945 0
7 3946 0
7 3947 0
7 3948 1
7 3949 0
7 3950 1
7 3951 0
7 3952 0
7 3953 0
7 3954 0
7 3955 0
7 3956 0
7 3957 0
7 3958 0
7 3959 0
7 3960 0
7 3961 1
7 3962 0
7 3963 0
7 3964 1
7 3965 0
7 3966 0
7 3967 1
7 3968 0
7 3969 0
7 3970 1
7 3971 0
7 3972 0
7 3973 0
7 3974 0
7 3975 0
7 3976 0
7 3977 0
7 3978 1
7 3979 0
7 3980 1
7 3981 0
7 3982 0
7 3983 0
7 3984 0
7 3985 1
7 3986 0
7 3987 0
7 3988 1
7 3989 0
7 3990 0
7 3991 1
7 3992 0
7 3993 0
7 3994 1
7 3995 0
7 3996 0
7 3997 0
7 3998 0
7 3999 0
7 4000 0
7 4001 0
7 4002 1
7 4003 0
7 4004 1
7 4005 0
7 4006 0
7 4007 0
7 4008 0
7 4009 1
7 4010 0
7 4011 0
7 4012 1
7 4013 0
7 4014 0
7 4015 1
7 4016 0
7 4017 0
7 4018 1
7 4019 0
7 4020 0
7 4021 0
7 4022 0
7 4023 0
7 4024 0
7 4025 0
7 4026 1
7 4027 0
7 4028 1
7 4029 0
7 4030 0
7 4031 0
7 4032 0
7 4033 0
7 4034 0
7 4035 0
7 4036 0
7 4037 0
7 4038 0
7 4039 0
7 4040 0
7 4041 0
7 4042 0
7 4043 0
7 4044 0
7 4045 0
7 4046 0
7 4047 0
7 4048 0
7 4049 0
7 4050 0
7 4051 0
7 4052 0
7 4053 0
7 4054 0
7 4055 0
7 4056 1
7 4057 0
7 4058 1
7 4059 0
7 4060 0
7 4061 0
7 4062 1
7 4063 0
7 4064 1
7 4065 0
7 4066 0
7 4067 0
7 4068 1
7 4069 0
7 4070 1
7 4071 0
7 4072 0
7 4073 0
7 4074 0
7 4075 0
7 4076 0
7 4077 0
7 4078 0
7 4079 0
7 4080 0
7 4081 0
7 4082 0
7 4083 0
7 4084 0
7 4085 0
7 4086 0
7 4087 0
7 4088 0
7 4089 0
7 4090 0
7 4091 0
7 4092 0
7 4093 0
7 4094 0
7 4095 0
7 4096 0
7 4097 0
7 4098 0
7 4099 0
7 4100 0
7 4101 0
7 4102 0
7 4103 0
7 4104 0
7 4105 0
7 4106 0
7 4107 0
7 4108 0
7 4109 0
7 4110 0
7 4111 0
7 4112 0
7 4113 0
7 4114 0
7 4115 0
7 4116 0
7 4117 0
7 4118 0
7 4119 0
7 4120 0
7 4121 0
7 4122 0
7 4123 0
7 4124 0
7 4125 0
7 4126 0
7 4127 0
7 4128 0
7 4129 0
7 4130 0
7 4131 0
7 4132 0
7 4133 0
7 4134 0
7 4135 0
7 4136 0
7 4137 0
7 4138 0
7 4139 0
7 4140 0
7 4141 0
7 4142 0
7 4143 0
7 4144 0
7 4145 0
7 4146 0
7 4147 0
7 4148 0
7 4149 0
7 4150 0
7 4151 0
7 4152 0
7 4153 0
7 4154 0
7 4155 0
7 4156 0
7 4157 0
7 4158 0
7 4159 0
7 4160 0
7 4161 0
7 4162 0
7 4163 0
7 4164 0
7 4165 0
7 4166 0
7 4167 0
7 4168 0
7 4169 0
7 4170 0
7 4171 0
7 4172 0
7 4173 0
7 4174 0
7 4175 0
7 4176 0
7 4177 0
7 4178 0
7 4179 0
7 4180 0
7 4181 0
7 4182 0
7 4183 0
7 4184 0
7 4185 0
7 4186 0
7 4187 0
7 4188 0
7 4189 0
7 4190 0
7 4191 0
7 4192 0
7 4193 0
7 4194 0
7 4195 0
7 4196 0
7 4197 0
7 4198 0
7 4199 0
7 4200 1
7 4201 0
7 4202 1
7 4203 0
7 4204 0
7 4205 0
7 4206 1
7 4207 0
7 4208 1
7 4209 0
7 4210 0
7 4211 0
7 4212 1
7 4213 0
7 4214 1
7 4215 0
7 4216 0
7 4217 0
7 4218 0
7 4219 0
7 4220 0
7 4221 0
7 4222 0
7 4223 0
7 4224 1
7 4225 0
7 4226 1
7 4227 0
7 4228 0
7 4229 0
7 4230 1
7 4231 0
7 4232 1
7 4233 0
7 4234 0
7 4235 0
7 4236 1
7 4237 0
7 4238 1
7 4239 0
7 4240 0
7 4241 0
7 4242 0
7 4243 0
7 4244 0
7 4245 0
7 4246 0
7 4247 0
7 4248 1
7 4249 0
7 4250 1
7 4251 0
7 4252 0
7 4253 0
7 4254 1
7 4255 0
7 4256 1
7 4257 0
7 4258 0
7 4259 0
7 4260 1
7 4261 0
7 4262 1
7 4263 0
7 4264 0
7 4265 0
7 4266 0
7 4267 0
7 4268 0
7 4269 0
7 4270 0
7 4271 0
7 4272 1
7 4273 0
7 4274 1
7 4275 0
7 4276 0
7 4277 0
7 4278 1
7 4279 0
7 4280 1
7 4281 0
7 4282 0
7 4283 0
7 4284 1
7 4285 0
7 4286 1
7 4287 0
7 4288 0
7 4289 0
7 4290 0
7 4291 0
7 4292 0
7 4293 0
7 4294 0
7 4295 0
7 4296 0
7 4297 0
7 4298 0
7 4299 0
7 4300 0
7 4301 0
7 4302 0
7 4303 0
7 4304 0
7 4305 0
7 4306 0
7 4307 0
7 4308 0
7 4309 0
7 4310 0
7 4311 0
7 4312 0
7 4313 0
7 4314 0
7 4315 0
7 4316 0
7 4317 0
7 4318 0
7 4319 0
7 4320 0
7 4321 1
7 4322 0
7 4323 0
7 4324 1
7 4325 0
7 4326 0
7 4327 1
7 4328 0
7 4329 0
7 4330 1
7 4331 0
7 4332 0
7 4333 0
7 4334 0
7 4335 0
7 4336 0
7 4337 0
7 4338 1
7 4339 0
7 4340 1
7 4341 0
7 4342 0
7 4343 0
7 4344 0
7 4345 1
7 4346 0
7 4347 0
7 4348 1
7 4349 0
7 4350 0
7 4351 1
7 4352 0
7 4353 0
7 4354 1
7 4355 0
7 4356 0
7 4357 0
7 4358 0
7 4359 0
7 4360 0
7 4361 0
7 4362 1
7 4363 0
7 4364 1
7 4365 0
7 4366 0
7 4367 0
7 4368 0
7 4369 1
7 4370 0
7 4371 0
7 4372 1
7 4373 0
7 4374 0
7 4375 1
7 4376 0
7 4377 0
7 4378 1
7 4379 0
7 4380 0
7 4381 0
7 4382 0
7 4383 0
7 4384 0
7 4385 0
7 4386 1
7 4387 0
7 4388 1
7 4389 0
7 4390 0
7 4391 0
7 4392 0
7 4393 0
7 4394 0
7 4395 0
7 4396 0
7 4397 0
7 4398 0
7 4399 0
7 4400 0
7 4401 0
7 4402 0
7 4403 0
7 4404 0
7 4405 0
7 4406 0
7 4407 0
7 4408 0
7 4409 0
7 4410 0
7 4411 0
7 4412 0
7 4413 0
7 4414 0
7 4415 0
7 4416 1
7 4417 0
7 4418 1
7 4419 0
7 4420 0
7 4421 0
7 4422 1
7 4423 0
7 4424 1
7 4425 0
7 4426 0
7 4427 0
7 4428 1
7 4429 0
7 4430 1
7 4431 0
7 4432 0
7 4433 0
7 4434 0
7 4435 0
7 4436 0
7 4437 0
7 4438 0
7 4439 0
7 4440 0
7 4441 1
7 4442 0
7 4443 0
7 4444 1
7 4445 0
7 4446 0
7 4447 1
7 4448 0
7 4449 0
7 4450 1
7 4451 0
7 4452 0
7 4453 0
7 4454 0
7 4455 0
7 4456 0
7 4457 0
7 4458 1
7 4459 0
7 4460 1
7 4461 0
7 4462 0
7 4463 0
7 4464 0
7 4465 1
7 4466 0
7 4467 0
7 4468 1
7 4469 0
7 4470 0
7 4471 1
7 4472 0
7 4473 0
7 4474 1
7 4475 0
7 4476 0
7 4477 0
7 4478 0
7 4479 0
7 4480 0
7 4481 0
7 4482 1
7 4483 0
7 4484 1
7 4485 0
7 4486 0
7 4487 0
7 4488 0
7 4489 1
7 4490 0
7 4491 0
7 4492 1
7 4493 0
7 4494 0
7 4495 1
7 4496 0
7 4497 0
7 4498 1
7 4499 0
7 4500 0
7 4501 0
7 4502 0
7 4503 0
7 4504 0
7 4505 0
7 4506 1
7 4507 0
7 4508 1
7 4509 0
7 4510 0
7 4511 0
7 4512 0
7 4513 0
7 4514 0
7 4515 0
7 4516 0
7 4517 0
7 4518 0
7 4519 0
7 4520 0
7 4521 0
7 4522 0
7 4523 0
7 4524 0
7 4525 0
7 4526 0
7 4527 0
7 4528 0
7 4529 0
7 4530 0
7 4531 0
7 4532 0
7 4533 0
7 4534 0
7 4535 0
7 4536 1
7 4537 0
7 4538 1
7 4539 0
7 4540 0
7 4541 0
7 4542 1
7 4543 0
7 4544 1
7 4545 0
7 4546 0
7 4547 0
7 4548 1
7 4549 0
7 4550 1
7 4551 0
7 4552 0
7 4553 0
7 4554 0
7 4555 0
7 4556 0
7 4557 0
7 4558 0
7 4559 0
7 4560 0
7 4561 1
7 4562 0
7 4563 0
7 4564 1
7 4565 0
7 4566 0
7 4567 1
7 4568 0
7 4569 0
7 4570 1
7 4571 0
7 4572 0
7 4573 0
7 4574 0
7 4575 0
7 4576 0
7 4577 0
7 4578 1
7 4579 0
7 4580 1
7 4581 0
7 4582 0
7 4583 0
7 4584 0
7 4585 1
7 4586 0
7 4587 0
7 4588 1
7 4589 0
7 4590 0
7 4591 1
7 4592 0
7 4593 0
7 4594 1
7 4595 0
7 4596 0
7 4597 0
7 4598 0
7 4599 0
7 4600 0
7 4601 0
7 4602 1
7 4603 0
7 4604 1
7 4605 0
7 4606 0
7 4607 0
7 4608 0
7 4609 1
7 4610 0
7 4611 0
7 4612 1
7 4613 0
7 4614 0
7 4615 1
7 4616 0
7 4617 0
7 4618 1
7 4619 0
7 4620 0
7 4621 0
7 4622 0
7 4623 0
7 4624 0
7 4625 0
7 4626 1
7 4627 0
7 4628 1
7 4629 0
7 4630 0
7 4631 0
7 4632 0
7 4633 0
7 4634 0
7 4635 0
7 4636 0
7 4637 0
7 4638 0
7 4639 0
7 4640 0
7 4641 0
7 4642 0
7 4643 0
7 4644 0
7 4645 0
7 4646 0
7 4647 0
7 4648 0
7 4649 0
7 4650 0
7 4651 0
7 4652 0
7 4653 0
7 4654 0
7 4655 0
7 4656 1
7 4657 0
7 4658 1
7 4659 0
7 4660 0
7 4661 0
7 4662 1
7 4663 0
7 4664 1
7 4665 0
7 4666 0
7 4667 0
7 4668 1
7 4669 0
7 4670 1
7 4671 0
7 4672 0
7 4673 0
7 4674 0
7 4675 0
7 4676 0
7 4677 0
7 4678 0
7 4679 0
7 4680 0
7 4681 1
7 4682 0
7 4683 0
7 4684 1
7 4685 0
7 4686 0
7 4687 1
7 4688 0
7 4689 0
7 4690 1
7 4691 0
7 4692 0
7 4693 0
7 4694 0
7 4695 0
7 4696 0
7 4697 0
7 4698 1
7 4699 0
7 4700 1
7 4701 0
7 4702 0
7 4703 0
7 4704 0
7 4705 1
7 4706 0
7 4707 0
7 4708 1
7 4709 0
7 4710 0
7 4711 1
7 4712 0
7 4713 0
7 4714 1
7 4715 0
7 4716 0
7 4717 0
7 4718 0
7 4719 0
7 4720 0
7 4721 0
7 4722 1
7 4723 0
7 4724 1
7 4725 0
7 4726 0
7 4727 0
7 4728 0
7 4729 1
7 4730 0
7 4731 0
7 4732 1
7 4733 0
7 4734 0
7 4735 1
7 4736 0
7 4737 0
7 4738 1
7 4739 0
7 4740 0
7 4741 0
7 4742 0
7 4743 0
7 4744 0
7 4745 0
7 4746 1
7 4747 0
7 4748 1
7 4749 0
7 4750 0
7 4751 0
7 4752 0
7 4753 0
7 4754 0
7 4755 0
7 4756 0
7 4757 0
7 4758 0
7 4759 0
7 4760 0
7 4761 0
7 4762 0
7 4763 0
7 4764 0
7 4765 0
7 4766 0
7 4767 0
7 4768 0
7 4769 0
7 4770 0
7 4771 0
7 4772 0
7 4773 0
7 4774 0
7 4775 0
7 4776 1
7 4777 0
7 4778 1
7 4779 0
7 4780 0
7 4781 0
7 4782 1
7 4783 0
7 4784 1
7 4785 0
7 4786 0
7 4787 0
7 4788 1
7 4789 0
7 4790 1
7 4791 0
7 4792 0
7 4793 0
7 4794 0
7 4795 0
7 4796 0
7 4797 0
7 4798 0
7 4799 0
7 4800 0
7 4801 0
7 4802 0
7 4803 0
7 4804 0
7 4805 0
7 4806 0
7 4807 0
7 4808 0
7 4809 0
7 4810 0
7 4811 0
7 4812 0
7 4813 0
7 4814 0
7 4815 0
7 4816 0
7 4817 0
7 4818 0
7 4819 0
7 4820 0
7 4821 0
7 4822 0
7 4823 0
7 4824 0
7 4825 0
7 4826 0
7 4827 0
7 4828 0
7 4829 0
7 4830 0
7 4831 0
7 4832 0
7 4833 0
7 4834 0
7 4835 0
7 4836 0
7 4837 0
7 4838 0
7 4839 0
7 4840 0
7 4841 0
7 4842 0
7 4843 0
7 4844 0
7 4845 0
7 4846 0
7 4847 0
7 4848 0
7 4849 0
7 4850 0
7 4851 0
7 4852 0
7 4853 0
7 4854 0
7 4855 0
7 4856 0
7 4857 0
7 4858 0
7 4859 0
7 4860 0
7 4861 0
7 4862 0
7 4863 0
7 4864 0
7 4865 0
7 4866 0
7 4867 0
7 4868 0
7 4869 0
7 4870 0
7 4871 0
7 4872 0
7 4873 0
7 4874 0
7 4875 0
7 4876 0
7 4877 0
7 4878 0
7 4879 0
7 4880 0
7 4881 0
7 4882 0
7 4883 0
7 4884 0
7 4885 0
7 4886 0
7 4887 0
7 4888 0
7 4889 0
7 4890 0
7 4891 0
7 4892 0
7 4893 0
7 4894 0
7 4895 0
7 4896 0
7 4897 0
7 4898 0
7 4899 0
7 4900 0
7 4901 0
7 4902 0
7 4903 0
7 4904 0
7 4905 0
7 4906 0
7 4907 0
7 4908 0
7 4909 0
7 4910 0
7 4911 0
7 4912 0
7 4913 0
7 4914 0
7 4915 0
7 4916 0
7 4917 0
7 4918 0
7 4919 0
7 4920 1
7 4921 0
7 4922 1
7 4923 0
7 4924 0
7 4925 0
7 4926 1
7 4927 0
7 4928 1
7 4929 0
7 4930 0
7 4931 0
7 4932 1
7 4933 0
7 4934 1
7 4935 0
7 4936 0
7 4937 0
7 4938 0
7 4939 0
7 4940 0
7 4941 0
7 4942 0
7 4943 0
7 4944 1
7 4945 0
7 4946 1
7 4947 0
7 4948 0
7 4949 0
7 4950 1
7 4951 0
7 4952 1
7 4953 0
7 4954 0
7 4955 0
7 4956 1
7 4957 0
7 4958 1
7 4959 0
7 4960 0
7 4961 0
7 4962 0
7 4963 0
7 4964 0
7 4965 0
7 4966 0
7 4967 0
7 4968 1
7 4969 0
7 4970 1
7 4971 0
7 4972 0
7 4973 0
7 4974 1
7 4975 0
7 4976 1
7 4977 0
7 4978 0
7 4979 0
7 4980 1
7 4981 0
7 4982 1
7 4983 0
7 4984 0
7 4985 0
7 4986 0
7 4987 0
7 4988 0
7 4989 0
7 4990 0
7 4991 0
7 4992 1
7 4993 0
7 4994 1
7 4995 0
7 4996 0
7 4997 0
7 4998 1
7 4999 0
7 5000 1
7 5001 0
7 5002 0
7 5003 0
7 5004 1
7 5005 0
7 5006 1
7 5007 0
7 5008 0
7 5009 0
7 5010 0
7 5011 0
7 5012 0
7 5013 0
7 5014 0
7 5015 0
7 5016 0
7 5017 0
7 5018 0
7 5019 0
7 5020 0
7 5021 0
7 5022 0
7 5023 0
7 5024 0
7 5025 0
7 5026 0
7 5027 0
7 5028 0
7 5029 0
7 5030 0
7 5031 0
7 5032 0
7 5033 0
7 5034 0
7 5035 0
7 5036 0
7 5037 0
7 5038 0
7 5039 0
